token_contract_address,from_address,dest_address,value,transaction_hash,log_index,block_number,amount,block_timestamp,token_name,fee,symbol,nft_id,transaction_index,datetime
cxf61cd5a45dc9f91c15aa65831a30a90d59a09619,cx9345f80d6c98357ccbb70392b14162199c2c5f66,cxd82fb5d3effecd8c9071a4bba3856ad7222c4b91,0x329cf59e5f7b78eb,0xb6afb89b9d0dd51c508025e951eb12f4c81a6e8b718c8df3601dfa3902c7ad60,4,94226080,3.6470598588188246,1741132976050620,Balance Token,0.130187425,BALN,0,1,2025-03-05
cx2609b924e33ef00b648a409245c7ea394c467824,cx9345f80d6c98357ccbb70392b14162199c2c5f66,cxd82fb5d3effecd8c9071a4bba3856ad7222c4b91,0x37744b2d271c0f545,0xb6afb89b9d0dd51c508025e951eb12f4c81a6e8b718c8df3601dfa3902c7ad60,3,94226080,63.93442282697975,1741132976050620,Staked ICX,0.130187425,sICX,0,1,2025-03-05
cx88fd7df7ddff82f7cc735c871dc519838cb235bb,hx0000000000000000000000000000000000000000,cx5faae53c4dbd1fbe4a2eb4aab6565030f10da5c6,0x0,0xb6afb89b9d0dd51c508025e951eb12f4c81a6e8b718c8df3601dfa3902c7ad60,2,94226080,0.0,1741132976050620,Balanced Dollar,0.130187425,bnUSD,0,1,2025-03-05
cx88fd7df7ddff82f7cc735c871dc519838cb235bb,hx0000000000000000000000000000000000000000,cxd82fb5d3effecd8c9071a4bba3856ad7222c4b91,0x8d4a470d34872af8,0xb6afb89b9d0dd51c508025e951eb12f4c81a6e8b718c8df3601dfa3902c7ad60,1,94226080,10.181028029665848,1741132976050620,Balanced Dollar,0.130187425,bnUSD,0,1,2025-03-05
cx88fd7df7ddff82f7cc735c871dc519838cb235bb,hx6e259405b2b543be012d67b32137dba5dc11b9bb,cxd82fb5d3effecd8c9071a4bba3856ad7222c4b91,0x2a5af80d80f120f67,0xb6afb89b9d0dd51c508025e951eb12f4c81a6e8b718c8df3601dfa3902c7ad60,0,94226080,48.83239095005571,1741132976050620,Balanced Dollar,0.130187425,bnUSD,0,1,2025-03-05
cx88fd7df7ddff82f7cc735c871dc519838cb235bb,hx0000000000000000000000000000000000000000,cx5faae53c4dbd1fbe4a2eb4aab6565030f10da5c6,0x15a4829298f99ce,0x0a9674bdaf908ac98530a007fe59027daa12c998f57cdee072352200032ad314,3,94226073,0.09746968357002286,1741132961747897,Balanced Dollar,0.100680675,bnUSD,0,1,2025-03-05
cx88fd7df7ddff82f7cc735c871dc519838cb235bb,cx66d4d90f5f113eba575bf793570135f9b10cece1,hx6e259405b2b543be012d67b32137dba5dc11b9bb,0x2a454f0652c786707,0x0a9674bdaf908ac98530a007fe59027daa12c998f57cdee072352200032ad314,1,94226073,48.73484178501143,1741132961747897,Balanced Dollar,0.100680675,bnUSD,0,1,2025-03-05
cx88fd7df7ddff82f7cc735c871dc519838cb235bb,hx0000000000000000000000000000000000000000,cx66d4d90f5f113eba575bf793570135f9b10cece1,0x2a454f0652c786707,0x0a9674bdaf908ac98530a007fe59027daa12c998f57cdee072352200032ad314,0,94226073,48.73484178501143,1741132961747897,Balanced Dollar,0.100680675,bnUSD,0,1,2025-03-05
cx88fd7df7ddff82f7cc735c871dc519838cb235bb,cxa0af3165c08318e988cb30993b3048335b94af6c,cx5faae53c4dbd1fbe4a2eb4aab6565030f10da5c6,0x2a2997ee36d3f01,0x3ad628dcb64fb4c59507275ed695bb249c131888356efba0f62fdff004660b42,2,94226040,0.18988290456349877,1741132895755756,Balanced Dollar,0.04738525,bnUSD,0,1,2025-03-05
cx88fd7df7ddff82f7cc735c871dc519838cb235bb,cxa0af3165c08318e988cb30993b3048335b94af6c,hxd75467e3e4ce64e3424c747dfb71503017440433,0x6d8749b93abe4f5cd,0x3ad628dcb64fb4c59507275ed695bb249c131888356efba0f62fdff004660b42,1,94226040,126.27772691029459,1741132895755756,Balanced Dollar,0.04738525,bnUSD,0,1,2025-03-05
cx508002ec116fbf3ab406329c0df28e70d7e75fb3,hxd75467e3e4ce64e3424c747dfb71503017440433,cxa0af3165c08318e988cb30993b3048335b94af6c,0xba43b7400,0x3ad628dcb64fb4c59507275ed695bb249c131888356efba0f62fdff004660b42,0,94226040,50.0,1741132895755756,Sui,0.04738525,SUI,0,1,2025-03-05
cx88fd7df7ddff82f7cc735c871dc519838cb235bb,cxa0af3165c08318e988cb30993b3048335b94af6c,cx5faae53c4dbd1fbe4a2eb4aab6565030f10da5c6,0x2a355ef898c864b,0x6eeaf8e1f6c21dff2ef95bda3bd938a825b5c727f3ad7ebaf3262d14a47414fe,2,94226033,0.19009009657292553,1741132881708033,Balanced Dollar,0.04738525,bnUSD,0,1,2025-03-05
cx88fd7df7ddff82f7cc735c871dc519838cb235bb,cxa0af3165c08318e988cb30993b3048335b94af6c,hxd75467e3e4ce64e3424c747dfb71503017440433,0x6da5e44021f3bc91a,0x6eeaf8e1f6c21dff2ef95bda3bd938a825b5c727f3ad7ebaf3262d14a47414fe,1,94226033,126.41555336624104,1741132881708033,Balanced Dollar,0.04738525,bnUSD,0,1,2025-03-05
cx508002ec116fbf3ab406329c0df28e70d7e75fb3,hxd75467e3e4ce64e3424c747dfb71503017440433,cxa0af3165c08318e988cb30993b3048335b94af6c,0xba43b7400,0x6eeaf8e1f6c21dff2ef95bda3bd938a825b5c727f3ad7ebaf3262d14a47414fe,0,94226033,50.0,1741132881708033,Sui,0.04738525,SUI,0,1,2025-03-05
cx508002ec116fbf3ab406329c0df28e70d7e75fb3,cxa0af3165c08318e988cb30993b3048335b94af6c,hx0000000000000000000000000000000000000000,0x1605edc86,0x4f8197ba2512fa256bb82696d14dae27b6040b34fbb4998f93a023f8306853b7,4,94226031,5.91179687,1741132878326581,Sui,0.1157130875,SUI,0,1,2025-03-05
cx508002ec116fbf3ab406329c0df28e70d7e75fb3,hx0000000000000000000000000000000000000000,cxa0af3165c08318e988cb30993b3048335b94af6c,0x1605edc87,0x418ecd86b805e5457477d91e7f220082434d39383f33ec82e7c4570f94471866,1,94225906,5.911796871,1741132626343729,Sui,0.0317824375,SUI,0,1,2025-03-04
cx508002ec116fbf3ab406329c0df28e70d7e75fb3,cx21e94c08c03daee80c25d8ee3ea22a20786ec231,hx0000000000000000000000000000000000000000,0x25692ac46,0x19cb65a5781ba20323b68f0ec084e5008810a515f66a9038b4b51d7dfb394b47,17,94225861,10.042387526,1741132536425392,Sui,0.2607292875,SUI,0,1,2025-03-04
cx88fd7df7ddff82f7cc735c871dc519838cb235bb,cxa0af3165c08318e988cb30993b3048335b94af6c,cx5faae53c4dbd1fbe4a2eb4aab6565030f10da5c6,0x882e66c3bc8298,0x19cb65a5781ba20323b68f0ec084e5008810a515f66a9038b4b51d7dfb394b47,13,94225861,0.038331615738102426,1741132536425392,Balanced Dollar,0.2607292875,bnUSD,0,1,2025-03-04
cx508002ec116fbf3ab406329c0df28e70d7e75fb3,cxa0af3165c08318e988cb30993b3048335b94af6c,cx21e94c08c03daee80c25d8ee3ea22a20786ec231,0x25692ac46,0x19cb65a5781ba20323b68f0ec084e5008810a515f66a9038b4b51d7dfb394b47,12,94225861,10.042387526,1741132536425392,Sui,0.2607292875,SUI,0,1,2025-03-04
cx88fd7df7ddff82f7cc735c871dc519838cb235bb,cx21e94c08c03daee80c25d8ee3ea22a20786ec231,cxa0af3165c08318e988cb30993b3048335b94af6c,0x162a380f3103ec358,0x19cb65a5781ba20323b68f0ec084e5008810a515f66a9038b4b51d7dfb394b47,11,94225861,25.554410492068282,1741132536425392,Balanced Dollar,0.2607292875,bnUSD,0,1,2025-03-04
cx88fd7df7ddff82f7cc735c871dc519838cb235bb,cxa0af3165c08318e988cb30993b3048335b94af6c,cx5faae53c4dbd1fbe4a2eb4aab6565030f10da5c6,0x889644ca0b89e0,0x19cb65a5781ba20323b68f0ec084e5008810a515f66a9038b4b51d7dfb394b47,9,94225861,0.038445819024345566,1741132536425392,Balanced Dollar,0.2607292875,bnUSD,0,1,2025-03-04
cx88fd7df7ddff82f7cc735c871dc519838cb235bb,cxa0af3165c08318e988cb30993b3048335b94af6c,cx21e94c08c03daee80c25d8ee3ea22a20786ec231,0x162a380f3103ec358,0x19cb65a5781ba20323b68f0ec084e5008810a515f66a9038b4b51d7dfb394b47,8,94225861,25.554410492068282,1741132536425392,Balanced Dollar,0.2607292875,bnUSD,0,1,2025-03-04
cx2609b924e33ef00b648a409245c7ea394c467824,cx21e94c08c03daee80c25d8ee3ea22a20786ec231,cxa0af3165c08318e988cb30993b3048335b94af6c,0x9ac1138fb8af06049,0x19cb65a5781ba20323b68f0ec084e5008810a515f66a9038b4b51d7dfb394b47,7,94225861,178.4194505655326,1741132536425392,Staked ICX,0.2607292875,sICX,0,1,2025-03-04
cx2609b924e33ef00b648a409245c7ea394c467824,cxa0af3165c08318e988cb30993b3048335b94af6c,cx5faae53c4dbd1fbe4a2eb4aab6565030f10da5c6,0x3b9645730be2105,0x19cb65a5781ba20323b68f0ec084e5008810a515f66a9038b4b51d7dfb394b47,5,94225861,0.26835597844795417,1741132536425392,Staked ICX,0.2607292875,sICX,0,1,2025-03-04
cx2609b924e33ef00b648a409245c7ea394c467824,cxa0af3165c08318e988cb30993b3048335b94af6c,cx21e94c08c03daee80c25d8ee3ea22a20786ec231,0x9ac1138fb8af06049,0x19cb65a5781ba20323b68f0ec084e5008810a515f66a9038b4b51d7dfb394b47,4,94225861,178.4194505655326,1741132536425392,Staked ICX,0.2607292875,sICX,0,1,2025-03-04
cx518f64edcd35db9044a2de63fdc10abfd5f7d611,cx21e94c08c03daee80c25d8ee3ea22a20786ec231,cxa0af3165c08318e988cb30993b3048335b94af6c,0x339fe862,0x19cb65a5781ba20323b68f0ec084e5008810a515f66a9038b4b51d7dfb394b47,3,94225861,86.611773,1741132536425392,Stellar,0.2607292875,XLM,0,1,2025-03-04
cx518f64edcd35db9044a2de63fdc10abfd5f7d611,hx0000000000000000000000000000000000000000,cx21e94c08c03daee80c25d8ee3ea22a20786ec231,0x339fe862,0x19cb65a5781ba20323b68f0ec084e5008810a515f66a9038b4b51d7dfb394b47,1,94225861,86.611773,1741132536425392,Stellar,0.2607292875,XLM,0,1,2025-03-04
cx5f1cc357f2304fb2646e20211adbe137ab5852dd,hx9b451345a9f5c7afeaf2ff4bb9d1fb0f57a62e60,hx9b451345a9f5c7afeaf2ff4bb9d1fb0f57a62e60,0x0,0x1c40183d789820f0e1379d6bbcf567d6dde2ca52c57b7a4755342e5840953156,0,94225713,0.0,1741132240210527,unknown_token,0.003824875,$unknown,1,1,2025-03-04
cx4297f4b63262507623b6ad575d0d8dd2db980e4e,cx21e94c08c03daee80c25d8ee3ea22a20786ec231,hx2debd9ec927cca1639da8d3518dd9dbf1cdfb357,0x1a05473edf5b2b93b,0x5b5cbec155d06ced00a8290c36f6edec50c32348ccea691e44b624e0b7f3615c,5,94225703,29.99973048368829,1741132220204959,Injective,0.088385925,INJ,0,1,2025-03-04
cx88fd7df7ddff82f7cc735c871dc519838cb235bb,cxa0af3165c08318e988cb30993b3048335b94af6c,cx5faae53c4dbd1fbe4a2eb4aab6565030f10da5c6,0x6f2f21e44f311ac,0x5b5cbec155d06ced00a8290c36f6edec50c32348ccea691e44b624e0b7f3615c,3,94225703,0.5007287204112675,1741132220204959,Balanced Dollar,0.088385925,bnUSD,0,1,2025-03-04
cx4297f4b63262507623b6ad575d0d8dd2db980e4e,cxa0af3165c08318e988cb30993b3048335b94af6c,cx21e94c08c03daee80c25d8ee3ea22a20786ec231,0x1a05473edf5b2b93b,0x5b5cbec155d06ced00a8290c36f6edec50c32348ccea691e44b624e0b7f3615c,2,94225703,29.99973048368829,1741132220204959,Injective,0.088385925,INJ,0,1,2025-03-04
cx88fd7df7ddff82f7cc735c871dc519838cb235bb,cx21e94c08c03daee80c25d8ee3ea22a20786ec231,cxa0af3165c08318e988cb30993b3048335b94af6c,0x1218abd97e38fe0540,0x5b5cbec155d06ced00a8290c36f6edec50c32348ccea691e44b624e0b7f3615c,1,94225703,333.819146940845,1741132220204959,Balanced Dollar,0.088385925,bnUSD,0,1,2025-03-04
cx88fd7df7ddff82f7cc735c871dc519838cb235bb,hx2debd9ec927cca1639da8d3518dd9dbf1cdfb357,cx21e94c08c03daee80c25d8ee3ea22a20786ec231,0x1218abd97e38fe0540,0x5b5cbec155d06ced00a8290c36f6edec50c32348ccea691e44b624e0b7f3615c,0,94225703,333.819146940845,1741132220204959,Balanced Dollar,0.088385925,bnUSD,0,1,2025-03-04
cx518f64edcd35db9044a2de63fdc10abfd5f7d611,cxa0af3165c08318e988cb30993b3048335b94af6c,hx0000000000000000000000000000000000000000,0x202d0ecf,0xd57e2c7eeeb09e66102ae6604fd6764b224d3d383576989feba6f40fcb21eb7b,3,94225624,53.9823823,1741132062147659,Stellar,0.0668399875,XLM,0,1,2025-03-04
cx518f64edcd35db9044a2de63fdc10abfd5f7d611,hx0000000000000000000000000000000000000000,cxa0af3165c08318e988cb30993b3048335b94af6c,0x202d0ecf,0xc875a14c2f530636b8892ba512a8d0f5c4f469810afe97b1504e5aba620622db,1,94225558,53.9823823,1741131930106654,Stellar,0.0315861125,XLM,0,1,2025-03-04
cxf61cd5a45dc9f91c15aa65831a30a90d59a09619,cx10d59e8103ab44635190bd4139dbfd682fa2d07e,hxdf36c569368c483c4fbced3bdb2385f00e360a1b,0x3be74bb12f468655,0xcac6c9e0ac4c4a41efce2a8df4244acb9c52fe9ab7071805e99d50ef5f1f2318,3,94225526,4.3165019922323555,1741131866082511,Balance Token,0.091037575,BALN,0,1,2025-03-04
cx2609b924e33ef00b648a409245c7ea394c467824,cx10d59e8103ab44635190bd4139dbfd682fa2d07e,hxdf36c569368c483c4fbced3bdb2385f00e360a1b,0x985f1948fa8596ede,0xcac6c9e0ac4c4a41efce2a8df4244acb9c52fe9ab7071805e99d50ef5f1f2318,1,94225526,175.67235548454332,1741131866082511,Staked ICX,0.091037575,sICX,0,1,2025-03-04
cx518f64edcd35db9044a2de63fdc10abfd5f7d611,cx21e94c08c03daee80c25d8ee3ea22a20786ec231,hx0000000000000000000000000000000000000000,0x341849b5,0x238d6ecee48bcc0c46ff4f2fa9e12443a26ca37e4d4c952cb8c69cbce6788f32,17,94225474,87.4006965,1741131762047348,Stellar,0.2691228375,XLM,0,1,2025-03-04
cx2609b924e33ef00b648a409245c7ea394c467824,cxa0af3165c08318e988cb30993b3048335b94af6c,cx5faae53c4dbd1fbe4a2eb4aab6565030f10da5c6,0x3c53fdf0614ee1c,0x238d6ecee48bcc0c46ff4f2fa9e12443a26ca37e4d4c952cb8c69cbce6788f32,13,94225474,0.2716935796380749,1741131762047348,Staked ICX,0.2691228375,sICX,0,1,2025-03-04
cx518f64edcd35db9044a2de63fdc10abfd5f7d611,cxa0af3165c08318e988cb30993b3048335b94af6c,cx21e94c08c03daee80c25d8ee3ea22a20786ec231,0x341849b5,0x238d6ecee48bcc0c46ff4f2fa9e12443a26ca37e4d4c952cb8c69cbce6788f32,12,94225474,87.4006965,1741131762047348,Stellar,0.2691228375,XLM,0,1,2025-03-04
cx2609b924e33ef00b648a409245c7ea394c467824,cx21e94c08c03daee80c25d8ee3ea22a20786ec231,cxa0af3165c08318e988cb30993b3048335b94af6c,0x9d1abaa1fd6816a88,0x238d6ecee48bcc0c46ff4f2fa9e12443a26ca37e4d4c952cb8c69cbce6788f32,11,94225474,181.12905309204993,1741131762047348,Staked ICX,0.2691228375,sICX,0,1,2025-03-04
cx88fd7df7ddff82f7cc735c871dc519838cb235bb,cxa0af3165c08318e988cb30993b3048335b94af6c,cx5faae53c4dbd1fbe4a2eb4aab6565030f10da5c6,0x8b1522cdd21120,0x238d6ecee48bcc0c46ff4f2fa9e12443a26ca37e4d4c952cb8c69cbce6788f32,9,94225474,0.03914826098894877,1741131762047348,Balanced Dollar,0.2691228375,bnUSD,0,1,2025-03-04
cx2609b924e33ef00b648a409245c7ea394c467824,cxa0af3165c08318e988cb30993b3048335b94af6c,cx21e94c08c03daee80c25d8ee3ea22a20786ec231,0x9d1abaa1fd6816a88,0x238d6ecee48bcc0c46ff4f2fa9e12443a26ca37e4d4c952cb8c69cbce6788f32,8,94225474,181.12905309204993,1741131762047348,Staked ICX,0.2691228375,sICX,0,1,2025-03-04
cx88fd7df7ddff82f7cc735c871dc519838cb235bb,cx21e94c08c03daee80c25d8ee3ea22a20786ec231,cxa0af3165c08318e988cb30993b3048335b94af6c,0x16a31b54d530c9a4b,0x238d6ecee48bcc0c46ff4f2fa9e12443a26ca37e4d4c952cb8c69cbce6788f32,7,94225474,26.098840659299178,1741131762047348,Balanced Dollar,0.2691228375,bnUSD,0,1,2025-03-04
cx88fd7df7ddff82f7cc735c871dc519838cb235bb,cxa0af3165c08318e988cb30993b3048335b94af6c,cx5faae53c4dbd1fbe4a2eb4aab6565030f10da5c6,0x8b7b3b83459597,0x238d6ecee48bcc0c46ff4f2fa9e12443a26ca37e4d4c952cb8c69cbce6788f32,5,94225474,0.039260517298443674,1741131762047348,Balanced Dollar,0.2691228375,bnUSD,0,1,2025-03-04
cx88fd7df7ddff82f7cc735c871dc519838cb235bb,cxa0af3165c08318e988cb30993b3048335b94af6c,cx21e94c08c03daee80c25d8ee3ea22a20786ec231,0x16a31b54d530c9a4b,0x238d6ecee48bcc0c46ff4f2fa9e12443a26ca37e4d4c952cb8c69cbce6788f32,4,94225474,26.098840659299178,1741131762047348,Balanced Dollar,0.2691228375,bnUSD,0,1,2025-03-04
cx4297f4b63262507623b6ad575d0d8dd2db980e4e,cx21e94c08c03daee80c25d8ee3ea22a20786ec231,cxa0af3165c08318e988cb30993b3048335b94af6c,0x20ccd065f717d2c7,0x238d6ecee48bcc0c46ff4f2fa9e12443a26ca37e4d4c952cb8c69cbce6788f32,3,94225474,2.3634930408184758,1741131762047348,Injective,0.2691228375,INJ,0,1,2025-03-04
cx4297f4b63262507623b6ad575d0d8dd2db980e4e,hx0000000000000000000000000000000000000000,cx21e94c08c03daee80c25d8ee3ea22a20786ec231,0x20ccd065f717d2c7,0x238d6ecee48bcc0c46ff4f2fa9e12443a26ca37e4d4c952cb8c69cbce6788f32,1,94225474,2.3634930408184758,1741131762047348,Injective,0.2691228375,INJ,0,1,2025-03-04
cx5f1cc357f2304fb2646e20211adbe137ab5852dd,hx2142a5b85d3682b71a01eb80c7aee27980481e70,hx2142a5b85d3682b71a01eb80c7aee27980481e70,0x0,0x10b1c2f5df3584ff1bb6921405a64fe5a93377b7a73e5ee908e4d21167cda40c,0,94225471,0.0,1741131756098259,unknown_token,0.003824875,$unknown,1,2,2025-03-04
cx88fd7df7ddff82f7cc735c871dc519838cb235bb,cxa0af3165c08318e988cb30993b3048335b94af6c,cx5faae53c4dbd1fbe4a2eb4aab6565030f10da5c6,0xe7f74fdcdb540c,0x11b6839e8d27fb0afa10e00ac257993e6df81b6c899b65c07ea1d2dbaba33cee,2,94225430,0.06529264200000001,1741131674015523,Balanced Dollar,0.046050425,bnUSD,0,1,2025-03-04
cx65c9e3d4fea842e00add0d32a5b4c5e4e04c7a6b,cxa0af3165c08318e988cb30993b3048335b94af6c,hxd75467e3e4ce64e3424c747dfb71503017440433,0x120660b7,0x11b6839e8d27fb0afa10e00ac257993e6df81b6c899b65c07ea1d2dbaba33cee,1,94225430,0.302407863,1741131674015523,Solana,0.046050425,SOL,0,1,2025-03-04
cx88fd7df7ddff82f7cc735c871dc519838cb235bb,hxd75467e3e4ce64e3424c747dfb71503017440433,cxa0af3165c08318e988cb30993b3048335b94af6c,0x25c140aa47b2ae000,0x11b6839e8d27fb0afa10e00ac257993e6df81b6c899b65c07ea1d2dbaba33cee,0,94225430,43.528428000000005,1741131674015523,Balanced Dollar,0.046050425,bnUSD,0,1,2025-03-04
cx88fd7df7ddff82f7cc735c871dc519838cb235bb,cx203d9cd2a669be67177e997b8948ce2c35caffae,cx835b300dcfe01f0bdb794e134a0c5628384f4367,0xff3224608b0c9a3,0x64a17a432047f60d81780d7477fefc1bc5dbaae0698b145c307da87132c2d66a,6,94225352,1.1493000140984673,1741131517961214,Balanced Dollar,0.088156075,bnUSD,0,2,2025-03-04
cx88fd7df7ddff82f7cc735c871dc519838cb235bb,cx5faae53c4dbd1fbe4a2eb4aab6565030f10da5c6,cx203d9cd2a669be67177e997b8948ce2c35caffae,0x16c90c640c6a44a0,0x64a17a432047f60d81780d7477fefc1bc5dbaae0698b145c307da87132c2d66a,4,94225352,1.6418571629978103,1741131517961214,Balanced Dollar,0.088156075,bnUSD,0,2,2025-03-04
cx88fd7df7ddff82f7cc735c871dc519838cb235bb,cx5faae53c4dbd1fbe4a2eb4aab6565030f10da5c6,cxdc30a0d3a1f131565c071272a20bc0b06fd4c17b,0x16c90c640c6a44a0,0x64a17a432047f60d81780d7477fefc1bc5dbaae0698b145c307da87132c2d66a,3,94225352,1.6418571629978103,1741131517961214,Balanced Dollar,0.088156075,bnUSD,0,2,2025-03-04
cx88fd7df7ddff82f7cc735c871dc519838cb235bb,cxa0af3165c08318e988cb30993b3048335b94af6c,cx5faae53c4dbd1fbe4a2eb4aab6565030f10da5c6,0xe7d69a57697bf3,0x64a17a432047f60d81780d7477fefc1bc5dbaae0698b145c307da87132c2d66a,2,94225352,0.06525667799999998,1741131517961214,Balanced Dollar,0.088156075,bnUSD,0,2,2025-03-04
cx65c9e3d4fea842e00add0d32a5b4c5e4e04c7a6b,cxa0af3165c08318e988cb30993b3048335b94af6c,hxd75467e3e4ce64e3424c747dfb71503017440433,0x12066022,0x64a17a432047f60d81780d7477fefc1bc5dbaae0698b145c307da87132c2d66a,1,94225352,0.302407714,1741131517961214,Solana,0.088156075,SOL,0,2,2025-03-04
cx88fd7df7ddff82f7cc735c871dc519838cb235bb,hxd75467e3e4ce64e3424c747dfb71503017440433,cxa0af3165c08318e988cb30993b3048335b94af6c,0x25bbedc98f8082000,0x64a17a432047f60d81780d7477fefc1bc5dbaae0698b145c307da87132c2d66a,0,94225352,43.50445199999999,1741131517961214,Balanced Dollar,0.088156075,bnUSD,0,2,2025-03-04
cx5f1cc357f2304fb2646e20211adbe137ab5852dd,hx2142a5b85d3682b71a01eb80c7aee27980481e70,hx2142a5b85d3682b71a01eb80c7aee27980481e70,0x0,0x1a90a98078dbc53097310e3b6cc43c84b29d3de4c8d4e8f6a3fc7efa51cd578e,0,94225352,0.0,1741131517961214,unknown_token,0.003824875,$unknown,1,1,2025-03-04
cx2609b924e33ef00b648a409245c7ea394c467824,cxa0af3165c08318e988cb30993b3048335b94af6c,hxe76a8703a40e86a119a1e1e5a392afa628d94923,0x1,0x85697a13f504bf57b1873ec2122d12bd7ca78fdac2b95e73b7005b49fd1706bf,4,94225210,1e-18,1741131233853137,Staked ICX,0.1060963,sICX,0,6,2025-03-04
cx2609b924e33ef00b648a409245c7ea394c467824,hxe76a8703a40e86a119a1e1e5a392afa628d94923,cxa0af3165c08318e988cb30993b3048335b94af6c,0x103f802680fa4a9a33,0xe80e835f083e34c0f40730cfca9fdf27ea10b11e916a9ff5efb7024e4c8158ad,1,94225202,299.7236047361581,1741131217842051,Staked ICX,0.0935496,sICX,0,2,2025-03-04
cx3975b43d260fb8ec802cef6e60c2f4d07486f11d,hxe76a8703a40e86a119a1e1e5a392afa628d94923,cxa0af3165c08318e988cb30993b3048335b94af6c,0x158374179555a59c1e,0xbe9db54e09f22e2bb7091871b40fef64ee5ffea74144558c24da08746d33088d,1,94225200,396.8538473943221,1741131214045461,Wrapped ICX,0.0165693375,wICX,0,4,2025-03-04
cx3975b43d260fb8ec802cef6e60c2f4d07486f11d,hx0000000000000000000000000000000000000000,hxe76a8703a40e86a119a1e1e5a392afa628d94923,0x158374179555a59c1e,0xbe9db54e09f22e2bb7091871b40fef64ee5ffea74144558c24da08746d33088d,0,94225200,396.8538473943221,1741131214045461,Wrapped ICX,0.0165693375,wICX,0,4,2025-03-04
cx3975b43d260fb8ec802cef6e60c2f4d07486f11d,hxe76a8703a40e86a119a1e1e5a392afa628d94923,hx0000000000000000000000000000000000000000,0x1007b160f7a346d6f,0x7e995ff7e190e5bc32ef395724b908ef1b29cb1a915c6bdbc6d3f2f464199ab4,7,94225181,18.481389751575538,1741131175822246,Wrapped ICX,0.15390275,wICX,0,1,2025-03-04
cx3975b43d260fb8ec802cef6e60c2f4d07486f11d,cx21e94c08c03daee80c25d8ee3ea22a20786ec231,hxe76a8703a40e86a119a1e1e5a392afa628d94923,0x1007b160f7a346d6f,0x7e995ff7e190e5bc32ef395724b908ef1b29cb1a915c6bdbc6d3f2f464199ab4,6,94225181,18.481389751575538,1741131175822246,Wrapped ICX,0.15390275,wICX,0,1,2025-03-04
cx2609b924e33ef00b648a409245c7ea394c467824,cxa0af3165c08318e988cb30993b3048335b94af6c,cx5faae53c4dbd1fbe4a2eb4aab6565030f10da5c6,0x4a9b6384488000,0x7e995ff7e190e5bc32ef395724b908ef1b29cb1a915c6bdbc6d3f2f464199ab4,4,94225181,0.021,1741131175822246,Staked ICX,0.15390275,sICX,0,1,2025-03-04
cx3975b43d260fb8ec802cef6e60c2f4d07486f11d,cxa0af3165c08318e988cb30993b3048335b94af6c,cx21e94c08c03daee80c25d8ee3ea22a20786ec231,0x1007b160f7a346d6f,0x7e995ff7e190e5bc32ef395724b908ef1b29cb1a915c6bdbc6d3f2f464199ab4,3,94225181,18.481389751575538,1741131175822246,Wrapped ICX,0.15390275,wICX,0,1,2025-03-04
cx2609b924e33ef00b648a409245c7ea394c467824,cx21e94c08c03daee80c25d8ee3ea22a20786ec231,cxa0af3165c08318e988cb30993b3048335b94af6c,0xc249fdd327780000,0x7e995ff7e190e5bc32ef395724b908ef1b29cb1a915c6bdbc6d3f2f464199ab4,2,94225181,14.0,1741131175822246,Staked ICX,0.15390275,sICX,0,1,2025-03-04
cx2609b924e33ef00b648a409245c7ea394c467824,hxe76a8703a40e86a119a1e1e5a392afa628d94923,cx21e94c08c03daee80c25d8ee3ea22a20786ec231,0xc249fdd327780000,0x7e995ff7e190e5bc32ef395724b908ef1b29cb1a915c6bdbc6d3f2f464199ab4,1,94225181,14.0,1741131175822246,Staked ICX,0.15390275,sICX,0,1,2025-03-04
cx3975b43d260fb8ec802cef6e60c2f4d07486f11d,hxe76a8703a40e86a119a1e1e5a392afa628d94923,hx0000000000000000000000000000000000000000,0x16e67a13618ce26d0,0x35cdc75c2f35df6ebb3f90c7803c8603c23fa0f5b462938060d218d09d427062,7,94225163,26.402248594199293,1741131139812220,Wrapped ICX,0.153917375,wICX,0,1,2025-03-04
cx3975b43d260fb8ec802cef6e60c2f4d07486f11d,cx21e94c08c03daee80c25d8ee3ea22a20786ec231,hxe76a8703a40e86a119a1e1e5a392afa628d94923,0x16e67a13618ce26d0,0x35cdc75c2f35df6ebb3f90c7803c8603c23fa0f5b462938060d218d09d427062,6,94225163,26.402248594199293,1741131139812220,Wrapped ICX,0.153917375,wICX,0,1,2025-03-04
cx2609b924e33ef00b648a409245c7ea394c467824,cxa0af3165c08318e988cb30993b3048335b94af6c,cx5faae53c4dbd1fbe4a2eb4aab6565030f10da5c6,0x6a94d74f430000,0x35cdc75c2f35df6ebb3f90c7803c8603c23fa0f5b462938060d218d09d427062,4,94225163,0.03,1741131139812220,Staked ICX,0.153917375,sICX,0,1,2025-03-04
cx3975b43d260fb8ec802cef6e60c2f4d07486f11d,cxa0af3165c08318e988cb30993b3048335b94af6c,cx21e94c08c03daee80c25d8ee3ea22a20786ec231,0x16e67a13618ce26d0,0x35cdc75c2f35df6ebb3f90c7803c8603c23fa0f5b462938060d218d09d427062,3,94225163,26.402248594199293,1741131139812220,Wrapped ICX,0.153917375,wICX,0,1,2025-03-04
cx2609b924e33ef00b648a409245c7ea394c467824,cx21e94c08c03daee80c25d8ee3ea22a20786ec231,cxa0af3165c08318e988cb30993b3048335b94af6c,0x1158e460913d00000,0x35cdc75c2f35df6ebb3f90c7803c8603c23fa0f5b462938060d218d09d427062,2,94225163,20.0,1741131139812220,Staked ICX,0.153917375,sICX,0,1,2025-03-04
cx2609b924e33ef00b648a409245c7ea394c467824,hxe76a8703a40e86a119a1e1e5a392afa628d94923,cx21e94c08c03daee80c25d8ee3ea22a20786ec231,0x1158e460913d00000,0x35cdc75c2f35df6ebb3f90c7803c8603c23fa0f5b462938060d218d09d427062,1,94225163,20.0,1741131139812220,Staked ICX,0.153917375,sICX,0,1,2025-03-04
cx3975b43d260fb8ec802cef6e60c2f4d07486f11d,hxe76a8703a40e86a119a1e1e5a392afa628d94923,hx0000000000000000000000000000000000000000,0xabc2c4f7055549173,0xa0a2316209bf0cb41f9cb65b371311e38ed4539b2995a80a7f8402cd9458bcc9,14,94225144,198.02674065908778,1741131101973366,Wrapped ICX,0.3530367875,wICX,0,1,2025-03-04
cx3975b43d260fb8ec802cef6e60c2f4d07486f11d,cx21e94c08c03daee80c25d8ee3ea22a20786ec231,hxe76a8703a40e86a119a1e1e5a392afa628d94923,0xabc2c4f7055549173,0xa0a2316209bf0cb41f9cb65b371311e38ed4539b2995a80a7f8402cd9458bcc9,13,94225144,198.02674065908778,1741131101973366,Wrapped ICX,0.3530367875,wICX,0,1,2025-03-04
cx2609b924e33ef00b648a409245c7ea394c467824,cx203d9cd2a669be67177e997b8948ce2c35caffae,cx835b300dcfe01f0bdb794e134a0c5628384f4367,0x9c4a89dae8ce2a93,0xa0a2316209bf0cb41f9cb65b371311e38ed4539b2995a80a7f8402cd9458bcc9,10,94225144,11.261965391495048,1741131101973366,Staked ICX,0.3530367875,sICX,0,1,2025-03-04
cx2609b924e33ef00b648a409245c7ea394c467824,cx5faae53c4dbd1fbe4a2eb4aab6565030f10da5c6,cx203d9cd2a669be67177e997b8948ce2c35caffae,0xdf45e981dedd6165,0xa0a2316209bf0cb41f9cb65b371311e38ed4539b2995a80a7f8402cd9458bcc9,7,94225144,16.08852198785007,1741131101973366,Staked ICX,0.3530367875,sICX,0,1,2025-03-04
cx2609b924e33ef00b648a409245c7ea394c467824,cx5faae53c4dbd1fbe4a2eb4aab6565030f10da5c6,cxdc30a0d3a1f131565c071272a20bc0b06fd4c17b,0xdf45e981dedd6164,0xa0a2316209bf0cb41f9cb65b371311e38ed4539b2995a80a7f8402cd9458bcc9,5,94225144,16.08852198785007,1741131101973366,Staked ICX,0.3530367875,sICX,0,1,2025-03-04
cx2609b924e33ef00b648a409245c7ea394c467824,cxa0af3165c08318e988cb30993b3048335b94af6c,cx5faae53c4dbd1fbe4a2eb4aab6565030f10da5c6,0x31f5c4ed2768000,0xa0a2316209bf0cb41f9cb65b371311e38ed4539b2995a80a7f8402cd9458bcc9,4,94225144,0.225,1741131101973366,Staked ICX,0.3530367875,sICX,0,1,2025-03-04
cx3975b43d260fb8ec802cef6e60c2f4d07486f11d,cxa0af3165c08318e988cb30993b3048335b94af6c,cx21e94c08c03daee80c25d8ee3ea22a20786ec231,0xabc2c4f7055549173,0xa0a2316209bf0cb41f9cb65b371311e38ed4539b2995a80a7f8402cd9458bcc9,3,94225144,198.02674065908778,1741131101973366,Wrapped ICX,0.3530367875,wICX,0,1,2025-03-04
cx2609b924e33ef00b648a409245c7ea394c467824,cx21e94c08c03daee80c25d8ee3ea22a20786ec231,cxa0af3165c08318e988cb30993b3048335b94af6c,0x821ab0d4414980000,0xa0a2316209bf0cb41f9cb65b371311e38ed4539b2995a80a7f8402cd9458bcc9,2,94225144,150.0,1741131101973366,Staked ICX,0.3530367875,sICX,0,1,2025-03-04
cx2609b924e33ef00b648a409245c7ea394c467824,hxe76a8703a40e86a119a1e1e5a392afa628d94923,cx21e94c08c03daee80c25d8ee3ea22a20786ec231,0x821ab0d4414980000,0xa0a2316209bf0cb41f9cb65b371311e38ed4539b2995a80a7f8402cd9458bcc9,1,94225144,150.0,1741131101973366,Staked ICX,0.3530367875,sICX,0,1,2025-03-04
cxf61cd5a45dc9f91c15aa65831a30a90d59a09619,cx10d59e8103ab44635190bd4139dbfd682fa2d07e,hxe76a8703a40e86a119a1e1e5a392afa628d94923,0xa3d961f2822ebf19,0xe14f4a6fd043d0ad49dc6ad1d1144c4069f6ffd87d31e24c9c2558f2f23dfe62,4,94225123,11.806575592322547,1741131059782700,Balance Token,0.1346020875,BALN,0,1,2025-03-04
cx2609b924e33ef00b648a409245c7ea394c467824,cx10d59e8103ab44635190bd4139dbfd682fa2d07e,hxe76a8703a40e86a119a1e1e5a392afa628d94923,0x1a390377a14a2a9a32,0xe14f4a6fd043d0ad49dc6ad1d1144c4069f6ffd87d31e24c9c2558f2f23dfe62,2,94225123,483.7236047361581,1741131059782700,Staked ICX,0.1346020875,sICX,0,1,2025-03-04
cx4297f4b63262507623b6ad575d0d8dd2db980e4e,cxa0af3165c08318e988cb30993b3048335b94af6c,hx0000000000000000000000000000000000000000,0x1c0316e41e49c39d,0x2737e5473aa179c93260086e1df11901afcd5389230ef2d22c3a8f711b028f64,4,94225036,2.0184822270086196,1741130885852435,Injective,0.111322775,INJ,0,1,2025-03-04
cx88fd7df7ddff82f7cc735c871dc519838cb235bb,cxa0af3165c08318e988cb30993b3048335b94af6c,cx5faae53c4dbd1fbe4a2eb4aab6565030f10da5c6,0x1ab3ac8881826df,0x15d4d94dbdfbfb197a88291f2559ab06ae5a06b5973cde32be91151d7cc77911,2,94224891,0.12025444800660451,1741130595619542,Balanced Dollar,0.0569099625,bnUSD,0,1,2025-03-04
cx88fd7df7ddff82f7cc735c871dc519838cb235bb,cxa0af3165c08318e988cb30993b3048335b94af6c,hxd75467e3e4ce64e3424c747dfb71503017440433,0x4559a9a576e491266,0x15d4d94dbdfbfb197a88291f2559ab06ae5a06b5973cde32be91151d7cc77911,1,94224891,79.95538863477864,1741130595619542,Balanced Dollar,0.0569099625,bnUSD,0,1,2025-03-04
cx66a031cc3bd305c76371fb586e93801b948254f0,hxd75467e3e4ce64e3424c747dfb71503017440433,cxa0af3165c08318e988cb30993b3048335b94af6c,0x3782dace9d900000,0x15d4d94dbdfbfb197a88291f2559ab06ae5a06b5973cde32be91151d7cc77911,0,94224891,4.0,1741130595619542,Avalanche,0.0569099625,AVAX,0,1,2025-03-04
cx88fd7df7ddff82f7cc735c871dc519838cb235bb,cx21e94c08c03daee80c25d8ee3ea22a20786ec231,hx2debd9ec927cca1639da8d3518dd9dbf1cdfb357,0x17502ba06f4e4cce89,0xa5a66d84378fa1a5fa24c8d67c1e1e8b2ddac4b56a30782e17ee0796d635979d,5,94224888,430.05200104226793,1741130589617614,Balanced Dollar,0.0787010875,bnUSD,0,1,2025-03-04
cx88fd7df7ddff82f7cc735c871dc519838cb235bb,cxa0af3165c08318e988cb30993b3048335b94af6c,cx5faae53c4dbd1fbe4a2eb4aab6565030f10da5c6,0x8f4674de284943d,0xa5a66d84378fa1a5fa24c8d67c1e1e8b2ddac4b56a30782e17ee0796d635979d,3,94224888,0.6452542308313058,1741130589617614,Balanced Dollar,0.0787010875,bnUSD,0,1,2025-03-04
cx88fd7df7ddff82f7cc735c871dc519838cb235bb,cxa0af3165c08318e988cb30993b3048335b94af6c,cx21e94c08c03daee80c25d8ee3ea22a20786ec231,0x17502ba06f4e4cce89,0xa5a66d84378fa1a5fa24c8d67c1e1e8b2ddac4b56a30782e17ee0796d635979d,2,94224888,430.05200104226793,1741130589617614,Balanced Dollar,0.0787010875,bnUSD,0,1,2025-03-04
cx65c9e3d4fea842e00add0d32a5b4c5e4e04c7a6b,cx21e94c08c03daee80c25d8ee3ea22a20786ec231,cxa0af3165c08318e988cb30993b3048335b94af6c,0xb2d05e00,0xa5a66d84378fa1a5fa24c8d67c1e1e8b2ddac4b56a30782e17ee0796d635979d,1,94224888,3.0,1741130589617614,Solana,0.0787010875,SOL,0,1,2025-03-04
cx65c9e3d4fea842e00add0d32a5b4c5e4e04c7a6b,hx2debd9ec927cca1639da8d3518dd9dbf1cdfb357,cx21e94c08c03daee80c25d8ee3ea22a20786ec231,0xb2d05e00,0xa5a66d84378fa1a5fa24c8d67c1e1e8b2ddac4b56a30782e17ee0796d635979d,0,94224888,3.0,1741130589617614,Solana,0.0787010875,SOL,0,1,2025-03-04
cx88fd7df7ddff82f7cc735c871dc519838cb235bb,cxa0af3165c08318e988cb30993b3048335b94af6c,cx5faae53c4dbd1fbe4a2eb4aab6565030f10da5c6,0x1ab829f377353cd,0xeef7568d77e1a9c659aeba89bb6dfd09bbd7f7c1dadd8e9c80983e167bd6b85a,2,94224879,0.12033343539716602,1741130571612175,Balanced Dollar,0.0569099625,bnUSD,0,1,2025-03-04
cx88fd7df7ddff82f7cc735c871dc519838cb235bb,cxa0af3165c08318e988cb30993b3048335b94af6c,hxd75467e3e4ce64e3424c747dfb71503017440433,0x45655369f1cc28153,0xeef7568d77e1a9c659aeba89bb6dfd09bbd7f7c1dadd8e9c80983e167bd6b85a,1,94224879,80.00791481213062,1741130571612175,Balanced Dollar,0.0569099625,bnUSD,0,1,2025-03-04
cx66a031cc3bd305c76371fb586e93801b948254f0,hxd75467e3e4ce64e3424c747dfb71503017440433,cxa0af3165c08318e988cb30993b3048335b94af6c,0x3782dace9d900000,0xeef7568d77e1a9c659aeba89bb6dfd09bbd7f7c1dadd8e9c80983e167bd6b85a,0,94224879,4.0,1741130571612175,Avalanche,0.0569099625,AVAX,0,1,2025-03-04
cx88fd7df7ddff82f7cc735c871dc519838cb235bb,cxa0af3165c08318e988cb30993b3048335b94af6c,cx5faae53c4dbd1fbe4a2eb4aab6565030f10da5c6,0x1abca88081479c6,0x57cd004ab91f2cbed827c1bb11c6cda473de462b59954b1c00e3767a4ae4a50c,2,94224869,0.12041250065537275,1741130551789084,Balanced Dollar,0.0569099625,bnUSD,0,1,2025-03-04
cx88fd7df7ddff82f7cc735c871dc519838cb235bb,cxa0af3165c08318e988cb30993b3048335b94af6c,hxd75467e3e4ce64e3424c747dfb71503017440433,0x4571002011c3d5880,0x57cd004ab91f2cbed827c1bb11c6cda473de462b59954b1c00e3767a4ae4a50c,1,94224869,80.06049277955731,1741130551789084,Balanced Dollar,0.0569099625,bnUSD,0,1,2025-03-04
cx66a031cc3bd305c76371fb586e93801b948254f0,hxd75467e3e4ce64e3424c747dfb71503017440433,cxa0af3165c08318e988cb30993b3048335b94af6c,0x3782dace9d900000,0x57cd004ab91f2cbed827c1bb11c6cda473de462b59954b1c00e3767a4ae4a50c,0,94224869,4.0,1741130551789084,Avalanche,0.0569099625,AVAX,0,1,2025-03-04
cx88fd7df7ddff82f7cc735c871dc519838cb235bb,cxa0af3165c08318e988cb30993b3048335b94af6c,cx5faae53c4dbd1fbe4a2eb4aab6565030f10da5c6,0x1ac12830016119d,0x0ceb38cb3b4878a436fdd3513444b2686fc2b73a1cfb76017ec2b1a947114152,2,94224849,0.12049164388362281,1741130511588880,Balanced Dollar,0.0569099625,bnUSD,0,2,2025-03-04
cx88fd7df7ddff82f7cc735c871dc519838cb235bb,cxa0af3165c08318e988cb30993b3048335b94af6c,hxd75467e3e4ce64e3424c747dfb71503017440433,0x457cafc8d48cae42a,0x0ceb38cb3b4878a436fdd3513444b2686fc2b73a1cfb76017ec2b1a947114152,1,94224849,80.11312260517533,1741130511588880,Balanced Dollar,0.0569099625,bnUSD,0,2,2025-03-04
cx66a031cc3bd305c76371fb586e93801b948254f0,hxd75467e3e4ce64e3424c747dfb71503017440433,cxa0af3165c08318e988cb30993b3048335b94af6c,0x3782dace9d900000,0x0ceb38cb3b4878a436fdd3513444b2686fc2b73a1cfb76017ec2b1a947114152,0,94224849,4.0,1741130511588880,Avalanche,0.0569099625,AVAX,0,2,2025-03-04
cx88fd7df7ddff82f7cc735c871dc519838cb235bb,cxa0af3165c08318e988cb30993b3048335b94af6c,cx5faae53c4dbd1fbe4a2eb4aab6565030f10da5c6,0x2a3ecb15d1dc53b,0xf60c84a4c72791403335b7ef5bbc1734fb4ab0fb77c1e1663aedea329a3367a5,2,94224845,0.19025585579529145,1741130503727915,Balanced Dollar,0.04738525,bnUSD,0,1,2025-03-04
cx88fd7df7ddff82f7cc735c871dc519838cb235bb,cxa0af3165c08318e988cb30993b3048335b94af6c,hxd75467e3e4ce64e3424c747dfb71503017440433,0x6dbe60166b24648d6,0xf60c84a4c72791403335b7ef5bbc1734fb4ab0fb77c1e1663aedea329a3367a5,1,94224845,126.52581832179622,1741130503727915,Balanced Dollar,0.04738525,bnUSD,0,1,2025-03-04
cx508002ec116fbf3ab406329c0df28e70d7e75fb3,hxd75467e3e4ce64e3424c747dfb71503017440433,cxa0af3165c08318e988cb30993b3048335b94af6c,0xba43b7400,0xf60c84a4c72791403335b7ef5bbc1734fb4ab0fb77c1e1663aedea329a3367a5,0,94224845,50.0,1741130503727915,Sui,0.04738525,SUI,0,1,2025-03-04
cx88fd7df7ddff82f7cc735c871dc519838cb235bb,cxa0af3165c08318e988cb30993b3048335b94af6c,cx5faae53c4dbd1fbe4a2eb4aab6565030f10da5c6,0x2a4a9b04a3a9ac0,0xbd3c189bf5ae8750a3f012a0513e8af1339f1ddac3e1005b95f978dd73f64134,2,94224834,0.19046365888109637,1741130481579308,Balanced Dollar,0.04738525,bnUSD,0,1,2025-03-04
cx88fd7df7ddff82f7cc735c871dc519838cb235bb,cxa0af3165c08318e988cb30993b3048335b94af6c,hxd75467e3e4ce64e3424c747dfb71503017440433,0x6ddd11ba3865df394,0xbd3c189bf5ae8750a3f012a0513e8af1339f1ddac3e1005b95f978dd73f64134,1,94224834,126.66405138391984,1741130481579308,Balanced Dollar,0.04738525,bnUSD,0,1,2025-03-04
cx508002ec116fbf3ab406329c0df28e70d7e75fb3,hxd75467e3e4ce64e3424c747dfb71503017440433,cxa0af3165c08318e988cb30993b3048335b94af6c,0xba43b7400,0xbd3c189bf5ae8750a3f012a0513e8af1339f1ddac3e1005b95f978dd73f64134,0,94224834,50.0,1741130481579308,Sui,0.04738525,SUI,0,1,2025-03-04
cx88fd7df7ddff82f7cc735c871dc519838cb235bb,cx21e94c08c03daee80c25d8ee3ea22a20786ec231,hx2debd9ec927cca1639da8d3518dd9dbf1cdfb357,0x11fe452554cdb758c0,0x8d4f12701392bdfdc7f87ae0b4551af13cb7b5f0ff137c9d26157a4371b4c2cf,5,94224833,331.91674095824794,1741130479577700,Balanced Dollar,0.088410925,bnUSD,0,1,2025-03-04
cx88fd7df7ddff82f7cc735c871dc519838cb235bb,cxa0af3165c08318e988cb30993b3048335b94af6c,cx5faae53c4dbd1fbe4a2eb4aab6565030f10da5c6,0x6eaf3a735d3209b,0x8d4f12701392bdfdc7f87ae0b4551af13cb7b5f0ff137c9d26157a4371b4c2cf,3,94224833,0.498478608265978,1741130479577700,Balanced Dollar,0.088410925,bnUSD,0,1,2025-03-04
cx88fd7df7ddff82f7cc735c871dc519838cb235bb,cxa0af3165c08318e988cb30993b3048335b94af6c,cx21e94c08c03daee80c25d8ee3ea22a20786ec231,0x11fe452554cdb758c0,0x8d4f12701392bdfdc7f87ae0b4551af13cb7b5f0ff137c9d26157a4371b4c2cf,2,94224833,331.91674095824794,1741130479577700,Balanced Dollar,0.088410925,bnUSD,0,1,2025-03-04
cx4297f4b63262507623b6ad575d0d8dd2db980e4e,cx21e94c08c03daee80c25d8ee3ea22a20786ec231,cxa0af3165c08318e988cb30993b3048335b94af6c,0x1a055690d9db80000,0x8d4f12701392bdfdc7f87ae0b4551af13cb7b5f0ff137c9d26157a4371b4c2cf,1,94224833,30.0,1741130479577700,Injective,0.088410925,INJ,0,1,2025-03-04
cx4297f4b63262507623b6ad575d0d8dd2db980e4e,hx2debd9ec927cca1639da8d3518dd9dbf1cdfb357,cx21e94c08c03daee80c25d8ee3ea22a20786ec231,0x1a055690d9db80000,0x8d4f12701392bdfdc7f87ae0b4551af13cb7b5f0ff137c9d26157a4371b4c2cf,0,94224833,30.0,1741130479577700,Injective,0.088410925,INJ,0,1,2025-03-04
cx88fd7df7ddff82f7cc735c871dc519838cb235bb,cx21e94c08c03daee80c25d8ee3ea22a20786ec231,hx2debd9ec927cca1639da8d3518dd9dbf1cdfb357,0x19c8515f619afa898f,0x1b75d7511b3ac67898ac7342f1d6b1a726fd8ff59d6a7e61a9c39dc90867590c,5,94224828,475.60302499625453,1741130469573869,Balanced Dollar,0.0885101125,bnUSD,0,1,2025-03-04
cx88fd7df7ddff82f7cc735c871dc519838cb235bb,cxa0af3165c08318e988cb30993b3048335b94af6c,cx5faae53c4dbd1fbe4a2eb4aab6565030f10da5c6,0x9eb76c3cf89a466,0x1b75d7511b3ac67898ac7342f1d6b1a726fd8ff59d6a7e61a9c39dc90867590c,3,94224828,0.7147955492409601,1741130469573869,Balanced Dollar,0.0885101125,bnUSD,0,1,2025-03-04
cx88fd7df7ddff82f7cc735c871dc519838cb235bb,cxa0af3165c08318e988cb30993b3048335b94af6c,cx21e94c08c03daee80c25d8ee3ea22a20786ec231,0x19c8515f619afa898f,0x1b75d7511b3ac67898ac7342f1d6b1a726fd8ff59d6a7e61a9c39dc90867590c,2,94224828,475.60302499625453,1741130469573869,Balanced Dollar,0.0885101125,bnUSD,0,1,2025-03-04
cx288d13e1b63563459a2ac6179f237711f6851cb5,cx21e94c08c03daee80c25d8ee3ea22a20786ec231,cxa0af3165c08318e988cb30993b3048335b94af6c,0x30d98d59a960000,0x1b75d7511b3ac67898ac7342f1d6b1a726fd8ff59d6a7e61a9c39dc90867590c,1,94224828,0.22,1741130469573869,Ethereum,0.0885101125,ETH,0,1,2025-03-04
cx288d13e1b63563459a2ac6179f237711f6851cb5,hx2debd9ec927cca1639da8d3518dd9dbf1cdfb357,cx21e94c08c03daee80c25d8ee3ea22a20786ec231,0x30d98d59a960000,0x1b75d7511b3ac67898ac7342f1d6b1a726fd8ff59d6a7e61a9c39dc90867590c,0,94224828,0.22,1741130469573869,Ethereum,0.0885101125,ETH,0,1,2025-03-04
cx88fd7df7ddff82f7cc735c871dc519838cb235bb,cxa0af3165c08318e988cb30993b3048335b94af6c,cx5faae53c4dbd1fbe4a2eb4aab6565030f10da5c6,0x1ac5a90259525ec,0x52f3640b18d2aeeb7d12ceabfb5fb756935309b38bb5a5d15df622dbf969e8aa,2,94224825,0.12057086518448279,1741130463771183,Balanced Dollar,0.0569099625,bnUSD,0,1,2025-03-04
cx88fd7df7ddff82f7cc735c871dc519838cb235bb,cxa0af3165c08318e988cb30993b3048335b94af6c,hxd75467e3e4ce64e3424c747dfb71503017440433,0x4588626538529ecc1,0x52f3640b18d2aeeb7d12ceabfb5fb756935309b38bb5a5d15df622dbf969e8aa,1,94224825,80.16580435721335,1741130463771183,Balanced Dollar,0.0569099625,bnUSD,0,1,2025-03-04
cx66a031cc3bd305c76371fb586e93801b948254f0,hxd75467e3e4ce64e3424c747dfb71503017440433,cxa0af3165c08318e988cb30993b3048335b94af6c,0x3782dace9d900000,0x52f3640b18d2aeeb7d12ceabfb5fb756935309b38bb5a5d15df622dbf969e8aa,0,94224825,4.0,1741130463771183,Avalanche,0.0569099625,AVAX,0,1,2025-03-04
cx88fd7df7ddff82f7cc735c871dc519838cb235bb,cxa0af3165c08318e988cb30993b3048335b94af6c,cx5faae53c4dbd1fbe4a2eb4aab6565030f10da5c6,0xecf95a24b08692,0x9eac86684bd220857b7b2da8234ddd29d1972cd7d83c2726283a9f3e0b93b661,2,94224821,0.06670226006163624,1741130455626901,Balanced Dollar,0.056943025,bnUSD,0,1,2025-03-04
cx88fd7df7ddff82f7cc735c871dc519838cb235bb,cxa0af3165c08318e988cb30993b3048335b94af6c,hxd75467e3e4ce64e3424c747dfb71503017440433,0x2676a7090a66a5105,0x9eac86684bd220857b7b2da8234ddd29d1972cd7d83c2726283a9f3e0b93b661,1,94224821,44.3453804474266,1741130455626901,Balanced Dollar,0.056943025,bnUSD,0,1,2025-03-04
cx4297f4b63262507623b6ad575d0d8dd2db980e4e,hxd75467e3e4ce64e3424c747dfb71503017440433,cxa0af3165c08318e988cb30993b3048335b94af6c,0x3782dace9d900000,0x9eac86684bd220857b7b2da8234ddd29d1972cd7d83c2726283a9f3e0b93b661,0,94224821,4.0,1741130455626901,Injective,0.056943025,INJ,0,1,2025-03-04
cx88fd7df7ddff82f7cc735c871dc519838cb235bb,cxa0af3165c08318e988cb30993b3048335b94af6c,cx5faae53c4dbd1fbe4a2eb4aab6565030f10da5c6,0xed165fdf6594ae,0x46aef87e563b20002e62e4bf517ced18f2d9f4f13683e58146fd71e35b367a63,2,94224807,0.06673417050610603,1741130427714960,Balanced Dollar,0.056943025,bnUSD,0,1,2025-03-04
cx88fd7df7ddff82f7cc735c871dc519838cb235bb,cxa0af3165c08318e988cb30993b3048335b94af6c,hxd75467e3e4ce64e3424c747dfb71503017440433,0x267b5d1b3daa1c731,0x46aef87e563b20002e62e4bf517ced18f2d9f4f13683e58146fd71e35b367a63,1,94224807,44.3665978745077,1741130427714960,Balanced Dollar,0.056943025,bnUSD,0,1,2025-03-04
cx4297f4b63262507623b6ad575d0d8dd2db980e4e,hxd75467e3e4ce64e3424c747dfb71503017440433,cxa0af3165c08318e988cb30993b3048335b94af6c,0x3782dace9d900000,0x46aef87e563b20002e62e4bf517ced18f2d9f4f13683e58146fd71e35b367a63,0,94224807,4.0,1741130427714960,Injective,0.056943025,INJ,0,1,2025-03-04
cx88fd7df7ddff82f7cc735c871dc519838cb235bb,cxa0af3165c08318e988cb30993b3048335b94af6c,cx5faae53c4dbd1fbe4a2eb4aab6565030f10da5c6,0x1aca2af7eb1545b,0x7dcca0b5657f9c111e97b73e632e2b011041c0f419eeaf472bccbf0be82b1fdd,2,94224803,0.12065016466068797,1741130419556750,Balanced Dollar,0.0569099625,bnUSD,0,1,2025-03-04
cx88fd7df7ddff82f7cc735c871dc519838cb235bb,cxa0af3165c08318e988cb30993b3048335b94af6c,hxd75467e3e4ce64e3424c747dfb71503017440433,0x459417f63baca16f2,0x7dcca0b5657f9c111e97b73e632e2b011041c0f419eeaf472bccbf0be82b1fdd,1,94224803,80.21853810401228,1741130419556750,Balanced Dollar,0.0569099625,bnUSD,0,1,2025-03-04
cx66a031cc3bd305c76371fb586e93801b948254f0,hxd75467e3e4ce64e3424c747dfb71503017440433,cxa0af3165c08318e988cb30993b3048335b94af6c,0x3782dace9d900000,0x7dcca0b5657f9c111e97b73e632e2b011041c0f419eeaf472bccbf0be82b1fdd,0,94224803,4.0,1741130419556750,Avalanche,0.0569099625,AVAX,0,1,2025-03-04
cxf61cd5a45dc9f91c15aa65831a30a90d59a09619,cx21e94c08c03daee80c25d8ee3ea22a20786ec231,hxe54895cf1d063141ead704ce68ccd5e4dc0c12c6,0xb78ef7dc4ee26407,0xee0a6c0bfcb5d272cb003f6e70ad7c8ff7bc39bd552db8bf2af36703e09b0bfa,5,94224631,13.22678168122205,1741130075432042,Balance Token,0.0782568375,BALN,0,1,2025-03-04
cx88fd7df7ddff82f7cc735c871dc519838cb235bb,cxa0af3165c08318e988cb30993b3048335b94af6c,cx5faae53c4dbd1fbe4a2eb4aab6565030f10da5c6,0x847c5b091e98e,0xee0a6c0bfcb5d272cb003f6e70ad7c8ff7bc39bd552db8bf2af36703e09b0bfa,3,94224631,0.002330714210167182,1741130075432042,Balanced Dollar,0.0782568375,bnUSD,0,1,2025-03-04
cxf61cd5a45dc9f91c15aa65831a30a90d59a09619,cxa0af3165c08318e988cb30993b3048335b94af6c,cx21e94c08c03daee80c25d8ee3ea22a20786ec231,0xb78ef7dc4ee26407,0xee0a6c0bfcb5d272cb003f6e70ad7c8ff7bc39bd552db8bf2af36703e09b0bfa,2,94224631,13.22678168122205,1741130075432042,Balance Token,0.0782568375,BALN,0,1,2025-03-04
cx88fd7df7ddff82f7cc735c871dc519838cb235bb,cx21e94c08c03daee80c25d8ee3ea22a20786ec231,cxa0af3165c08318e988cb30993b3048335b94af6c,0x15903d7bd15038bf,0xee0a6c0bfcb5d272cb003f6e70ad7c8ff7bc39bd552db8bf2af36703e09b0bfa,1,94224631,1.5538094734447885,1741130075432042,Balanced Dollar,0.0782568375,bnUSD,0,1,2025-03-04
cx88fd7df7ddff82f7cc735c871dc519838cb235bb,hxe54895cf1d063141ead704ce68ccd5e4dc0c12c6,cx21e94c08c03daee80c25d8ee3ea22a20786ec231,0x15903d7bd15038bf,0xee0a6c0bfcb5d272cb003f6e70ad7c8ff7bc39bd552db8bf2af36703e09b0bfa,0,94224631,1.5538094734447885,1741130075432042,Balanced Dollar,0.0782568375,bnUSD,0,1,2025-03-04
cx2609b924e33ef00b648a409245c7ea394c467824,cx203d9cd2a669be67177e997b8948ce2c35caffae,hxe54895cf1d063141ead704ce68ccd5e4dc0c12c6,0x7147ae426b2e449,0xe754289b02e11f5ee9cb880179870ee46d1bb2ec2eb0544042540cb679b99a45,5,94224545,0.5101677781200988,1741129903494677,Staked ICX,0.1488804,sICX,0,1,2025-03-04
cx88fd7df7ddff82f7cc735c871dc519838cb235bb,cx203d9cd2a669be67177e997b8948ce2c35caffae,hxe54895cf1d063141ead704ce68ccd5e4dc0c12c6,0x15903d7bd15038bf,0xe754289b02e11f5ee9cb880179870ee46d1bb2ec2eb0544042540cb679b99a45,2,94224545,1.5538094734447885,1741129903494677,Balanced Dollar,0.1488804,bnUSD,0,1,2025-03-04
cxf61cd5a45dc9f91c15aa65831a30a90d59a09619,cx203d9cd2a669be67177e997b8948ce2c35caffae,hxe54895cf1d063141ead704ce68ccd5e4dc0c12c6,0x70d291a79974b,0xe754289b02e11f5ee9cb880179870ee46d1bb2ec2eb0544042540cb679b99a45,0,94224545,0.001984795025971019,1741129903494677,Balance Token,0.1488804,BALN,0,1,2025-03-04
cx28b2ec885b50c8a93da752f2d0467a67127a70e8,cx7127ae2887ef7676bf8014e995bd2ed4fd71f05b,cx5a0af85407c69945eb318d4ac18e9e842184163c,0x28626595086302666,0x4e692bd26a63a3beee3c732c0d6e4783ae3a63ccfa6060aa05d745f6f513198e,7,94224484,46.56000000000001,1741129781306200,CROWN,0.0415118375,CROWN,0,1,2025-03-04
cx28b2ec885b50c8a93da752f2d0467a67127a70e8,cx7127ae2887ef7676bf8014e995bd2ed4fd71f05b,hx0000000000000000000000000000000000000000,0x6bb10ee2c1080666,0x4e692bd26a63a3beee3c732c0d6e4783ae3a63ccfa6060aa05d745f6f513198e,5,94224484,7.760000000000002,1741129781306200,CROWN,0.0415118375,CROWN,0,1,2025-03-04
cx28b2ec885b50c8a93da752f2d0467a67127a70e8,cx7127ae2887ef7676bf8014e995bd2ed4fd71f05b,cxd77007090899311f1afbcae86b49cfe817fc6810,0xd7621dc582100ccc,0x4e692bd26a63a3beee3c732c0d6e4783ae3a63ccfa6060aa05d745f6f513198e,4,94224484,15.520000000000003,1741129781306200,CROWN,0.0415118375,CROWN,0,1,2025-03-04
cx28b2ec885b50c8a93da752f2d0467a67127a70e8,cx7127ae2887ef7676bf8014e995bd2ed4fd71f05b,hx84f2cd8dd94ed2da42f6a1b959b0baaecf6651c1,0x6bb10ee2c1080666,0x4e692bd26a63a3beee3c732c0d6e4783ae3a63ccfa6060aa05d745f6f513198e,2,94224484,7.760000000000002,1741129781306200,CROWN,0.0415118375,CROWN,0,1,2025-03-04
cx28b2ec885b50c8a93da752f2d0467a67127a70e8,hxd2ab70a9d09d60aabec1b6c3dadc35e4bf33b6f1,cx7127ae2887ef7676bf8014e995bd2ed4fd71f05b,0x434ea94db8a504000,0x4e692bd26a63a3beee3c732c0d6e4783ae3a63ccfa6060aa05d745f6f513198e,0,94224484,77.60000000000002,1741129781306200,CROWN,0.0415118375,CROWN,0,1,2025-03-04
cxd17316e24ee40f2ef8ed6f3a497311db1b35206d,hx9645117f1b0c7181a126c7f4f222caefc6ee7a61,hx0000000000000000000000000000000000000000,0x0,0x19eafd14b3767b5e4175c90701476c846dd69eaad85e131133bc60168126208c,22,94224444,0.0,1741129701485741,unknown_token,0.1000331875,$unknown,5,1,2025-03-04
cxd17316e24ee40f2ef8ed6f3a497311db1b35206d,hx1a4c9e9c8c866a961e5c88c18c0f019aa97f33db,hx0000000000000000000000000000000000000000,0x0,0x19eafd14b3767b5e4175c90701476c846dd69eaad85e131133bc60168126208c,21,94224444,0.0,1741129701485741,unknown_token,0.1000331875,$unknown,6,1,2025-03-04
cxd17316e24ee40f2ef8ed6f3a497311db1b35206d,hx5f75e7ea5a055f6700716a2487b44261ed02dd72,hx0000000000000000000000000000000000000000,0x0,0x19eafd14b3767b5e4175c90701476c846dd69eaad85e131133bc60168126208c,20,94224444,0.0,1741129701485741,unknown_token,0.1000331875,$unknown,34,1,2025-03-04
cxd17316e24ee40f2ef8ed6f3a497311db1b35206d,hx3c72c692480ee86cef5aa9dcf48fdb3d6dd05e14,hx0000000000000000000000000000000000000000,0x0,0x19eafd14b3767b5e4175c90701476c846dd69eaad85e131133bc60168126208c,19,94224444,0.0,1741129701485741,unknown_token,0.1000331875,$unknown,34,1,2025-03-04
cxd17316e24ee40f2ef8ed6f3a497311db1b35206d,hxd2ab70a9d09d60aabec1b6c3dadc35e4bf33b6f1,hx0000000000000000000000000000000000000000,0x0,0x19eafd14b3767b5e4175c90701476c846dd69eaad85e131133bc60168126208c,18,94224444,0.0,1741129701485741,unknown_token,0.1000331875,$unknown,34,1,2025-03-04
cxd17316e24ee40f2ef8ed6f3a497311db1b35206d,hx1a4c9e9c8c866a961e5c88c18c0f019aa97f33db,hx0000000000000000000000000000000000000000,0x0,0x19eafd14b3767b5e4175c90701476c846dd69eaad85e131133bc60168126208c,17,94224444,0.0,1741129701485741,unknown_token,0.1000331875,$unknown,34,1,2025-03-04
cxd17316e24ee40f2ef8ed6f3a497311db1b35206d,hx95d23a20e152e1ac90e06cdf85fbd7d3dd6954b7,hx0000000000000000000000000000000000000000,0x0,0x19eafd14b3767b5e4175c90701476c846dd69eaad85e131133bc60168126208c,16,94224444,0.0,1741129701485741,unknown_token,0.1000331875,$unknown,34,1,2025-03-04
cx4297f4b63262507623b6ad575d0d8dd2db980e4e,cxa0af3165c08318e988cb30993b3048335b94af6c,hx0000000000000000000000000000000000000000,0x11c37937e08000,0x4b1b88ca7c41653b506f9fdc1fd02064d0fb4a6d0b8a6fe08f392c061ed92997,5,94224378,0.005,1741129569221876,Injective,0.07366145,INJ,0,1,2025-03-04
cx4297f4b63262507623b6ad575d0d8dd2db980e4e,hx0000000000000000000000000000000000000000,cxa0af3165c08318e988cb30993b3048335b94af6c,0x1c0494874aaf5af8,0x1ad77e5c59186edcf1db3473f9698c65feabc0a6a71935ae9f333cc0fbeefd60,1,94224309,2.0189018417633267,1741129431166687,Injective,0.0301944875,INJ,0,1,2025-03-04
cx88fd7df7ddff82f7cc735c871dc519838cb235bb,cxa0af3165c08318e988cb30993b3048335b94af6c,cx5faae53c4dbd1fbe4a2eb4aab6565030f10da5c6,0x1aceae1118ccef0,0x0dcf78e41c5865706eda526cf8cfd7869e5ff96945a57ebe21f89874e7c6c8e1,2,94224263,0.12072954241514264,1741129339139666,Balanced Dollar,0.056928775,bnUSD,0,1,2025-03-04
cx88fd7df7ddff82f7cc735c871dc519838cb235bb,cxa0af3165c08318e988cb30993b3048335b94af6c,hxd75467e3e4ce64e3424c747dfb71503017440433,0x459fd07cdd9cf45b8,0x0dcf78e41c5865706eda526cf8cfd7869e5ff96945a57ebe21f89874e7c6c8e1,1,94224263,80.27132391402552,1741129339139666,Balanced Dollar,0.056928775,bnUSD,0,1,2025-03-04
cx66a031cc3bd305c76371fb586e93801b948254f0,hxd75467e3e4ce64e3424c747dfb71503017440433,cxa0af3165c08318e988cb30993b3048335b94af6c,0x3782dace9d900000,0x0dcf78e41c5865706eda526cf8cfd7869e5ff96945a57ebe21f89874e7c6c8e1,0,94224263,4.0,1741129339139666,Avalanche,0.056928775,AVAX,0,1,2025-03-04
cx88fd7df7ddff82f7cc735c871dc519838cb235bb,cx21e94c08c03daee80c25d8ee3ea22a20786ec231,hx2debd9ec927cca1639da8d3518dd9dbf1cdfb357,0x19d646f2677af860c1,0xbe248aa06ecfa4b98c69368585e01f08959487bc260cf919c3dd9ca75618ae64,10,94224261,476.60889674148376,1741129335196946,Balanced Dollar,0.130625825,bnUSD,0,1,2025-03-04
cx88fd7df7ddff82f7cc735c871dc519838cb235bb,cx203d9cd2a669be67177e997b8948ce2c35caffae,cx835b300dcfe01f0bdb794e134a0c5628384f4367,0x8092784e7d4b8f6,0xbe248aa06ecfa4b98c69368585e01f08959487bc260cf919c3dd9ca75618ae64,7,94224261,0.5790374788724636,1741129335196946,Balanced Dollar,0.130625825,bnUSD,0,1,2025-03-04
cx88fd7df7ddff82f7cc735c871dc519838cb235bb,cx5faae53c4dbd1fbe4a2eb4aab6565030f10da5c6,cx203d9cd2a669be67177e997b8948ce2c35caffae,0xb7acabddd79083b,0xbe248aa06ecfa4b98c69368585e01f08959487bc260cf919c3dd9ca75618ae64,5,94224261,0.8271963983892338,1741129335196946,Balanced Dollar,0.130625825,bnUSD,0,1,2025-03-04
cx88fd7df7ddff82f7cc735c871dc519838cb235bb,cx5faae53c4dbd1fbe4a2eb4aab6565030f10da5c6,cxdc30a0d3a1f131565c071272a20bc0b06fd4c17b,0xb7acabddd79083a,0xbe248aa06ecfa4b98c69368585e01f08959487bc260cf919c3dd9ca75618ae64,4,94224261,0.8271963983892338,1741129335196946,Balanced Dollar,0.130625825,bnUSD,0,1,2025-03-04
cx88fd7df7ddff82f7cc735c871dc519838cb235bb,cxa0af3165c08318e988cb30993b3048335b94af6c,cx5faae53c4dbd1fbe4a2eb4aab6565030f10da5c6,0x9f0d4f70aaf0669,0xbe248aa06ecfa4b98c69368585e01f08959487bc260cf919c3dd9ca75618ae64,3,94224261,0.7163064982531621,1741129335196946,Balanced Dollar,0.130625825,bnUSD,0,1,2025-03-04
cx88fd7df7ddff82f7cc735c871dc519838cb235bb,cxa0af3165c08318e988cb30993b3048335b94af6c,cx21e94c08c03daee80c25d8ee3ea22a20786ec231,0x19d646f2677af860c1,0xbe248aa06ecfa4b98c69368585e01f08959487bc260cf919c3dd9ca75618ae64,2,94224261,476.60889674148376,1741129335196946,Balanced Dollar,0.130625825,bnUSD,0,1,2025-03-04
cx288d13e1b63563459a2ac6179f237711f6851cb5,cx21e94c08c03daee80c25d8ee3ea22a20786ec231,cxa0af3165c08318e988cb30993b3048335b94af6c,0x30d98d59a960000,0xbe248aa06ecfa4b98c69368585e01f08959487bc260cf919c3dd9ca75618ae64,1,94224261,0.22,1741129335196946,Ethereum,0.130625825,ETH,0,1,2025-03-04
cx288d13e1b63563459a2ac6179f237711f6851cb5,hx2debd9ec927cca1639da8d3518dd9dbf1cdfb357,cx21e94c08c03daee80c25d8ee3ea22a20786ec231,0x30d98d59a960000,0xbe248aa06ecfa4b98c69368585e01f08959487bc260cf919c3dd9ca75618ae64,0,94224261,0.22,1741129335196946,Ethereum,0.130625825,ETH,0,1,2025-03-04
cx7baf94bd53b505353285ee4c4c050f9703581703,hxd2ab70a9d09d60aabec1b6c3dadc35e4bf33b6f1,hxd2ab70a9d09d60aabec1b6c3dadc35e4bf33b6f1,0x0,0x63656f7f64c5299ac361364c95f9c7214a09aac3adb381455d6076ca6d3f0a77,1,94224190,0.0,1741129193262099,unknown_token,0.09086485,$unknown,33,1,2025-03-04
cx7baf94bd53b505353285ee4c4c050f9703581703,hxd2ab70a9d09d60aabec1b6c3dadc35e4bf33b6f1,hxd2ab70a9d09d60aabec1b6c3dadc35e4bf33b6f1,0x0,0x63656f7f64c5299ac361364c95f9c7214a09aac3adb381455d6076ca6d3f0a77,0,94224190,0.0,1741129193262099,unknown_token,0.09086485,$unknown,4,1,2025-03-04
cx2609b924e33ef00b648a409245c7ea394c467824,cxa0af3165c08318e988cb30993b3048335b94af6c,hxc6b7736cb8a3c53d1bd208715f69406ec38b1af4,0x1,0xb3b8e8095413caa496893b4a28a97891a28d5ced32c4800618efa2f421174efa,3,94224180,1e-18,1741129173082195,Staked ICX,0.0437339375,sICX,0,1,2025-03-04
cx2609b924e33ef00b648a409245c7ea394c467824,hxc6b7736cb8a3c53d1bd208715f69406ec38b1af4,cxa0af3165c08318e988cb30993b3048335b94af6c,0x51db87c586940fe6c3,0xb327d709f5452db5a04abb37ed0d2735b393229133c41ec80db5091f18604b05,0,94224175,1510.0050993684363,1741129163257486,Staked ICX,0.03120455,sICX,0,1,2025-03-04
cx3975b43d260fb8ec802cef6e60c2f4d07486f11d,hxc6b7736cb8a3c53d1bd208715f69406ec38b1af4,cxa0af3165c08318e988cb30993b3048335b94af6c,0x6c65800d3f1c7044a8,0x9332560bc1c3061633417d86c4b892b79fd91a9205860d0e9db90646cbfa4e1f,1,94224173,1999.5622203201924,1741129159077824,Wrapped ICX,0.0165693375,wICX,0,1,2025-03-04
cx3975b43d260fb8ec802cef6e60c2f4d07486f11d,hx0000000000000000000000000000000000000000,hxc6b7736cb8a3c53d1bd208715f69406ec38b1af4,0x6c65800d3f1c7044a8,0x9332560bc1c3061633417d86c4b892b79fd91a9205860d0e9db90646cbfa4e1f,0,94224173,1999.5622203201924,1741129159077824,Wrapped ICX,0.0165693375,wICX,0,1,2025-03-04
cx2609b924e33ef00b648a409245c7ea394c467824,cx21e94c08c03daee80c25d8ee3ea22a20786ec231,hxc6b7736cb8a3c53d1bd208715f69406ec38b1af4,0x51db87c586940fe6c2,0xcd245570c6d2a57686c63574ee422f1d8c0ef5ff73e172df04fb1b9932c02b9e,4,94224165,1510.0050993684363,1741129143243849,Staked ICX,0.1074676375,sICX,0,1,2025-03-04
cx2609b924e33ef00b648a409245c7ea394c467824,hx0000000000000000000000000000000000000000,cx21e94c08c03daee80c25d8ee3ea22a20786ec231,0x51db87c586940fe6c2,0xcd245570c6d2a57686c63574ee422f1d8c0ef5ff73e172df04fb1b9932c02b9e,2,94224165,1510.0050993684363,1741129143243849,Staked ICX,0.1074676375,sICX,0,1,2025-03-04
cx2609b924e33ef00b648a409245c7ea394c467824,cxa0af3165c08318e988cb30993b3048335b94af6c,hxc6b7736cb8a3c53d1bd208715f69406ec38b1af4,0x1,0x95d1d64954c31c7a16d96b2b851f307865e0cd4943462d6cfdb2cea84bc541e9,3,94224155,1e-18,1741129123065872,Staked ICX,0.04376275,sICX,0,1,2025-03-04
cx2609b924e33ef00b648a409245c7ea394c467824,hxc6b7736cb8a3c53d1bd208715f69406ec38b1af4,cxa0af3165c08318e988cb30993b3048335b94af6c,0x4021be33988787f8057,0x9bcf0ac5e6af2bc69fab5ca68a13db4102941c9374c5ed38b8b02025341d9877,0,94224147,18928.368932743037,1741129107234165,Staked ICX,0.0312108625,sICX,0,1,2025-03-04
cx3975b43d260fb8ec802cef6e60c2f4d07486f11d,hxc6b7736cb8a3c53d1bd208715f69406ec38b1af4,cxa0af3165c08318e988cb30993b3048335b94af6c,0x54ec858ca1020e57c32,0xade880f089220669113a7da64a014faddd4bfea7771c880aaa1d96a173edc626,1,94224145,25065.114962873726,1741129103147991,Wrapped ICX,0.0165812125,wICX,0,1,2025-03-04
cx3975b43d260fb8ec802cef6e60c2f4d07486f11d,hx0000000000000000000000000000000000000000,hxc6b7736cb8a3c53d1bd208715f69406ec38b1af4,0x54ec858ca1020e57c32,0xade880f089220669113a7da64a014faddd4bfea7771c880aaa1d96a173edc626,0,94224145,25065.114962873726,1741129103147991,Wrapped ICX,0.0165812125,wICX,0,1,2025-03-04
cx2609b924e33ef00b648a409245c7ea394c467824,cx21e94c08c03daee80c25d8ee3ea22a20786ec231,hxc6b7736cb8a3c53d1bd208715f69406ec38b1af4,0x4021be33988787f8056,0x0b22e9b85ab96971a83d993ec70a838418b17826a8461caf824045f87d9c7191,6,94224136,18928.368932743037,1741129085118331,Staked ICX,0.0917180125,sICX,0,1,2025-03-04
cx2609b924e33ef00b648a409245c7ea394c467824,cxa0af3165c08318e988cb30993b3048335b94af6c,cx5faae53c4dbd1fbe4a2eb4aab6565030f10da5c6,0x18901690771032753,0x0b22e9b85ab96971a83d993ec70a838418b17826a8461caf824045f87d9c7191,4,94224136,28.319031412564108,1741129085118331,Staked ICX,0.0917180125,sICX,0,1,2025-03-04
cx2609b924e33ef00b648a409245c7ea394c467824,cxa0af3165c08318e988cb30993b3048335b94af6c,cx21e94c08c03daee80c25d8ee3ea22a20786ec231,0x4021be33988787f8056,0x0b22e9b85ab96971a83d993ec70a838418b17826a8461caf824045f87d9c7191,3,94224136,18928.368932743037,1741129085118331,Staked ICX,0.0917180125,sICX,0,1,2025-03-04
cx3975b43d260fb8ec802cef6e60c2f4d07486f11d,cx21e94c08c03daee80c25d8ee3ea22a20786ec231,cxa0af3165c08318e988cb30993b3048335b94af6c,0x54b40b1f852bda00000,0x0b22e9b85ab96971a83d993ec70a838418b17826a8461caf824045f87d9c7191,2,94224136,25000.0,1741129085118331,Wrapped ICX,0.0917180125,wICX,0,1,2025-03-04
cx3975b43d260fb8ec802cef6e60c2f4d07486f11d,hxc6b7736cb8a3c53d1bd208715f69406ec38b1af4,cx21e94c08c03daee80c25d8ee3ea22a20786ec231,0x54b40b1f852bda00000,0x0b22e9b85ab96971a83d993ec70a838418b17826a8461caf824045f87d9c7191,1,94224136,25000.0,1741129085118331,Wrapped ICX,0.0917180125,wICX,0,1,2025-03-04
cx3975b43d260fb8ec802cef6e60c2f4d07486f11d,hx0000000000000000000000000000000000000000,hxc6b7736cb8a3c53d1bd208715f69406ec38b1af4,0x54b40b1f852bda00000,0x0b22e9b85ab96971a83d993ec70a838418b17826a8461caf824045f87d9c7191,0,94224136,25000.0,1741129085118331,Wrapped ICX,0.0917180125,wICX,0,1,2025-03-04
cx2609b924e33ef00b648a409245c7ea394c467824,cxa0af3165c08318e988cb30993b3048335b94af6c,hxc6b7736cb8a3c53d1bd208715f69406ec38b1af4,0x1,0x54c3978dc8770e7d79d5a20bb580605856dee0e8ba93f119a90feaddef9efb4b,3,94224104,1e-18,1741129021025379,Staked ICX,0.04376775,sICX,0,1,2025-03-04
cx2609b924e33ef00b648a409245c7ea394c467824,hxc6b7736cb8a3c53d1bd208715f69406ec38b1af4,cxa0af3165c08318e988cb30993b3048335b94af6c,0x43f2ba337635e7330c12,0x6d31f344a065fbbf5742feedfdc7065985ab5531d3a285b30ad2f4fe98833d37,0,94224098,320876.0836157927,1741129009032259,Staked ICX,0.0312133625,sICX,0,1,2025-03-04
cx3975b43d260fb8ec802cef6e60c2f4d07486f11d,hxc6b7736cb8a3c53d1bd208715f69406ec38b1af4,cxa0af3165c08318e988cb30993b3048335b94af6c,0x58fa05310c8a8d154c20,0x7c527da25646cda13372f2845df1aaff17ac69f189ff2fcfef3afad3303b2f24,1,94224093,420180.3106049894,1741128999018980,Wrapped ICX,0.0165837125,wICX,0,1,2025-03-04
cx3975b43d260fb8ec802cef6e60c2f4d07486f11d,hx0000000000000000000000000000000000000000,hxc6b7736cb8a3c53d1bd208715f69406ec38b1af4,0x58fa05310c8a8d154c20,0x7c527da25646cda13372f2845df1aaff17ac69f189ff2fcfef3afad3303b2f24,0,94224093,420180.3106049894,1741128999018980,Wrapped ICX,0.0165837125,wICX,0,1,2025-03-04
cx2609b924e33ef00b648a409245c7ea394c467824,cx21e94c08c03daee80c25d8ee3ea22a20786ec231,hxc6b7736cb8a3c53d1bd208715f69406ec38b1af4,0x43f2ba337635e7330c11,0xf7daf377ffebd4b41616bfd6211050890b2be7c9a5e46ea894135eb8f5a3ee9b,4,94224082,320876.0836157927,1741128977204797,Staked ICX,0.13713505,sICX,0,1,2025-03-04
cx2609b924e33ef00b648a409245c7ea394c467824,hx0000000000000000000000000000000000000000,cx21e94c08c03daee80c25d8ee3ea22a20786ec231,0x43f2ba337635e7330c11,0xf7daf377ffebd4b41616bfd6211050890b2be7c9a5e46ea894135eb8f5a3ee9b,2,94224082,320876.0836157927,1741128977204797,Staked ICX,0.13713505,sICX,0,1,2025-03-04
cx2609b924e33ef00b648a409245c7ea394c467824,cxa0af3165c08318e988cb30993b3048335b94af6c,hxc6b7736cb8a3c53d1bd208715f69406ec38b1af4,0x1,0xb5fef00a30582d8847302ac6429b6040b3fa0642f585ba1a8e13b83ae535fb5e,3,94224066,1e-18,1741128945002765,Staked ICX,0.043754125,sICX,0,1,2025-03-04
cx2609b924e33ef00b648a409245c7ea394c467824,hxc6b7736cb8a3c53d1bd208715f69406ec38b1af4,cxa0af3165c08318e988cb30993b3048335b94af6c,0x2529cafb8291eb40a0,0x9e653ebc2f99b24985e6c9b5ed8126b0e178c4d8fa793b30f28103dfcebc3bd1,0,94224060,685.5410265663164,1741128932997529,Staked ICX,0.03120455,sICX,0,1,2025-03-04
cxf61cd5a45dc9f91c15aa65831a30a90d59a09619,hxc6b7736cb8a3c53d1bd208715f69406ec38b1af4,cxa0af3165c08318e988cb30993b3048335b94af6c,0x2d777df78f64392d96,0xe4c2d53ec431d7a8581d9fd59fdc4251d05883cb5ae5449213f0f6e25b75c7d0,0,94224058,838.713793574766,1741128928997644,Balance Token,0.0220827625,BALN,0,1,2025-03-04
cxf61cd5a45dc9f91c15aa65831a30a90d59a09619,cx21e94c08c03daee80c25d8ee3ea22a20786ec231,hxc6b7736cb8a3c53d1bd208715f69406ec38b1af4,0x2d5b17f07c5251b2a0,0x4c6366cdc88f5bbf2284f4558fb840419abbde34ff86113e5d3bf65a20e50ec5,5,94224051,836.6674627155933,1741128914991322,Balance Token,0.1052875,BALN,0,1,2025-03-04
cx2609b924e33ef00b648a409245c7ea394c467824,cxa0af3165c08318e988cb30993b3048335b94af6c,cx5faae53c4dbd1fbe4a2eb4aab6565030f10da5c6,0xe454be5b329b266,0x4c6366cdc88f5bbf2284f4558fb840419abbde34ff86113e5d3bf65a20e50ec5,3,94224051,1.0283115398494747,1741128914991322,Staked ICX,0.1052875,sICX,0,1,2025-03-04
cxf61cd5a45dc9f91c15aa65831a30a90d59a09619,cxa0af3165c08318e988cb30993b3048335b94af6c,cx21e94c08c03daee80c25d8ee3ea22a20786ec231,0x2d5b17f07c5251b2a0,0x4c6366cdc88f5bbf2284f4558fb840419abbde34ff86113e5d3bf65a20e50ec5,2,94224051,836.6674627155933,1741128914991322,Balance Token,0.1052875,BALN,0,1,2025-03-04
cx2609b924e33ef00b648a409245c7ea394c467824,cx21e94c08c03daee80c25d8ee3ea22a20786ec231,cxa0af3165c08318e988cb30993b3048335b94af6c,0x2529cafb8291eb409f,0x4c6366cdc88f5bbf2284f4558fb840419abbde34ff86113e5d3bf65a20e50ec5,1,94224051,685.5410265663164,1741128914991322,Staked ICX,0.1052875,sICX,0,1,2025-03-04
cx2609b924e33ef00b648a409245c7ea394c467824,hxc6b7736cb8a3c53d1bd208715f69406ec38b1af4,cx21e94c08c03daee80c25d8ee3ea22a20786ec231,0x2529cafb8291eb409f,0x4c6366cdc88f5bbf2284f4558fb840419abbde34ff86113e5d3bf65a20e50ec5,0,94224051,685.5410265663164,1741128914991322,Staked ICX,0.1052875,sICX,0,1,2025-03-04
cx2609b924e33ef00b648a409245c7ea394c467824,cx21e94c08c03daee80c25d8ee3ea22a20786ec231,hxc6b7736cb8a3c53d1bd208715f69406ec38b1af4,0x4a5395f70523d6813e,0x55afd292ccc1b21429d8667330d74e75c8039211eda9a50e62516f6c71f725d5,6,94224038,1371.0820531326328,1741128888976558,Staked ICX,0.09167895,sICX,0,1,2025-03-04
cx2609b924e33ef00b648a409245c7ea394c467824,cxa0af3165c08318e988cb30993b3048335b94af6c,cx5faae53c4dbd1fbe4a2eb4aab6565030f10da5c6,0x1c9d4ef35d63e70f,0x55afd292ccc1b21429d8667330d74e75c8039211eda9a50e62516f6c71f725d5,4,94224038,2.061891011556403,1741128888976558,Staked ICX,0.09167895,sICX,0,1,2025-03-04
cx2609b924e33ef00b648a409245c7ea394c467824,cxa0af3165c08318e988cb30993b3048335b94af6c,cx21e94c08c03daee80c25d8ee3ea22a20786ec231,0x4a5395f70523d6813e,0x55afd292ccc1b21429d8667330d74e75c8039211eda9a50e62516f6c71f725d5,3,94224038,1371.0820531326328,1741128888976558,Staked ICX,0.09167895,sICX,0,1,2025-03-04
cx3975b43d260fb8ec802cef6e60c2f4d07486f11d,cx21e94c08c03daee80c25d8ee3ea22a20786ec231,cxa0af3165c08318e988cb30993b3048335b94af6c,0x6194049f30f7200000,0x55afd292ccc1b21429d8667330d74e75c8039211eda9a50e62516f6c71f725d5,2,94224038,1800.0,1741128888976558,Wrapped ICX,0.09167895,wICX,0,1,2025-03-04
cx3975b43d260fb8ec802cef6e60c2f4d07486f11d,hxc6b7736cb8a3c53d1bd208715f69406ec38b1af4,cx21e94c08c03daee80c25d8ee3ea22a20786ec231,0x6194049f30f7200000,0x55afd292ccc1b21429d8667330d74e75c8039211eda9a50e62516f6c71f725d5,1,94224038,1800.0,1741128888976558,Wrapped ICX,0.09167895,wICX,0,1,2025-03-04
cx3975b43d260fb8ec802cef6e60c2f4d07486f11d,hx0000000000000000000000000000000000000000,hxc6b7736cb8a3c53d1bd208715f69406ec38b1af4,0x6194049f30f7200000,0x55afd292ccc1b21429d8667330d74e75c8039211eda9a50e62516f6c71f725d5,0,94224038,1800.0,1741128888976558,Wrapped ICX,0.09167895,wICX,0,1,2025-03-04
cx2609b924e33ef00b648a409245c7ea394c467824,cxa0af3165c08318e988cb30993b3048335b94af6c,hxc6b7736cb8a3c53d1bd208715f69406ec38b1af4,0x1,0x7782ae34095dd73cf11951a5cb19306ffc644bc176a22d6410d6c2f40cf9c199,3,94224004,1e-18,1741128820959238,Staked ICX,0.0438880375,sICX,0,1,2025-03-04
cx2609b924e33ef00b648a409245c7ea394c467824,hxc6b7736cb8a3c53d1bd208715f69406ec38b1af4,cxa0af3165c08318e988cb30993b3048335b94af6c,0x119548007e8942f93c,0x2918cd883a8d2b3d87a3a027136503d7c6aa803d93dd430257496ad4acfe703a,0,94223983,324.35149750650555,1741128778943952,Staked ICX,0.03120455,sICX,0,1,2025-03-04
cx3975b43d260fb8ec802cef6e60c2f4d07486f11d,hxc6b7736cb8a3c53d1bd208715f69406ec38b1af4,cxa0af3165c08318e988cb30993b3048335b94af6c,0x17011346d0a6f6d484,0xb218bb24727361ba7490f3b5e8363624d96a91da16c8c66a8930af25a69efad4,1,94223980,424.35259717588343,1741128772944059,Wrapped ICX,0.01671575,wICX,0,2,2025-03-04
cx3975b43d260fb8ec802cef6e60c2f4d07486f11d,hx0000000000000000000000000000000000000000,hxc6b7736cb8a3c53d1bd208715f69406ec38b1af4,0x17011346d0a6f6d484,0xb218bb24727361ba7490f3b5e8363624d96a91da16c8c66a8930af25a69efad4,0,94223980,424.35259717588343,1741128772944059,Wrapped ICX,0.01671575,wICX,0,2,2025-03-04
cxf61cd5a45dc9f91c15aa65831a30a90d59a09619,cx10d59e8103ab44635190bd4139dbfd682fa2d07e,hxc6b7736cb8a3c53d1bd208715f69406ec38b1af4,0xe881421d4d7dbb1d9,0xb1e8a34ec5a621c963217febf64ebf3ab82a5c5b596cbbf74fc2360f622b30bc,1,94223973,268.0599165186644,1741128758938235,Balance Token,0.0703193125,BALN,0,1,2025-03-04
cx2609b924e33ef00b648a409245c7ea394c467824,cx203d9cd2a669be67177e997b8948ce2c35caffae,hxc6b7736cb8a3c53d1bd208715f69406ec38b1af4,0xf6e36187b3f4b921,0xf56acaaef9184adbf413f740c31656a5ae75c7eacb877c69ce10c15972538454,5,94223971,17.79017018851123,1741128755054357,Staked ICX,0.145715625,sICX,0,1,2025-03-04
cx88fd7df7ddff82f7cc735c871dc519838cb235bb,cx203d9cd2a669be67177e997b8948ce2c35caffae,hxc6b7736cb8a3c53d1bd208715f69406ec38b1af4,0x2d8763712315c3072,0xf56acaaef9184adbf413f740c31656a5ae75c7eacb877c69ce10c15972538454,2,94223971,52.49120305814046,1741128755054357,Balanced Dollar,0.145715625,bnUSD,0,1,2025-03-04
cxf61cd5a45dc9f91c15aa65831a30a90d59a09619,cx203d9cd2a669be67177e997b8948ce2c35caffae,hxc6b7736cb8a3c53d1bd208715f69406ec38b1af4,0x164988c6afbdba1,0xf56acaaef9184adbf413f740c31656a5ae75c7eacb877c69ce10c15972538454,0,94223971,0.10037282056672758,1741128755054357,Balance Token,0.145715625,BALN,0,1,2025-03-04
cxf61cd5a45dc9f91c15aa65831a30a90d59a09619,cx9345f80d6c98357ccbb70392b14162199c2c5f66,cxd82fb5d3effecd8c9071a4bba3856ad7222c4b91,0x48389b7fc9c03cc5,0x85c8ba0d8df6c6586834e51b73bd7330f2d66f2c3ec285d38a4df127089cfcba,4,94223911,5.204080342574579,1741128634956740,Balance Token,0.13867685,BALN,0,1,2025-03-04
cx2609b924e33ef00b648a409245c7ea394c467824,cx9345f80d6c98357ccbb70392b14162199c2c5f66,cxd82fb5d3effecd8c9071a4bba3856ad7222c4b91,0x4f210b50b7a12280b,0x85c8ba0d8df6c6586834e51b73bd7330f2d66f2c3ec285d38a4df127089cfcba,3,94223911,91.22961671254141,1741128634956740,Staked ICX,0.13867685,sICX,0,1,2025-03-04
cx88fd7df7ddff82f7cc735c871dc519838cb235bb,hx0000000000000000000000000000000000000000,cx5faae53c4dbd1fbe4a2eb4aab6565030f10da5c6,0x0,0x85c8ba0d8df6c6586834e51b73bd7330f2d66f2c3ec285d38a4df127089cfcba,2,94223911,0.0,1741128634956740,Balanced Dollar,0.13867685,bnUSD,0,1,2025-03-04
cx88fd7df7ddff82f7cc735c871dc519838cb235bb,hx0000000000000000000000000000000000000000,cxd82fb5d3effecd8c9071a4bba3856ad7222c4b91,0xc987b7a6d9a81b8b,0x85c8ba0d8df6c6586834e51b73bd7330f2d66f2c3ec285d38a4df127089cfcba,1,94223911,14.521777450723581,1741128634956740,Balanced Dollar,0.13867685,bnUSD,0,1,2025-03-04
cx508002ec116fbf3ab406329c0df28e70d7e75fb3,hx0000000000000000000000000000000000000000,cx66d4d90f5f113eba575bf793570135f9b10cece1,0x15752a000,0x42448957a8c0ad6006001bac31733ab5df3bdcb8d1966fe08ec3fede1782e2a5,1,94223604,5.76,1741128020685930,Sui,0.036515725,SUI,0,1,2025-03-04
cx508002ec116fbf3ab406329c0df28e70d7e75fb3,hx0000000000000000000000000000000000000000,cx66d4d90f5f113eba575bf793570135f9b10cece1,0x3b023380,0xde30846345c8d98a4b1d4260fcfc2c6fc57f187f597cf96e46577e29ac95c9e3,1,94223556,0.99,1741127924656665,Sui,0.0364996875,SUI,0,1,2025-03-04
cx4297f4b63262507623b6ad575d0d8dd2db980e4e,cx21e94c08c03daee80c25d8ee3ea22a20786ec231,hx0000000000000000000000000000000000000000,0x134c6fa5ccfa2512,0x9c6cd5cb3e726b857488729812f6111a211ac322c69069fd2b31e694b4d99da4,16,94223466,1.3906091428498732,1741127744596062,Injective,0.2412834375,INJ,0,1,2025-03-04
cx88fd7df7ddff82f7cc735c871dc519838cb235bb,cxa0af3165c08318e988cb30993b3048335b94af6c,cx5faae53c4dbd1fbe4a2eb4aab6565030f10da5c6,0x52b462806685b2,0x9c6cd5cb3e726b857488729812f6111a211ac322c69069fd2b31e694b4d99da4,12,94223466,0.023279283244271025,1741127744596062,Balanced Dollar,0.2412834375,bnUSD,0,1,2025-03-04
cx4297f4b63262507623b6ad575d0d8dd2db980e4e,cxa0af3165c08318e988cb30993b3048335b94af6c,cx21e94c08c03daee80c25d8ee3ea22a20786ec231,0x134c6fa5ccfa2512,0x9c6cd5cb3e726b857488729812f6111a211ac322c69069fd2b31e694b4d99da4,11,94223466,1.3906091428498732,1741127744596062,Injective,0.2412834375,INJ,0,1,2025-03-04
cx88fd7df7ddff82f7cc735c871dc519838cb235bb,cx21e94c08c03daee80c25d8ee3ea22a20786ec231,cxa0af3165c08318e988cb30993b3048335b94af6c,0xd7606b2e60517f98,0x9c6cd5cb3e726b857488729812f6111a211ac322c69069fd2b31e694b4d99da4,10,94223466,15.51952216284735,1741127744596062,Balanced Dollar,0.2412834375,bnUSD,0,1,2025-03-04
cx88fd7df7ddff82f7cc735c871dc519838cb235bb,cxa0af3165c08318e988cb30993b3048335b94af6c,cx5faae53c4dbd1fbe4a2eb4aab6565030f10da5c6,0x52f3b621561a8d,0x9c6cd5cb3e726b857488729812f6111a211ac322c69069fd2b31e694b4d99da4,8,94223466,0.023348911659162253,1741127744596062,Balanced Dollar,0.2412834375,bnUSD,0,1,2025-03-04
cx88fd7df7ddff82f7cc735c871dc519838cb235bb,cxa0af3165c08318e988cb30993b3048335b94af6c,cx21e94c08c03daee80c25d8ee3ea22a20786ec231,0xd7606b2e60517f98,0x9c6cd5cb3e726b857488729812f6111a211ac322c69069fd2b31e694b4d99da4,7,94223466,15.51952216284735,1741127744596062,Balanced Dollar,0.2412834375,bnUSD,0,1,2025-03-04
cx2609b924e33ef00b648a409245c7ea394c467824,cx21e94c08c03daee80c25d8ee3ea22a20786ec231,cxa0af3165c08318e988cb30993b3048335b94af6c,0x5dfc438835fac8b63,0x9c6cd5cb3e726b857488729812f6111a211ac322c69069fd2b31e694b4d99da4,6,94223466,108.35779507133799,1741127744596062,Staked ICX,0.2412834375,sICX,0,1,2025-03-04
cx2609b924e33ef00b648a409245c7ea394c467824,cxa0af3165c08318e988cb30993b3048335b94af6c,cx5faae53c4dbd1fbe4a2eb4aab6565030f10da5c6,0x24329d838f0e70e,0x9c6cd5cb3e726b857488729812f6111a211ac322c69069fd2b31e694b4d99da4,4,94223466,0.16302002016045647,1741127744596062,Staked ICX,0.2412834375,sICX,0,1,2025-03-04
cx2609b924e33ef00b648a409245c7ea394c467824,cxa0af3165c08318e988cb30993b3048335b94af6c,cx21e94c08c03daee80c25d8ee3ea22a20786ec231,0x5dfc438835fac8b63,0x9c6cd5cb3e726b857488729812f6111a211ac322c69069fd2b31e694b4d99da4,3,94223466,108.35779507133799,1741127744596062,Staked ICX,0.2412834375,sICX,0,1,2025-03-04
cx3975b43d260fb8ec802cef6e60c2f4d07486f11d,cx21e94c08c03daee80c25d8ee3ea22a20786ec231,cxa0af3165c08318e988cb30993b3048335b94af6c,0x7b53e8b7d34584fd7,0x9c6cd5cb3e726b857488729812f6111a211ac322c69069fd2b31e694b4d99da4,2,94223466,142.18723785525324,1741127744596062,Wrapped ICX,0.2412834375,wICX,0,1,2025-03-04
cx3975b43d260fb8ec802cef6e60c2f4d07486f11d,hx38be44c05c34635e90d3f6394ebf2870f60a1fb8,cx21e94c08c03daee80c25d8ee3ea22a20786ec231,0x7b53e8b7d34584fd7,0x9c6cd5cb3e726b857488729812f6111a211ac322c69069fd2b31e694b4d99da4,1,94223466,142.18723785525324,1741127744596062,Wrapped ICX,0.2412834375,wICX,0,1,2025-03-04
cx3975b43d260fb8ec802cef6e60c2f4d07486f11d,hx0000000000000000000000000000000000000000,hx38be44c05c34635e90d3f6394ebf2870f60a1fb8,0x7b53e8b7d34584fd7,0x9c6cd5cb3e726b857488729812f6111a211ac322c69069fd2b31e694b4d99da4,0,94223466,142.18723785525324,1741127744596062,Wrapped ICX,0.2412834375,wICX,0,1,2025-03-04
cx88fd7df7ddff82f7cc735c871dc519838cb235bb,cxa0af3165c08318e988cb30993b3048335b94af6c,cx5faae53c4dbd1fbe4a2eb4aab6565030f10da5c6,0x859fafe8bb36ed,0xbeec35945d564d81eaa53adeaaeaca31942efd3e60accd6d93b087c9d0ae1aa6,8,94223451,0.03761174977519384,1741127714585152,Balanced Dollar,0.1723659375,bnUSD,0,1,2025-03-04
cx88fd7df7ddff82f7cc735c871dc519838cb235bb,cxa0af3165c08318e988cb30993b3048335b94af6c,cx21e94c08c03daee80c25d8ee3ea22a20786ec231,0x15af1d78b58c40001,0xbeec35945d564d81eaa53adeaaeaca31942efd3e60accd6d93b087c9d0ae1aa6,7,94223451,25.0,1741127714585152,Balanced Dollar,0.1723659375,bnUSD,0,1,2025-03-04
cx2609b924e33ef00b648a409245c7ea394c467824,cx21e94c08c03daee80c25d8ee3ea22a20786ec231,cxa0af3165c08318e988cb30993b3048335b94af6c,0x97643e5c9867b4264,0xbeec35945d564d81eaa53adeaaeaca31942efd3e60accd6d93b087c9d0ae1aa6,6,94223451,174.54260423700848,1741127714585152,Staked ICX,0.1723659375,sICX,0,1,2025-03-04
cx2609b924e33ef00b648a409245c7ea394c467824,cxa0af3165c08318e988cb30993b3048335b94af6c,cx5faae53c4dbd1fbe4a2eb4aab6565030f10da5c6,0x3a4e54c2b51ed8c,0xbeec35945d564d81eaa53adeaaeaca31942efd3e60accd6d93b087c9d0ae1aa6,4,94223451,0.2625867936013961,1741127714585152,Staked ICX,0.1723659375,sICX,0,1,2025-03-04
cx2609b924e33ef00b648a409245c7ea394c467824,cxa0af3165c08318e988cb30993b3048335b94af6c,cx21e94c08c03daee80c25d8ee3ea22a20786ec231,0x97643e5c9867b4264,0xbeec35945d564d81eaa53adeaaeaca31942efd3e60accd6d93b087c9d0ae1aa6,3,94223451,174.54260423700848,1741127714585152,Staked ICX,0.1723659375,sICX,0,1,2025-03-04
cx3975b43d260fb8ec802cef6e60c2f4d07486f11d,cx21e94c08c03daee80c25d8ee3ea22a20786ec231,cxa0af3165c08318e988cb30993b3048335b94af6c,0xc6a34fa4ab0f1dfe7,0xbeec35945d564d81eaa53adeaaeaca31942efd3e60accd6d93b087c9d0ae1aa6,2,94223451,229.0139457500271,1741127714585152,Wrapped ICX,0.1723659375,wICX,0,1,2025-03-04
cx3975b43d260fb8ec802cef6e60c2f4d07486f11d,hx38be44c05c34635e90d3f6394ebf2870f60a1fb8,cx21e94c08c03daee80c25d8ee3ea22a20786ec231,0xc6a34fa4ab0f1dfe7,0xbeec35945d564d81eaa53adeaaeaca31942efd3e60accd6d93b087c9d0ae1aa6,1,94223451,229.0139457500271,1741127714585152,Wrapped ICX,0.1723659375,wICX,0,1,2025-03-04
cx3975b43d260fb8ec802cef6e60c2f4d07486f11d,hx0000000000000000000000000000000000000000,hx38be44c05c34635e90d3f6394ebf2870f60a1fb8,0xc6a34fa4ab0f1dfe7,0xbeec35945d564d81eaa53adeaaeaca31942efd3e60accd6d93b087c9d0ae1aa6,0,94223451,229.0139457500271,1741127714585152,Wrapped ICX,0.1723659375,wICX,0,1,2025-03-04
cxb8cf9a4700e0c804b780978bf9d9de759c62e787,hx0000000000000000000000000000000000000000,cx66d4d90f5f113eba575bf793570135f9b10cece1,0x3b023380,0xfa0d37ece83fc3f27b317dd586a3653300b531a10dcb60da3677274c38ed2f7d,1,94223433,0.99,1741127678573261,Mirai Staked SUI,0.036642575,mSUI,0,1,2025-03-04
cx4297f4b63262507623b6ad575d0d8dd2db980e4e,cx21e94c08c03daee80c25d8ee3ea22a20786ec231,hx0000000000000000000000000000000000000000,0xde0b6b3a7640001,0x013f3760372b657b6aa75cf1ce5a089766286cc5fbe056311f8d5171a4f998a7,16,94223365,1.0,1741127542695564,Injective,0.2413005625,INJ,0,1,2025-03-04
cx88fd7df7ddff82f7cc735c871dc519838cb235bb,cxa0af3165c08318e988cb30993b3048335b94af6c,cx5faae53c4dbd1fbe4a2eb4aab6565030f10da5c6,0x3b77145972c6d7,0x013f3760372b657b6aa75cf1ce5a089766286cc5fbe056311f8d5171a4f998a7,12,94223365,0.016737952909674197,1741127542695564,Balanced Dollar,0.2413005625,bnUSD,0,1,2025-03-04
cx4297f4b63262507623b6ad575d0d8dd2db980e4e,cxa0af3165c08318e988cb30993b3048335b94af6c,cx21e94c08c03daee80c25d8ee3ea22a20786ec231,0xde0b6b3a7640001,0x013f3760372b657b6aa75cf1ce5a089766286cc5fbe056311f8d5171a4f998a7,11,94223365,1.0,1741127542695564,Injective,0.2413005625,INJ,0,1,2025-03-04
cx88fd7df7ddff82f7cc735c871dc519838cb235bb,cx21e94c08c03daee80c25d8ee3ea22a20786ec231,cxa0af3165c08318e988cb30993b3048335b94af6c,0x9adb6fa8f03b265f,0x013f3760372b657b6aa75cf1ce5a089766286cc5fbe056311f8d5171a4f998a7,10,94223365,11.158635273116133,1741127542695564,Balanced Dollar,0.2413005625,bnUSD,0,1,2025-03-04
cx88fd7df7ddff82f7cc735c871dc519838cb235bb,cxa0af3165c08318e988cb30993b3048335b94af6c,cx5faae53c4dbd1fbe4a2eb4aab6565030f10da5c6,0x3ba4b05a543b79,0x013f3760372b657b6aa75cf1ce5a089766286cc5fbe056311f8d5171a4f998a7,8,94223365,0.016788100962597752,1741127542695564,Balanced Dollar,0.2413005625,bnUSD,0,1,2025-03-04
cx88fd7df7ddff82f7cc735c871dc519838cb235bb,cxa0af3165c08318e988cb30993b3048335b94af6c,cx21e94c08c03daee80c25d8ee3ea22a20786ec231,0x9adb6fa8f03b265f,0x013f3760372b657b6aa75cf1ce5a089766286cc5fbe056311f8d5171a4f998a7,7,94223365,11.158635273116133,1741127542695564,Balanced Dollar,0.2413005625,bnUSD,0,1,2025-03-04
cx2609b924e33ef00b648a409245c7ea394c467824,cx21e94c08c03daee80c25d8ee3ea22a20786ec231,cxa0af3165c08318e988cb30993b3048335b94af6c,0x4391f2cc2a865ea03,0x013f3760372b657b6aa75cf1ce5a089766286cc5fbe056311f8d5171a4f998a7,6,94223365,77.90303409383866,1741127542695564,Staked ICX,0.2413005625,sICX,0,1,2025-03-04
cx2609b924e33ef00b648a409245c7ea394c467824,cxa0af3165c08318e988cb30993b3048335b94af6c,cx5faae53c4dbd1fbe4a2eb4aab6565030f10da5c6,0x1a063b00570ad67,0x013f3760372b657b6aa75cf1ce5a089766286cc5fbe056311f8d5171a4f998a7,4,94223365,0.11720319796829731,1741127542695564,Staked ICX,0.2413005625,sICX,0,1,2025-03-04
cx2609b924e33ef00b648a409245c7ea394c467824,cxa0af3165c08318e988cb30993b3048335b94af6c,cx21e94c08c03daee80c25d8ee3ea22a20786ec231,0x4391f2cc2a865ea03,0x013f3760372b657b6aa75cf1ce5a089766286cc5fbe056311f8d5171a4f998a7,3,94223365,77.90303409383866,1741127542695564,Staked ICX,0.2413005625,sICX,0,1,2025-03-04
cx3975b43d260fb8ec802cef6e60c2f4d07486f11d,cx21e94c08c03daee80c25d8ee3ea22a20786ec231,cxa0af3165c08318e988cb30993b3048335b94af6c,0x58a6705c73bc0392f,0x013f3760372b657b6aa75cf1ce5a089766286cc5fbe056311f8d5171a4f998a7,2,94223365,102.2066666216421,1741127542695564,Wrapped ICX,0.2413005625,wICX,0,1,2025-03-04
cx3975b43d260fb8ec802cef6e60c2f4d07486f11d,hx38be44c05c34635e90d3f6394ebf2870f60a1fb8,cx21e94c08c03daee80c25d8ee3ea22a20786ec231,0x58a6705c73bc0392f,0x013f3760372b657b6aa75cf1ce5a089766286cc5fbe056311f8d5171a4f998a7,1,94223365,102.2066666216421,1741127542695564,Wrapped ICX,0.2413005625,wICX,0,1,2025-03-04
cx3975b43d260fb8ec802cef6e60c2f4d07486f11d,hx0000000000000000000000000000000000000000,hx38be44c05c34635e90d3f6394ebf2870f60a1fb8,0x58a6705c73bc0392f,0x013f3760372b657b6aa75cf1ce5a089766286cc5fbe056311f8d5171a4f998a7,0,94223365,102.2066666216421,1741127542695564,Wrapped ICX,0.2413005625,wICX,0,1,2025-03-04
cx88fd7df7ddff82f7cc735c871dc519838cb235bb,cxa0af3165c08318e988cb30993b3048335b94af6c,cx5faae53c4dbd1fbe4a2eb4aab6565030f10da5c6,0xc06a713486fd75,0x721dd1724711d722648c5c887dc219add7416fc96a2caba60361f9bd6806b0a2,15,94223301,0.054160229973556594,1741127414479891,Balanced Dollar,0.3737135,bnUSD,0,1,2025-03-04
cx88fd7df7ddff82f7cc735c871dc519838cb235bb,cxa0af3165c08318e988cb30993b3048335b94af6c,cx21e94c08c03daee80c25d8ee3ea22a20786ec231,0x1f399b1438a100001,0x721dd1724711d722648c5c887dc219add7416fc96a2caba60361f9bd6806b0a2,14,94223301,36.0,1741127414479891,Balanced Dollar,0.3737135,bnUSD,0,1,2025-03-04
cx2609b924e33ef00b648a409245c7ea394c467824,cx21e94c08c03daee80c25d8ee3ea22a20786ec231,cxa0af3165c08318e988cb30993b3048335b94af6c,0xd9fb9c199ba2f2882,0x721dd1724711d722648c5c887dc219add7416fc96a2caba60361f9bd6806b0a2,13,94223301,251.317116146944,1741127414479891,Staked ICX,0.3737135,sICX,0,1,2025-03-04
cx2609b924e33ef00b648a409245c7ea394c467824,cx203d9cd2a669be67177e997b8948ce2c35caffae,cx835b300dcfe01f0bdb794e134a0c5628384f4367,0x2d1babef6b522bdf,0x721dd1724711d722648c5c887dc219add7416fc96a2caba60361f9bd6806b0a2,10,94223301,3.2503806008640255,1741127414479891,Staked ICX,0.3737135,sICX,0,1,2025-03-04
cx2609b924e33ef00b648a409245c7ea394c467824,cx5faae53c4dbd1fbe4a2eb4aab6565030f10da5c6,cx203d9cd2a669be67177e997b8948ce2c35caffae,0x4070ac7a9950d0f6,0x721dd1724711d722648c5c887dc219add7416fc96a2caba60361f9bd6806b0a2,7,94223301,4.64340085837718,1741127414479891,Staked ICX,0.3737135,sICX,0,1,2025-03-04
cx2609b924e33ef00b648a409245c7ea394c467824,cx5faae53c4dbd1fbe4a2eb4aab6565030f10da5c6,cxdc30a0d3a1f131565c071272a20bc0b06fd4c17b,0x4070ac7a9950d0f6,0x721dd1724711d722648c5c887dc219add7416fc96a2caba60361f9bd6806b0a2,5,94223301,4.64340085837718,1741127414479891,Staked ICX,0.3737135,sICX,0,1,2025-03-04
cx2609b924e33ef00b648a409245c7ea394c467824,cxa0af3165c08318e988cb30993b3048335b94af6c,cx5faae53c4dbd1fbe4a2eb4aab6565030f10da5c6,0x53f34eb7f010e6b,0x721dd1724711d722648c5c887dc219add7416fc96a2caba60361f9bd6806b0a2,4,94223301,0.3780790797751456,1741127414479891,Staked ICX,0.3737135,sICX,0,1,2025-03-04
cx2609b924e33ef00b648a409245c7ea394c467824,cxa0af3165c08318e988cb30993b3048335b94af6c,cx21e94c08c03daee80c25d8ee3ea22a20786ec231,0xd9fb9c199ba2f2882,0x721dd1724711d722648c5c887dc219add7416fc96a2caba60361f9bd6806b0a2,3,94223301,251.317116146944,1741127414479891,Staked ICX,0.3737135,sICX,0,1,2025-03-04
cx3975b43d260fb8ec802cef6e60c2f4d07486f11d,cx21e94c08c03daee80c25d8ee3ea22a20786ec231,cxa0af3165c08318e988cb30993b3048335b94af6c,0x11df4f968ed593deaa,0x721dd1724711d722648c5c887dc219add7416fc96a2caba60361f9bd6806b0a2,2,94223301,329.6858947868932,1741127414479891,Wrapped ICX,0.3737135,wICX,0,1,2025-03-04
cx3975b43d260fb8ec802cef6e60c2f4d07486f11d,hx38be44c05c34635e90d3f6394ebf2870f60a1fb8,cx21e94c08c03daee80c25d8ee3ea22a20786ec231,0x11df4f968ed593deaa,0x721dd1724711d722648c5c887dc219add7416fc96a2caba60361f9bd6806b0a2,1,94223301,329.6858947868932,1741127414479891,Wrapped ICX,0.3737135,wICX,0,1,2025-03-04
cx3975b43d260fb8ec802cef6e60c2f4d07486f11d,hx0000000000000000000000000000000000000000,hx38be44c05c34635e90d3f6394ebf2870f60a1fb8,0x11df4f968ed593deaa,0x721dd1724711d722648c5c887dc219add7416fc96a2caba60361f9bd6806b0a2,0,94223301,329.6858947868932,1741127414479891,Wrapped ICX,0.3737135,wICX,0,1,2025-03-04
cxb8cf9a4700e0c804b780978bf9d9de759c62e787,hx0000000000000000000000000000000000000000,cx66d4d90f5f113eba575bf793570135f9b10cece1,0x55d4a80,0xd08bbb60e4a2c14c95dde2b1f0423b7cfac1cfff73b89408b327b610f6d12b02,1,94223243,0.09,1741127298444550,Mirai Staked SUI,0.036773775,mSUI,0,1,2025-03-04
cx88fd7df7ddff82f7cc735c871dc519838cb235bb,cxa0af3165c08318e988cb30993b3048335b94af6c,cx5faae53c4dbd1fbe4a2eb4aab6565030f10da5c6,0x2a8a3ed970c79f3,0x6b688cd3a9d4fe2b3fd815cd0ee2e73b1b890fc9ac3c7f5027804597eb13d902,2,94223213,0.191583225,1741127238423772,Balanced Dollar,0.0460574,bnUSD,0,1,2025-03-04
cx508002ec116fbf3ab406329c0df28e70d7e75fb3,cxa0af3165c08318e988cb30993b3048335b94af6c,hxd75467e3e4ce64e3424c747dfb71503017440433,0xbab22a12d,0x6b688cd3a9d4fe2b3fd815cd0ee2e73b1b890fc9ac3c7f5027804597eb13d902,1,94223213,50.115813677,1741127238423772,Sui,0.0460574,SUI,0,1,2025-03-04
cx88fd7df7ddff82f7cc735c871dc519838cb235bb,hxd75467e3e4ce64e3424c747dfb71503017440433,cxa0af3165c08318e988cb30993b3048335b94af6c,0x6ec803ab95b284000,0x6b688cd3a9d4fe2b3fd815cd0ee2e73b1b890fc9ac3c7f5027804597eb13d902,0,94223213,127.72214999999998,1741127238423772,Balanced Dollar,0.0460574,bnUSD,0,1,2025-03-04
cx88fd7df7ddff82f7cc735c871dc519838cb235bb,cxa0af3165c08318e988cb30993b3048335b94af6c,cx5faae53c4dbd1fbe4a2eb4aab6565030f10da5c6,0x2a8a3ed970c79f3,0xbee7e42ae1c3d124c5c9048ef77e5fe2b265ab335e271ee89d0d30ceba3e3192,2,94223206,0.191583225,1741127224420516,Balanced Dollar,0.0460574,bnUSD,0,1,2025-03-04
cx508002ec116fbf3ab406329c0df28e70d7e75fb3,cxa0af3165c08318e988cb30993b3048335b94af6c,hxd75467e3e4ce64e3424c747dfb71503017440433,0xbae69bf63,0xbee7e42ae1c3d124c5c9048ef77e5fe2b265ab335e271ee89d0d30ceba3e3192,1,94223206,50.170806115,1741127224420516,Sui,0.0460574,SUI,0,1,2025-03-04
cx88fd7df7ddff82f7cc735c871dc519838cb235bb,hxd75467e3e4ce64e3424c747dfb71503017440433,cxa0af3165c08318e988cb30993b3048335b94af6c,0x6ec803ab95b284000,0xbee7e42ae1c3d124c5c9048ef77e5fe2b265ab335e271ee89d0d30ceba3e3192,0,94223206,127.72214999999998,1741127224420516,Balanced Dollar,0.0460574,bnUSD,0,1,2025-03-04
cx88fd7df7ddff82f7cc735c871dc519838cb235bb,cxa0af3165c08318e988cb30993b3048335b94af6c,cx5faae53c4dbd1fbe4a2eb4aab6565030f10da5c6,0x2a7a7cbb269991e,0x677225f8968ab488ee74f3ecbac377ec3e157b2d3e0f29855239075b88610f49,2,94223186,0.19130600250000002,1741127184490489,Balanced Dollar,0.0460574,bnUSD,0,1,2025-03-04
cx508002ec116fbf3ab406329c0df28e70d7e75fb3,cxa0af3165c08318e988cb30993b3048335b94af6c,hxd75467e3e4ce64e3424c747dfb71503017440433,0xbad5cac1f,0x677225f8968ab488ee74f3ecbac377ec3e157b2d3e0f29855239075b88610f49,1,94223186,50.153171999,1741127184490489,Sui,0.0460574,SUI,0,1,2025-03-04
cx88fd7df7ddff82f7cc735c871dc519838cb235bb,hxd75467e3e4ce64e3424c747dfb71503017440433,cxa0af3165c08318e988cb30993b3048335b94af6c,0x6e9efa275f2fec000,0x677225f8968ab488ee74f3ecbac377ec3e157b2d3e0f29855239075b88610f49,0,94223186,127.53733500000003,1741127184490489,Balanced Dollar,0.0460574,bnUSD,0,1,2025-03-04
cx88fd7df7ddff82f7cc735c871dc519838cb235bb,cxa0af3165c08318e988cb30993b3048335b94af6c,cx5faae53c4dbd1fbe4a2eb4aab6565030f10da5c6,0x2a8073277a04ef9,0x5ffedcd0f04da6578ed8c4f42a4e96c9c8da4d3ed4220f483e6e9aefa6a803a2,2,94223171,0.19141089749999998,1741127154515791,Balanced Dollar,0.0460600875,bnUSD,0,1,2025-03-04
cx508002ec116fbf3ab406329c0df28e70d7e75fb3,cxa0af3165c08318e988cb30993b3048335b94af6c,hxd75467e3e4ce64e3424c747dfb71503017440433,0xbb2486bcc,0x5ffedcd0f04da6578ed8c4f42a4e96c9c8da4d3ed4220f483e6e9aefa6a803a2,1,94223171,50.235730892,1741127154515791,Sui,0.0460600875,SUI,0,1,2025-03-04
cx88fd7df7ddff82f7cc735c871dc519838cb235bb,hxd75467e3e4ce64e3424c747dfb71503017440433,cxa0af3165c08318e988cb30993b3048335b94af6c,0x6eae8136cdc230000,0x5ffedcd0f04da6578ed8c4f42a4e96c9c8da4d3ed4220f483e6e9aefa6a803a2,0,94223171,127.607265,1741127154515791,Balanced Dollar,0.0460600875,bnUSD,0,1,2025-03-04
cx508002ec116fbf3ab406329c0df28e70d7e75fb3,hx0000000000000000000000000000000000000000,cx66d4d90f5f113eba575bf793570135f9b10cece1,0x5f5e100,0xe46afecd25ab05c0f935e6c13038929e881ed5e52bea45ef35648205d1ab1558,1,94223133,0.1,1741127078371073,Sui,0.0380289625,SUI,0,1,2025-03-04
cx2e6d0fc0eca04965d06038c8406093337f085fcf,hxb41775a05572c421917b6d5d80fd5f31c495b7f8,cx21e94c08c03daee80c25d8ee3ea22a20786ec231,0x84a6f37387e5486c57,0x450088692168068b1351e2658a0c8fdcb81d448e87746c8039a4f2b1e9d07ec8,6,94223112,2447.000303786802,1741127036510534,Craft,0.059971525,CFT,0,1,2025-03-04
cx88fd7df7ddff82f7cc735c871dc519838cb235bb,cx21e94c08c03daee80c25d8ee3ea22a20786ec231,hxb41775a05572c421917b6d5d80fd5f31c495b7f8,0x2c920cdc725b418,0x450088692168068b1351e2658a0c8fdcb81d448e87746c8039a4f2b1e9d07ec8,4,94223112,0.20072772657621915,1741127036510534,Balanced Dollar,0.059971525,bnUSD,0,1,2025-03-04
cx2e6d0fc0eca04965d06038c8406093337f085fcf,cx21e94c08c03daee80c25d8ee3ea22a20786ec231,cxa0af3165c08318e988cb30993b3048335b94af6c,0x84a6f37387e5486c57,0x450088692168068b1351e2658a0c8fdcb81d448e87746c8039a4f2b1e9d07ec8,3,94223112,2447.000303786802,1741127036510534,Craft,0.059971525,CFT,0,1,2025-03-04
cx88fd7df7ddff82f7cc735c871dc519838cb235bb,cxa0af3165c08318e988cb30993b3048335b94af6c,cx5faae53c4dbd1fbe4a2eb4aab6565030f10da5c6,0xfbace55a571e,0x450088692168068b1351e2658a0c8fdcb81d448e87746c8039a4f2b1e9d07ec8,1,94223112,0.000276720000849694,1741127036510534,Balanced Dollar,0.059971525,bnUSD,0,1,2025-03-04
cx88fd7df7ddff82f7cc735c871dc519838cb235bb,cxa0af3165c08318e988cb30993b3048335b94af6c,cx21e94c08c03daee80c25d8ee3ea22a20786ec231,0x2c920cdc725b418,0x450088692168068b1351e2658a0c8fdcb81d448e87746c8039a4f2b1e9d07ec8,0,94223112,0.20072772657621915,1741127036510534,Balanced Dollar,0.059971525,bnUSD,0,1,2025-03-04
cx88fd7df7ddff82f7cc735c871dc519838cb235bb,cx21e94c08c03daee80c25d8ee3ea22a20786ec231,hxb41775a05572c421917b6d5d80fd5f31c495b7f8,0x1fbc0305fb070771e7,0xe1467f8e0188b6d8406bacbdd2f5e5097caf3c6d7cc683e444ed75565ea14651,14,94223101,585.3967449647696,1741127014345535,Balanced Dollar,0.211474975,bnUSD,0,1,2025-03-04
cx88fd7df7ddff82f7cc735c871dc519838cb235bb,cx203d9cd2a669be67177e997b8948ce2c35caffae,cx835b300dcfe01f0bdb794e134a0c5628384f4367,0x106683abeaa07069,0xe1467f8e0188b6d8406bacbdd2f5e5097caf3c6d7cc683e444ed75565ea14651,11,94223101,1.1817767266303632,1741127014345535,Balanced Dollar,0.211474975,bnUSD,0,1,2025-03-04
cx88fd7df7ddff82f7cc735c871dc519838cb235bb,cx5faae53c4dbd1fbe4a2eb4aab6565030f10da5c6,cx203d9cd2a669be67177e997b8948ce2c35caffae,0x176de0ac73c0a096,0xe1467f8e0188b6d8406bacbdd2f5e5097caf3c6d7cc683e444ed75565ea14651,9,94223101,1.6882524666148047,1741127014345535,Balanced Dollar,0.211474975,bnUSD,0,1,2025-03-04
cx88fd7df7ddff82f7cc735c871dc519838cb235bb,cx5faae53c4dbd1fbe4a2eb4aab6565030f10da5c6,cxdc30a0d3a1f131565c071272a20bc0b06fd4c17b,0x176de0ac73c0a096,0xe1467f8e0188b6d8406bacbdd2f5e5097caf3c6d7cc683e444ed75565ea14651,8,94223101,1.6882524666148047,1741127014345535,Balanced Dollar,0.211474975,bnUSD,0,1,2025-03-04
cx88fd7df7ddff82f7cc735c871dc519838cb235bb,cxa0af3165c08318e988cb30993b3048335b94af6c,cx5faae53c4dbd1fbe4a2eb4aab6565030f10da5c6,0xc36e366a9fe8ed9,0xe1467f8e0188b6d8406bacbdd2f5e5097caf3c6d7cc683e444ed75565ea14651,7,94223101,0.8801408072757122,1741127014345535,Balanced Dollar,0.211474975,bnUSD,0,1,2025-03-04
cx88fd7df7ddff82f7cc735c871dc519838cb235bb,cxa0af3165c08318e988cb30993b3048335b94af6c,cx21e94c08c03daee80c25d8ee3ea22a20786ec231,0x1fbc0305fb070771e7,0xe1467f8e0188b6d8406bacbdd2f5e5097caf3c6d7cc683e444ed75565ea14651,6,94223101,585.3967449647696,1741127014345535,Balanced Dollar,0.211474975,bnUSD,0,1,2025-03-04
cx2609b924e33ef00b648a409245c7ea394c467824,cx21e94c08c03daee80c25d8ee3ea22a20786ec231,cxa0af3165c08318e988cb30993b3048335b94af6c,0xdd61273eb6d3cfa98d,0xe1467f8e0188b6d8406bacbdd2f5e5097caf3c6d7cc683e444ed75565ea14651,5,94223101,4083.73107339054,1741127014345535,Staked ICX,0.211474975,sICX,0,1,2025-03-04
cx2609b924e33ef00b648a409245c7ea394c467824,cxa0af3165c08318e988cb30993b3048335b94af6c,cx5faae53c4dbd1fbe4a2eb4aab6565030f10da5c6,0x54fad602fde76afc,0xe1467f8e0188b6d8406bacbdd2f5e5097caf3c6d7cc683e444ed75565ea14651,3,94223101,6.123441951701691,1741127014345535,Staked ICX,0.211474975,sICX,0,1,2025-03-04
cx2609b924e33ef00b648a409245c7ea394c467824,cxa0af3165c08318e988cb30993b3048335b94af6c,cx21e94c08c03daee80c25d8ee3ea22a20786ec231,0xdd61273eb6d3cfa98d,0xe1467f8e0188b6d8406bacbdd2f5e5097caf3c6d7cc683e444ed75565ea14651,2,94223101,4083.73107339054,1741127014345535,Staked ICX,0.211474975,sICX,0,1,2025-03-04
cxf61cd5a45dc9f91c15aa65831a30a90d59a09619,cx21e94c08c03daee80c25d8ee3ea22a20786ec231,cxa0af3165c08318e988cb30993b3048335b94af6c,0x10f0cf064dd59200000,0xe1467f8e0188b6d8406bacbdd2f5e5097caf3c6d7cc683e444ed75565ea14651,1,94223101,5000.0,1741127014345535,Balance Token,0.211474975,BALN,0,1,2025-03-04
cxf61cd5a45dc9f91c15aa65831a30a90d59a09619,hxb41775a05572c421917b6d5d80fd5f31c495b7f8,cx21e94c08c03daee80c25d8ee3ea22a20786ec231,0x10f0cf064dd59200000,0xe1467f8e0188b6d8406bacbdd2f5e5097caf3c6d7cc683e444ed75565ea14651,0,94223101,5000.0,1741127014345535,Balance Token,0.211474975,BALN,0,1,2025-03-04
cx88fd7df7ddff82f7cc735c871dc519838cb235bb,cx21e94c08c03daee80c25d8ee3ea22a20786ec231,hx7497c286aa521b09b2b54d78cde3fa4573c0e157,0x13ec24661247bc0c6,0xfeadd2f6ce56e17f0981162e2ed05719129a2017bdba5ecb9579f2a263ac7de9,17,94223076,22.968998432580815,1741126964332862,Balanced Dollar,0.2589722,bnUSD,0,1,2025-03-04
cxae3034235540b924dfcc1b45836c293dcc82bfb7,cx21e94c08c03daee80c25d8ee3ea22a20786ec231,cxa0af3165c08318e988cb30993b3048335b94af6c,0x440d067,0xfeadd2f6ce56e17f0981162e2ed05719129a2017bdba5ecb9579f2a263ac7de9,16,94223076,71.356519,1741126964332862,ICON USD Coin,0.2589722,IUSDC,0,1,2025-03-04
cx88fd7df7ddff82f7cc735c871dc519838cb235bb,cxa0af3165c08318e988cb30993b3048335b94af6c,cx5faae53c4dbd1fbe4a2eb4aab6565030f10da5c6,0x7a8ce1ecc701db,0xfeadd2f6ce56e17f0981162e2ed05719129a2017bdba5ecb9579f2a263ac7de9,14,94223076,0.034494849126695384,1741126964332862,Balanced Dollar,0.2589722,bnUSD,0,1,2025-03-04
cx88fd7df7ddff82f7cc735c871dc519838cb235bb,cxa0af3165c08318e988cb30993b3048335b94af6c,cx21e94c08c03daee80c25d8ee3ea22a20786ec231,0x13ec24661247bc0c6,0xfeadd2f6ce56e17f0981162e2ed05719129a2017bdba5ecb9579f2a263ac7de9,13,94223076,22.968998432580815,1741126964332862,Balanced Dollar,0.2589722,bnUSD,0,1,2025-03-04
cxae3034235540b924dfcc1b45836c293dcc82bfb7,cxa0af3165c08318e988cb30993b3048335b94af6c,cx5faae53c4dbd1fbe4a2eb4aab6565030f10da5c6,0x19e84,0xfeadd2f6ce56e17f0981162e2ed05719129a2017bdba5ecb9579f2a263ac7de9,11,94223076,0.106116,1741126964332862,ICON USD Coin,0.2589722,IUSDC,0,1,2025-03-04
cxae3034235540b924dfcc1b45836c293dcc82bfb7,cxa0af3165c08318e988cb30993b3048335b94af6c,cx21e94c08c03daee80c25d8ee3ea22a20786ec231,0x440d067,0xfeadd2f6ce56e17f0981162e2ed05719129a2017bdba5ecb9579f2a263ac7de9,10,94223076,71.356519,1741126964332862,ICON USD Coin,0.2589722,IUSDC,0,1,2025-03-04
cx1a29259a59f463a67bb2ef84398b30ca56b5830a,cx21e94c08c03daee80c25d8ee3ea22a20786ec231,cxa0af3165c08318e988cb30993b3048335b94af6c,0x3c8ec71f70726055e39,0xfeadd2f6ce56e17f0981162e2ed05719129a2017bdba5ecb9579f2a263ac7de9,9,94223076,17873.48593382624,1741126964332862,Omm Token,0.2589722,OMM,0,1,2025-03-04
cx2609b924e33ef00b648a409245c7ea394c467824,cxa0af3165c08318e988cb30993b3048335b94af6c,cx5faae53c4dbd1fbe4a2eb4aab6565030f10da5c6,0x340c72d8b589ed9,0xfeadd2f6ce56e17f0981162e2ed05719129a2017bdba5ecb9579f2a263ac7de9,7,94223076,0.2344061790485624,1741126964332862,Staked ICX,0.2589722,sICX,0,1,2025-03-04
cx1a29259a59f463a67bb2ef84398b30ca56b5830a,cxa0af3165c08318e988cb30993b3048335b94af6c,cx21e94c08c03daee80c25d8ee3ea22a20786ec231,0x3c8ec71f70726055e39,0xfeadd2f6ce56e17f0981162e2ed05719129a2017bdba5ecb9579f2a263ac7de9,6,94223076,17873.48593382624,1741126964332862,Omm Token,0.2589722,OMM,0,1,2025-03-04
cx2609b924e33ef00b648a409245c7ea394c467824,cx21e94c08c03daee80c25d8ee3ea22a20786ec231,cxa0af3165c08318e988cb30993b3048335b94af6c,0x878b15bf036c855a4,0xfeadd2f6ce56e17f0981162e2ed05719129a2017bdba5ecb9579f2a263ac7de9,5,94223076,156.27078603237493,1741126964332862,Staked ICX,0.2589722,sICX,0,1,2025-03-04
cx88fd7df7ddff82f7cc735c871dc519838cb235bb,cxa0af3165c08318e988cb30993b3048335b94af6c,cx5faae53c4dbd1fbe4a2eb4aab6565030f10da5c6,0x782cce0c073462,0xfeadd2f6ce56e17f0981162e2ed05719129a2017bdba5ecb9579f2a263ac7de9,3,94223076,0.033826260681962594,1741126964332862,Balanced Dollar,0.2589722,bnUSD,0,1,2025-03-04
cx2609b924e33ef00b648a409245c7ea394c467824,cxa0af3165c08318e988cb30993b3048335b94af6c,cx21e94c08c03daee80c25d8ee3ea22a20786ec231,0x878b15bf036c855a4,0xfeadd2f6ce56e17f0981162e2ed05719129a2017bdba5ecb9579f2a263ac7de9,2,94223076,156.27078603237493,1741126964332862,Staked ICX,0.2589722,sICX,0,1,2025-03-04
cx88fd7df7ddff82f7cc735c871dc519838cb235bb,cx21e94c08c03daee80c25d8ee3ea22a20786ec231,cxa0af3165c08318e988cb30993b3048335b94af6c,0x138f4ade9fd6dc000,0xfeadd2f6ce56e17f0981162e2ed05719129a2017bdba5ecb9579f2a263ac7de9,1,94223076,22.55084045464173,1741126964332862,Balanced Dollar,0.2589722,bnUSD,0,1,2025-03-04
cx88fd7df7ddff82f7cc735c871dc519838cb235bb,hx7497c286aa521b09b2b54d78cde3fa4573c0e157,cx21e94c08c03daee80c25d8ee3ea22a20786ec231,0x138f4ade9fd6dc000,0xfeadd2f6ce56e17f0981162e2ed05719129a2017bdba5ecb9579f2a263ac7de9,0,94223076,22.55084045464173,1741126964332862,Balanced Dollar,0.2589722,bnUSD,0,1,2025-03-04
cx88fd7df7ddff82f7cc735c871dc519838cb235bb,cx21e94c08c03daee80c25d8ee3ea22a20786ec231,hx4230e72f2b531f7ce7212f772aa318966bcfa098,0x6f3853d278ea860ed,0xb4f8df530f05d09a435a8178f6e155782b20ebd275e923f5547eda967d18da1e,9,94223075,128.22796320548272,1741126962534677,Balanced Dollar,0.1815917125,bnUSD,0,1,2025-03-04
cx88fd7df7ddff82f7cc735c871dc519838cb235bb,cxa0af3165c08318e988cb30993b3048335b94af6c,cx5faae53c4dbd1fbe4a2eb4aab6565030f10da5c6,0x2ad4a55394c3f80,0xb4f8df530f05d09a435a8178f6e155782b20ebd275e923f5547eda967d18da1e,7,94223075,0.19289208894077325,1741126962534677,Balanced Dollar,0.1815917125,bnUSD,0,1,2025-03-04
cx88fd7df7ddff82f7cc735c871dc519838cb235bb,cxa0af3165c08318e988cb30993b3048335b94af6c,cx21e94c08c03daee80c25d8ee3ea22a20786ec231,0x6f3853d278ea860ed,0xb4f8df530f05d09a435a8178f6e155782b20ebd275e923f5547eda967d18da1e,6,94223075,128.22796320548272,1741126962534677,Balanced Dollar,0.1815917125,bnUSD,0,1,2025-03-04
cx2609b924e33ef00b648a409245c7ea394c467824,cx21e94c08c03daee80c25d8ee3ea22a20786ec231,cxa0af3165c08318e988cb30993b3048335b94af6c,0x30745cf8d70d82538a,0xb4f8df530f05d09a435a8178f6e155782b20ebd275e923f5547eda967d18da1e,5,94223075,893.8285657468438,1741126962534677,Staked ICX,0.1815917125,sICX,0,1,2025-03-04
cx2609b924e33ef00b648a409245c7ea394c467824,cxa0af3165c08318e988cb30993b3048335b94af6c,cx5faae53c4dbd1fbe4a2eb4aab6565030f10da5c6,0x1209c4d244aaf8c4,0xb4f8df530f05d09a435a8178f6e155782b20ebd275e923f5547eda967d18da1e,3,94223075,1.2997863748473304,1741126962534677,Staked ICX,0.1815917125,sICX,0,1,2025-03-04
cx2609b924e33ef00b648a409245c7ea394c467824,cxa0af3165c08318e988cb30993b3048335b94af6c,cx21e94c08c03daee80c25d8ee3ea22a20786ec231,0x30745cf8d70d82538a,0xb4f8df530f05d09a435a8178f6e155782b20ebd275e923f5547eda967d18da1e,2,94223075,893.8285657468438,1741126962534677,Staked ICX,0.1815917125,sICX,0,1,2025-03-04
cx1a29259a59f463a67bb2ef84398b30ca56b5830a,cx21e94c08c03daee80c25d8ee3ea22a20786ec231,cxa0af3165c08318e988cb30993b3048335b94af6c,0x152d02c7e14af6800000,0xb4f8df530f05d09a435a8178f6e155782b20ebd275e923f5547eda967d18da1e,1,94223075,100000.0,1741126962534677,Omm Token,0.1815917125,OMM,0,1,2025-03-04
cx1a29259a59f463a67bb2ef84398b30ca56b5830a,hx4230e72f2b531f7ce7212f772aa318966bcfa098,cx21e94c08c03daee80c25d8ee3ea22a20786ec231,0x152d02c7e14af6800000,0xb4f8df530f05d09a435a8178f6e155782b20ebd275e923f5547eda967d18da1e,0,94223075,100000.0,1741126962534677,Omm Token,0.1815917125,OMM,0,1,2025-03-04
cx2609b924e33ef00b648a409245c7ea394c467824,hx76948ccd4e07437bf7073b395b8109e0c8c162c4,cxa0af3165c08318e988cb30993b3048335b94af6c,0x6c6301dd9a1b6c2e,0x07e98dea23b9204a1895e38007754476d1bd5ca069bd62e3c51470b72ba93cd9,1,94222738,7.81008823007546,1741126288100668,Staked ICX,0.0940658875,sICX,0,3,2025-03-04
cx2e6d0fc0eca04965d06038c8406093337f085fcf,hx76948ccd4e07437bf7073b395b8109e0c8c162c4,cxa0af3165c08318e988cb30993b3048335b94af6c,0x35305d9056c753ec3f9,0xe40037328182626a9e282a51710c8c52f2a780516f09070c2ea02af902d4c991,1,94222738,15698.600580730346,1741126288100668,Craft,0.01460705,CFT,0,1,2025-03-04
cx2609b924e33ef00b648a409245c7ea394c467824,cx21e94c08c03daee80c25d8ee3ea22a20786ec231,hx76948ccd4e07437bf7073b395b8109e0c8c162c4,0x6ca3230a34a852b9,0x6f89e69221b67c677c87e6ad97d841bee7ccf755db83f54cb44da45c46700316,6,94222720,7.828139104040146,1741126252194742,Staked ICX,0.1728134625,sICX,0,1,2025-03-04
cx88fd7df7ddff82f7cc735c871dc519838cb235bb,cxa0af3165c08318e988cb30993b3048335b94af6c,cx5faae53c4dbd1fbe4a2eb4aab6565030f10da5c6,0x605878bdcc628,0x6f89e69221b67c677c87e6ad97d841bee7ccf755db83f54cb44da45c46700316,3,94222720,0.001694929585489448,1741126252194742,Balanced Dollar,0.1728134625,bnUSD,0,1,2025-03-04
cx2609b924e33ef00b648a409245c7ea394c467824,cxa0af3165c08318e988cb30993b3048335b94af6c,cx21e94c08c03daee80c25d8ee3ea22a20786ec231,0x6ca3230a34a852b9,0x6f89e69221b67c677c87e6ad97d841bee7ccf755db83f54cb44da45c46700316,2,94222720,7.828139104040146,1741126252194742,Staked ICX,0.1728134625,sICX,0,1,2025-03-04
cx88fd7df7ddff82f7cc735c871dc519838cb235bb,cx21e94c08c03daee80c25d8ee3ea22a20786ec231,cxa0af3165c08318e988cb30993b3048335b94af6c,0xfae66518eeeb473,0x6f89e69221b67c677c87e6ad97d841bee7ccf755db83f54cb44da45c46700316,1,94222720,1.1299530569929657,1741126252194742,Balanced Dollar,0.1728134625,bnUSD,0,1,2025-03-04
cx88fd7df7ddff82f7cc735c871dc519838cb235bb,hx76948ccd4e07437bf7073b395b8109e0c8c162c4,cx21e94c08c03daee80c25d8ee3ea22a20786ec231,0xfae66518eeeb473,0x6f89e69221b67c677c87e6ad97d841bee7ccf755db83f54cb44da45c46700316,0,94222720,1.1299530569929657,1741126252194742,Balanced Dollar,0.1728134625,bnUSD,0,1,2025-03-04
cx2e6d0fc0eca04965d06038c8406093337f085fcf,cx21e94c08c03daee80c25d8ee3ea22a20786ec231,hx76948ccd4e07437bf7073b395b8109e0c8c162c4,0x35303f12f6286bea8c1,0xc80b314ed54a70a0cbec114521e7db273e7e1bcc70b011cd15b51a5dfae0e5d1,9,94222704,15698.463267078543,1741126220075110,Craft,0.1503177125,CFT,0,1,2025-03-04
cx2609b924e33ef00b648a409245c7ea394c467824,cxa0af3165c08318e988cb30993b3048335b94af6c,cx5faae53c4dbd1fbe4a2eb4aab6565030f10da5c6,0x29b7811c02931c,0xc80b314ed54a70a0cbec114521e7db273e7e1bcc70b011cd15b51a5dfae0e5d1,7,94222704,0.011742239193731867,1741126220075110,Staked ICX,0.1503177125,sICX,0,1,2025-03-04
cx2e6d0fc0eca04965d06038c8406093337f085fcf,cxa0af3165c08318e988cb30993b3048335b94af6c,cx21e94c08c03daee80c25d8ee3ea22a20786ec231,0x35303f12f6286bea8c1,0xc80b314ed54a70a0cbec114521e7db273e7e1bcc70b011cd15b51a5dfae0e5d1,6,94222704,15698.463267078543,1741126220075110,Craft,0.1503177125,CFT,0,1,2025-03-04
cx2609b924e33ef00b648a409245c7ea394c467824,cx21e94c08c03daee80c25d8ee3ea22a20786ec231,cxa0af3165c08318e988cb30993b3048335b94af6c,0x6ca3358e46b46fde,0xc80b314ed54a70a0cbec114521e7db273e7e1bcc70b011cd15b51a5dfae0e5d1,5,94222704,7.828159462487912,1741126220075110,Staked ICX,0.1503177125,sICX,0,1,2025-03-04
cx88fd7df7ddff82f7cc735c871dc519838cb235bb,cxa0af3165c08318e988cb30993b3048335b94af6c,cx5faae53c4dbd1fbe4a2eb4aab6565030f10da5c6,0x605878bdcc628,0xc80b314ed54a70a0cbec114521e7db273e7e1bcc70b011cd15b51a5dfae0e5d1,3,94222704,0.001694929585489448,1741126220075110,Balanced Dollar,0.1503177125,bnUSD,0,1,2025-03-04
cx2609b924e33ef00b648a409245c7ea394c467824,cxa0af3165c08318e988cb30993b3048335b94af6c,cx21e94c08c03daee80c25d8ee3ea22a20786ec231,0x6ca3358e46b46fde,0xc80b314ed54a70a0cbec114521e7db273e7e1bcc70b011cd15b51a5dfae0e5d1,2,94222704,7.828159462487912,1741126220075110,Staked ICX,0.1503177125,sICX,0,1,2025-03-04
cx88fd7df7ddff82f7cc735c871dc519838cb235bb,cx21e94c08c03daee80c25d8ee3ea22a20786ec231,cxa0af3165c08318e988cb30993b3048335b94af6c,0xfae66518eeeb472,0xc80b314ed54a70a0cbec114521e7db273e7e1bcc70b011cd15b51a5dfae0e5d1,1,94222704,1.1299530569929657,1741126220075110,Balanced Dollar,0.1503177125,bnUSD,0,1,2025-03-04
cx88fd7df7ddff82f7cc735c871dc519838cb235bb,hx76948ccd4e07437bf7073b395b8109e0c8c162c4,cx21e94c08c03daee80c25d8ee3ea22a20786ec231,0xfae66518eeeb472,0xc80b314ed54a70a0cbec114521e7db273e7e1bcc70b011cd15b51a5dfae0e5d1,0,94222704,1.1299530569929657,1741126220075110,Balanced Dollar,0.1503177125,bnUSD,0,1,2025-03-04
cx88fd7df7ddff82f7cc735c871dc519838cb235bb,cx21e94c08c03daee80c25d8ee3ea22a20786ec231,hx2debd9ec927cca1639da8d3518dd9dbf1cdfb357,0x19e447df75c668d59b,0x05e1d3868336bab53143712bb3fb967ecb034e38bd2f909bfc2a01f9dc202f88,5,94222668,477.61796370366574,1741126148049752,Balanced Dollar,0.0885101125,bnUSD,0,1,2025-03-04
cx88fd7df7ddff82f7cc735c871dc519838cb235bb,cxa0af3165c08318e988cb30993b3048335b94af6c,cx5faae53c4dbd1fbe4a2eb4aab6565030f10da5c6,0x9f637872e429e12,0x05e1d3868336bab53143712bb3fb967ecb034e38bd2f909bfc2a01f9dc202f88,3,94222668,0.7178222443484032,1741126148049752,Balanced Dollar,0.0885101125,bnUSD,0,1,2025-03-04
cx88fd7df7ddff82f7cc735c871dc519838cb235bb,cxa0af3165c08318e988cb30993b3048335b94af6c,cx21e94c08c03daee80c25d8ee3ea22a20786ec231,0x19e447df75c668d59b,0x05e1d3868336bab53143712bb3fb967ecb034e38bd2f909bfc2a01f9dc202f88,2,94222668,477.61796370366574,1741126148049752,Balanced Dollar,0.0885101125,bnUSD,0,1,2025-03-04
cx288d13e1b63563459a2ac6179f237711f6851cb5,cx21e94c08c03daee80c25d8ee3ea22a20786ec231,cxa0af3165c08318e988cb30993b3048335b94af6c,0x30d98d59a960000,0x05e1d3868336bab53143712bb3fb967ecb034e38bd2f909bfc2a01f9dc202f88,1,94222668,0.22,1741126148049752,Ethereum,0.0885101125,ETH,0,1,2025-03-04
cx288d13e1b63563459a2ac6179f237711f6851cb5,hx2debd9ec927cca1639da8d3518dd9dbf1cdfb357,cx21e94c08c03daee80c25d8ee3ea22a20786ec231,0x30d98d59a960000,0x05e1d3868336bab53143712bb3fb967ecb034e38bd2f909bfc2a01f9dc202f88,0,94222668,0.22,1741126148049752,Ethereum,0.0885101125,ETH,0,1,2025-03-04
cx88fd7df7ddff82f7cc735c871dc519838cb235bb,cxf14dea1cff7ceb29a46e6d04533a08f84441e41d,hx76948ccd4e07437bf7073b395b8109e0c8c162c4,0xd2250cebf96ae49,0x74bbdc53a34f6f03588e87303c0825e371fcf338a39edd256620f5edd1b42d0d,2,94222553,0.9464077206090338,1741125917969726,Balanced Dollar,0.0172761,bnUSD,0,1,2025-03-04
cxf14dea1cff7ceb29a46e6d04533a08f84441e41d,hx76948ccd4e07437bf7073b395b8109e0c8c162c4,hx23af9c6fbaa5a5c34eb82b9fd354075232bff850,0x19945ca2620000,0x74bbdc53a34f6f03588e87303c0825e371fcf338a39edd256620f5edd1b42d0d,1,94222553,0.0072,1741125917969726,Blobble Stake Token,0.0172761,BST,0,1,2025-03-04
cxf14dea1cff7ceb29a46e6d04533a08f84441e41d,hx76948ccd4e07437bf7073b395b8109e0c8c162c4,hx0000000000000000000000000000000000000000,0x9e45fd2cbe60000,0x74bbdc53a34f6f03588e87303c0825e371fcf338a39edd256620f5edd1b42d0d,0,94222553,0.7128,1741125917969726,Blobble Stake Token,0.0172761,BST,0,1,2025-03-04
cx88fd7df7ddff82f7cc735c871dc519838cb235bb,cx21e94c08c03daee80c25d8ee3ea22a20786ec231,hxd75467e3e4ce64e3424c747dfb71503017440433,0x66aaddb462fe7d2c3,0x9f74c5e1b73382cbddf461b402b4591d34ab7bf0ce2461deb6bda40d748301d6,9,94222529,118.36750567574653,1741125869951234,Balanced Dollar,0.170017025,bnUSD,0,1,2025-03-04
cx88fd7df7ddff82f7cc735c871dc519838cb235bb,cxa0af3165c08318e988cb30993b3048335b94af6c,cx5faae53c4dbd1fbe4a2eb4aab6565030f10da5c6,0x27899a8134e8e02,0x9f74c5e1b73382cbddf461b402b4591d34ab7bf0ce2461deb6bda40d748301d6,7,94222529,0.1780611324386053,1741125869951234,Balanced Dollar,0.170017025,bnUSD,0,1,2025-03-04
cx88fd7df7ddff82f7cc735c871dc519838cb235bb,cxa0af3165c08318e988cb30993b3048335b94af6c,cx21e94c08c03daee80c25d8ee3ea22a20786ec231,0x66aaddb462fe7d2c3,0x9f74c5e1b73382cbddf461b402b4591d34ab7bf0ce2461deb6bda40d748301d6,6,94222529,118.36750567574653,1741125869951234,Balanced Dollar,0.170017025,bnUSD,0,1,2025-03-04
cx2609b924e33ef00b648a409245c7ea394c467824,cx21e94c08c03daee80c25d8ee3ea22a20786ec231,cxa0af3165c08318e988cb30993b3048335b94af6c,0x2cb74a4cc1ab389bae,0x9f74c5e1b73382cbddf461b402b4591d34ab7bf0ce2461deb6bda40d748301d6,5,94222529,824.8641924951227,1741125869951234,Staked ICX,0.170017025,sICX,0,1,2025-03-04
cx2609b924e33ef00b648a409245c7ea394c467824,cxa0af3165c08318e988cb30993b3048335b94af6c,cx5faae53c4dbd1fbe4a2eb4aab6565030f10da5c6,0x11330a85c9b2fdcc,0x9f74c5e1b73382cbddf461b402b4591d34ab7bf0ce2461deb6bda40d748301d6,3,94222529,1.2393458921878973,1741125869951234,Staked ICX,0.170017025,sICX,0,1,2025-03-04
cx2609b924e33ef00b648a409245c7ea394c467824,cxa0af3165c08318e988cb30993b3048335b94af6c,cx21e94c08c03daee80c25d8ee3ea22a20786ec231,0x2cb74a4cc1ab389bae,0x9f74c5e1b73382cbddf461b402b4591d34ab7bf0ce2461deb6bda40d748301d6,2,94222529,824.8641924951227,1741125869951234,Staked ICX,0.170017025,sICX,0,1,2025-03-04
cx518f64edcd35db9044a2de63fdc10abfd5f7d611,cx21e94c08c03daee80c25d8ee3ea22a20786ec231,cxa0af3165c08318e988cb30993b3048335b94af6c,0xee6b2800,0x9f74c5e1b73382cbddf461b402b4591d34ab7bf0ce2461deb6bda40d748301d6,1,94222529,400.0,1741125869951234,Stellar,0.170017025,XLM,0,1,2025-03-04
cx518f64edcd35db9044a2de63fdc10abfd5f7d611,hxd75467e3e4ce64e3424c747dfb71503017440433,cx21e94c08c03daee80c25d8ee3ea22a20786ec231,0xee6b2800,0x9f74c5e1b73382cbddf461b402b4591d34ab7bf0ce2461deb6bda40d748301d6,0,94222529,400.0,1741125869951234,Stellar,0.170017025,XLM,0,1,2025-03-04
cx88fd7df7ddff82f7cc735c871dc519838cb235bb,cx21e94c08c03daee80c25d8ee3ea22a20786ec231,hx2debd9ec927cca1639da8d3518dd9dbf1cdfb357,0x1211ecba1c816ef883,0xb05278f264b8ccba64eaa0a67cef6349481dde6fa78c779150461529a12f9863,5,94222406,333.3330051515138,1741125623871192,Balanced Dollar,0.088410925,bnUSD,0,2,2025-03-04
cx88fd7df7ddff82f7cc735c871dc519838cb235bb,cxa0af3165c08318e988cb30993b3048335b94af6c,cx5faae53c4dbd1fbe4a2eb4aab6565030f10da5c6,0x6f2804848b2f541,0xb05278f264b8ccba64eaa0a67cef6349481dde6fa78c779150461529a12f9863,3,94222406,0.5006035565372348,1741125623871192,Balanced Dollar,0.088410925,bnUSD,0,2,2025-03-04
cx88fd7df7ddff82f7cc735c871dc519838cb235bb,cxa0af3165c08318e988cb30993b3048335b94af6c,cx21e94c08c03daee80c25d8ee3ea22a20786ec231,0x1211ecba1c816ef883,0xb05278f264b8ccba64eaa0a67cef6349481dde6fa78c779150461529a12f9863,2,94222406,333.3330051515138,1741125623871192,Balanced Dollar,0.088410925,bnUSD,0,2,2025-03-04
cx4297f4b63262507623b6ad575d0d8dd2db980e4e,cx21e94c08c03daee80c25d8ee3ea22a20786ec231,cxa0af3165c08318e988cb30993b3048335b94af6c,0x1a055690d9db80000,0xb05278f264b8ccba64eaa0a67cef6349481dde6fa78c779150461529a12f9863,1,94222406,30.0,1741125623871192,Injective,0.088410925,INJ,0,2,2025-03-04
cx4297f4b63262507623b6ad575d0d8dd2db980e4e,hx2debd9ec927cca1639da8d3518dd9dbf1cdfb357,cx21e94c08c03daee80c25d8ee3ea22a20786ec231,0x1a055690d9db80000,0xb05278f264b8ccba64eaa0a67cef6349481dde6fa78c779150461529a12f9863,0,94222406,30.0,1741125623871192,Injective,0.088410925,INJ,0,2,2025-03-04
cx88fd7df7ddff82f7cc735c871dc519838cb235bb,cx21e94c08c03daee80c25d8ee3ea22a20786ec231,hx2debd9ec927cca1639da8d3518dd9dbf1cdfb357,0x17adfd30598d9f4ae7,0xb798281de4c7f4e3477b301dfd0e08433fdcd6ee0824c065c7fb6a32211c6c95,5,94222334,436.81234379417526,1741125479817410,Balanced Dollar,0.0883564875,bnUSD,0,1,2025-03-04
cx88fd7df7ddff82f7cc735c871dc519838cb235bb,cxa0af3165c08318e988cb30993b3048335b94af6c,cx5faae53c4dbd1fbe4a2eb4aab6565030f10da5c6,0x91d01b28315f6d4,0xb798281de4c7f4e3477b301dfd0e08433fdcd6ee0824c065c7fb6a32211c6c95,3,94222334,0.6566829868810217,1741125479817410,Balanced Dollar,0.0883564875,bnUSD,0,1,2025-03-04
cx88fd7df7ddff82f7cc735c871dc519838cb235bb,cxa0af3165c08318e988cb30993b3048335b94af6c,cx21e94c08c03daee80c25d8ee3ea22a20786ec231,0x17adfd30598d9f4ae7,0xb798281de4c7f4e3477b301dfd0e08433fdcd6ee0824c065c7fb6a32211c6c95,2,94222334,436.81234379417526,1741125479817410,Balanced Dollar,0.0883564875,bnUSD,0,1,2025-03-04
cx07b184a37f03c6ab681fcbd0b45aec6dc3eafbeb,cx21e94c08c03daee80c25d8ee3ea22a20786ec231,cxa0af3165c08318e988cb30993b3048335b94af6c,0x11c37937e08000,0xb798281de4c7f4e3477b301dfd0e08433fdcd6ee0824c065c7fb6a32211c6c95,1,94222334,0.005,1741125479817410,Bitcoin,0.0883564875,BTC,0,1,2025-03-04
cx07b184a37f03c6ab681fcbd0b45aec6dc3eafbeb,hx2debd9ec927cca1639da8d3518dd9dbf1cdfb357,cx21e94c08c03daee80c25d8ee3ea22a20786ec231,0x11c37937e08000,0xb798281de4c7f4e3477b301dfd0e08433fdcd6ee0824c065c7fb6a32211c6c95,0,94222334,0.005,1741125479817410,Bitcoin,0.0883564875,BTC,0,1,2025-03-04
cx6139a27c15f1653471ffba0b4b88dc15de7e3267,hx9a3f92011102bc6e50b6c243502eaad6fd6db8d4,hx0000000000000000000000000000000000000000,0x1c75d6ae6e48140000,0xcb7f04d1046c2d69965241c501d26b239dadbac52e1f5ddddaf9ff7b6d7b81a2,0,94222327,525.0,1741125465813257,GangstaBet Token,0.0213556625,GBET,0,1,2025-03-04
cx6139a27c15f1653471ffba0b4b88dc15de7e3267,hx0000000000000000000000000000000000000000,hx9a3f92011102bc6e50b6c243502eaad6fd6db8d4,0x1aff23697ba0880000,0x3c2aa1ae8488025da566e33258cf5d0c916bf5eeaae9b21413cf540c0cd28e34,0,94222284,498.0,1741125379784411,GangstaBet Token,0.0126616,GBET,0,1,2025-03-04
cx88fd7df7ddff82f7cc735c871dc519838cb235bb,cx21e94c08c03daee80c25d8ee3ea22a20786ec231,hxd75467e3e4ce64e3424c747dfb71503017440433,0x66f91c12a08f61760,0xfd4f6f17aa4b0eb325c4d534d3d51d382acfdbcb73dfcf2595ce873aa3aae664,16,94222207,118.71988363837349,1741125225890856,Balanced Dollar,0.3689207625,bnUSD,0,1,2025-03-04
cx88fd7df7ddff82f7cc735c871dc519838cb235bb,cxa0af3165c08318e988cb30993b3048335b94af6c,cx5faae53c4dbd1fbe4a2eb4aab6565030f10da5c6,0x27a7bb3e654981d,0xfd4f6f17aa4b0eb325c4d534d3d51d382acfdbcb73dfcf2595ce873aa3aae664,14,94222207,0.17859114782822197,1741125225890856,Balanced Dollar,0.3689207625,bnUSD,0,1,2025-03-04
cx88fd7df7ddff82f7cc735c871dc519838cb235bb,cxa0af3165c08318e988cb30993b3048335b94af6c,cx21e94c08c03daee80c25d8ee3ea22a20786ec231,0x66f91c12a08f61760,0xfd4f6f17aa4b0eb325c4d534d3d51d382acfdbcb73dfcf2595ce873aa3aae664,13,94222207,118.71988363837349,1741125225890856,Balanced Dollar,0.3689207625,bnUSD,0,1,2025-03-04
cx2609b924e33ef00b648a409245c7ea394c467824,cx21e94c08c03daee80c25d8ee3ea22a20786ec231,cxa0af3165c08318e988cb30993b3048335b94af6c,0x2cd639074f40265b8c,0xfd4f6f17aa4b0eb325c4d534d3d51d382acfdbcb73dfcf2595ce873aa3aae664,12,94222207,827.0931164779694,1741125225890856,Staked ICX,0.3689207625,sICX,0,1,2025-03-04
cx2609b924e33ef00b648a409245c7ea394c467824,cx203d9cd2a669be67177e997b8948ce2c35caffae,cx835b300dcfe01f0bdb794e134a0c5628384f4367,0x15dcf6465eb4f351,0xfd4f6f17aa4b0eb325c4d534d3d51d382acfdbcb73dfcf2595ce873aa3aae664,9,94222207,1.5754047517698917,1741125225890856,Staked ICX,0.3689207625,sICX,0,1,2025-03-04
cx2609b924e33ef00b648a409245c7ea394c467824,cx5faae53c4dbd1fbe4a2eb4aab6565030f10da5c6,cx203d9cd2a669be67177e997b8948ce2c35caffae,0x1f3ba8f6d0703706,0xfd4f6f17aa4b0eb325c4d534d3d51d382acfdbcb73dfcf2595ce873aa3aae664,6,94222207,2.250578216814131,1741125225890856,Staked ICX,0.3689207625,sICX,0,1,2025-03-04
cx2609b924e33ef00b648a409245c7ea394c467824,cx5faae53c4dbd1fbe4a2eb4aab6565030f10da5c6,cxdc30a0d3a1f131565c071272a20bc0b06fd4c17b,0x1f3ba8f6d0703705,0xfd4f6f17aa4b0eb325c4d534d3d51d382acfdbcb73dfcf2595ce873aa3aae664,4,94222207,2.250578216814131,1741125225890856,Staked ICX,0.3689207625,sICX,0,1,2025-03-04
cx2609b924e33ef00b648a409245c7ea394c467824,cxa0af3165c08318e988cb30993b3048335b94af6c,cx5faae53c4dbd1fbe4a2eb4aab6565030f10da5c6,0x113eee4a785feea2,0xfd4f6f17aa4b0eb325c4d534d3d51d382acfdbcb73dfcf2595ce873aa3aae664,3,94222207,1.2426925508153792,1741125225890856,Staked ICX,0.3689207625,sICX,0,1,2025-03-04
cx2609b924e33ef00b648a409245c7ea394c467824,cxa0af3165c08318e988cb30993b3048335b94af6c,cx21e94c08c03daee80c25d8ee3ea22a20786ec231,0x2cd639074f40265b8c,0xfd4f6f17aa4b0eb325c4d534d3d51d382acfdbcb73dfcf2595ce873aa3aae664,2,94222207,827.0931164779694,1741125225890856,Staked ICX,0.3689207625,sICX,0,1,2025-03-04
cx518f64edcd35db9044a2de63fdc10abfd5f7d611,cx21e94c08c03daee80c25d8ee3ea22a20786ec231,cxa0af3165c08318e988cb30993b3048335b94af6c,0xee6b2800,0xfd4f6f17aa4b0eb325c4d534d3d51d382acfdbcb73dfcf2595ce873aa3aae664,1,94222207,400.0,1741125225890856,Stellar,0.3689207625,XLM,0,1,2025-03-04
cx518f64edcd35db9044a2de63fdc10abfd5f7d611,hxd75467e3e4ce64e3424c747dfb71503017440433,cx21e94c08c03daee80c25d8ee3ea22a20786ec231,0xee6b2800,0xfd4f6f17aa4b0eb325c4d534d3d51d382acfdbcb73dfcf2595ce873aa3aae664,0,94222207,400.0,1741125225890856,Stellar,0.3689207625,XLM,0,1,2025-03-04
cx88fd7df7ddff82f7cc735c871dc519838cb235bb,cx21e94c08c03daee80c25d8ee3ea22a20786ec231,hx2debd9ec927cca1639da8d3518dd9dbf1cdfb357,0x15ccf8defe4023020e,0x272498dd4a4380d7ad0bdffec77545645ccfca6ff5d2c6fe4adce3bcaaaef6f3,10,94222197,402.15142570944124,1741125205915213,Balanced Dollar,0.1304492625,bnUSD,0,1,2025-03-04
cx88fd7df7ddff82f7cc735c871dc519838cb235bb,cx203d9cd2a669be67177e997b8948ce2c35caffae,cx835b300dcfe01f0bdb794e134a0c5628384f4367,0x88f62fafca9f850a,0x272498dd4a4380d7ad0bdffec77545645ccfca6ff5d2c6fe4adce3bcaaaef6f3,7,94222197,9.869128065494255,1741125205915213,Balanced Dollar,0.1304492625,bnUSD,0,1,2025-03-04
cx88fd7df7ddff82f7cc735c871dc519838cb235bb,cx5faae53c4dbd1fbe4a2eb4aab6565030f10da5c6,cx203d9cd2a669be67177e997b8948ce2c35caffae,0xc3a8d668d851997d,0x272498dd4a4380d7ad0bdffec77545645ccfca6ff5d2c6fe4adce3bcaaaef6f3,5,94222197,14.098754379277507,1741125205915213,Balanced Dollar,0.1304492625,bnUSD,0,1,2025-03-04
cx88fd7df7ddff82f7cc735c871dc519838cb235bb,cx5faae53c4dbd1fbe4a2eb4aab6565030f10da5c6,cxdc30a0d3a1f131565c071272a20bc0b06fd4c17b,0xc3a8d668d851997d,0x272498dd4a4380d7ad0bdffec77545645ccfca6ff5d2c6fe4adce3bcaaaef6f3,4,94222197,14.098754379277507,1741125205915213,Balanced Dollar,0.1304492625,bnUSD,0,1,2025-03-04
cx88fd7df7ddff82f7cc735c871dc519838cb235bb,cxa0af3165c08318e988cb30993b3048335b94af6c,cx5faae53c4dbd1fbe4a2eb4aab6565030f10da5c6,0x86200ce4d60b673,0x272498dd4a4380d7ad0bdffec77545645ccfca6ff5d2c6fe4adce3bcaaaef6f3,3,94222197,0.6040461860825146,1741125205915213,Balanced Dollar,0.1304492625,bnUSD,0,1,2025-03-04
cx88fd7df7ddff82f7cc735c871dc519838cb235bb,cxa0af3165c08318e988cb30993b3048335b94af6c,cx21e94c08c03daee80c25d8ee3ea22a20786ec231,0x15ccf8defe4023020e,0x272498dd4a4380d7ad0bdffec77545645ccfca6ff5d2c6fe4adce3bcaaaef6f3,2,94222197,402.15142570944124,1741125205915213,Balanced Dollar,0.1304492625,bnUSD,0,1,2025-03-04
cx66a031cc3bd305c76371fb586e93801b948254f0,cx21e94c08c03daee80c25d8ee3ea22a20786ec231,cxa0af3165c08318e988cb30993b3048335b94af6c,0x1158e460913d00000,0x272498dd4a4380d7ad0bdffec77545645ccfca6ff5d2c6fe4adce3bcaaaef6f3,1,94222197,20.0,1741125205915213,Avalanche,0.1304492625,AVAX,0,1,2025-03-04
cx66a031cc3bd305c76371fb586e93801b948254f0,hx2debd9ec927cca1639da8d3518dd9dbf1cdfb357,cx21e94c08c03daee80c25d8ee3ea22a20786ec231,0x1158e460913d00000,0x272498dd4a4380d7ad0bdffec77545645ccfca6ff5d2c6fe4adce3bcaaaef6f3,0,94222197,20.0,1741125205915213,Avalanche,0.1304492625,AVAX,0,1,2025-03-04
cx88fd7df7ddff82f7cc735c871dc519838cb235bb,cx21e94c08c03daee80c25d8ee3ea22a20786ec231,hx2debd9ec927cca1639da8d3518dd9dbf1cdfb357,0x148dda815227d23f74,0x0c8169dd876f50f476ec471307ed9e5c91ffaa058b4ae28fb46b6f567ac465b0,5,94222167,379.15650596831716,1741125145882400,Balanced Dollar,0.0786919,bnUSD,0,1,2025-03-04
cx88fd7df7ddff82f7cc735c871dc519838cb235bb,cxa0af3165c08318e988cb30993b3048335b94af6c,cx5faae53c4dbd1fbe4a2eb4aab6565030f10da5c6,0x7e750b182378dfb,0x0c8169dd876f50f476ec471307ed9e5c91ffaa058b4ae28fb46b6f567ac465b0,3,94222167,0.5695126012097694,1741125145882400,Balanced Dollar,0.0786919,bnUSD,0,1,2025-03-04
cx88fd7df7ddff82f7cc735c871dc519838cb235bb,cxa0af3165c08318e988cb30993b3048335b94af6c,cx21e94c08c03daee80c25d8ee3ea22a20786ec231,0x148dda815227d23f74,0x0c8169dd876f50f476ec471307ed9e5c91ffaa058b4ae28fb46b6f567ac465b0,2,94222167,379.15650596831716,1741125145882400,Balanced Dollar,0.0786919,bnUSD,0,1,2025-03-04
cx508002ec116fbf3ab406329c0df28e70d7e75fb3,cx21e94c08c03daee80c25d8ee3ea22a20786ec231,cxa0af3165c08318e988cb30993b3048335b94af6c,0x22ecb25c00,0x0c8169dd876f50f476ec471307ed9e5c91ffaa058b4ae28fb46b6f567ac465b0,1,94222167,150.0,1741125145882400,Sui,0.0786919,SUI,0,1,2025-03-04
cx508002ec116fbf3ab406329c0df28e70d7e75fb3,hx2debd9ec927cca1639da8d3518dd9dbf1cdfb357,cx21e94c08c03daee80c25d8ee3ea22a20786ec231,0x22ecb25c00,0x0c8169dd876f50f476ec471307ed9e5c91ffaa058b4ae28fb46b6f567ac465b0,0,94222167,150.0,1741125145882400,Sui,0.0786919,SUI,0,1,2025-03-04
cx88fd7df7ddff82f7cc735c871dc519838cb235bb,cxa0af3165c08318e988cb30993b3048335b94af6c,cx5faae53c4dbd1fbe4a2eb4aab6565030f10da5c6,0xef2478a4003800,0xf6a55d941b73e88ee033fc4f15b1978bb8881e627d700b374fd6dbda52a0ef91,2,94222110,0.06731262,1741125031678838,Balanced Dollar,0.0563627125,bnUSD,0,1,2025-03-04
cx4297f4b63262507623b6ad575d0d8dd2db980e4e,cxa0af3165c08318e988cb30993b3048335b94af6c,hxd75467e3e4ce64e3424c747dfb71503017440433,0x37a07e95b1c3a7c7,0xf6a55d941b73e88ee033fc4f15b1978bb8881e627d700b374fd6dbda52a0ef91,1,94222110,4.008342849757358,1741125031678838,Injective,0.0563627125,INJ,0,1,2025-03-04
cx88fd7df7ddff82f7cc735c871dc519838cb235bb,hxd75467e3e4ce64e3424c747dfb71503017440433,cxa0af3165c08318e988cb30993b3048335b94af6c,0x26ec44f806b3c8000,0xf6a55d941b73e88ee033fc4f15b1978bb8881e627d700b374fd6dbda52a0ef91,0,94222110,44.87508,1741125031678838,Balanced Dollar,0.0563627125,bnUSD,0,1,2025-03-04
cx2609b924e33ef00b648a409245c7ea394c467824,hx247e7c6b63c63d5b04c539373a0fbcffbdedd358,cx66d4d90f5f113eba575bf793570135f9b10cece1,0x73bbb49d2e04897e5,0xd35c69c061bf141ce24165f1dc3ef91e20389970033292b4d709f6cd4e92f24e,1,94222096,133.4313235549043,1741125003800964,Staked ICX,0.0952468125,sICX,0,1,2025-03-04
cx88fd7df7ddff82f7cc735c871dc519838cb235bb,hx247e7c6b63c63d5b04c539373a0fbcffbdedd358,hx0000000000000000000000000000000000000000,0x4573ab47cd776fe8,0x3bd9ff58637a4e87492a3dad836c9777d3824ace3cda5b7af25c90c47a47cae3,0,94222085,5.004531935816938,1741124981651664,Balanced Dollar,0.0606554375,bnUSD,0,1,2025-03-04
cx88fd7df7ddff82f7cc735c871dc519838cb235bb,cx21e94c08c03daee80c25d8ee3ea22a20786ec231,hx247e7c6b63c63d5b04c539373a0fbcffbdedd358,0x4563918244f40001,0xe95b4b848577005cc850da37435ad5f2eb2e1627e7edb56825cd6e84d8660a1c,5,94222077,5.0,1741124965651564,Balanced Dollar,0.1103504,bnUSD,0,1,2025-03-04
cx88fd7df7ddff82f7cc735c871dc519838cb235bb,cxa0af3165c08318e988cb30993b3048335b94af6c,cx5faae53c4dbd1fbe4a2eb4aab6565030f10da5c6,0x1ab9b226ea4c47,0xe95b4b848577005cc850da37435ad5f2eb2e1627e7edb56825cd6e84d8660a1c,3,94222077,0.007522524202683463,1741124965651564,Balanced Dollar,0.1103504,bnUSD,0,1,2025-03-04
cx88fd7df7ddff82f7cc735c871dc519838cb235bb,cxa0af3165c08318e988cb30993b3048335b94af6c,cx21e94c08c03daee80c25d8ee3ea22a20786ec231,0x4563918244f40001,0xe95b4b848577005cc850da37435ad5f2eb2e1627e7edb56825cd6e84d8660a1c,2,94222077,5.0,1741124965651564,Balanced Dollar,0.1103504,bnUSD,0,1,2025-03-04
cx2609b924e33ef00b648a409245c7ea394c467824,cx21e94c08c03daee80c25d8ee3ea22a20786ec231,cxa0af3165c08318e988cb30993b3048335b94af6c,0x1e358e314e923002d,0xe95b4b848577005cc850da37435ad5f2eb2e1627e7edb56825cd6e84d8660a1c,1,94222077,34.828837397219964,1741124965651564,Staked ICX,0.1103504,sICX,0,1,2025-03-04
cx2609b924e33ef00b648a409245c7ea394c467824,hx247e7c6b63c63d5b04c539373a0fbcffbdedd358,cx21e94c08c03daee80c25d8ee3ea22a20786ec231,0x1e358e314e923002d,0xe95b4b848577005cc850da37435ad5f2eb2e1627e7edb56825cd6e84d8660a1c,0,94222077,34.828837397219964,1741124965651564,Staked ICX,0.1103504,sICX,0,1,2025-03-04
cxf61cd5a45dc9f91c15aa65831a30a90d59a09619,cx10d59e8103ab44635190bd4139dbfd682fa2d07e,hx247e7c6b63c63d5b04c539373a0fbcffbdedd358,0x3905b60dc7154165,0xe04604787fa52a128fbef71dcdebbc44252195952e6a125d968c5d877afc9a09,3,94222061,4.108890405336335,1741124933718443,Balance Token,0.0910552875,BALN,0,1,2025-03-04
cx2609b924e33ef00b648a409245c7ea394c467824,cx10d59e8103ab44635190bd4139dbfd682fa2d07e,hx247e7c6b63c63d5b04c539373a0fbcffbdedd358,0x91f142ce7c96b9812,0xe04604787fa52a128fbef71dcdebbc44252195952e6a125d968c5d877afc9a09,1,94222061,168.2601609521243,1741124933718443,Staked ICX,0.0910552875,sICX,0,1,2025-03-04
cx88fd7df7ddff82f7cc735c871dc519838cb235bb,cx21e94c08c03daee80c25d8ee3ea22a20786ec231,hx2debd9ec927cca1639da8d3518dd9dbf1cdfb357,0x149f1e544c31daeba8,0xc1439ff238ffac6242264f6f3e4b55d2baaaee90b06875ec28ee2804ab5601b1,5,94222049,380.40057586175357,1741124909628050,Balanced Dollar,0.0786959,bnUSD,0,1,2025-03-04
cx88fd7df7ddff82f7cc735c871dc519838cb235bb,cxa0af3165c08318e988cb30993b3048335b94af6c,cx5faae53c4dbd1fbe4a2eb4aab6565030f10da5c6,0x7edf2d4b5b22e0d,0xc1439ff238ffac6242264f6f3e4b55d2baaaee90b06875ec28ee2804ab5601b1,3,94222049,0.5713797231412628,1741124909628050,Balanced Dollar,0.0786959,bnUSD,0,1,2025-03-04
cx88fd7df7ddff82f7cc735c871dc519838cb235bb,cxa0af3165c08318e988cb30993b3048335b94af6c,cx21e94c08c03daee80c25d8ee3ea22a20786ec231,0x149f1e544c31daeba8,0xc1439ff238ffac6242264f6f3e4b55d2baaaee90b06875ec28ee2804ab5601b1,2,94222049,380.40057586175357,1741124909628050,Balanced Dollar,0.0786959,bnUSD,0,1,2025-03-04
cx508002ec116fbf3ab406329c0df28e70d7e75fb3,cx21e94c08c03daee80c25d8ee3ea22a20786ec231,cxa0af3165c08318e988cb30993b3048335b94af6c,0x22ecb25c00,0xc1439ff238ffac6242264f6f3e4b55d2baaaee90b06875ec28ee2804ab5601b1,1,94222049,150.0,1741124909628050,Sui,0.0786959,SUI,0,1,2025-03-04
cx508002ec116fbf3ab406329c0df28e70d7e75fb3,hx2debd9ec927cca1639da8d3518dd9dbf1cdfb357,cx21e94c08c03daee80c25d8ee3ea22a20786ec231,0x22ecb25c00,0xc1439ff238ffac6242264f6f3e4b55d2baaaee90b06875ec28ee2804ab5601b1,0,94222049,150.0,1741124909628050,Sui,0.0786959,SUI,0,1,2025-03-04
cx88fd7df7ddff82f7cc735c871dc519838cb235bb,cx21e94c08c03daee80c25d8ee3ea22a20786ec231,hx2debd9ec927cca1639da8d3518dd9dbf1cdfb357,0x19f25432df247d6469,0x9229279475550e4d9f25cade25946c747344f440fa2876929ca23f2864e23316,5,94222046,478.63023943193235,1741124903768733,Balanced Dollar,0.0885141125,bnUSD,0,1,2025-03-04
cx88fd7df7ddff82f7cc735c871dc519838cb235bb,cxa0af3165c08318e988cb30993b3048335b94af6c,cx5faae53c4dbd1fbe4a2eb4aab6565030f10da5c6,0x9fb9e78f61627e3,0x9229279475550e4d9f25cade25946c747344f440fa2876929ca23f2864e23316,3,94222046,0.7193428078576374,1741124903768733,Balanced Dollar,0.0885141125,bnUSD,0,1,2025-03-04
cx88fd7df7ddff82f7cc735c871dc519838cb235bb,cxa0af3165c08318e988cb30993b3048335b94af6c,cx21e94c08c03daee80c25d8ee3ea22a20786ec231,0x19f25432df247d6469,0x9229279475550e4d9f25cade25946c747344f440fa2876929ca23f2864e23316,2,94222046,478.63023943193235,1741124903768733,Balanced Dollar,0.0885141125,bnUSD,0,1,2025-03-04
cx288d13e1b63563459a2ac6179f237711f6851cb5,cx21e94c08c03daee80c25d8ee3ea22a20786ec231,cxa0af3165c08318e988cb30993b3048335b94af6c,0x30d98d59a960000,0x9229279475550e4d9f25cade25946c747344f440fa2876929ca23f2864e23316,1,94222046,0.22,1741124903768733,Ethereum,0.0885141125,ETH,0,1,2025-03-04
cx288d13e1b63563459a2ac6179f237711f6851cb5,hx2debd9ec927cca1639da8d3518dd9dbf1cdfb357,cx21e94c08c03daee80c25d8ee3ea22a20786ec231,0x30d98d59a960000,0x9229279475550e4d9f25cade25946c747344f440fa2876929ca23f2864e23316,0,94222046,0.22,1741124903768733,Ethereum,0.0885141125,ETH,0,1,2025-03-04
cx288d13e1b63563459a2ac6179f237711f6851cb5,hx1adc2b41608d81704d775ff143f43ab6efe0d792,cx66d4d90f5f113eba575bf793570135f9b10cece1,0x260b60133102d6,0xadefcd4e0de4f6447f96d74d5332c216905f9ac0ca766cf752e225ad5a45b201,0,94221966,0.010708556381749975,1741124743583066,Ethereum,0.0225485,ETH,0,1,2025-03-04
cx88fd7df7ddff82f7cc735c871dc519838cb235bb,cxa0af3165c08318e988cb30993b3048335b94af6c,cx5faae53c4dbd1fbe4a2eb4aab6565030f10da5c6,0xef5afc8268a000,0x834ec6efa68c3da73a8d5df865cc10086eff8342c715dc51079a5266ebfef01a,2,94221959,0.06737256,1741124729576300,Balanced Dollar,0.0563627125,bnUSD,0,1,2025-03-04
cx4297f4b63262507623b6ad575d0d8dd2db980e4e,cxa0af3165c08318e988cb30993b3048335b94af6c,hxd75467e3e4ce64e3424c747dfb71503017440433,0x37b40940e523b8f1,0x834ec6efa68c3da73a8d5df865cc10086eff8342c715dc51079a5266ebfef01a,1,94221959,4.013843342220835,1741124729576300,Injective,0.0563627125,INJ,0,1,2025-03-04
cx88fd7df7ddff82f7cc735c871dc519838cb235bb,hxd75467e3e4ce64e3424c747dfb71503017440433,cxa0af3165c08318e988cb30993b3048335b94af6c,0x26f5246e8f0760000,0x834ec6efa68c3da73a8d5df865cc10086eff8342c715dc51079a5266ebfef01a,0,94221959,44.91504,1741124729576300,Balanced Dollar,0.0563627125,bnUSD,0,1,2025-03-04
cx288d13e1b63563459a2ac6179f237711f6851cb5,cx21e94c08c03daee80c25d8ee3ea22a20786ec231,hx1adc2b41608d81704d775ff143f43ab6efe0d792,0x260b60133102d6,0x1d4b1ce5db1cc06ef6fe572fb75bdc4910c088fc59228956d87841c1a9a4d778,9,94221957,0.010708556381749975,1741124725736687,Ethereum,0.13418365,ETH,0,1,2025-03-04
cx88fd7df7ddff82f7cc735c871dc519838cb235bb,cxa0af3165c08318e988cb30993b3048335b94af6c,cx5faae53c4dbd1fbe4a2eb4aab6565030f10da5c6,0x7d07134c573da7,0x1d4b1ce5db1cc06ef6fe572fb75bdc4910c088fc59228956d87841c1a9a4d778,7,94221957,0.035192151555390884,1741124725736687,Balanced Dollar,0.13418365,bnUSD,0,1,2025-03-04
cx288d13e1b63563459a2ac6179f237711f6851cb5,cxa0af3165c08318e988cb30993b3048335b94af6c,cx21e94c08c03daee80c25d8ee3ea22a20786ec231,0x260b60133102d6,0x1d4b1ce5db1cc06ef6fe572fb75bdc4910c088fc59228956d87841c1a9a4d778,6,94221957,0.010708556381749975,1741124725736687,Ethereum,0.13418365,ETH,0,1,2025-03-04
cx88fd7df7ddff82f7cc735c871dc519838cb235bb,cx21e94c08c03daee80c25d8ee3ea22a20786ec231,cxa0af3165c08318e988cb30993b3048335b94af6c,0x14597c2417885e4ba,0x1d4b1ce5db1cc06ef6fe572fb75bdc4910c088fc59228956d87841c1a9a4d778,5,94221957,23.46143437026059,1741124725736687,Balanced Dollar,0.13418365,bnUSD,0,1,2025-03-04
cx88fd7df7ddff82f7cc735c871dc519838cb235bb,cxa0af3165c08318e988cb30993b3048335b94af6c,cx5faae53c4dbd1fbe4a2eb4aab6565030f10da5c6,0x7d627f77a4426d,0x1d4b1ce5db1cc06ef6fe572fb75bdc4910c088fc59228956d87841c1a9a4d778,3,94221957,0.03529267169645425,1741124725736687,Balanced Dollar,0.13418365,bnUSD,0,1,2025-03-04
cx88fd7df7ddff82f7cc735c871dc519838cb235bb,cxa0af3165c08318e988cb30993b3048335b94af6c,cx21e94c08c03daee80c25d8ee3ea22a20786ec231,0x14597c2417885e4ba,0x1d4b1ce5db1cc06ef6fe572fb75bdc4910c088fc59228956d87841c1a9a4d778,2,94221957,23.46143437026059,1741124725736687,Balanced Dollar,0.13418365,bnUSD,0,1,2025-03-04
cx65c9e3d4fea842e00add0d32a5b4c5e4e04c7a6b,cx21e94c08c03daee80c25d8ee3ea22a20786ec231,cxa0af3165c08318e988cb30993b3048335b94af6c,0x9ba295e,0x1d4b1ce5db1cc06ef6fe572fb75bdc4910c088fc59228956d87841c1a9a4d778,1,94221957,0.16319523,1741124725736687,Solana,0.13418365,SOL,0,1,2025-03-04
cx65c9e3d4fea842e00add0d32a5b4c5e4e04c7a6b,hx1adc2b41608d81704d775ff143f43ab6efe0d792,cx21e94c08c03daee80c25d8ee3ea22a20786ec231,0x9ba295e,0x1d4b1ce5db1cc06ef6fe572fb75bdc4910c088fc59228956d87841c1a9a4d778,0,94221957,0.16319523,1741124725736687,Solana,0.13418365,SOL,0,1,2025-03-04
cx88fd7df7ddff82f7cc735c871dc519838cb235bb,cxa0af3165c08318e988cb30993b3048335b94af6c,cx5faae53c4dbd1fbe4a2eb4aab6565030f10da5c6,0xe915842c7f7600,0xaf6267f3de4bf0bbc0498e8b0366139dc3f096682de6717ecd80df4298325a6a,2,94221951,0.065607327,1741124713578868,Balanced Dollar,0.0460316125,bnUSD,0,1,2025-03-04
cx65c9e3d4fea842e00add0d32a5b4c5e4e04c7a6b,cxa0af3165c08318e988cb30993b3048335b94af6c,hxd75467e3e4ce64e3424c747dfb71503017440433,0x12071641,0xaf6267f3de4bf0bbc0498e8b0366139dc3f096682de6717ecd80df4298325a6a,1,94221951,0.302454337,1741124713578868,Solana,0.0460316125,SOL,0,1,2025-03-04
cx88fd7df7ddff82f7cc735c871dc519838cb235bb,hxd75467e3e4ce64e3424c747dfb71503017440433,cxa0af3165c08318e988cb30993b3048335b94af6c,0x25efd5d893698a000,0xaf6267f3de4bf0bbc0498e8b0366139dc3f096682de6717ecd80df4298325a6a,0,94221951,43.738218,1741124713578868,Balanced Dollar,0.0460316125,bnUSD,0,1,2025-03-04
cx65c9e3d4fea842e00add0d32a5b4c5e4e04c7a6b,cx21e94c08c03daee80c25d8ee3ea22a20786ec231,hx1adc2b41608d81704d775ff143f43ab6efe0d792,0x9ba262e,0x640fabbafe6b0c09efc16842ae9b6a5ac6eb7eab7a185da20e404bd099fea639,5,94221927,0.163194414,1741124665559741,Solana,0.0757375,SOL,0,1,2025-03-04
cx88fd7df7ddff82f7cc735c871dc519838cb235bb,cxa0af3165c08318e988cb30993b3048335b94af6c,cx5faae53c4dbd1fbe4a2eb4aab6565030f10da5c6,0x7db6098c44c1ba,0x640fabbafe6b0c09efc16842ae9b6a5ac6eb7eab7a185da20e404bd099fea639,3,94221927,0.03538452421310918,1741124665559741,Balanced Dollar,0.0757375,bnUSD,0,1,2025-03-04
cx65c9e3d4fea842e00add0d32a5b4c5e4e04c7a6b,cxa0af3165c08318e988cb30993b3048335b94af6c,cx21e94c08c03daee80c25d8ee3ea22a20786ec231,0x9ba262e,0x640fabbafe6b0c09efc16842ae9b6a5ac6eb7eab7a185da20e404bd099fea639,2,94221927,0.163194414,1741124665559741,Solana,0.0757375,SOL,0,1,2025-03-04
cx88fd7df7ddff82f7cc735c871dc519838cb235bb,cx21e94c08c03daee80c25d8ee3ea22a20786ec231,cxa0af3165c08318e988cb30993b3048335b94af6c,0x1475f6387f30dd4c0,0x640fabbafe6b0c09efc16842ae9b6a5ac6eb7eab7a185da20e404bd099fea639,1,94221927,23.58968280873945,1741124665559741,Balanced Dollar,0.0757375,bnUSD,0,1,2025-03-04
cx88fd7df7ddff82f7cc735c871dc519838cb235bb,hx1adc2b41608d81704d775ff143f43ab6efe0d792,cx21e94c08c03daee80c25d8ee3ea22a20786ec231,0x1475f6387f30dd4c0,0x640fabbafe6b0c09efc16842ae9b6a5ac6eb7eab7a185da20e404bd099fea639,0,94221927,23.58968280873945,1741124665559741,Balanced Dollar,0.0757375,bnUSD,0,1,2025-03-04
cx88fd7df7ddff82f7cc735c871dc519838cb235bb,hx0000000000000000000000000000000000000000,cx5faae53c4dbd1fbe4a2eb4aab6565030f10da5c6,0xa79d62105bacf8,0x18eb70b2e48aa2d8a420ffcbd1cdc108e3344f8e389bedc65faaaa3d1d1a1475,3,94221921,0.0471793656174789,1741124653695786,Balanced Dollar,0.10232265,bnUSD,0,1,2025-03-04
cx88fd7df7ddff82f7cc735c871dc519838cb235bb,cx66d4d90f5f113eba575bf793570135f9b10cece1,hx1adc2b41608d81704d775ff143f43ab6efe0d792,0x1475f6387f30dd4c0,0x18eb70b2e48aa2d8a420ffcbd1cdc108e3344f8e389bedc65faaaa3d1d1a1475,1,94221921,23.58968280873945,1741124653695786,Balanced Dollar,0.10232265,bnUSD,0,1,2025-03-04
cx88fd7df7ddff82f7cc735c871dc519838cb235bb,hx0000000000000000000000000000000000000000,cx66d4d90f5f113eba575bf793570135f9b10cece1,0x1475f6387f30dd4c0,0x18eb70b2e48aa2d8a420ffcbd1cdc108e3344f8e389bedc65faaaa3d1d1a1475,0,94221921,23.58968280873945,1741124653695786,Balanced Dollar,0.10232265,bnUSD,0,1,2025-03-04
cx65c9e3d4fea842e00add0d32a5b4c5e4e04c7a6b,hx1adc2b41608d81704d775ff143f43ab6efe0d792,cx66d4d90f5f113eba575bf793570135f9b10cece1,0xed07ee8,0x53b338b7acc9642eafa05d5591c97ff5f901f688314a3f8fbf177ccded182c95,0,94221913,0.248545,1741124637553694,Solana,0.022492375,SOL,0,1,2025-03-04
cx65c9e3d4fea842e00add0d32a5b4c5e4e04c7a6b,cx21e94c08c03daee80c25d8ee3ea22a20786ec231,hx1adc2b41608d81704d775ff143f43ab6efe0d792,0xed08075,0x3dd1db7ccd85f56b35301cdcda24554fc418ee6230db3b00f6baf860b11d01dd,5,94221905,0.248545397,1741124621547460,Solana,0.07574125,SOL,0,1,2025-03-04
cx88fd7df7ddff82f7cc735c871dc519838cb235bb,cxa0af3165c08318e988cb30993b3048335b94af6c,cx5faae53c4dbd1fbe4a2eb4aab6565030f10da5c6,0xbf62e58b9e9777,0x3dd1db7ccd85f56b35301cdcda24554fc418ee6230db3b00f6baf860b11d01dd,3,94221905,0.053870458581194616,1741124621547460,Balanced Dollar,0.07574125,bnUSD,0,1,2025-03-04
cx65c9e3d4fea842e00add0d32a5b4c5e4e04c7a6b,cxa0af3165c08318e988cb30993b3048335b94af6c,cx21e94c08c03daee80c25d8ee3ea22a20786ec231,0xed08075,0x3dd1db7ccd85f56b35301cdcda24554fc418ee6230db3b00f6baf860b11d01dd,2,94221905,0.248545397,1741124621547460,Solana,0.07574125,SOL,0,1,2025-03-04
cx88fd7df7ddff82f7cc735c871dc519838cb235bb,cx21e94c08c03daee80c25d8ee3ea22a20786ec231,cxa0af3165c08318e988cb30993b3048335b94af6c,0x1f266e070ecffc822,0x3dd1db7ccd85f56b35301cdcda24554fc418ee6230db3b00f6baf860b11d01dd,1,94221905,35.913639054129746,1741124621547460,Balanced Dollar,0.07574125,bnUSD,0,1,2025-03-04
cx88fd7df7ddff82f7cc735c871dc519838cb235bb,hx1adc2b41608d81704d775ff143f43ab6efe0d792,cx21e94c08c03daee80c25d8ee3ea22a20786ec231,0x1f266e070ecffc822,0x3dd1db7ccd85f56b35301cdcda24554fc418ee6230db3b00f6baf860b11d01dd,0,94221905,35.913639054129746,1741124621547460,Balanced Dollar,0.07574125,bnUSD,0,1,2025-03-04
cx88fd7df7ddff82f7cc735c871dc519838cb235bb,hx0000000000000000000000000000000000000000,cx5faae53c4dbd1fbe4a2eb4aab6565030f10da5c6,0xff2e8764d3749f,0x3c3fc28ccf080ee5235a7686a47adb94c2d5df6079d2e51a6856cb61bd4b0ca3,3,94221886,0.07182727810825949,1741124583596110,Balanced Dollar,0.10555985,bnUSD,0,1,2025-03-04
cx88fd7df7ddff82f7cc735c871dc519838cb235bb,cx66d4d90f5f113eba575bf793570135f9b10cece1,hx1adc2b41608d81704d775ff143f43ab6efe0d792,0x1f266e070ecffc822,0x3c3fc28ccf080ee5235a7686a47adb94c2d5df6079d2e51a6856cb61bd4b0ca3,1,94221886,35.913639054129746,1741124583596110,Balanced Dollar,0.10555985,bnUSD,0,1,2025-03-04
cx88fd7df7ddff82f7cc735c871dc519838cb235bb,hx0000000000000000000000000000000000000000,cx66d4d90f5f113eba575bf793570135f9b10cece1,0x1f266e070ecffc822,0x3c3fc28ccf080ee5235a7686a47adb94c2d5df6079d2e51a6856cb61bd4b0ca3,0,94221886,35.913639054129746,1741124583596110,Balanced Dollar,0.10555985,bnUSD,0,1,2025-03-04
cx2609b924e33ef00b648a409245c7ea394c467824,hx1adc2b41608d81704d775ff143f43ab6efe0d792,cx66d4d90f5f113eba575bf793570135f9b10cece1,0x13f5861f4c7b520000,0x236f9f64829c9c208444ad9337bd30b01ca2ce9c1ec8633076c2944a522c0c53,1,94221878,368.18,1741124567530253,Staked ICX,0.095272,sICX,0,1,2025-03-04
cx2609b924e33ef00b648a409245c7ea394c467824,cx21e94c08c03daee80c25d8ee3ea22a20786ec231,hx1adc2b41608d81704d775ff143f43ab6efe0d792,0x13f5a2433548c2cfed,0x5b1378224aa45645389baf1c4805ad853556052e6b5dd95ab50f801f1d80ddc9,5,94221868,368.18792078213403,1741124547519765,Staked ICX,0.1103286,sICX,0,1,2025-03-04
cx88fd7df7ddff82f7cc735c871dc519838cb235bb,cxa0af3165c08318e988cb30993b3048335b94af6c,cx5faae53c4dbd1fbe4a2eb4aab6565030f10da5c6,0x11b5c01dcc59a7e,0x5b1378224aa45645389baf1c4805ad853556052e6b5dd95ab50f801f1d80ddc9,3,94221868,0.079758581477776,1741124547519765,Balanced Dollar,0.1103286,bnUSD,0,1,2025-03-04
cx2609b924e33ef00b648a409245c7ea394c467824,cxa0af3165c08318e988cb30993b3048335b94af6c,cx21e94c08c03daee80c25d8ee3ea22a20786ec231,0x13f5a2433548c2cfed,0x5b1378224aa45645389baf1c4805ad853556052e6b5dd95ab50f801f1d80ddc9,2,94221868,368.18792078213403,1741124547519765,Staked ICX,0.1103286,sICX,0,1,2025-03-04
cx88fd7df7ddff82f7cc735c871dc519838cb235bb,cx21e94c08c03daee80c25d8ee3ea22a20786ec231,cxa0af3165c08318e988cb30993b3048335b94af6c,0x2e1ea44d997ecfda1,0x5b1378224aa45645389baf1c4805ad853556052e6b5dd95ab50f801f1d80ddc9,1,94221868,53.17238765185066,1741124547519765,Balanced Dollar,0.1103286,bnUSD,0,1,2025-03-04
cx88fd7df7ddff82f7cc735c871dc519838cb235bb,hx1adc2b41608d81704d775ff143f43ab6efe0d792,cx21e94c08c03daee80c25d8ee3ea22a20786ec231,0x2e1ea44d997ecfda1,0x5b1378224aa45645389baf1c4805ad853556052e6b5dd95ab50f801f1d80ddc9,0,94221868,53.17238765185066,1741124547519765,Balanced Dollar,0.1103286,bnUSD,0,1,2025-03-04
cxd17316e24ee40f2ef8ed6f3a497311db1b35206d,hx27ab991fad3ad5de5015d81ffde9994883daca91,hx27ab991fad3ad5de5015d81ffde9994883daca91,0x0,0x5f75e346a37f352d88958054fbf12eb443509e69c59f15ee9ad6eef400643201,4,94221862,0.0,1741124535674205,unknown_token,0.020517075,$unknown,34,1,2025-03-04
cx7baf94bd53b505353285ee4c4c050f9703581703,hx27ab991fad3ad5de5015d81ffde9994883daca91,hx0000000000000000000000000000000000000000,0x0,0x5f75e346a37f352d88958054fbf12eb443509e69c59f15ee9ad6eef400643201,2,94221862,0.0,1741124535674205,unknown_token,0.020517075,$unknown,10,1,2025-03-04
cx7baf94bd53b505353285ee4c4c050f9703581703,hx27ab991fad3ad5de5015d81ffde9994883daca91,hx0000000000000000000000000000000000000000,0x0,0x5f75e346a37f352d88958054fbf12eb443509e69c59f15ee9ad6eef400643201,0,94221862,0.0,1741124535674205,unknown_token,0.020517075,$unknown,31,1,2025-03-04
cx88fd7df7ddff82f7cc735c871dc519838cb235bb,hx0000000000000000000000000000000000000000,cx5faae53c4dbd1fbe4a2eb4aab6565030f10da5c6,0x179d0027bb22352,0x98a0131586416eb15a9cdbc07f83fa5b394b3e64664f7be4ff5780b2bbcdd431,3,94221860,0.10634477530370133,1741124531515377,Balanced Dollar,0.1055626,bnUSD,0,1,2025-03-04
cx88fd7df7ddff82f7cc735c871dc519838cb235bb,cx66d4d90f5f113eba575bf793570135f9b10cece1,hx1adc2b41608d81704d775ff143f43ab6efe0d792,0x2e1ea44d997ecfda1,0x98a0131586416eb15a9cdbc07f83fa5b394b3e64664f7be4ff5780b2bbcdd431,1,94221860,53.17238765185066,1741124531515377,Balanced Dollar,0.1055626,bnUSD,0,1,2025-03-04
cx88fd7df7ddff82f7cc735c871dc519838cb235bb,hx0000000000000000000000000000000000000000,cx66d4d90f5f113eba575bf793570135f9b10cece1,0x2e1ea44d997ecfda1,0x98a0131586416eb15a9cdbc07f83fa5b394b3e64664f7be4ff5780b2bbcdd431,0,94221860,53.17238765185066,1741124531515377,Balanced Dollar,0.1055626,bnUSD,0,1,2025-03-04
cx2609b924e33ef00b648a409245c7ea394c467824,hx1adc2b41608d81704d775ff143f43ab6efe0d792,cx66d4d90f5f113eba575bf793570135f9b10cece1,0x1d8f2b18bae362c84a,0x0c7046b621acb3308f9c27966bcf4af06e2b68e301d9bf3aa9e9832d6cffcf32,1,94221853,545.2719446999571,1741124517516640,Staked ICX,0.095272,sICX,0,1,2025-03-04
cx2609b924e33ef00b648a409245c7ea394c467824,cx21e94c08c03daee80c25d8ee3ea22a20786ec231,hx1adc2b41608d81704d775ff143f43ab6efe0d792,0x1d8f102c44802f2643,0xb99386ab0e1c640e035d01a2b25ea208478b25368ca9d1c2ad8e3fb543cefee6,5,94221846,545.2643663573481,1741124503651199,Staked ICX,0.1103286,sICX,0,1,2025-03-04
cx88fd7df7ddff82f7cc735c871dc519838cb235bb,cxa0af3165c08318e988cb30993b3048335b94af6c,cx5faae53c4dbd1fbe4a2eb4aab6565030f10da5c6,0x1a3931f5ccff577,0xb99386ab0e1c640e035d01a2b25ea208478b25368ca9d1c2ad8e3fb543cefee6,3,94221846,0.11809977815216678,1741124503651199,Balanced Dollar,0.1103286,bnUSD,0,1,2025-03-04
cx2609b924e33ef00b648a409245c7ea394c467824,cxa0af3165c08318e988cb30993b3048335b94af6c,cx21e94c08c03daee80c25d8ee3ea22a20786ec231,0x1d8f102c44802f2643,0xb99386ab0e1c640e035d01a2b25ea208478b25368ca9d1c2ad8e3fb543cefee6,2,94221846,545.2643663573481,1741124503651199,Staked ICX,0.1103286,sICX,0,1,2025-03-04
cx88fd7df7ddff82f7cc735c871dc519838cb235bb,cx21e94c08c03daee80c25d8ee3ea22a20786ec231,cxa0af3165c08318e988cb30993b3048335b94af6c,0x444a47701b2e49290,0xb99386ab0e1c640e035d01a2b25ea208478b25368ca9d1c2ad8e3fb543cefee6,1,94221846,78.73318543477785,1741124503651199,Balanced Dollar,0.1103286,bnUSD,0,1,2025-03-04
cx88fd7df7ddff82f7cc735c871dc519838cb235bb,hx1adc2b41608d81704d775ff143f43ab6efe0d792,cx21e94c08c03daee80c25d8ee3ea22a20786ec231,0x444a47701b2e49290,0xb99386ab0e1c640e035d01a2b25ea208478b25368ca9d1c2ad8e3fb543cefee6,0,94221846,78.73318543477785,1741124503651199,Balanced Dollar,0.1103286,bnUSD,0,1,2025-03-04
cx88fd7df7ddff82f7cc735c871dc519838cb235bb,cxa0af3165c08318e988cb30993b3048335b94af6c,cx5faae53c4dbd1fbe4a2eb4aab6565030f10da5c6,0xe8f0b7f65f62f9,0xab58cf5bcc985f977898ce11066d8b1dcefb8b6cd44cbc096a94bc9a815f3a5b,2,94221845,0.06556686749999999,1741124501661743,Balanced Dollar,0.0460316125,bnUSD,0,1,2025-03-04
cx65c9e3d4fea842e00add0d32a5b4c5e4e04c7a6b,cxa0af3165c08318e988cb30993b3048335b94af6c,hxd75467e3e4ce64e3424c747dfb71503017440433,0x120a412c,0xab58cf5bcc985f977898ce11066d8b1dcefb8b6cd44cbc096a94bc9a815f3a5b,1,94221845,0.302661932,1741124501661743,Solana,0.0460316125,SOL,0,1,2025-03-04
cx88fd7df7ddff82f7cc735c871dc519838cb235bb,hxd75467e3e4ce64e3424c747dfb71503017440433,cxa0af3165c08318e988cb30993b3048335b94af6c,0x25e9d89bc4311c000,0xab58cf5bcc985f977898ce11066d8b1dcefb8b6cd44cbc096a94bc9a815f3a5b,0,94221845,43.711245,1741124501661743,Balanced Dollar,0.0460316125,bnUSD,0,1,2025-03-04
cx88fd7df7ddff82f7cc735c871dc519838cb235bb,hx0000000000000000000000000000000000000000,cx5faae53c4dbd1fbe4a2eb4aab6565030f10da5c6,0x22f6ed47bbff1f5,0xdfacab20630bf4f9f316434b84982420cfd69334d7a016a39a3b86f048198b54,3,94221835,0.1574663708695557,1741124481499942,Balanced Dollar,0.1055626,bnUSD,0,1,2025-03-04
cx88fd7df7ddff82f7cc735c871dc519838cb235bb,cx66d4d90f5f113eba575bf793570135f9b10cece1,hx1adc2b41608d81704d775ff143f43ab6efe0d792,0x444a47701b2e49290,0xdfacab20630bf4f9f316434b84982420cfd69334d7a016a39a3b86f048198b54,1,94221835,78.73318543477785,1741124481499942,Balanced Dollar,0.1055626,bnUSD,0,1,2025-03-04
cx88fd7df7ddff82f7cc735c871dc519838cb235bb,hx0000000000000000000000000000000000000000,cx66d4d90f5f113eba575bf793570135f9b10cece1,0x444a47701b2e49290,0xdfacab20630bf4f9f316434b84982420cfd69334d7a016a39a3b86f048198b54,0,94221835,78.73318543477785,1741124481499942,Balanced Dollar,0.1055626,bnUSD,0,1,2025-03-04
cx2609b924e33ef00b648a409245c7ea394c467824,hx0000000000000000000000000000000000000000,cx66d4d90f5f113eba575bf793570135f9b10cece1,0x2666b86825c91237b6,0x9bfd560c9a20c554ed4f63fcf8ae45732c868207a2dd2f4d1665a66682a65263,3,94221828,708.3780553000429,1741124467494959,Staked ICX,0.1150174,sICX,0,1,2025-03-04
cx88fd7df7ddff82f7cc735c871dc519838cb235bb,cx21e94c08c03daee80c25d8ee3ea22a20786ec231,hx2debd9ec927cca1639da8d3518dd9dbf1cdfb357,0x19ffbbd55de311f270,0x8e682ae837b09272a9858ee0ae55f4183200d03dbfab6dadeef72271ab98ffd0,5,94221810,479.5961587422736,1741124431483497,Balanced Dollar,0.0885101125,bnUSD,0,1,2025-03-04
cx88fd7df7ddff82f7cc735c871dc519838cb235bb,cxa0af3165c08318e988cb30993b3048335b94af6c,cx5faae53c4dbd1fbe4a2eb4aab6565030f10da5c6,0xa00c6157517af4c,0x8e682ae837b09272a9858ee0ae55f4183200d03dbfab6dadeef72271ab98ffd0,3,94221810,0.7207937358403786,1741124431483497,Balanced Dollar,0.0885101125,bnUSD,0,1,2025-03-04
cx88fd7df7ddff82f7cc735c871dc519838cb235bb,cxa0af3165c08318e988cb30993b3048335b94af6c,cx21e94c08c03daee80c25d8ee3ea22a20786ec231,0x19ffbbd55de311f270,0x8e682ae837b09272a9858ee0ae55f4183200d03dbfab6dadeef72271ab98ffd0,2,94221810,479.5961587422736,1741124431483497,Balanced Dollar,0.0885101125,bnUSD,0,1,2025-03-04
cx288d13e1b63563459a2ac6179f237711f6851cb5,cx21e94c08c03daee80c25d8ee3ea22a20786ec231,cxa0af3165c08318e988cb30993b3048335b94af6c,0x30d98d59a960000,0x8e682ae837b09272a9858ee0ae55f4183200d03dbfab6dadeef72271ab98ffd0,1,94221810,0.22,1741124431483497,Ethereum,0.0885101125,ETH,0,1,2025-03-04
cx288d13e1b63563459a2ac6179f237711f6851cb5,hx2debd9ec927cca1639da8d3518dd9dbf1cdfb357,cx21e94c08c03daee80c25d8ee3ea22a20786ec231,0x30d98d59a960000,0x8e682ae837b09272a9858ee0ae55f4183200d03dbfab6dadeef72271ab98ffd0,0,94221810,0.22,1741124431483497,Ethereum,0.0885101125,ETH,0,1,2025-03-04
cx88fd7df7ddff82f7cc735c871dc519838cb235bb,cx21e94c08c03daee80c25d8ee3ea22a20786ec231,hx2debd9ec927cca1639da8d3518dd9dbf1cdfb357,0x121e1d1d1304ef1363,0x4d55fbd89ca0439fc06765cdf11a3ae6e257bb114c97f31280dfc24c5ec0c858,5,94221806,334.21131588975874,1741124423482647,Balanced Dollar,0.088410925,bnUSD,0,1,2025-03-04
cx88fd7df7ddff82f7cc735c871dc519838cb235bb,cxa0af3165c08318e988cb30993b3048335b94af6c,cx5faae53c4dbd1fbe4a2eb4aab6565030f10da5c6,0x6f72ee079e2f525,0x4d55fbd89ca0439fc06765cdf11a3ae6e257bb114c97f31280dfc24c5ec0c858,3,94221806,0.5019214251275687,1741124423482647,Balanced Dollar,0.088410925,bnUSD,0,1,2025-03-04
cx88fd7df7ddff82f7cc735c871dc519838cb235bb,cxa0af3165c08318e988cb30993b3048335b94af6c,cx21e94c08c03daee80c25d8ee3ea22a20786ec231,0x121e1d1d1304ef1363,0x4d55fbd89ca0439fc06765cdf11a3ae6e257bb114c97f31280dfc24c5ec0c858,2,94221806,334.21131588975874,1741124423482647,Balanced Dollar,0.088410925,bnUSD,0,1,2025-03-04
cx4297f4b63262507623b6ad575d0d8dd2db980e4e,cx21e94c08c03daee80c25d8ee3ea22a20786ec231,cxa0af3165c08318e988cb30993b3048335b94af6c,0x1a055690d9db80000,0x4d55fbd89ca0439fc06765cdf11a3ae6e257bb114c97f31280dfc24c5ec0c858,1,94221806,30.0,1741124423482647,Injective,0.088410925,INJ,0,1,2025-03-04
cx4297f4b63262507623b6ad575d0d8dd2db980e4e,hx2debd9ec927cca1639da8d3518dd9dbf1cdfb357,cx21e94c08c03daee80c25d8ee3ea22a20786ec231,0x1a055690d9db80000,0x4d55fbd89ca0439fc06765cdf11a3ae6e257bb114c97f31280dfc24c5ec0c858,0,94221806,30.0,1741124423482647,Injective,0.088410925,INJ,0,1,2025-03-04
cx88fd7df7ddff82f7cc735c871dc519838cb235bb,cx21e94c08c03daee80c25d8ee3ea22a20786ec231,hx2debd9ec927cca1639da8d3518dd9dbf1cdfb357,0x15df6519fc15366951,0x90b7bc887310aae9727f7b58f801ca1834817bc5713a43dec96ab1f4e158fcd3,5,94221802,403.4789265614846,1741124415478691,Balanced Dollar,0.0883172375,bnUSD,0,1,2025-03-04
cx88fd7df7ddff82f7cc735c871dc519838cb235bb,cxa0af3165c08318e988cb30993b3048335b94af6c,cx5faae53c4dbd1fbe4a2eb4aab6565030f10da5c6,0x86914cc6b67b8d5,0x90b7bc887310aae9727f7b58f801ca1834817bc5713a43dec96ab1f4e158fcd3,3,94221802,0.6060384930658859,1741124415478691,Balanced Dollar,0.0883172375,bnUSD,0,1,2025-03-04
cx88fd7df7ddff82f7cc735c871dc519838cb235bb,cxa0af3165c08318e988cb30993b3048335b94af6c,cx21e94c08c03daee80c25d8ee3ea22a20786ec231,0x15df6519fc15366951,0x90b7bc887310aae9727f7b58f801ca1834817bc5713a43dec96ab1f4e158fcd3,2,94221802,403.4789265614846,1741124415478691,Balanced Dollar,0.0883172375,bnUSD,0,1,2025-03-04
cx66a031cc3bd305c76371fb586e93801b948254f0,cx21e94c08c03daee80c25d8ee3ea22a20786ec231,cxa0af3165c08318e988cb30993b3048335b94af6c,0x1158e460913d00000,0x90b7bc887310aae9727f7b58f801ca1834817bc5713a43dec96ab1f4e158fcd3,1,94221802,20.0,1741124415478691,Avalanche,0.0883172375,AVAX,0,1,2025-03-04
cx66a031cc3bd305c76371fb586e93801b948254f0,hx2debd9ec927cca1639da8d3518dd9dbf1cdfb357,cx21e94c08c03daee80c25d8ee3ea22a20786ec231,0x1158e460913d00000,0x90b7bc887310aae9727f7b58f801ca1834817bc5713a43dec96ab1f4e158fcd3,0,94221802,20.0,1741124415478691,Avalanche,0.0883172375,AVAX,0,1,2025-03-04
cx2609b924e33ef00b648a409245c7ea394c467824,hx1adc2b41608d81704d775ff143f43ab6efe0d792,cx66d4d90f5f113eba575bf793570135f9b10cece1,0x507ff5b4584010000,0x13fa0a284570ee5cc6010fbfdb109b2f8c5aa73c9446a7e7f82aebdb02a837d7,1,94221774,92.81,1741124359464477,Staked ICX,0.0952695,sICX,0,1,2025-03-04
cx88fd7df7ddff82f7cc735c871dc519838cb235bb,cxd82fb5d3effecd8c9071a4bba3856ad7222c4b91,hxd75467e3e4ce64e3424c747dfb71503017440433,0x3635c9adc5dea00000,0x85e434529794df28f34b7737dd3ba80f07de1e3aef1644bf47a1cb28e7634e0f,0,94221762,1000.0,1741124335609903,Balanced Dollar,0.0206869375,bnUSD,0,1,2025-03-04
cx88fd7df7ddff82f7cc735c871dc519838cb235bb,cxa0af3165c08318e988cb30993b3048335b94af6c,cx5faae53c4dbd1fbe4a2eb4aab6565030f10da5c6,0xe8fcfc086a13f3,0x614a3c4a9de7ee96f0c661fa507f4475d6718a95a5ec6cce3d9982f955a44d5f,2,94221741,0.065580354,1741124293441609,Balanced Dollar,0.0460316125,bnUSD,0,1,2025-03-04
cx65c9e3d4fea842e00add0d32a5b4c5e4e04c7a6b,cxa0af3165c08318e988cb30993b3048335b94af6c,hxd75467e3e4ce64e3424c747dfb71503017440433,0x120dc15d,0x614a3c4a9de7ee96f0c661fa507f4475d6718a95a5ec6cce3d9982f955a44d5f,1,94221741,0.302891357,1741124293441609,Solana,0.0460316125,SOL,0,1,2025-03-04
cx88fd7df7ddff82f7cc735c871dc519838cb235bb,hxd75467e3e4ce64e3424c747dfb71503017440433,cxa0af3165c08318e988cb30993b3048335b94af6c,0x25ebd7b00943ea000,0x614a3c4a9de7ee96f0c661fa507f4475d6718a95a5ec6cce3d9982f955a44d5f,0,94221741,43.72023599999999,1741124293441609,Balanced Dollar,0.0460316125,bnUSD,0,1,2025-03-04
cx88fd7df7ddff82f7cc735c871dc519838cb235bb,cxa0af3165c08318e988cb30993b3048335b94af6c,cx5faae53c4dbd1fbe4a2eb4aab6565030f10da5c6,0xe8b3639c29ee00,0x40b8f85752c9f23bba72453a451d1e98c4d9a9876a65b2e2b9807086b204e9af,2,94221727,0.065499435,1741124265431545,Balanced Dollar,0.0460316125,bnUSD,0,1,2025-03-04
cx65c9e3d4fea842e00add0d32a5b4c5e4e04c7a6b,cxa0af3165c08318e988cb30993b3048335b94af6c,hxd75467e3e4ce64e3424c747dfb71503017440433,0x120a99de,0x40b8f85752c9f23bba72453a451d1e98c4d9a9876a65b2e2b9807086b204e9af,1,94221727,0.302684638,1741124265431545,Solana,0.0460316125,SOL,0,1,2025-03-04
cx88fd7df7ddff82f7cc735c871dc519838cb235bb,hxd75467e3e4ce64e3424c747dfb71503017440433,cxa0af3165c08318e988cb30993b3048335b94af6c,0x25dfdd366ad312000,0x40b8f85752c9f23bba72453a451d1e98c4d9a9876a65b2e2b9807086b204e9af,0,94221727,43.66629,1741124265431545,Balanced Dollar,0.0460316125,bnUSD,0,1,2025-03-04
cx88fd7df7ddff82f7cc735c871dc519838cb235bb,cxa0af3165c08318e988cb30993b3048335b94af6c,cx5faae53c4dbd1fbe4a2eb4aab6565030f10da5c6,0x2aa6c7dfdb6e106,0x5fae72f02fa549ea137d084151a60baea8aa677be4ceb8cae4bd51c751119a75,2,94221720,0.1920852225,1741124251586057,Balanced Dollar,0.0460587125,bnUSD,0,1,2025-03-04
cx508002ec116fbf3ab406329c0df28e70d7e75fb3,cxa0af3165c08318e988cb30993b3048335b94af6c,hxd75467e3e4ce64e3424c747dfb71503017440433,0xbac7cf3ef,0x5fae72f02fa549ea137d084151a60baea8aa677be4ceb8cae4bd51c751119a75,1,94221720,50.138510319,1741124251586057,Sui,0.0460587125,SUI,0,1,2025-03-04
cx88fd7df7ddff82f7cc735c871dc519838cb235bb,hxd75467e3e4ce64e3424c747dfb71503017440433,cxa0af3165c08318e988cb30993b3048335b94af6c,0x6f12532c4b6ea0000,0x5fae72f02fa549ea137d084151a60baea8aa677be4ceb8cae4bd51c751119a75,0,94221720,128.056815,1741124251586057,Balanced Dollar,0.0460587125,bnUSD,0,1,2025-03-04
cx88fd7df7ddff82f7cc735c871dc519838cb235bb,cx21e94c08c03daee80c25d8ee3ea22a20786ec231,hx2debd9ec927cca1639da8d3518dd9dbf1cdfb357,0x15f1e8ba9430f68d2d,0xdb2751788ec85bcc3a50b551e5f3398ae74b5d8eba7c325404b406ef9a2553ed,5,94221637,404.8130130512775,1741124085541102,Balanced Dollar,0.0883172375,bnUSD,0,1,2025-03-04
cx88fd7df7ddff82f7cc735c871dc519838cb235bb,cxa0af3165c08318e988cb30993b3048335b94af6c,cx5faae53c4dbd1fbe4a2eb4aab6565030f10da5c6,0x87031c5dbaa7db1,0xdb2751788ec85bcc3a50b551e5f3398ae74b5d8eba7c325404b406ef9a2553ed,3,94221637,0.6080406755587189,1741124085541102,Balanced Dollar,0.0883172375,bnUSD,0,1,2025-03-04
cx88fd7df7ddff82f7cc735c871dc519838cb235bb,cxa0af3165c08318e988cb30993b3048335b94af6c,cx21e94c08c03daee80c25d8ee3ea22a20786ec231,0x15f1e8ba9430f68d2d,0xdb2751788ec85bcc3a50b551e5f3398ae74b5d8eba7c325404b406ef9a2553ed,2,94221637,404.8130130512775,1741124085541102,Balanced Dollar,0.0883172375,bnUSD,0,1,2025-03-04
cx66a031cc3bd305c76371fb586e93801b948254f0,cx21e94c08c03daee80c25d8ee3ea22a20786ec231,cxa0af3165c08318e988cb30993b3048335b94af6c,0x1158e460913d00000,0xdb2751788ec85bcc3a50b551e5f3398ae74b5d8eba7c325404b406ef9a2553ed,1,94221637,20.0,1741124085541102,Avalanche,0.0883172375,AVAX,0,1,2025-03-04
cx66a031cc3bd305c76371fb586e93801b948254f0,hx2debd9ec927cca1639da8d3518dd9dbf1cdfb357,cx21e94c08c03daee80c25d8ee3ea22a20786ec231,0x1158e460913d00000,0xdb2751788ec85bcc3a50b551e5f3398ae74b5d8eba7c325404b406ef9a2553ed,0,94221637,20.0,1741124085541102,Avalanche,0.0883172375,AVAX,0,1,2025-03-04
cx2609b924e33ef00b648a409245c7ea394c467824,cxa0af3165c08318e988cb30993b3048335b94af6c,hx01d3cab77693eb2a646ba77309e6efc3b630a882,0x1,0xd5bf72c1f011d7781a924ad2c476703d79aeae335579d4b6df1fe78e14d2992d,3,94221619,1e-18,1741124049543369,Staked ICX,0.043746625,sICX,0,1,2025-03-04
cx2609b924e33ef00b648a409245c7ea394c467824,hx01d3cab77693eb2a646ba77309e6efc3b630a882,cxa0af3165c08318e988cb30993b3048335b94af6c,0xf670019c5ff59b27,0x9d4aeb2f0a42459f1f22e884cac63a6df12df498ea0266d265615315f5726abb,0,94221612,17.757695101858324,1741124035523121,Staked ICX,0.03119955,sICX,0,1,2025-03-04
cx3975b43d260fb8ec802cef6e60c2f4d07486f11d,hx01d3cab77693eb2a646ba77309e6efc3b630a882,cxa0af3165c08318e988cb30993b3048335b94af6c,0x14249de9e30bee29e,0x7857e41e1c3b1ccc15df8dfbbf86179f30fe058116daed31b93a0274ae0336ec,1,94221604,23.22333772451669,1741124019358648,Wrapped ICX,0.0165668375,wICX,0,1,2025-03-04
cx3975b43d260fb8ec802cef6e60c2f4d07486f11d,hx0000000000000000000000000000000000000000,hx01d3cab77693eb2a646ba77309e6efc3b630a882,0x14249de9e30bee29e,0x7857e41e1c3b1ccc15df8dfbbf86179f30fe058116daed31b93a0274ae0336ec,0,94221604,23.22333772451669,1741124019358648,Wrapped ICX,0.0165668375,wICX,0,1,2025-03-04
cx2609b924e33ef00b648a409245c7ea394c467824,cx21e94c08c03daee80c25d8ee3ea22a20786ec231,hx1adc2b41608d81704d775ff143f43ab6efe0d792,0x50813ad94930a6df9,0x9bb0a2cbe6c1604ce47348711d246728cb05c8acf96402f31dc54b2624bbdcd1,5,94221583,92.81571999904239,1741123977344015,Staked ICX,0.1103206625,sICX,0,1,2025-03-04
cx88fd7df7ddff82f7cc735c871dc519838cb235bb,cxa0af3165c08318e988cb30993b3048335b94af6c,cx5faae53c4dbd1fbe4a2eb4aab6565030f10da5c6,0x4769bee0b93527,0x9bb0a2cbe6c1604ce47348711d246728cb05c8acf96402f31dc54b2624bbdcd1,3,94221583,0.020100991881393446,1741123977344015,Balanced Dollar,0.1103206625,bnUSD,0,1,2025-03-04
cx2609b924e33ef00b648a409245c7ea394c467824,cxa0af3165c08318e988cb30993b3048335b94af6c,cx21e94c08c03daee80c25d8ee3ea22a20786ec231,0x50813ad94930a6df9,0x9bb0a2cbe6c1604ce47348711d246728cb05c8acf96402f31dc54b2624bbdcd1,2,94221583,92.81571999904239,1741123977344015,Staked ICX,0.1103206625,sICX,0,1,2025-03-04
cx88fd7df7ddff82f7cc735c871dc519838cb235bb,cx21e94c08c03daee80c25d8ee3ea22a20786ec231,cxa0af3165c08318e988cb30993b3048335b94af6c,0xb9f8b66937a51761,0x9bb0a2cbe6c1604ce47348711d246728cb05c8acf96402f31dc54b2624bbdcd1,1,94221583,13.400661254262298,1741123977344015,Balanced Dollar,0.1103206625,bnUSD,0,1,2025-03-04
cx88fd7df7ddff82f7cc735c871dc519838cb235bb,hx1adc2b41608d81704d775ff143f43ab6efe0d792,cx21e94c08c03daee80c25d8ee3ea22a20786ec231,0xb9f8b66937a51761,0x9bb0a2cbe6c1604ce47348711d246728cb05c8acf96402f31dc54b2624bbdcd1,0,94221583,13.400661254262298,1741123977344015,Balanced Dollar,0.1103206625,bnUSD,0,1,2025-03-04
cx65c9e3d4fea842e00add0d32a5b4c5e4e04c7a6b,hxd75467e3e4ce64e3424c747dfb71503017440433,hx0000000000000000000000000000000000000000,0xb2d05e00,0x9434b4aa54a205307d68ccc81d8e970cfd689acc0034a4afde05bc0e9786a3e5,0,94221579,3.0,1741123969337702,Solana,0.022613925,SOL,0,1,2025-03-04
cxf61cd5a45dc9f91c15aa65831a30a90d59a09619,cx10d59e8103ab44635190bd4139dbfd682fa2d07e,hx01d3cab77693eb2a646ba77309e6efc3b630a882,0x863619c5b23625b,0x81bd7de5ef397ce7373caac27c7b33bae1216a488854da914c4b7f48f969752f,3,94221570,0.6044340991696164,1741123951486290,Balance Token,0.0722448875,BALN,0,1,2025-03-04
cx2609b924e33ef00b648a409245c7ea394c467824,cx10d59e8103ab44635190bd4139dbfd682fa2d07e,hx01d3cab77693eb2a646ba77309e6efc3b630a882,0xf670019c5ff59b26,0x81bd7de5ef397ce7373caac27c7b33bae1216a488854da914c4b7f48f969752f,1,94221570,17.757695101858324,1741123951486290,Staked ICX,0.0722448875,sICX,0,1,2025-03-04
cx88fd7df7ddff82f7cc735c871dc519838cb235bb,hx0000000000000000000000000000000000000000,cx5faae53c4dbd1fbe4a2eb4aab6565030f10da5c6,0x5f37a92ba19c34,0x61ed669b6f2dcc3a0a2a576127cc179bf500f087baf602b595cd9638e54e1130,3,94221568,0.026801322508524596,1741123947331145,Balanced Dollar,0.10555485,bnUSD,0,1,2025-03-04
cx88fd7df7ddff82f7cc735c871dc519838cb235bb,cx66d4d90f5f113eba575bf793570135f9b10cece1,hx1adc2b41608d81704d775ff143f43ab6efe0d792,0xb9f8b66937a51761,0x61ed669b6f2dcc3a0a2a576127cc179bf500f087baf602b595cd9638e54e1130,1,94221568,13.400661254262298,1741123947331145,Balanced Dollar,0.10555485,bnUSD,0,1,2025-03-04
cx88fd7df7ddff82f7cc735c871dc519838cb235bb,hx0000000000000000000000000000000000000000,cx66d4d90f5f113eba575bf793570135f9b10cece1,0xb9f8b66937a51761,0x61ed669b6f2dcc3a0a2a576127cc179bf500f087baf602b595cd9638e54e1130,0,94221568,13.400661254262298,1741123947331145,Balanced Dollar,0.10555485,bnUSD,0,1,2025-03-04
cx288d13e1b63563459a2ac6179f237711f6851cb5,hxd75467e3e4ce64e3424c747dfb71503017440433,hx0000000000000000000000000000000000000000,0x6f05b59d3b20000,0x409f32df1348d4e8306d475e321f9f5f9492097520d7f3aa4f62e4def78eafec,0,94221567,0.5,1741123945495053,Ethereum,0.0228310375,ETH,0,1,2025-03-04
cx2609b924e33ef00b648a409245c7ea394c467824,hx1adc2b41608d81704d775ff143f43ab6efe0d792,cx66d4d90f5f113eba575bf793570135f9b10cece1,0x771619698025b7e2d,0x230b8bb686f65462e1298d731d4520a7a544034413b3b0ab9f5f62333a47aa0d,1,94221560,137.2971852946124,1741123931326655,Staked ICX,0.0952695,sICX,0,1,2025-03-04
cx88fd7df7ddff82f7cc735c871dc519838cb235bb,cxa0af3165c08318e988cb30993b3048335b94af6c,cx5faae53c4dbd1fbe4a2eb4aab6565030f10da5c6,0xe90112b9184ef9,0x5fdb630056bf56f338cb6c625b4c7c25aa371f2d856b22c65937571af71f1aea,2,94221556,0.06558484949999999,1741123923324459,Balanced Dollar,0.046032925,bnUSD,0,1,2025-03-04
cx65c9e3d4fea842e00add0d32a5b4c5e4e04c7a6b,cxa0af3165c08318e988cb30993b3048335b94af6c,hxd75467e3e4ce64e3424c747dfb71503017440433,0x12132d8c,0x5fdb630056bf56f338cb6c625b4c7c25aa371f2d856b22c65937571af71f1aea,1,94221556,0.303246732,1741123923324459,Solana,0.046032925,SOL,0,1,2025-03-04
cx88fd7df7ddff82f7cc735c871dc519838cb235bb,hxd75467e3e4ce64e3424c747dfb71503017440433,cxa0af3165c08318e988cb30993b3048335b94af6c,0x25ec820c204a30000,0x5fdb630056bf56f338cb6c625b4c7c25aa371f2d856b22c65937571af71f1aea,0,94221556,43.72323299999999,1741123923324459,Balanced Dollar,0.046032925,bnUSD,0,1,2025-03-04
cx7baf94bd53b505353285ee4c4c050f9703581703,hx27ab991fad3ad5de5015d81ffde9994883daca91,hx0000000000000000000000000000000000000000,0x0,0xae6868e5e39777094f91f92af5f4d312df7dbff158b247c4dd92b1d5a1ed3c81,6,94221551,0.0,1741123913327518,unknown_token,0.063970275,$unknown,30,1,2025-03-04
cx7baf94bd53b505353285ee4c4c050f9703581703,hx27ab991fad3ad5de5015d81ffde9994883daca91,hx0000000000000000000000000000000000000000,0x0,0xae6868e5e39777094f91f92af5f4d312df7dbff158b247c4dd92b1d5a1ed3c81,5,94221551,0.0,1741123913327518,unknown_token,0.063970275,$unknown,10,1,2025-03-04
cx7baf94bd53b505353285ee4c4c050f9703581703,hx27ab991fad3ad5de5015d81ffde9994883daca91,hx0000000000000000000000000000000000000000,0x0,0xae6868e5e39777094f91f92af5f4d312df7dbff158b247c4dd92b1d5a1ed3c81,4,94221551,0.0,1741123913327518,unknown_token,0.063970275,$unknown,30,1,2025-03-04
cx53f8ccd5426534f82cf10cb742de033e51da72fc,hx27ab991fad3ad5de5015d81ffde9994883daca91,hx0000000000000000000000000000000000000000,0x0,0xae6868e5e39777094f91f92af5f4d312df7dbff158b247c4dd92b1d5a1ed3c81,0,94221551,0.0,1741123913327518,unknown_token,0.063970275,$unknown,3,1,2025-03-04
cx2609b924e33ef00b648a409245c7ea394c467824,cx21e94c08c03daee80c25d8ee3ea22a20786ec231,hx1adc2b41608d81704d775ff143f43ab6efe0d792,0x7716a212e6349431c,0x8edbe70ec695302b39edc9ce24d4a219e1eeeb127b7048ad68558bdbe438213e,5,94221550,137.299589472902,1741123911488403,Staked ICX,0.110340975,sICX,0,1,2025-03-04
cx88fd7df7ddff82f7cc735c871dc519838cb235bb,cxa0af3165c08318e988cb30993b3048335b94af6c,cx5faae53c4dbd1fbe4a2eb4aab6565030f10da5c6,0x69a29e97388fb1,0x8edbe70ec695302b39edc9ce24d4a219e1eeeb127b7048ad68558bdbe438213e,3,94221550,0.029733674580217778,1741123911488403,Balanced Dollar,0.110340975,bnUSD,0,1,2025-03-04
cx2609b924e33ef00b648a409245c7ea394c467824,cxa0af3165c08318e988cb30993b3048335b94af6c,cx21e94c08c03daee80c25d8ee3ea22a20786ec231,0x7716a212e6349431c,0x8edbe70ec695302b39edc9ce24d4a219e1eeeb127b7048ad68558bdbe438213e,2,94221550,137.299589472902,1741123911488403,Staked ICX,0.110340975,sICX,0,1,2025-03-04
cx88fd7df7ddff82f7cc735c871dc519838cb235bb,cx21e94c08c03daee80c25d8ee3ea22a20786ec231,cxa0af3165c08318e988cb30993b3048335b94af6c,0x113177cff234b8850,0x8edbe70ec695302b39edc9ce24d4a219e1eeeb127b7048ad68558bdbe438213e,1,94221550,19.822449720145183,1741123911488403,Balanced Dollar,0.110340975,bnUSD,0,1,2025-03-04
cx88fd7df7ddff82f7cc735c871dc519838cb235bb,hx1adc2b41608d81704d775ff143f43ab6efe0d792,cx21e94c08c03daee80c25d8ee3ea22a20786ec231,0x113177cff234b8850,0x8edbe70ec695302b39edc9ce24d4a219e1eeeb127b7048ad68558bdbe438213e,0,94221550,19.822449720145183,1741123911488403,Balanced Dollar,0.110340975,bnUSD,0,1,2025-03-04
cx88fd7df7ddff82f7cc735c871dc519838cb235bb,cxa0af3165c08318e988cb30993b3048335b94af6c,cx5faae53c4dbd1fbe4a2eb4aab6565030f10da5c6,0x16098c2a1560ef9,0xcc7a7f898f61c9b54fc7583848b4d6beb0ac541abf180fc3c696bb09e2a079b7,2,94221545,0.09924715349999999,1741123901469324,Balanced Dollar,0.056400425,bnUSD,0,1,2025-03-04
cx288d13e1b63563459a2ac6179f237711f6851cb5,cxa0af3165c08318e988cb30993b3048335b94af6c,hxd75467e3e4ce64e3424c747dfb71503017440433,0x6b15bab45ea8c8,0xcc7a7f898f61c9b54fc7583848b4d6beb0ac541abf180fc3c696bb09e2a079b7,1,94221545,0.030141714142243016,1741123901469324,Ethereum,0.056400425,ETH,0,1,2025-03-04
cx88fd7df7ddff82f7cc735c871dc519838cb235bb,hxd75467e3e4ce64e3424c747dfb71503017440433,cxa0af3165c08318e988cb30993b3048335b94af6c,0x396387ad97ac70000,0xcc7a7f898f61c9b54fc7583848b4d6beb0ac541abf180fc3c696bb09e2a079b7,0,94221545,66.16476899999999,1741123901469324,Balanced Dollar,0.056400425,bnUSD,0,1,2025-03-04
cx88fd7df7ddff82f7cc735c871dc519838cb235bb,hx0000000000000000000000000000000000000000,cx5faae53c4dbd1fbe4a2eb4aab6565030f10da5c6,0x44a5efaf14f8e2,0xced1c068bb8eebe3f24eaff2ad135a548a57b37f101349318f06c2ee18efad56,3,94221543,0.019322747269478625,1741123897314033,Balanced Dollar,0.1055186625,bnUSD,0,1,2025-03-04
cx88fd7df7ddff82f7cc735c871dc519838cb235bb,cx66d4d90f5f113eba575bf793570135f9b10cece1,hx1adc2b41608d81704d775ff143f43ab6efe0d792,0x86141821f4f61ab7,0xced1c068bb8eebe3f24eaff2ad135a548a57b37f101349318f06c2ee18efad56,1,94221543,9.661373634739313,1741123897314033,Balanced Dollar,0.1055186625,bnUSD,0,1,2025-03-04
cx88fd7df7ddff82f7cc735c871dc519838cb235bb,hx0000000000000000000000000000000000000000,cx66d4d90f5f113eba575bf793570135f9b10cece1,0x86141821f4f61ab7,0xced1c068bb8eebe3f24eaff2ad135a548a57b37f101349318f06c2ee18efad56,0,94221543,9.661373634739313,1741123897314033,Balanced Dollar,0.1055186625,bnUSD,0,1,2025-03-04
cx2609b924e33ef00b648a409245c7ea394c467824,hx1adc2b41608d81704d775ff143f43ab6efe0d792,cx66d4d90f5f113eba575bf793570135f9b10cece1,0x55f53ece7c3fc81d3,0x9de27d0d8e56ebfd4e431b8ad75a37a0deff4fee294267b2d8388cab295959fc,1,94221537,99.1028147053876,1741123885466610,Staked ICX,0.0952455,sICX,0,1,2025-03-04
cx88fd7df7ddff82f7cc735c871dc519838cb235bb,cxa0af3165c08318e988cb30993b3048335b94af6c,cx5faae53c4dbd1fbe4a2eb4aab6565030f10da5c6,0x2abc806a79077e7,0xf73cb5d8fd554397fbbdb433dc5460ec1cfa8e642dc245b71a2d69a993af395d,2,94221536,0.19246734,1741123883363116,Balanced Dollar,0.0460587125,bnUSD,0,1,2025-03-04
cx508002ec116fbf3ab406329c0df28e70d7e75fb3,cxa0af3165c08318e988cb30993b3048335b94af6c,hxd75467e3e4ce64e3424c747dfb71503017440433,0xbb5ba2faf,0xf73cb5d8fd554397fbbdb433dc5460ec1cfa8e642dc245b71a2d69a993af395d,1,94221536,50.293518255,1741123883363116,Sui,0.0460587125,SUI,0,1,2025-03-04
cx88fd7df7ddff82f7cc735c871dc519838cb235bb,hxd75467e3e4ce64e3424c747dfb71503017440433,cxa0af3165c08318e988cb30993b3048335b94af6c,0x6f4ae3bff08384000,0xf73cb5d8fd554397fbbdb433dc5460ec1cfa8e642dc245b71a2d69a993af395d,0,94221536,128.31156,1741123883363116,Balanced Dollar,0.0460587125,bnUSD,0,1,2025-03-04
cx88fd7df7ddff82f7cc735c871dc519838cb235bb,hx0000000000000000000000000000000000000000,cx5faae53c4dbd1fbe4a2eb4aab6565030f10da5c6,0x4832e3c536715f,0x693f4558ad9e5af9bbd549e919b55eb2a013793d2d7801f39fae8579671067f6,3,94221531,0.020322152170811743,1741123873307846,Balanced Dollar,0.1021360125,bnUSD,0,2,2025-03-04
cx88fd7df7ddff82f7cc735c871dc519838cb235bb,cx66d4d90f5f113eba575bf793570135f9b10cece1,hx1adc2b41608d81704d775ff143f43ab6efe0d792,0x8d0364dd2e556d99,0x693f4558ad9e5af9bbd549e919b55eb2a013793d2d7801f39fae8579671067f6,1,94221531,10.161076085405872,1741123873307846,Balanced Dollar,0.1021360125,bnUSD,0,2,2025-03-04
cx88fd7df7ddff82f7cc735c871dc519838cb235bb,hx0000000000000000000000000000000000000000,cx66d4d90f5f113eba575bf793570135f9b10cece1,0x8d0364dd2e556d99,0x693f4558ad9e5af9bbd549e919b55eb2a013793d2d7801f39fae8579671067f6,0,94221531,10.161076085405872,1741123873307846,Balanced Dollar,0.1021360125,bnUSD,0,2,2025-03-04
cx88fd7df7ddff82f7cc735c871dc519838cb235bb,cxa0af3165c08318e988cb30993b3048335b94af6c,cx5faae53c4dbd1fbe4a2eb4aab6565030f10da5c6,0xe96333496dd706,0x4ff8a8628425c426ef57f6d3e25477168840aabd95f71ee634428acd437d32cb,2,94221531,0.06569274150000001,1741123873307846,Balanced Dollar,0.046032925,bnUSD,0,1,2025-03-04
cx65c9e3d4fea842e00add0d32a5b4c5e4e04c7a6b,cxa0af3165c08318e988cb30993b3048335b94af6c,hxd75467e3e4ce64e3424c747dfb71503017440433,0x121d5aa4,0x4ff8a8628425c426ef57f6d3e25477168840aabd95f71ee634428acd437d32cb,1,94221531,0.303913636,1741123873307846,Solana,0.046032925,SOL,0,1,2025-03-04
cx88fd7df7ddff82f7cc735c871dc519838cb235bb,hxd75467e3e4ce64e3424c747dfb71503017440433,cxa0af3165c08318e988cb30993b3048335b94af6c,0x25fc7aae48e0aa000,0x4ff8a8628425c426ef57f6d3e25477168840aabd95f71ee634428acd437d32cb,0,94221531,43.79516100000001,1741123873307846,Balanced Dollar,0.046032925,bnUSD,0,1,2025-03-04
cx88fd7df7ddff82f7cc735c871dc519838cb235bb,cxa0af3165c08318e988cb30993b3048335b94af6c,cx5faae53c4dbd1fbe4a2eb4aab6565030f10da5c6,0xe871f891463e00,0x27a632e69986c7f5a86d5854953ed7dc77f25d53f45db50a9aaafe2c83557842,2,94221518,0.065427507,1741123847291884,Balanced Dollar,0.046032925,bnUSD,0,2,2025-03-04
cx65c9e3d4fea842e00add0d32a5b4c5e4e04c7a6b,cxa0af3165c08318e988cb30993b3048335b94af6c,hxd75467e3e4ce64e3424c747dfb71503017440433,0x120d2efc,0x27a632e69986c7f5a86d5854953ed7dc77f25d53f45db50a9aaafe2c83557842,1,94221518,0.302853884,1741123847291884,Solana,0.046032925,SOL,0,2,2025-03-04
cx88fd7df7ddff82f7cc735c871dc519838cb235bb,hxd75467e3e4ce64e3424c747dfb71503017440433,cxa0af3165c08318e988cb30993b3048335b94af6c,0x25d53774fa6ec2000,0x27a632e69986c7f5a86d5854953ed7dc77f25d53f45db50a9aaafe2c83557842,0,94221518,43.618338,1741123847291884,Balanced Dollar,0.046032925,bnUSD,0,2,2025-03-04
cx2609b924e33ef00b648a409245c7ea394c467824,cx21e94c08c03daee80c25d8ee3ea22a20786ec231,hx1adc2b41608d81704d775ff143f43ab6efe0d792,0x55f38b8afaf9e9efe,0xc006cf6272c626413b6b60b8a6573f1242b013c1c143c8774089495cba9a4f29,5,94221518,99.0951574655519,1741123847291884,Staked ICX,0.1103206625,sICX,0,1,2025-03-04
cx88fd7df7ddff82f7cc735c871dc519838cb235bb,cxa0af3165c08318e988cb30993b3048335b94af6c,cx5faae53c4dbd1fbe4a2eb4aab6565030f10da5c6,0x4c3d151dec6cb8,0xc006cf6272c626413b6b60b8a6573f1242b013c1c143c8774089495cba9a4f29,3,94221518,0.021459259135651,1741123847291884,Balanced Dollar,0.1103206625,bnUSD,0,1,2025-03-04
cx2609b924e33ef00b648a409245c7ea394c467824,cxa0af3165c08318e988cb30993b3048335b94af6c,cx21e94c08c03daee80c25d8ee3ea22a20786ec231,0x55f38b8afaf9e9efe,0xc006cf6272c626413b6b60b8a6573f1242b013c1c143c8774089495cba9a4f29,2,94221518,99.0951574655519,1741123847291884,Staked ICX,0.1103206625,sICX,0,1,2025-03-04
cx88fd7df7ddff82f7cc735c871dc519838cb235bb,cx21e94c08c03daee80c25d8ee3ea22a20786ec231,cxa0af3165c08318e988cb30993b3048335b94af6c,0xc689bc53425b20b4,0xc006cf6272c626413b6b60b8a6573f1242b013c1c143c8774089495cba9a4f29,1,94221518,14.306172757100667,1741123847291884,Balanced Dollar,0.1103206625,bnUSD,0,1,2025-03-04
cx88fd7df7ddff82f7cc735c871dc519838cb235bb,hx1adc2b41608d81704d775ff143f43ab6efe0d792,cx21e94c08c03daee80c25d8ee3ea22a20786ec231,0xc689bc53425b20b4,0xc006cf6272c626413b6b60b8a6573f1242b013c1c143c8774089495cba9a4f29,0,94221518,14.306172757100667,1741123847291884,Balanced Dollar,0.1103206625,bnUSD,0,1,2025-03-04
cx88fd7df7ddff82f7cc735c871dc519838cb235bb,cxa0af3165c08318e988cb30993b3048335b94af6c,cx5faae53c4dbd1fbe4a2eb4aab6565030f10da5c6,0x2aa2f29a3816c18,0x45f6c1d8c944d658aef6050a9baf03849e870db63c89ee19e7ee9c8cf3b1a46a,2,94221512,0.19201779000000002,1741123835454127,Balanced Dollar,0.0460587125,bnUSD,0,2,2025-03-04
cx508002ec116fbf3ab406329c0df28e70d7e75fb3,cxa0af3165c08318e988cb30993b3048335b94af6c,hxd75467e3e4ce64e3424c747dfb71503017440433,0xbb204491c,0x45f6c1d8c944d658aef6050a9baf03849e870db63c89ee19e7ee9c8cf3b1a46a,1,94221512,50.231265564,1741123835454127,Sui,0.0460587125,SUI,0,2,2025-03-04
cx88fd7df7ddff82f7cc735c871dc519838cb235bb,hxd75467e3e4ce64e3424c747dfb71503017440433,cxa0af3165c08318e988cb30993b3048335b94af6c,0x6f0857c6f21098000,0x45f6c1d8c944d658aef6050a9baf03849e870db63c89ee19e7ee9c8cf3b1a46a,0,94221512,128.01186,1741123835454127,Balanced Dollar,0.0460587125,bnUSD,0,2,2025-03-04
cx88fd7df7ddff82f7cc735c871dc519838cb235bb,hx0000000000000000000000000000000000000000,cx5faae53c4dbd1fbe4a2eb4aab6565030f10da5c6,0x65a6c6d29090f6,0x7d8961f104596c643689aa6c42ec662b7c4814cebf79d7bfbd512ac2f8af69ee,3,94221512,0.028612345514201335,1741123835454127,Balanced Dollar,0.10555485,bnUSD,0,1,2025-03-04
cx88fd7df7ddff82f7cc735c871dc519838cb235bb,cx66d4d90f5f113eba575bf793570135f9b10cece1,hx1adc2b41608d81704d775ff143f43ab6efe0d792,0xc689bc53425b20b4,0x7d8961f104596c643689aa6c42ec662b7c4814cebf79d7bfbd512ac2f8af69ee,1,94221512,14.306172757100667,1741123835454127,Balanced Dollar,0.10555485,bnUSD,0,1,2025-03-04
cx88fd7df7ddff82f7cc735c871dc519838cb235bb,hx0000000000000000000000000000000000000000,cx66d4d90f5f113eba575bf793570135f9b10cece1,0xc689bc53425b20b4,0x7d8961f104596c643689aa6c42ec662b7c4814cebf79d7bfbd512ac2f8af69ee,0,94221512,14.306172757100667,1741123835454127,Balanced Dollar,0.10555485,bnUSD,0,1,2025-03-04
cx7baf94bd53b505353285ee4c4c050f9703581703,hxee5c1d04f36e46fb4a9c5b0de1e0d10b03a8ed9c,hx0000000000000000000000000000000000000000,0x0,0x983685315d863b5b59373d3fb8b5511311fae837d2b2f406b366cf2d138cee1b,6,94221506,0.0,1741123823289527,unknown_token,0.0637303375,$unknown,31,1,2025-03-04
cx7baf94bd53b505353285ee4c4c050f9703581703,hxee5c1d04f36e46fb4a9c5b0de1e0d10b03a8ed9c,hx0000000000000000000000000000000000000000,0x0,0x983685315d863b5b59373d3fb8b5511311fae837d2b2f406b366cf2d138cee1b,5,94221506,0.0,1741123823289527,unknown_token,0.0637303375,$unknown,10,1,2025-03-04
cx7baf94bd53b505353285ee4c4c050f9703581703,hxee5c1d04f36e46fb4a9c5b0de1e0d10b03a8ed9c,hx0000000000000000000000000000000000000000,0x0,0x983685315d863b5b59373d3fb8b5511311fae837d2b2f406b366cf2d138cee1b,4,94221506,0.0,1741123823289527,unknown_token,0.0637303375,$unknown,25,1,2025-03-04
cx53f8ccd5426534f82cf10cb742de033e51da72fc,hxee5c1d04f36e46fb4a9c5b0de1e0d10b03a8ed9c,hx0000000000000000000000000000000000000000,0x0,0x983685315d863b5b59373d3fb8b5511311fae837d2b2f406b366cf2d138cee1b,0,94221506,0.0,1741123823289527,unknown_token,0.0637303375,$unknown,1,1,2025-03-04
cx2609b924e33ef00b648a409245c7ea394c467824,hx1adc2b41608d81704d775ff143f43ab6efe0d792,cx66d4d90f5f113eba575bf793570135f9b10cece1,0x7f565e52ad3190000,0xbff7d935de0f2c42cb6e74de19d52831828f4306e5277350e3ba0e403fb626f5,1,94221504,146.81,1741123819285712,Staked ICX,0.0952695,sICX,0,1,2025-03-04
cx2609b924e33ef00b648a409245c7ea394c467824,cx21e94c08c03daee80c25d8ee3ea22a20786ec231,hx1adc2b41608d81704d775ff143f43ab6efe0d792,0x7f56a5ef779f52f52,0x1fe5f9ec47e198fb757a511779abe07682653749d35e51300ed8abe3dd398ed3,5,94221496,146.81125981978659,1741123803427930,Staked ICX,0.11032485,sICX,0,2,2025-03-04
cx88fd7df7ddff82f7cc735c871dc519838cb235bb,cxa0af3165c08318e988cb30993b3048335b94af6c,cx5faae53c4dbd1fbe4a2eb4aab6565030f10da5c6,0x70f1ba4d66a0d1,0x1fe5f9ec47e198fb757a511779abe07682653749d35e51300ed8abe3dd398ed3,3,94221496,0.031790979856376016,1741123803427930,Balanced Dollar,0.11032485,bnUSD,0,2,2025-03-04
cx2609b924e33ef00b648a409245c7ea394c467824,cxa0af3165c08318e988cb30993b3048335b94af6c,cx21e94c08c03daee80c25d8ee3ea22a20786ec231,0x7f56a5ef779f52f52,0x1fe5f9ec47e198fb757a511779abe07682653749d35e51300ed8abe3dd398ed3,2,94221496,146.81125981978659,1741123803427930,Staked ICX,0.11032485,sICX,0,2,2025-03-04
cx88fd7df7ddff82f7cc735c871dc519838cb235bb,cx21e94c08c03daee80c25d8ee3ea22a20786ec231,cxa0af3165c08318e988cb30993b3048335b94af6c,0x126202a7ee5ed7816,0x1fe5f9ec47e198fb757a511779abe07682653749d35e51300ed8abe3dd398ed3,1,94221496,21.193986570917346,1741123803427930,Balanced Dollar,0.11032485,bnUSD,0,2,2025-03-04
cx88fd7df7ddff82f7cc735c871dc519838cb235bb,hx1adc2b41608d81704d775ff143f43ab6efe0d792,cx21e94c08c03daee80c25d8ee3ea22a20786ec231,0x126202a7ee5ed7816,0x1fe5f9ec47e198fb757a511779abe07682653749d35e51300ed8abe3dd398ed3,0,94221496,21.193986570917346,1741123803427930,Balanced Dollar,0.11032485,bnUSD,0,2,2025-03-04
cx88fd7df7ddff82f7cc735c871dc519838cb235bb,cxa0af3165c08318e988cb30993b3048335b94af6c,cx5faae53c4dbd1fbe4a2eb4aab6565030f10da5c6,0x2adb2a9793c2000,0x92e0627a212144134d54c66defc3fdb839393e107f5ddec285be251f5319b43e,2,94221496,0.1930068,1741123803427930,Balanced Dollar,0.0460587125,bnUSD,0,1,2025-03-04
cx508002ec116fbf3ab406329c0df28e70d7e75fb3,cxa0af3165c08318e988cb30993b3048335b94af6c,hxd75467e3e4ce64e3424c747dfb71503017440433,0xbc4c193ca,0x92e0627a212144134d54c66defc3fdb839393e107f5ddec285be251f5319b43e,1,94221496,50.545660874,1741123803427930,Sui,0.0460587125,SUI,0,1,2025-03-04
cx88fd7df7ddff82f7cc735c871dc519838cb235bb,hxd75467e3e4ce64e3424c747dfb71503017440433,cxa0af3165c08318e988cb30993b3048335b94af6c,0x6f9abeeabb73e0000,0x92e0627a212144134d54c66defc3fdb839393e107f5ddec285be251f5319b43e,0,94221496,128.6712,1741123803427930,Balanced Dollar,0.0460587125,bnUSD,0,1,2025-03-04
cx88fd7df7ddff82f7cc735c871dc519838cb235bb,cxa0af3165c08318e988cb30993b3048335b94af6c,cx5faae53c4dbd1fbe4a2eb4aab6565030f10da5c6,0xf1e92aef4d8000,0x9f9ec286a72fe9a263a8675e598cad338b96773725c7be3cf3ddbd08decadc75,2,94221491,0.06809184,1741123793277142,Balanced Dollar,0.0563627125,bnUSD,0,1,2025-03-04
cx4297f4b63262507623b6ad575d0d8dd2db980e4e,cxa0af3165c08318e988cb30993b3048335b94af6c,hxd75467e3e4ce64e3424c747dfb71503017440433,0x381f7d0c4de251fb,0x9f9ec286a72fe9a263a8675e598cad338b96773725c7be3cf3ddbd08decadc75,1,94221491,4.044088482201752,1741123793277142,Injective,0.0563627125,INJ,0,1,2025-03-04
cx88fd7df7ddff82f7cc735c871dc519838cb235bb,hxd75467e3e4ce64e3424c747dfb71503017440433,cxa0af3165c08318e988cb30993b3048335b94af6c,0x275f9dfcf2f280000,0x9f9ec286a72fe9a263a8675e598cad338b96773725c7be3cf3ddbd08decadc75,0,94221491,45.39456,1741123793277142,Balanced Dollar,0.0563627125,bnUSD,0,1,2025-03-04
cx88fd7df7ddff82f7cc735c871dc519838cb235bb,hx0000000000000000000000000000000000000000,cx5faae53c4dbd1fbe4a2eb4aab6565030f10da5c6,0x255e7e62556899,0x3ee30cc4b2028b21c2d6e77f28f6692d10f02141b19ea7040a63ad992e6b777a,3,94221490,0.010518471046949017,1741123791393010,Balanced Dollar,0.1022764,bnUSD,0,1,2025-03-04
cx88fd7df7ddff82f7cc735c871dc519838cb235bb,cx66d4d90f5f113eba575bf793570135f9b10cece1,hx1adc2b41608d81704d775ff143f43ab6efe0d792,0x48fc8ed80ed04c06,0x3ee30cc4b2028b21c2d6e77f28f6692d10f02141b19ea7040a63ad992e6b777a,1,94221490,5.2592355234745085,1741123791393010,Balanced Dollar,0.1022764,bnUSD,0,1,2025-03-04
cx88fd7df7ddff82f7cc735c871dc519838cb235bb,hx0000000000000000000000000000000000000000,cx66d4d90f5f113eba575bf793570135f9b10cece1,0x48fc8ed80ed04c06,0x3ee30cc4b2028b21c2d6e77f28f6692d10f02141b19ea7040a63ad992e6b777a,0,94221490,5.2592355234745085,1741123791393010,Balanced Dollar,0.1022764,bnUSD,0,1,2025-03-04
cx88fd7df7ddff82f7cc735c871dc519838cb235bb,cxa0af3165c08318e988cb30993b3048335b94af6c,cx5faae53c4dbd1fbe4a2eb4aab6565030f10da5c6,0xe9ea200fe3720c,0x392dbb4a25ac04a884aca3262b4379e03e6e018a215cf81fefef4175db50d203,2,94221486,0.06584109300000002,1741123783326376,Balanced Dollar,0.046032925,bnUSD,0,1,2025-03-04
cx65c9e3d4fea842e00add0d32a5b4c5e4e04c7a6b,cxa0af3165c08318e988cb30993b3048335b94af6c,hxd75467e3e4ce64e3424c747dfb71503017440433,0x122cf826,0x392dbb4a25ac04a884aca3262b4379e03e6e018a215cf81fefef4175db50d203,1,94221486,0.304936998,1741123783326376,Solana,0.046032925,SOL,0,1,2025-03-04
cx88fd7df7ddff82f7cc735c871dc519838cb235bb,hxd75467e3e4ce64e3424c747dfb71503017440433,cxa0af3165c08318e988cb30993b3048335b94af6c,0x2612708d40af90000,0x392dbb4a25ac04a884aca3262b4379e03e6e018a215cf81fefef4175db50d203,0,94221486,43.894062000000005,1741123783326376,Balanced Dollar,0.046032925,bnUSD,0,1,2025-03-04
cx88fd7df7ddff82f7cc735c871dc519838cb235bb,hx0000000000000000000000000000000000000000,cx5faae53c4dbd1fbe4a2eb4aab6565030f10da5c6,0x713924af88c328,0xcbac84581833e198490bc91edddaba15d0190de54df895007be4641e7635a677,3,94221484,0.03186950209488567,1741123779270217,Balanced Dollar,0.10555485,bnUSD,0,1,2025-03-04
cx88fd7df7ddff82f7cc735c871dc519838cb235bb,cx66d4d90f5f113eba575bf793570135f9b10cece1,hx1adc2b41608d81704d775ff143f43ab6efe0d792,0xdd239ba6d71d2c10,0xcbac84581833e198490bc91edddaba15d0190de54df895007be4641e7635a677,1,94221484,15.934751047442836,1741123779270217,Balanced Dollar,0.10555485,bnUSD,0,1,2025-03-04
cx88fd7df7ddff82f7cc735c871dc519838cb235bb,hx0000000000000000000000000000000000000000,cx66d4d90f5f113eba575bf793570135f9b10cece1,0xdd239ba6d71d2c10,0xcbac84581833e198490bc91edddaba15d0190de54df895007be4641e7635a677,0,94221484,15.934751047442836,1741123779270217,Balanced Dollar,0.10555485,bnUSD,0,1,2025-03-04
cx88fd7df7ddff82f7cc735c871dc519838cb235bb,cxa0af3165c08318e988cb30993b3048335b94af6c,cx5faae53c4dbd1fbe4a2eb4aab6565030f10da5c6,0x1620ac816edea83,0xdf0f82b0e87e619fce7de7a7cec7d8bb1cb86c80261da47deeb8bfb5d2766b7e,2,94221481,0.09965399625,1741123773269630,Balanced Dollar,0.056400425,bnUSD,0,2,2025-03-04
cx288d13e1b63563459a2ac6179f237711f6851cb5,cxa0af3165c08318e988cb30993b3048335b94af6c,hxd75467e3e4ce64e3424c747dfb71503017440433,0x6b8e230461c0a2,0xdf0f82b0e87e619fce7de7a7cec7d8bb1cb86c80261da47deeb8bfb5d2766b7e,1,94221481,0.030274103556554913,1741123773269630,Ethereum,0.056400425,ETH,0,2,2025-03-04
cx88fd7df7ddff82f7cc735c871dc519838cb235bb,hxd75467e3e4ce64e3424c747dfb71503017440433,cxa0af3165c08318e988cb30993b3048335b94af6c,0x399fc13bbb63d6000,0xdf0f82b0e87e619fce7de7a7cec7d8bb1cb86c80261da47deeb8bfb5d2766b7e,0,94221481,66.4359975,1741123773269630,Balanced Dollar,0.056400425,bnUSD,0,2,2025-03-04
cx88fd7df7ddff82f7cc735c871dc519838cb235bb,cxa0af3165c08318e988cb30993b3048335b94af6c,cx5faae53c4dbd1fbe4a2eb4aab6565030f10da5c6,0x1b41ef343400000,0xc5b1904750f77ab7cfd074263e7083001bc503a6a4d7976c9537daa507ca1ab1,2,94221476,0.12275712,1741123763262504,Balanced Dollar,0.056310275,bnUSD,0,2,2025-03-04
cx66a031cc3bd305c76371fb586e93801b948254f0,cxa0af3165c08318e988cb30993b3048335b94af6c,hxd75467e3e4ce64e3424c747dfb71503017440433,0x37b3b0c352beea37,0xc5b1904750f77ab7cfd074263e7083001bc503a6a4d7976c9537daa507ca1ab1,1,94221476,4.013746045870599,1741123763262504,Avalanche,0.056310275,AVAX,0,2,2025-03-04
cx88fd7df7ddff82f7cc735c871dc519838cb235bb,hxd75467e3e4ce64e3424c747dfb71503017440433,cxa0af3165c08318e988cb30993b3048335b94af6c,0x46fbb4429cc000000,0xc5b1904750f77ab7cfd074263e7083001bc503a6a4d7976c9537daa507ca1ab1,0,94221476,81.83808,1741123763262504,Balanced Dollar,0.056310275,bnUSD,0,2,2025-03-04
cx2609b924e33ef00b648a409245c7ea394c467824,hx1adc2b41608d81704d775ff143f43ab6efe0d792,cx66d4d90f5f113eba575bf793570135f9b10cece1,0x8dc2f860ec9d80000,0xefcc059ad223a8abf706dd02d5d9b629e29d9e60b83a11acd982c6ddd2851db4,1,94221474,163.44,1741123759275270,Staked ICX,0.0952695,sICX,0,1,2025-03-04
cx88fd7df7ddff82f7cc735c871dc519838cb235bb,cxa0af3165c08318e988cb30993b3048335b94af6c,cx5faae53c4dbd1fbe4a2eb4aab6565030f10da5c6,0x1d5d9766ddf0b7c,0x69dcb3a4fcb60fecf89475eada0bb52e321dd80c7fc36aa401876f33eda8e847,2,94221469,0.13225086675,1741123749437941,Balanced Dollar,0.0562970375,bnUSD,0,1,2025-03-04
cx2d552c485ec8bcaa75aac02424e2aca6ffdb2f1b,cxa0af3165c08318e988cb30993b3048335b94af6c,hxd75467e3e4ce64e3424c747dfb71503017440433,0x21a3380f4005e94,0x69dcb3a4fcb60fecf89475eada0bb52e321dd80c7fc36aa401876f33eda8e847,1,94221469,0.1514901664128283,1741123749437941,Binance Coin,0.0562970375,BNB,0,1,2025-03-04
cx88fd7df7ddff82f7cc735c871dc519838cb235bb,hxd75467e3e4ce64e3424c747dfb71503017440433,cxa0af3165c08318e988cb30993b3048335b94af6c,0x4c790f9be1f834000,0x69dcb3a4fcb60fecf89475eada0bb52e321dd80c7fc36aa401876f33eda8e847,0,94221469,88.1672445,1741123749437941,Balanced Dollar,0.0562970375,bnUSD,0,1,2025-03-04
cx2609b924e33ef00b648a409245c7ea394c467824,cx21e94c08c03daee80c25d8ee3ea22a20786ec231,hx1adc2b41608d81704d775ff143f43ab6efe0d792,0x8dc2ff8cd78d6bd91,0xecf71aff2dbd981eaa76a3d3082b60428cad17b287d460afbf3cb150ef823e0a,5,94221466,163.44012616330528,1741123743262013,Staked ICX,0.11032485,sICX,0,3,2025-03-04
cx88fd7df7ddff82f7cc735c871dc519838cb235bb,cxa0af3165c08318e988cb30993b3048335b94af6c,cx5faae53c4dbd1fbe4a2eb4aab6565030f10da5c6,0x7dbb09ffa7787d,0xecf71aff2dbd981eaa76a3d3082b60428cad17b287d460afbf3cb150ef823e0a,3,94221466,0.035390023707097214,1741123743262013,Balanced Dollar,0.11032485,bnUSD,0,3,2025-03-04
cx2609b924e33ef00b648a409245c7ea394c467824,cxa0af3165c08318e988cb30993b3048335b94af6c,cx21e94c08c03daee80c25d8ee3ea22a20786ec231,0x8dc2ff8cd78d6bd91,0xecf71aff2dbd981eaa76a3d3082b60428cad17b287d460afbf3cb150ef823e0a,2,94221466,163.44012616330528,1741123743262013,Staked ICX,0.11032485,sICX,0,3,2025-03-04
cx88fd7df7ddff82f7cc735c871dc519838cb235bb,cx21e94c08c03daee80c25d8ee3ea22a20786ec231,cxa0af3165c08318e988cb30993b3048335b94af6c,0x1476c6a09c41f1c02,0xecf71aff2dbd981eaa76a3d3082b60428cad17b287d460afbf3cb150ef823e0a,1,94221466,23.59334913806481,1741123743262013,Balanced Dollar,0.11032485,bnUSD,0,3,2025-03-04
cx88fd7df7ddff82f7cc735c871dc519838cb235bb,hx1adc2b41608d81704d775ff143f43ab6efe0d792,cx21e94c08c03daee80c25d8ee3ea22a20786ec231,0x1476c6a09c41f1c02,0xecf71aff2dbd981eaa76a3d3082b60428cad17b287d460afbf3cb150ef823e0a,0,94221466,23.59334913806481,1741123743262013,Balanced Dollar,0.11032485,bnUSD,0,3,2025-03-04
cx88fd7df7ddff82f7cc735c871dc519838cb235bb,cxa0af3165c08318e988cb30993b3048335b94af6c,cx5faae53c4dbd1fbe4a2eb4aab6565030f10da5c6,0xb4f2e9b9fc66c49,0x70a6e77829766f1afa3a7962521789202649a3910aec3bb8ea4e15566a4ebea9,2,94221466,0.8149213035127388,1741123743262013,Balanced Dollar,0.070556025,bnUSD,0,2,2025-03-04
cx2609b924e33ef00b648a409245c7ea394c467824,cxa0af3165c08318e988cb30993b3048335b94af6c,hxc1718c79947e0f673296218b5b23adbd9a3b38a8,0xcc275c7420d7e84d63,0x70a6e77829766f1afa3a7962521789202649a3910aec3bb8ea4e15566a4ebea9,1,94221466,3765.972060586495,1741123743262013,Staked ICX,0.070556025,sICX,0,2,2025-03-04
cx88fd7df7ddff82f7cc735c871dc519838cb235bb,hxc1718c79947e0f673296218b5b23adbd9a3b38a8,cxa0af3165c08318e988cb30993b3048335b94af6c,0x1d73895ff014ba0000,0x70a6e77829766f1afa3a7962521789202649a3910aec3bb8ea4e15566a4ebea9,0,94221466,543.2808690084926,1741123743262013,Balanced Dollar,0.070556025,bnUSD,0,2,2025-03-04
cx88fd7df7ddff82f7cc735c871dc519838cb235bb,cxd82fb5d3effecd8c9071a4bba3856ad7222c4b91,hxc1718c79947e0f673296218b5b23adbd9a3b38a8,0x1d73895ff014ba0000,0xfd3c8c4192cf66792f251395809e91a9d04c26ac0d803b498396d36a3f9b6359,0,94221466,543.2808690084926,1741123743262013,Balanced Dollar,0.0206895625,bnUSD,0,1,2025-03-04
cx88fd7df7ddff82f7cc735c871dc519838cb235bb,cxa0af3165c08318e988cb30993b3048335b94af6c,cx5faae53c4dbd1fbe4a2eb4aab6565030f10da5c6,0x1625e993ce1a40c,0x5a99eea893150153da1af4936e2520d6447f7359681703f9c697005dfb7eb027,2,94221461,0.09974615400000002,1741123733311507,Balanced Dollar,0.056400425,bnUSD,0,3,2025-03-04
cx288d13e1b63563459a2ac6179f237711f6851cb5,cxa0af3165c08318e988cb30993b3048335b94af6c,hxd75467e3e4ce64e3424c747dfb71503017440433,0x6bafa959566c0d,0x5a99eea893150153da1af4936e2520d6447f7359681703f9c697005dfb7eb027,1,94221461,0.030310964391209998,1741123733311507,Ethereum,0.056400425,ETH,0,3,2025-03-04
cx88fd7df7ddff82f7cc735c871dc519838cb235bb,hxd75467e3e4ce64e3424c747dfb71503017440433,cxa0af3165c08318e988cb30993b3048335b94af6c,0x39ad659b93645e000,0x5a99eea893150153da1af4936e2520d6447f7359681703f9c697005dfb7eb027,0,94221461,66.49743600000001,1741123733311507,Balanced Dollar,0.056400425,bnUSD,0,3,2025-03-04
cx88fd7df7ddff82f7cc735c871dc519838cb235bb,hx0000000000000000000000000000000000000000,cx5faae53c4dbd1fbe4a2eb4aab6565030f10da5c6,0xa7a40d54df4b51,0xd6f79ce538f358b0315255926b9a5ea73f9777e8b24eb307076505812c2fa502,3,94221461,0.04718669827612962,1741123733311507,Balanced Dollar,0.10555985,bnUSD,0,2,2025-03-04
cx88fd7df7ddff82f7cc735c871dc519838cb235bb,cx66d4d90f5f113eba575bf793570135f9b10cece1,hx1adc2b41608d81704d775ff143f43ab6efe0d792,0x1476c6a09c41f1c02,0xd6f79ce538f358b0315255926b9a5ea73f9777e8b24eb307076505812c2fa502,1,94221461,23.59334913806481,1741123733311507,Balanced Dollar,0.10555985,bnUSD,0,2,2025-03-04
cx88fd7df7ddff82f7cc735c871dc519838cb235bb,hx0000000000000000000000000000000000000000,cx66d4d90f5f113eba575bf793570135f9b10cece1,0x1476c6a09c41f1c02,0xd6f79ce538f358b0315255926b9a5ea73f9777e8b24eb307076505812c2fa502,0,94221461,23.59334913806481,1741123733311507,Balanced Dollar,0.10555985,bnUSD,0,2,2025-03-04
cx7baf94bd53b505353285ee4c4c050f9703581703,hxbfc63154bd013b103e8073f6fd50b5bbdfc5246d,hx0000000000000000000000000000000000000000,0x0,0x8ea602c02a0f6c090415353d0a655298cb893b4e0c8218826bc359642ab15572,6,94221458,0.0,1741123727260076,unknown_token,0.06279115,$unknown,15,2,2025-03-04
cx7baf94bd53b505353285ee4c4c050f9703581703,hxbfc63154bd013b103e8073f6fd50b5bbdfc5246d,hx0000000000000000000000000000000000000000,0x0,0x8ea602c02a0f6c090415353d0a655298cb893b4e0c8218826bc359642ab15572,5,94221458,0.0,1741123727260076,unknown_token,0.06279115,$unknown,16,2,2025-03-04
cx7baf94bd53b505353285ee4c4c050f9703581703,hxbfc63154bd013b103e8073f6fd50b5bbdfc5246d,hx0000000000000000000000000000000000000000,0x0,0x8ea602c02a0f6c090415353d0a655298cb893b4e0c8218826bc359642ab15572,4,94221458,0.0,1741123727260076,unknown_token,0.06279115,$unknown,20,2,2025-03-04
cx53f8ccd5426534f82cf10cb742de033e51da72fc,hxbfc63154bd013b103e8073f6fd50b5bbdfc5246d,hx0000000000000000000000000000000000000000,0x0,0x8ea602c02a0f6c090415353d0a655298cb893b4e0c8218826bc359642ab15572,0,94221458,0.0,1741123727260076,unknown_token,0.06279115,$unknown,1,2,2025-03-04
cx88fd7df7ddff82f7cc735c871dc519838cb235bb,cx21e94c08c03daee80c25d8ee3ea22a20786ec231,hx7497c286aa521b09b2b54d78cde3fa4573c0e157,0x528938955450e2477,0x04dd244a414565d3d56fd18a51b8dc2e32b906d79836c650a8863190190ac243,13,94221458,95.15755195096513,1741123727260076,Balanced Dollar,0.2235188875,bnUSD,0,1,2025-03-04
cx88fd7df7ddff82f7cc735c871dc519838cb235bb,cxa0af3165c08318e988cb30993b3048335b94af6c,cx5faae53c4dbd1fbe4a2eb4aab6565030f10da5c6,0x1fc923802431938,0x04dd244a414565d3d56fd18a51b8dc2e32b906d79836c650a8863190190ac243,11,94221458,0.1431500574227889,1741123727260076,Balanced Dollar,0.2235188875,bnUSD,0,1,2025-03-04
cx88fd7df7ddff82f7cc735c871dc519838cb235bb,cxa0af3165c08318e988cb30993b3048335b94af6c,cx21e94c08c03daee80c25d8ee3ea22a20786ec231,0x528938955450e2477,0x04dd244a414565d3d56fd18a51b8dc2e32b906d79836c650a8863190190ac243,10,94221458,95.15755195096513,1741123727260076,Balanced Dollar,0.2235188875,bnUSD,0,1,2025-03-04
cx2609b924e33ef00b648a409245c7ea394c467824,cx21e94c08c03daee80c25d8ee3ea22a20786ec231,cxa0af3165c08318e988cb30993b3048335b94af6c,0x23fe063feeaf34e8e7,0x04dd244a414565d3d56fd18a51b8dc2e32b906d79836c650a8863190190ac243,9,94221458,663.9404306097025,1741123727260076,Staked ICX,0.2235188875,sICX,0,1,2025-03-04
cx2609b924e33ef00b648a409245c7ea394c467824,cxa0af3165c08318e988cb30993b3048335b94af6c,cx5faae53c4dbd1fbe4a2eb4aab6565030f10da5c6,0xddae64eac251e72,0x04dd244a414565d3d56fd18a51b8dc2e32b906d79836c650a8863190190ac243,7,94221458,0.9983634929859375,1741123727260076,Staked ICX,0.2235188875,sICX,0,1,2025-03-04
cx2609b924e33ef00b648a409245c7ea394c467824,cxa0af3165c08318e988cb30993b3048335b94af6c,cx21e94c08c03daee80c25d8ee3ea22a20786ec231,0x23fe063feeaf34e8e7,0x04dd244a414565d3d56fd18a51b8dc2e32b906d79836c650a8863190190ac243,6,94221458,663.9404306097025,1741123727260076,Staked ICX,0.2235188875,sICX,0,1,2025-03-04
cxf61cd5a45dc9f91c15aa65831a30a90d59a09619,cx21e94c08c03daee80c25d8ee3ea22a20786ec231,cxa0af3165c08318e988cb30993b3048335b94af6c,0x2be58fc31577a1ccd7,0x04dd244a414565d3d56fd18a51b8dc2e32b906d79836c650a8863190190ac243,5,94221458,809.7516496228346,1741123727260076,Balance Token,0.2235188875,BALN,0,1,2025-03-04
cx88fd7df7ddff82f7cc735c871dc519838cb235bb,cxa0af3165c08318e988cb30993b3048335b94af6c,cx5faae53c4dbd1fbe4a2eb4aab6565030f10da5c6,0x1fa6aa26fca1493,0x04dd244a414565d3d56fd18a51b8dc2e32b906d79836c650a8863190190ac243,3,94221458,0.14254358410835266,1741123727260076,Balanced Dollar,0.2235188875,bnUSD,0,1,2025-03-04
cxf61cd5a45dc9f91c15aa65831a30a90d59a09619,cxa0af3165c08318e988cb30993b3048335b94af6c,cx21e94c08c03daee80c25d8ee3ea22a20786ec231,0x2be58fc31577a1ccd7,0x04dd244a414565d3d56fd18a51b8dc2e32b906d79836c650a8863190190ac243,2,94221458,809.7516496228346,1741123727260076,Balance Token,0.2235188875,BALN,0,1,2025-03-04
cx88fd7df7ddff82f7cc735c871dc519838cb235bb,cx21e94c08c03daee80c25d8ee3ea22a20786ec231,cxa0af3165c08318e988cb30993b3048335b94af6c,0x526cb07031e404000,0x04dd244a414565d3d56fd18a51b8dc2e32b906d79836c650a8863190190ac243,1,94221458,95.02905607223511,1741123727260076,Balanced Dollar,0.2235188875,bnUSD,0,1,2025-03-04
cx88fd7df7ddff82f7cc735c871dc519838cb235bb,hx7497c286aa521b09b2b54d78cde3fa4573c0e157,cx21e94c08c03daee80c25d8ee3ea22a20786ec231,0x526cb07031e404000,0x04dd244a414565d3d56fd18a51b8dc2e32b906d79836c650a8863190190ac243,0,94221458,95.02905607223511,1741123727260076,Balanced Dollar,0.2235188875,bnUSD,0,1,2025-03-04
cx2609b924e33ef00b648a409245c7ea394c467824,cx21e94c08c03daee80c25d8ee3ea22a20786ec231,hx2debd9ec927cca1639da8d3518dd9dbf1cdfb357,0x6c6b536e1236f9f972,0x893b00cc71f7512d99ee82f0feab6aac5bacd414493b5c9ee99e0b3491631ae3,5,94221457,1999.9820059702677,1741123725410819,Staked ICX,0.1127006875,sICX,0,1,2025-03-04
cx88fd7df7ddff82f7cc735c871dc519838cb235bb,cxa0af3165c08318e988cb30993b3048335b94af6c,cx5faae53c4dbd1fbe4a2eb4aab6565030f10da5c6,0x60066d672385364,0x893b00cc71f7512d99ee82f0feab6aac5bacd414493b5c9ee99e0b3491631ae3,3,94221457,0.4324586354528961,1741123725410819,Balanced Dollar,0.1127006875,bnUSD,0,1,2025-03-04
cx2609b924e33ef00b648a409245c7ea394c467824,cxa0af3165c08318e988cb30993b3048335b94af6c,cx21e94c08c03daee80c25d8ee3ea22a20786ec231,0x6c6b536e1236f9f972,0x893b00cc71f7512d99ee82f0feab6aac5bacd414493b5c9ee99e0b3491631ae3,2,94221457,1999.9820059702677,1741123725410819,Staked ICX,0.1127006875,sICX,0,1,2025-03-04
cx88fd7df7ddff82f7cc735c871dc519838cb235bb,cx21e94c08c03daee80c25d8ee3ea22a20786ec231,cxa0af3165c08318e988cb30993b3048335b94af6c,0xfa10bce741d5929c0,0x893b00cc71f7512d99ee82f0feab6aac5bacd414493b5c9ee99e0b3491631ae3,1,94221457,288.3057569685974,1741123725410819,Balanced Dollar,0.1127006875,bnUSD,0,1,2025-03-04
cx88fd7df7ddff82f7cc735c871dc519838cb235bb,hx2debd9ec927cca1639da8d3518dd9dbf1cdfb357,cx21e94c08c03daee80c25d8ee3ea22a20786ec231,0xfa10bce741d5929c0,0x893b00cc71f7512d99ee82f0feab6aac5bacd414493b5c9ee99e0b3491631ae3,0,94221457,288.3057569685974,1741123725410819,Balanced Dollar,0.1127006875,bnUSD,0,1,2025-03-04
cx88fd7df7ddff82f7cc735c871dc519838cb235bb,cxa0af3165c08318e988cb30993b3048335b94af6c,cx5faae53c4dbd1fbe4a2eb4aab6565030f10da5c6,0x1b41ef343400000,0xbf0a5c1fa15a5dd1587fbf0969f1090f835deda43a6827f880b51afe8d8c20a8,2,94221456,0.12275712,1741123723251192,Balanced Dollar,0.056310275,bnUSD,0,1,2025-03-04
cx66a031cc3bd305c76371fb586e93801b948254f0,cxa0af3165c08318e988cb30993b3048335b94af6c,hxd75467e3e4ce64e3424c747dfb71503017440433,0x37bd2b8994889a87,0xbf0a5c1fa15a5dd1587fbf0969f1090f835deda43a6827f880b51afe8d8c20a8,1,94221456,4.016414312586845,1741123723251192,Avalanche,0.056310275,AVAX,0,1,2025-03-04
cx88fd7df7ddff82f7cc735c871dc519838cb235bb,hxd75467e3e4ce64e3424c747dfb71503017440433,cxa0af3165c08318e988cb30993b3048335b94af6c,0x46fbb4429cc000000,0xbf0a5c1fa15a5dd1587fbf0969f1090f835deda43a6827f880b51afe8d8c20a8,0,94221456,81.83808,1741123723251192,Balanced Dollar,0.056310275,bnUSD,0,1,2025-03-04
cx2609b924e33ef00b648a409245c7ea394c467824,hx1adc2b41608d81704d775ff143f43ab6efe0d792,cx66d4d90f5f113eba575bf793570135f9b10cece1,0xc8cb53775deee0000,0x67b073a1f04a5c8b79ef83d41701f09b88b31aaf1d18f50353c279d2c73a96bf,1,94221455,231.5,1741123721253347,Staked ICX,0.0952695,sICX,0,1,2025-03-04
cx2609b924e33ef00b648a409245c7ea394c467824,cx21e94c08c03daee80c25d8ee3ea22a20786ec231,hx2debd9ec927cca1639da8d3518dd9dbf1cdfb357,0x6c6b536e11b9edf9a5,0xfa018ad995d4cbd7e3b7e9c7da78feee5e53118e26ebd388258cddc1e4bd1b2e,5,94221453,1999.9820059681697,1741123717250651,Staked ICX,0.1127006875,sICX,0,1,2025-03-04
cx88fd7df7ddff82f7cc735c871dc519838cb235bb,cxa0af3165c08318e988cb30993b3048335b94af6c,cx5faae53c4dbd1fbe4a2eb4aab6565030f10da5c6,0x5ff61ce237bc4b2,0xfa018ad995d4cbd7e3b7e9c7da78feee5e53118e26ebd388258cddc1e4bd1b2e,3,94221453,0.43217162723732805,1741123717250651,Balanced Dollar,0.1127006875,bnUSD,0,1,2025-03-04
cx2609b924e33ef00b648a409245c7ea394c467824,cxa0af3165c08318e988cb30993b3048335b94af6c,cx21e94c08c03daee80c25d8ee3ea22a20786ec231,0x6c6b536e11b9edf9a5,0xfa018ad995d4cbd7e3b7e9c7da78feee5e53118e26ebd388258cddc1e4bd1b2e,2,94221453,1999.9820059681697,1741123717250651,Staked ICX,0.1127006875,sICX,0,1,2025-03-04
cx88fd7df7ddff82f7cc735c871dc519838cb235bb,cx21e94c08c03daee80c25d8ee3ea22a20786ec231,cxa0af3165c08318e988cb30993b3048335b94af6c,0xf9e6408d1bcfae4e0,0xfa018ad995d4cbd7e3b7e9c7da78feee5e53118e26ebd388258cddc1e4bd1b2e,1,94221453,288.1144181582187,1741123717250651,Balanced Dollar,0.1127006875,bnUSD,0,1,2025-03-04
cx88fd7df7ddff82f7cc735c871dc519838cb235bb,hx2debd9ec927cca1639da8d3518dd9dbf1cdfb357,cx21e94c08c03daee80c25d8ee3ea22a20786ec231,0xf9e6408d1bcfae4e0,0xfa018ad995d4cbd7e3b7e9c7da78feee5e53118e26ebd388258cddc1e4bd1b2e,0,94221453,288.1144181582187,1741123717250651,Balanced Dollar,0.1127006875,bnUSD,0,1,2025-03-04
cx2609b924e33ef00b648a409245c7ea394c467824,cx21e94c08c03daee80c25d8ee3ea22a20786ec231,hx2debd9ec927cca1639da8d3518dd9dbf1cdfb357,0x6c6b536e114a231f7d,0xf87b4867ab655c6acd50194bdd4be8026d61b92f8f237ac836263605623b835e,5,94221449,1999.982005966294,1741123709252340,Staked ICX,0.1127006875,sICX,0,2,2025-03-04
cx88fd7df7ddff82f7cc735c871dc519838cb235bb,cxa0af3165c08318e988cb30993b3048335b94af6c,cx5faae53c4dbd1fbe4a2eb4aab6565030f10da5c6,0x5fe5d0850ded1e0,0xf87b4867ab655c6acd50194bdd4be8026d61b92f8f237ac836263605623b835e,3,94221449,0.43188490457204787,1741123709252340,Balanced Dollar,0.1127006875,bnUSD,0,2,2025-03-04
cx2609b924e33ef00b648a409245c7ea394c467824,cxa0af3165c08318e988cb30993b3048335b94af6c,cx21e94c08c03daee80c25d8ee3ea22a20786ec231,0x6c6b536e114a231f7d,0xf87b4867ab655c6acd50194bdd4be8026d61b92f8f237ac836263605623b835e,2,94221449,1999.982005966294,1741123709252340,Staked ICX,0.1127006875,sICX,0,2,2025-03-04
cx88fd7df7ddff82f7cc735c871dc519838cb235bb,cx21e94c08c03daee80c25d8ee3ea22a20786ec231,cxa0af3165c08318e988cb30993b3048335b94af6c,0xf9bbcf0529997e200,0xf87b4867ab655c6acd50194bdd4be8026d61b92f8f237ac836263605623b835e,1,94221449,287.92326971469856,1741123709252340,Balanced Dollar,0.1127006875,bnUSD,0,2,2025-03-04
cx88fd7df7ddff82f7cc735c871dc519838cb235bb,hx2debd9ec927cca1639da8d3518dd9dbf1cdfb357,cx21e94c08c03daee80c25d8ee3ea22a20786ec231,0xf9bbcf0529997e200,0xf87b4867ab655c6acd50194bdd4be8026d61b92f8f237ac836263605623b835e,0,94221449,287.92326971469856,1741123709252340,Balanced Dollar,0.1127006875,bnUSD,0,2,2025-03-04
cx2609b924e33ef00b648a409245c7ea394c467824,cx21e94c08c03daee80c25d8ee3ea22a20786ec231,hx1adc2b41608d81704d775ff143f43ab6efe0d792,0xc8cb4b81db2965d9e,0x780ed5e1ef3b57d31ba194b10c4429f4f03f94429b511023b7dc72826f4612a4,5,94221447,231.4998599833222,1741123705416986,Staked ICX,0.1103286,sICX,0,1,2025-03-04
cx88fd7df7ddff82f7cc735c871dc519838cb235bb,cxa0af3165c08318e988cb30993b3048335b94af6c,cx5faae53c4dbd1fbe4a2eb4aab6565030f10da5c6,0xb189d2134491f4,0x780ed5e1ef3b57d31ba194b10c4429f4f03f94429b511023b7dc72826f4612a4,3,94221447,0.0499726062371845,1741123705416986,Balanced Dollar,0.1103286,bnUSD,0,1,2025-03-04
cx2609b924e33ef00b648a409245c7ea394c467824,cxa0af3165c08318e988cb30993b3048335b94af6c,cx21e94c08c03daee80c25d8ee3ea22a20786ec231,0xc8cb4b81db2965d9e,0x780ed5e1ef3b57d31ba194b10c4429f4f03f94429b511023b7dc72826f4612a4,2,94221447,231.4998599833222,1741123705416986,Staked ICX,0.1103286,sICX,0,1,2025-03-04
cx88fd7df7ddff82f7cc735c871dc519838cb235bb,cx21e94c08c03daee80c25d8ee3ea22a20786ec231,cxa0af3165c08318e988cb30993b3048335b94af6c,0x1ce56e86782916d5c,0x780ed5e1ef3b57d31ba194b10c4429f4f03f94429b511023b7dc72826f4612a4,1,94221447,33.315070824789665,1741123705416986,Balanced Dollar,0.1103286,bnUSD,0,1,2025-03-04
cx88fd7df7ddff82f7cc735c871dc519838cb235bb,hx1adc2b41608d81704d775ff143f43ab6efe0d792,cx21e94c08c03daee80c25d8ee3ea22a20786ec231,0x1ce56e86782916d5c,0x780ed5e1ef3b57d31ba194b10c4429f4f03f94429b511023b7dc72826f4612a4,0,94221447,33.315070824789665,1741123705416986,Balanced Dollar,0.1103286,bnUSD,0,1,2025-03-04
cx88fd7df7ddff82f7cc735c871dc519838cb235bb,cxa0af3165c08318e988cb30993b3048335b94af6c,cx5faae53c4dbd1fbe4a2eb4aab6565030f10da5c6,0xe9469474aa3a00,0x68513931cc1e961a3db8f12ad1cac88f230188a859cace627b3956f4e3cc7a0f,2,94221446,0.065661273,1741123703392673,Balanced Dollar,0.046032925,bnUSD,0,1,2025-03-04
cx65c9e3d4fea842e00add0d32a5b4c5e4e04c7a6b,cxa0af3165c08318e988cb30993b3048335b94af6c,hxd75467e3e4ce64e3424c747dfb71503017440433,0x1222d5cd,0x68513931cc1e961a3db8f12ad1cac88f230188a859cace627b3956f4e3cc7a0f,1,94221446,0.304272845,1741123703392673,Solana,0.046032925,SOL,0,1,2025-03-04
cx88fd7df7ddff82f7cc735c871dc519838cb235bb,hxd75467e3e4ce64e3424c747dfb71503017440433,cxa0af3165c08318e988cb30993b3048335b94af6c,0x25f7d229a7b4c6000,0x68513931cc1e961a3db8f12ad1cac88f230188a859cace627b3956f4e3cc7a0f,0,94221446,43.774182,1741123703392673,Balanced Dollar,0.046032925,bnUSD,0,1,2025-03-04
cx508002ec116fbf3ab406329c0df28e70d7e75fb3,cx21e94c08c03daee80c25d8ee3ea22a20786ec231,hx2debd9ec927cca1639da8d3518dd9dbf1cdfb357,0x22ec9dcb30,0x7243d35fffd7a968b4a1f4f292535c35f96fe7b2e36ea06cac265eec1eb20c53,5,94221445,149.998652208,1741123701388106,Sui,0.078024425,SUI,0,1,2025-03-04
cx88fd7df7ddff82f7cc735c871dc519838cb235bb,cxa0af3165c08318e988cb30993b3048335b94af6c,cx5faae53c4dbd1fbe4a2eb4aab6565030f10da5c6,0x7ee69ec40f3a552,0x7243d35fffd7a968b4a1f4f292535c35f96fe7b2e36ea06cac265eec1eb20c53,3,94221445,0.5715106661455394,1741123701388106,Balanced Dollar,0.078024425,bnUSD,0,1,2025-03-04
cx508002ec116fbf3ab406329c0df28e70d7e75fb3,cxa0af3165c08318e988cb30993b3048335b94af6c,cx21e94c08c03daee80c25d8ee3ea22a20786ec231,0x22ec9dcb30,0x7243d35fffd7a968b4a1f4f292535c35f96fe7b2e36ea06cac265eec1eb20c53,2,94221445,149.998652208,1741123701388106,Sui,0.078024425,SUI,0,1,2025-03-04
cx88fd7df7ddff82f7cc735c871dc519838cb235bb,cx21e94c08c03daee80c25d8ee3ea22a20786ec231,cxa0af3165c08318e988cb30993b3048335b94af6c,0x14a7892c93cfd3dae0,0x7243d35fffd7a968b4a1f4f292535c35f96fe7b2e36ea06cac265eec1eb20c53,1,94221445,381.00711076369294,1741123701388106,Balanced Dollar,0.078024425,bnUSD,0,1,2025-03-04
cx88fd7df7ddff82f7cc735c871dc519838cb235bb,hx2debd9ec927cca1639da8d3518dd9dbf1cdfb357,cx21e94c08c03daee80c25d8ee3ea22a20786ec231,0x14a7892c93cfd3dae0,0x7243d35fffd7a968b4a1f4f292535c35f96fe7b2e36ea06cac265eec1eb20c53,0,94221445,381.00711076369294,1741123701388106,Balanced Dollar,0.078024425,bnUSD,0,1,2025-03-04
cx66a031cc3bd305c76371fb586e93801b948254f0,cx21e94c08c03daee80c25d8ee3ea22a20786ec231,hx2debd9ec927cca1639da8d3518dd9dbf1cdfb357,0x1158da298bd0735dc,0x6b17236a04184f55138e0854c8ecd6adcb72df355a437fd37489a00746523d0a,5,94221442,19.999820297112336,1741123695429024,Avalanche,0.0882961875,AVAX,0,1,2025-03-04
cx88fd7df7ddff82f7cc735c871dc519838cb235bb,cxa0af3165c08318e988cb30993b3048335b94af6c,cx5faae53c4dbd1fbe4a2eb4aab6565030f10da5c6,0x8775d07a00c2298,0x6b17236a04184f55138e0854c8ecd6adcb72df355a437fd37489a00746523d0a,3,94221442,0.6100585618632957,1741123695429024,Balanced Dollar,0.0882961875,bnUSD,0,1,2025-03-04
cx66a031cc3bd305c76371fb586e93801b948254f0,cxa0af3165c08318e988cb30993b3048335b94af6c,cx21e94c08c03daee80c25d8ee3ea22a20786ec231,0x1158da298bd0735dc,0x6b17236a04184f55138e0854c8ecd6adcb72df355a437fd37489a00746523d0a,2,94221442,19.999820297112336,1741123695429024,Avalanche,0.0882961875,AVAX,0,1,2025-03-04
cx88fd7df7ddff82f7cc735c871dc519838cb235bb,cx21e94c08c03daee80c25d8ee3ea22a20786ec231,cxa0af3165c08318e988cb30993b3048335b94af6c,0x160c2cee861f9a1680,0x6b17236a04184f55138e0854c8ecd6adcb72df355a437fd37489a00746523d0a,1,94221442,406.70570790886376,1741123695429024,Balanced Dollar,0.0882961875,bnUSD,0,1,2025-03-04
cx88fd7df7ddff82f7cc735c871dc519838cb235bb,hx2debd9ec927cca1639da8d3518dd9dbf1cdfb357,cx21e94c08c03daee80c25d8ee3ea22a20786ec231,0x160c2cee861f9a1680,0x6b17236a04184f55138e0854c8ecd6adcb72df355a437fd37489a00746523d0a,0,94221442,406.70570790886376,1741123695429024,Balanced Dollar,0.0882961875,bnUSD,0,1,2025-03-04
cx88fd7df7ddff82f7cc735c871dc519838cb235bb,hx0000000000000000000000000000000000000000,cx5faae53c4dbd1fbe4a2eb4aab6565030f10da5c6,0xecb7c2c45b6d46,0xdaa2ba5978dfaa43021582fe21aab32f36168bd88b99208e0616450f4ee41fa7,3,94221441,0.06663014164957934,1741123693241703,Balanced Dollar,0.10555985,bnUSD,0,2,2025-03-04
cx88fd7df7ddff82f7cc735c871dc519838cb235bb,cx66d4d90f5f113eba575bf793570135f9b10cece1,hx1adc2b41608d81704d775ff143f43ab6efe0d792,0x1ce56e86782916d5c,0xdaa2ba5978dfaa43021582fe21aab32f36168bd88b99208e0616450f4ee41fa7,1,94221441,33.315070824789665,1741123693241703,Balanced Dollar,0.10555985,bnUSD,0,2,2025-03-04
cx88fd7df7ddff82f7cc735c871dc519838cb235bb,hx0000000000000000000000000000000000000000,cx66d4d90f5f113eba575bf793570135f9b10cece1,0x1ce56e86782916d5c,0xdaa2ba5978dfaa43021582fe21aab32f36168bd88b99208e0616450f4ee41fa7,0,94221441,33.315070824789665,1741123693241703,Balanced Dollar,0.10555985,bnUSD,0,2,2025-03-04
cx88fd7df7ddff82f7cc735c871dc519838cb235bb,cxa0af3165c08318e988cb30993b3048335b94af6c,cx5faae53c4dbd1fbe4a2eb4aab6565030f10da5c6,0x2ac055b01c5ed06,0x6fc44a96584d07a615b12dd10a793fa53658bcd579dff9ded8d2475d7367ed83,2,94221441,0.1925347725,1741123693241703,Balanced Dollar,0.0460587125,bnUSD,0,1,2025-03-04
cx508002ec116fbf3ab406329c0df28e70d7e75fb3,cxa0af3165c08318e988cb30993b3048335b94af6c,hxd75467e3e4ce64e3424c747dfb71503017440433,0xbca958553,0x6fc44a96584d07a615b12dd10a793fa53658bcd579dff9ded8d2475d7367ed83,1,94221441,50.643436883,1741123693241703,Sui,0.0460587125,SUI,0,1,2025-03-04
cx88fd7df7ddff82f7cc735c871dc519838cb235bb,hxd75467e3e4ce64e3424c747dfb71503017440433,cxa0af3165c08318e988cb30993b3048335b94af6c,0x6f54df2549e194000,0x6fc44a96584d07a615b12dd10a793fa53658bcd579dff9ded8d2475d7367ed83,0,94221441,128.356515,1741123693241703,Balanced Dollar,0.0460587125,bnUSD,0,1,2025-03-04
cx2609b924e33ef00b648a409245c7ea394c467824,cx21e94c08c03daee80c25d8ee3ea22a20786ec231,hx2debd9ec927cca1639da8d3518dd9dbf1cdfb357,0x6c6b536e1109330a69,0x292d7f6845c19b9261b925b9e2a72a3f8067c30c437803fab86aac7ee177cd46,5,94221438,1999.9820059652047,1741123687246591,Staked ICX,0.1127006875,sICX,0,1,2025-03-04
cx88fd7df7ddff82f7cc735c871dc519838cb235bb,cxa0af3165c08318e988cb30993b3048335b94af6c,cx5faae53c4dbd1fbe4a2eb4aab6565030f10da5c6,0x5fd3a619344c839,0x292d7f6845c19b9261b925b9e2a72a3f8067c30c437803fab86aac7ee177cd46,3,94221438,0.4315653300544328,1741123687246591,Balanced Dollar,0.1127006875,bnUSD,0,1,2025-03-04
cx2609b924e33ef00b648a409245c7ea394c467824,cxa0af3165c08318e988cb30993b3048335b94af6c,cx21e94c08c03daee80c25d8ee3ea22a20786ec231,0x6c6b536e1109330a69,0x292d7f6845c19b9261b925b9e2a72a3f8067c30c437803fab86aac7ee177cd46,2,94221438,1999.9820059652047,1741123687246591,Staked ICX,0.1127006875,sICX,0,1,2025-03-04
cx88fd7df7ddff82f7cc735c871dc519838cb235bb,cx21e94c08c03daee80c25d8ee3ea22a20786ec231,cxa0af3165c08318e988cb30993b3048335b94af6c,0xf98c808c4d8741470,0x292d7f6845c19b9261b925b9e2a72a3f8067c30c437803fab86aac7ee177cd46,1,94221438,287.71022003628855,1741123687246591,Balanced Dollar,0.1127006875,bnUSD,0,1,2025-03-04
cx88fd7df7ddff82f7cc735c871dc519838cb235bb,hx2debd9ec927cca1639da8d3518dd9dbf1cdfb357,cx21e94c08c03daee80c25d8ee3ea22a20786ec231,0xf98c808c4d8741470,0x292d7f6845c19b9261b925b9e2a72a3f8067c30c437803fab86aac7ee177cd46,0,94221438,287.71022003628855,1741123687246591,Balanced Dollar,0.1127006875,bnUSD,0,1,2025-03-04
cx88fd7df7ddff82f7cc735c871dc519838cb235bb,cxa0af3165c08318e988cb30993b3048335b94af6c,cx5faae53c4dbd1fbe4a2eb4aab6565030f10da5c6,0xf10f1b75abe000,0x388daec49faf2808473fa42ac4cbf645caa68c258c9bed9f3721b96896e1c9cc,2,94221436,0.06785208,1741123683295025,Balanced Dollar,0.0563627125,bnUSD,0,1,2025-03-04
cx4297f4b63262507623b6ad575d0d8dd2db980e4e,cxa0af3165c08318e988cb30993b3048335b94af6c,hxd75467e3e4ce64e3424c747dfb71503017440433,0x37f3d878833e82d4,0x388daec49faf2808473fa42ac4cbf645caa68c258c9bed9f3721b96896e1c9cc,1,94221436,4.031804103536313,1741123683295025,Injective,0.0563627125,INJ,0,1,2025-03-04
cx88fd7df7ddff82f7cc735c871dc519838cb235bb,hxd75467e3e4ce64e3424c747dfb71503017440433,cxa0af3165c08318e988cb30993b3048335b94af6c,0x273c2022d1a420000,0x388daec49faf2808473fa42ac4cbf645caa68c258c9bed9f3721b96896e1c9cc,0,94221436,45.23472,1741123683295025,Balanced Dollar,0.0563627125,bnUSD,0,1,2025-03-04
cx2609b924e33ef00b648a409245c7ea394c467824,hx1adc2b41608d81704d775ff143f43ab6efe0d792,cx66d4d90f5f113eba575bf793570135f9b10cece1,0x128cb3910d7b2a0000,0x80a302982b9ee11c761b34e4dec19227ca2c57afa2c46bc5753fa68989de8103,1,94221435,342.18,1741123681237675,Staked ICX,0.095272,sICX,0,1,2025-03-04
cx65c9e3d4fea842e00add0d32a5b4c5e4e04c7a6b,cx21e94c08c03daee80c25d8ee3ea22a20786ec231,hx2debd9ec927cca1639da8d3518dd9dbf1cdfb357,0xb2cff4d2,0xdc3ca1e450da1d27d4adfe10690aa452496b8f504a56a2a7d8147971e8beff61,5,94221434,2.999973074,1741123679238550,Solana,0.0780078625,SOL,0,1,2025-03-04
cx88fd7df7ddff82f7cc735c871dc519838cb235bb,cxa0af3165c08318e988cb30993b3048335b94af6c,cx5faae53c4dbd1fbe4a2eb4aab6565030f10da5c6,0x8f513d69adb371f,0xdc3ca1e450da1d27d4adfe10690aa452496b8f504a56a2a7d8147971e8beff61,3,94221434,0.645443934039521,1741123679238550,Balanced Dollar,0.0780078625,bnUSD,0,1,2025-03-04
cx65c9e3d4fea842e00add0d32a5b4c5e4e04c7a6b,cxa0af3165c08318e988cb30993b3048335b94af6c,cx21e94c08c03daee80c25d8ee3ea22a20786ec231,0xb2cff4d2,0xdc3ca1e450da1d27d4adfe10690aa452496b8f504a56a2a7d8147971e8beff61,2,94221434,2.999973074,1741123679238550,Solana,0.0780078625,SOL,0,1,2025-03-04
cx88fd7df7ddff82f7cc735c871dc519838cb235bb,cx21e94c08c03daee80c25d8ee3ea22a20786ec231,cxa0af3165c08318e988cb30993b3048335b94af6c,0x17538e5433458a3610,0xdc3ca1e450da1d27d4adfe10690aa452496b8f504a56a2a7d8147971e8beff61,1,94221434,430.29595602634737,1741123679238550,Balanced Dollar,0.0780078625,bnUSD,0,1,2025-03-04
cx88fd7df7ddff82f7cc735c871dc519838cb235bb,hx2debd9ec927cca1639da8d3518dd9dbf1cdfb357,cx21e94c08c03daee80c25d8ee3ea22a20786ec231,0x17538e5433458a3610,0xdc3ca1e450da1d27d4adfe10690aa452496b8f504a56a2a7d8147971e8beff61,0,94221434,430.29595602634737,1741123679238550,Balanced Dollar,0.0780078625,bnUSD,0,1,2025-03-04
cx88fd7df7ddff82f7cc735c871dc519838cb235bb,cxa0af3165c08318e988cb30993b3048335b94af6c,cx5faae53c4dbd1fbe4a2eb4aab6565030f10da5c6,0x1d51329f4dcddf3,0xa521104beb18f93a675e99f76b84f9c0b1c31694ff3ba4176abcef6cfe4675b9,2,94221431,0.132032835,1741123673238804,Balanced Dollar,0.0562970375,bnUSD,0,1,2025-03-04
cx2d552c485ec8bcaa75aac02424e2aca6ffdb2f1b,cxa0af3165c08318e988cb30993b3048335b94af6c,hxd75467e3e4ce64e3424c747dfb71503017440433,0x219c134597143ce,0xa521104beb18f93a675e99f76b84f9c0b1c31694ff3ba4176abcef6cfe4675b9,1,94221431,0.15136449307667757,1741123673238804,Binance Coin,0.0562970375,BNB,0,1,2025-03-04
cx88fd7df7ddff82f7cc735c871dc519838cb235bb,hxd75467e3e4ce64e3424c747dfb71503017440433,cxa0af3165c08318e988cb30993b3048335b94af6c,0x4c58c929854820000,0xa521104beb18f93a675e99f76b84f9c0b1c31694ff3ba4176abcef6cfe4675b9,0,94221431,88.02188999999998,1741123673238804,Balanced Dollar,0.0562970375,bnUSD,0,1,2025-03-04
cx2609b924e33ef00b648a409245c7ea394c467824,cx21e94c08c03daee80c25d8ee3ea22a20786ec231,hx1adc2b41608d81704d775ff143f43ab6efe0d792,0xca1c4b0bd8676a82b,0x30ddd8426d4e3f886417dde86e36265af436cc50c50941b5864562173a143827,5,94221428,233.01756494810755,1741123667237585,Staked ICX,0.110323225,sICX,0,1,2025-03-04
cx88fd7df7ddff82f7cc735c871dc519838cb235bb,cxa0af3165c08318e988cb30993b3048335b94af6c,cx5faae53c4dbd1fbe4a2eb4aab6565030f10da5c6,0xb291ee7b2ccdda,0x30ddd8426d4e3f886417dde86e36265af436cc50c50941b5864562173a143827,3,94221428,0.05026299930927459,1741123667237585,Balanced Dollar,0.110323225,bnUSD,0,1,2025-03-04
cx2609b924e33ef00b648a409245c7ea394c467824,cxa0af3165c08318e988cb30993b3048335b94af6c,cx21e94c08c03daee80c25d8ee3ea22a20786ec231,0xca1c4b0bd8676a82b,0x30ddd8426d4e3f886417dde86e36265af436cc50c50941b5864562173a143827,2,94221428,233.01756494810755,1741123667237585,Staked ICX,0.110323225,sICX,0,1,2025-03-04
cx88fd7df7ddff82f7cc735c871dc519838cb235bb,cx21e94c08c03daee80c25d8ee3ea22a20786ec231,cxa0af3165c08318e988cb30993b3048335b94af6c,0x1d106b260c4ad67e2,0x30ddd8426d4e3f886417dde86e36265af436cc50c50941b5864562173a143827,1,94221428,33.50866620618306,1741123667237585,Balanced Dollar,0.110323225,bnUSD,0,1,2025-03-04
cx88fd7df7ddff82f7cc735c871dc519838cb235bb,hx1adc2b41608d81704d775ff143f43ab6efe0d792,cx21e94c08c03daee80c25d8ee3ea22a20786ec231,0x1d106b260c4ad67e2,0x30ddd8426d4e3f886417dde86e36265af436cc50c50941b5864562173a143827,0,94221428,33.50866620618306,1741123667237585,Balanced Dollar,0.110323225,bnUSD,0,1,2025-03-04
cx88fd7df7ddff82f7cc735c871dc519838cb235bb,cxa0af3165c08318e988cb30993b3048335b94af6c,cx5faae53c4dbd1fbe4a2eb4aab6565030f10da5c6,0xe8619dce8d5200,0x1e565544891353fb6c5f6c6d0f9ba42fe0ad8b05bb9dfbb7e9180eb6c9119c55,2,94221423,0.065409525,1741123657237061,Balanced Dollar,0.0460356125,bnUSD,0,2,2025-03-04
cx65c9e3d4fea842e00add0d32a5b4c5e4e04c7a6b,cxa0af3165c08318e988cb30993b3048335b94af6c,hxd75467e3e4ce64e3424c747dfb71503017440433,0x122ce4cf,0x1e565544891353fb6c5f6c6d0f9ba42fe0ad8b05bb9dfbb7e9180eb6c9119c55,1,94221423,0.304932047,1741123657237061,Solana,0.0460356125,SOL,0,2,2025-03-04
cx88fd7df7ddff82f7cc735c871dc519838cb235bb,hxd75467e3e4ce64e3424c747dfb71503017440433,cxa0af3165c08318e988cb30993b3048335b94af6c,0x25d28e049e55ae000,0x1e565544891353fb6c5f6c6d0f9ba42fe0ad8b05bb9dfbb7e9180eb6c9119c55,0,94221423,43.60635,1741123657237061,Balanced Dollar,0.0460356125,bnUSD,0,2,2025-03-04
cx88fd7df7ddff82f7cc735c871dc519838cb235bb,hx0000000000000000000000000000000000000000,cx5faae53c4dbd1fbe4a2eb4aab6565030f10da5c6,0x41f55cb856e85d,0xb6b964bc0fb65c09443baeb5968f37bad5ad8f119311744a14de5929d0bfa9e5,3,94221423,0.018565652064692316,1741123657237061,Balanced Dollar,0.1016024125,bnUSD,0,1,2025-03-04
cx88fd7df7ddff82f7cc735c871dc519838cb235bb,cx66d4d90f5f113eba575bf793570135f9b10cece1,hx1adc2b41608d81704d775ff143f43ab6efe0d792,0x80d3391809bdd797,0xb6b964bc0fb65c09443baeb5968f37bad5ad8f119311744a14de5929d0bfa9e5,1,94221423,9.28282603234616,1741123657237061,Balanced Dollar,0.1016024125,bnUSD,0,1,2025-03-04
cx88fd7df7ddff82f7cc735c871dc519838cb235bb,hx0000000000000000000000000000000000000000,cx66d4d90f5f113eba575bf793570135f9b10cece1,0x80d3391809bdd797,0xb6b964bc0fb65c09443baeb5968f37bad5ad8f119311744a14de5929d0bfa9e5,0,94221423,9.28282603234616,1741123657237061,Balanced Dollar,0.1016024125,bnUSD,0,1,2025-03-04
cx88fd7df7ddff82f7cc735c871dc519838cb235bb,cxa0af3165c08318e988cb30993b3048335b94af6c,cx5faae53c4dbd1fbe4a2eb4aab6565030f10da5c6,0x2a89d1d1b3f6d1e,0x09138a44aea174b553f2ab9db6def7d1735000ff99287a4fbc1e1c10eeaa81be,2,94221418,0.19157573250000004,1741123647228215,Balanced Dollar,0.0460587125,bnUSD,0,2,2025-03-04
cx508002ec116fbf3ab406329c0df28e70d7e75fb3,cxa0af3165c08318e988cb30993b3048335b94af6c,hxd75467e3e4ce64e3424c747dfb71503017440433,0xbbedc784a,0x09138a44aea174b553f2ab9db6def7d1735000ff99287a4fbc1e1c10eeaa81be,1,94221418,50.44676001,1741123647228215,Sui,0.0460587125,SUI,0,2,2025-03-04
cx88fd7df7ddff82f7cc735c871dc519838cb235bb,hxd75467e3e4ce64e3424c747dfb71503017440433,cxa0af3165c08318e988cb30993b3048335b94af6c,0x6ec6e7bcc4a818000,0x09138a44aea174b553f2ab9db6def7d1735000ff99287a4fbc1e1c10eeaa81be,0,94221418,127.71715500000002,1741123647228215,Balanced Dollar,0.0460587125,bnUSD,0,2,2025-03-04
cx88fd7df7ddff82f7cc735c871dc519838cb235bb,hx0000000000000000000000000000000000000000,cx5faae53c4dbd1fbe4a2eb4aab6565030f10da5c6,0xac228bebe4d4c4,0x0901613dfc7d6d5c47a854fae011c8642371756480d5114d2a02cab5db137810,3,94221418,0.048451680347673796,1741123647228215,Balanced Dollar,0.1021410125,bnUSD,0,1,2025-03-04
cx88fd7df7ddff82f7cc735c871dc519838cb235bb,cx66d4d90f5f113eba575bf793570135f9b10cece1,hx1adc2b41608d81704d775ff143f43ab6efe0d792,0x150337948baef904b,0x0901613dfc7d6d5c47a854fae011c8642371756480d5114d2a02cab5db137810,1,94221418,24.225840173836897,1741123647228215,Balanced Dollar,0.1021410125,bnUSD,0,1,2025-03-04
cx88fd7df7ddff82f7cc735c871dc519838cb235bb,hx0000000000000000000000000000000000000000,cx66d4d90f5f113eba575bf793570135f9b10cece1,0x150337948baef904b,0x0901613dfc7d6d5c47a854fae011c8642371756480d5114d2a02cab5db137810,0,94221418,24.225840173836897,1741123647228215,Balanced Dollar,0.1021410125,bnUSD,0,1,2025-03-04
cx88fd7df7ddff82f7cc735c871dc519838cb235bb,cxa0af3165c08318e988cb30993b3048335b94af6c,cx5faae53c4dbd1fbe4a2eb4aab6565030f10da5c6,0xf10f1b75abe000,0x2def6d38298ef9993d2c956e9fbd330eb1d3d6ad21520adda3344bdfb479dad4,2,94221413,0.06785208,1741123637229601,Balanced Dollar,0.0563627125,bnUSD,0,1,2025-03-04
cx4297f4b63262507623b6ad575d0d8dd2db980e4e,cxa0af3165c08318e988cb30993b3048335b94af6c,hxd75467e3e4ce64e3424c747dfb71503017440433,0x37fac906db4de108,0x2def6d38298ef9993d2c956e9fbd330eb1d3d6ad21520adda3344bdfb479dad4,1,94221413,4.033757447550001,1741123637229601,Injective,0.0563627125,INJ,0,1,2025-03-04
cx88fd7df7ddff82f7cc735c871dc519838cb235bb,hxd75467e3e4ce64e3424c747dfb71503017440433,cxa0af3165c08318e988cb30993b3048335b94af6c,0x273c2022d1a420000,0x2def6d38298ef9993d2c956e9fbd330eb1d3d6ad21520adda3344bdfb479dad4,0,94221413,45.23472,1741123637229601,Balanced Dollar,0.0563627125,bnUSD,0,1,2025-03-04
cx88fd7df7ddff82f7cc735c871dc519838cb235bb,cxa0af3165c08318e988cb30993b3048335b94af6c,cx5faae53c4dbd1fbe4a2eb4aab6565030f10da5c6,0x1d57755dd89837c,0xccfb351db4c6bb51bf00bf27dcfb31465bf0da4c500a21e2ccf1925127e1b1fe,2,94221407,0.13214297475,1741123625376628,Balanced Dollar,0.0562970375,bnUSD,0,1,2025-03-04
cx2d552c485ec8bcaa75aac02424e2aca6ffdb2f1b,cxa0af3165c08318e988cb30993b3048335b94af6c,hxd75467e3e4ce64e3424c747dfb71503017440433,0x21aa513b4ffafcd,0xccfb351db4c6bb51bf00bf27dcfb31465bf0da4c500a21e2ccf1925127e1b1fe,1,94221407,0.15161504152995015,1741123625376628,Binance Coin,0.0562970375,BNB,0,1,2025-03-04
cx88fd7df7ddff82f7cc735c871dc519838cb235bb,hxd75467e3e4ce64e3424c747dfb71503017440433,cxa0af3165c08318e988cb30993b3048335b94af6c,0x4c6916f9b961bc000,0xccfb351db4c6bb51bf00bf27dcfb31465bf0da4c500a21e2ccf1925127e1b1fe,0,94221407,88.0953165,1741123625376628,Balanced Dollar,0.0562970375,bnUSD,0,1,2025-03-04
cx2609b924e33ef00b648a409245c7ea394c467824,cx21e94c08c03daee80c25d8ee3ea22a20786ec231,hx2debd9ec927cca1639da8d3518dd9dbf1cdfb357,0x6c6b536e107804f862,0x2c4a5dadc71a2949666824c8052828a7585b4cd2802a866088cbd32a6f9ea20e,5,94221404,1999.9820059627689,1741123619218484,Staked ICX,0.112702,sICX,0,2,2025-03-04
cx88fd7df7ddff82f7cc735c871dc519838cb235bb,cxa0af3165c08318e988cb30993b3048335b94af6c,cx5faae53c4dbd1fbe4a2eb4aab6565030f10da5c6,0x5fc17dad8e7e42a,0x2c4a5dadc71a2949666824c8052828a7585b4cd2802a866088cbd32a6f9ea20e,3,94221404,0.43124589303011024,1741123619218484,Balanced Dollar,0.112702,bnUSD,0,2,2025-03-04
cx2609b924e33ef00b648a409245c7ea394c467824,cxa0af3165c08318e988cb30993b3048335b94af6c,cx21e94c08c03daee80c25d8ee3ea22a20786ec231,0x6c6b536e107804f862,0x2c4a5dadc71a2949666824c8052828a7585b4cd2802a866088cbd32a6f9ea20e,2,94221404,1999.9820059627689,1741123619218484,Staked ICX,0.112702,sICX,0,2,2025-03-04
cx88fd7df7ddff82f7cc735c871dc519838cb235bb,cx21e94c08c03daee80c25d8ee3ea22a20786ec231,cxa0af3165c08318e988cb30993b3048335b94af6c,0xf95d37494dbe22d60,0x2c4a5dadc71a2949666824c8052828a7585b4cd2802a866088cbd32a6f9ea20e,1,94221404,287.4972620200735,1741123619218484,Balanced Dollar,0.112702,bnUSD,0,2,2025-03-04
cx88fd7df7ddff82f7cc735c871dc519838cb235bb,hx2debd9ec927cca1639da8d3518dd9dbf1cdfb357,cx21e94c08c03daee80c25d8ee3ea22a20786ec231,0xf95d37494dbe22d60,0x2c4a5dadc71a2949666824c8052828a7585b4cd2802a866088cbd32a6f9ea20e,0,94221404,287.4972620200735,1741123619218484,Balanced Dollar,0.112702,bnUSD,0,2,2025-03-04
cx88fd7df7ddff82f7cc735c871dc519838cb235bb,cxd82fb5d3effecd8c9071a4bba3856ad7222c4b91,hxd75467e3e4ce64e3424c747dfb71503017440433,0x3635c9adc5dea00000,0xacb200cd9997eb5e48ceae3b6180ac88a3b0e3414d825c5faa875deca677162e,0,94221404,1000.0,1741123619218484,Balanced Dollar,0.02068425,bnUSD,0,1,2025-03-04
cx88fd7df7ddff82f7cc735c871dc519838cb235bb,cxd82fb5d3effecd8c9071a4bba3856ad7222c4b91,hxd75467e3e4ce64e3424c747dfb71503017440433,0x3635c9adc5dea00000,0x728f8cfda757b7c51225c5cf682bd57dfdba723b3ce006b99db9e72e75237edb,0,94221403,1000.0,1741123617220075,Balanced Dollar,0.0206909375,bnUSD,0,1,2025-03-04
cx508002ec116fbf3ab406329c0df28e70d7e75fb3,cx21e94c08c03daee80c25d8ee3ea22a20786ec231,hx2debd9ec927cca1639da8d3518dd9dbf1cdfb357,0x22ec9dcb2a,0x08b5dae9dc6f8de7a7c62bd52e17cba95a435c09f294f88aa59bf057fa9c9a87,5,94221400,149.998652202,1741123611378472,Sui,0.078028425,SUI,0,1,2025-03-04
cx88fd7df7ddff82f7cc735c871dc519838cb235bb,cxa0af3165c08318e988cb30993b3048335b94af6c,cx5faae53c4dbd1fbe4a2eb4aab6565030f10da5c6,0x7e3530ede1e07a0,0x08b5dae9dc6f8de7a7c62bd52e17cba95a435c09f294f88aa59bf057fa9c9a87,3,94221400,0.568389301299972,1741123611378472,Balanced Dollar,0.078028425,bnUSD,0,1,2025-03-04
cx508002ec116fbf3ab406329c0df28e70d7e75fb3,cxa0af3165c08318e988cb30993b3048335b94af6c,cx21e94c08c03daee80c25d8ee3ea22a20786ec231,0x22ec9dcb2a,0x08b5dae9dc6f8de7a7c62bd52e17cba95a435c09f294f88aa59bf057fa9c9a87,2,94221400,149.998652202,1741123611378472,Sui,0.078028425,SUI,0,1,2025-03-04
cx88fd7df7ddff82f7cc735c871dc519838cb235bb,cx21e94c08c03daee80c25d8ee3ea22a20786ec231,cxa0af3165c08318e988cb30993b3048335b94af6c,0x148aa84c0d18de8600,0x08b5dae9dc6f8de7a7c62bd52e17cba95a435c09f294f88aa59bf057fa9c9a87,1,94221400,378.926200866648,1741123611378472,Balanced Dollar,0.078028425,bnUSD,0,1,2025-03-04
cx88fd7df7ddff82f7cc735c871dc519838cb235bb,hx2debd9ec927cca1639da8d3518dd9dbf1cdfb357,cx21e94c08c03daee80c25d8ee3ea22a20786ec231,0x148aa84c0d18de8600,0x08b5dae9dc6f8de7a7c62bd52e17cba95a435c09f294f88aa59bf057fa9c9a87,0,94221400,378.926200866648,1741123611378472,Balanced Dollar,0.078028425,bnUSD,0,1,2025-03-04
cx288d13e1b63563459a2ac6179f237711f6851cb5,cx21e94c08c03daee80c25d8ee3ea22a20786ec231,hx2debd9ec927cca1639da8d3518dd9dbf1cdfb357,0x30d9709167c2d3c,0x3feb1e882ba51b86e0bcbe6c2a4b0cd8f3d4d32bb632ad22e46365903838c494,5,94221396,0.21999802209875896,1741123603381195,Ethereum,0.0884698125,ETH,0,2,2025-03-04
cx88fd7df7ddff82f7cc735c871dc519838cb235bb,cxa0af3165c08318e988cb30993b3048335b94af6c,cx5faae53c4dbd1fbe4a2eb4aab6565030f10da5c6,0xa08eb9191bb2012,0x3feb1e882ba51b86e0bcbe6c2a4b0cd8f3d4d32bb632ad22e46365903838c494,3,94221396,0.7230867506407096,1741123603381195,Balanced Dollar,0.0884698125,bnUSD,0,2,2025-03-04
cx288d13e1b63563459a2ac6179f237711f6851cb5,cxa0af3165c08318e988cb30993b3048335b94af6c,cx21e94c08c03daee80c25d8ee3ea22a20786ec231,0x30d9709167c2d3c,0x3feb1e882ba51b86e0bcbe6c2a4b0cd8f3d4d32bb632ad22e46365903838c494,2,94221396,0.21999802209875896,1741123603381195,Ethereum,0.0884698125,ETH,0,2,2025-03-04
cx88fd7df7ddff82f7cc735c871dc519838cb235bb,cx21e94c08c03daee80c25d8ee3ea22a20786ec231,cxa0af3165c08318e988cb30993b3048335b94af6c,0x1a21e575c0d74e2ee0,0x3feb1e882ba51b86e0bcbe6c2a4b0cd8f3d4d32bb632ad22e46365903838c494,1,94221396,482.0578337604731,1741123603381195,Balanced Dollar,0.0884698125,bnUSD,0,2,2025-03-04
cx88fd7df7ddff82f7cc735c871dc519838cb235bb,hx2debd9ec927cca1639da8d3518dd9dbf1cdfb357,cx21e94c08c03daee80c25d8ee3ea22a20786ec231,0x1a21e575c0d74e2ee0,0x3feb1e882ba51b86e0bcbe6c2a4b0cd8f3d4d32bb632ad22e46365903838c494,0,94221396,482.0578337604731,1741123603381195,Balanced Dollar,0.0884698125,bnUSD,0,2,2025-03-04
cx2609b924e33ef00b648a409245c7ea394c467824,cx21e94c08c03daee80c25d8ee3ea22a20786ec231,hx1adc2b41608d81704d775ff143f43ab6efe0d792,0x5eb04f4e859e4d79e,0x1ee8a5cccf2b4ad3c345890823ab505d3a5bc2f0ebae17b12aa021988b39eba7,5,94221396,109.16865014614542,1741123603381195,Staked ICX,0.11032235,sICX,0,1,2025-03-04
cx88fd7df7ddff82f7cc735c871dc519838cb235bb,cxa0af3165c08318e988cb30993b3048335b94af6c,cx5faae53c4dbd1fbe4a2eb4aab6565030f10da5c6,0x53998d30cef439,0x1ee8a5cccf2b4ad3c345890823ab505d3a5bc2f0ebae17b12aa021988b39eba7,3,94221396,0.023531254755292216,1741123603381195,Balanced Dollar,0.11032235,bnUSD,0,1,2025-03-04
cx2609b924e33ef00b648a409245c7ea394c467824,cxa0af3165c08318e988cb30993b3048335b94af6c,cx21e94c08c03daee80c25d8ee3ea22a20786ec231,0x5eb04f4e859e4d79e,0x1ee8a5cccf2b4ad3c345890823ab505d3a5bc2f0ebae17b12aa021988b39eba7,2,94221396,109.16865014614542,1741123603381195,Staked ICX,0.11032235,sICX,0,1,2025-03-04
cx88fd7df7ddff82f7cc735c871dc519838cb235bb,cx21e94c08c03daee80c25d8ee3ea22a20786ec231,cxa0af3165c08318e988cb30993b3048335b94af6c,0xd9b535047046aa61,0x1ee8a5cccf2b4ad3c345890823ab505d3a5bc2f0ebae17b12aa021988b39eba7,1,94221396,15.68750317019481,1741123603381195,Balanced Dollar,0.11032235,bnUSD,0,1,2025-03-04
cx88fd7df7ddff82f7cc735c871dc519838cb235bb,hx1adc2b41608d81704d775ff143f43ab6efe0d792,cx21e94c08c03daee80c25d8ee3ea22a20786ec231,0xd9b535047046aa61,0x1ee8a5cccf2b4ad3c345890823ab505d3a5bc2f0ebae17b12aa021988b39eba7,0,94221396,15.68750317019481,1741123603381195,Balanced Dollar,0.11032235,bnUSD,0,1,2025-03-04
cx88fd7df7ddff82f7cc735c871dc519838cb235bb,cxa0af3165c08318e988cb30993b3048335b94af6c,cx5faae53c4dbd1fbe4a2eb4aab6565030f10da5c6,0xf0d89797437800,0x3baab2ffb90bf34abeb11a4bee735e94d7f2fa8560e2952d0478452114ac1e4a,2,94221395,0.06779214,1741123601369445,Balanced Dollar,0.0563587125,bnUSD,0,1,2025-03-04
cx4297f4b63262507623b6ad575d0d8dd2db980e4e,cxa0af3165c08318e988cb30993b3048335b94af6c,hxd75467e3e4ce64e3424c747dfb71503017440433,0x37f50fa256fbbd89,0x3baab2ffb90bf34abeb11a4bee735e94d7f2fa8560e2952d0478452114ac1e4a,1,94221395,4.032146231298604,1741123601369445,Injective,0.0563587125,INJ,0,1,2025-03-04
cx88fd7df7ddff82f7cc735c871dc519838cb235bb,hxd75467e3e4ce64e3424c747dfb71503017440433,cxa0af3165c08318e988cb30993b3048335b94af6c,0x273340ac495088000,0x3baab2ffb90bf34abeb11a4bee735e94d7f2fa8560e2952d0478452114ac1e4a,0,94221395,45.19476,1741123601369445,Balanced Dollar,0.0563587125,bnUSD,0,1,2025-03-04
cx66a031cc3bd305c76371fb586e93801b948254f0,cx21e94c08c03daee80c25d8ee3ea22a20786ec231,hx2debd9ec927cca1639da8d3518dd9dbf1cdfb357,0x1158da2989fdb4762,0x5da5a2bd761fd0a29a46ee1a4fdfc659a9ea2761783e38d1f721beb0afb4f6cb,5,94221393,19.999820296622918,1741123597210197,Avalanche,0.0882975,AVAX,0,1,2025-03-04
cx88fd7df7ddff82f7cc735c871dc519838cb235bb,cxa0af3165c08318e988cb30993b3048335b94af6c,cx5faae53c4dbd1fbe4a2eb4aab6565030f10da5c6,0x87036fe6bcdedee,0x5da5a2bd761fd0a29a46ee1a4fdfc659a9ea2761783e38d1f721beb0afb4f6cb,3,94221393,0.6080464160532679,1741123597210197,Balanced Dollar,0.0882975,bnUSD,0,1,2025-03-04
cx66a031cc3bd305c76371fb586e93801b948254f0,cxa0af3165c08318e988cb30993b3048335b94af6c,cx21e94c08c03daee80c25d8ee3ea22a20786ec231,0x1158da2989fdb4762,0x5da5a2bd761fd0a29a46ee1a4fdfc659a9ea2761783e38d1f721beb0afb4f6cb,2,94221393,19.999820296622918,1741123597210197,Avalanche,0.0882975,AVAX,0,1,2025-03-04
cx88fd7df7ddff82f7cc735c871dc519838cb235bb,cx21e94c08c03daee80c25d8ee3ea22a20786ec231,cxa0af3165c08318e988cb30993b3048335b94af6c,0x15f98f368e12f0f120,0x5da5a2bd761fd0a29a46ee1a4fdfc659a9ea2761783e38d1f721beb0afb4f6cb,1,94221393,405.3642773688453,1741123597210197,Balanced Dollar,0.0882975,bnUSD,0,1,2025-03-04
cx88fd7df7ddff82f7cc735c871dc519838cb235bb,hx2debd9ec927cca1639da8d3518dd9dbf1cdfb357,cx21e94c08c03daee80c25d8ee3ea22a20786ec231,0x15f98f368e12f0f120,0x5da5a2bd761fd0a29a46ee1a4fdfc659a9ea2761783e38d1f721beb0afb4f6cb,0,94221393,405.3642773688453,1741123597210197,Balanced Dollar,0.0882975,bnUSD,0,1,2025-03-04
cx88fd7df7ddff82f7cc735c871dc519838cb235bb,hx0000000000000000000000000000000000000000,cx5faae53c4dbd1fbe4a2eb4aab6565030f10da5c6,0x587b41aefe1273,0xa88cd76faab6f0032647e68d6918fdd86b6d236141a6092982eaad757492df90,3,94221390,0.024905319989514868,1741123591293802,Balanced Dollar,0.1055360375,bnUSD,0,2,2025-03-04
cx88fd7df7ddff82f7cc735c871dc519838cb235bb,cx66d4d90f5f113eba575bf793570135f9b10cece1,hx1adc2b41608d81704d775ff143f43ab6efe0d792,0xacd0bc49c83c0a32,0xa88cd76faab6f0032647e68d6918fdd86b6d236141a6092982eaad757492df90,1,94221390,12.452659994757434,1741123591293802,Balanced Dollar,0.1055360375,bnUSD,0,2,2025-03-04
cx88fd7df7ddff82f7cc735c871dc519838cb235bb,hx0000000000000000000000000000000000000000,cx66d4d90f5f113eba575bf793570135f9b10cece1,0xacd0bc49c83c0a32,0xa88cd76faab6f0032647e68d6918fdd86b6d236141a6092982eaad757492df90,0,94221390,12.452659994757434,1741123591293802,Balanced Dollar,0.1055360375,bnUSD,0,2,2025-03-04
cx88fd7df7ddff82f7cc735c871dc519838cb235bb,cxa0af3165c08318e988cb30993b3048335b94af6c,cx5faae53c4dbd1fbe4a2eb4aab6565030f10da5c6,0x2a7a7cbb269991e,0x99d56873141edaeaa78d6ef1c36823addfb4d79c787a8ff7f71aa23b62d132fc,2,94221390,0.19130600250000002,1741123591293802,Balanced Dollar,0.0460587125,bnUSD,0,1,2025-03-04
cx508002ec116fbf3ab406329c0df28e70d7e75fb3,cxa0af3165c08318e988cb30993b3048335b94af6c,hxd75467e3e4ce64e3424c747dfb71503017440433,0xbc7c54de8,0x99d56873141edaeaa78d6ef1c36823addfb4d79c787a8ff7f71aa23b62d132fc,1,94221390,50.596236776,1741123591293802,Sui,0.0460587125,SUI,0,1,2025-03-04
cx88fd7df7ddff82f7cc735c871dc519838cb235bb,hxd75467e3e4ce64e3424c747dfb71503017440433,cxa0af3165c08318e988cb30993b3048335b94af6c,0x6e9efa275f2fec000,0x99d56873141edaeaa78d6ef1c36823addfb4d79c787a8ff7f71aa23b62d132fc,0,94221390,127.53733500000003,1741123591293802,Balanced Dollar,0.0460587125,bnUSD,0,1,2025-03-04
cx07b184a37f03c6ab681fcbd0b45aec6dc3eafbeb,cx21e94c08c03daee80c25d8ee3ea22a20786ec231,hx2debd9ec927cca1639da8d3518dd9dbf1cdfb357,0x11c36ebfbccf3a,0x5e08685e6eaba626726b03a05989b000aea8ba69d7b1f76ca5e9145bd0ab6851,5,94221388,0.004999955034722106,1741123587211599,Bitcoin,0.0882862,BTC,0,1,2025-03-04
cx88fd7df7ddff82f7cc735c871dc519838cb235bb,cxa0af3165c08318e988cb30993b3048335b94af6c,cx5faae53c4dbd1fbe4a2eb4aab6565030f10da5c6,0x925cdf5625f1d5c,0x5e08685e6eaba626726b03a05989b000aea8ba69d7b1f76ca5e9145bd0ab6851,3,94221388,0.6591593742807279,1741123587211599,Balanced Dollar,0.0882862,bnUSD,0,1,2025-03-04
cx07b184a37f03c6ab681fcbd0b45aec6dc3eafbeb,cxa0af3165c08318e988cb30993b3048335b94af6c,cx21e94c08c03daee80c25d8ee3ea22a20786ec231,0x11c36ebfbccf3a,0x5e08685e6eaba626726b03a05989b000aea8ba69d7b1f76ca5e9145bd0ab6851,2,94221388,0.004999955034722106,1741123587211599,Bitcoin,0.0882862,BTC,0,1,2025-03-04
cx88fd7df7ddff82f7cc735c871dc519838cb235bb,cx21e94c08c03daee80c25d8ee3ea22a20786ec231,cxa0af3165c08318e988cb30993b3048335b94af6c,0x17d273045ad7b1ca40,0x5e08685e6eaba626726b03a05989b000aea8ba69d7b1f76ca5e9145bd0ab6851,1,94221388,439.4395828538186,1741123587211599,Balanced Dollar,0.0882862,bnUSD,0,1,2025-03-04
cx88fd7df7ddff82f7cc735c871dc519838cb235bb,hx2debd9ec927cca1639da8d3518dd9dbf1cdfb357,cx21e94c08c03daee80c25d8ee3ea22a20786ec231,0x17d273045ad7b1ca40,0x5e08685e6eaba626726b03a05989b000aea8ba69d7b1f76ca5e9145bd0ab6851,0,94221388,439.4395828538186,1741123587211599,Balanced Dollar,0.0882862,bnUSD,0,1,2025-03-04
cx88fd7df7ddff82f7cc735c871dc519838cb235bb,cxa0af3165c08318e988cb30993b3048335b94af6c,cx5faae53c4dbd1fbe4a2eb4aab6565030f10da5c6,0xe79d5cade24200,0x5abe0c1141692090c31496f7fccf14574615c0ffafb40c7832eb5df7ba7d436b,2,94221385,0.065193741,1741123581209407,Balanced Dollar,0.0460316125,bnUSD,0,1,2025-03-04
cx65c9e3d4fea842e00add0d32a5b4c5e4e04c7a6b,cxa0af3165c08318e988cb30993b3048335b94af6c,hxd75467e3e4ce64e3424c747dfb71503017440433,0x12201b63,0x5abe0c1141692090c31496f7fccf14574615c0ffafb40c7832eb5df7ba7d436b,1,94221385,0.304094051,1741123581209407,Solana,0.0460316125,SOL,0,1,2025-03-04
cx88fd7df7ddff82f7cc735c871dc519838cb235bb,hxd75467e3e4ce64e3424c747dfb71503017440433,cxa0af3165c08318e988cb30993b3048335b94af6c,0x25b29cc04d28be000,0x5abe0c1141692090c31496f7fccf14574615c0ffafb40c7832eb5df7ba7d436b,0,94221385,43.462494,1741123581209407,Balanced Dollar,0.0460316125,bnUSD,0,1,2025-03-04
cx2609b924e33ef00b648a409245c7ea394c467824,hx1adc2b41608d81704d775ff143f43ab6efe0d792,cx66d4d90f5f113eba575bf793570135f9b10cece1,0x5b2d5430ce5100000,0xffd39fccb73a43779b92dd881a1c9a65a8787f61ac693624464f15d6294bec08,1,94221384,105.12,1741123579201478,Staked ICX,0.0952695,sICX,0,2,2025-03-04
cx288d13e1b63563459a2ac6179f237711f6851cb5,cx21e94c08c03daee80c25d8ee3ea22a20786ec231,hx2debd9ec927cca1639da8d3518dd9dbf1cdfb357,0x30d9709165a5f1d,0x34112ea1e168a1f7e9ef92cc12deffc4250413801b53e3f06c517aa3d7841898,5,94221384,0.2199980220965435,1741123579201478,Ethereum,0.0884698125,ETH,0,1,2025-03-04
cx88fd7df7ddff82f7cc735c871dc519838cb235bb,cxa0af3165c08318e988cb30993b3048335b94af6c,cx5faae53c4dbd1fbe4a2eb4aab6565030f10da5c6,0xa0379d26e6ff55a,0x34112ea1e168a1f7e9ef92cc12deffc4250413801b53e3f06c517aa3d7841898,3,94221384,0.7215543100123355,1741123579201478,Balanced Dollar,0.0884698125,bnUSD,0,1,2025-03-04
cx288d13e1b63563459a2ac6179f237711f6851cb5,cxa0af3165c08318e988cb30993b3048335b94af6c,cx21e94c08c03daee80c25d8ee3ea22a20786ec231,0x30d9709165a5f1d,0x34112ea1e168a1f7e9ef92cc12deffc4250413801b53e3f06c517aa3d7841898,2,94221384,0.2199980220965435,1741123579201478,Ethereum,0.0884698125,ETH,0,1,2025-03-04
cx88fd7df7ddff82f7cc735c871dc519838cb235bb,cx21e94c08c03daee80c25d8ee3ea22a20786ec231,cxa0af3165c08318e988cb30993b3048335b94af6c,0x1a13b7e954ee399a60,0x34112ea1e168a1f7e9ef92cc12deffc4250413801b53e3f06c517aa3d7841898,1,94221384,481.0362066748903,1741123579201478,Balanced Dollar,0.0884698125,bnUSD,0,1,2025-03-04
cx88fd7df7ddff82f7cc735c871dc519838cb235bb,hx2debd9ec927cca1639da8d3518dd9dbf1cdfb357,cx21e94c08c03daee80c25d8ee3ea22a20786ec231,0x1a13b7e954ee399a60,0x34112ea1e168a1f7e9ef92cc12deffc4250413801b53e3f06c517aa3d7841898,0,94221384,481.0362066748903,1741123579201478,Balanced Dollar,0.0884698125,bnUSD,0,1,2025-03-04
cx88fd7df7ddff82f7cc735c871dc519838cb235bb,hx0000000000000000000000000000000000000000,cx5faae53c4dbd1fbe4a2eb4aab6565030f10da5c6,0x16fc253cc08883,0xfa26301f564bff32960b3d51d6f32a819795ab6f1c6b492c29b044d5250b133d,3,94221379,0.006469686350874755,1741123569204612,Balanced Dollar,0.1016064125,bnUSD,0,1,2025-03-04
cx88fd7df7ddff82f7cc735c871dc519838cb235bb,cx66d4d90f5f113eba575bf793570135f9b10cece1,hx1adc2b41608d81704d775ff143f43ab6efe0d792,0x2ce478baa80aa02f,0xfa26301f564bff32960b3d51d6f32a819795ab6f1c6b492c29b044d5250b133d,1,94221379,3.2348431754373776,1741123569204612,Balanced Dollar,0.1016064125,bnUSD,0,1,2025-03-04
cx88fd7df7ddff82f7cc735c871dc519838cb235bb,hx0000000000000000000000000000000000000000,cx66d4d90f5f113eba575bf793570135f9b10cece1,0x2ce478baa80aa02f,0xfa26301f564bff32960b3d51d6f32a819795ab6f1c6b492c29b044d5250b133d,0,94221379,3.2348431754373776,1741123569204612,Balanced Dollar,0.1016064125,bnUSD,0,1,2025-03-04
cx88fd7df7ddff82f7cc735c871dc519838cb235bb,cxa0af3165c08318e988cb30993b3048335b94af6c,cx5faae53c4dbd1fbe4a2eb4aab6565030f10da5c6,0x1d4bf58cee92483,0xe51ecc6653798215c6cb9f63233677be251574679f0ab22d6caa50ed35beb380,2,94221372,0.13194067725,1741123555373010,Balanced Dollar,0.0562970375,bnUSD,0,1,2025-03-04
cx2d552c485ec8bcaa75aac02424e2aca6ffdb2f1b,cxa0af3165c08318e988cb30993b3048335b94af6c,hxd75467e3e4ce64e3424c747dfb71503017440433,0x21a42eff47963fa,0xe51ecc6653798215c6cb9f63233677be251574679f0ab22d6caa50ed35beb380,1,94221372,0.15150713583654604,1741123555373010,Binance Coin,0.0562970375,BNB,0,1,2025-03-04
cx88fd7df7ddff82f7cc735c871dc519838cb235bb,hxd75467e3e4ce64e3424c747dfb71503017440433,cxa0af3165c08318e988cb30993b3048335b94af6c,0x4c4b24c9ad479c000,0xe51ecc6653798215c6cb9f63233677be251574679f0ab22d6caa50ed35beb380,0,94221372,87.9604515,1741123555373010,Balanced Dollar,0.0562970375,bnUSD,0,1,2025-03-04
cx88fd7df7ddff82f7cc735c871dc519838cb235bb,cxa0af3165c08318e988cb30993b3048335b94af6c,cx5faae53c4dbd1fbe4a2eb4aab6565030f10da5c6,0x2a56b6313215506,0xf930842234a965aa19ebcd8d071c48718ac08c2e52b7359b1472cbf1b0975d77,2,94221367,0.1906766325,1741123545386417,Balanced Dollar,0.0460587125,bnUSD,0,1,2025-03-04
cx508002ec116fbf3ab406329c0df28e70d7e75fb3,cxa0af3165c08318e988cb30993b3048335b94af6c,hxd75467e3e4ce64e3424c747dfb71503017440433,0xbc127d243,0xf930842234a965aa19ebcd8d071c48718ac08c2e52b7359b1472cbf1b0975d77,1,94221367,50.485252675,1741123545386417,Sui,0.0460587125,SUI,0,1,2025-03-04
cx88fd7df7ddff82f7cc735c871dc519838cb235bb,hxd75467e3e4ce64e3424c747dfb71503017440433,cxa0af3165c08318e988cb30993b3048335b94af6c,0x6e41cfcac7c22c000,0xf930842234a965aa19ebcd8d071c48718ac08c2e52b7359b1472cbf1b0975d77,0,94221367,127.117755,1741123545386417,Balanced Dollar,0.0460587125,bnUSD,0,1,2025-03-04
cx2609b924e33ef00b648a409245c7ea394c467824,cx21e94c08c03daee80c25d8ee3ea22a20786ec231,hx1adc2b41608d81704d775ff143f43ab6efe0d792,0x5b2be2441844bdd97,0x209f1bd71cf98cde25006147c13e8ced6075e087c1835226fded9df4b27406b4,5,94221366,105.11349221668499,1741123543194696,Staked ICX,0.11032235,sICX,0,1,2025-03-04
cx88fd7df7ddff82f7cc735c871dc519838cb235bb,cxa0af3165c08318e988cb30993b3048335b94af6c,cx5faae53c4dbd1fbe4a2eb4aab6565030f10da5c6,0x507dd77cea853f,0x209f1bd71cf98cde25006147c13e8ced6075e087c1835226fded9df4b27406b4,3,94221366,0.022656362604037437,1741123543194696,Balanced Dollar,0.11032235,bnUSD,0,1,2025-03-04
cx2609b924e33ef00b648a409245c7ea394c467824,cxa0af3165c08318e988cb30993b3048335b94af6c,cx21e94c08c03daee80c25d8ee3ea22a20786ec231,0x5b2be2441844bdd97,0x209f1bd71cf98cde25006147c13e8ced6075e087c1835226fded9df4b27406b4,2,94221366,105.11349221668499,1741123543194696,Staked ICX,0.11032235,sICX,0,1,2025-03-04
cx88fd7df7ddff82f7cc735c871dc519838cb235bb,cx21e94c08c03daee80c25d8ee3ea22a20786ec231,cxa0af3165c08318e988cb30993b3048335b94af6c,0xd19d0bd54d65ab25,0x209f1bd71cf98cde25006147c13e8ced6075e087c1835226fded9df4b27406b4,1,94221366,15.10424173602496,1741123543194696,Balanced Dollar,0.11032235,bnUSD,0,1,2025-03-04
cx88fd7df7ddff82f7cc735c871dc519838cb235bb,hx1adc2b41608d81704d775ff143f43ab6efe0d792,cx21e94c08c03daee80c25d8ee3ea22a20786ec231,0xd19d0bd54d65ab25,0x209f1bd71cf98cde25006147c13e8ced6075e087c1835226fded9df4b27406b4,0,94221366,15.10424173602496,1741123543194696,Balanced Dollar,0.11032235,bnUSD,0,1,2025-03-04
cx288d13e1b63563459a2ac6179f237711f6851cb5,cx21e94c08c03daee80c25d8ee3ea22a20786ec231,hx2debd9ec927cca1639da8d3518dd9dbf1cdfb357,0x30d97091638a70c,0x2fdecb62d941059567aa7611666d40ff3737d1d16c7b6ce3f64895ec5b397270,5,94221365,0.2199980220943337,1741123541276515,Ethereum,0.0884725,ETH,0,1,2025-03-04
cx88fd7df7ddff82f7cc735c871dc519838cb235bb,cxa0af3165c08318e988cb30993b3048335b94af6c,cx5faae53c4dbd1fbe4a2eb4aab6565030f10da5c6,0x9fe0c800f03872c,0x2fdecb62d941059567aa7611666d40ff3737d1d16c7b6ce3f64895ec5b397270,3,94221365,0.7200267345730947,1741123541276515,Balanced Dollar,0.0884725,bnUSD,0,1,2025-03-04
cx288d13e1b63563459a2ac6179f237711f6851cb5,cxa0af3165c08318e988cb30993b3048335b94af6c,cx21e94c08c03daee80c25d8ee3ea22a20786ec231,0x30d97091638a70c,0x2fdecb62d941059567aa7611666d40ff3737d1d16c7b6ce3f64895ec5b397270,2,94221365,0.2199980220943337,1741123541276515,Ethereum,0.0884725,ETH,0,1,2025-03-04
cx88fd7df7ddff82f7cc735c871dc519838cb235bb,cx21e94c08c03daee80c25d8ee3ea22a20786ec231,cxa0af3165c08318e988cb30993b3048335b94af6c,0x1a0595e2d1c3daad40,0x2fdecb62d941059567aa7611666d40ff3737d1d16c7b6ce3f64895ec5b397270,1,94221365,480.0178230487298,1741123541276515,Balanced Dollar,0.0884725,bnUSD,0,1,2025-03-04
cx88fd7df7ddff82f7cc735c871dc519838cb235bb,hx2debd9ec927cca1639da8d3518dd9dbf1cdfb357,cx21e94c08c03daee80c25d8ee3ea22a20786ec231,0x1a0595e2d1c3daad40,0x2fdecb62d941059567aa7611666d40ff3737d1d16c7b6ce3f64895ec5b397270,0,94221365,480.0178230487298,1741123541276515,Balanced Dollar,0.0884725,bnUSD,0,1,2025-03-04
cx88fd7df7ddff82f7cc735c871dc519838cb235bb,cxa0af3165c08318e988cb30993b3048335b94af6c,cx5faae53c4dbd1fbe4a2eb4aab6565030f10da5c6,0x160c90192f79400,0xfbd25e354a3f215655a44fd7e04e904bef1aa9ac01b568370fdfd8f21fb1fcfb,2,94221362,0.0993002004,1741123535338385,Balanced Dollar,0.0563991125,bnUSD,0,1,2025-03-04
cx288d13e1b63563459a2ac6179f237711f6851cb5,cxa0af3165c08318e988cb30993b3048335b94af6c,hxd75467e3e4ce64e3424c747dfb71503017440433,0x6beba08650a21b,0xfbd25e354a3f215655a44fd7e04e904bef1aa9ac01b568370fdfd8f21fb1fcfb,1,94221362,0.030376897188766235,1741123535338385,Ethereum,0.0563991125,ETH,0,1,2025-03-04
cx88fd7df7ddff82f7cc735c871dc519838cb235bb,hxd75467e3e4ce64e3424c747dfb71503017440433,cxa0af3165c08318e988cb30993b3048335b94af6c,0x396b61ec40f66c000,0xfbd25e354a3f215655a44fd7e04e904bef1aa9ac01b568370fdfd8f21fb1fcfb,0,94221362,66.2001336,1741123535338385,Balanced Dollar,0.0563991125,bnUSD,0,1,2025-03-04
cx66a031cc3bd305c76371fb586e93801b948254f0,cx21e94c08c03daee80c25d8ee3ea22a20786ec231,hx2debd9ec927cca1639da8d3518dd9dbf1cdfb357,0x1158da29882be0bda,0x0f2ae612f3cb1a7808c2da7f0427b3e0d6151401b11da1397b8137bc933fb51e,5,94221361,19.999820296134462,1741123533239504,Avalanche,0.0882961875,AVAX,0,1,2025-03-04
cx88fd7df7ddff82f7cc735c871dc519838cb235bb,cxa0af3165c08318e988cb30993b3048335b94af6c,cx5faae53c4dbd1fbe4a2eb4aab6565030f10da5c6,0x86919fea394ae44,0x0f2ae612f3cb1a7808c2da7f0427b3e0d6151401b11da1397b8137bc933fb51e,3,94221361,0.6060442063148601,1741123533239504,Balanced Dollar,0.0882961875,bnUSD,0,1,2025-03-04
cx66a031cc3bd305c76371fb586e93801b948254f0,cxa0af3165c08318e988cb30993b3048335b94af6c,cx21e94c08c03daee80c25d8ee3ea22a20786ec231,0x1158da29882be0bda,0x0f2ae612f3cb1a7808c2da7f0427b3e0d6151401b11da1397b8137bc933fb51e,2,94221361,19.999820296134462,1741123533239504,Avalanche,0.0882961875,AVAX,0,1,2025-03-04
cx88fd7df7ddff82f7cc735c871dc519838cb235bb,cx21e94c08c03daee80c25d8ee3ea22a20786ec231,cxa0af3165c08318e988cb30993b3048335b94af6c,0x15e709071f53307bc0,0x0f2ae612f3cb1a7808c2da7f0427b3e0d6151401b11da1397b8137bc933fb51e,1,94221361,404.0294708765734,1741123533239504,Balanced Dollar,0.0882961875,bnUSD,0,1,2025-03-04
cx88fd7df7ddff82f7cc735c871dc519838cb235bb,hx2debd9ec927cca1639da8d3518dd9dbf1cdfb357,cx21e94c08c03daee80c25d8ee3ea22a20786ec231,0x15e709071f53307bc0,0x0f2ae612f3cb1a7808c2da7f0427b3e0d6151401b11da1397b8137bc933fb51e,0,94221361,404.0294708765734,1741123533239504,Balanced Dollar,0.0882961875,bnUSD,0,1,2025-03-04
cx2609b924e33ef00b648a409245c7ea394c467824,cx21e94c08c03daee80c25d8ee3ea22a20786ec231,hx2debd9ec927cca1639da8d3518dd9dbf1cdfb357,0x6c6b536e0fd494dcb1,0x39e91c8b3a04eabfc9fefcd2cda186e48e1db5daa217c0d2587ebc57d81621b4,5,94221358,1999.982005960027,1741123527188593,Staked ICX,0.1127006875,sICX,0,1,2025-03-04
cx88fd7df7ddff82f7cc735c871dc519838cb235bb,cxa0af3165c08318e988cb30993b3048335b94af6c,cx5faae53c4dbd1fbe4a2eb4aab6565030f10da5c6,0x5faf815a1aa0b5e,0x39e91c8b3a04eabfc9fefcd2cda186e48e1db5daa217c0d2587ebc57d81621b4,3,94221358,0.43092948615758114,1741123527188593,Balanced Dollar,0.1127006875,bnUSD,0,1,2025-03-04
cx2609b924e33ef00b648a409245c7ea394c467824,cxa0af3165c08318e988cb30993b3048335b94af6c,cx21e94c08c03daee80c25d8ee3ea22a20786ec231,0x6c6b536e0fd494dcb1,0x39e91c8b3a04eabfc9fefcd2cda186e48e1db5daa217c0d2587ebc57d81621b4,2,94221358,1999.982005960027,1741123527188593,Staked ICX,0.1127006875,sICX,0,1,2025-03-04
cx88fd7df7ddff82f7cc735c871dc519838cb235bb,cx21e94c08c03daee80c25d8ee3ea22a20786ec231,cxa0af3165c08318e988cb30993b3048335b94af6c,0xf92e60daa557d9a20,0x39e91c8b3a04eabfc9fefcd2cda186e48e1db5daa217c0d2587ebc57d81621b4,1,94221358,287.2863241050541,1741123527188593,Balanced Dollar,0.1127006875,bnUSD,0,1,2025-03-04
cx88fd7df7ddff82f7cc735c871dc519838cb235bb,hx2debd9ec927cca1639da8d3518dd9dbf1cdfb357,cx21e94c08c03daee80c25d8ee3ea22a20786ec231,0xf92e60daa557d9a20,0x39e91c8b3a04eabfc9fefcd2cda186e48e1db5daa217c0d2587ebc57d81621b4,0,94221358,287.2863241050541,1741123527188593,Balanced Dollar,0.1127006875,bnUSD,0,1,2025-03-04
cx88fd7df7ddff82f7cc735c871dc519838cb235bb,cxa0af3165c08318e988cb30993b3048335b94af6c,cx5faae53c4dbd1fbe4a2eb4aab6565030f10da5c6,0xe6d0ee2bdabc00,0x31ad6f9d797f956eb2edbfdeb6664a9cd9e1db51e93a75c8847366132a1d9312,2,94221357,0.064968966,1741123525331666,Balanced Dollar,0.0460303,bnUSD,0,1,2025-03-04
cx65c9e3d4fea842e00add0d32a5b4c5e4e04c7a6b,cxa0af3165c08318e988cb30993b3048335b94af6c,hxd75467e3e4ce64e3424c747dfb71503017440433,0x1212a80b,0x31ad6f9d797f956eb2edbfdeb6664a9cd9e1db51e93a75c8847366132a1d9312,1,94221357,0.303212555,1741123525331666,Solana,0.0460303,SOL,0,1,2025-03-04
cx88fd7df7ddff82f7cc735c871dc519838cb235bb,hxd75467e3e4ce64e3424c747dfb71503017440433,cxa0af3165c08318e988cb30993b3048335b94af6c,0x259156c3cdef44000,0x31ad6f9d797f956eb2edbfdeb6664a9cd9e1db51e93a75c8847366132a1d9312,0,94221357,43.312644,1741123525331666,Balanced Dollar,0.0460303,bnUSD,0,1,2025-03-04
cx88fd7df7ddff82f7cc735c871dc519838cb235bb,hx0000000000000000000000000000000000000000,cx5faae53c4dbd1fbe4a2eb4aab6565030f10da5c6,0x6b5274a68e06ff,0x1ed55606141ffa4f945bf57317bf8a17306e649ad169d7dfa26e9b50341285ad,3,94221356,0.030208483472049918,1741123523186064,Balanced Dollar,0.1023163375,bnUSD,0,1,2025-03-04
cx88fd7df7ddff82f7cc735c871dc519838cb235bb,cx66d4d90f5f113eba575bf793570135f9b10cece1,hx1adc2b41608d81704d775ff143f43ab6efe0d792,0xd19d0bd54d65ab25,0x1ed55606141ffa4f945bf57317bf8a17306e649ad169d7dfa26e9b50341285ad,1,94221356,15.10424173602496,1741123523186064,Balanced Dollar,0.1023163375,bnUSD,0,1,2025-03-04
cx88fd7df7ddff82f7cc735c871dc519838cb235bb,hx0000000000000000000000000000000000000000,cx66d4d90f5f113eba575bf793570135f9b10cece1,0xd19d0bd54d65ab25,0x1ed55606141ffa4f945bf57317bf8a17306e649ad169d7dfa26e9b50341285ad,0,94221356,15.10424173602496,1741123523186064,Balanced Dollar,0.1023163375,bnUSD,0,1,2025-03-04
cx4297f4b63262507623b6ad575d0d8dd2db980e4e,cx21e94c08c03daee80c25d8ee3ea22a20786ec231,hx2debd9ec927cca1639da8d3518dd9dbf1cdfb357,0x1a02120f8ba80a9b3,0x2546e86d7fc54ef47b8d238edf5d48c0a1f574670a127ab4dd021294d86df67a,5,94221354,29.985284046662446,1741123519184934,Injective,0.088385925,INJ,0,1,2025-03-04
cx88fd7df7ddff82f7cc735c871dc519838cb235bb,cxa0af3165c08318e988cb30993b3048335b94af6c,cx5faae53c4dbd1fbe4a2eb4aab6565030f10da5c6,0x6fb69a937448526,0x2546e86d7fc54ef47b8d238edf5d48c0a1f574670a127ab4dd021294d86df67a,3,94221354,0.5031119588795692,1741123519184934,Balanced Dollar,0.088385925,bnUSD,0,1,2025-03-04
cx4297f4b63262507623b6ad575d0d8dd2db980e4e,cxa0af3165c08318e988cb30993b3048335b94af6c,cx21e94c08c03daee80c25d8ee3ea22a20786ec231,0x1a02120f8ba80a9b3,0x2546e86d7fc54ef47b8d238edf5d48c0a1f574670a127ab4dd021294d86df67a,2,94221354,29.985284046662446,1741123519184934,Injective,0.088385925,INJ,0,1,2025-03-04
cx88fd7df7ddff82f7cc735c871dc519838cb235bb,cx21e94c08c03daee80c25d8ee3ea22a20786ec231,cxa0af3165c08318e988cb30993b3048335b94af6c,0x122eb87dffed1abda0,0x2546e86d7fc54ef47b8d238edf5d48c0a1f574670a127ab4dd021294d86df67a,1,94221354,335.40797258637946,1741123519184934,Balanced Dollar,0.088385925,bnUSD,0,1,2025-03-04
cx88fd7df7ddff82f7cc735c871dc519838cb235bb,hx2debd9ec927cca1639da8d3518dd9dbf1cdfb357,cx21e94c08c03daee80c25d8ee3ea22a20786ec231,0x122eb87dffed1abda0,0x2546e86d7fc54ef47b8d238edf5d48c0a1f574670a127ab4dd021294d86df67a,0,94221354,335.40797258637946,1741123519184934,Balanced Dollar,0.088385925,bnUSD,0,1,2025-03-04
cx88fd7df7ddff82f7cc735c871dc519838cb235bb,cxa0af3165c08318e988cb30993b3048335b94af6c,cx5faae53c4dbd1fbe4a2eb4aab6565030f10da5c6,0xef5afc8268a000,0x47bc11ac2160390390945d13fed1f77fb18fe0d72d221be455979d83db048e34,2,94221352,0.06737256,1741123515181026,Balanced Dollar,0.0563614,bnUSD,0,1,2025-03-04
cx4297f4b63262507623b6ad575d0d8dd2db980e4e,cxa0af3165c08318e988cb30993b3048335b94af6c,hxd75467e3e4ce64e3424c747dfb71503017440433,0x37d698ef81f4f81f,0x47bc11ac2160390390945d13fed1f77fb18fe0d72d221be455979d83db048e34,1,94221352,4.023571471547037,1741123515181026,Injective,0.0563614,INJ,0,1,2025-03-04
cx88fd7df7ddff82f7cc735c871dc519838cb235bb,hxd75467e3e4ce64e3424c747dfb71503017440433,cxa0af3165c08318e988cb30993b3048335b94af6c,0x26f5246e8f0760000,0x47bc11ac2160390390945d13fed1f77fb18fe0d72d221be455979d83db048e34,0,94221352,44.91504,1741123515181026,Balanced Dollar,0.0563614,bnUSD,0,1,2025-03-04
cx288d13e1b63563459a2ac6179f237711f6851cb5,cx21e94c08c03daee80c25d8ee3ea22a20786ec231,hx2debd9ec927cca1639da8d3518dd9dbf1cdfb357,0x30d97091612026c,0x8cce984e1a9a00312e587ed4d18324d5eb549d00453669436527f367e5a13cc0,5,94221349,0.2199980220918012,1741123509182501,Ethereum,0.0884685,ETH,0,2,2025-03-04
cx88fd7df7ddff82f7cc735c871dc519838cb235bb,cxa0af3165c08318e988cb30993b3048335b94af6c,cx5faae53c4dbd1fbe4a2eb4aab6565030f10da5c6,0x9f7e4b409135f26,0x8cce984e1a9a00312e587ed4d18324d5eb549d00453669436527f367e5a13cc0,3,94221349,0.7182941274863941,1741123509182501,Balanced Dollar,0.0884685,bnUSD,0,2,2025-03-04
cx288d13e1b63563459a2ac6179f237711f6851cb5,cxa0af3165c08318e988cb30993b3048335b94af6c,cx21e94c08c03daee80c25d8ee3ea22a20786ec231,0x30d97091612026c,0x8cce984e1a9a00312e587ed4d18324d5eb549d00453669436527f367e5a13cc0,2,94221349,0.2199980220918012,1741123509182501,Ethereum,0.0884685,ETH,0,2,2025-03-04
cx88fd7df7ddff82f7cc735c871dc519838cb235bb,cx21e94c08c03daee80c25d8ee3ea22a20786ec231,cxa0af3165c08318e988cb30993b3048335b94af6c,0x19f58e3f824d1d1da0,0x8cce984e1a9a00312e587ed4d18324d5eb549d00453669436527f367e5a13cc0,1,94221349,478.8627516575961,1741123509182501,Balanced Dollar,0.0884685,bnUSD,0,2,2025-03-04
cx88fd7df7ddff82f7cc735c871dc519838cb235bb,hx2debd9ec927cca1639da8d3518dd9dbf1cdfb357,cx21e94c08c03daee80c25d8ee3ea22a20786ec231,0x19f58e3f824d1d1da0,0x8cce984e1a9a00312e587ed4d18324d5eb549d00453669436527f367e5a13cc0,0,94221349,478.8627516575961,1741123509182501,Balanced Dollar,0.0884685,bnUSD,0,2,2025-03-04
cx65c9e3d4fea842e00add0d32a5b4c5e4e04c7a6b,hx1adc2b41608d81704d775ff143f43ab6efe0d792,cx66d4d90f5f113eba575bf793570135f9b10cece1,0x7c8f738,0xf7ef878649b6d46634364f68b0c1c22dd96bdd2c2b864cd75b64b22ba8a3004c,0,94221349,0.130611,1741123509182501,Solana,0.022492375,SOL,0,1,2025-03-04
cx88fd7df7ddff82f7cc735c871dc519838cb235bb,cxa0af3165c08318e988cb30993b3048335b94af6c,cx5faae53c4dbd1fbe4a2eb4aab6565030f10da5c6,0x1afdca5e317e000,0xc010de5db3c26988286cd7ccf5259aea86c71dfcd12680322f747bc706557a6a,2,94221347,0.12155832,1741123505368494,Balanced Dollar,0.0563089625,bnUSD,0,1,2025-03-04
cx66a031cc3bd305c76371fb586e93801b948254f0,cxa0af3165c08318e988cb30993b3048335b94af6c,hxd75467e3e4ce64e3424c747dfb71503017440433,0x37c7e9bbdb1b2e2b,0xc010de5db3c26988286cd7ccf5259aea86c71dfcd12680322f747bc706557a6a,1,94221347,4.019438185495605,1741123505368494,Avalanche,0.0563089625,AVAX,0,1,2025-03-04
cx88fd7df7ddff82f7cc735c871dc519838cb235bb,hxd75467e3e4ce64e3424c747dfb71503017440433,cxa0af3165c08318e988cb30993b3048335b94af6c,0x464a3efff63820000,0xc010de5db3c26988286cd7ccf5259aea86c71dfcd12680322f747bc706557a6a,0,94221347,81.03888,1741123505368494,Balanced Dollar,0.0563089625,bnUSD,0,1,2025-03-04
cx2609b924e33ef00b648a409245c7ea394c467824,cx21e94c08c03daee80c25d8ee3ea22a20786ec231,hx2debd9ec927cca1639da8d3518dd9dbf1cdfb357,0x6c6b536e0f4948199e,0xaebf9acbaeec233ebf0829ccd893bf987907d15fa8032dd259671dc408106709,5,94221343,1999.9820059576898,1741123497176777,Staked ICX,0.1127006875,sICX,0,1,2025-03-04
cx88fd7df7ddff82f7cc735c871dc519838cb235bb,cxa0af3165c08318e988cb30993b3048335b94af6c,cx5faae53c4dbd1fbe4a2eb4aab6565030f10da5c6,0x5f9f46f4b3d62c0,0xaebf9acbaeec233ebf0829ccd893bf987907d15fa8032dd259671dc408106709,3,94221343,0.4306439982314544,1741123497176777,Balanced Dollar,0.1127006875,bnUSD,0,1,2025-03-04
cx2609b924e33ef00b648a409245c7ea394c467824,cxa0af3165c08318e988cb30993b3048335b94af6c,cx21e94c08c03daee80c25d8ee3ea22a20786ec231,0x6c6b536e0f4948199e,0xaebf9acbaeec233ebf0829ccd893bf987907d15fa8032dd259671dc408106709,2,94221343,1999.9820059576898,1741123497176777,Staked ICX,0.1127006875,sICX,0,1,2025-03-04
cx88fd7df7ddff82f7cc735c871dc519838cb235bb,cx21e94c08c03daee80c25d8ee3ea22a20786ec231,cxa0af3165c08318e988cb30993b3048335b94af6c,0xf9041e1d3efdbd400,0xaebf9acbaeec233ebf0829ccd893bf987907d15fa8032dd259671dc408106709,1,94221343,287.0959988209696,1741123497176777,Balanced Dollar,0.1127006875,bnUSD,0,1,2025-03-04
cx88fd7df7ddff82f7cc735c871dc519838cb235bb,hx2debd9ec927cca1639da8d3518dd9dbf1cdfb357,cx21e94c08c03daee80c25d8ee3ea22a20786ec231,0xf9041e1d3efdbd400,0xaebf9acbaeec233ebf0829ccd893bf987907d15fa8032dd259671dc408106709,0,94221343,287.0959988209696,1741123497176777,Balanced Dollar,0.1127006875,bnUSD,0,1,2025-03-04
cx65c9e3d4fea842e00add0d32a5b4c5e4e04c7a6b,cx21e94c08c03daee80c25d8ee3ea22a20786ec231,hx1adc2b41608d81704d775ff143f43ab6efe0d792,0x7c8f54c,0x18a61726b78641220997ed16e0071fe2cb15e6e841e23b2f6cebdc69659c65fd,5,94221342,0.130610508,1741123495340630,Solana,0.0757361875,SOL,0,1,2025-03-04
cx88fd7df7ddff82f7cc735c871dc519838cb235bb,cxa0af3165c08318e988cb30993b3048335b94af6c,cx5faae53c4dbd1fbe4a2eb4aab6565030f10da5c6,0x6362e16a9441ef,0x18a61726b78641220997ed16e0071fe2cb15e6e841e23b2f6cebdc69659c65fd,3,94221342,0.027974742989619696,1741123495340630,Balanced Dollar,0.0757361875,bnUSD,0,1,2025-03-04
cx65c9e3d4fea842e00add0d32a5b4c5e4e04c7a6b,cxa0af3165c08318e988cb30993b3048335b94af6c,cx21e94c08c03daee80c25d8ee3ea22a20786ec231,0x7c8f54c,0x18a61726b78641220997ed16e0071fe2cb15e6e841e23b2f6cebdc69659c65fd,2,94221342,0.130610508,1741123495340630,Solana,0.0757361875,SOL,0,1,2025-03-04
cx88fd7df7ddff82f7cc735c871dc519838cb235bb,cx21e94c08c03daee80c25d8ee3ea22a20786ec231,cxa0af3165c08318e988cb30993b3048335b94af6c,0x102d1805ae2166045,0x18a61726b78641220997ed16e0071fe2cb15e6e841e23b2f6cebdc69659c65fd,1,94221342,18.649828659746465,1741123495340630,Balanced Dollar,0.0757361875,bnUSD,0,1,2025-03-04
cx88fd7df7ddff82f7cc735c871dc519838cb235bb,hx1adc2b41608d81704d775ff143f43ab6efe0d792,cx21e94c08c03daee80c25d8ee3ea22a20786ec231,0x102d1805ae2166045,0x18a61726b78641220997ed16e0071fe2cb15e6e841e23b2f6cebdc69659c65fd,0,94221342,18.649828659746465,1741123495340630,Balanced Dollar,0.0757361875,bnUSD,0,1,2025-03-04
cx88fd7df7ddff82f7cc735c871dc519838cb235bb,cxa0af3165c08318e988cb30993b3048335b94af6c,cx5faae53c4dbd1fbe4a2eb4aab6565030f10da5c6,0x15f407f51a17400,0x6e5b55cd3c6049ff01bf7db6cc623eb7c8c68c64bad9db4070398edb352c4317,2,94221340,0.0988686324,1741123491267667,Balanced Dollar,0.0563991125,bnUSD,0,1,2025-03-04
cx288d13e1b63563459a2ac6179f237711f6851cb5,cxa0af3165c08318e988cb30993b3048335b94af6c,hxd75467e3e4ce64e3424c747dfb71503017440433,0x6bb5dbbc670053,0x6e5b55cd3c6049ff01bf7db6cc623eb7c8c68c64bad9db4070398edb352c4317,1,94221340,0.03031777787137237,1741123491267667,Ethereum,0.0563991125,ETH,0,1,2025-03-04
cx88fd7df7ddff82f7cc735c871dc519838cb235bb,hxd75467e3e4ce64e3424c747dfb71503017440433,cxa0af3165c08318e988cb30993b3048335b94af6c,0x392b7f639e9c8c000,0x6e5b55cd3c6049ff01bf7db6cc623eb7c8c68c64bad9db4070398edb352c4317,0,94221340,65.9124216,1741123491267667,Balanced Dollar,0.0563991125,bnUSD,0,1,2025-03-04
cx2609b924e33ef00b648a409245c7ea394c467824,cx21e94c08c03daee80c25d8ee3ea22a20786ec231,hx2debd9ec927cca1639da8d3518dd9dbf1cdfb357,0x6c6b536e0ec08c285a,0xbfc5787da6103749acb4b3e03189172d799066d9e5b8b37391c5895d9c40f5de,5,94221339,1999.9820059553958,1741123489312277,Staked ICX,0.1127006875,sICX,0,1,2025-03-04
cx88fd7df7ddff82f7cc735c871dc519838cb235bb,cxa0af3165c08318e988cb30993b3048335b94af6c,cx5faae53c4dbd1fbe4a2eb4aab6565030f10da5c6,0x5f8f10af8de9cfa,0xbfc5787da6103749acb4b3e03189172d799066d9e5b8b37391c5895d9c40f5de,3,94221339,0.4303587938411881,1741123489312277,Balanced Dollar,0.1127006875,bnUSD,0,1,2025-03-04
cx2609b924e33ef00b648a409245c7ea394c467824,cxa0af3165c08318e988cb30993b3048335b94af6c,cx21e94c08c03daee80c25d8ee3ea22a20786ec231,0x6c6b536e0ec08c285a,0xbfc5787da6103749acb4b3e03189172d799066d9e5b8b37391c5895d9c40f5de,2,94221339,1999.9820059553958,1741123489312277,Staked ICX,0.1127006875,sICX,0,1,2025-03-04
cx88fd7df7ddff82f7cc735c871dc519838cb235bb,cx21e94c08c03daee80c25d8ee3ea22a20786ec231,cxa0af3165c08318e988cb30993b3048335b94af6c,0xf8d9e61e8190e2060,0xbfc5787da6103749acb4b3e03189172d799066d9e5b8b37391c5895d9c40f5de,1,94221339,286.90586256079206,1741123489312277,Balanced Dollar,0.1127006875,bnUSD,0,1,2025-03-04
cx88fd7df7ddff82f7cc735c871dc519838cb235bb,hx2debd9ec927cca1639da8d3518dd9dbf1cdfb357,cx21e94c08c03daee80c25d8ee3ea22a20786ec231,0xf8d9e61e8190e2060,0xbfc5787da6103749acb4b3e03189172d799066d9e5b8b37391c5895d9c40f5de,0,94221339,286.90586256079206,1741123489312277,Balanced Dollar,0.1127006875,bnUSD,0,1,2025-03-04
cx88fd7df7ddff82f7cc735c871dc519838cb235bb,cxa0af3165c08318e988cb30993b3048335b94af6c,cx5faae53c4dbd1fbe4a2eb4aab6565030f10da5c6,0x2a3a9a32843fb12,0x11979f9d5131769c57b73461027d63bc9d9edf219a063dfd8e2eeccb346452fc,2,94221335,0.19018212750000002,1741123481171049,Balanced Dollar,0.0460574,bnUSD,0,3,2025-03-04
cx508002ec116fbf3ab406329c0df28e70d7e75fb3,cxa0af3165c08318e988cb30993b3048335b94af6c,hxd75467e3e4ce64e3424c747dfb71503017440433,0xbbca51d99,0x11979f9d5131769c57b73461027d63bc9d9edf219a063dfd8e2eeccb346452fc,1,94221335,50.409577881,1741123481171049,Sui,0.0460574,SUI,0,3,2025-03-04
cx88fd7df7ddff82f7cc735c871dc519838cb235bb,hxd75467e3e4ce64e3424c747dfb71503017440433,cxa0af3165c08318e988cb30993b3048335b94af6c,0x6df89c38e31088000,0x11979f9d5131769c57b73461027d63bc9d9edf219a063dfd8e2eeccb346452fc,0,94221335,126.78808500000001,1741123481171049,Balanced Dollar,0.0460574,bnUSD,0,3,2025-03-04
cx288d13e1b63563459a2ac6179f237711f6851cb5,cx21e94c08c03daee80c25d8ee3ea22a20786ec231,hx2debd9ec927cca1639da8d3518dd9dbf1cdfb357,0x30d970915eb7013,0x34c29d333d2003f005dc2c75eb32b495bd0e40073b2aef705d17ce95f2b4c51e,5,94221335,0.21999802208927335,1741123481171049,Ethereum,0.0884685,ETH,0,1,2025-03-04
cx88fd7df7ddff82f7cc735c871dc519838cb235bb,cxa0af3165c08318e988cb30993b3048335b94af6c,cx5faae53c4dbd1fbe4a2eb4aab6565030f10da5c6,0x9f1c2f4b5da45fe,0x34c29d333d2003f005dc2c75eb32b495bd0e40073b2aef705d17ce95f2b4c51e,3,94221335,0.7165681720074092,1741123481171049,Balanced Dollar,0.0884685,bnUSD,0,1,2025-03-04
cx288d13e1b63563459a2ac6179f237711f6851cb5,cxa0af3165c08318e988cb30993b3048335b94af6c,cx21e94c08c03daee80c25d8ee3ea22a20786ec231,0x30d970915eb7013,0x34c29d333d2003f005dc2c75eb32b495bd0e40073b2aef705d17ce95f2b4c51e,2,94221335,0.21999802208927335,1741123481171049,Ethereum,0.0884685,ETH,0,1,2025-03-04
cx88fd7df7ddff82f7cc735c871dc519838cb235bb,cx21e94c08c03daee80c25d8ee3ea22a20786ec231,cxa0af3165c08318e988cb30993b3048335b94af6c,0x19e5965d443dc0f020,0x34c29d333d2003f005dc2c75eb32b495bd0e40073b2aef705d17ce95f2b4c51e,1,94221335,477.7121146716061,1741123481171049,Balanced Dollar,0.0884685,bnUSD,0,1,2025-03-04
cx88fd7df7ddff82f7cc735c871dc519838cb235bb,hx2debd9ec927cca1639da8d3518dd9dbf1cdfb357,cx21e94c08c03daee80c25d8ee3ea22a20786ec231,0x19e5965d443dc0f020,0x34c29d333d2003f005dc2c75eb32b495bd0e40073b2aef705d17ce95f2b4c51e,0,94221335,477.7121146716061,1741123481171049,Balanced Dollar,0.0884685,bnUSD,0,1,2025-03-04
cx2609b924e33ef00b648a409245c7ea394c467824,cx21e94c08c03daee80c25d8ee3ea22a20786ec231,hx2debd9ec927cca1639da8d3518dd9dbf1cdfb357,0x6c6b536e0e7fc4ae2b,0x4f69b33249546207a02749ca33a0f38112e1c3ad5fb63ab4d836948cb84f3c1a,5,94221331,1999.982005954309,1741123473167010,Staked ICX,0.1127006875,sICX,0,1,2025-03-04
cx88fd7df7ddff82f7cc735c871dc519838cb235bb,cxa0af3165c08318e988cb30993b3048335b94af6c,cx5faae53c4dbd1fbe4a2eb4aab6565030f10da5c6,0x5f7ede894330cb2,0x4f69b33249546207a02749ca33a0f38112e1c3ad5fb63ab4d836948cb84f3c1a,3,94221331,0.43007387261174085,1741123473167010,Balanced Dollar,0.1127006875,bnUSD,0,1,2025-03-04
cx2609b924e33ef00b648a409245c7ea394c467824,cxa0af3165c08318e988cb30993b3048335b94af6c,cx21e94c08c03daee80c25d8ee3ea22a20786ec231,0x6c6b536e0e7fc4ae2b,0x4f69b33249546207a02749ca33a0f38112e1c3ad5fb63ab4d836948cb84f3c1a,2,94221331,1999.982005954309,1741123473167010,Staked ICX,0.1127006875,sICX,0,1,2025-03-04
cx88fd7df7ddff82f7cc735c871dc519838cb235bb,cx21e94c08c03daee80c25d8ee3ea22a20786ec231,cxa0af3165c08318e988cb30993b3048335b94af6c,0xf8afb8dac9a4664e0,0x4f69b33249546207a02749ca33a0f38112e1c3ad5fb63ab4d836948cb84f3c1a,1,94221331,286.7159150744939,1741123473167010,Balanced Dollar,0.1127006875,bnUSD,0,1,2025-03-04
cx88fd7df7ddff82f7cc735c871dc519838cb235bb,hx2debd9ec927cca1639da8d3518dd9dbf1cdfb357,cx21e94c08c03daee80c25d8ee3ea22a20786ec231,0xf8afb8dac9a4664e0,0x4f69b33249546207a02749ca33a0f38112e1c3ad5fb63ab4d836948cb84f3c1a,0,94221331,286.7159150744939,1741123473167010,Balanced Dollar,0.1127006875,bnUSD,0,1,2025-03-04
cx88fd7df7ddff82f7cc735c871dc519838cb235bb,hx0000000000000000000000000000000000000000,cx5faae53c4dbd1fbe4a2eb4aab6565030f10da5c6,0x8483d738c5ad3f,0x523f030c2f9d9df11a70ca731a6dd742ebf526fb00f86946b41bab6cd050c3ed,3,94221329,0.037299657319492925,1741123469166409,Balanced Dollar,0.1055585375,bnUSD,0,1,2025-03-04
cx88fd7df7ddff82f7cc735c871dc519838cb235bb,cx66d4d90f5f113eba575bf793570135f9b10cece1,hx1adc2b41608d81704d775ff143f43ab6efe0d792,0x102d1805ae2166045,0x523f030c2f9d9df11a70ca731a6dd742ebf526fb00f86946b41bab6cd050c3ed,1,94221329,18.649828659746465,1741123469166409,Balanced Dollar,0.1055585375,bnUSD,0,1,2025-03-04
cx88fd7df7ddff82f7cc735c871dc519838cb235bb,hx0000000000000000000000000000000000000000,cx66d4d90f5f113eba575bf793570135f9b10cece1,0x102d1805ae2166045,0x523f030c2f9d9df11a70ca731a6dd742ebf526fb00f86946b41bab6cd050c3ed,0,94221329,18.649828659746465,1741123469166409,Balanced Dollar,0.1055585375,bnUSD,0,1,2025-03-04
cx288d13e1b63563459a2ac6179f237711f6851cb5,cx21e94c08c03daee80c25d8ee3ea22a20786ec231,hx2debd9ec927cca1639da8d3518dd9dbf1cdfb357,0x30d970915ca0f33,0xdfc1c085fb689d2e7a29bc18735ae72af0e6bd4215c35f0c80e07a8800fc0809,5,94221327,0.21999802208708588,1741123465163411,Ethereum,0.0884685,ETH,0,1,2025-03-04
cx88fd7df7ddff82f7cc735c871dc519838cb235bb,cxa0af3165c08318e988cb30993b3048335b94af6c,cx5faae53c4dbd1fbe4a2eb4aab6565030f10da5c6,0x9ec63ffbd45e932,0xdfc1c085fb689d2e7a29bc18735ae72af0e6bd4215c35f0c80e07a8800fc0809,3,94221327,0.715056390888352,1741123465163411,Balanced Dollar,0.0884685,bnUSD,0,1,2025-03-04
cx288d13e1b63563459a2ac6179f237711f6851cb5,cxa0af3165c08318e988cb30993b3048335b94af6c,cx21e94c08c03daee80c25d8ee3ea22a20786ec231,0x30d970915ca0f33,0xdfc1c085fb689d2e7a29bc18735ae72af0e6bd4215c35f0c80e07a8800fc0809,2,94221327,0.21999802208708588,1741123465163411,Ethereum,0.0884685,ETH,0,1,2025-03-04
cx88fd7df7ddff82f7cc735c871dc519838cb235bb,cx21e94c08c03daee80c25d8ee3ea22a20786ec231,cxa0af3165c08318e988cb30993b3048335b94af6c,0x19d799bf523b649ce0,0xdfc1c085fb689d2e7a29bc18735ae72af0e6bd4215c35f0c80e07a8800fc0809,1,94221327,476.7042605922347,1741123465163411,Balanced Dollar,0.0884685,bnUSD,0,1,2025-03-04
cx88fd7df7ddff82f7cc735c871dc519838cb235bb,hx2debd9ec927cca1639da8d3518dd9dbf1cdfb357,cx21e94c08c03daee80c25d8ee3ea22a20786ec231,0x19d799bf523b649ce0,0xdfc1c085fb689d2e7a29bc18735ae72af0e6bd4215c35f0c80e07a8800fc0809,0,94221327,476.7042605922347,1741123465163411,Balanced Dollar,0.0884685,bnUSD,0,1,2025-03-04
cx2609b924e33ef00b648a409245c7ea394c467824,hx1adc2b41608d81704d775ff143f43ab6efe0d792,cx66d4d90f5f113eba575bf793570135f9b10cece1,0x65a7a0b0c3bc80000,0x34b470b242d14090e7aa49b3c407f4089bf35c739c49a8b9178c082fc3e66c29,1,94221322,117.2,1741123455352217,Staked ICX,0.0952695,sICX,0,1,2025-03-04
cx88fd7df7ddff82f7cc735c871dc519838cb235bb,cxa0af3165c08318e988cb30993b3048335b94af6c,cx5faae53c4dbd1fbe4a2eb4aab6565030f10da5c6,0x1ae958eaca57000,0x4653240ae012a8aa09ba54784ea52c86b94448e7370722726d6bda2f0283d9ec,2,94221321,0.12119868,1741123453315033,Balanced Dollar,0.0563089625,bnUSD,0,1,2025-03-04
cx66a031cc3bd305c76371fb586e93801b948254f0,cxa0af3165c08318e988cb30993b3048335b94af6c,hxd75467e3e4ce64e3424c747dfb71503017440433,0x37a7137bea204856,0x4653240ae012a8aa09ba54784ea52c86b94448e7370722726d6bda2f0283d9ec,1,94221321,4.010195416126606,1741123453315033,Avalanche,0.0563089625,AVAX,0,1,2025-03-04
cx88fd7df7ddff82f7cc735c871dc519838cb235bb,hxd75467e3e4ce64e3424c747dfb71503017440433,cxa0af3165c08318e988cb30993b3048335b94af6c,0x46150238c44290000,0x4653240ae012a8aa09ba54784ea52c86b94448e7370722726d6bda2f0283d9ec,0,94221321,80.79912,1741123453315033,Balanced Dollar,0.0563089625,bnUSD,0,1,2025-03-04
cx88fd7df7ddff82f7cc735c871dc519838cb235bb,cxa0af3165c08318e988cb30993b3048335b94af6c,cx5faae53c4dbd1fbe4a2eb4aab6565030f10da5c6,0xee80ed08c6fff3,0xc654bd38c1be8e41767603689c968102f1bda3564b3f318448cdf7a8666d3d94,2,94221315,0.06713279999999999,1741123441245444,Balanced Dollar,0.0563614,bnUSD,0,2,2025-03-04
cx4297f4b63262507623b6ad575d0d8dd2db980e4e,cxa0af3165c08318e988cb30993b3048335b94af6c,hxd75467e3e4ce64e3424c747dfb71503017440433,0x37aa9588c891187e,0xc654bd38c1be8e41767603689c968102f1bda3564b3f318448cdf7a8666d3d94,1,94221315,4.011182832839891,1741123441245444,Injective,0.0563614,INJ,0,2,2025-03-04
cx88fd7df7ddff82f7cc735c871dc519838cb235bb,hxd75467e3e4ce64e3424c747dfb71503017440433,cxa0af3165c08318e988cb30993b3048335b94af6c,0x26d1a6946db8fe000,0xc654bd38c1be8e41767603689c968102f1bda3564b3f318448cdf7a8666d3d94,0,94221315,44.755199999999995,1741123441245444,Balanced Dollar,0.0563614,bnUSD,0,2,2025-03-04
cx2609b924e33ef00b648a409245c7ea394c467824,cx21e94c08c03daee80c25d8ee3ea22a20786ec231,hx1adc2b41608d81704d775ff143f43ab6efe0d792,0x65a6f0012b1a28549,0x07d16b07f3e0dacf4ca99503202779cb542d23a29d27515a51205f7be1bac4c7,5,94221315,117.19689170837533,1741123441245444,Staked ICX,0.1103210375,sICX,0,1,2025-03-04
cx88fd7df7ddff82f7cc735c871dc519838cb235bb,cxa0af3165c08318e988cb30993b3048335b94af6c,cx5faae53c4dbd1fbe4a2eb4aab6565030f10da5c6,0x5980f4d56919e8,0x07d16b07f3e0dacf4ca99503202779cb542d23a29d27515a51205f7be1bac4c7,3,94221315,0.025193061968058855,1741123441245444,Balanced Dollar,0.1103210375,bnUSD,0,1,2025-03-04
cx2609b924e33ef00b648a409245c7ea394c467824,cxa0af3165c08318e988cb30993b3048335b94af6c,cx21e94c08c03daee80c25d8ee3ea22a20786ec231,0x65a6f0012b1a28549,0x07d16b07f3e0dacf4ca99503202779cb542d23a29d27515a51205f7be1bac4c7,2,94221315,117.19689170837533,1741123441245444,Staked ICX,0.1103210375,sICX,0,1,2025-03-04
cx88fd7df7ddff82f7cc735c871dc519838cb235bb,cx21e94c08c03daee80c25d8ee3ea22a20786ec231,cxa0af3165c08318e988cb30993b3048335b94af6c,0xe91528411708cc2f,0x07d16b07f3e0dacf4ca99503202779cb542d23a29d27515a51205f7be1bac4c7,1,94221315,16.795374645372572,1741123441245444,Balanced Dollar,0.1103210375,bnUSD,0,1,2025-03-04
cx88fd7df7ddff82f7cc735c871dc519838cb235bb,hx1adc2b41608d81704d775ff143f43ab6efe0d792,cx21e94c08c03daee80c25d8ee3ea22a20786ec231,0xe91528411708cc2f,0x07d16b07f3e0dacf4ca99503202779cb542d23a29d27515a51205f7be1bac4c7,0,94221315,16.795374645372572,1741123441245444,Balanced Dollar,0.1103210375,bnUSD,0,1,2025-03-04
cx288d13e1b63563459a2ac6179f237711f6851cb5,cx21e94c08c03daee80c25d8ee3ea22a20786ec231,hx2debd9ec927cca1639da8d3518dd9dbf1cdfb357,0x30d970915a8c0e2,0x316e51be8331549d08880d1df4be9f5b70f98ea60744d4d16144f966d85698a1,5,94221311,0.21999802208490313,1741123433206697,Ethereum,0.0884685,ETH,0,2,2025-03-04
cx88fd7df7ddff82f7cc735c871dc519838cb235bb,cxa0af3165c08318e988cb30993b3048335b94af6c,cx5faae53c4dbd1fbe4a2eb4aab6565030f10da5c6,0x9e709633b12281e,0x316e51be8331549d08880d1df4be9f5b70f98ea60744d4d16144f966d85698a1,3,94221311,0.7135493877589709,1741123433206697,Balanced Dollar,0.0884685,bnUSD,0,2,2025-03-04
cx288d13e1b63563459a2ac6179f237711f6851cb5,cxa0af3165c08318e988cb30993b3048335b94af6c,cx21e94c08c03daee80c25d8ee3ea22a20786ec231,0x30d970915a8c0e2,0x316e51be8331549d08880d1df4be9f5b70f98ea60744d4d16144f966d85698a1,2,94221311,0.21999802208490313,1741123433206697,Ethereum,0.0884685,ETH,0,2,2025-03-04
cx88fd7df7ddff82f7cc735c871dc519838cb235bb,cx21e94c08c03daee80c25d8ee3ea22a20786ec231,cxa0af3165c08318e988cb30993b3048335b94af6c,0x19c9a87269d49dce20,0x316e51be8331549d08880d1df4be9f5b70f98ea60744d4d16144f966d85698a1,1,94221311,475.69959183931394,1741123433206697,Balanced Dollar,0.0884685,bnUSD,0,2,2025-03-04
cx88fd7df7ddff82f7cc735c871dc519838cb235bb,hx2debd9ec927cca1639da8d3518dd9dbf1cdfb357,cx21e94c08c03daee80c25d8ee3ea22a20786ec231,0x19c9a87269d49dce20,0x316e51be8331549d08880d1df4be9f5b70f98ea60744d4d16144f966d85698a1,0,94221311,475.69959183931394,1741123433206697,Balanced Dollar,0.0884685,bnUSD,0,2,2025-03-04
cx88fd7df7ddff82f7cc735c871dc519838cb235bb,cxa0af3165c08318e988cb30993b3048335b94af6c,cx5faae53c4dbd1fbe4a2eb4aab6565030f10da5c6,0xe6211e7e96d2f9,0x5665e155d0e40e1143399410f4a351f58553eabc7a6069847e5085806eb4fb3b,2,94221311,0.0647756595,1741123433206697,Balanced Dollar,0.0460303,bnUSD,0,1,2025-03-04
cx65c9e3d4fea842e00add0d32a5b4c5e4e04c7a6b,cxa0af3165c08318e988cb30993b3048335b94af6c,hxd75467e3e4ce64e3424c747dfb71503017440433,0x1208848a,0x5665e155d0e40e1143399410f4a351f58553eabc7a6069847e5085806eb4fb3b,1,94221311,0.302548106,1741123433206697,Solana,0.0460303,SOL,0,1,2025-03-04
cx88fd7df7ddff82f7cc735c871dc519838cb235bb,hxd75467e3e4ce64e3424c747dfb71503017440433,cxa0af3165c08318e988cb30993b3048335b94af6c,0x2574b94befe1ac000,0x5665e155d0e40e1143399410f4a351f58553eabc7a6069847e5085806eb4fb3b,0,94221311,43.183772999999995,1741123433206697,Balanced Dollar,0.0460303,bnUSD,0,1,2025-03-04
cx88fd7df7ddff82f7cc735c871dc519838cb235bb,hx0000000000000000000000000000000000000000,cx5faae53c4dbd1fbe4a2eb4aab6565030f10da5c6,0x77569bc736cd35,0xdb06a4f9353b63d7c35e7e860a4c0dae7a9905dc48d424f9c5dbfcb077f5a7e1,3,94221309,0.03359074929074514,1741123429155487,Balanced Dollar,0.1021347,bnUSD,0,1,2025-03-04
cx88fd7df7ddff82f7cc735c871dc519838cb235bb,cx66d4d90f5f113eba575bf793570135f9b10cece1,hx1adc2b41608d81704d775ff143f43ab6efe0d792,0xe91528411708cc2f,0xdb06a4f9353b63d7c35e7e860a4c0dae7a9905dc48d424f9c5dbfcb077f5a7e1,1,94221309,16.795374645372572,1741123429155487,Balanced Dollar,0.1021347,bnUSD,0,1,2025-03-04
cx88fd7df7ddff82f7cc735c871dc519838cb235bb,hx0000000000000000000000000000000000000000,cx66d4d90f5f113eba575bf793570135f9b10cece1,0xe91528411708cc2f,0xdb06a4f9353b63d7c35e7e860a4c0dae7a9905dc48d424f9c5dbfcb077f5a7e1,0,94221309,16.795374645372572,1741123429155487,Balanced Dollar,0.1021347,bnUSD,0,1,2025-03-04
cx4297f4b63262507623b6ad575d0d8dd2db980e4e,cx21e94c08c03daee80c25d8ee3ea22a20786ec231,hx2debd9ec927cca1639da8d3518dd9dbf1cdfb357,0x1a05473edffb5aa09,0x870bf76cda3e685e69a181d7e22433ab72aa12505e31f113405a0e585665d39a,5,94221308,29.999730483856254,1741123427156068,Injective,0.088385925,INJ,0,1,2025-03-04
cx88fd7df7ddff82f7cc735c871dc519838cb235bb,cxa0af3165c08318e988cb30993b3048335b94af6c,cx5faae53c4dbd1fbe4a2eb4aab6565030f10da5c6,0x6f42532d2a92494,0x870bf76cda3e685e69a181d7e22433ab72aa12505e31f113405a0e585665d39a,3,94221308,0.5010663587578605,1741123427156068,Balanced Dollar,0.088385925,bnUSD,0,1,2025-03-04
cx4297f4b63262507623b6ad575d0d8dd2db980e4e,cxa0af3165c08318e988cb30993b3048335b94af6c,cx21e94c08c03daee80c25d8ee3ea22a20786ec231,0x1a05473edffb5aa09,0x870bf76cda3e685e69a181d7e22433ab72aa12505e31f113405a0e585665d39a,2,94221308,29.999730483856254,1741123427156068,Injective,0.088385925,INJ,0,1,2025-03-04
cx88fd7df7ddff82f7cc735c871dc519838cb235bb,cx21e94c08c03daee80c25d8ee3ea22a20786ec231,cxa0af3165c08318e988cb30993b3048335b94af6c,0x121bcb89af432496c0,0x870bf76cda3e685e69a181d7e22433ab72aa12505e31f113405a0e585665d39a,1,94221308,334.044239171907,1741123427156068,Balanced Dollar,0.088385925,bnUSD,0,1,2025-03-04
cx88fd7df7ddff82f7cc735c871dc519838cb235bb,hx2debd9ec927cca1639da8d3518dd9dbf1cdfb357,cx21e94c08c03daee80c25d8ee3ea22a20786ec231,0x121bcb89af432496c0,0x870bf76cda3e685e69a181d7e22433ab72aa12505e31f113405a0e585665d39a,0,94221308,334.044239171907,1741123427156068,Balanced Dollar,0.088385925,bnUSD,0,1,2025-03-04
cx88fd7df7ddff82f7cc735c871dc519838cb235bb,cxa0af3165c08318e988cb30993b3048335b94af6c,cx5faae53c4dbd1fbe4a2eb4aab6565030f10da5c6,0x2a099fb8b272400,0x5d0015eef26d5705dd1945148ec627a74638ee6ac5ffd28f8dec06033f158f20,2,94221303,0.18932049,1741123417151051,Balanced Dollar,0.0460574,bnUSD,0,1,2025-03-04
cx508002ec116fbf3ab406329c0df28e70d7e75fb3,cxa0af3165c08318e988cb30993b3048335b94af6c,hxd75467e3e4ce64e3424c747dfb71503017440433,0xbb24debca,0x5d0015eef26d5705dd1945148ec627a74638ee6ac5ffd28f8dec06033f158f20,1,94221303,50.236091338,1741123417151051,Sui,0.0460574,SUI,0,1,2025-03-04
cx88fd7df7ddff82f7cc735c871dc519838cb235bb,hxd75467e3e4ce64e3424c747dfb71503017440433,cxa0af3165c08318e988cb30993b3048335b94af6c,0x6d790ff0fb5edc000,0x5d0015eef26d5705dd1945148ec627a74638ee6ac5ffd28f8dec06033f158f20,0,94221303,126.21366,1741123417151051,Balanced Dollar,0.0460574,bnUSD,0,1,2025-03-04
cx288d13e1b63563459a2ac6179f237711f6851cb5,cx21e94c08c03daee80c25d8ee3ea22a20786ec231,hx2debd9ec927cca1639da8d3518dd9dbf1cdfb357,0x30d97091586eb65,0xdaeaeb77d30dceab578b07be6c031521d59c8f060ef558fbeb5baeab71fba73a,5,94221302,0.2199980220826858,1741123415148591,Ethereum,0.0884685,ETH,0,1,2025-03-04
cx88fd7df7ddff82f7cc735c871dc519838cb235bb,cxa0af3165c08318e988cb30993b3048335b94af6c,cx5faae53c4dbd1fbe4a2eb4aab6565030f10da5c6,0x9e1b31a808b09aa,0xdaeaeb77d30dceab578b07be6c031521d59c8f060ef558fbeb5baeab71fba73a,3,94221302,0.7120471425083662,1741123415148591,Balanced Dollar,0.0884685,bnUSD,0,1,2025-03-04
cx288d13e1b63563459a2ac6179f237711f6851cb5,cxa0af3165c08318e988cb30993b3048335b94af6c,cx21e94c08c03daee80c25d8ee3ea22a20786ec231,0x30d97091586eb65,0xdaeaeb77d30dceab578b07be6c031521d59c8f060ef558fbeb5baeab71fba73a,2,94221302,0.2199980220826858,1741123415148591,Ethereum,0.0884685,ETH,0,1,2025-03-04
cx88fd7df7ddff82f7cc735c871dc519838cb235bb,cx21e94c08c03daee80c25d8ee3ea22a20786ec231,cxa0af3165c08318e988cb30993b3048335b94af6c,0x19bbc26a596a13d560,0xdaeaeb77d30dceab578b07be6c031521d59c8f060ef558fbeb5baeab71fba73a,1,94221302,474.6980950055775,1741123415148591,Balanced Dollar,0.0884685,bnUSD,0,1,2025-03-04
cx88fd7df7ddff82f7cc735c871dc519838cb235bb,hx2debd9ec927cca1639da8d3518dd9dbf1cdfb357,cx21e94c08c03daee80c25d8ee3ea22a20786ec231,0x19bbc26a596a13d560,0xdaeaeb77d30dceab578b07be6c031521d59c8f060ef558fbeb5baeab71fba73a,0,94221302,474.6980950055775,1741123415148591,Balanced Dollar,0.0884685,bnUSD,0,1,2025-03-04
cx88fd7df7ddff82f7cc735c871dc519838cb235bb,cxa0af3165c08318e988cb30993b3048335b94af6c,cx5faae53c4dbd1fbe4a2eb4aab6565030f10da5c6,0x15b3612b57124ed,0x656ac99aee746eaa85afcf5b1c749d137dd151c6e686a473cfc830c0af90de87,2,94221298,0.09773127089999999,1741123407147467,Balanced Dollar,0.0563991125,bnUSD,0,1,2025-03-04
cx288d13e1b63563459a2ac6179f237711f6851cb5,cxa0af3165c08318e988cb30993b3048335b94af6c,hxd75467e3e4ce64e3424c747dfb71503017440433,0x6b67a143d19781,0x656ac99aee746eaa85afcf5b1c749d137dd151c6e686a473cfc830c0af90de87,1,94221298,0.030231764833245058,1741123407147467,Ethereum,0.0563991125,ETH,0,1,2025-03-04
cx88fd7df7ddff82f7cc735c871dc519838cb235bb,hxd75467e3e4ce64e3424c747dfb71503017440433,cxa0af3165c08318e988cb30993b3048335b94af6c,0x38832260dd6a58000,0x656ac99aee746eaa85afcf5b1c749d137dd151c6e686a473cfc830c0af90de87,0,94221298,65.15418059999999,1741123407147467,Balanced Dollar,0.0563991125,bnUSD,0,1,2025-03-04
cx07b184a37f03c6ab681fcbd0b45aec6dc3eafbeb,cx21e94c08c03daee80c25d8ee3ea22a20786ec231,hx2debd9ec927cca1639da8d3518dd9dbf1cdfb357,0x11c36ebfbc68e3,0xbd3129a741340d00b41028857434e65f75ee06d58216a061a7ec968460321f1e,5,94221291,0.004999955034695907,1741123393139817,Bitcoin,0.088287575,BTC,0,1,2025-03-04
cx88fd7df7ddff82f7cc735c871dc519838cb235bb,cxa0af3165c08318e988cb30993b3048335b94af6c,cx5faae53c4dbd1fbe4a2eb4aab6565030f10da5c6,0x92230d05f5d4be9,0xbd3129a741340d00b41028857434e65f75ee06d58216a061a7ec968460321f1e,3,94221291,0.6581421670607943,1741123393139817,Balanced Dollar,0.088287575,bnUSD,0,1,2025-03-04
cx07b184a37f03c6ab681fcbd0b45aec6dc3eafbeb,cxa0af3165c08318e988cb30993b3048335b94af6c,cx21e94c08c03daee80c25d8ee3ea22a20786ec231,0x11c36ebfbc68e3,0xbd3129a741340d00b41028857434e65f75ee06d58216a061a7ec968460321f1e,2,94221291,0.004999955034695907,1741123393139817,Bitcoin,0.088287575,BTC,0,1,2025-03-04
cx88fd7df7ddff82f7cc735c871dc519838cb235bb,cx21e94c08c03daee80c25d8ee3ea22a20786ec231,cxa0af3165c08318e988cb30993b3048335b94af6c,0x17c909c94dada05970,0xbd3129a741340d00b41028857434e65f75ee06d58216a061a7ec968460321f1e,1,94221291,438.76144470719623,1741123393139817,Balanced Dollar,0.088287575,bnUSD,0,1,2025-03-04
cx88fd7df7ddff82f7cc735c871dc519838cb235bb,hx2debd9ec927cca1639da8d3518dd9dbf1cdfb357,cx21e94c08c03daee80c25d8ee3ea22a20786ec231,0x17c909c94dada05970,0xbd3129a741340d00b41028857434e65f75ee06d58216a061a7ec968460321f1e,0,94221291,438.76144470719623,1741123393139817,Balanced Dollar,0.088287575,bnUSD,0,1,2025-03-04
cx88fd7df7ddff82f7cc735c871dc519838cb235bb,cxa0af3165c08318e988cb30993b3048335b94af6c,cx5faae53c4dbd1fbe4a2eb4aab6565030f10da5c6,0x29e203e91a96b12,0x595a7a0ba4a2bf480c781e0f79f6086b34a730b690464bb8ccff917bd8c71fa2,2,94221285,0.18862368750000003,1741123381140731,Balanced Dollar,0.0460762125,bnUSD,0,1,2025-03-04
cx508002ec116fbf3ab406329c0df28e70d7e75fb3,cxa0af3165c08318e988cb30993b3048335b94af6c,hxd75467e3e4ce64e3424c747dfb71503017440433,0xbaa892b21,0x595a7a0ba4a2bf480c781e0f79f6086b34a730b690464bb8ccff917bd8c71fa2,1,94221285,50.105756449,1741123381140731,Sui,0.0460762125,SUI,0,1,2025-03-04
cx88fd7df7ddff82f7cc735c871dc519838cb235bb,hxd75467e3e4ce64e3424c747dfb71503017440433,cxa0af3165c08318e988cb30993b3048335b94af6c,0x6d11ea2f0a9318000,0x595a7a0ba4a2bf480c781e0f79f6086b34a730b690464bb8ccff917bd8c71fa2,0,94221285,125.749125,1741123381140731,Balanced Dollar,0.0460762125,bnUSD,0,1,2025-03-04
cx88fd7df7ddff82f7cc735c871dc519838cb235bb,cx203d9cd2a669be67177e997b8948ce2c35caffae,cx835b300dcfe01f0bdb794e134a0c5628384f4367,0x9657586dc2d11868,0xb129ea343dfe79ef8ac9d870a3ab48b4a8f5b3068e18076238a466772e944dfb,6,94221280,10.83322465710618,1741123371134653,Balanced Dollar,0.09853345,bnUSD,0,1,2025-03-04
cx88fd7df7ddff82f7cc735c871dc519838cb235bb,cx5faae53c4dbd1fbe4a2eb4aab6565030f10da5c6,cx203d9cd2a669be67177e997b8948ce2c35caffae,0xd6c5ec0a840622df,0xb129ea343dfe79ef8ac9d870a3ab48b4a8f5b3068e18076238a466772e944dfb,4,94221280,15.4760352244374,1741123371134653,Balanced Dollar,0.09853345,bnUSD,0,1,2025-03-04
cx88fd7df7ddff82f7cc735c871dc519838cb235bb,cx5faae53c4dbd1fbe4a2eb4aab6565030f10da5c6,cxdc30a0d3a1f131565c071272a20bc0b06fd4c17b,0xd6c5ec0a840622de,0xb129ea343dfe79ef8ac9d870a3ab48b4a8f5b3068e18076238a466772e944dfb,3,94221280,15.4760352244374,1741123371134653,Balanced Dollar,0.09853345,bnUSD,0,1,2025-03-04
cx88fd7df7ddff82f7cc735c871dc519838cb235bb,cxa0af3165c08318e988cb30993b3048335b94af6c,cx5faae53c4dbd1fbe4a2eb4aab6565030f10da5c6,0x15a4192a3248ff3,0xb129ea343dfe79ef8ac9d870a3ab48b4a8f5b3068e18076238a466772e944dfb,2,94221280,0.09746243999999998,1741123371134653,Balanced Dollar,0.09853345,bnUSD,0,1,2025-03-04
cx288d13e1b63563459a2ac6179f237711f6851cb5,cxa0af3165c08318e988cb30993b3048335b94af6c,hxd75467e3e4ce64e3424c747dfb71503017440433,0x6b23eb9d9c6aed,0xb129ea343dfe79ef8ac9d870a3ab48b4a8f5b3068e18076238a466772e944dfb,1,94221280,0.030157317376600812,1741123371134653,Ethereum,0.09853345,ETH,0,1,2025-03-04
cx88fd7df7ddff82f7cc735c871dc519838cb235bb,hxd75467e3e4ce64e3424c747dfb71503017440433,cxa0af3165c08318e988cb30993b3048335b94af6c,0x385b56dde2f36e000,0xb129ea343dfe79ef8ac9d870a3ab48b4a8f5b3068e18076238a466772e944dfb,0,94221280,64.97496,1741123371134653,Balanced Dollar,0.09853345,bnUSD,0,1,2025-03-04
cx2609b924e33ef00b648a409245c7ea394c467824,hx1adc2b41608d81704d775ff143f43ab6efe0d792,cx66d4d90f5f113eba575bf793570135f9b10cece1,0x3d029e1529cfa0000,0x9747c3b38612e2279b5cacadf2cd3777dd86e0fa3f0998341aef0fcff4fb739c,1,94221232,70.34,1741123275239338,Staked ICX,0.0952695,sICX,0,1,2025-03-04
cx2609b924e33ef00b648a409245c7ea394c467824,cx21e94c08c03daee80c25d8ee3ea22a20786ec231,hx1adc2b41608d81704d775ff143f43ab6efe0d792,0x3d042c53ea4228326,0x3df56ae432ef2a329555d2280186b4d71b90f548f1ea5622c04386a07ba0cc9d,5,94221226,70.34700600231294,1741123263089157,Staked ICX,0.1103206625,sICX,0,1,2025-03-04
cx88fd7df7ddff82f7cc735c871dc519838cb235bb,cxa0af3165c08318e988cb30993b3048335b94af6c,cx5faae53c4dbd1fbe4a2eb4aab6565030f10da5c6,0x35b8fdd3a27267,0x3df56ae432ef2a329555d2280186b4d71b90f548f1ea5622c04386a07ba0cc9d,3,94221226,0.015121574082540135,1741123263089157,Balanced Dollar,0.1103206625,bnUSD,0,1,2025-03-04
cx2609b924e33ef00b648a409245c7ea394c467824,cxa0af3165c08318e988cb30993b3048335b94af6c,cx21e94c08c03daee80c25d8ee3ea22a20786ec231,0x3d042c53ea4228326,0x3df56ae432ef2a329555d2280186b4d71b90f548f1ea5622c04386a07ba0cc9d,2,94221226,70.34700600231294,1741123263089157,Staked ICX,0.1103206625,sICX,0,1,2025-03-04
cx88fd7df7ddff82f7cc735c871dc519838cb235bb,cx21e94c08c03daee80c25d8ee3ea22a20786ec231,cxa0af3165c08318e988cb30993b3048335b94af6c,0x8be71501cc5f4235,0x3df56ae432ef2a329555d2280186b4d71b90f548f1ea5622c04386a07ba0cc9d,1,94221226,10.081049388360091,1741123263089157,Balanced Dollar,0.1103206625,bnUSD,0,1,2025-03-04
cx88fd7df7ddff82f7cc735c871dc519838cb235bb,hx1adc2b41608d81704d775ff143f43ab6efe0d792,cx21e94c08c03daee80c25d8ee3ea22a20786ec231,0x8be71501cc5f4235,0x3df56ae432ef2a329555d2280186b4d71b90f548f1ea5622c04386a07ba0cc9d,0,94221226,10.081049388360091,1741123263089157,Balanced Dollar,0.1103206625,bnUSD,0,1,2025-03-04
cx88fd7df7ddff82f7cc735c871dc519838cb235bb,hx0000000000000000000000000000000000000000,cx5faae53c4dbd1fbe4a2eb4aab6565030f10da5c6,0x47a1526f834334,0x161c2df5e4b5f040f9ae0f01ef99ec737cd39868aba3c9b45b54939138a23ae1,3,94221219,0.02016209877672018,1741123249261921,Balanced Dollar,0.10555485,bnUSD,0,1,2025-03-04
cx88fd7df7ddff82f7cc735c871dc519838cb235bb,cx66d4d90f5f113eba575bf793570135f9b10cece1,hx1adc2b41608d81704d775ff143f43ab6efe0d792,0x8be71501cc5f4235,0x161c2df5e4b5f040f9ae0f01ef99ec737cd39868aba3c9b45b54939138a23ae1,1,94221219,10.081049388360091,1741123249261921,Balanced Dollar,0.10555485,bnUSD,0,1,2025-03-04
cx88fd7df7ddff82f7cc735c871dc519838cb235bb,hx0000000000000000000000000000000000000000,cx66d4d90f5f113eba575bf793570135f9b10cece1,0x8be71501cc5f4235,0x161c2df5e4b5f040f9ae0f01ef99ec737cd39868aba3c9b45b54939138a23ae1,0,94221219,10.081049388360091,1741123249261921,Balanced Dollar,0.10555485,bnUSD,0,1,2025-03-04
cx2609b924e33ef00b648a409245c7ea394c467824,hx1adc2b41608d81704d775ff143f43ab6efe0d792,cx66d4d90f5f113eba575bf793570135f9b10cece1,0x5abc160c0a19d0000,0x02fd9c68cb2e7ab7db5f1ad607e0c5cfc0033d6017d0a77d145cc186c928aefc,1,94221214,104.61,1741123239230443,Staked ICX,0.0952695,sICX,0,1,2025-03-04
cx2609b924e33ef00b648a409245c7ea394c467824,cx21e94c08c03daee80c25d8ee3ea22a20786ec231,hx1adc2b41608d81704d775ff143f43ab6efe0d792,0x5abafe9c1eab2688b,0x3d8fca989208a4ba8588f768b4992e077e497ea9097116b7b28df291aa3087f8,5,94221200,104.60508408903333,1741123211249019,Staked ICX,0.11032235,sICX,0,1,2025-03-04
cx88fd7df7ddff82f7cc735c871dc519838cb235bb,cxa0af3165c08318e988cb30993b3048335b94af6c,cx5faae53c4dbd1fbe4a2eb4aab6565030f10da5c6,0x4fe1ed6ea7e897,0x3d8fca989208a4ba8588f768b4992e077e497ea9097116b7b28df291aa3087f8,3,94221200,0.02248493304013839,1741123211249019,Balanced Dollar,0.11032235,bnUSD,0,1,2025-03-04
cx2609b924e33ef00b648a409245c7ea394c467824,cxa0af3165c08318e988cb30993b3048335b94af6c,cx21e94c08c03daee80c25d8ee3ea22a20786ec231,0x5abafe9c1eab2688b,0x3d8fca989208a4ba8588f768b4992e077e497ea9097116b7b28df291aa3087f8,2,94221200,104.60508408903333,1741123211249019,Staked ICX,0.11032235,sICX,0,1,2025-03-04
cx88fd7df7ddff82f7cc735c871dc519838cb235bb,cx21e94c08c03daee80c25d8ee3ea22a20786ec231,cxa0af3165c08318e988cb30993b3048335b94af6c,0xd00704fad5430a94,0x3d8fca989208a4ba8588f768b4992e077e497ea9097116b7b28df291aa3087f8,1,94221200,14.98995536009226,1741123211249019,Balanced Dollar,0.11032235,bnUSD,0,1,2025-03-04
cx88fd7df7ddff82f7cc735c871dc519838cb235bb,hx1adc2b41608d81704d775ff143f43ab6efe0d792,cx21e94c08c03daee80c25d8ee3ea22a20786ec231,0xd00704fad5430a94,0x3d8fca989208a4ba8588f768b4992e077e497ea9097116b7b28df291aa3087f8,0,94221200,14.98995536009226,1741123211249019,Balanced Dollar,0.11032235,bnUSD,0,1,2025-03-04
cx88fd7df7ddff82f7cc735c871dc519838cb235bb,hx0000000000000000000000000000000000000000,cx5faae53c4dbd1fbe4a2eb4aab6565030f10da5c6,0x432f5f38cc986c,0xe075b57daca9f8e914d675a77c42e3b5a1c41633b80661f3d8b529a8a1a22acc,3,94221193,0.018910909460945004,1741123197071758,Balanced Dollar,0.10552135,bnUSD,0,1,2025-03-04
cx88fd7df7ddff82f7cc735c871dc519838cb235bb,cx66d4d90f5f113eba575bf793570135f9b10cece1,hx1adc2b41608d81704d775ff143f43ab6efe0d792,0x833885faef99b4d7,0xe075b57daca9f8e914d675a77c42e3b5a1c41633b80661f3d8b529a8a1a22acc,1,94221193,9.455454730472502,1741123197071758,Balanced Dollar,0.10552135,bnUSD,0,1,2025-03-04
cx88fd7df7ddff82f7cc735c871dc519838cb235bb,hx0000000000000000000000000000000000000000,cx66d4d90f5f113eba575bf793570135f9b10cece1,0x833885faef99b4d7,0xe075b57daca9f8e914d675a77c42e3b5a1c41633b80661f3d8b529a8a1a22acc,0,94221193,9.455454730472502,1741123197071758,Balanced Dollar,0.10552135,bnUSD,0,1,2025-03-04
cx2609b924e33ef00b648a409245c7ea394c467824,hx1adc2b41608d81704d775ff143f43ab6efe0d792,cx66d4d90f5f113eba575bf793570135f9b10cece1,0x4a0781ccbdb970000,0x1be930204db4a9df66e659e949be7b52359b24b2a4548d879dcd251a28387602,1,94221186,85.35,1741123183113691,Staked ICX,0.0952695,sICX,0,1,2025-03-04
cx88fd7df7ddff82f7cc735c871dc519838cb235bb,hx0000000000000000000000000000000000000000,cx5faae53c4dbd1fbe4a2eb4aab6565030f10da5c6,0x275332b013485d,0xa0d079016da2c781a76f6666fbfd08011dcd80bb2cd6d53cbec9e248cd43d074,3,94221177,0.011069001259239517,1741123165060202,Balanced Dollar,0.1021122625,bnUSD,0,1,2025-03-04
cx88fd7df7ddff82f7cc735c871dc519838cb235bb,cx66d4d90f5f113eba575bf793570135f9b10cece1,hx1adc2b41608d81704d775ff143f43ab6efe0d792,0x4cce7effe5a955bd,0xa0d079016da2c781a76f6666fbfd08011dcd80bb2cd6d53cbec9e248cd43d074,1,94221177,5.5345006296197585,1741123165060202,Balanced Dollar,0.1021122625,bnUSD,0,1,2025-03-04
cx88fd7df7ddff82f7cc735c871dc519838cb235bb,hx0000000000000000000000000000000000000000,cx66d4d90f5f113eba575bf793570135f9b10cece1,0x4cce7effe5a955bd,0xa0d079016da2c781a76f6666fbfd08011dcd80bb2cd6d53cbec9e248cd43d074,0,94221177,5.5345006296197585,1741123165060202,Balanced Dollar,0.1021122625,bnUSD,0,1,2025-03-04
cx66a031cc3bd305c76371fb586e93801b948254f0,cx21e94c08c03daee80c25d8ee3ea22a20786ec231,hx2debd9ec927cca1639da8d3518dd9dbf1cdfb357,0x1158da2985a36c856,0x8da5bdce2db12e4b5bb228855a1cea7567691096c0322d36a665097832048959,5,94221168,19.99982029545451,1741123147047957,Avalanche,0.0882975,AVAX,0,1,2025-03-04
cx88fd7df7ddff82f7cc735c871dc519838cb235bb,cxa0af3165c08318e988cb30993b3048335b94af6c,cx5faae53c4dbd1fbe4a2eb4aab6565030f10da5c6,0x85f30fc23cdfc32,0x8da5bdce2db12e4b5bb228855a1cea7567691096c0322d36a665097832048959,3,94221168,0.6032547345815297,1741123147047957,Balanced Dollar,0.0882975,bnUSD,0,1,2025-03-04
cx66a031cc3bd305c76371fb586e93801b948254f0,cxa0af3165c08318e988cb30993b3048335b94af6c,cx21e94c08c03daee80c25d8ee3ea22a20786ec231,0x1158da2985a36c856,0x8da5bdce2db12e4b5bb228855a1cea7567691096c0322d36a665097832048959,2,94221168,19.99982029545451,1741123147047957,Avalanche,0.0882975,AVAX,0,1,2025-03-04
cx88fd7df7ddff82f7cc735c871dc519838cb235bb,cx21e94c08c03daee80c25d8ee3ea22a20786ec231,cxa0af3165c08318e988cb30993b3048335b94af6c,0x15cd3a3b47e86b6ce0,0x8da5bdce2db12e4b5bb228855a1cea7567691096c0322d36a665097832048959,1,94221168,402.1698230543531,1741123147047957,Balanced Dollar,0.0882975,bnUSD,0,1,2025-03-04
cx88fd7df7ddff82f7cc735c871dc519838cb235bb,hx2debd9ec927cca1639da8d3518dd9dbf1cdfb357,cx21e94c08c03daee80c25d8ee3ea22a20786ec231,0x15cd3a3b47e86b6ce0,0x8da5bdce2db12e4b5bb228855a1cea7567691096c0322d36a665097832048959,0,94221168,402.1698230543531,1741123147047957,Balanced Dollar,0.0882975,bnUSD,0,1,2025-03-04
cx288d13e1b63563459a2ac6179f237711f6851cb5,cx21e94c08c03daee80c25d8ee3ea22a20786ec231,hx2debd9ec927cca1639da8d3518dd9dbf1cdfb357,0x30d9709155c4b1d,0x6e881b619362b17c730833133c0f18de54b7ffe1bf55957e3d096896bd8a180b,5,94221164,0.21999802207989225,1741123139197236,Ethereum,0.0884698125,ETH,0,1,2025-03-04
cx88fd7df7ddff82f7cc735c871dc519838cb235bb,cxa0af3165c08318e988cb30993b3048335b94af6c,cx5faae53c4dbd1fbe4a2eb4aab6565030f10da5c6,0x9daec0518731142,0x6e881b619362b17c730833133c0f18de54b7ffe1bf55957e3d096896bd8a180b,3,94221164,0.7101393978934603,1741123139197236,Balanced Dollar,0.0884698125,bnUSD,0,1,2025-03-04
cx288d13e1b63563459a2ac6179f237711f6851cb5,cxa0af3165c08318e988cb30993b3048335b94af6c,cx21e94c08c03daee80c25d8ee3ea22a20786ec231,0x30d9709155c4b1d,0x6e881b619362b17c730833133c0f18de54b7ffe1bf55957e3d096896bd8a180b,2,94221164,0.21999802207989225,1741123139197236,Ethereum,0.0884698125,ETH,0,1,2025-03-04
cx88fd7df7ddff82f7cc735c871dc519838cb235bb,cx21e94c08c03daee80c25d8ee3ea22a20786ec231,cxa0af3165c08318e988cb30993b3048335b94af6c,0x19aa1bf7efaba79be0,0x6e881b619362b17c730833133c0f18de54b7ffe1bf55957e3d096896bd8a180b,1,94221164,473.42626526230686,1741123139197236,Balanced Dollar,0.0884698125,bnUSD,0,1,2025-03-04
cx88fd7df7ddff82f7cc735c871dc519838cb235bb,hx2debd9ec927cca1639da8d3518dd9dbf1cdfb357,cx21e94c08c03daee80c25d8ee3ea22a20786ec231,0x19aa1bf7efaba79be0,0x6e881b619362b17c730833133c0f18de54b7ffe1bf55957e3d096896bd8a180b,0,94221164,473.42626526230686,1741123139197236,Balanced Dollar,0.0884698125,bnUSD,0,1,2025-03-04
cx88fd7df7ddff82f7cc735c871dc519838cb235bb,cxa0af3165c08318e988cb30993b3048335b94af6c,cx5faae53c4dbd1fbe4a2eb4aab6565030f10da5c6,0x1592ed10f01e00c,0x9f86113d8d5d76665517047efcc84a73adb41279f99993cd1f9dfffc54ec2a54,2,94221161,0.09716034240000002,1741123133097869,Balanced Dollar,0.056400425,bnUSD,0,1,2025-03-04
cx288d13e1b63563459a2ac6179f237711f6851cb5,cxa0af3165c08318e988cb30993b3048335b94af6c,hxd75467e3e4ce64e3424c747dfb71503017440433,0x6b1061f616a07b,0x9f86113d8d5d76665517047efcc84a73adb41279f99993cd1f9dfffc54ec2a54,1,94221161,0.030135835434590332,1741123133097869,Ethereum,0.056400425,ETH,0,1,2025-03-04
cx88fd7df7ddff82f7cc735c871dc519838cb235bb,hxd75467e3e4ce64e3424c747dfb71503017440433,cxa0af3165c08318e988cb30993b3048335b94af6c,0x382e9eb1714e22000,0x9f86113d8d5d76665517047efcc84a73adb41279f99993cd1f9dfffc54ec2a54,0,94221161,64.77356160000001,1741123133097869,Balanced Dollar,0.056400425,bnUSD,0,1,2025-03-04
cx4297f4b63262507623b6ad575d0d8dd2db980e4e,cx21e94c08c03daee80c25d8ee3ea22a20786ec231,hx2debd9ec927cca1639da8d3518dd9dbf1cdfb357,0x1a05473edcc1309d7,0xe0a8b30cda891da94d5f8d46ad9c1538dc497c0fdb7348883fc83713abaef924,5,94221160,29.99973048298996,1741123131046559,Injective,0.0883872375,INJ,0,1,2025-03-04
cx88fd7df7ddff82f7cc735c871dc519838cb235bb,cxa0af3165c08318e988cb30993b3048335b94af6c,cx5faae53c4dbd1fbe4a2eb4aab6565030f10da5c6,0x6edc58e2fbd93af,0xe0a8b30cda891da94d5f8d46ad9c1538dc497c0fdb7348883fc83713abaef924,3,94221160,0.49927234818497424,1741123131046559,Balanced Dollar,0.0883872375,bnUSD,0,1,2025-03-04
cx4297f4b63262507623b6ad575d0d8dd2db980e4e,cxa0af3165c08318e988cb30993b3048335b94af6c,cx21e94c08c03daee80c25d8ee3ea22a20786ec231,0x1a05473edcc1309d7,0xe0a8b30cda891da94d5f8d46ad9c1538dc497c0fdb7348883fc83713abaef924,2,94221160,29.99973048298996,1741123131046559,Injective,0.0883872375,INJ,0,1,2025-03-04
cx88fd7df7ddff82f7cc735c871dc519838cb235bb,cx21e94c08c03daee80c25d8ee3ea22a20786ec231,cxa0af3165c08318e988cb30993b3048335b94af6c,0x120b32779c5305ed10,0xe0a8b30cda891da94d5f8d46ad9c1538dc497c0fdb7348883fc83713abaef924,1,94221160,332.84823212331617,1741123131046559,Balanced Dollar,0.0883872375,bnUSD,0,1,2025-03-04
cx88fd7df7ddff82f7cc735c871dc519838cb235bb,hx2debd9ec927cca1639da8d3518dd9dbf1cdfb357,cx21e94c08c03daee80c25d8ee3ea22a20786ec231,0x120b32779c5305ed10,0xe0a8b30cda891da94d5f8d46ad9c1538dc497c0fdb7348883fc83713abaef924,0,94221160,332.84823212331617,1741123131046559,Balanced Dollar,0.0883872375,bnUSD,0,1,2025-03-04
cx88fd7df7ddff82f7cc735c871dc519838cb235bb,cxa0af3165c08318e988cb30993b3048335b94af6c,cx5faae53c4dbd1fbe4a2eb4aab6565030f10da5c6,0x1587f0161bdf706,0x1044b3318a60cebeb7d835364cf5c563e315edf49e3a1a7c2df768fe55aed56c,2,94221154,0.09696703590000001,1741123119040596,Balanced Dollar,0.056400425,bnUSD,0,1,2025-03-04
cx288d13e1b63563459a2ac6179f237711f6851cb5,cxa0af3165c08318e988cb30993b3048335b94af6c,hxd75467e3e4ce64e3424c747dfb71503017440433,0x6ae1b92c13b9a6,0x1044b3318a60cebeb7d835364cf5c563e315edf49e3a1a7c2df768fe55aed56c,1,94221154,0.03008453295601911,1741123119040596,Ethereum,0.056400425,ETH,0,1,2025-03-04
cx88fd7df7ddff82f7cc735c871dc519838cb235bb,hxd75467e3e4ce64e3424c747dfb71503017440433,cxa0af3165c08318e988cb30993b3048335b94af6c,0x3812013993408a000,0x1044b3318a60cebeb7d835364cf5c563e315edf49e3a1a7c2df768fe55aed56c,0,94221154,64.6446906,1741123119040596,Balanced Dollar,0.056400425,bnUSD,0,1,2025-03-04
cx88fd7df7ddff82f7cc735c871dc519838cb235bb,cxa0af3165c08318e988cb30993b3048335b94af6c,cx5faae53c4dbd1fbe4a2eb4aab6565030f10da5c6,0x1589f4e3beb2f7c,0x918cde0e0330e28d8d5622b21a71da47a089782824ebbb306001422f0a3b9710,2,94221141,0.09700255035,1741123093030051,Balanced Dollar,0.056400425,bnUSD,0,1,2025-03-04
cx288d13e1b63563459a2ac6179f237711f6851cb5,cxa0af3165c08318e988cb30993b3048335b94af6c,hxd75467e3e4ce64e3424c747dfb71503017440433,0x6af39da9056d24,0x918cde0e0330e28d8d5622b21a71da47a089782824ebbb306001422f0a3b9710,1,94221141,0.0301042060024497,1741123093030051,Ethereum,0.056400425,ETH,0,1,2025-03-04
cx88fd7df7ddff82f7cc735c871dc519838cb235bb,hxd75467e3e4ce64e3424c747dfb71503017440433,cxa0af3165c08318e988cb30993b3048335b94af6c,0x3817431115f210000,0x918cde0e0330e28d8d5622b21a71da47a089782824ebbb306001422f0a3b9710,0,94221141,64.6683669,1741123093030051,Balanced Dollar,0.056400425,bnUSD,0,1,2025-03-04
cx88fd7df7ddff82f7cc735c871dc519838cb235bb,cxa0af3165c08318e988cb30993b3048335b94af6c,cx5faae53c4dbd1fbe4a2eb4aab6565030f10da5c6,0x1584f93c6a5b0f9,0x3b911a878899a9c2628d3bbf51facee25566508dfc935ec63b456fc5842c4b7a,2,94221123,0.0969148881,1741123057016597,Balanced Dollar,0.056400425,bnUSD,0,1,2025-03-04
cx288d13e1b63563459a2ac6179f237711f6851cb5,cxa0af3165c08318e988cb30993b3048335b94af6c,hxd75467e3e4ce64e3424c747dfb71503017440433,0x6ae2bceced06dd,0x3b911a878899a9c2628d3bbf51facee25566508dfc935ec63b456fc5842c4b7a,1,94221123,0.030085648588015323,1741123057016597,Ethereum,0.056400425,ETH,0,1,2025-03-04
cx88fd7df7ddff82f7cc735c871dc519838cb235bb,hxd75467e3e4ce64e3424c747dfb71503017440433,cxa0af3165c08318e988cb30993b3048335b94af6c,0x380a490d54f7ce000,0x3b911a878899a9c2628d3bbf51facee25566508dfc935ec63b456fc5842c4b7a,0,94221123,64.6099254,1741123057016597,Balanced Dollar,0.056400425,bnUSD,0,1,2025-03-04
cx4297f4b63262507623b6ad575d0d8dd2db980e4e,cx21e94c08c03daee80c25d8ee3ea22a20786ec231,hx2debd9ec927cca1639da8d3518dd9dbf1cdfb357,0x1a05473ed98b04551,0x0c2945010f0521666426223a004bcd3aa55ce75e04ccf4c534240cb3c7ec1d9c,5,94221120,29.99973048212785,1741123051160999,Injective,0.088389925,INJ,0,1,2025-03-04
cx88fd7df7ddff82f7cc735c871dc519838cb235bb,cxa0af3165c08318e988cb30993b3048335b94af6c,cx5faae53c4dbd1fbe4a2eb4aab6565030f10da5c6,0x6e76ea846eb6de2,0x0c2945010f0521666426223a004bcd3aa55ce75e04ccf4c534240cb3c7ec1d9c,3,94221120,0.49748795287112446,1741123051160999,Balanced Dollar,0.088389925,bnUSD,0,1,2025-03-04
cx4297f4b63262507623b6ad575d0d8dd2db980e4e,cxa0af3165c08318e988cb30993b3048335b94af6c,cx21e94c08c03daee80c25d8ee3ea22a20786ec231,0x1a05473ed98b04551,0x0c2945010f0521666426223a004bcd3aa55ce75e04ccf4c534240cb3c7ec1d9c,2,94221120,29.99973048212785,1741123051160999,Injective,0.088389925,INJ,0,1,2025-03-04
cx88fd7df7ddff82f7cc735c871dc519838cb235bb,cx21e94c08c03daee80c25d8ee3ea22a20786ec231,cxa0af3165c08318e988cb30993b3048335b94af6c,0x11fab02b8e0518d1e0,0x0c2945010f0521666426223a004bcd3aa55ce75e04ccf4c534240cb3c7ec1d9c,1,94221120,331.6586352474163,1741123051160999,Balanced Dollar,0.088389925,bnUSD,0,1,2025-03-04
cx88fd7df7ddff82f7cc735c871dc519838cb235bb,hx2debd9ec927cca1639da8d3518dd9dbf1cdfb357,cx21e94c08c03daee80c25d8ee3ea22a20786ec231,0x11fab02b8e0518d1e0,0x0c2945010f0521666426223a004bcd3aa55ce75e04ccf4c534240cb3c7ec1d9c,0,94221120,331.6586352474163,1741123051160999,Balanced Dollar,0.088389925,bnUSD,0,1,2025-03-04
cx88fd7df7ddff82f7cc735c871dc519838cb235bb,cxa0af3165c08318e988cb30993b3048335b94af6c,cx5faae53c4dbd1fbe4a2eb4aab6565030f10da5c6,0x1581584c6953800,0x3c7fe81f90feb8340ed1b136c91876f6f2e0462f61fc2f368dae33a6b60af069,2,94221115,0.096851052,1741123041068957,Balanced Dollar,0.056400425,bnUSD,0,1,2025-03-04
cx288d13e1b63563459a2ac6179f237711f6851cb5,cxa0af3165c08318e988cb30993b3048335b94af6c,hxd75467e3e4ce64e3424c747dfb71503017440433,0x6ad89274d96ac5,0x3c7fe81f90feb8340ed1b136c91876f6f2e0462f61fc2f368dae33a6b60af069,1,94221115,0.03007447106856007,1741123041068957,Ethereum,0.056400425,ETH,0,1,2025-03-04
cx88fd7df7ddff82f7cc735c871dc519838cb235bb,hxd75467e3e4ce64e3424c747dfb71503017440433,cxa0af3165c08318e988cb30993b3048335b94af6c,0x3800d5f1a79ec8000,0x3c7fe81f90feb8340ed1b136c91876f6f2e0462f61fc2f368dae33a6b60af069,0,94221115,64.567368,1741123041068957,Balanced Dollar,0.056400425,bnUSD,0,1,2025-03-04
cx88fd7df7ddff82f7cc735c871dc519838cb235bb,cxa0af3165c08318e988cb30993b3048335b94af6c,cx5faae53c4dbd1fbe4a2eb4aab6565030f10da5c6,0x157d8306c5fc306,0x0a6ac7716aca5a3568ecbf3179624f5d63a452d4a0df0d55bac0d27f8c4d0f41,2,94221086,0.0967836195,1741122983044042,Balanced Dollar,0.056400425,bnUSD,0,1,2025-03-04
cx288d13e1b63563459a2ac6179f237711f6851cb5,cxa0af3165c08318e988cb30993b3048335b94af6c,hxd75467e3e4ce64e3424c747dfb71503017440433,0x6acd60bf83d308,0x0a6ac7716aca5a3568ecbf3179624f5d63a452d4a0df0d55bac0d27f8c4d0f41,1,94221086,0.030062162944971528,1741122983044042,Ethereum,0.056400425,ETH,0,1,2025-03-04
cx88fd7df7ddff82f7cc735c871dc519838cb235bb,hxd75467e3e4ce64e3424c747dfb71503017440433,cxa0af3165c08318e988cb30993b3048335b94af6c,0x37f6da8c4e40be000,0x0a6ac7716aca5a3568ecbf3179624f5d63a452d4a0df0d55bac0d27f8c4d0f41,0,94221086,64.522413,1741122983044042,Balanced Dollar,0.056400425,bnUSD,0,1,2025-03-04
cxd17316e24ee40f2ef8ed6f3a497311db1b35206d,hxd2ab70a9d09d60aabec1b6c3dadc35e4bf33b6f1,hxd2ab70a9d09d60aabec1b6c3dadc35e4bf33b6f1,0x0,0x9f8488ebc4e6afcf31c2f53ff03b5e00364b1ba8f698c9592878c789ff9bdb54,4,94221085,0.0,1741122980989430,unknown_token,0.0178502,$unknown,34,1,2025-03-04
cx7baf94bd53b505353285ee4c4c050f9703581703,hxd2ab70a9d09d60aabec1b6c3dadc35e4bf33b6f1,hx0000000000000000000000000000000000000000,0x0,0x9f8488ebc4e6afcf31c2f53ff03b5e00364b1ba8f698c9592878c789ff9bdb54,2,94221085,0.0,1741122980989430,unknown_token,0.0178502,$unknown,31,1,2025-03-04
cx7baf94bd53b505353285ee4c4c050f9703581703,hxd2ab70a9d09d60aabec1b6c3dadc35e4bf33b6f1,hx0000000000000000000000000000000000000000,0x0,0x9f8488ebc4e6afcf31c2f53ff03b5e00364b1ba8f698c9592878c789ff9bdb54,0,94221085,0.0,1741122980989430,unknown_token,0.0178502,$unknown,31,1,2025-03-04
cx2609b924e33ef00b648a409245c7ea394c467824,cx21e94c08c03daee80c25d8ee3ea22a20786ec231,hx1adc2b41608d81704d775ff143f43ab6efe0d792,0x4a0707568a13b6822,0x52e52995886a18055dc1d365547f0e2f7fe3be3038a798cdc1c475a9e75bdb2b,5,94221083,85.34784563054035,1741122976987961,Staked ICX,0.1103206625,sICX,0,1,2025-03-04
cx88fd7df7ddff82f7cc735c871dc519838cb235bb,cxa0af3165c08318e988cb30993b3048335b94af6c,cx5faae53c4dbd1fbe4a2eb4aab6565030f10da5c6,0x412cae28679000,0x52e52995886a18055dc1d365547f0e2f7fe3be3038a798cdc1c475a9e75bdb2b,3,94221083,0.018345,1741122976987961,Balanced Dollar,0.1103206625,bnUSD,0,1,2025-03-04
cx2609b924e33ef00b648a409245c7ea394c467824,cxa0af3165c08318e988cb30993b3048335b94af6c,cx21e94c08c03daee80c25d8ee3ea22a20786ec231,0x4a0707568a13b6822,0x52e52995886a18055dc1d365547f0e2f7fe3be3038a798cdc1c475a9e75bdb2b,2,94221083,85.34784563054035,1741122976987961,Staked ICX,0.1103206625,sICX,0,1,2025-03-04
cx88fd7df7ddff82f7cc735c871dc519838cb235bb,cx21e94c08c03daee80c25d8ee3ea22a20786ec231,cxa0af3165c08318e988cb30993b3048335b94af6c,0xa9b9b033e3070001,0x52e52995886a18055dc1d365547f0e2f7fe3be3038a798cdc1c475a9e75bdb2b,1,94221083,12.23,1741122976987961,Balanced Dollar,0.1103206625,bnUSD,0,1,2025-03-04
cx88fd7df7ddff82f7cc735c871dc519838cb235bb,hx1adc2b41608d81704d775ff143f43ab6efe0d792,cx21e94c08c03daee80c25d8ee3ea22a20786ec231,0xa9b9b033e3070001,0x52e52995886a18055dc1d365547f0e2f7fe3be3038a798cdc1c475a9e75bdb2b,0,94221083,12.23,1741122976987961,Balanced Dollar,0.1103206625,bnUSD,0,1,2025-03-04
cx88fd7df7ddff82f7cc735c871dc519838cb235bb,hx0000000000000000000000000000000000000000,cx5faae53c4dbd1fbe4a2eb4aab6565030f10da5c6,0x56e63d8b34c000,0x914d3e8a17acee78b115e84220998b3d7521da86e6514e26a95aac9ca3969c3d,3,94221077,0.02446,1741122964982851,Balanced Dollar,0.10555485,bnUSD,0,1,2025-03-04
cx88fd7df7ddff82f7cc735c871dc519838cb235bb,cx66d4d90f5f113eba575bf793570135f9b10cece1,hx1adc2b41608d81704d775ff143f43ab6efe0d792,0xa9b9b033e3070001,0x914d3e8a17acee78b115e84220998b3d7521da86e6514e26a95aac9ca3969c3d,1,94221077,12.23,1741122964982851,Balanced Dollar,0.10555485,bnUSD,0,1,2025-03-04
cx88fd7df7ddff82f7cc735c871dc519838cb235bb,hx0000000000000000000000000000000000000000,cx66d4d90f5f113eba575bf793570135f9b10cece1,0xa9b9b033e3070001,0x914d3e8a17acee78b115e84220998b3d7521da86e6514e26a95aac9ca3969c3d,0,94221077,12.23,1741122964982851,Balanced Dollar,0.10555485,bnUSD,0,1,2025-03-04
cx2609b924e33ef00b648a409245c7ea394c467824,hx1adc2b41608d81704d775ff143f43ab6efe0d792,cx66d4d90f5f113eba575bf793570135f9b10cece1,0x53d02b90845ff0000,0x5b2f7f7af2923f1a5d59e7fd213e6ba85f412ac17fab3fc3add7df39d4a2f637,1,94221070,96.63,1741122951121765,Staked ICX,0.0952695,sICX,0,1,2025-03-04
cxd17316e24ee40f2ef8ed6f3a497311db1b35206d,hx9645117f1b0c7181a126c7f4f222caefc6ee7a61,hx9645117f1b0c7181a126c7f4f222caefc6ee7a61,0x0,0x4a442b764f0a6299caa4ed0183b6c904048471d8ef5eaad1de7fbca6966d6ec0,4,94221069,0.0,1741122949142137,unknown_token,0.0178488875,$unknown,34,1,2025-03-04
cx7baf94bd53b505353285ee4c4c050f9703581703,hx9645117f1b0c7181a126c7f4f222caefc6ee7a61,hx0000000000000000000000000000000000000000,0x0,0x4a442b764f0a6299caa4ed0183b6c904048471d8ef5eaad1de7fbca6966d6ec0,2,94221069,0.0,1741122949142137,unknown_token,0.0178488875,$unknown,11,1,2025-03-04
cx7baf94bd53b505353285ee4c4c050f9703581703,hx9645117f1b0c7181a126c7f4f222caefc6ee7a61,hx0000000000000000000000000000000000000000,0x0,0x4a442b764f0a6299caa4ed0183b6c904048471d8ef5eaad1de7fbca6966d6ec0,0,94221069,0.0,1741122949142137,unknown_token,0.0178488875,$unknown,22,1,2025-03-04
cx2609b924e33ef00b648a409245c7ea394c467824,cx21e94c08c03daee80c25d8ee3ea22a20786ec231,hx1adc2b41608d81704d775ff143f43ab6efe0d792,0x53d25cfafa0af61d8,0x0477344ff0d6b9e2ec4d4141274332c51e63b2ecdca297481277710be9eff110,5,94221062,96.63987653222173,1741122935126686,Staked ICX,0.1103367875,sICX,0,1,2025-03-04
cx88fd7df7ddff82f7cc735c871dc519838cb235bb,cxa0af3165c08318e988cb30993b3048335b94af6c,cx5faae53c4dbd1fbe4a2eb4aab6565030f10da5c6,0x49cb9826cbdaf1,0x0477344ff0d6b9e2ec4d4141274332c51e63b2ecdca297481277710be9eff110,3,94221062,0.020771527646239473,1741122935126686,Balanced Dollar,0.1103367875,bnUSD,0,1,2025-03-04
cx2609b924e33ef00b648a409245c7ea394c467824,cxa0af3165c08318e988cb30993b3048335b94af6c,cx21e94c08c03daee80c25d8ee3ea22a20786ec231,0x53d25cfafa0af61d8,0x0477344ff0d6b9e2ec4d4141274332c51e63b2ecdca297481277710be9eff110,2,94221062,96.63987653222173,1741122935126686,Staked ICX,0.1103367875,sICX,0,1,2025-03-04
cx88fd7df7ddff82f7cc735c871dc519838cb235bb,cx21e94c08c03daee80c25d8ee3ea22a20786ec231,cxa0af3165c08318e988cb30993b3048335b94af6c,0xc02cdc3a5d8a2b4b,0x0477344ff0d6b9e2ec4d4141274332c51e63b2ecdca297481277710be9eff110,1,94221062,13.847685097492983,1741122935126686,Balanced Dollar,0.1103367875,bnUSD,0,1,2025-03-04
cx88fd7df7ddff82f7cc735c871dc519838cb235bb,hx1adc2b41608d81704d775ff143f43ab6efe0d792,cx21e94c08c03daee80c25d8ee3ea22a20786ec231,0xc02cdc3a5d8a2b4b,0x0477344ff0d6b9e2ec4d4141274332c51e63b2ecdca297481277710be9eff110,0,94221062,13.847685097492983,1741122935126686,Balanced Dollar,0.1103367875,bnUSD,0,1,2025-03-04
cx88fd7df7ddff82f7cc735c871dc519838cb235bb,hx0000000000000000000000000000000000000000,cx5faae53c4dbd1fbe4a2eb4aab6565030f10da5c6,0x61b89d6e18bc95,0x74f7303edd6dc70867288fdceba119ec6626bbd49937e685bc46f6e10b7280b5,3,94221053,0.02750605903742479,1741122916964700,Balanced Dollar,0.1021360125,bnUSD,0,1,2025-03-04
cx88fd7df7ddff82f7cc735c871dc519838cb235bb,cx66d4d90f5f113eba575bf793570135f9b10cece1,hx1adc2b41608d81704d775ff143f43ab6efe0d792,0xbedc937b0850546f,0x74f7303edd6dc70867288fdceba119ec6626bbd49937e685bc46f6e10b7280b5,1,94221053,13.753029518712395,1741122916964700,Balanced Dollar,0.1021360125,bnUSD,0,1,2025-03-04
cx88fd7df7ddff82f7cc735c871dc519838cb235bb,hx0000000000000000000000000000000000000000,cx66d4d90f5f113eba575bf793570135f9b10cece1,0xbedc937b0850546f,0x74f7303edd6dc70867288fdceba119ec6626bbd49937e685bc46f6e10b7280b5,0,94221053,13.753029518712395,1741122916964700,Balanced Dollar,0.1021360125,bnUSD,0,1,2025-03-04
cxd17316e24ee40f2ef8ed6f3a497311db1b35206d,hx9645117f1b0c7181a126c7f4f222caefc6ee7a61,hx9645117f1b0c7181a126c7f4f222caefc6ee7a61,0x0,0xe9680744de8c32faafceff55b81e94cb1448c94dd8cc74e62b8e480027f41e93,2,94221048,0.0,1741122906961427,unknown_token,0.01074535,$unknown,6,1,2025-03-04
cx7baf94bd53b505353285ee4c4c050f9703581703,hx9645117f1b0c7181a126c7f4f222caefc6ee7a61,hx0000000000000000000000000000000000000000,0x0,0xe9680744de8c32faafceff55b81e94cb1448c94dd8cc74e62b8e480027f41e93,0,94221048,0.0,1741122906961427,unknown_token,0.01074535,$unknown,1,1,2025-03-04
cxd17316e24ee40f2ef8ed6f3a497311db1b35206d,hx95d23a20e152e1ac90e06cdf85fbd7d3dd6954b7,hx0000000000000000000000000000000000000000,0x0,0xf29e5ba03ae70dcd99dded121b18e215df3f8ee13b3df02091891695ab1c07fa,27,94220975,0.0,1741122761106933,unknown_token,0.1243568,$unknown,5,1,2025-03-04
cxd17316e24ee40f2ef8ed6f3a497311db1b35206d,hx9645117f1b0c7181a126c7f4f222caefc6ee7a61,hx0000000000000000000000000000000000000000,0x0,0xf29e5ba03ae70dcd99dded121b18e215df3f8ee13b3df02091891695ab1c07fa,26,94220975,0.0,1741122761106933,unknown_token,0.1243568,$unknown,6,1,2025-03-04
cxd17316e24ee40f2ef8ed6f3a497311db1b35206d,hxf91f33e9dcabf1c118f47c1d6799464931e18ac2,hx0000000000000000000000000000000000000000,0x0,0xf29e5ba03ae70dcd99dded121b18e215df3f8ee13b3df02091891695ab1c07fa,25,94220975,0.0,1741122761106933,unknown_token,0.1243568,$unknown,34,1,2025-03-04
cxd17316e24ee40f2ef8ed6f3a497311db1b35206d,hx9645117f1b0c7181a126c7f4f222caefc6ee7a61,hx0000000000000000000000000000000000000000,0x0,0xf29e5ba03ae70dcd99dded121b18e215df3f8ee13b3df02091891695ab1c07fa,24,94220975,0.0,1741122761106933,unknown_token,0.1243568,$unknown,34,1,2025-03-04
cxd17316e24ee40f2ef8ed6f3a497311db1b35206d,hx946ec78523871a85930974feb8d9dc94df0c1402,hx0000000000000000000000000000000000000000,0x0,0xf29e5ba03ae70dcd99dded121b18e215df3f8ee13b3df02091891695ab1c07fa,23,94220975,0.0,1741122761106933,unknown_token,0.1243568,$unknown,34,1,2025-03-04
cxd17316e24ee40f2ef8ed6f3a497311db1b35206d,hxd2ab70a9d09d60aabec1b6c3dadc35e4bf33b6f1,hx0000000000000000000000000000000000000000,0x0,0xf29e5ba03ae70dcd99dded121b18e215df3f8ee13b3df02091891695ab1c07fa,22,94220975,0.0,1741122761106933,unknown_token,0.1243568,$unknown,34,1,2025-03-04
cxd17316e24ee40f2ef8ed6f3a497311db1b35206d,hx4c4f7ec136a8ce6d686c837fd800e0ffb9049363,hx0000000000000000000000000000000000000000,0x0,0xf29e5ba03ae70dcd99dded121b18e215df3f8ee13b3df02091891695ab1c07fa,21,94220975,0.0,1741122761106933,unknown_token,0.1243568,$unknown,34,1,2025-03-04
cx66a031cc3bd305c76371fb586e93801b948254f0,cx21e94c08c03daee80c25d8ee3ea22a20786ec231,hx0000000000000000000000000000000000000000,0x4b1f402d7821506d,0x6738fc2aba99c15cdc3bc6f61926b205807f043f7d24adbb7fad087b68876839,16,94220875,5.413115841155781,1741122561019696,Avalanche,0.2438691625,AVAX,0,1,2025-03-04
cx88fd7df7ddff82f7cc735c871dc519838cb235bb,cxa0af3165c08318e988cb30993b3048335b94af6c,cx5faae53c4dbd1fbe4a2eb4aab6565030f10da5c6,0x242dcd832ae32b2,0x6738fc2aba99c15cdc3bc6f61926b205807f043f7d24adbb7fad087b68876839,12,94220875,0.16293535766008285,1741122561019696,Balanced Dollar,0.2438691625,bnUSD,0,1,2025-03-04
cx66a031cc3bd305c76371fb586e93801b948254f0,cxa0af3165c08318e988cb30993b3048335b94af6c,cx21e94c08c03daee80c25d8ee3ea22a20786ec231,0x4b1f402d7821506d,0x6738fc2aba99c15cdc3bc6f61926b205807f043f7d24adbb7fad087b68876839,11,94220875,5.413115841155781,1741122561019696,Avalanche,0.2438691625,AVAX,0,1,2025-03-04
cx88fd7df7ddff82f7cc735c871dc519838cb235bb,cx21e94c08c03daee80c25d8ee3ea22a20786ec231,cxa0af3165c08318e988cb30993b3048335b94af6c,0x5e3747303faf95cc1,0x6738fc2aba99c15cdc3bc6f61926b205807f043f7d24adbb7fad087b68876839,10,94220875,108.62357177338858,1741122561019696,Balanced Dollar,0.2438691625,bnUSD,0,1,2025-03-04
cx88fd7df7ddff82f7cc735c871dc519838cb235bb,cxa0af3165c08318e988cb30993b3048335b94af6c,cx5faae53c4dbd1fbe4a2eb4aab6565030f10da5c6,0x2448801367bf859,0x6738fc2aba99c15cdc3bc6f61926b205807f043f7d24adbb7fad087b68876839,8,94220875,0.1634050252826195,1741122561019696,Balanced Dollar,0.2438691625,bnUSD,0,1,2025-03-04
cx88fd7df7ddff82f7cc735c871dc519838cb235bb,cxa0af3165c08318e988cb30993b3048335b94af6c,cx21e94c08c03daee80c25d8ee3ea22a20786ec231,0x5e3747303faf95cc1,0x6738fc2aba99c15cdc3bc6f61926b205807f043f7d24adbb7fad087b68876839,7,94220875,108.62357177338858,1741122561019696,Balanced Dollar,0.2438691625,bnUSD,0,1,2025-03-04
cx2609b924e33ef00b648a409245c7ea394c467824,cx21e94c08c03daee80c25d8ee3ea22a20786ec231,cxa0af3165c08318e988cb30993b3048335b94af6c,0x29566d4e3f4e0c0fb4,0x6738fc2aba99c15cdc3bc6f61926b205807f043f7d24adbb7fad087b68876839,6,94220875,762.5442269156142,1741122561019696,Staked ICX,0.2438691625,sICX,0,1,2025-03-04
cx2609b924e33ef00b648a409245c7ea394c467824,cxa0af3165c08318e988cb30993b3048335b94af6c,cx5faae53c4dbd1fbe4a2eb4aab6565030f10da5c6,0xfeade4e634e66df,0x6738fc2aba99c15cdc3bc6f61926b205807f043f7d24adbb7fad087b68876839,4,94220875,1.1469734833741105,1741122561019696,Staked ICX,0.2438691625,sICX,0,1,2025-03-04
cx2609b924e33ef00b648a409245c7ea394c467824,cxa0af3165c08318e988cb30993b3048335b94af6c,cx21e94c08c03daee80c25d8ee3ea22a20786ec231,0x29566d4e3f4e0c0fb4,0x6738fc2aba99c15cdc3bc6f61926b205807f043f7d24adbb7fad087b68876839,3,94220875,762.5442269156142,1741122561019696,Staked ICX,0.2438691625,sICX,0,1,2025-03-04
cx3975b43d260fb8ec802cef6e60c2f4d07486f11d,cx21e94c08c03daee80c25d8ee3ea22a20786ec231,cxa0af3165c08318e988cb30993b3048335b94af6c,0x3635c9adc5dea00000,0x6738fc2aba99c15cdc3bc6f61926b205807f043f7d24adbb7fad087b68876839,2,94220875,1000.0,1741122561019696,Wrapped ICX,0.2438691625,wICX,0,1,2025-03-04
cx3975b43d260fb8ec802cef6e60c2f4d07486f11d,hxd4eb0a6c591b5e7a76e9a6677da055ebfdd897da,cx21e94c08c03daee80c25d8ee3ea22a20786ec231,0x3635c9adc5dea00000,0x6738fc2aba99c15cdc3bc6f61926b205807f043f7d24adbb7fad087b68876839,1,94220875,1000.0,1741122561019696,Wrapped ICX,0.2438691625,wICX,0,1,2025-03-04
cx3975b43d260fb8ec802cef6e60c2f4d07486f11d,hx0000000000000000000000000000000000000000,hxd4eb0a6c591b5e7a76e9a6677da055ebfdd897da,0x3635c9adc5dea00000,0x6738fc2aba99c15cdc3bc6f61926b205807f043f7d24adbb7fad087b68876839,0,94220875,1000.0,1741122561019696,Wrapped ICX,0.2438691625,wICX,0,1,2025-03-04
cx07b184a37f03c6ab681fcbd0b45aec6dc3eafbeb,hx1adc2b41608d81704d775ff143f43ab6efe0d792,cx66d4d90f5f113eba575bf793570135f9b10cece1,0x937697ecbfd2b,0xee191002e1a14f583e2c5a9c25715aa28799d7e0d780354046eb54ea8c3dbd6c,0,94220868,0.002594201028787499,1741122546837998,Bitcoin,0.0225161875,BTC,0,1,2025-03-04
cx07b184a37f03c6ab681fcbd0b45aec6dc3eafbeb,cx21e94c08c03daee80c25d8ee3ea22a20786ec231,hx1adc2b41608d81704d775ff143f43ab6efe0d792,0x937697ecbfd2b,0x6981b74e475271e3265cc62f8727f870ba3b3625688366ec095691093e0ffe67,9,94220859,0.002594201028787499,1741122528830244,Bitcoin,0.1679341125,BTC,0,1,2025-03-04
cx88fd7df7ddff82f7cc735c871dc519838cb235bb,cxa0af3165c08318e988cb30993b3048335b94af6c,cx5faae53c4dbd1fbe4a2eb4aab6565030f10da5c6,0x4bbbcc6edc8055d,0x6981b74e475271e3265cc62f8727f870ba3b3625688366ec095691093e0ffe67,7,94220859,0.3410737593754597,1741122528830244,Balanced Dollar,0.1679341125,bnUSD,0,1,2025-03-04
cx07b184a37f03c6ab681fcbd0b45aec6dc3eafbeb,cxa0af3165c08318e988cb30993b3048335b94af6c,cx21e94c08c03daee80c25d8ee3ea22a20786ec231,0x937697ecbfd2b,0x6981b74e475271e3265cc62f8727f870ba3b3625688366ec095691093e0ffe67,6,94220859,0.002594201028787499,1741122528830244,Bitcoin,0.1679341125,BTC,0,1,2025-03-04
cx88fd7df7ddff82f7cc735c871dc519838cb235bb,cx21e94c08c03daee80c25d8ee3ea22a20786ec231,cxa0af3165c08318e988cb30993b3048335b94af6c,0xc5390f0b5e38df83f,0x6981b74e475271e3265cc62f8727f870ba3b3625688366ec095691093e0ffe67,5,94220859,227.38250625030645,1741122528830244,Balanced Dollar,0.1679341125,bnUSD,0,1,2025-03-04
cx88fd7df7ddff82f7cc735c871dc519838cb235bb,cxa0af3165c08318e988cb30993b3048335b94af6c,cx5faae53c4dbd1fbe4a2eb4aab6565030f10da5c6,0x4bf10140411e40e,0x6981b74e475271e3265cc62f8727f870ba3b3625688366ec095691093e0ffe67,3,94220859,0.34200977485711875,1741122528830244,Balanced Dollar,0.1679341125,bnUSD,0,1,2025-03-04
cx88fd7df7ddff82f7cc735c871dc519838cb235bb,cxa0af3165c08318e988cb30993b3048335b94af6c,cx21e94c08c03daee80c25d8ee3ea22a20786ec231,0xc5390f0b5e38df83f,0x6981b74e475271e3265cc62f8727f870ba3b3625688366ec095691093e0ffe67,2,94220859,227.38250625030645,1741122528830244,Balanced Dollar,0.1679341125,bnUSD,0,1,2025-03-04
cx2609b924e33ef00b648a409245c7ea394c467824,cx21e94c08c03daee80c25d8ee3ea22a20786ec231,cxa0af3165c08318e988cb30993b3048335b94af6c,0x567fa196e6fd70fb1c,0x6981b74e475271e3265cc62f8727f870ba3b3625688366ec095691093e0ffe67,1,94220859,1595.6167881719273,1741122528830244,Staked ICX,0.1679341125,sICX,0,1,2025-03-04
cx2609b924e33ef00b648a409245c7ea394c467824,hx1adc2b41608d81704d775ff143f43ab6efe0d792,cx21e94c08c03daee80c25d8ee3ea22a20786ec231,0x567fa196e6fd70fb1c,0x6981b74e475271e3265cc62f8727f870ba3b3625688366ec095691093e0ffe67,0,94220859,1595.6167881719273,1741122528830244,Staked ICX,0.1679341125,sICX,0,1,2025-03-04
cx2609b924e33ef00b648a409245c7ea394c467824,cx66d4d90f5f113eba575bf793570135f9b10cece1,hx1adc2b41608d81704d775ff143f43ab6efe0d792,0x567fa196e6fd70fb1c,0x79c20195f745269f2eaea5efc67ac5e9320ec1841a37633cb6a45cb393ad10b5,1,94220847,1595.6167881719273,1741122504996818,Staked ICX,0.1100560375,sICX,0,1,2025-03-04
cx88fd7df7ddff82f7cc735c871dc519838cb235bb,hx1adc2b41608d81704d775ff143f43ab6efe0d792,hx0000000000000000000000000000000000000000,0x83849f9a13c7affff,0x857158065bcea8eac1dd7bb8f8f571a8d36c9cdf0606577611ed8585ea57c0df,0,94220841,151.63,1741122492816019,Balanced Dollar,0.0612760625,bnUSD,0,1,2025-03-04
cx88fd7df7ddff82f7cc735c871dc519838cb235bb,cx21e94c08c03daee80c25d8ee3ea22a20786ec231,hx1adc2b41608d81704d775ff143f43ab6efe0d792,0x8385067b24f1c6784,0xb21c56e8084ebb89d961240e17d1a505bade51aeb3981623d9b08228fd39413b,5,94220835,151.63180986946634,1741122480807232,Balanced Dollar,0.110342525,bnUSD,0,1,2025-03-04
cx88fd7df7ddff82f7cc735c871dc519838cb235bb,cxa0af3165c08318e988cb30993b3048335b94af6c,cx5faae53c4dbd1fbe4a2eb4aab6565030f10da5c6,0x32a586fde5ed6ab,0xb21c56e8084ebb89d961240e17d1a505bade51aeb3981623d9b08228fd39413b,3,94220835,0.22809196863100278,1741122480807232,Balanced Dollar,0.110342525,bnUSD,0,1,2025-03-04
cx88fd7df7ddff82f7cc735c871dc519838cb235bb,cxa0af3165c08318e988cb30993b3048335b94af6c,cx21e94c08c03daee80c25d8ee3ea22a20786ec231,0x8385067b24f1c6784,0xb21c56e8084ebb89d961240e17d1a505bade51aeb3981623d9b08228fd39413b,2,94220835,151.63180986946634,1741122480807232,Balanced Dollar,0.110342525,bnUSD,0,1,2025-03-04
cx2609b924e33ef00b648a409245c7ea394c467824,cx21e94c08c03daee80c25d8ee3ea22a20786ec231,cxa0af3165c08318e988cb30993b3048335b94af6c,0x39a82ad7e70160d168,0xb21c56e8084ebb89d961240e17d1a505bade51aeb3981623d9b08228fd39413b,1,94220835,1063.5821473359988,1741122480807232,Staked ICX,0.110342525,sICX,0,1,2025-03-04
cx2609b924e33ef00b648a409245c7ea394c467824,hx1adc2b41608d81704d775ff143f43ab6efe0d792,cx21e94c08c03daee80c25d8ee3ea22a20786ec231,0x39a82ad7e70160d168,0xb21c56e8084ebb89d961240e17d1a505bade51aeb3981623d9b08228fd39413b,0,94220835,1063.5821473359988,1741122480807232,Staked ICX,0.110342525,sICX,0,1,2025-03-04
cx2609b924e33ef00b648a409245c7ea394c467824,cx66d4d90f5f113eba575bf793570135f9b10cece1,hx1adc2b41608d81704d775ff143f43ab6efe0d792,0x39a82ad7e70160d168,0x480f2f80508a3ab8aea488bec3a4fc5d3390b7513d9d2513b7527b112f46014f,1,94220828,1063.5821473359988,1741122466798186,Staked ICX,0.1100560375,sICX,0,1,2025-03-04
cx88fd7df7ddff82f7cc735c871dc519838cb235bb,hx1adc2b41608d81704d775ff143f43ab6efe0d792,hx0000000000000000000000000000000000000000,0x59a69062b5aef3a93,0x4765d1d6d4a442e62866275f440fd3ff6b4f88da3eb3b76a4d2ba33dd72ef6e3,0,94220822,103.36015150622227,1741122454972878,Balanced Dollar,0.0612760625,bnUSD,0,1,2025-03-04
cxf61cd5a45dc9f91c15aa65831a30a90d59a09619,cx9345f80d6c98357ccbb70392b14162199c2c5f66,cxd82fb5d3effecd8c9071a4bba3856ad7222c4b91,0x56fdf5f25856a3b,0x8ca0b9201a869fdfc8529ef31da5055d99798525b8f4546a61cc0605ec47602e,4,94220816,0.3917772923489101,1741122442794755,Balance Token,0.1302316125,BALN,0,2,2025-03-04
cx2609b924e33ef00b648a409245c7ea394c467824,cx9345f80d6c98357ccbb70392b14162199c2c5f66,cxd82fb5d3effecd8c9071a4bba3856ad7222c4b91,0x5f501591f1c820f5,0x8ca0b9201a869fdfc8529ef31da5055d99798525b8f4546a61cc0605ec47602e,3,94220816,6.868013148310872,1741122442794755,Staked ICX,0.1302316125,sICX,0,2,2025-03-04
cx88fd7df7ddff82f7cc735c871dc519838cb235bb,hx0000000000000000000000000000000000000000,cx5faae53c4dbd1fbe4a2eb4aab6565030f10da5c6,0x0,0x8ca0b9201a869fdfc8529ef31da5055d99798525b8f4546a61cc0605ec47602e,2,94220816,0.0,1741122442794755,Balanced Dollar,0.1302316125,bnUSD,0,2,2025-03-04
cx88fd7df7ddff82f7cc735c871dc519838cb235bb,hx0000000000000000000000000000000000000000,cxd82fb5d3effecd8c9071a4bba3856ad7222c4b91,0xf2bde70b74c7f9d,0x8ca0b9201a869fdfc8529ef31da5055d99798525b8f4546a61cc0605ec47602e,1,94220816,1.0932119102604245,1741122442794755,Balanced Dollar,0.1302316125,bnUSD,0,2,2025-03-04
cx88fd7df7ddff82f7cc735c871dc519838cb235bb,hxd75467e3e4ce64e3424c747dfb71503017440433,cxd82fb5d3effecd8c9071a4bba3856ad7222c4b91,0x5249e76c9e31800000,0x8ca0b9201a869fdfc8529ef31da5055d99798525b8f4546a61cc0605ec47602e,0,94220816,1517.9583585552632,1741122442794755,Balanced Dollar,0.1302316125,bnUSD,0,2,2025-03-04
cx88fd7df7ddff82f7cc735c871dc519838cb235bb,cx21e94c08c03daee80c25d8ee3ea22a20786ec231,hx1adc2b41608d81704d775ff143f43ab6efe0d792,0x59a6338596ae2e80d,0x25816ffdfa5a6d457a69147122e33997e5ee62c24db45d5d0e4f95b7033d1679,10,94220816,103.35851782977952,1741122442794755,Balanced Dollar,0.15566925,bnUSD,0,1,2025-03-04
cx88fd7df7ddff82f7cc735c871dc519838cb235bb,cxa0af3165c08318e988cb30993b3048335b94af6c,cx5faae53c4dbd1fbe4a2eb4aab6565030f10da5c6,0x228655db1a2aac6,0x25816ffdfa5a6d457a69147122e33997e5ee62c24db45d5d0e4f95b7033d1679,8,94220816,0.1554856402308738,1741122442794755,Balanced Dollar,0.15566925,bnUSD,0,1,2025-03-04
cx88fd7df7ddff82f7cc735c871dc519838cb235bb,cxa0af3165c08318e988cb30993b3048335b94af6c,cx21e94c08c03daee80c25d8ee3ea22a20786ec231,0x59a6338596ae2e80d,0x25816ffdfa5a6d457a69147122e33997e5ee62c24db45d5d0e4f95b7033d1679,7,94220816,103.35851782977952,1741122442794755,Balanced Dollar,0.15566925,bnUSD,0,1,2025-03-04
cx2609b924e33ef00b648a409245c7ea394c467824,cx21e94c08c03daee80c25d8ee3ea22a20786ec231,cxa0af3165c08318e988cb30993b3048335b94af6c,0x274a2af07f3789391b,0x25816ffdfa5a6d457a69147122e33997e5ee62c24db45d5d0e4f95b7033d1679,6,94220816,724.7673672116842,1741122442794755,Staked ICX,0.15566925,sICX,0,1,2025-03-04
cx2609b924e33ef00b648a409245c7ea394c467824,cxa0af3165c08318e988cb30993b3048335b94af6c,cx5faae53c4dbd1fbe4a2eb4aab6565030f10da5c6,0xf210b84d6f2881f,0x25816ffdfa5a6d457a69147122e33997e5ee62c24db45d5d0e4f95b7033d1679,4,94220816,1.0901652499701782,1741122442794755,Staked ICX,0.15566925,sICX,0,1,2025-03-04
cx2609b924e33ef00b648a409245c7ea394c467824,cxa0af3165c08318e988cb30993b3048335b94af6c,cx21e94c08c03daee80c25d8ee3ea22a20786ec231,0x274a2af07f3789391b,0x25816ffdfa5a6d457a69147122e33997e5ee62c24db45d5d0e4f95b7033d1679,3,94220816,724.7673672116842,1741122442794755,Staked ICX,0.15566925,sICX,0,1,2025-03-04
cx3975b43d260fb8ec802cef6e60c2f4d07486f11d,cx21e94c08c03daee80c25d8ee3ea22a20786ec231,cxa0af3165c08318e988cb30993b3048335b94af6c,0x337fe5feaf2d180000,0x25816ffdfa5a6d457a69147122e33997e5ee62c24db45d5d0e4f95b7033d1679,2,94220816,950.0,1741122442794755,Wrapped ICX,0.15566925,wICX,0,1,2025-03-04
cx3975b43d260fb8ec802cef6e60c2f4d07486f11d,hx1adc2b41608d81704d775ff143f43ab6efe0d792,cx21e94c08c03daee80c25d8ee3ea22a20786ec231,0x337fe5feaf2d180000,0x25816ffdfa5a6d457a69147122e33997e5ee62c24db45d5d0e4f95b7033d1679,1,94220816,950.0,1741122442794755,Wrapped ICX,0.15566925,wICX,0,1,2025-03-04
cx3975b43d260fb8ec802cef6e60c2f4d07486f11d,hx0000000000000000000000000000000000000000,hx1adc2b41608d81704d775ff143f43ab6efe0d792,0x337fe5feaf2d180000,0x25816ffdfa5a6d457a69147122e33997e5ee62c24db45d5d0e4f95b7033d1679,0,94220816,950.0,1741122442794755,Wrapped ICX,0.15566925,wICX,0,1,2025-03-04
cx88fd7df7ddff82f7cc735c871dc519838cb235bb,cxa0af3165c08318e988cb30993b3048335b94af6c,cx5faae53c4dbd1fbe4a2eb4aab6565030f10da5c6,0xea888709bbefaf,0xf20eb54c7e328dc72dbe89fd484c55d626e411450b137e669edc5c2b79102322,2,94220773,0.06601525811556753,1741122356766885,Balanced Dollar,0.05694565,bnUSD,0,1,2025-03-04
cx88fd7df7ddff82f7cc735c871dc519838cb235bb,cxa0af3165c08318e988cb30993b3048335b94af6c,hxd75467e3e4ce64e3424c747dfb71503017440433,0x2611398f8798ee9ce,0xf20eb54c7e328dc72dbe89fd484c55d626e411450b137e669edc5c2b79102322,1,94220773,43.88859098661434,1741122356766885,Balanced Dollar,0.05694565,bnUSD,0,1,2025-03-04
cx4297f4b63262507623b6ad575d0d8dd2db980e4e,hxd75467e3e4ce64e3424c747dfb71503017440433,cxa0af3165c08318e988cb30993b3048335b94af6c,0x3782dace9d900000,0xf20eb54c7e328dc72dbe89fd484c55d626e411450b137e669edc5c2b79102322,0,94220773,4.0,1741122356766885,Injective,0.05694565,INJ,0,1,2025-03-04
cx88fd7df7ddff82f7cc735c871dc519838cb235bb,cxa0af3165c08318e988cb30993b3048335b94af6c,cx5faae53c4dbd1fbe4a2eb4aab6565030f10da5c6,0xeaa51b389cd8a5,0x32401e459e67ef428a2a5811d8313abcfae81a21d03e2cb0f36af196c16fcda2,2,94220743,0.06604668088279671,1741122296741719,Balanced Dollar,0.05694565,bnUSD,0,1,2025-03-04
cx88fd7df7ddff82f7cc735c871dc519838cb235bb,cxa0af3165c08318e988cb30993b3048335b94af6c,hxd75467e3e4ce64e3424c747dfb71503017440433,0x2615dd32965b903e0,0x32401e459e67ef428a2a5811d8313abcfae81a21d03e2cb0f36af196c16fcda2,1,94220743,43.909484116685945,1741122296741719,Balanced Dollar,0.05694565,bnUSD,0,1,2025-03-04
cx4297f4b63262507623b6ad575d0d8dd2db980e4e,hxd75467e3e4ce64e3424c747dfb71503017440433,cxa0af3165c08318e988cb30993b3048335b94af6c,0x3782dace9d900000,0x32401e459e67ef428a2a5811d8313abcfae81a21d03e2cb0f36af196c16fcda2,0,94220743,4.0,1741122296741719,Injective,0.05694565,INJ,0,1,2025-03-04
cx88fd7df7ddff82f7cc735c871dc519838cb235bb,cxa0af3165c08318e988cb30993b3048335b94af6c,cx5faae53c4dbd1fbe4a2eb4aab6565030f10da5c6,0xeac1b4a167923a,0x05a76ef7ac8fd72128af71e9c6f242ddc36862e6207d3943a40f1d5e21f2cedf,2,94220728,0.06607812609648697,1741122266736817,Balanced Dollar,0.05694565,bnUSD,0,1,2025-03-04
cx88fd7df7ddff82f7cc735c871dc519838cb235bb,cxa0af3165c08318e988cb30993b3048335b94af6c,hxd75467e3e4ce64e3424c747dfb71503017440433,0x261a81aedac2a5723,0x05a76ef7ac8fd72128af71e9c6f242ddc36862e6207d3943a40f1d5e21f2cedf,1,94220728,43.93039217328353,1741122266736817,Balanced Dollar,0.05694565,bnUSD,0,1,2025-03-04
cx4297f4b63262507623b6ad575d0d8dd2db980e4e,hxd75467e3e4ce64e3424c747dfb71503017440433,cxa0af3165c08318e988cb30993b3048335b94af6c,0x3782dace9d900000,0x05a76ef7ac8fd72128af71e9c6f242ddc36862e6207d3943a40f1d5e21f2cedf,0,94220728,4.0,1741122266736817,Injective,0.05694565,INJ,0,1,2025-03-04
cx88fd7df7ddff82f7cc735c871dc519838cb235bb,cxa0af3165c08318e988cb30993b3048335b94af6c,cx5faae53c4dbd1fbe4a2eb4aab6565030f10da5c6,0xeade5345627302,0x0d0905c9154f4adf1632da2d2792cc27959397645be22051e60361e21a4dd4ec,2,94220718,0.06610959377802522,1741122246727639,Balanced Dollar,0.05694565,bnUSD,0,1,2025-03-04
cx88fd7df7ddff82f7cc735c871dc519838cb235bb,cxa0af3165c08318e988cb30993b3048335b94af6c,hxd75467e3e4ce64e3424c747dfb71503017440433,0x261f270489cae4a32,0x0d0905c9154f4adf1632da2d2792cc27959397645be22051e60361e21a4dd4ec,1,94220718,43.951315170630714,1741122246727639,Balanced Dollar,0.05694565,bnUSD,0,1,2025-03-04
cx4297f4b63262507623b6ad575d0d8dd2db980e4e,hxd75467e3e4ce64e3424c747dfb71503017440433,cxa0af3165c08318e988cb30993b3048335b94af6c,0x3782dace9d900000,0x0d0905c9154f4adf1632da2d2792cc27959397645be22051e60361e21a4dd4ec,0,94220718,4.0,1741122246727639,Injective,0.05694565,INJ,0,1,2025-03-04
cx88fd7df7ddff82f7cc735c871dc519838cb235bb,cxa0af3165c08318e988cb30993b3048335b94af6c,cx5faae53c4dbd1fbe4a2eb4aab6565030f10da5c6,0x29a57fca7ddc182,0x2737b437b3d750fef50b1663d803f9e9e93d434236d40dc7727114ebaabaa302,2,94220714,0.18755907714900005,1741122238903083,Balanced Dollar,0.047387875,bnUSD,0,1,2025-03-04
cx88fd7df7ddff82f7cc735c871dc519838cb235bb,cxa0af3165c08318e988cb30993b3048335b94af6c,hxd75467e3e4ce64e3424c747dfb71503017440433,0x6c300b6b722450680,0x2737b437b3d750fef50b1663d803f9e9e93d434236d40dc7727114ebaabaa302,1,94220714,124.73189617732348,1741122238903083,Balanced Dollar,0.047387875,bnUSD,0,1,2025-03-04
cx508002ec116fbf3ab406329c0df28e70d7e75fb3,hxd75467e3e4ce64e3424c747dfb71503017440433,cxa0af3165c08318e988cb30993b3048335b94af6c,0xba43b7400,0x2737b437b3d750fef50b1663d803f9e9e93d434236d40dc7727114ebaabaa302,0,94220714,50.0,1741122238903083,Sui,0.047387875,SUI,0,1,2025-03-04
cx88fd7df7ddff82f7cc735c871dc519838cb235bb,cxa0af3165c08318e988cb30993b3048335b94af6c,cx5faae53c4dbd1fbe4a2eb4aab6565030f10da5c6,0x1aa469badeb8bb6,0xcd996978066804d5522f0cf5a4ef98f28b96af28b437778b7d1b82bbe61eb3a8,2,94220710,0.11998597453050976,1741122230718310,Balanced Dollar,0.0569125875,bnUSD,0,1,2025-03-04
cx88fd7df7ddff82f7cc735c871dc519838cb235bb,cxa0af3165c08318e988cb30993b3048335b94af6c,hxd75467e3e4ce64e3424c747dfb71503017440433,0x45320538a3534526a,0xcd996978066804d5522f0cf5a4ef98f28b96af28b437778b7d1b82bbe61eb3a8,1,94220710,79.77685565230418,1741122230718310,Balanced Dollar,0.0569125875,bnUSD,0,1,2025-03-04
cx66a031cc3bd305c76371fb586e93801b948254f0,hxd75467e3e4ce64e3424c747dfb71503017440433,cxa0af3165c08318e988cb30993b3048335b94af6c,0x3782dace9d900000,0xcd996978066804d5522f0cf5a4ef98f28b96af28b437778b7d1b82bbe61eb3a8,0,94220710,4.0,1741122230718310,Avalanche,0.0569125875,AVAX,0,1,2025-03-04
cx88fd7df7ddff82f7cc735c871dc519838cb235bb,hx1adc2b41608d81704d775ff143f43ab6efe0d792,hx0000000000000000000000000000000000000000,0x1ce682033ba805a7,0xe426eba26d92bfc140f09f086768bdf2b398c039407caff6180cfde7af21e427,0,94220706,2.082494828102813,1741122222717290,Balanced Dollar,0.0612674375,bnUSD,0,1,2025-03-04
cx2609b924e33ef00b648a409245c7ea394c467824,cxa0af3165c08318e988cb30993b3048335b94af6c,hx4dc7903504bb800a462378348a42f53742759e0b,0xc58d700e255fef0,0x2e52e1bbb31f0da46fa5d3fbcb9bcbc319e6a8e7dfdd49681adf31db22384a90,3,94220704,0.8896973252029314,1741122218716355,Staked ICX,0.0437684125,sICX,0,3,2025-03-04
cx2609b924e33ef00b648a409245c7ea394c467824,hx4dc7903504bb800a462378348a42f53742759e0b,cxa0af3165c08318e988cb30993b3048335b94af6c,0x10593d8b7287770000,0x5cc1464f0ba31db146d13e268e2c8922ea0f78ac097c8a04f90daff56c2d29af,0,94220704,301.578354346323,1741122218716355,Staked ICX,0.03123255,sICX,0,2,2025-03-04
cx88fd7df7ddff82f7cc735c871dc519838cb235bb,hx4dc7903504bb800a462378348a42f53742759e0b,cxa0af3165c08318e988cb30993b3048335b94af6c,0x254f484aedd46e000,0xe19b8f54caa93b4ce06eff48da30c3b1bc5becf199faea79d321e8d95a0ec6f3,0,94220704,43.01515182749404,1741122218716355,Balanced Dollar,0.02221895,bnUSD,0,1,2025-03-04
cx2609b924e33ef00b648a409245c7ea394c467824,cx21e94c08c03daee80c25d8ee3ea22a20786ec231,hx4dc7903504bb800a462378348a42f53742759e0b,0x105b558602a892c340,0xa9285e78cc892eadf9115913333302a5a94cbdb18d983799426d279aed51083c,5,94220702,301.72921895580095,1741122214717305,Staked ICX,0.1199982,sICX,0,2,2025-03-04
cx2609b924e33ef00b648a409245c7ea394c467824,hx0000000000000000000000000000000000000000,cx21e94c08c03daee80c25d8ee3ea22a20786ec231,0x105b558602a892c340,0xa9285e78cc892eadf9115913333302a5a94cbdb18d983799426d279aed51083c,3,94220702,301.72921895580095,1741122214717305,Staked ICX,0.1199982,sICX,0,2,2025-03-04
cx88fd7df7ddff82f7cc735c871dc519838cb235bb,cx21e94c08c03daee80c25d8ee3ea22a20786ec231,hx4dc7903504bb800a462378348a42f53742759e0b,0x25540f77ea60c05a6,0xb09abf30a8ed50377a63be36ce401c6755832756205974962732d28c549b00de,9,94220702,43.036670162476206,1741122214717305,Balanced Dollar,0.1839503625,bnUSD,0,1,2025-03-04
cx88fd7df7ddff82f7cc735c871dc519838cb235bb,cxa0af3165c08318e988cb30993b3048335b94af6c,cx5faae53c4dbd1fbe4a2eb4aab6565030f10da5c6,0xe606296f8b60c0,0xb09abf30a8ed50377a63be36ce401c6755832756205974962732d28c549b00de,7,94220702,0.06474601967828192,1741122214717305,Balanced Dollar,0.1839503625,bnUSD,0,1,2025-03-04
cx88fd7df7ddff82f7cc735c871dc519838cb235bb,cxa0af3165c08318e988cb30993b3048335b94af6c,cx21e94c08c03daee80c25d8ee3ea22a20786ec231,0x25540f77ea60c05a6,0xb09abf30a8ed50377a63be36ce401c6755832756205974962732d28c549b00de,6,94220702,43.036670162476206,1741122214717305,Balanced Dollar,0.1839503625,bnUSD,0,1,2025-03-04
cx2609b924e33ef00b648a409245c7ea394c467824,cx21e94c08c03daee80c25d8ee3ea22a20786ec231,cxa0af3165c08318e988cb30993b3048335b94af6c,0x105b558602a892c340,0xb09abf30a8ed50377a63be36ce401c6755832756205974962732d28c549b00de,5,94220702,301.72921895580095,1741122214717305,Staked ICX,0.1839503625,sICX,0,1,2025-03-04
cx2609b924e33ef00b648a409245c7ea394c467824,hx0000000000000000000000000000000000000000,cx21e94c08c03daee80c25d8ee3ea22a20786ec231,0x105b558602a892c340,0xb09abf30a8ed50377a63be36ce401c6755832756205974962732d28c549b00de,3,94220702,301.72921895580095,1741122214717305,Staked ICX,0.1839503625,sICX,0,1,2025-03-04
cx88fd7df7ddff82f7cc735c871dc519838cb235bb,cx21e94c08c03daee80c25d8ee3ea22a20786ec231,hx1adc2b41608d81704d775ff143f43ab6efe0d792,0x1e362a836e4cc784,0xb2812193d2c3ae3740ea2b266e92a68c36bb81788a11764fa293e5999e998d53,10,94220700,2.1769742138598214,1741122210909334,Balanced Dollar,0.15566825,bnUSD,0,2,2025-03-04
cx88fd7df7ddff82f7cc735c871dc519838cb235bb,cxa0af3165c08318e988cb30993b3048335b94af6c,cx5faae53c4dbd1fbe4a2eb4aab6565030f10da5c6,0xba2d94bea37a4,0xb2812193d2c3ae3740ea2b266e92a68c36bb81788a11764fa293e5999e998d53,8,94220700,0.003275278909061028,1741122210909334,Balanced Dollar,0.15566825,bnUSD,0,2,2025-03-04
cx88fd7df7ddff82f7cc735c871dc519838cb235bb,cxa0af3165c08318e988cb30993b3048335b94af6c,cx21e94c08c03daee80c25d8ee3ea22a20786ec231,0x1e362a836e4cc784,0xb2812193d2c3ae3740ea2b266e92a68c36bb81788a11764fa293e5999e998d53,7,94220700,2.1769742138598214,1741122210909334,Balanced Dollar,0.15566825,bnUSD,0,2,2025-03-04
cx2609b924e33ef00b648a409245c7ea394c467824,cx21e94c08c03daee80c25d8ee3ea22a20786ec231,cxa0af3165c08318e988cb30993b3048335b94af6c,0xd3cd3e822354e3bc,0xb2812193d2c3ae3740ea2b266e92a68c36bb81788a11764fa293e5999e998d53,6,94220700,15.261923440887916,1741122210909334,Staked ICX,0.15566825,sICX,0,2,2025-03-04
cx2609b924e33ef00b648a409245c7ea394c467824,cxa0af3165c08318e988cb30993b3048335b94af6c,cx5faae53c4dbd1fbe4a2eb4aab6565030f10da5c6,0x519381421a71f9,0xb2812193d2c3ae3740ea2b266e92a68c36bb81788a11764fa293e5999e998d53,4,94220700,0.022961656482656762,1741122210909334,Staked ICX,0.15566825,sICX,0,2,2025-03-04
cx2609b924e33ef00b648a409245c7ea394c467824,cxa0af3165c08318e988cb30993b3048335b94af6c,cx21e94c08c03daee80c25d8ee3ea22a20786ec231,0xd3cd3e822354e3bc,0xb2812193d2c3ae3740ea2b266e92a68c36bb81788a11764fa293e5999e998d53,3,94220700,15.261923440887916,1741122210909334,Staked ICX,0.15566825,sICX,0,2,2025-03-04
cx3975b43d260fb8ec802cef6e60c2f4d07486f11d,cx21e94c08c03daee80c25d8ee3ea22a20786ec231,cxa0af3165c08318e988cb30993b3048335b94af6c,0x1158e460913d00000,0xb2812193d2c3ae3740ea2b266e92a68c36bb81788a11764fa293e5999e998d53,2,94220700,20.0,1741122210909334,Wrapped ICX,0.15566825,wICX,0,2,2025-03-04
cx3975b43d260fb8ec802cef6e60c2f4d07486f11d,hx1adc2b41608d81704d775ff143f43ab6efe0d792,cx21e94c08c03daee80c25d8ee3ea22a20786ec231,0x1158e460913d00000,0xb2812193d2c3ae3740ea2b266e92a68c36bb81788a11764fa293e5999e998d53,1,94220700,20.0,1741122210909334,Wrapped ICX,0.15566825,wICX,0,2,2025-03-04
cx3975b43d260fb8ec802cef6e60c2f4d07486f11d,hx0000000000000000000000000000000000000000,hx1adc2b41608d81704d775ff143f43ab6efe0d792,0x1158e460913d00000,0xb2812193d2c3ae3740ea2b266e92a68c36bb81788a11764fa293e5999e998d53,0,94220700,20.0,1741122210909334,Wrapped ICX,0.15566825,wICX,0,2,2025-03-04
cx88fd7df7ddff82f7cc735c871dc519838cb235bb,cxa0af3165c08318e988cb30993b3048335b94af6c,cx5faae53c4dbd1fbe4a2eb4aab6565030f10da5c6,0xeafaf725d4351b,0xebfe5306edf5bd6272f19b04282c49406ee3ea386bac08624c988fed90ee1285,2,94220679,0.06614108394882383,1741122168699517,Balanced Dollar,0.05694565,bnUSD,0,1,2025-03-04
cx88fd7df7ddff82f7cc735c871dc519838cb235bb,cxa0af3165c08318e988cb30993b3048335b94af6c,hxd75467e3e4ce64e3424c747dfb71503017440433,0x2623cd33d8812dd40,0xebfe5306edf5bd6272f19b04282c49406ee3ea386bac08624c988fed90ee1285,1,94220679,43.972253122968084,1741122168699517,Balanced Dollar,0.05694565,bnUSD,0,1,2025-03-04
cx4297f4b63262507623b6ad575d0d8dd2db980e4e,hxd75467e3e4ce64e3424c747dfb71503017440433,cxa0af3165c08318e988cb30993b3048335b94af6c,0x3782dace9d900000,0xebfe5306edf5bd6272f19b04282c49406ee3ea386bac08624c988fed90ee1285,0,94220679,4.0,1741122168699517,Injective,0.05694565,INJ,0,1,2025-03-04
cx88fd7df7ddff82f7cc735c871dc519838cb235bb,cxa0af3165c08318e988cb30993b3048335b94af6c,cx5faae53c4dbd1fbe4a2eb4aab6565030f10da5c6,0xeb17a04403f64c,0x63ffcb4299ef433050ed4bcb40584e7ae1d84b8738616a0ee047d316daac8ce0,2,94220661,0.06617259663032071,1741122132743181,Balanced Dollar,0.05694565,bnUSD,0,1,2025-03-04
cx88fd7df7ddff82f7cc735c871dc519838cb235bb,cxa0af3165c08318e988cb30993b3048335b94af6c,hxd75467e3e4ce64e3424c747dfb71503017440433,0x2628743cfc02908c5,0x63ffcb4299ef433050ed4bcb40584e7ae1d84b8738616a0ee047d316daac8ce0,1,94220661,43.99320604455318,1741122132743181,Balanced Dollar,0.05694565,bnUSD,0,1,2025-03-04
cx4297f4b63262507623b6ad575d0d8dd2db980e4e,hxd75467e3e4ce64e3424c747dfb71503017440433,cxa0af3165c08318e988cb30993b3048335b94af6c,0x3782dace9d900000,0x63ffcb4299ef433050ed4bcb40584e7ae1d84b8738616a0ee047d316daac8ce0,0,94220661,4.0,1741122132743181,Injective,0.05694565,INJ,0,1,2025-03-04
cx88fd7df7ddff82f7cc735c871dc519838cb235bb,cxa0af3165c08318e988cb30993b3048335b94af6c,cx5faae53c4dbd1fbe4a2eb4aab6565030f10da5c6,0xeb344ea139382e,0xf8e10567212a9b3392d186b957d2440c0850586840b529219396de654e87e26c,2,94220655,0.06620413184397932,1741122120683503,Balanced Dollar,0.05694565,bnUSD,0,1,2025-03-04
cx88fd7df7ddff82f7cc735c871dc519838cb235bb,cxa0af3165c08318e988cb30993b3048335b94af6c,hxd75467e3e4ce64e3424c747dfb71503017440433,0x262d1c20297c51c57,0xf8e10567212a9b3392d186b957d2440c0850586840b529219396de654e87e26c,1,94220655,44.01417394966057,1741122120683503,Balanced Dollar,0.05694565,bnUSD,0,1,2025-03-04
cx4297f4b63262507623b6ad575d0d8dd2db980e4e,hxd75467e3e4ce64e3424c747dfb71503017440433,cxa0af3165c08318e988cb30993b3048335b94af6c,0x3782dace9d900000,0xf8e10567212a9b3392d186b957d2440c0850586840b529219396de654e87e26c,0,94220655,4.0,1741122120683503,Injective,0.05694565,INJ,0,1,2025-03-04
cx88fd7df7ddff82f7cc735c871dc519838cb235bb,cx21e94c08c03daee80c25d8ee3ea22a20786ec231,hx2debd9ec927cca1639da8d3518dd9dbf1cdfb357,0x19778e85f20ceed12e,0x061d78b276ba2f5c5057b96f0b1b953e001fa9d7006faa4e1f30c19ed692a844,5,94220646,469.7835722545907,1741122102822620,Balanced Dollar,0.088511425,bnUSD,0,1,2025-03-04
cx88fd7df7ddff82f7cc735c871dc519838cb235bb,cxa0af3165c08318e988cb30993b3048335b94af6c,cx5faae53c4dbd1fbe4a2eb4aab6565030f10da5c6,0x9cc684c4f0af72b,0x061d78b276ba2f5c5057b96f0b1b953e001fa9d7006faa4e1f30c19ed692a844,3,94220646,0.7060539185432472,1741122102822620,Balanced Dollar,0.088511425,bnUSD,0,1,2025-03-04
cx88fd7df7ddff82f7cc735c871dc519838cb235bb,cxa0af3165c08318e988cb30993b3048335b94af6c,cx21e94c08c03daee80c25d8ee3ea22a20786ec231,0x19778e85f20ceed12e,0x061d78b276ba2f5c5057b96f0b1b953e001fa9d7006faa4e1f30c19ed692a844,2,94220646,469.7835722545907,1741122102822620,Balanced Dollar,0.088511425,bnUSD,0,1,2025-03-04
cx288d13e1b63563459a2ac6179f237711f6851cb5,cx21e94c08c03daee80c25d8ee3ea22a20786ec231,cxa0af3165c08318e988cb30993b3048335b94af6c,0x30d98d59a960000,0x061d78b276ba2f5c5057b96f0b1b953e001fa9d7006faa4e1f30c19ed692a844,1,94220646,0.22,1741122102822620,Ethereum,0.088511425,ETH,0,1,2025-03-04
cx288d13e1b63563459a2ac6179f237711f6851cb5,hx2debd9ec927cca1639da8d3518dd9dbf1cdfb357,cx21e94c08c03daee80c25d8ee3ea22a20786ec231,0x30d98d59a960000,0x061d78b276ba2f5c5057b96f0b1b953e001fa9d7006faa4e1f30c19ed692a844,0,94220646,0.22,1741122102822620,Ethereum,0.088511425,ETH,0,1,2025-03-04
cx88fd7df7ddff82f7cc735c871dc519838cb235bb,cxa0af3165c08318e988cb30993b3048335b94af6c,cx5faae53c4dbd1fbe4a2eb4aab6565030f10da5c6,0xeb51023ebbe050,0xad8dd0ee9935d0c74b936e0555e83abc9a9e00aafae8b94e46d6d3a073b98ee6,2,94220643,0.06623568961128866,1741122096678152,Balanced Dollar,0.05694565,bnUSD,0,1,2025-03-04
cx88fd7df7ddff82f7cc735c871dc519838cb235bb,cxa0af3165c08318e988cb30993b3048335b94af6c,hxd75467e3e4ce64e3424c747dfb71503017440433,0x2631c4dd962bf1daa,0xad8dd0ee9935d0c74b936e0555e83abc9a9e00aafae8b94e46d6d3a073b98ee6,1,94220643,44.0351568525818,1741122096678152,Balanced Dollar,0.05694565,bnUSD,0,1,2025-03-04
cx4297f4b63262507623b6ad575d0d8dd2db980e4e,hxd75467e3e4ce64e3424c747dfb71503017440433,cxa0af3165c08318e988cb30993b3048335b94af6c,0x3782dace9d900000,0xad8dd0ee9935d0c74b936e0555e83abc9a9e00aafae8b94e46d6d3a073b98ee6,0,94220643,4.0,1741122096678152,Injective,0.05694565,INJ,0,1,2025-03-04
cx22319ac7f412f53eabe3c9827acf5e27e9c6a95f,cx21e94c08c03daee80c25d8ee3ea22a20786ec231,hx0000000000000000000000000000000000000000,0x151a90a40,0x43674e85866e4f13aeef5c1358c906f6bb41e0706a10e292c7667acbdae8534e,7,94220612,5665.0,1741122034802475,USDC,0.1045489875,USDC,0,1,2025-03-04
cx22319ac7f412f53eabe3c9827acf5e27e9c6a95f,cxa09dbb60dcb62fffbd232b6eae132d730a2aafa6,cx21e94c08c03daee80c25d8ee3ea22a20786ec231,0x151a90a40,0x43674e85866e4f13aeef5c1358c906f6bb41e0706a10e292c7667acbdae8534e,4,94220612,5665.0,1741122034802475,USDC,0.1045489875,USDC,0,1,2025-03-04
cx88fd7df7ddff82f7cc735c871dc519838cb235bb,cxa09dbb60dcb62fffbd232b6eae132d730a2aafa6,cx5faae53c4dbd1fbe4a2eb4aab6565030f10da5c6,0xec900c9308dcbcfb,0x43674e85866e4f13aeef5c1358c906f6bb41e0706a10e292c7667acbdae8534e,3,94220612,17.046138415245736,1741122034802475,Balanced Dollar,0.1045489875,bnUSD,0,1,2025-03-04
cx88fd7df7ddff82f7cc735c871dc519838cb235bb,cxa09dbb60dcb62fffbd232b6eae132d730a2aafa6,hx0000000000000000000000000000000000000000,0x13319aafd8b2be40000,0x43674e85866e4f13aeef5c1358c906f6bb41e0706a10e292c7667acbdae8534e,2,94220612,5665.0,1741122034802475,Balanced Dollar,0.1045489875,bnUSD,0,1,2025-03-04
cx88fd7df7ddff82f7cc735c871dc519838cb235bb,cx21e94c08c03daee80c25d8ee3ea22a20786ec231,cxa09dbb60dcb62fffbd232b6eae132d730a2aafa6,0x134063b0a1e34c0bcfb,0x43674e85866e4f13aeef5c1358c906f6bb41e0706a10e292c7667acbdae8534e,1,94220612,5682.046138415246,1741122034802475,Balanced Dollar,0.1045489875,bnUSD,0,1,2025-03-04
cx88fd7df7ddff82f7cc735c871dc519838cb235bb,hxc0a2c4b422657ff499640f07606b1516e9935b9b,cx21e94c08c03daee80c25d8ee3ea22a20786ec231,0x134063b0a1e34c0bcfb,0x43674e85866e4f13aeef5c1358c906f6bb41e0706a10e292c7667acbdae8534e,0,94220612,5682.046138415246,1741122034802475,Balanced Dollar,0.1045489875,bnUSD,0,1,2025-03-04
cx88fd7df7ddff82f7cc735c871dc519838cb235bb,cxa0af3165c08318e988cb30993b3048335b94af6c,cx5faae53c4dbd1fbe4a2eb4aab6565030f10da5c6,0xeb6dbb1dd4385a,0x44b34dd063ed9d15805c1bc2155ff77690048371e84abc79edad324a6245d2d6,2,94220608,0.06626726995376342,1741122026655142,Balanced Dollar,0.0569443375,bnUSD,0,1,2025-03-04
cx88fd7df7ddff82f7cc735c871dc519838cb235bb,cxa0af3165c08318e988cb30993b3048335b94af6c,hxd75467e3e4ce64e3424c747dfb71503017440433,0x26366e75775f327b7,0x44b34dd063ed9d15805c1bc2155ff77690048371e84abc79edad324a6245d2d6,1,94220608,44.05615476762549,1741122026655142,Balanced Dollar,0.0569443375,bnUSD,0,1,2025-03-04
cx4297f4b63262507623b6ad575d0d8dd2db980e4e,hxd75467e3e4ce64e3424c747dfb71503017440433,cxa0af3165c08318e988cb30993b3048335b94af6c,0x3782dace9d900000,0x44b34dd063ed9d15805c1bc2155ff77690048371e84abc79edad324a6245d2d6,0,94220608,4.0,1741122026655142,Injective,0.0569443375,INJ,0,1,2025-03-04
cx88fd7df7ddff82f7cc735c871dc519838cb235bb,cxa0af3165c08318e988cb30993b3048335b94af6c,cx5faae53c4dbd1fbe4a2eb4aab6565030f10da5c6,0x29b10fad205e24b,0x99ec0b53adee4f14709c3daa78627b4383106cc1121ad84c58ca136952f86ea9,2,94220586,0.18776247891747694,1741121982695485,Balanced Dollar,0.0473865625,bnUSD,0,1,2025-03-04
cx88fd7df7ddff82f7cc735c871dc519838cb235bb,cxa0af3165c08318e988cb30993b3048335b94af6c,hxd75467e3e4ce64e3424c747dfb71503017440433,0x6c4e1696902524155,0x99ec0b53adee4f14709c3daa78627b4383106cc1121ad84c58ca136952f86ea9,1,94220586,124.86720064318251,1741121982695485,Balanced Dollar,0.0473865625,bnUSD,0,1,2025-03-04
cx508002ec116fbf3ab406329c0df28e70d7e75fb3,hxd75467e3e4ce64e3424c747dfb71503017440433,cxa0af3165c08318e988cb30993b3048335b94af6c,0xba43b7400,0x99ec0b53adee4f14709c3daa78627b4383106cc1121ad84c58ca136952f86ea9,0,94220586,50.0,1741121982695485,Sui,0.0473865625,SUI,0,1,2025-03-04
cxf61cd5a45dc9f91c15aa65831a30a90d59a09619,cx9345f80d6c98357ccbb70392b14162199c2c5f66,cxd82fb5d3effecd8c9071a4bba3856ad7222c4b91,0x237806e35c0d59d,0x5fb4b80608fb18d3137ebe5a0cd2904508a8cd5afbeff56a6bcff15f32295049,4,94220583,0.15973752263152988,1741121976630860,Balance Token,0.1304058625,BALN,0,1,2025-03-04
cx2609b924e33ef00b648a409245c7ea394c467824,cx9345f80d6c98357ccbb70392b14162199c2c5f66,cxd82fb5d3effecd8c9071a4bba3856ad7222c4b91,0x26dc883ecd27d8b3,0x5fb4b80608fb18d3137ebe5a0cd2904508a8cd5afbeff56a6bcff15f32295049,3,94220583,2.8002628716288966,1741121976630860,Staked ICX,0.1304058625,sICX,0,1,2025-03-04
cx88fd7df7ddff82f7cc735c871dc519838cb235bb,hx0000000000000000000000000000000000000000,cx5faae53c4dbd1fbe4a2eb4aab6565030f10da5c6,0x0,0x5fb4b80608fb18d3137ebe5a0cd2904508a8cd5afbeff56a6bcff15f32295049,2,94220583,0.0,1741121976630860,Balanced Dollar,0.1304058625,bnUSD,0,1,2025-03-04
cx88fd7df7ddff82f7cc735c871dc519838cb235bb,hx0000000000000000000000000000000000000000,cxd82fb5d3effecd8c9071a4bba3856ad7222c4b91,0x62f864bc2495fe1,0x5fb4b80608fb18d3137ebe5a0cd2904508a8cd5afbeff56a6bcff15f32295049,1,94220583,0.4457225480732262,1741121976630860,Balanced Dollar,0.1304058625,bnUSD,0,1,2025-03-04
cx88fd7df7ddff82f7cc735c871dc519838cb235bb,hx129abdef5c78eb7d7146df572fb96946cf7727b6,cxd82fb5d3effecd8c9071a4bba3856ad7222c4b91,0x5802a3febe9feefd,0x5fb4b80608fb18d3137ebe5a0cd2904508a8cd5afbeff56a6bcff15f32295049,0,94220583,6.341811539806253,1741121976630860,Balanced Dollar,0.1304058625,bnUSD,0,1,2025-03-04
cx88fd7df7ddff82f7cc735c871dc519838cb235bb,cxa0af3165c08318e988cb30993b3048335b94af6c,cx5faae53c4dbd1fbe4a2eb4aab6565030f10da5c6,0xeb8a793fcaee31,0x32581a5bb278ff0899e23b6727c020a7249bd582caf159bee9e1af8d0f568cdf,2,94220580,0.06629887289294392,1741121970634600,Balanced Dollar,0.0569443375,bnUSD,0,1,2025-03-04
cx88fd7df7ddff82f7cc735c871dc519838cb235bb,cxa0af3165c08318e988cb30993b3048335b94af6c,hxd75467e3e4ce64e3424c747dfb71503017440433,0x263b18e802741ca0b,0x32581a5bb278ff0899e23b6727c020a7249bd582caf159bee9e1af8d0f568cdf,1,94220580,44.07716770911733,1741121970634600,Balanced Dollar,0.0569443375,bnUSD,0,1,2025-03-04
cx4297f4b63262507623b6ad575d0d8dd2db980e4e,hxd75467e3e4ce64e3424c747dfb71503017440433,cxa0af3165c08318e988cb30993b3048335b94af6c,0x3782dace9d900000,0x32581a5bb278ff0899e23b6727c020a7249bd582caf159bee9e1af8d0f568cdf,0,94220580,4.0,1741121970634600,Injective,0.0569443375,INJ,0,1,2025-03-04
cx88fd7df7ddff82f7cc735c871dc519838cb235bb,cxa0af3165c08318e988cb30993b3048335b94af6c,cx5faae53c4dbd1fbe4a2eb4aab6565030f10da5c6,0xeba73ca5e91421,0x91f2d4ef8ce7a4e7151aefcd8e1ed612c94645017bb31cfdbdac58b343189e13,2,94220565,0.0663304984503962,1741121940676424,Balanced Dollar,0.0569443375,bnUSD,0,2,2025-03-04
cx88fd7df7ddff82f7cc735c871dc519838cb235bb,cxa0af3165c08318e988cb30993b3048335b94af6c,hxd75467e3e4ce64e3424c747dfb71503017440433,0x263fc4356cd906848,0x91f2d4ef8ce7a4e7151aefcd8e1ed612c94645017bb31cfdbdac58b343189e13,1,94220565,44.09819569140009,1741121940676424,Balanced Dollar,0.0569443375,bnUSD,0,2,2025-03-04
cx4297f4b63262507623b6ad575d0d8dd2db980e4e,hxd75467e3e4ce64e3424c747dfb71503017440433,cxa0af3165c08318e988cb30993b3048335b94af6c,0x3782dace9d900000,0x91f2d4ef8ce7a4e7151aefcd8e1ed612c94645017bb31cfdbdac58b343189e13,0,94220565,4.0,1741121940676424,Injective,0.0569443375,INJ,0,2,2025-03-04
cx88fd7df7ddff82f7cc735c871dc519838cb235bb,cx21e94c08c03daee80c25d8ee3ea22a20786ec231,hx129abdef5c78eb7d7146df572fb96946cf7727b6,0xff737a268608f16,0x9de61a593d6df664b7360532401d4d8f5328918471ea5b284e4ed1cd2e655fef,17,94220565,1.1504494004918393,1741121940676424,Balanced Dollar,0.35453385,bnUSD,0,1,2025-03-04
cx88fd7df7ddff82f7cc735c871dc519838cb235bb,cxa0af3165c08318e988cb30993b3048335b94af6c,cx5faae53c4dbd1fbe4a2eb4aab6565030f10da5c6,0x6263645240aba,0x9de61a593d6df664b7360532401d4d8f5328918471ea5b284e4ed1cd2e655fef,15,94220565,0.001730864390343354,1741121940676424,Balanced Dollar,0.35453385,bnUSD,0,1,2025-03-04
cx88fd7df7ddff82f7cc735c871dc519838cb235bb,cxa0af3165c08318e988cb30993b3048335b94af6c,cx21e94c08c03daee80c25d8ee3ea22a20786ec231,0xff737a268608f16,0x9de61a593d6df664b7360532401d4d8f5328918471ea5b284e4ed1cd2e655fef,14,94220565,1.1504494004918393,1741121940676424,Balanced Dollar,0.35453385,bnUSD,0,1,2025-03-04
cx2609b924e33ef00b648a409245c7ea394c467824,cx21e94c08c03daee80c25d8ee3ea22a20786ec231,cxa0af3165c08318e988cb30993b3048335b94af6c,0x6fedc9b329002409,0x9de61a593d6df664b7360532401d4d8f5328918471ea5b284e4ed1cd2e655fef,13,94220565,8.06532427901463,1741121940676424,Staked ICX,0.35453385,sICX,0,1,2025-03-04
cx2609b924e33ef00b648a409245c7ea394c467824,cx203d9cd2a669be67177e997b8948ce2c35caffae,cx835b300dcfe01f0bdb794e134a0c5628384f4367,0xcb9e2a80883aafc,0x9de61a593d6df664b7360532401d4d8f5328918471ea5b284e4ed1cd2e655fef,10,94220565,0.9170132104718364,1741121940676424,Staked ICX,0.35453385,sICX,0,1,2025-03-04
cx2609b924e33ef00b648a409245c7ea394c467824,cx5faae53c4dbd1fbe4a2eb4aab6565030f10da5c6,cx203d9cd2a669be67177e997b8948ce2c35caffae,0x122e1f3930bc18d6,0x9de61a593d6df664b7360532401d4d8f5328918471ea5b284e4ed1cd2e655fef,7,94220565,1.3100188721026234,1741121940676424,Staked ICX,0.35453385,sICX,0,1,2025-03-04
cx2609b924e33ef00b648a409245c7ea394c467824,cx5faae53c4dbd1fbe4a2eb4aab6565030f10da5c6,cxdc30a0d3a1f131565c071272a20bc0b06fd4c17b,0x122e1f3930bc18d5,0x9de61a593d6df664b7360532401d4d8f5328918471ea5b284e4ed1cd2e655fef,5,94220565,1.3100188721026234,1741121940676424,Staked ICX,0.35453385,sICX,0,1,2025-03-04
cx2609b924e33ef00b648a409245c7ea394c467824,cxa0af3165c08318e988cb30993b3048335b94af6c,cx5faae53c4dbd1fbe4a2eb4aab6565030f10da5c6,0x2b1c22537664b6,0x9de61a593d6df664b7360532401d4d8f5328918471ea5b284e4ed1cd2e655fef,4,94220565,0.012134357753291958,1741121940676424,Staked ICX,0.35453385,sICX,0,1,2025-03-04
cx2609b924e33ef00b648a409245c7ea394c467824,cxa0af3165c08318e988cb30993b3048335b94af6c,cx21e94c08c03daee80c25d8ee3ea22a20786ec231,0x6fedc9b329002409,0x9de61a593d6df664b7360532401d4d8f5328918471ea5b284e4ed1cd2e655fef,3,94220565,8.06532427901463,1741121940676424,Staked ICX,0.35453385,sICX,0,1,2025-03-04
cx3975b43d260fb8ec802cef6e60c2f4d07486f11d,cx21e94c08c03daee80c25d8ee3ea22a20786ec231,cxa0af3165c08318e988cb30993b3048335b94af6c,0x92ad185cd56d2466,0x9de61a593d6df664b7360532401d4d8f5328918471ea5b284e4ed1cd2e655fef,2,94220565,10.56913068750518,1741121940676424,Wrapped ICX,0.35453385,wICX,0,1,2025-03-04
cx3975b43d260fb8ec802cef6e60c2f4d07486f11d,hx129abdef5c78eb7d7146df572fb96946cf7727b6,cx21e94c08c03daee80c25d8ee3ea22a20786ec231,0x92ad185cd56d2466,0x9de61a593d6df664b7360532401d4d8f5328918471ea5b284e4ed1cd2e655fef,1,94220565,10.56913068750518,1741121940676424,Wrapped ICX,0.35453385,wICX,0,1,2025-03-04
cx3975b43d260fb8ec802cef6e60c2f4d07486f11d,hx0000000000000000000000000000000000000000,hx129abdef5c78eb7d7146df572fb96946cf7727b6,0x92ad185cd56d2466,0x9de61a593d6df664b7360532401d4d8f5328918471ea5b284e4ed1cd2e655fef,0,94220565,10.56913068750518,1741121940676424,Wrapped ICX,0.35453385,wICX,0,1,2025-03-04
cx88fd7df7ddff82f7cc735c871dc519838cb235bb,cxa0af3165c08318e988cb30993b3048335b94af6c,cx5faae53c4dbd1fbe4a2eb4aab6565030f10da5c6,0x1aa8e35043c1478,0x3e4b74202cb490cf97a99b54ca13ceb70e674795d38e0a7f575ed5be57304fd1,2,94220561,0.1200646984341966,1741121932673239,Balanced Dollar,0.056911275,bnUSD,0,1,2025-03-04
cx88fd7df7ddff82f7cc735c871dc519838cb235bb,cxa0af3165c08318e988cb30993b3048335b94af6c,hxd75467e3e4ce64e3424c747dfb71503017440433,0x453da506f490fd243,0x3e4b74202cb490cf97a99b54ca13ceb70e674795d38e0a7f575ed5be57304fd1,1,94220561,79.82920658380651,1741121932673239,Balanced Dollar,0.056911275,bnUSD,0,1,2025-03-04
cx66a031cc3bd305c76371fb586e93801b948254f0,hxd75467e3e4ce64e3424c747dfb71503017440433,cxa0af3165c08318e988cb30993b3048335b94af6c,0x3782dace9d900000,0x3e4b74202cb490cf97a99b54ca13ceb70e674795d38e0a7f575ed5be57304fd1,0,94220561,4.0,1741121932673239,Avalanche,0.056911275,AVAX,0,1,2025-03-04
cx88fd7df7ddff82f7cc735c871dc519838cb235bb,cxa0af3165c08318e988cb30993b3048335b94af6c,cx5faae53c4dbd1fbe4a2eb4aab6565030f10da5c6,0x29bca4615732cab,0x768781fa166eddf46106102c64750a6960fdec292b625f5dcf63897ecc0f6b77,2,94220557,0.18796621182239864,1741121924762262,Balanced Dollar,0.04738925,bnUSD,0,1,2025-03-04
cx88fd7df7ddff82f7cc735c871dc519838cb235bb,cxa0af3165c08318e988cb30993b3048335b94af6c,hxd75467e3e4ce64e3424c747dfb71503017440433,0x6c6c2e47f7fcc1640,0x768781fa166eddf46106102c64750a6960fdec292b625f5dcf63897ecc0f6b77,1,94220557,125.00272544350497,1741121924762262,Balanced Dollar,0.04738925,bnUSD,0,1,2025-03-04
cx508002ec116fbf3ab406329c0df28e70d7e75fb3,hxd75467e3e4ce64e3424c747dfb71503017440433,cxa0af3165c08318e988cb30993b3048335b94af6c,0xba43b7400,0x768781fa166eddf46106102c64750a6960fdec292b625f5dcf63897ecc0f6b77,0,94220557,50.0,1741121924762262,Sui,0.04738925,SUI,0,1,2025-03-04
cx88fd7df7ddff82f7cc735c871dc519838cb235bb,cx21e94c08c03daee80c25d8ee3ea22a20786ec231,hx2debd9ec927cca1639da8d3518dd9dbf1cdfb357,0x179fc66e7551884fcc,0x5a632de5769cabcb41c5ed2afbf934da6502ac17131af44aa19e78648d686ddd,5,94220556,435.78812464289706,1741121922610630,Balanced Dollar,0.0883524875,bnUSD,0,1,2025-03-04
cx88fd7df7ddff82f7cc735c871dc519838cb235bb,cxa0af3165c08318e988cb30993b3048335b94af6c,cx5faae53c4dbd1fbe4a2eb4aab6565030f10da5c6,0x91789d47d1a4348,0x5a632de5769cabcb41c5ed2afbf934da6502ac17131af44aa19e78648d686ddd,3,94220556,0.6551438165306417,1741121922610630,Balanced Dollar,0.0883524875,bnUSD,0,1,2025-03-04
cx88fd7df7ddff82f7cc735c871dc519838cb235bb,cxa0af3165c08318e988cb30993b3048335b94af6c,cx21e94c08c03daee80c25d8ee3ea22a20786ec231,0x179fc66e7551884fcc,0x5a632de5769cabcb41c5ed2afbf934da6502ac17131af44aa19e78648d686ddd,2,94220556,435.78812464289706,1741121922610630,Balanced Dollar,0.0883524875,bnUSD,0,1,2025-03-04
cx07b184a37f03c6ab681fcbd0b45aec6dc3eafbeb,cx21e94c08c03daee80c25d8ee3ea22a20786ec231,cxa0af3165c08318e988cb30993b3048335b94af6c,0x11c37937e08000,0x5a632de5769cabcb41c5ed2afbf934da6502ac17131af44aa19e78648d686ddd,1,94220556,0.005,1741121922610630,Bitcoin,0.0883524875,BTC,0,1,2025-03-04
cx07b184a37f03c6ab681fcbd0b45aec6dc3eafbeb,hx2debd9ec927cca1639da8d3518dd9dbf1cdfb357,cx21e94c08c03daee80c25d8ee3ea22a20786ec231,0x11c37937e08000,0x5a632de5769cabcb41c5ed2afbf934da6502ac17131af44aa19e78648d686ddd,0,94220556,0.005,1741121922610630,Bitcoin,0.0883524875,BTC,0,1,2025-03-04
cx88fd7df7ddff82f7cc735c871dc519838cb235bb,cx21e94c08c03daee80c25d8ee3ea22a20786ec231,hx129abdef5c78eb7d7146df572fb96946cf7727b6,0x2a480d8b29f30107,0xdf0e73dd954a82e19e7399b3009ed431438da59687c0deb2068dde7c3a8a44d1,5,94220554,3.0467000392715473,1741121918610798,Balanced Dollar,0.1103145875,bnUSD,0,2,2025-03-04
cx88fd7df7ddff82f7cc735c871dc519838cb235bb,cxa0af3165c08318e988cb30993b3048335b94af6c,cx5faae53c4dbd1fbe4a2eb4aab6565030f10da5c6,0x1048edac1802a3,0xdf0e73dd954a82e19e7399b3009ed431438da59687c0deb2068dde7c3a8a44d1,3,94220554,0.004583785259074211,1741121918610798,Balanced Dollar,0.1103145875,bnUSD,0,2,2025-03-04
cx88fd7df7ddff82f7cc735c871dc519838cb235bb,cxa0af3165c08318e988cb30993b3048335b94af6c,cx21e94c08c03daee80c25d8ee3ea22a20786ec231,0x2a480d8b29f30107,0xdf0e73dd954a82e19e7399b3009ed431438da59687c0deb2068dde7c3a8a44d1,2,94220554,3.0467000392715473,1741121918610798,Balanced Dollar,0.1103145875,bnUSD,0,2,2025-03-04
cx2609b924e33ef00b648a409245c7ea394c467824,cx21e94c08c03daee80c25d8ee3ea22a20786ec231,cxa0af3165c08318e988cb30993b3048335b94af6c,0x1286a951828708d90,0xdf0e73dd954a82e19e7399b3009ed431438da59687c0deb2068dde7c3a8a44d1,1,94220554,21.359048113748216,1741121918610798,Staked ICX,0.1103145875,sICX,0,2,2025-03-04
cx2609b924e33ef00b648a409245c7ea394c467824,hx129abdef5c78eb7d7146df572fb96946cf7727b6,cx21e94c08c03daee80c25d8ee3ea22a20786ec231,0x1286a951828708d90,0xdf0e73dd954a82e19e7399b3009ed431438da59687c0deb2068dde7c3a8a44d1,0,94220554,21.359048113748216,1741121918610798,Staked ICX,0.1103145875,sICX,0,2,2025-03-04
cx88fd7df7ddff82f7cc735c871dc519838cb235bb,cxd82fb5d3effecd8c9071a4bba3856ad7222c4b91,hxc0a2c4b422657ff499640f07606b1516e9935b9b,0x1365b074677d2485f0e,0x6e2670f3243e4fbba23eeb703fb62a0c4de2a888d19b23be6b5c1053b2dd9142,0,94220551,5725.049951712693,1741121912619655,Balanced Dollar,0.0207228125,bnUSD,0,2,2025-03-04
cx88fd7df7ddff82f7cc735c871dc519838cb235bb,cxa0af3165c08318e988cb30993b3048335b94af6c,cx5faae53c4dbd1fbe4a2eb4aab6565030f10da5c6,0xebc405517820f9,0x0434018a802e9cabccb4c99630b278ecd17877b9a0909970ae2fa07b0e06133e,2,94220547,0.06636214664771199,1741121904780873,Balanced Dollar,0.056943025,bnUSD,0,1,2025-03-04
cx88fd7df7ddff82f7cc735c871dc519838cb235bb,cxa0af3165c08318e988cb30993b3048335b94af6c,hxd75467e3e4ce64e3424c747dfb71503017440433,0x2644705dec0c999c1,0x0434018a802e9cabccb4c99630b278ecd17877b9a0909970ae2fa07b0e06133e,1,94220547,44.11923872883367,1741121904780873,Balanced Dollar,0.056943025,bnUSD,0,1,2025-03-04
cx4297f4b63262507623b6ad575d0d8dd2db980e4e,hxd75467e3e4ce64e3424c747dfb71503017440433,cxa0af3165c08318e988cb30993b3048335b94af6c,0x3782dace9d900000,0x0434018a802e9cabccb4c99630b278ecd17877b9a0909970ae2fa07b0e06133e,0,94220547,4.0,1741121904780873,Injective,0.056943025,INJ,0,1,2025-03-04
cx88fd7df7ddff82f7cc735c871dc519838cb235bb,cx21e94c08c03daee80c25d8ee3ea22a20786ec231,hx2debd9ec927cca1639da8d3518dd9dbf1cdfb357,0x198542b82f6222e6e2,0xb499369c253a666187a5a1f0ab767768edfaffbb0e8ce9e1ca9cf44f5bf7010b,5,94220545,470.7710417118955,1741121900749616,Balanced Dollar,0.0885101125,bnUSD,0,1,2025-03-04
cx88fd7df7ddff82f7cc735c871dc519838cb235bb,cxa0af3165c08318e988cb30993b3048335b94af6c,cx5faae53c4dbd1fbe4a2eb4aab6565030f10da5c6,0x9d1ad5ed9c2b455,0xb499369c253a666187a5a1f0ab767768edfaffbb0e8ce9e1ca9cf44f5bf7010b,3,94220545,0.7075372393658256,1741121900749616,Balanced Dollar,0.0885101125,bnUSD,0,1,2025-03-04
cx88fd7df7ddff82f7cc735c871dc519838cb235bb,cxa0af3165c08318e988cb30993b3048335b94af6c,cx21e94c08c03daee80c25d8ee3ea22a20786ec231,0x198542b82f6222e6e2,0xb499369c253a666187a5a1f0ab767768edfaffbb0e8ce9e1ca9cf44f5bf7010b,2,94220545,470.7710417118955,1741121900749616,Balanced Dollar,0.0885101125,bnUSD,0,1,2025-03-04
cx288d13e1b63563459a2ac6179f237711f6851cb5,cx21e94c08c03daee80c25d8ee3ea22a20786ec231,cxa0af3165c08318e988cb30993b3048335b94af6c,0x30d98d59a960000,0xb499369c253a666187a5a1f0ab767768edfaffbb0e8ce9e1ca9cf44f5bf7010b,1,94220545,0.22,1741121900749616,Ethereum,0.0885101125,ETH,0,1,2025-03-04
cx288d13e1b63563459a2ac6179f237711f6851cb5,hx2debd9ec927cca1639da8d3518dd9dbf1cdfb357,cx21e94c08c03daee80c25d8ee3ea22a20786ec231,0x30d98d59a960000,0xb499369c253a666187a5a1f0ab767768edfaffbb0e8ce9e1ca9cf44f5bf7010b,0,94220545,0.22,1741121900749616,Ethereum,0.0885101125,ETH,0,1,2025-03-04
cx88fd7df7ddff82f7cc735c871dc519838cb235bb,cxa0af3165c08318e988cb30993b3048335b94af6c,cx5faae53c4dbd1fbe4a2eb4aab6565030f10da5c6,0x1aad5e067394011,0xbbe4b7d221f7635026b92ea75248605486f857014eca1cb1931e0388fa31b39a,2,94220539,0.12014349985993525,1741121888778104,Balanced Dollar,0.0569099625,bnUSD,0,1,2025-03-04
cx88fd7df7ddff82f7cc735c871dc519838cb235bb,cxa0af3165c08318e988cb30993b3048335b94af6c,hxd75467e3e4ce64e3424c747dfb71503017440433,0x454947c39273bc8fe,0xbbe4b7d221f7635026b92ea75248605486f857014eca1cb1931e0388fa31b39a,1,94220539,79.88160907549054,1741121888778104,Balanced Dollar,0.0569099625,bnUSD,0,1,2025-03-04
cx66a031cc3bd305c76371fb586e93801b948254f0,hxd75467e3e4ce64e3424c747dfb71503017440433,cxa0af3165c08318e988cb30993b3048335b94af6c,0x3782dace9d900000,0xbbe4b7d221f7635026b92ea75248605486f857014eca1cb1931e0388fa31b39a,0,94220539,4.0,1741121888778104,Avalanche,0.0569099625,AVAX,0,1,2025-03-04
cx88fd7df7ddff82f7cc735c871dc519838cb235bb,cx21e94c08c03daee80c25d8ee3ea22a20786ec231,hx2debd9ec927cca1639da8d3518dd9dbf1cdfb357,0x15b1d99fc0f8ee250a,0x1362d156fb45a8c82401d6d3f0029a47bc1a859a8962beaf42f11a520143e19d,5,94220537,400.19707541371895,1741121884754989,Balanced Dollar,0.0883172375,bnUSD,0,1,2025-03-04
cx88fd7df7ddff82f7cc735c871dc519838cb235bb,cxa0af3165c08318e988cb30993b3048335b94af6c,cx5faae53c4dbd1fbe4a2eb4aab6565030f10da5c6,0x857952923fc5d75,0x1362d156fb45a8c82401d6d3f0029a47bc1a859a8962beaf42f11a520143e19d,3,94220537,0.6011130792071899,1741121884754989,Balanced Dollar,0.0883172375,bnUSD,0,1,2025-03-04
cx88fd7df7ddff82f7cc735c871dc519838cb235bb,cxa0af3165c08318e988cb30993b3048335b94af6c,cx21e94c08c03daee80c25d8ee3ea22a20786ec231,0x15b1d99fc0f8ee250a,0x1362d156fb45a8c82401d6d3f0029a47bc1a859a8962beaf42f11a520143e19d,2,94220537,400.19707541371895,1741121884754989,Balanced Dollar,0.0883172375,bnUSD,0,1,2025-03-04
cx66a031cc3bd305c76371fb586e93801b948254f0,cx21e94c08c03daee80c25d8ee3ea22a20786ec231,cxa0af3165c08318e988cb30993b3048335b94af6c,0x1158e460913d00000,0x1362d156fb45a8c82401d6d3f0029a47bc1a859a8962beaf42f11a520143e19d,1,94220537,20.0,1741121884754989,Avalanche,0.0883172375,AVAX,0,1,2025-03-04
cx66a031cc3bd305c76371fb586e93801b948254f0,hx2debd9ec927cca1639da8d3518dd9dbf1cdfb357,cx21e94c08c03daee80c25d8ee3ea22a20786ec231,0x1158e460913d00000,0x1362d156fb45a8c82401d6d3f0029a47bc1a859a8962beaf42f11a520143e19d,0,94220537,20.0,1741121884754989,Avalanche,0.0883172375,AVAX,0,1,2025-03-04
cx88fd7df7ddff82f7cc735c871dc519838cb235bb,cxa0af3165c08318e988cb30993b3048335b94af6c,cx5faae53c4dbd1fbe4a2eb4aab6565030f10da5c6,0x29c83de9d04b866,0x539a3256a9d79005995eeb1bbd042e34964db438b98614352161e99147c41ddb,2,94220531,0.18817027658302884,1741121872595263,Balanced Dollar,0.04738525,bnUSD,0,1,2025-03-04
cx88fd7df7ddff82f7cc735c871dc519838cb235bb,cxa0af3165c08318e988cb30993b3048335b94af6c,hxd75467e3e4ce64e3424c747dfb71503017440433,0x6c8a5286a10a43809,0x539a3256a9d79005995eeb1bbd042e34964db438b98614352161e99147c41ddb,1,94220531,125.138471057011,1741121872595263,Balanced Dollar,0.04738525,bnUSD,0,1,2025-03-04
cx508002ec116fbf3ab406329c0df28e70d7e75fb3,hxd75467e3e4ce64e3424c747dfb71503017440433,cxa0af3165c08318e988cb30993b3048335b94af6c,0xba43b7400,0x539a3256a9d79005995eeb1bbd042e34964db438b98614352161e99147c41ddb,0,94220531,50.0,1741121872595263,Sui,0.04738525,SUI,0,1,2025-03-04
cx88fd7df7ddff82f7cc735c871dc519838cb235bb,cxa0af3165c08318e988cb30993b3048335b94af6c,cx5faae53c4dbd1fbe4a2eb4aab6565030f10da5c6,0x29d3dc493b76e78,0x5d8ea8acd1167de935e42b7cee3525efe17a591208d7abe32d0edb310e4f9eef,2,94220524,0.18837467392058532,1741121858592591,Balanced Dollar,0.04738525,bnUSD,0,1,2025-03-04
cx88fd7df7ddff82f7cc735c871dc519838cb235bb,cxa0af3165c08318e988cb30993b3048335b94af6c,hxd75467e3e4ce64e3424c747dfb71503017440433,0x6ca883598785739df,0x5d8ea8acd1167de935e42b7cee3525efe17a591208d7abe32d0edb310e4f9eef,1,94220524,125.27443796372168,1741121858592591,Balanced Dollar,0.04738525,bnUSD,0,1,2025-03-04
cx508002ec116fbf3ab406329c0df28e70d7e75fb3,hxd75467e3e4ce64e3424c747dfb71503017440433,cxa0af3165c08318e988cb30993b3048335b94af6c,0xba43b7400,0x5d8ea8acd1167de935e42b7cee3525efe17a591208d7abe32d0edb310e4f9eef,0,94220524,50.0,1741121858592591,Sui,0.04738525,SUI,0,1,2025-03-04
cx88fd7df7ddff82f7cc735c871dc519838cb235bb,cxa0af3165c08318e988cb30993b3048335b94af6c,cx5faae53c4dbd1fbe4a2eb4aab6565030f10da5c6,0x29df7f824a62200,0x3b3219216f6c2c43fdf05319aba0ea68452dc15b7f53c1fa3a8f21b25d4f25ed,2,94220511,0.1885794045582464,1741121832633754,Balanced Dollar,0.04738525,bnUSD,0,1,2025-03-04
cx88fd7df7ddff82f7cc735c871dc519838cb235bb,cxa0af3165c08318e988cb30993b3048335b94af6c,hxd75467e3e4ce64e3424c747dfb71503017440433,0x6cc6c0c7ac82d5556,0x3b3219216f6c2c43fdf05319aba0ea68452dc15b7f53c1fa3a8f21b25d4f25ed,1,94220511,125.41062664496332,1741121832633754,Balanced Dollar,0.04738525,bnUSD,0,1,2025-03-04
cx508002ec116fbf3ab406329c0df28e70d7e75fb3,hxd75467e3e4ce64e3424c747dfb71503017440433,cxa0af3165c08318e988cb30993b3048335b94af6c,0xba43b7400,0x3b3219216f6c2c43fdf05319aba0ea68452dc15b7f53c1fa3a8f21b25d4f25ed,0,94220511,50.0,1741121832633754,Sui,0.04738525,SUI,0,1,2025-03-04
cxf61cd5a45dc9f91c15aa65831a30a90d59a09619,cx9345f80d6c98357ccbb70392b14162199c2c5f66,cxd82fb5d3effecd8c9071a4bba3856ad7222c4b91,0x47af3657a1ca24,0xd96fb1f2cb3e8f96ce9a95ecafa8611047c15cf0fa9e84ca332aa4731651132b,4,94220488,0.020177371279772194,1741121786567369,Balance Token,0.1302186125,BALN,0,1,2025-03-04
cx2609b924e33ef00b648a409245c7ea394c467824,cx9345f80d6c98357ccbb70392b14162199c2c5f66,cxd82fb5d3effecd8c9071a4bba3856ad7222c4b91,0x4e8a81d7d9ea21c,0xd96fb1f2cb3e8f96ce9a95ecafa8611047c15cf0fa9e84ca332aa4731651132b,3,94220488,0.3537174153636501,1741121786567369,Staked ICX,0.1302186125,sICX,0,1,2025-03-04
cx88fd7df7ddff82f7cc735c871dc519838cb235bb,hx0000000000000000000000000000000000000000,cx5faae53c4dbd1fbe4a2eb4aab6565030f10da5c6,0x0,0xd96fb1f2cb3e8f96ce9a95ecafa8611047c15cf0fa9e84ca332aa4731651132b,2,94220488,0.0,1741121786567369,Balanced Dollar,0.1302186125,bnUSD,0,1,2025-03-04
cx88fd7df7ddff82f7cc735c871dc519838cb235bb,hx0000000000000000000000000000000000000000,cxd82fb5d3effecd8c9071a4bba3856ad7222c4b91,0xc7e96ecbccc1d4,0xd96fb1f2cb3e8f96ce9a95ecafa8611047c15cf0fa9e84ca332aa4731651132b,1,94220488,0.056270182440288724,1741121786567369,Balanced Dollar,0.1302186125,bnUSD,0,1,2025-03-04
cx88fd7df7ddff82f7cc735c871dc519838cb235bb,hxd75467e3e4ce64e3424c747dfb71503017440433,cxd82fb5d3effecd8c9071a4bba3856ad7222c4b91,0x5f9045c7925eac0000,0xd96fb1f2cb3e8f96ce9a95ecafa8611047c15cf0fa9e84ca332aa4731651132b,0,94220488,1762.8366217487296,1741121786567369,Balanced Dollar,0.1302186125,bnUSD,0,1,2025-03-04
cxf61cd5a45dc9f91c15aa65831a30a90d59a09619,cx9345f80d6c98357ccbb70392b14162199c2c5f66,cxd82fb5d3effecd8c9071a4bba3856ad7222c4b91,0xbf2890e9af706,0xb6e08c748401c95960987b00a671dacc9109e100f7f0c856be9cbde42798d389,4,94220476,0.003362895213295366,1741121762572829,Balance Token,0.1303943,BALN,0,1,2025-03-04
cx2609b924e33ef00b648a409245c7ea394c467824,cx9345f80d6c98357ccbb70392b14162199c2c5f66,cxd82fb5d3effecd8c9071a4bba3856ad7222c4b91,0xd1715a3f9a705a,0xb6e08c748401c95960987b00a671dacc9109e100f7f0c856be9cbde42798d389,3,94220476,0.058952902560608346,1741121762572829,Staked ICX,0.1303943,sICX,0,1,2025-03-04
cx88fd7df7ddff82f7cc735c871dc519838cb235bb,hx0000000000000000000000000000000000000000,cx5faae53c4dbd1fbe4a2eb4aab6565030f10da5c6,0x0,0xb6e08c748401c95960987b00a671dacc9109e100f7f0c856be9cbde42798d389,2,94220476,0.0,1741121762572829,Balanced Dollar,0.1303943,bnUSD,0,1,2025-03-04
cx88fd7df7ddff82f7cc735c871dc519838cb235bb,hx0000000000000000000000000000000000000000,cxd82fb5d3effecd8c9071a4bba3856ad7222c4b91,0x2174124819c76d,0xb6e08c748401c95960987b00a671dacc9109e100f7f0c856be9cbde42798d389,1,94220476,0.009416296099333997,1741121762572829,Balanced Dollar,0.1303943,bnUSD,0,1,2025-03-04
cx88fd7df7ddff82f7cc735c871dc519838cb235bb,hx3a5db106723a944a82d27892e8f058e0cd3f82f2,cxd82fb5d3effecd8c9071a4bba3856ad7222c4b91,0x4599ce6deaf846bb,0xb6e08c748401c95960987b00a671dacc9109e100f7f0c856be9cbde42798d389,0,94220476,5.015266631542655,1741121762572829,Balanced Dollar,0.1303943,bnUSD,0,1,2025-03-04
cxf61cd5a45dc9f91c15aa65831a30a90d59a09619,cxd82fb5d3effecd8c9071a4bba3856ad7222c4b91,hx129abdef5c78eb7d7146df572fb96946cf7727b6,0x9d4e9d61b1111f2,0xced54ea01d58ad513a48bb05e5987814e528ba7918c3b7a606e329068846e42d,6,94220474,0.7084481471903872,1741121758557564,Balance Token,0.1606669125,BALN,0,1,2025-03-04
cx88fd7df7ddff82f7cc735c871dc519838cb235bb,cxd82fb5d3effecd8c9071a4bba3856ad7222c4b91,hx129abdef5c78eb7d7146df572fb96946cf7727b6,0x1dc35ed12c4c5ee0,0xced54ea01d58ad513a48bb05e5987814e528ba7918c3b7a606e329068846e42d,5,94220474,2.1446621000428663,1741121758557564,Balanced Dollar,0.1606669125,bnUSD,0,1,2025-03-04
cx2609b924e33ef00b648a409245c7ea394c467824,cxd82fb5d3effecd8c9071a4bba3856ad7222c4b91,hx129abdef5c78eb7d7146df572fb96946cf7727b6,0xb3d5465302e18552,0xced54ea01d58ad513a48bb05e5987814e528ba7918c3b7a606e329068846e42d,4,94220474,12.958340825173034,1741121758557564,Staked ICX,0.1606669125,sICX,0,1,2025-03-04
cxf61cd5a45dc9f91c15aa65831a30a90d59a09619,cx9345f80d6c98357ccbb70392b14162199c2c5f66,cxd82fb5d3effecd8c9071a4bba3856ad7222c4b91,0x39e4c12345ea0093,0xced54ea01d58ad513a48bb05e5987814e528ba7918c3b7a606e329068846e42d,3,94220474,4.171671512092901,1741121758557564,Balance Token,0.1606669125,BALN,0,1,2025-03-04
cx2609b924e33ef00b648a409245c7ea394c467824,cx9345f80d6c98357ccbb70392b14162199c2c5f66,cxd82fb5d3effecd8c9071a4bba3856ad7222c4b91,0x3f6e5c5d133dd6c1d,0xced54ea01d58ad513a48bb05e5987814e528ba7918c3b7a606e329068846e42d,2,94220474,73.13107562643465,1741121758557564,Staked ICX,0.1606669125,sICX,0,1,2025-03-04
cx88fd7df7ddff82f7cc735c871dc519838cb235bb,hx0000000000000000000000000000000000000000,cx5faae53c4dbd1fbe4a2eb4aab6565030f10da5c6,0x0,0xced54ea01d58ad513a48bb05e5987814e528ba7918c3b7a606e329068846e42d,1,94220474,0.0,1741121758557564,Balanced Dollar,0.1606669125,bnUSD,0,1,2025-03-04
cx88fd7df7ddff82f7cc735c871dc519838cb235bb,hx0000000000000000000000000000000000000000,cxd82fb5d3effecd8c9071a4bba3856ad7222c4b91,0xa18a5f240da21b4a,0xced54ea01d58ad513a48bb05e5987814e528ba7918c3b7a606e329068846e42d,0,94220474,11.640220795344657,1741121758557564,Balanced Dollar,0.1606669125,bnUSD,0,1,2025-03-04
cx88fd7df7ddff82f7cc735c871dc519838cb235bb,hx0000000000000000000000000000000000000000,cx5faae53c4dbd1fbe4a2eb4aab6565030f10da5c6,0x235b12e4b86f18,0x6bf5e687afb164094e4fef614a57f9ea8e634bac2773690fc85780902d2765bd,3,94220459,0.009951760889704215,1741121728544934,Balanced Dollar,0.1004068625,bnUSD,0,1,2025-03-04
cx88fd7df7ddff82f7cc735c871dc519838cb235bb,cx66d4d90f5f113eba575bf793570135f9b10cece1,hx3a5db106723a944a82d27892e8f058e0cd3f82f2,0x450de0e6b838fbe5,0x6bf5e687afb164094e4fef614a57f9ea8e634bac2773690fc85780902d2765bd,1,94220459,4.975880444852108,1741121728544934,Balanced Dollar,0.1004068625,bnUSD,0,1,2025-03-04
cx88fd7df7ddff82f7cc735c871dc519838cb235bb,hx0000000000000000000000000000000000000000,cx66d4d90f5f113eba575bf793570135f9b10cece1,0x450de0e6b838fbe5,0x6bf5e687afb164094e4fef614a57f9ea8e634bac2773690fc85780902d2765bd,0,94220459,4.975880444852108,1741121728544934,Balanced Dollar,0.1004068625,bnUSD,0,1,2025-03-04
cxb8cf9a4700e0c804b780978bf9d9de759c62e787,hx0000000000000000000000000000000000000000,cx66d4d90f5f113eba575bf793570135f9b10cece1,0x93d1cc00,0x83d3104726e6a254175842a6c47cd53e2ed8560b4ae803c1b8fbbc3cff8d3d59,1,94220437,2.48,1741121684675411,Mirai Staked SUI,0.036655925,mSUI,0,1,2025-03-04
cx88fd7df7ddff82f7cc735c871dc519838cb235bb,cxa0af3165c08318e988cb30993b3048335b94af6c,cx5faae53c4dbd1fbe4a2eb4aab6565030f10da5c6,0xebe0d343c1f03a,0x79868ecb93f0c750c5e9070949c6831ec5a52bc4943a90a410626ed6f18939c4,2,94220420,0.06639381750650886,1741121650665889,Balanced Dollar,0.0569443375,bnUSD,0,1,2025-03-04
cx88fd7df7ddff82f7cc735c871dc519838cb235bb,cxa0af3165c08318e988cb30993b3048335b94af6c,hxd75467e3e4ce64e3424c747dfb71503017440433,0x26491d61b59dd8949,0x79868ecb93f0c750c5e9070949c6831ec5a52bc4943a90a410626ed6f18939c4,1,94220420,44.14029683579509,1741121650665889,Balanced Dollar,0.0569443375,bnUSD,0,1,2025-03-04
cx4297f4b63262507623b6ad575d0d8dd2db980e4e,hxd75467e3e4ce64e3424c747dfb71503017440433,cxa0af3165c08318e988cb30993b3048335b94af6c,0x3782dace9d900000,0x79868ecb93f0c750c5e9070949c6831ec5a52bc4943a90a410626ed6f18939c4,0,94220420,4.0,1741121650665889,Injective,0.0569443375,INJ,0,1,2025-03-04
cx88fd7df7ddff82f7cc735c871dc519838cb235bb,cxa0af3165c08318e988cb30993b3048335b94af6c,cx5faae53c4dbd1fbe4a2eb4aab6565030f10da5c6,0x29eb2797b09a936,0x44f3a7d6c65edea52bc43ef0dab17b1eff3fcc46cfb7e4abf82b09dc787ebb89,2,94220416,0.1887844692211572,1741121642530855,Balanced Dollar,0.0473865625,bnUSD,0,1,2025-03-04
cx88fd7df7ddff82f7cc735c871dc519838cb235bb,cxa0af3165c08318e988cb30993b3048335b94af6c,hxd75467e3e4ce64e3424c747dfb71503017440433,0x6ce50ad815f7b6f8b,0x44f3a7d6c65edea52bc43ef0dab17b1eff3fcc46cfb7e4abf82b09dc787ebb89,1,94220416,125.54703758337163,1741121642530855,Balanced Dollar,0.0473865625,bnUSD,0,1,2025-03-04
cx508002ec116fbf3ab406329c0df28e70d7e75fb3,hxd75467e3e4ce64e3424c747dfb71503017440433,cxa0af3165c08318e988cb30993b3048335b94af6c,0xba43b7400,0x44f3a7d6c65edea52bc43ef0dab17b1eff3fcc46cfb7e4abf82b09dc787ebb89,0,94220416,50.0,1741121642530855,Sui,0.0473865625,SUI,0,1,2025-03-04
cx88fd7df7ddff82f7cc735c871dc519838cb235bb,cxa0af3165c08318e988cb30993b3048335b94af6c,cx5faae53c4dbd1fbe4a2eb4aab6565030f10da5c6,0x29f6d48c238f68d,0xe605985439eac76c2b72aa4f650fd4a93d897d785216f287c933b9b84e4f89d8,2,94220392,0.1889898686364361,1741121594671186,Balanced Dollar,0.0473865625,bnUSD,0,1,2025-03-04
cx88fd7df7ddff82f7cc735c871dc519838cb235bb,cxa0af3165c08318e988cb30993b3048335b94af6c,hxd75467e3e4ce64e3424c747dfb71503017440433,0x6d036191cebe45dbd,0xe605985439eac76c2b72aa4f650fd4a93d897d785216f287c933b9b84e4f89d8,1,94220392,125.68367126289608,1741121594671186,Balanced Dollar,0.0473865625,bnUSD,0,1,2025-03-04
cx508002ec116fbf3ab406329c0df28e70d7e75fb3,hxd75467e3e4ce64e3424c747dfb71503017440433,cxa0af3165c08318e988cb30993b3048335b94af6c,0xba43b7400,0xe605985439eac76c2b72aa4f650fd4a93d897d785216f287c933b9b84e4f89d8,0,94220392,50.0,1741121594671186,Sui,0.0473865625,SUI,0,1,2025-03-04
cx88fd7df7ddff82f7cc735c871dc519838cb235bb,cxa0af3165c08318e988cb30993b3048335b94af6c,cx5faae53c4dbd1fbe4a2eb4aab6565030f10da5c6,0xebfda67e10c233,0xacf082779d50c19222a145b953abd81e3b3b70565ce3a5d2b6d70c05e448bc69,2,94220388,0.06642551104843013,1741121586493623,Balanced Dollar,0.0569443375,bnUSD,0,1,2025-03-04
cx88fd7df7ddff82f7cc735c871dc519838cb235bb,cxa0af3165c08318e988cb30993b3048335b94af6c,hxd75467e3e4ce64e3424c747dfb71503017440433,0x264dcb40ff2c25526,0xacf082779d50c19222a145b953abd81e3b3b70565ce3a5d2b6d70c05e448bc69,1,94220388,44.161370026678576,1741121586493623,Balanced Dollar,0.0569443375,bnUSD,0,1,2025-03-04
cx4297f4b63262507623b6ad575d0d8dd2db980e4e,hxd75467e3e4ce64e3424c747dfb71503017440433,cxa0af3165c08318e988cb30993b3048335b94af6c,0x3782dace9d900000,0xacf082779d50c19222a145b953abd81e3b3b70565ce3a5d2b6d70c05e448bc69,0,94220388,4.0,1741121586493623,Injective,0.0569443375,INJ,0,1,2025-03-04
cx88fd7df7ddff82f7cc735c871dc519838cb235bb,cx21e94c08c03daee80c25d8ee3ea22a20786ec231,hx2debd9ec927cca1639da8d3518dd9dbf1cdfb357,0x199301fdc634b11dcd,0x509ba0bc9cf9eff2fd5f5713fa844d6e937dcab555436dab32f0314acd1919ff,5,94220379,471.7616286690203,1741121568484070,Balanced Dollar,0.0885101125,bnUSD,0,1,2025-03-04
cx88fd7df7ddff82f7cc735c871dc519838cb235bb,cxa0af3165c08318e988cb30993b3048335b94af6c,cx5faae53c4dbd1fbe4a2eb4aab6565030f10da5c6,0x9d6f6b325e76047,0x509ba0bc9cf9eff2fd5f5713fa844d6e937dcab555436dab32f0314acd1919ff,3,94220379,0.7090252406529312,1741121568484070,Balanced Dollar,0.0885101125,bnUSD,0,1,2025-03-04
cx88fd7df7ddff82f7cc735c871dc519838cb235bb,cxa0af3165c08318e988cb30993b3048335b94af6c,cx21e94c08c03daee80c25d8ee3ea22a20786ec231,0x199301fdc634b11dcd,0x509ba0bc9cf9eff2fd5f5713fa844d6e937dcab555436dab32f0314acd1919ff,2,94220379,471.7616286690203,1741121568484070,Balanced Dollar,0.0885101125,bnUSD,0,1,2025-03-04
cx288d13e1b63563459a2ac6179f237711f6851cb5,cx21e94c08c03daee80c25d8ee3ea22a20786ec231,cxa0af3165c08318e988cb30993b3048335b94af6c,0x30d98d59a960000,0x509ba0bc9cf9eff2fd5f5713fa844d6e937dcab555436dab32f0314acd1919ff,1,94220379,0.22,1741121568484070,Ethereum,0.0885101125,ETH,0,1,2025-03-04
cx288d13e1b63563459a2ac6179f237711f6851cb5,hx2debd9ec927cca1639da8d3518dd9dbf1cdfb357,cx21e94c08c03daee80c25d8ee3ea22a20786ec231,0x30d98d59a960000,0x509ba0bc9cf9eff2fd5f5713fa844d6e937dcab555436dab32f0314acd1919ff,0,94220379,0.22,1741121568484070,Ethereum,0.0885101125,ETH,0,1,2025-03-04
cx88fd7df7ddff82f7cc735c871dc519838cb235bb,cxa0af3165c08318e988cb30993b3048335b94af6c,cx5faae53c4dbd1fbe4a2eb4aab6565030f10da5c6,0x1ac856123824ed1,0x9ef0fb8fcc9e2ae221258e633200c24a9ac8d852dbe2ad0064509f5e6ac758c1,2,94220377,0.1206179422862251,1741121564501220,Balanced Dollar,0.056911275,bnUSD,0,1,2025-03-04
cx88fd7df7ddff82f7cc735c871dc519838cb235bb,cxa0af3165c08318e988cb30993b3048335b94af6c,hxd75467e3e4ce64e3424c747dfb71503017440433,0x458f55f4c1a89bb08,0x9ef0fb8fcc9e2ae221258e633200c24a9ac8d852dbe2ad0064509f5e6ac758c1,1,94220377,80.19711071993736,1741121564501220,Balanced Dollar,0.056911275,bnUSD,0,1,2025-03-04
cx66a031cc3bd305c76371fb586e93801b948254f0,hxd75467e3e4ce64e3424c747dfb71503017440433,cxa0af3165c08318e988cb30993b3048335b94af6c,0x3782dace9d900000,0x9ef0fb8fcc9e2ae221258e633200c24a9ac8d852dbe2ad0064509f5e6ac758c1,0,94220377,4.0,1741121564501220,Avalanche,0.056911275,AVAX,0,1,2025-03-04
cx88fd7df7ddff82f7cc735c871dc519838cb235bb,cx21e94c08c03daee80c25d8ee3ea22a20786ec231,hx2debd9ec927cca1639da8d3518dd9dbf1cdfb357,0x17a91acf43ba3f29a7,0x4b68a7bbf1a86e23717e643f799c61250e0e9b761aeec0f2397dc07f68a6918c,5,94220366,436.46039332691845,1741121542488467,Balanced Dollar,0.0883564875,bnUSD,0,1,2025-03-04
cx88fd7df7ddff82f7cc735c871dc519838cb235bb,cxa0af3165c08318e988cb30993b3048335b94af6c,cx5faae53c4dbd1fbe4a2eb4aab6565030f10da5c6,0x91b20a9b5b8e3eb,0x4b68a7bbf1a86e23717e643f799c61250e0e9b761aeec0f2397dc07f68a6918c,3,94220366,0.6561540839828941,1741121542488467,Balanced Dollar,0.0883564875,bnUSD,0,1,2025-03-04
cx88fd7df7ddff82f7cc735c871dc519838cb235bb,cxa0af3165c08318e988cb30993b3048335b94af6c,cx21e94c08c03daee80c25d8ee3ea22a20786ec231,0x17a91acf43ba3f29a7,0x4b68a7bbf1a86e23717e643f799c61250e0e9b761aeec0f2397dc07f68a6918c,2,94220366,436.46039332691845,1741121542488467,Balanced Dollar,0.0883564875,bnUSD,0,1,2025-03-04
cx07b184a37f03c6ab681fcbd0b45aec6dc3eafbeb,cx21e94c08c03daee80c25d8ee3ea22a20786ec231,cxa0af3165c08318e988cb30993b3048335b94af6c,0x11c37937e08000,0x4b68a7bbf1a86e23717e643f799c61250e0e9b761aeec0f2397dc07f68a6918c,1,94220366,0.005,1741121542488467,Bitcoin,0.0883564875,BTC,0,1,2025-03-04
cx07b184a37f03c6ab681fcbd0b45aec6dc3eafbeb,hx2debd9ec927cca1639da8d3518dd9dbf1cdfb357,cx21e94c08c03daee80c25d8ee3ea22a20786ec231,0x11c37937e08000,0x4b68a7bbf1a86e23717e643f799c61250e0e9b761aeec0f2397dc07f68a6918c,0,94220366,0.005,1741121542488467,Bitcoin,0.0883564875,BTC,0,1,2025-03-04
cx88fd7df7ddff82f7cc735c871dc519838cb235bb,cx21e94c08c03daee80c25d8ee3ea22a20786ec231,hx2debd9ec927cca1639da8d3518dd9dbf1cdfb357,0x11fdd33462d4ad04c7,0x621d11625c26fd2f8b0bb3989424f007c7f8762555f41ec08959aa9c9256bd34,5,94220362,331.88466936382366,1741121534619835,Balanced Dollar,0.088406925,bnUSD,0,2,2025-03-04
cx88fd7df7ddff82f7cc735c871dc519838cb235bb,cxa0af3165c08318e988cb30993b3048335b94af6c,cx5faae53c4dbd1fbe4a2eb4aab6565030f10da5c6,0x6eac7c6d8819c7e,0x621d11625c26fd2f8b0bb3989424f007c7f8762555f41ec08959aa9c9256bd34,3,94220362,0.498430365627686,1741121534619835,Balanced Dollar,0.088406925,bnUSD,0,2,2025-03-04
cx88fd7df7ddff82f7cc735c871dc519838cb235bb,cxa0af3165c08318e988cb30993b3048335b94af6c,cx21e94c08c03daee80c25d8ee3ea22a20786ec231,0x11fdd33462d4ad04c7,0x621d11625c26fd2f8b0bb3989424f007c7f8762555f41ec08959aa9c9256bd34,2,94220362,331.88466936382366,1741121534619835,Balanced Dollar,0.088406925,bnUSD,0,2,2025-03-04
cx4297f4b63262507623b6ad575d0d8dd2db980e4e,cx21e94c08c03daee80c25d8ee3ea22a20786ec231,cxa0af3165c08318e988cb30993b3048335b94af6c,0x1a055690d9db80000,0x621d11625c26fd2f8b0bb3989424f007c7f8762555f41ec08959aa9c9256bd34,1,94220362,30.0,1741121534619835,Injective,0.088406925,INJ,0,2,2025-03-04
cx4297f4b63262507623b6ad575d0d8dd2db980e4e,hx2debd9ec927cca1639da8d3518dd9dbf1cdfb357,cx21e94c08c03daee80c25d8ee3ea22a20786ec231,0x1a055690d9db80000,0x621d11625c26fd2f8b0bb3989424f007c7f8762555f41ec08959aa9c9256bd34,0,94220362,30.0,1741121534619835,Injective,0.088406925,INJ,0,2,2025-03-04
cx88fd7df7ddff82f7cc735c871dc519838cb235bb,cxa0af3165c08318e988cb30993b3048335b94af6c,cx5faae53c4dbd1fbe4a2eb4aab6565030f10da5c6,0x2a0286625a931d7,0xf2258ebc553db432554ec78323dacd057dc865b56e3812522c2f709bba7fc913,2,94220362,0.1891956035331814,1741121534619835,Balanced Dollar,0.0473865625,bnUSD,0,1,2025-03-04
cx88fd7df7ddff82f7cc735c871dc519838cb235bb,cxa0af3165c08318e988cb30993b3048335b94af6c,hxd75467e3e4ce64e3424c747dfb71503017440433,0x6d21c4fbe699a699c,0xf2258ebc553db432554ec78323dacd057dc865b56e3812522c2f709bba7fc913,1,94220362,125.82052816880419,1741121534619835,Balanced Dollar,0.0473865625,bnUSD,0,1,2025-03-04
cx508002ec116fbf3ab406329c0df28e70d7e75fb3,hxd75467e3e4ce64e3424c747dfb71503017440433,cxa0af3165c08318e988cb30993b3048335b94af6c,0xba43b7400,0xf2258ebc553db432554ec78323dacd057dc865b56e3812522c2f709bba7fc913,0,94220362,50.0,1741121534619835,Sui,0.0473865625,SUI,0,1,2025-03-04
cx88fd7df7ddff82f7cc735c871dc519838cb235bb,cxa0af3165c08318e988cb30993b3048335b94af6c,cx5faae53c4dbd1fbe4a2eb4aab6565030f10da5c6,0xecf37fe8aa79a7,0x8e445efd02a24a4afb07d9edb0e40e99f5505d98858cd2efa737327de33e0069,2,94220358,0.06669582519359735,1741121526476369,Balanced Dollar,0.0569443375,bnUSD,0,1,2025-03-04
cx88fd7df7ddff82f7cc735c871dc519838cb235bb,cxa0af3165c08318e988cb30993b3048335b94af6c,hxd75467e3e4ce64e3424c747dfb71503017440433,0x2675b3e84b09f4ee1,0x8e445efd02a24a4afb07d9edb0e40e99f5505d98858cd2efa737327de33e0069,1,94220358,44.34110329582619,1741121526476369,Balanced Dollar,0.0569443375,bnUSD,0,1,2025-03-04
cx4297f4b63262507623b6ad575d0d8dd2db980e4e,hxd75467e3e4ce64e3424c747dfb71503017440433,cxa0af3165c08318e988cb30993b3048335b94af6c,0x3782dace9d900000,0x8e445efd02a24a4afb07d9edb0e40e99f5505d98858cd2efa737327de33e0069,0,94220358,4.0,1741121526476369,Injective,0.0569443375,INJ,0,1,2025-03-04
cx88fd7df7ddff82f7cc735c871dc519838cb235bb,cxa0af3165c08318e988cb30993b3048335b94af6c,cx5faae53c4dbd1fbe4a2eb4aab6565030f10da5c6,0x2a0e3d1d0edd198,0x71c7d8b658f83b873197a1a8ac5a8773a0cc9740f5ae73e282d8cccbb651eb3e,2,94220342,0.18940167464247745,1741121494659107,Balanced Dollar,0.0473865625,bnUSD,0,2,2025-03-04
cx88fd7df7ddff82f7cc735c871dc519838cb235bb,cxa0af3165c08318e988cb30993b3048335b94af6c,hxd75467e3e4ce64e3424c747dfb71503017440433,0x6d40351d723a11595,0x71c7d8b658f83b873197a1a8ac5a8773a0cc9740f5ae73e282d8cccbb651eb3e,1,94220342,125.95760878768574,1741121494659107,Balanced Dollar,0.0473865625,bnUSD,0,2,2025-03-04
cx508002ec116fbf3ab406329c0df28e70d7e75fb3,hxd75467e3e4ce64e3424c747dfb71503017440433,cxa0af3165c08318e988cb30993b3048335b94af6c,0xba43b7400,0x71c7d8b658f83b873197a1a8ac5a8773a0cc9740f5ae73e282d8cccbb651eb3e,0,94220342,50.0,1741121494659107,Sui,0.0473865625,SUI,0,2,2025-03-04
cx88fd7df7ddff82f7cc735c871dc519838cb235bb,cx21e94c08c03daee80c25d8ee3ea22a20786ec231,hx2debd9ec927cca1639da8d3518dd9dbf1cdfb357,0x17b274b8570cb8b9fb,0x7fe7db08e72a931b586f98412127def978e0131a69bd54b916907af370801a75,5,94220342,437.1342192153844,1741121494659107,Balanced Dollar,0.0883564875,bnUSD,0,1,2025-03-04
cx88fd7df7ddff82f7cc735c871dc519838cb235bb,cxa0af3165c08318e988cb30993b3048335b94af6c,cx5faae53c4dbd1fbe4a2eb4aab6565030f10da5c6,0x91eb99f92c20135,0x7fe7db08e72a931b586f98412127def978e0131a69bd54b916907af370801a75,3,94220342,0.6571666906557976,1741121494659107,Balanced Dollar,0.0883564875,bnUSD,0,1,2025-03-04
cx88fd7df7ddff82f7cc735c871dc519838cb235bb,cxa0af3165c08318e988cb30993b3048335b94af6c,cx21e94c08c03daee80c25d8ee3ea22a20786ec231,0x17b274b8570cb8b9fb,0x7fe7db08e72a931b586f98412127def978e0131a69bd54b916907af370801a75,2,94220342,437.1342192153844,1741121494659107,Balanced Dollar,0.0883564875,bnUSD,0,1,2025-03-04
cx07b184a37f03c6ab681fcbd0b45aec6dc3eafbeb,cx21e94c08c03daee80c25d8ee3ea22a20786ec231,cxa0af3165c08318e988cb30993b3048335b94af6c,0x11c37937e08000,0x7fe7db08e72a931b586f98412127def978e0131a69bd54b916907af370801a75,1,94220342,0.005,1741121494659107,Bitcoin,0.0883564875,BTC,0,1,2025-03-04
cx07b184a37f03c6ab681fcbd0b45aec6dc3eafbeb,hx2debd9ec927cca1639da8d3518dd9dbf1cdfb357,cx21e94c08c03daee80c25d8ee3ea22a20786ec231,0x11c37937e08000,0x7fe7db08e72a931b586f98412127def978e0131a69bd54b916907af370801a75,0,94220342,0.005,1741121494659107,Bitcoin,0.0883564875,BTC,0,1,2025-03-04
cx88fd7df7ddff82f7cc735c871dc519838cb235bb,cx21e94c08c03daee80c25d8ee3ea22a20786ec231,hx2debd9ec927cca1639da8d3518dd9dbf1cdfb357,0x19a0cc62a98557a20d,0x6d29936f25abbe66faa23908ee66b0eb84290fa7de30b79b9420e26ccfd42707,5,94220338,472.75534626428237,1741121486462268,Balanced Dollar,0.088528925,bnUSD,0,2,2025-03-04
cx88fd7df7ddff82f7cc735c871dc519838cb235bb,cxa0af3165c08318e988cb30993b3048335b94af6c,cx5faae53c4dbd1fbe4a2eb4aab6565030f10da5c6,0x9dc444dca917314,0x6d29936f25abbe66faa23908ee66b0eb84290fa7de30b79b9420e26ccfd42707,3,94220338,0.7105179421193961,1741121486462268,Balanced Dollar,0.088528925,bnUSD,0,2,2025-03-04
cx88fd7df7ddff82f7cc735c871dc519838cb235bb,cxa0af3165c08318e988cb30993b3048335b94af6c,cx21e94c08c03daee80c25d8ee3ea22a20786ec231,0x19a0cc62a98557a20d,0x6d29936f25abbe66faa23908ee66b0eb84290fa7de30b79b9420e26ccfd42707,2,94220338,472.75534626428237,1741121486462268,Balanced Dollar,0.088528925,bnUSD,0,2,2025-03-04
cx288d13e1b63563459a2ac6179f237711f6851cb5,cx21e94c08c03daee80c25d8ee3ea22a20786ec231,cxa0af3165c08318e988cb30993b3048335b94af6c,0x30d98d59a960000,0x6d29936f25abbe66faa23908ee66b0eb84290fa7de30b79b9420e26ccfd42707,1,94220338,0.22,1741121486462268,Ethereum,0.088528925,ETH,0,2,2025-03-04
cx288d13e1b63563459a2ac6179f237711f6851cb5,hx2debd9ec927cca1639da8d3518dd9dbf1cdfb357,cx21e94c08c03daee80c25d8ee3ea22a20786ec231,0x30d98d59a960000,0x6d29936f25abbe66faa23908ee66b0eb84290fa7de30b79b9420e26ccfd42707,0,94220338,0.22,1741121486462268,Ethereum,0.088528925,ETH,0,2,2025-03-04
cx88fd7df7ddff82f7cc735c871dc519838cb235bb,cx203d9cd2a669be67177e997b8948ce2c35caffae,cx835b300dcfe01f0bdb794e134a0c5628384f4367,0x202280b95bd0a121,0x40235f1356d3ade041b5305706a8cfc40d42caf3744b9a4e80ea2a7028e58e5e,6,94220338,2.315554692019561,1741121486462268,Balanced Dollar,0.0990661125,bnUSD,0,1,2025-03-04
cx88fd7df7ddff82f7cc735c871dc519838cb235bb,cx5faae53c4dbd1fbe4a2eb4aab6565030f10da5c6,cx203d9cd2a669be67177e997b8948ce2c35caffae,0x2de8259b15732f55,0x40235f1356d3ade041b5305706a8cfc40d42caf3744b9a4e80ea2a7028e58e5e,4,94220338,3.307935274313658,1741121486462268,Balanced Dollar,0.0990661125,bnUSD,0,1,2025-03-04
cx88fd7df7ddff82f7cc735c871dc519838cb235bb,cx5faae53c4dbd1fbe4a2eb4aab6565030f10da5c6,cxdc30a0d3a1f131565c071272a20bc0b06fd4c17b,0x2de8259b15732f55,0x40235f1356d3ade041b5305706a8cfc40d42caf3744b9a4e80ea2a7028e58e5e,3,94220338,3.307935274313658,1741121486462268,Balanced Dollar,0.0990661125,bnUSD,0,1,2025-03-04
cx88fd7df7ddff82f7cc735c871dc519838cb235bb,cxa0af3165c08318e988cb30993b3048335b94af6c,cx5faae53c4dbd1fbe4a2eb4aab6565030f10da5c6,0xed10858fccd258,0x40235f1356d3ade041b5305706a8cfc40d42caf3744b9a4e80ea2a7028e58e5e,2,94220338,0.06672773530968533,1741121486462268,Balanced Dollar,0.0990661125,bnUSD,0,1,2025-03-04
cx88fd7df7ddff82f7cc735c871dc519838cb235bb,cxa0af3165c08318e988cb30993b3048335b94af6c,hxd75467e3e4ce64e3424c747dfb71503017440433,0x267a69f7535bb5bc1,0x40235f1356d3ade041b5305706a8cfc40d42caf3744b9a4e80ea2a7028e58e5e,1,94220338,44.36232050522111,1741121486462268,Balanced Dollar,0.0990661125,bnUSD,0,1,2025-03-04
cx4297f4b63262507623b6ad575d0d8dd2db980e4e,hxd75467e3e4ce64e3424c747dfb71503017440433,cxa0af3165c08318e988cb30993b3048335b94af6c,0x3782dace9d900000,0x40235f1356d3ade041b5305706a8cfc40d42caf3744b9a4e80ea2a7028e58e5e,0,94220338,4.0,1741121486462268,Injective,0.0990661125,INJ,0,1,2025-03-04
cx88fd7df7ddff82f7cc735c871dc519838cb235bb,cxa0af3165c08318e988cb30993b3048335b94af6c,cx5faae53c4dbd1fbe4a2eb4aab6565030f10da5c6,0xed2d908c97bcb7,0x8cafa1e264e521fe324314521eccfecfca062ff9266cd8492a4f288fc89d2ded,2,94220329,0.0667596683377205,1741121468459425,Balanced Dollar,0.0569443375,bnUSD,0,1,2025-03-04
cx88fd7df7ddff82f7cc735c871dc519838cb235bb,cxa0af3165c08318e988cb30993b3048335b94af6c,hxd75467e3e4ce64e3424c747dfb71503017440433,0x267f20e4129671cbb,0x8cafa1e264e521fe324314521eccfecfca062ff9266cd8492a4f288fc89d2ded,1,94220329,44.383552950719945,1741121468459425,Balanced Dollar,0.0569443375,bnUSD,0,1,2025-03-04
cx4297f4b63262507623b6ad575d0d8dd2db980e4e,hxd75467e3e4ce64e3424c747dfb71503017440433,cxa0af3165c08318e988cb30993b3048335b94af6c,0x3782dace9d900000,0x8cafa1e264e521fe324314521eccfecfca062ff9266cd8492a4f288fc89d2ded,0,94220329,4.0,1741121468459425,Injective,0.0569443375,INJ,0,1,2025-03-04
cx88fd7df7ddff82f7cc735c871dc519838cb235bb,cxa0af3165c08318e988cb30993b3048335b94af6c,cx5faae53c4dbd1fbe4a2eb4aab6565030f10da5c6,0x2a19f8befb8b45f,0xf4e107c5f8fe7d973732db20e788541464cb3368a3820a121757e7f3a683bfbc,2,94220325,0.18960808269740143,1741121460623258,Balanced Dollar,0.0473865625,bnUSD,0,1,2025-03-04
cx88fd7df7ddff82f7cc735c871dc519838cb235bb,cxa0af3165c08318e988cb30993b3048335b94af6c,hxd75467e3e4ce64e3424c747dfb71503017440433,0x6d5eb1fd8b40f215f,0xf4e107c5f8fe7d973732db20e788541464cb3368a3820a121757e7f3a683bfbc,1,94220325,126.09491360745726,1741121460623258,Balanced Dollar,0.0473865625,bnUSD,0,1,2025-03-04
cx508002ec116fbf3ab406329c0df28e70d7e75fb3,hxd75467e3e4ce64e3424c747dfb71503017440433,cxa0af3165c08318e988cb30993b3048335b94af6c,0xba43b7400,0xf4e107c5f8fe7d973732db20e788541464cb3368a3820a121757e7f3a683bfbc,0,94220325,50.0,1741121460623258,Sui,0.0473865625,SUI,0,1,2025-03-04
cx88fd7df7ddff82f7cc735c871dc519838cb235bb,cx21e94c08c03daee80c25d8ee3ea22a20786ec231,hx2debd9ec927cca1639da8d3518dd9dbf1cdfb357,0x19aea1f2dc76dd9e83,0x06166813b7983603aca25a1910f52bf5557f45286981fbf07c6933c1da1c29ea,5,94220323,473.7522077052896,1741121456455101,Balanced Dollar,0.0885101125,bnUSD,0,1,2025-03-04
cx88fd7df7ddff82f7cc735c871dc519838cb235bb,cxa0af3165c08318e988cb30993b3048335b94af6c,cx5faae53c4dbd1fbe4a2eb4aab6565030f10da5c6,0x9e19633650b14ca,0x06166813b7983603aca25a1910f52bf5557f45286981fbf07c6933c1da1c29ea,3,94220323,0.7120153635839725,1741121456455101,Balanced Dollar,0.0885101125,bnUSD,0,1,2025-03-04
cx88fd7df7ddff82f7cc735c871dc519838cb235bb,cxa0af3165c08318e988cb30993b3048335b94af6c,cx21e94c08c03daee80c25d8ee3ea22a20786ec231,0x19aea1f2dc76dd9e83,0x06166813b7983603aca25a1910f52bf5557f45286981fbf07c6933c1da1c29ea,2,94220323,473.7522077052896,1741121456455101,Balanced Dollar,0.0885101125,bnUSD,0,1,2025-03-04
cx288d13e1b63563459a2ac6179f237711f6851cb5,cx21e94c08c03daee80c25d8ee3ea22a20786ec231,cxa0af3165c08318e988cb30993b3048335b94af6c,0x30d98d59a960000,0x06166813b7983603aca25a1910f52bf5557f45286981fbf07c6933c1da1c29ea,1,94220323,0.22,1741121456455101,Ethereum,0.0885101125,ETH,0,1,2025-03-04
cx288d13e1b63563459a2ac6179f237711f6851cb5,hx2debd9ec927cca1639da8d3518dd9dbf1cdfb357,cx21e94c08c03daee80c25d8ee3ea22a20786ec231,0x30d98d59a960000,0x06166813b7983603aca25a1910f52bf5557f45286981fbf07c6933c1da1c29ea,0,94220323,0.22,1741121456455101,Ethereum,0.0885101125,ETH,0,1,2025-03-04
cx88fd7df7ddff82f7cc735c871dc519838cb235bb,cx21e94c08c03daee80c25d8ee3ea22a20786ec231,hx2debd9ec927cca1639da8d3518dd9dbf1cdfb357,0x12150577a2d09f7598,0x31818127c14fc0de0f85d8a72b974aa3e3e39df0bca323b92d674127d4a0707e,5,94220319,333.5561417176205,1741121448605635,Balanced Dollar,0.088410925,bnUSD,0,1,2025-03-04
cx88fd7df7ddff82f7cc735c871dc519838cb235bb,cxa0af3165c08318e988cb30993b3048335b94af6c,cx5faae53c4dbd1fbe4a2eb4aab6565030f10da5c6,0x6f3b0c6e990799d,0x31818127c14fc0de0f85d8a72b974aa3e3e39df0bca323b92d674127d4a0707e,3,94220319,0.5009383519368299,1741121448605635,Balanced Dollar,0.088410925,bnUSD,0,1,2025-03-04
cx88fd7df7ddff82f7cc735c871dc519838cb235bb,cxa0af3165c08318e988cb30993b3048335b94af6c,cx21e94c08c03daee80c25d8ee3ea22a20786ec231,0x12150577a2d09f7598,0x31818127c14fc0de0f85d8a72b974aa3e3e39df0bca323b92d674127d4a0707e,2,94220319,333.5561417176205,1741121448605635,Balanced Dollar,0.088410925,bnUSD,0,1,2025-03-04
cx4297f4b63262507623b6ad575d0d8dd2db980e4e,cx21e94c08c03daee80c25d8ee3ea22a20786ec231,cxa0af3165c08318e988cb30993b3048335b94af6c,0x1a055690d9db80000,0x31818127c14fc0de0f85d8a72b974aa3e3e39df0bca323b92d674127d4a0707e,1,94220319,30.0,1741121448605635,Injective,0.088410925,INJ,0,1,2025-03-04
cx4297f4b63262507623b6ad575d0d8dd2db980e4e,hx2debd9ec927cca1639da8d3518dd9dbf1cdfb357,cx21e94c08c03daee80c25d8ee3ea22a20786ec231,0x1a055690d9db80000,0x31818127c14fc0de0f85d8a72b974aa3e3e39df0bca323b92d674127d4a0707e,0,94220319,30.0,1741121448605635,Injective,0.088410925,INJ,0,1,2025-03-04
cx88fd7df7ddff82f7cc735c871dc519838cb235bb,cx21e94c08c03daee80c25d8ee3ea22a20786ec231,hx2debd9ec927cca1639da8d3518dd9dbf1cdfb357,0x15c7ceb27118fb5093,0x24f0de51082f013e7cdde7e930ffe8e06bdf8bbd217bce5488faeacf0a45c06e,5,94220315,401.7792668054708,1741121440503481,Balanced Dollar,0.0883172375,bnUSD,0,1,2025-03-04
cx88fd7df7ddff82f7cc735c871dc519838cb235bb,cxa0af3165c08318e988cb30993b3048335b94af6c,cx5faae53c4dbd1fbe4a2eb4aab6565030f10da5c6,0x86004cf26cb0f06,0x24f0de51082f013e7cdde7e930ffe8e06bdf8bbd217bce5488faeacf0a45c06e,3,94220315,0.6034876378232297,1741121440503481,Balanced Dollar,0.0883172375,bnUSD,0,1,2025-03-04
cx88fd7df7ddff82f7cc735c871dc519838cb235bb,cxa0af3165c08318e988cb30993b3048335b94af6c,cx21e94c08c03daee80c25d8ee3ea22a20786ec231,0x15c7ceb27118fb5093,0x24f0de51082f013e7cdde7e930ffe8e06bdf8bbd217bce5488faeacf0a45c06e,2,94220315,401.7792668054708,1741121440503481,Balanced Dollar,0.0883172375,bnUSD,0,1,2025-03-04
cx66a031cc3bd305c76371fb586e93801b948254f0,cx21e94c08c03daee80c25d8ee3ea22a20786ec231,cxa0af3165c08318e988cb30993b3048335b94af6c,0x1158e460913d00000,0x24f0de51082f013e7cdde7e930ffe8e06bdf8bbd217bce5488faeacf0a45c06e,1,94220315,20.0,1741121440503481,Avalanche,0.0883172375,AVAX,0,1,2025-03-04
cx66a031cc3bd305c76371fb586e93801b948254f0,hx2debd9ec927cca1639da8d3518dd9dbf1cdfb357,cx21e94c08c03daee80c25d8ee3ea22a20786ec231,0x1158e460913d00000,0x24f0de51082f013e7cdde7e930ffe8e06bdf8bbd217bce5488faeacf0a45c06e,0,94220315,20.0,1741121440503481,Avalanche,0.0883172375,AVAX,0,1,2025-03-04
cx88fd7df7ddff82f7cc735c871dc519838cb235bb,cxa0af3165c08318e988cb30993b3048335b94af6c,cx5faae53c4dbd1fbe4a2eb4aab6565030f10da5c6,0xee25461560f31d,0x6e82c45ea5cd897a32394b873d79508706ffa247863dd6a92900eb3260640d52,2,94220256,0.06703202739374979,1741121322396412,Balanced Dollar,0.0569443375,bnUSD,0,1,2025-03-04
cx88fd7df7ddff82f7cc735c871dc519838cb235bb,cxa0af3165c08318e988cb30993b3048335b94af6c,hxd75467e3e4ce64e3424c747dfb71503017440433,0x26a756d793af1651b,0x6e82c45ea5cd897a32394b873d79508706ffa247863dd6a92900eb3260640d52,1,94220256,44.56464605516198,1741121322396412,Balanced Dollar,0.0569443375,bnUSD,0,1,2025-03-04
cx4297f4b63262507623b6ad575d0d8dd2db980e4e,hxd75467e3e4ce64e3424c747dfb71503017440433,cxa0af3165c08318e988cb30993b3048335b94af6c,0x3782dace9d900000,0x6e82c45ea5cd897a32394b873d79508706ffa247863dd6a92900eb3260640d52,0,94220256,4.0,1741121322396412,Injective,0.0569443375,INJ,0,1,2025-03-04
cx88fd7df7ddff82f7cc735c871dc519838cb235bb,cx21e94c08c03daee80c25d8ee3ea22a20786ec231,hx2debd9ec927cca1639da8d3518dd9dbf1cdfb357,0x19bc82ba72683dea21,0xf6887bc791c13c0283cd7bb51df6a5fecca6fc8b4e2c210f6350d7e417114631,5,94220254,474.75222626937955,1741121318392754,Balanced Dollar,0.0885101125,bnUSD,0,1,2025-03-04
cx88fd7df7ddff82f7cc735c871dc519838cb235bb,cxa0af3165c08318e988cb30993b3048335b94af6c,cx5faae53c4dbd1fbe4a2eb4aab6565030f10da5c6,0x9e6ec6898da27fd,0xf6887bc791c13c0283cd7bb51df6a5fecca6fc8b4e2c210f6350d7e417114631,3,94220254,0.7135175249699901,1741121318392754,Balanced Dollar,0.0885101125,bnUSD,0,1,2025-03-04
cx88fd7df7ddff82f7cc735c871dc519838cb235bb,cxa0af3165c08318e988cb30993b3048335b94af6c,cx21e94c08c03daee80c25d8ee3ea22a20786ec231,0x19bc82ba72683dea21,0xf6887bc791c13c0283cd7bb51df6a5fecca6fc8b4e2c210f6350d7e417114631,2,94220254,474.75222626937955,1741121318392754,Balanced Dollar,0.0885101125,bnUSD,0,1,2025-03-04
cx288d13e1b63563459a2ac6179f237711f6851cb5,cx21e94c08c03daee80c25d8ee3ea22a20786ec231,cxa0af3165c08318e988cb30993b3048335b94af6c,0x30d98d59a960000,0xf6887bc791c13c0283cd7bb51df6a5fecca6fc8b4e2c210f6350d7e417114631,1,94220254,0.22,1741121318392754,Ethereum,0.0885101125,ETH,0,1,2025-03-04
cx288d13e1b63563459a2ac6179f237711f6851cb5,hx2debd9ec927cca1639da8d3518dd9dbf1cdfb357,cx21e94c08c03daee80c25d8ee3ea22a20786ec231,0x30d98d59a960000,0xf6887bc791c13c0283cd7bb51df6a5fecca6fc8b4e2c210f6350d7e417114631,0,94220254,0.22,1741121318392754,Ethereum,0.0885101125,ETH,0,1,2025-03-04
cx88fd7df7ddff82f7cc735c871dc519838cb235bb,cxa0af3165c08318e988cb30993b3048335b94af6c,cx5faae53c4dbd1fbe4a2eb4aab6565030f10da5c6,0xee428401624ed8,0xd26a7d09fda3842381fd5c66c47a0d26bb0866040bf414f2652c39f43e0f03b8,2,94220249,0.06706417918347235,1741121308391311,Balanced Dollar,0.0569443375,bnUSD,0,1,2025-03-04
cx88fd7df7ddff82f7cc735c871dc519838cb235bb,cxa0af3165c08318e988cb30993b3048335b94af6c,hxd75467e3e4ce64e3424c747dfb71503017440433,0x26ac16093d63ab677,0xd26a7d09fda3842381fd5c66c47a0d26bb0866040bf414f2652c39f43e0f03b8,1,94220249,44.586023974015255,1741121308391311,Balanced Dollar,0.0569443375,bnUSD,0,1,2025-03-04
cx4297f4b63262507623b6ad575d0d8dd2db980e4e,hxd75467e3e4ce64e3424c747dfb71503017440433,cxa0af3165c08318e988cb30993b3048335b94af6c,0x3782dace9d900000,0xd26a7d09fda3842381fd5c66c47a0d26bb0866040bf414f2652c39f43e0f03b8,0,94220249,4.0,1741121308391311,Injective,0.0569443375,INJ,0,1,2025-03-04
cx88fd7df7ddff82f7cc735c871dc519838cb235bb,cxa0af3165c08318e988cb30993b3048335b94af6c,cx5faae53c4dbd1fbe4a2eb4aab6565030f10da5c6,0xee5fc750dbefa1,0x11d8e293012f72a11078ff10b374ad90776c2a571423b5b9d45606eec79da458,2,94220232,0.06709635411685776,1741121274545734,Balanced Dollar,0.0569443375,bnUSD,0,1,2025-03-04
cx88fd7df7ddff82f7cc735c871dc519838cb235bb,cxa0af3165c08318e988cb30993b3048335b94af6c,hxd75467e3e4ce64e3424c747dfb71503017440433,0x26b0d61adc183904e,0x11d8e293012f72a11078ff10b374ad90776c2a571423b5b9d45606eec79da458,1,94220232,44.60741728307849,1741121274545734,Balanced Dollar,0.0569443375,bnUSD,0,1,2025-03-04
cx4297f4b63262507623b6ad575d0d8dd2db980e4e,hxd75467e3e4ce64e3424c747dfb71503017440433,cxa0af3165c08318e988cb30993b3048335b94af6c,0x3782dace9d900000,0x11d8e293012f72a11078ff10b374ad90776c2a571423b5b9d45606eec79da458,0,94220232,4.0,1741121274545734,Injective,0.0569443375,INJ,0,1,2025-03-04
cx88fd7df7ddff82f7cc735c871dc519838cb235bb,cxa0af3165c08318e988cb30993b3048335b94af6c,cx5faae53c4dbd1fbe4a2eb4aab6565030f10da5c6,0xee7d100520e4ce,0xfe3937642b37d2e8b6408ff61e20ba05e4fadde949246860b96e9d48da793177,2,94220202,0.06712855221612667,1741121214377333,Balanced Dollar,0.0569443375,bnUSD,0,1,2025-03-04
cx88fd7df7ddff82f7cc735c871dc519838cb235bb,cxa0af3165c08318e988cb30993b3048335b94af6c,hxd75467e3e4ce64e3424c747dfb71503017440433,0x26b5970ca6da51a03,0xfe3937642b37d2e8b6408ff61e20ba05e4fadde949246860b96e9d48da793177,1,94220202,44.62882599712988,1741121214377333,Balanced Dollar,0.0569443375,bnUSD,0,1,2025-03-04
cx4297f4b63262507623b6ad575d0d8dd2db980e4e,hxd75467e3e4ce64e3424c747dfb71503017440433,cxa0af3165c08318e988cb30993b3048335b94af6c,0x3782dace9d900000,0xfe3937642b37d2e8b6408ff61e20ba05e4fadde949246860b96e9d48da793177,0,94220202,4.0,1741121214377333,Injective,0.0569443375,INJ,0,1,2025-03-04
cx88fd7df7ddff82f7cc735c871dc519838cb235bb,cxa0af3165c08318e988cb30993b3048335b94af6c,cx5faae53c4dbd1fbe4a2eb4aab6565030f10da5c6,0xee9a5e1f84a5e9,0x27d7765acb96edc82b3ab0f8aa2bc351ebf525d56b97e2bc17d5fec11bf4a21b,2,94220194,0.06716077350352638,1741121198520601,Balanced Dollar,0.0569443375,bnUSD,0,1,2025-03-04
cx88fd7df7ddff82f7cc735c871dc519838cb235bb,cxa0af3165c08318e988cb30993b3048335b94af6c,hxd75467e3e4ce64e3424c747dfb71503017440433,0x26ba58ded4c873a54,0x27d7765acb96edc82b3ab0f8aa2bc351ebf525d56b97e2bc17d5fec11bf4a21b,1,94220194,44.65025013096535,1741121198520601,Balanced Dollar,0.0569443375,bnUSD,0,1,2025-03-04
cx4297f4b63262507623b6ad575d0d8dd2db980e4e,hxd75467e3e4ce64e3424c747dfb71503017440433,cxa0af3165c08318e988cb30993b3048335b94af6c,0x3782dace9d900000,0x27d7765acb96edc82b3ab0f8aa2bc351ebf525d56b97e2bc17d5fec11bf4a21b,0,94220194,4.0,1741121198520601,Injective,0.0569443375,INJ,0,1,2025-03-04
cxd17316e24ee40f2ef8ed6f3a497311db1b35206d,hx2ed8dc98004a534675b236746f49b87df5aae824,hx2ed8dc98004a534675b236746f49b87df5aae824,0x0,0x6de09a0bd712d20e4cf2ec1e64f3aa1dd6ca78a07776f94dbf9128fd52d62518,2,94220189,0.0,1741121188538956,unknown_token,0.0108019875,$unknown,5,1,2025-03-04
cx7baf94bd53b505353285ee4c4c050f9703581703,hx2ed8dc98004a534675b236746f49b87df5aae824,hx0000000000000000000000000000000000000000,0x0,0x6de09a0bd712d20e4cf2ec1e64f3aa1dd6ca78a07776f94dbf9128fd52d62518,1,94220189,0.0,1741121188538956,unknown_token,0.0108019875,$unknown,5,1,2025-03-04
cxd17316e24ee40f2ef8ed6f3a497311db1b35206d,hx2ed8dc98004a534675b236746f49b87df5aae824,hx2ed8dc98004a534675b236746f49b87df5aae824,0x0,0x3672cd544f7e49655d1c05f6200676a4047aac0da3bb5c085a3cac1c3972dfb1,2,94220178,0.0,1741121166337971,unknown_token,0.0108019875,$unknown,5,1,2025-03-04
cx7baf94bd53b505353285ee4c4c050f9703581703,hx2ed8dc98004a534675b236746f49b87df5aae824,hx0000000000000000000000000000000000000000,0x0,0x3672cd544f7e49655d1c05f6200676a4047aac0da3bb5c085a3cac1c3972dfb1,1,94220178,0.0,1741121166337971,unknown_token,0.0108019875,$unknown,3,1,2025-03-04
cxd17316e24ee40f2ef8ed6f3a497311db1b35206d,hx2ed8dc98004a534675b236746f49b87df5aae824,hx2ed8dc98004a534675b236746f49b87df5aae824,0x0,0x3fca68365b0932e6d28f5646862a2cb8363c62950f59ea9a6c329dcd9fef5539,2,94220168,0.0,1741121146350464,unknown_token,0.0108019875,$unknown,5,1,2025-03-04
cx7baf94bd53b505353285ee4c4c050f9703581703,hx2ed8dc98004a534675b236746f49b87df5aae824,hx0000000000000000000000000000000000000000,0x0,0x3fca68365b0932e6d28f5646862a2cb8363c62950f59ea9a6c329dcd9fef5539,1,94220168,0.0,1741121146350464,unknown_token,0.0108019875,$unknown,5,1,2025-03-04
cxd17316e24ee40f2ef8ed6f3a497311db1b35206d,hx2ed8dc98004a534675b236746f49b87df5aae824,hx2ed8dc98004a534675b236746f49b87df5aae824,0x0,0xec06c3af5a58b631105fa4705a525aae96c1dd122e9bf06605654b7da96b6c6e,2,94220115,0.0,1741121040384457,unknown_token,0.0108019875,$unknown,5,1,2025-03-04
cx7baf94bd53b505353285ee4c4c050f9703581703,hx2ed8dc98004a534675b236746f49b87df5aae824,hx0000000000000000000000000000000000000000,0x0,0xec06c3af5a58b631105fa4705a525aae96c1dd122e9bf06605654b7da96b6c6e,1,94220115,0.0,1741121040384457,unknown_token,0.0108019875,$unknown,3,1,2025-03-04
cx88fd7df7ddff82f7cc735c871dc519838cb235bb,cxa0af3165c08318e988cb30993b3048335b94af6c,cx5faae53c4dbd1fbe4a2eb4aab6565030f10da5c6,0xeeb7b1a15b12d4,0x7ba24bb43a4e89dcfad8d3c7a418e1abcf54ed0e38e0c23dc09b462d2bf26ac8,2,94220062,0.0671930180013309,1741120934391669,Balanced Dollar,0.0569443375,bnUSD,0,1,2025-03-04
cx88fd7df7ddff82f7cc735c871dc519838cb235bb,cxa0af3165c08318e988cb30993b3048335b94af6c,hxd75467e3e4ce64e3424c747dfb71503017440433,0x26bf1b919d120fb3b,0x7ba24bb43a4e89dcfad8d3c7a418e1abcf54ed0e38e0c23dc09b462d2bf26ac8,1,94220062,44.671689699398584,1741120934391669,Balanced Dollar,0.0569443375,bnUSD,0,1,2025-03-04
cx4297f4b63262507623b6ad575d0d8dd2db980e4e,hxd75467e3e4ce64e3424c747dfb71503017440433,cxa0af3165c08318e988cb30993b3048335b94af6c,0x3782dace9d900000,0x7ba24bb43a4e89dcfad8d3c7a418e1abcf54ed0e38e0c23dc09b462d2bf26ac8,0,94220062,4.0,1741120934391669,Injective,0.0569443375,INJ,0,1,2025-03-04
cx88fd7df7ddff82f7cc735c871dc519838cb235bb,cx21e94c08c03daee80c25d8ee3ea22a20786ec231,hx2debd9ec927cca1639da8d3518dd9dbf1cdfb357,0x15da346f3ba0936f61,0x8a94768d22c10b11e63e50b767ca9e482492f9ece6c95a2201670af66febb5b1,5,94220058,403.1049400488456,1741120926258733,Balanced Dollar,0.0883172375,bnUSD,0,1,2025-03-04
cx88fd7df7ddff82f7cc735c871dc519838cb235bb,cxa0af3165c08318e988cb30993b3048335b94af6c,cx5faae53c4dbd1fbe4a2eb4aab6565030f10da5c6,0x867164f2998d8ec,0x8a94768d22c10b11e63e50b767ca9e482492f9ece6c95a2201670af66febb5b1,3,94220058,0.6054772041607314,1741120926258733,Balanced Dollar,0.0883172375,bnUSD,0,1,2025-03-04
cx88fd7df7ddff82f7cc735c871dc519838cb235bb,cxa0af3165c08318e988cb30993b3048335b94af6c,cx21e94c08c03daee80c25d8ee3ea22a20786ec231,0x15da346f3ba0936f61,0x8a94768d22c10b11e63e50b767ca9e482492f9ece6c95a2201670af66febb5b1,2,94220058,403.1049400488456,1741120926258733,Balanced Dollar,0.0883172375,bnUSD,0,1,2025-03-04
cx66a031cc3bd305c76371fb586e93801b948254f0,cx21e94c08c03daee80c25d8ee3ea22a20786ec231,cxa0af3165c08318e988cb30993b3048335b94af6c,0x1158e460913d00000,0x8a94768d22c10b11e63e50b767ca9e482492f9ece6c95a2201670af66febb5b1,1,94220058,20.0,1741120926258733,Avalanche,0.0883172375,AVAX,0,1,2025-03-04
cx66a031cc3bd305c76371fb586e93801b948254f0,hx2debd9ec927cca1639da8d3518dd9dbf1cdfb357,cx21e94c08c03daee80c25d8ee3ea22a20786ec231,0x1158e460913d00000,0x8a94768d22c10b11e63e50b767ca9e482492f9ece6c95a2201670af66febb5b1,0,94220058,20.0,1741120926258733,Avalanche,0.0883172375,AVAX,0,1,2025-03-04
cx88fd7df7ddff82f7cc735c871dc519838cb235bb,cxa0af3165c08318e988cb30993b3048335b94af6c,cx5faae53c4dbd1fbe4a2eb4aab6565030f10da5c6,0xeed50a8bf873f8,0x8c1c45cb2a862f73c2ab54bbd60f3c9f51967520bbf17862182d01f620514a17,2,94220044,0.06722528573184101,1741120898409393,Balanced Dollar,0.056947025,bnUSD,0,1,2025-03-04
cx88fd7df7ddff82f7cc735c871dc519838cb235bb,cxa0af3165c08318e988cb30993b3048335b94af6c,hxd75467e3e4ce64e3424c747dfb71503017440433,0x26c3df2536f78ee05,0x8c1c45cb2a862f73c2ab54bbd60f3c9f51967520bbf17862182d01f620514a17,1,94220044,44.69314471726108,1741120898409393,Balanced Dollar,0.056947025,bnUSD,0,1,2025-03-04
cx4297f4b63262507623b6ad575d0d8dd2db980e4e,hxd75467e3e4ce64e3424c747dfb71503017440433,cxa0af3165c08318e988cb30993b3048335b94af6c,0x3782dace9d900000,0x8c1c45cb2a862f73c2ab54bbd60f3c9f51967520bbf17862182d01f620514a17,0,94220044,4.0,1741120898409393,Injective,0.056947025,INJ,0,1,2025-03-04
cx88fd7df7ddff82f7cc735c871dc519838cb235bb,cxa0af3165c08318e988cb30993b3048335b94af6c,cx5faae53c4dbd1fbe4a2eb4aab6565030f10da5c6,0xeef268e0b17a60,0xcbbd21e71a8499ff572c0c8be0fa4d6cade16801240c79c58106ce36fb4f8ea6,2,94220035,0.06725757671738429,1741120880250629,Balanced Dollar,0.056943025,bnUSD,0,1,2025-03-04
cx88fd7df7ddff82f7cc735c871dc519838cb235bb,cxa0af3165c08318e988cb30993b3048335b94af6c,hxd75467e3e4ce64e3424c747dfb71503017440433,0x26c8a399d9ca58f86,0xcbbd21e71a8499ff572c0c8be0fa4d6cade16801240c79c58106ce36fb4f8ea6,1,94220035,44.71461519940213,1741120880250629,Balanced Dollar,0.056943025,bnUSD,0,1,2025-03-04
cx4297f4b63262507623b6ad575d0d8dd2db980e4e,hxd75467e3e4ce64e3424c747dfb71503017440433,cxa0af3165c08318e988cb30993b3048335b94af6c,0x3782dace9d900000,0xcbbd21e71a8499ff572c0c8be0fa4d6cade16801240c79c58106ce36fb4f8ea6,0,94220035,4.0,1741120880250629,Injective,0.056943025,INJ,0,1,2025-03-04
cx88fd7df7ddff82f7cc735c871dc519838cb235bb,cxa0af3165c08318e988cb30993b3048335b94af6c,cx5faae53c4dbd1fbe4a2eb4aab6565030f10da5c6,0x2a25b94adda3a45,0x9f6def9e23d53654aa0aa7fc2fb93f9388d90435cbdb2cb03a03ccea8ccb793d,2,94220014,0.18981482843302971,1741120838420596,Balanced Dollar,0.04738525,bnUSD,0,1,2025-03-04
cx88fd7df7ddff82f7cc735c871dc519838cb235bb,cxa0af3165c08318e988cb30993b3048335b94af6c,hxd75467e3e4ce64e3424c747dfb71503017440433,0x6d7d3ba350450cf1a,0x9f6def9e23d53654aa0aa7fc2fb93f9388d90435cbdb2cb03a03ccea8ccb793d,1,94220014,126.2324431173662,1741120838420596,Balanced Dollar,0.04738525,bnUSD,0,1,2025-03-04
cx508002ec116fbf3ab406329c0df28e70d7e75fb3,hxd75467e3e4ce64e3424c747dfb71503017440433,cxa0af3165c08318e988cb30993b3048335b94af6c,0xba43b7400,0x9f6def9e23d53654aa0aa7fc2fb93f9388d90435cbdb2cb03a03ccea8ccb793d,0,94220014,50.0,1741120838420596,Sui,0.04738525,SUI,0,1,2025-03-04
cx88fd7df7ddff82f7cc735c871dc519838cb235bb,cxa0af3165c08318e988cb30993b3048335b94af6c,cx5faae53c4dbd1fbe4a2eb4aab6565030f10da5c6,0x2a317ec37415e7c,0xfeb0a6c6ffd6b76b2c48520e6d6e34ea514cd048437840ae3372435b890a606d,2,94219997,0.1900219125864444,1741120804434862,Balanced Dollar,0.04738525,bnUSD,0,1,2025-03-04
cx88fd7df7ddff82f7cc735c871dc519838cb235bb,cxa0af3165c08318e988cb30993b3048335b94af6c,hxd75467e3e4ce64e3424c747dfb71503017440433,0x6d9bd215e4d6a6944,0xfeb0a6c6ffd6b76b2c48520e6d6e34ea514cd048437840ae3372435b890a606d,1,94219997,126.37019780799545,1741120804434862,Balanced Dollar,0.04738525,bnUSD,0,1,2025-03-04
cx508002ec116fbf3ab406329c0df28e70d7e75fb3,hxd75467e3e4ce64e3424c747dfb71503017440433,cxa0af3165c08318e988cb30993b3048335b94af6c,0xba43b7400,0xfeb0a6c6ffd6b76b2c48520e6d6e34ea514cd048437840ae3372435b890a606d,0,94219997,50.0,1741120804434862,Sui,0.04738525,SUI,0,1,2025-03-04
cx88fd7df7ddff82f7cc735c871dc519838cb235bb,cxa0af3165c08318e988cb30993b3048335b94af6c,cx5faae53c4dbd1fbe4a2eb4aab6565030f10da5c6,0x2a3d492b7fbd0fc,0x3eb1de9f850595b8683adb6fdfbd3c4faa1bba7f5aa3b6461eb2fa63c5089dec,2,94219990,0.1902293358967401,1741120790303382,Balanced Dollar,0.04738525,bnUSD,0,1,2025-03-04
cx88fd7df7ddff82f7cc735c871dc519838cb235bb,cxa0af3165c08318e988cb30993b3048335b94af6c,hxd75467e3e4ce64e3424c747dfb71503017440433,0x6dba755c7183b09c7,0x3eb1de9f850595b8683adb6fdfbd3c4faa1bba7f5aa3b6461eb2fa63c5089dec,1,94219990,126.50817817126759,1741120790303382,Balanced Dollar,0.04738525,bnUSD,0,1,2025-03-04
cx508002ec116fbf3ab406329c0df28e70d7e75fb3,hxd75467e3e4ce64e3424c747dfb71503017440433,cxa0af3165c08318e988cb30993b3048335b94af6c,0xba43b7400,0x3eb1de9f850595b8683adb6fdfbd3c4faa1bba7f5aa3b6461eb2fa63c5089dec,0,94219990,50.0,1741120790303382,Sui,0.04738525,SUI,0,1,2025-03-04
cx88fd7df7ddff82f7cc735c871dc519838cb235bb,cxa0af3165c08318e988cb30993b3048335b94af6c,cx5faae53c4dbd1fbe4a2eb4aab6565030f10da5c6,0x2a491885c36104a,0x5a0bb1d1a015bc430faffad582b38c5443181a3a50a013ccf7a27e55fd40691b,2,94219968,0.1904370991050302,1741120746205179,Balanced Dollar,0.04738525,bnUSD,0,1,2025-03-04
cx88fd7df7ddff82f7cc735c871dc519838cb235bb,cxa0af3165c08318e988cb30993b3048335b94af6c,hxd75467e3e4ce64e3424c747dfb71503017440433,0x6dd9257e23dbfa270,0x5a0bb1d1a015bc430faffad582b38c5443181a3a50a013ccf7a27e55fd40691b,1,94219968,126.64638470044933,1741120746205179,Balanced Dollar,0.04738525,bnUSD,0,1,2025-03-04
cx508002ec116fbf3ab406329c0df28e70d7e75fb3,hxd75467e3e4ce64e3424c747dfb71503017440433,cxa0af3165c08318e988cb30993b3048335b94af6c,0xba43b7400,0x5a0bb1d1a015bc430faffad582b38c5443181a3a50a013ccf7a27e55fd40691b,0,94219968,50.0,1741120746205179,Sui,0.04738525,SUI,0,1,2025-03-04
cx88fd7df7ddff82f7cc735c871dc519838cb235bb,cxa0af3165c08318e988cb30993b3048335b94af6c,cx5faae53c4dbd1fbe4a2eb4aab6565030f10da5c6,0xef0fcca0db3fea,0x0ec0b9324e0c0996eabea66f10343dcb8a8bee7f497309cd037e341b55986566,2,94219950,0.06728989098031511,1741120710382248,Balanced Dollar,0.056943025,bnUSD,0,1,2025-03-04
cx88fd7df7ddff82f7cc735c871dc519838cb235bb,cxa0af3165c08318e988cb30993b3048335b94af6c,hxd75467e3e4ce64e3424c747dfb71503017440433,0x26cd68efbcecdac83,0x0ec0b9324e0c0996eabea66f10343dcb8a8bee7f497309cd037e341b55986566,1,94219950,44.736101160688925,1741120710382248,Balanced Dollar,0.056943025,bnUSD,0,1,2025-03-04
cx4297f4b63262507623b6ad575d0d8dd2db980e4e,hxd75467e3e4ce64e3424c747dfb71503017440433,cxa0af3165c08318e988cb30993b3048335b94af6c,0x3782dace9d900000,0x0ec0b9324e0c0996eabea66f10343dcb8a8bee7f497309cd037e341b55986566,0,94219950,4.0,1741120710382248,Injective,0.056943025,INJ,0,1,2025-03-04
cx5f1cc357f2304fb2646e20211adbe137ab5852dd,hx2ed8dc98004a534675b236746f49b87df5aae824,hx2ed8dc98004a534675b236746f49b87df5aae824,0x0,0x6ea2ca2f6e64f685bf3c31e1d3945f00bbf70ec23660d4e9d3fda4c061c9c9e6,0,94219946,0.0,1741120702325284,unknown_token,0.003824875,$unknown,1,1,2025-03-04
cx2609b924e33ef00b648a409245c7ea394c467824,hx1adc2b41608d81704d775ff143f43ab6efe0d792,cx66d4d90f5f113eba575bf793570135f9b10cece1,0x400b898a106e9cc84,0xb5ae357906f037235a6c5c803faf8b5d4d03237882cedb945420291eacf7a1d5,1,94219904,73.83893550792611,1741120618154974,Staked ICX,0.09525775,sICX,0,1,2025-03-04
cxd17316e24ee40f2ef8ed6f3a497311db1b35206d,hx2ed8dc98004a534675b236746f49b87df5aae824,hx2ed8dc98004a534675b236746f49b87df5aae824,0x0,0x2e8f00060a5edd6255652a2ab465e75bc1ae5c35d113d2ef97b84b18e6211210,2,94219899,0.0,1741120608150157,unknown_token,0.0108019875,$unknown,5,1,2025-03-04
cx7baf94bd53b505353285ee4c4c050f9703581703,hx2ed8dc98004a534675b236746f49b87df5aae824,hx0000000000000000000000000000000000000000,0x0,0x2e8f00060a5edd6255652a2ab465e75bc1ae5c35d113d2ef97b84b18e6211210,1,94219899,0.0,1741120608150157,unknown_token,0.0108019875,$unknown,3,1,2025-03-04
cx88fd7df7ddff82f7cc735c871dc519838cb235bb,cxa0af3165c08318e988cb30993b3048335b94af6c,cx5faae53c4dbd1fbe4a2eb4aab6565030f10da5c6,0x15c6b95275cca8f,0x64c1929df80323920b2e293eb3c7177d7f9ed4b91f841720f81f98c37e682e29,2,94219714,0.09807158025000001,1741120238204819,Balanced Dollar,0.0563991125,bnUSD,0,1,2025-03-04
cx288d13e1b63563459a2ac6179f237711f6851cb5,cxa0af3165c08318e988cb30993b3048335b94af6c,hxd75467e3e4ce64e3424c747dfb71503017440433,0x6ae586ce113414,0x64c1929df80323920b2e293eb3c7177d7f9ed4b91f841720f81f98c37e682e29,1,94219714,0.030088714676941845,1741120238204819,Ethereum,0.0563991125,ETH,0,1,2025-03-04
cx88fd7df7ddff82f7cc735c871dc519838cb235bb,hxd75467e3e4ce64e3424c747dfb71503017440433,cxa0af3165c08318e988cb30993b3048335b94af6c,0x38b5829c12c4f8000,0x64c1929df80323920b2e293eb3c7177d7f9ed4b91f841720f81f98c37e682e29,0,94219714,65.38105350000001,1741120238204819,Balanced Dollar,0.0563991125,bnUSD,0,1,2025-03-04
cx88fd7df7ddff82f7cc735c871dc519838cb235bb,cxa0af3165c08318e988cb30993b3048335b94af6c,cx5faae53c4dbd1fbe4a2eb4aab6565030f10da5c6,0x15c9d76c610cd7c,0xe55d13528d7955a91ebfcbdb194e869a23f486107a24afb3725edb7bf26646f3,2,94219706,0.09812642534999999,1741120222025096,Balanced Dollar,0.0563991125,bnUSD,0,2,2025-03-04
cx288d13e1b63563459a2ac6179f237711f6851cb5,cxa0af3165c08318e988cb30993b3048335b94af6c,hxd75467e3e4ce64e3424c747dfb71503017440433,0x6afcc011f69bcc,0xe55d13528d7955a91ebfcbdb194e869a23f486107a24afb3725edb7bf26646f3,1,94219706,0.030114249396624333,1741120222025096,Ethereum,0.0563991125,ETH,0,2,2025-03-04
cx88fd7df7ddff82f7cc735c871dc519838cb235bb,hxd75467e3e4ce64e3424c747dfb71503017440433,cxa0af3165c08318e988cb30993b3048335b94af6c,0x38bda0ff921172000,0xe55d13528d7955a91ebfcbdb194e869a23f486107a24afb3725edb7bf26646f3,0,94219706,65.4176169,1741120222025096,Balanced Dollar,0.0563991125,bnUSD,0,2,2025-03-04
cx88fd7df7ddff82f7cc735c871dc519838cb235bb,cxa0af3165c08318e988cb30993b3048335b94af6c,cx5faae53c4dbd1fbe4a2eb4aab6565030f10da5c6,0x15d27a8e6ab6483,0x3bf16ba2901de3e15ef0cf45537db5650a1aae712ac351b11a9b59f83f1e9f59,2,94219695,0.09827837325000001,1741120200103204,Balanced Dollar,0.0563991125,bnUSD,0,1,2025-03-04
cx288d13e1b63563459a2ac6179f237711f6851cb5,cxa0af3165c08318e988cb30993b3048335b94af6c,hxd75467e3e4ce64e3424c747dfb71503017440433,0x6b2f1b0294ed99,0x3bf16ba2901de3e15ef0cf45537db5650a1aae712ac351b11a9b59f83f1e9f59,1,94219695,0.03016961556197724,1741120200103204,Ethereum,0.0563991125,ETH,0,1,2025-03-04
cx88fd7df7ddff82f7cc735c871dc519838cb235bb,hxd75467e3e4ce64e3424c747dfb71503017440433,cxa0af3165c08318e988cb30993b3048335b94af6c,0x38d41f2835e55c000,0x3bf16ba2901de3e15ef0cf45537db5650a1aae712ac351b11a9b59f83f1e9f59,0,94219695,65.5189155,1741120200103204,Balanced Dollar,0.0563991125,bnUSD,0,1,2025-03-04
cx7baf94bd53b505353285ee4c4c050f9703581703,hx8026678e3d08ba3203ce6161ee8e9e3b9793491f,hx8026678e3d08ba3203ce6161ee8e9e3b9793491f,0x0,0xc52f15ada783f95e8e94a7a7a3402c0ff3054aebdbc42f9e1ff7d7c28cde11d5,1,94219677,0.0,1741120164052991,unknown_token,0.0206297625,$unknown,20,1,2025-03-04
cx7baf94bd53b505353285ee4c4c050f9703581703,hx8026678e3d08ba3203ce6161ee8e9e3b9793491f,hx8026678e3d08ba3203ce6161ee8e9e3b9793491f,0x0,0xc52f15ada783f95e8e94a7a7a3402c0ff3054aebdbc42f9e1ff7d7c28cde11d5,0,94219677,0.0,1741120164052991,unknown_token,0.0206297625,$unknown,10,1,2025-03-04
cx2609b924e33ef00b648a409245c7ea394c467824,cxa0af3165c08318e988cb30993b3048335b94af6c,hx9092a3fc19763f078f069b5406c4433f37b7ea56,0x1,0x782b67ddf1f9a82854da6bbd11c37a12ecbc2705b0a4b828a0195acfc945ebd3,4,94219645,1e-18,1741120100063302,Staked ICX,0.10609875,sICX,0,1,2025-03-04
cx3975b43d260fb8ec802cef6e60c2f4d07486f11d,hx9092a3fc19763f078f069b5406c4433f37b7ea56,cxa0af3165c08318e988cb30993b3048335b94af6c,0x57a058b45f5b7ef65a,0x8f32e665f2ebffc4bcb730c6885284901690c4f32ac91697a9c9f0ff060741ad,1,94219641,1616.4209175784,1741120091984464,Wrapped ICX,0.0165693375,wICX,0,1,2025-03-04
cx3975b43d260fb8ec802cef6e60c2f4d07486f11d,hx0000000000000000000000000000000000000000,hx9092a3fc19763f078f069b5406c4433f37b7ea56,0x57a058b45f5b7ef65a,0x8f32e665f2ebffc4bcb730c6885284901690c4f32ac91697a9c9f0ff060741ad,0,94219641,1616.4209175784,1741120091984464,Wrapped ICX,0.0165693375,wICX,0,1,2025-03-04
cx2609b924e33ef00b648a409245c7ea394c467824,hx9092a3fc19763f078f069b5406c4433f37b7ea56,cxa0af3165c08318e988cb30993b3048335b94af6c,0x4311b8acb74c290f6b,0x700ef31804813a3a4e450c70d252cce1e2bdb1141e665ca636ca904f4f74b230,1,94219639,1237.2088133361563,1741120088145818,Staked ICX,0.09355205,sICX,0,1,2025-03-04
cx3975b43d260fb8ec802cef6e60c2f4d07486f11d,hx9092a3fc19763f078f069b5406c4433f37b7ea56,hx0000000000000000000000000000000000000000,0x57660442989b39f724,0xff89027d86f252d22948c3a8b95d83f47c349893c5d176c94e24d5a5bba7eabc,7,94219630,1612.2178081277132,1741120069976438,Wrapped ICX,0.15391195,wICX,0,1,2025-03-04
cx3975b43d260fb8ec802cef6e60c2f4d07486f11d,cx21e94c08c03daee80c25d8ee3ea22a20786ec231,hx9092a3fc19763f078f069b5406c4433f37b7ea56,0x57660442989b39f724,0xff89027d86f252d22948c3a8b95d83f47c349893c5d176c94e24d5a5bba7eabc,6,94219630,1612.2178081277132,1741120069976438,Wrapped ICX,0.15391195,wICX,0,1,2025-03-04
cx2609b924e33ef00b648a409245c7ea394c467824,cxa0af3165c08318e988cb30993b3048335b94af6c,cx5faae53c4dbd1fbe4a2eb4aab6565030f10da5c6,0x19c12c4a83d38480,0xff89027d86f252d22948c3a8b95d83f47c349893c5d176c94e24d5a5bba7eabc,4,94219630,1.8558132200042343,1741120069976438,Staked ICX,0.15391195,sICX,0,1,2025-03-04
cx3975b43d260fb8ec802cef6e60c2f4d07486f11d,cxa0af3165c08318e988cb30993b3048335b94af6c,cx21e94c08c03daee80c25d8ee3ea22a20786ec231,0x57660442989b39f724,0xff89027d86f252d22948c3a8b95d83f47c349893c5d176c94e24d5a5bba7eabc,3,94219630,1612.2178081277132,1741120069976438,Wrapped ICX,0.15391195,wICX,0,1,2025-03-04
cx2609b924e33ef00b648a409245c7ea394c467824,cx21e94c08c03daee80c25d8ee3ea22a20786ec231,cxa0af3165c08318e988cb30993b3048335b94af6c,0x4311b8acb74c290f6b,0xff89027d86f252d22948c3a8b95d83f47c349893c5d176c94e24d5a5bba7eabc,2,94219630,1237.2088133361563,1741120069976438,Staked ICX,0.15391195,sICX,0,1,2025-03-04
cx2609b924e33ef00b648a409245c7ea394c467824,hx9092a3fc19763f078f069b5406c4433f37b7ea56,cx21e94c08c03daee80c25d8ee3ea22a20786ec231,0x4311b8acb74c290f6b,0xff89027d86f252d22948c3a8b95d83f47c349893c5d176c94e24d5a5bba7eabc,1,94219630,1237.2088133361563,1741120069976438,Staked ICX,0.15391195,sICX,0,1,2025-03-04
cx66a031cc3bd305c76371fb586e93801b948254f0,hxd75467e3e4ce64e3424c747dfb71503017440433,hx0000000000000000000000000000000000000000,0x270801d946c940000,0xdd51efede3e4c373981ab5e1018f4c4ddd1b19c00eba889cd22aaf50e105ad0d,0,94219626,45.0,1741120061989456,Avalanche,0.0246795625,AVAX,0,1,2025-03-04
cx7baf94bd53b505353285ee4c4c050f9703581703,hx9645117f1b0c7181a126c7f4f222caefc6ee7a61,hx9645117f1b0c7181a126c7f4f222caefc6ee7a61,0x0,0xbdce9f0e17d67ace9d8f27abcdfab9cb4fe568327b7aba0a16a692d88b959754,1,94219617,0.0,1741120044136853,unknown_token,0.0206322625,$unknown,15,1,2025-03-04
cx7baf94bd53b505353285ee4c4c050f9703581703,hx9645117f1b0c7181a126c7f4f222caefc6ee7a61,hx9645117f1b0c7181a126c7f4f222caefc6ee7a61,0x0,0xbdce9f0e17d67ace9d8f27abcdfab9cb4fe568327b7aba0a16a692d88b959754,0,94219617,0.0,1741120044136853,unknown_token,0.0206322625,$unknown,10,1,2025-03-04
cx88fd7df7ddff82f7cc735c871dc519838cb235bb,cxa0af3165c08318e988cb30993b3048335b94af6c,cx5faae53c4dbd1fbe4a2eb4aab6565030f10da5c6,0xe64a0165652106,0x0cc3cc81f82de3a0a3e450f7eadea206b08cdf1e36ec036c3ce460616466d818,2,94219615,0.06482061450000001,1741120040036529,Balanced Dollar,0.0460303,bnUSD,0,1,2025-03-04
cx65c9e3d4fea842e00add0d32a5b4c5e4e04c7a6b,cxa0af3165c08318e988cb30993b3048335b94af6c,hxd75467e3e4ce64e3424c747dfb71503017440433,0x120e41e8,0x0cc3cc81f82de3a0a3e450f7eadea206b08cdf1e36ec036c3ce460616466d818,1,94219615,0.302924264,1741120040036529,Solana,0.0460303,SOL,0,1,2025-03-04
cx88fd7df7ddff82f7cc735c871dc519838cb235bb,hxd75467e3e4ce64e3424c747dfb71503017440433,cxa0af3165c08318e988cb30993b3048335b94af6c,0x257b60e4d62060000,0x0cc3cc81f82de3a0a3e450f7eadea206b08cdf1e36ec036c3ce460616466d818,0,94219615,43.213743,1741120040036529,Balanced Dollar,0.0460303,bnUSD,0,1,2025-03-04
cx88fd7df7ddff82f7cc735c871dc519838cb235bb,cxa0af3165c08318e988cb30993b3048335b94af6c,cx5faae53c4dbd1fbe4a2eb4aab6565030f10da5c6,0xf06b8fda72a7f3,0xec6fd6181810741922c4c5741537d8d98e006591223a6a833ab1139e14e59e85,2,94219606,0.06767225999999998,1741120021966024,Balanced Dollar,0.0563614,bnUSD,0,1,2025-03-04
cx4297f4b63262507623b6ad575d0d8dd2db980e4e,cxa0af3165c08318e988cb30993b3048335b94af6c,hxd75467e3e4ce64e3424c747dfb71503017440433,0x37a5549bd53f993e,0xec6fd6181810741922c4c5741537d8d98e006591223a6a833ab1139e14e59e85,1,94219606,4.009704071517674,1741120021966024,Injective,0.0563614,INJ,0,1,2025-03-04
cx88fd7df7ddff82f7cc735c871dc519838cb235bb,hxd75467e3e4ce64e3424c747dfb71503017440433,cxa0af3165c08318e988cb30993b3048335b94af6c,0x272181bf38a956000,0xec6fd6181810741922c4c5741537d8d98e006591223a6a833ab1139e14e59e85,0,94219606,45.114839999999994,1741120021966024,Balanced Dollar,0.0563614,bnUSD,0,1,2025-03-04
cx3975b43d260fb8ec802cef6e60c2f4d07486f11d,hx9092a3fc19763f078f069b5406c4433f37b7ea56,cxa0af3165c08318e988cb30993b3048335b94af6c,0x347c1c521755cefb400,0xa550521fd9a19a197609a74427bb8496095251a092c4c959d26189d6c4259036,1,94219584,15490.78088085,1741119977936693,Wrapped ICX,0.0165812125,wICX,0,1,2025-03-04
cx3975b43d260fb8ec802cef6e60c2f4d07486f11d,hx0000000000000000000000000000000000000000,hx9092a3fc19763f078f069b5406c4433f37b7ea56,0x347c1c521755cefb400,0xa550521fd9a19a197609a74427bb8496095251a092c4c959d26189d6c4259036,0,94219584,15490.78088085,1741119977936693,Wrapped ICX,0.0165812125,wICX,0,1,2025-03-04
cx2609b924e33ef00b648a409245c7ea394c467824,hx9092a3fc19763f078f069b5406c4433f37b7ea56,cxa0af3165c08318e988cb30993b3048335b94af6c,0x2823c3fcfb1055b8b04,0x658787ea3d7f57b4c52953603728bd42dbd2024c0e6b7abe70d1f0d6968c06b7,1,94219582,11847.151112246547,1741119974079900,Staked ICX,0.0935943625,sICX,0,1,2025-03-04
cx88fd7df7ddff82f7cc735c871dc519838cb235bb,cxd82fb5d3effecd8c9071a4bba3856ad7222c4b91,hxd75467e3e4ce64e3424c747dfb71503017440433,0x3635c9adc5dea00000,0x71b1a353aa4a04fb29d5dc7798e4f60c40f7b20c023fe92c4443ad7fe245f7e3,0,94219571,1000.0,1741119952069791,Balanced Dollar,0.0206869375,bnUSD,0,1,2025-03-04
cx88fd7df7ddff82f7cc735c871dc519838cb235bb,cxd82fb5d3effecd8c9071a4bba3856ad7222c4b91,hxd75467e3e4ce64e3424c747dfb71503017440433,0x3635c9adc5dea00000,0xb1c5749b5a5e2aa8d2aee1237040a286a3e3eaccef576d9b89d396a7a2643f27,0,94219570,1000.0,1741119950027033,Balanced Dollar,0.0206869375,bnUSD,0,1,2025-03-04
cx7baf94bd53b505353285ee4c4c050f9703581703,hx9645117f1b0c7181a126c7f4f222caefc6ee7a61,hx9645117f1b0c7181a126c7f4f222caefc6ee7a61,0x0,0xcfb0e7f2da85e3a1c375a4f0be6d430b122fec15239affe3fc46c52d9e01e62c,1,94219560,0.0,1741119929947917,unknown_token,0.0627840125,$unknown,15,1,2025-03-04
cx7baf94bd53b505353285ee4c4c050f9703581703,hx9645117f1b0c7181a126c7f4f222caefc6ee7a61,hx9645117f1b0c7181a126c7f4f222caefc6ee7a61,0x0,0xcfb0e7f2da85e3a1c375a4f0be6d430b122fec15239affe3fc46c52d9e01e62c,0,94219560,0.0,1741119929947917,unknown_token,0.0627840125,$unknown,10,1,2025-03-04
cx88fd7df7ddff82f7cc735c871dc519838cb235bb,cxa0af3165c08318e988cb30993b3048335b94af6c,cx5faae53c4dbd1fbe4a2eb4aab6565030f10da5c6,0xf0350bfc0a4000,0x841211801d5de6426f2df0ae059bbc395aa3533801e062e31894e4548aba442e,2,94219530,0.06761232,1741119869910194,Balanced Dollar,0.0563574,bnUSD,0,1,2025-03-04
cx4297f4b63262507623b6ad575d0d8dd2db980e4e,cxa0af3165c08318e988cb30993b3048335b94af6c,hxd75467e3e4ce64e3424c747dfb71503017440433,0x379f93ce30070b29,0x841211801d5de6426f2df0ae059bbc395aa3533801e062e31894e4548aba442e,1,94219530,4.008084707161345,1741119869910194,Injective,0.0563574,INJ,0,1,2025-03-04
cx88fd7df7ddff82f7cc735c871dc519838cb235bb,hxd75467e3e4ce64e3424c747dfb71503017440433,cxa0af3165c08318e988cb30993b3048335b94af6c,0x2718a248b055c0000,0x841211801d5de6426f2df0ae059bbc395aa3533801e062e31894e4548aba442e,0,94219530,45.07488,1741119869910194,Balanced Dollar,0.0563574,bnUSD,0,1,2025-03-04
cx88fd7df7ddff82f7cc735c871dc519838cb235bb,cxa0af3165c08318e988cb30993b3048335b94af6c,cx5faae53c4dbd1fbe4a2eb4aab6565030f10da5c6,0x1b1c748b4c38800,0x27df09257b94002e96d8baa148d4e93adf19c0a04808043390c18330d0fe9c31,2,94219525,0.12209778,1741119860074203,Balanced Dollar,0.0563089625,bnUSD,0,1,2025-03-04
cx66a031cc3bd305c76371fb586e93801b948254f0,cxa0af3165c08318e988cb30993b3048335b94af6c,hxd75467e3e4ce64e3424c747dfb71503017440433,0x37a33b705c645338,0x27df09257b94002e96d8baa148d4e93adf19c0a04808043390c18330d0fe9c31,1,94219525,4.009113447062328,1741119860074203,Avalanche,0.0563089625,AVAX,0,1,2025-03-04
cx88fd7df7ddff82f7cc735c871dc519838cb235bb,hxd75467e3e4ce64e3424c747dfb71503017440433,cxa0af3165c08318e988cb30993b3048335b94af6c,0x469a1a2ac12878000,0x27df09257b94002e96d8baa148d4e93adf19c0a04808043390c18330d0fe9c31,0,94219525,81.39852,1741119860074203,Balanced Dollar,0.0563089625,bnUSD,0,1,2025-03-04
cx88fd7df7ddff82f7cc735c871dc519838cb235bb,cxa0af3165c08318e988cb30993b3048335b94af6c,cx5faae53c4dbd1fbe4a2eb4aab6565030f10da5c6,0xf0350bfc0a4000,0xfee95605821ab9e15b491e12edfe970822b9251676c8375b668b3cd9257c1da6,2,94219517,0.06761232,1741119844070419,Balanced Dollar,0.0563614,bnUSD,0,1,2025-03-04
cx4297f4b63262507623b6ad575d0d8dd2db980e4e,cxa0af3165c08318e988cb30993b3048335b94af6c,hxd75467e3e4ce64e3424c747dfb71503017440433,0x37a6719d52b9013c,0xfee95605821ab9e15b491e12edfe970822b9251676c8375b668b3cd9257c1da6,1,94219517,4.010017438731666,1741119844070419,Injective,0.0563614,INJ,0,1,2025-03-04
cx88fd7df7ddff82f7cc735c871dc519838cb235bb,hxd75467e3e4ce64e3424c747dfb71503017440433,cxa0af3165c08318e988cb30993b3048335b94af6c,0x2718a248b055c0000,0xfee95605821ab9e15b491e12edfe970822b9251676c8375b668b3cd9257c1da6,0,94219517,45.07488,1741119844070419,Balanced Dollar,0.0563614,bnUSD,0,1,2025-03-04
cx88fd7df7ddff82f7cc735c871dc519838cb235bb,cxa0af3165c08318e988cb30993b3048335b94af6c,cx5faae53c4dbd1fbe4a2eb4aab6565030f10da5c6,0x1b190c4d65b2000,0x5daadbc901ab5b616e8b44b7ebaeef29c699ed4778405b7181a46a25146d151a,2,94219510,0.12203784,1741119829917769,Balanced Dollar,0.0563089625,bnUSD,0,1,2025-03-04
cx66a031cc3bd305c76371fb586e93801b948254f0,cxa0af3165c08318e988cb30993b3048335b94af6c,hxd75467e3e4ce64e3424c747dfb71503017440433,0x37a5abb9142eb351,0x5daadbc901ab5b616e8b44b7ebaeef29c699ed4778405b7181a46a25146d151a,1,94219510,4.009799854639199,1741119829917769,Avalanche,0.0563089625,AVAX,0,1,2025-03-04
cx88fd7df7ddff82f7cc735c871dc519838cb235bb,hxd75467e3e4ce64e3424c747dfb71503017440433,cxa0af3165c08318e988cb30993b3048335b94af6c,0x46913ab438d4e0000,0x5daadbc901ab5b616e8b44b7ebaeef29c699ed4778405b7181a46a25146d151a,0,94219510,81.35856,1741119829917769,Balanced Dollar,0.0563089625,bnUSD,0,1,2025-03-04
cx288d13e1b63563459a2ac6179f237711f6851cb5,cx21e94c08c03daee80c25d8ee3ea22a20786ec231,hx2debd9ec927cca1639da8d3518dd9dbf1cdfb357,0x30d970915da9930,0x63626197dddb2d7216254a36e4189fe3ac0db553846173d54c38a27599daaca3,5,94219494,0.21999802208816976,1741119798048466,Ethereum,0.0884685,ETH,0,1,2025-03-04
cx88fd7df7ddff82f7cc735c871dc519838cb235bb,cxa0af3165c08318e988cb30993b3048335b94af6c,cx5faae53c4dbd1fbe4a2eb4aab6565030f10da5c6,0x9eefe75c6694ff5,0x63626197dddb2d7216254a36e4189fe3ac0db553846173d54c38a27599daaca3,3,94219494,0.7157891725919068,1741119798048466,Balanced Dollar,0.0884685,bnUSD,0,1,2025-03-04
cx288d13e1b63563459a2ac6179f237711f6851cb5,cxa0af3165c08318e988cb30993b3048335b94af6c,cx21e94c08c03daee80c25d8ee3ea22a20786ec231,0x30d970915da9930,0x63626197dddb2d7216254a36e4189fe3ac0db553846173d54c38a27599daaca3,2,94219494,0.21999802208816976,1741119798048466,Ethereum,0.0884685,ETH,0,1,2025-03-04
cx88fd7df7ddff82f7cc735c871dc519838cb235bb,cx21e94c08c03daee80c25d8ee3ea22a20786ec231,cxa0af3165c08318e988cb30993b3048335b94af6c,0x19de6152b4b24038b0,0x63626197dddb2d7216254a36e4189fe3ac0db553846173d54c38a27599daaca3,1,94219494,477.19278172793787,1741119798048466,Balanced Dollar,0.0884685,bnUSD,0,1,2025-03-04
cx88fd7df7ddff82f7cc735c871dc519838cb235bb,hx2debd9ec927cca1639da8d3518dd9dbf1cdfb357,cx21e94c08c03daee80c25d8ee3ea22a20786ec231,0x19de6152b4b24038b0,0x63626197dddb2d7216254a36e4189fe3ac0db553846173d54c38a27599daaca3,0,94219494,477.19278172793787,1741119798048466,Balanced Dollar,0.0884685,bnUSD,0,1,2025-03-04
cx88fd7df7ddff82f7cc735c871dc519838cb235bb,cxa0af3165c08318e988cb30993b3048335b94af6c,cx5faae53c4dbd1fbe4a2eb4aab6565030f10da5c6,0xeffe881da1d800,0x913a015a47858673924268603010a22846e1fc54db81190f195979c7a58361ed,2,94219491,0.06755238,1741119791888653,Balanced Dollar,0.0563614,bnUSD,0,1,2025-03-04
cx4297f4b63262507623b6ad575d0d8dd2db980e4e,cxa0af3165c08318e988cb30993b3048335b94af6c,hxd75467e3e4ce64e3424c747dfb71503017440433,0x37a0ad1eec0f2edc,0x913a015a47858673924268603010a22846e1fc54db81190f195979c7a58361ed,1,94219491,4.008394016680784,1741119791888653,Injective,0.0563614,INJ,0,1,2025-03-04
cx88fd7df7ddff82f7cc735c871dc519838cb235bb,hxd75467e3e4ce64e3424c747dfb71503017440433,cxa0af3165c08318e988cb30993b3048335b94af6c,0x270fc2d2280228000,0x913a015a47858673924268603010a22846e1fc54db81190f195979c7a58361ed,0,94219491,45.03492,1741119791888653,Balanced Dollar,0.0563614,bnUSD,0,1,2025-03-04
cx88fd7df7ddff82f7cc735c871dc519838cb235bb,cxa0af3165c08318e988cb30993b3048335b94af6c,cx5faae53c4dbd1fbe4a2eb4aab6565030f10da5c6,0xeffe881da1d800,0x7d8a7c0d67fbb2fefb8b47ef0870acd382f3a1037caff5f418feb5706f9f0c0c,2,94219483,0.06755238,1741119775886085,Balanced Dollar,0.0563614,bnUSD,0,1,2025-03-04
cx4297f4b63262507623b6ad575d0d8dd2db980e4e,cxa0af3165c08318e988cb30993b3048335b94af6c,hxd75467e3e4ce64e3424c747dfb71503017440433,0x37a78a5ab61c1e78,0x7d8a7c0d67fbb2fefb8b47ef0870acd382f3a1037caff5f418feb5706f9f0c0c,1,94219483,4.010326115403702,1741119775886085,Injective,0.0563614,INJ,0,1,2025-03-04
cx88fd7df7ddff82f7cc735c871dc519838cb235bb,hxd75467e3e4ce64e3424c747dfb71503017440433,cxa0af3165c08318e988cb30993b3048335b94af6c,0x270fc2d2280228000,0x7d8a7c0d67fbb2fefb8b47ef0870acd382f3a1037caff5f418feb5706f9f0c0c,0,94219483,45.03492,1741119775886085,Balanced Dollar,0.0563614,bnUSD,0,1,2025-03-04
cx88fd7df7ddff82f7cc735c871dc519838cb235bb,cxa0af3165c08318e988cb30993b3048335b94af6c,cx5faae53c4dbd1fbe4a2eb4aab6565030f10da5c6,0xf0350bfc0a4000,0x4cc701021f5c9f36dee5138f6bf55246f97cc557f419e69ab254a65227f3abb4,2,94219470,0.06761232,1741119749948015,Balanced Dollar,0.0563614,bnUSD,0,1,2025-03-04
cx4297f4b63262507623b6ad575d0d8dd2db980e4e,cxa0af3165c08318e988cb30993b3048335b94af6c,hxd75467e3e4ce64e3424c747dfb71503017440433,0x37bb0f8dfe885f9f,0x4cc701021f5c9f36dee5138f6bf55246f97cc557f419e69ab254a65227f3abb4,1,94219470,4.015820595266085,1741119749948015,Injective,0.0563614,INJ,0,1,2025-03-04
cx88fd7df7ddff82f7cc735c871dc519838cb235bb,hxd75467e3e4ce64e3424c747dfb71503017440433,cxa0af3165c08318e988cb30993b3048335b94af6c,0x2718a248b055c0000,0x4cc701021f5c9f36dee5138f6bf55246f97cc557f419e69ab254a65227f3abb4,0,94219470,45.07488,1741119749948015,Balanced Dollar,0.0563614,bnUSD,0,1,2025-03-04
cx65c9e3d4fea842e00add0d32a5b4c5e4e04c7a6b,hxd75467e3e4ce64e3424c747dfb71503017440433,hx0000000000000000000000000000000000000000,0xb2d05e00,0xe2bb48045d6064cc66c5d09150c15797e651ba8d92f7b4ec0e538cd0dfa940a2,0,94219464,3.0,1741119738013788,Solana,0.022613925,SOL,0,1,2025-03-04
cx88fd7df7ddff82f7cc735c871dc519838cb235bb,cxa0af3165c08318e988cb30993b3048335b94af6c,cx5faae53c4dbd1fbe4a2eb4aab6565030f10da5c6,0xeffe881da1d800,0xf957d279ec6d63436b896cb5bdfec08eaa9240b7a8a810490ed64866e646d59d,2,94219461,0.06755238,1741119731928344,Balanced Dollar,0.0563802125,bnUSD,0,1,2025-03-04
cx4297f4b63262507623b6ad575d0d8dd2db980e4e,cxa0af3165c08318e988cb30993b3048335b94af6c,hxd75467e3e4ce64e3424c747dfb71503017440433,0x37b54a32b85d7f2a,0xf957d279ec6d63436b896cb5bdfec08eaa9240b7a8a810490ed64866e646d59d,1,94219461,4.01419622457262,1741119731928344,Injective,0.0563802125,INJ,0,1,2025-03-04
cx88fd7df7ddff82f7cc735c871dc519838cb235bb,hxd75467e3e4ce64e3424c747dfb71503017440433,cxa0af3165c08318e988cb30993b3048335b94af6c,0x270fc2d2280228000,0xf957d279ec6d63436b896cb5bdfec08eaa9240b7a8a810490ed64866e646d59d,0,94219461,45.03492,1741119731928344,Balanced Dollar,0.0563802125,bnUSD,0,1,2025-03-04
cx88fd7df7ddff82f7cc735c871dc519838cb235bb,cx203d9cd2a669be67177e997b8948ce2c35caffae,cx835b300dcfe01f0bdb794e134a0c5628384f4367,0x24c9755b2e439a38,0x00662ca17b4f8964c4a696524e6421d7870fc2e170da38660b414eb4c2d26811,6,94219436,2.6507788901629037,1741119681909794,Balanced Dollar,0.098483175,bnUSD,0,1,2025-03-04
cx88fd7df7ddff82f7cc735c871dc519838cb235bb,cx5faae53c4dbd1fbe4a2eb4aab6565030f10da5c6,cx203d9cd2a669be67177e997b8948ce2c35caffae,0x348d83148b3c00e3,0x00662ca17b4f8964c4a696524e6421d7870fc2e170da38660b414eb4c2d26811,4,94219436,3.786826985947005,1741119681909794,Balanced Dollar,0.098483175,bnUSD,0,1,2025-03-04
cx88fd7df7ddff82f7cc735c871dc519838cb235bb,cx5faae53c4dbd1fbe4a2eb4aab6565030f10da5c6,cxdc30a0d3a1f131565c071272a20bc0b06fd4c17b,0x348d83148b3c00e2,0x00662ca17b4f8964c4a696524e6421d7870fc2e170da38660b414eb4c2d26811,3,94219436,3.786826985947005,1741119681909794,Balanced Dollar,0.098483175,bnUSD,0,1,2025-03-04
cx88fd7df7ddff82f7cc735c871dc519838cb235bb,cxa0af3165c08318e988cb30993b3048335b94af6c,cx5faae53c4dbd1fbe4a2eb4aab6565030f10da5c6,0xefc8043f397000,0x00662ca17b4f8964c4a696524e6421d7870fc2e170da38660b414eb4c2d26811,2,94219436,0.06749244,1741119681909794,Balanced Dollar,0.098483175,bnUSD,0,1,2025-03-04
cx4297f4b63262507623b6ad575d0d8dd2db980e4e,cxa0af3165c08318e988cb30993b3048335b94af6c,hxd75467e3e4ce64e3424c747dfb71503017440433,0x37af816dd7bd99b5,0x00662ca17b4f8964c4a696524e6421d7870fc2e170da38660b414eb4c2d26811,1,94219436,4.012568101781347,1741119681909794,Injective,0.098483175,INJ,0,1,2025-03-04
cx88fd7df7ddff82f7cc735c871dc519838cb235bb,hxd75467e3e4ce64e3424c747dfb71503017440433,cxa0af3165c08318e988cb30993b3048335b94af6c,0x2706e35b9fae90000,0x00662ca17b4f8964c4a696524e6421d7870fc2e170da38660b414eb4c2d26811,0,94219436,44.99496,1741119681909794,Balanced Dollar,0.098483175,bnUSD,0,1,2025-03-04
cx07b184a37f03c6ab681fcbd0b45aec6dc3eafbeb,cx21e94c08c03daee80c25d8ee3ea22a20786ec231,hx970eda4988e547df0de8324226fdf3e8ebc9734f,0x2386f26fc10001,0x353e5be7fb6a7fd801d3cd8b0bb4da5e6e85a3a9849b28063d7269290740ce0f,5,94219425,0.01,1741119659998380,Bitcoin,0.0859977,BTC,0,1,2025-03-04
cx88fd7df7ddff82f7cc735c871dc519838cb235bb,cxa0af3165c08318e988cb30993b3048335b94af6c,cx5faae53c4dbd1fbe4a2eb4aab6565030f10da5c6,0x124b7b54969b3395,0x353e5be7fb6a7fd801d3cd8b0bb4da5e6e85a3a9849b28063d7269290740ce0f,3,94219425,1.318282919170225,1741119659998380,Balanced Dollar,0.0859977,bnUSD,0,1,2025-03-04
cx07b184a37f03c6ab681fcbd0b45aec6dc3eafbeb,cxa0af3165c08318e988cb30993b3048335b94af6c,cx21e94c08c03daee80c25d8ee3ea22a20786ec231,0x2386f26fc10001,0x353e5be7fb6a7fd801d3cd8b0bb4da5e6e85a3a9849b28063d7269290740ce0f,2,94219425,0.01,1741119659998380,Bitcoin,0.0859977,BTC,0,1,2025-03-04
cx88fd7df7ddff82f7cc735c871dc519838cb235bb,cx21e94c08c03daee80c25d8ee3ea22a20786ec231,cxa0af3165c08318e988cb30993b3048335b94af6c,0x2fa4912c48342ba989,0x353e5be7fb6a7fd801d3cd8b0bb4da5e6e85a3a9849b28063d7269290740ce0f,1,94219425,878.8552794468167,1741119659998380,Balanced Dollar,0.0859977,bnUSD,0,1,2025-03-04
cx88fd7df7ddff82f7cc735c871dc519838cb235bb,hx970eda4988e547df0de8324226fdf3e8ebc9734f,cx21e94c08c03daee80c25d8ee3ea22a20786ec231,0x2fa4912c48342ba989,0x353e5be7fb6a7fd801d3cd8b0bb4da5e6e85a3a9849b28063d7269290740ce0f,0,94219425,878.8552794468167,1741119659998380,Balanced Dollar,0.0859977,bnUSD,0,1,2025-03-04
cx88fd7df7ddff82f7cc735c871dc519838cb235bb,cxa0af3165c08318e988cb30993b3048335b94af6c,cx5faae53c4dbd1fbe4a2eb4aab6565030f10da5c6,0xefc8043f397000,0x98d667e9e2874414e47139378b34c703b76efd71e71f6e646d2b0e290af1154d,2,94219423,0.06749244,1741119655809724,Balanced Dollar,0.0563614,bnUSD,0,1,2025-03-04
cx4297f4b63262507623b6ad575d0d8dd2db980e4e,cxa0af3165c08318e988cb30993b3048335b94af6c,hxd75467e3e4ce64e3424c747dfb71503017440433,0x37b660a0e380027c,0x98d667e9e2874414e47139378b34c703b76efd71e71f6e646d2b0e290af1154d,1,94219423,4.014502361975227,1741119655809724,Injective,0.0563614,INJ,0,1,2025-03-04
cx88fd7df7ddff82f7cc735c871dc519838cb235bb,hxd75467e3e4ce64e3424c747dfb71503017440433,cxa0af3165c08318e988cb30993b3048335b94af6c,0x2706e35b9fae90000,0x98d667e9e2874414e47139378b34c703b76efd71e71f6e646d2b0e290af1154d,0,94219423,44.99496,1741119655809724,Balanced Dollar,0.0563614,bnUSD,0,1,2025-03-04
cx288d13e1b63563459a2ac6179f237711f6851cb5,hxd75467e3e4ce64e3424c747dfb71503017440433,hx0000000000000000000000000000000000000000,0x6f05b59d3b20000,0x0826e736cf8616dad4f232da00c70dccd1be0ef472a30d2d07be5e8850ddcd8b,0,94219391,0.5,1741119591847994,Ethereum,0.0228310375,ETH,0,2,2025-03-04
cx4297f4b63262507623b6ad575d0d8dd2db980e4e,hxf96674b45a3f0bff969a44c111873f37adda5238,hx0000000000000000000000000000000000000000,0x1bc16d674ec80000,0x0d7eb2873f1b96defb0dd9f1b7bc7cd42aa626267c457fc032ad6f42b020fb1b,0,94219389,2.0,1741119587956798,Injective,0.0226008,INJ,0,1,2025-03-04
cx88fd7df7ddff82f7cc735c871dc519838cb235bb,cxa0af3165c08318e988cb30993b3048335b94af6c,cx5faae53c4dbd1fbe4a2eb4aab6565030f10da5c6,0x15b26f1f4861795,0x8a6f6f26640c1bafe3642e988b9febf2e01373f725901d4526524f3d1aba7aeb,2,94219367,0.09771463755000002,1741119543971802,Balanced Dollar,0.0563991125,bnUSD,0,1,2025-03-04
cx288d13e1b63563459a2ac6179f237711f6851cb5,cxa0af3165c08318e988cb30993b3048335b94af6c,hxd75467e3e4ce64e3424c747dfb71503017440433,0x6ad34bfd15755c,0x8a6f6f26640c1bafe3642e988b9febf2e01373f725901d4526524f3d1aba7aeb,1,94219367,0.03006867085337942,1741119543971802,Ethereum,0.0563991125,ETH,0,1,2025-03-04
cx88fd7df7ddff82f7cc735c871dc519838cb235bb,hxd75467e3e4ce64e3424c747dfb71503017440433,cxa0af3165c08318e988cb30993b3048335b94af6c,0x3880ac0c21d32c000,0x8a6f6f26640c1bafe3642e988b9febf2e01373f725901d4526524f3d1aba7aeb,0,94219367,65.14309170000001,1741119543971802,Balanced Dollar,0.0563991125,bnUSD,0,1,2025-03-04
cx88fd7df7ddff82f7cc735c871dc519838cb235bb,cxa0af3165c08318e988cb30993b3048335b94af6c,cx5faae53c4dbd1fbe4a2eb4aab6565030f10da5c6,0xef5afc8268a000,0x40267318286769e6237dbf6ccdf8771f894f3cb0e9aeac1ed82bdcbd258e3449,2,94219328,0.06737256,1741119465765309,Balanced Dollar,0.0563614,bnUSD,0,1,2025-03-04
cx4297f4b63262507623b6ad575d0d8dd2db980e4e,cxa0af3165c08318e988cb30993b3048335b94af6c,hxd75467e3e4ce64e3424c747dfb71503017440433,0x37a3e73589a13d91,0x40267318286769e6237dbf6ccdf8771f894f3cb0e9aeac1ed82bdcbd258e3449,1,94219328,4.009302310418202,1741119465765309,Injective,0.0563614,INJ,0,1,2025-03-04
cx88fd7df7ddff82f7cc735c871dc519838cb235bb,hxd75467e3e4ce64e3424c747dfb71503017440433,cxa0af3165c08318e988cb30993b3048335b94af6c,0x26f5246e8f0760000,0x40267318286769e6237dbf6ccdf8771f894f3cb0e9aeac1ed82bdcbd258e3449,0,94219328,44.91504,1741119465765309,Balanced Dollar,0.0563614,bnUSD,0,1,2025-03-04
cx88fd7df7ddff82f7cc735c871dc519838cb235bb,cxa0af3165c08318e988cb30993b3048335b94af6c,cx5faae53c4dbd1fbe4a2eb4aab6565030f10da5c6,0xef918060d10800,0xb4825d96bebe33035eccb3464703ce87876765e611bcb81746e6bbb67de02713,2,94219321,0.0674325,1741119451894150,Balanced Dollar,0.0563614,bnUSD,0,1,2025-03-04
cx4297f4b63262507623b6ad575d0d8dd2db980e4e,cxa0af3165c08318e988cb30993b3048335b94af6c,hxd75467e3e4ce64e3424c747dfb71503017440433,0x37b7713514d48880,0xb4825d96bebe33035eccb3464703ce87876765e611bcb81746e6bbb67de02713,1,94219321,4.014802065620764,1741119451894150,Injective,0.0563614,INJ,0,1,2025-03-04
cx88fd7df7ddff82f7cc735c871dc519838cb235bb,hxd75467e3e4ce64e3424c747dfb71503017440433,cxa0af3165c08318e988cb30993b3048335b94af6c,0x26fe03e5175af8000,0xb4825d96bebe33035eccb3464703ce87876765e611bcb81746e6bbb67de02713,0,94219321,44.955,1741119451894150,Balanced Dollar,0.0563614,bnUSD,0,1,2025-03-04
cx88fd7df7ddff82f7cc735c871dc519838cb235bb,cxa0af3165c08318e988cb30993b3048335b94af6c,cx5faae53c4dbd1fbe4a2eb4aab6565030f10da5c6,0x2a54ecd503b8353,0x486745ba3e23ad942efbae3ddbea58e0b5b3934399e079dc1ca01928e374d545,2,94219295,0.19064520295445384,1741119399839358,Balanced Dollar,0.04738525,bnUSD,0,1,2025-03-04
cx88fd7df7ddff82f7cc735c871dc519838cb235bb,cxa0af3165c08318e988cb30993b3048335b94af6c,hxd75467e3e4ce64e3424c747dfb71503017440433,0x6df7e2822e7564715,0x486745ba3e23ad942efbae3ddbea58e0b5b3934399e079dc1ca01928e374d545,1,94219295,126.78481789015598,1741119399839358,Balanced Dollar,0.04738525,bnUSD,0,1,2025-03-04
cx508002ec116fbf3ab406329c0df28e70d7e75fb3,hxd75467e3e4ce64e3424c747dfb71503017440433,cxa0af3165c08318e988cb30993b3048335b94af6c,0xba43b7400,0x486745ba3e23ad942efbae3ddbea58e0b5b3934399e079dc1ca01928e374d545,0,94219295,50.0,1741119399839358,Sui,0.04738525,SUI,0,1,2025-03-04
cxd17316e24ee40f2ef8ed6f3a497311db1b35206d,hx2ed8dc98004a534675b236746f49b87df5aae824,hx2ed8dc98004a534675b236746f49b87df5aae824,0x0,0xbdabad9eba1b65c38644bcd59f6f1e76015907a11b9e06ea71eccf3955d71172,2,94219227,0.0,1741119263739003,unknown_token,0.01079285,$unknown,6,1,2025-03-04
cx7baf94bd53b505353285ee4c4c050f9703581703,hx2ed8dc98004a534675b236746f49b87df5aae824,hx0000000000000000000000000000000000000000,0x0,0xbdabad9eba1b65c38644bcd59f6f1e76015907a11b9e06ea71eccf3955d71172,0,94219227,0.0,1741119263739003,unknown_token,0.01079285,$unknown,1,1,2025-03-04
cx88fd7df7ddff82f7cc735c871dc519838cb235bb,cxa0af3165c08318e988cb30993b3048335b94af6c,cx5faae53c4dbd1fbe4a2eb4aab6565030f10da5c6,0xef2478a4003800,0x235b28864e5d17bda1563ae5a72d2a880a88b46ce22d6d0543db09ca08fe6add,2,94219197,0.06731262,1741119203867288,Balanced Dollar,0.0563614,bnUSD,0,1,2025-03-04
cx4297f4b63262507623b6ad575d0d8dd2db980e4e,cxa0af3165c08318e988cb30993b3048335b94af6c,hxd75467e3e4ce64e3424c747dfb71503017440433,0x37a4f0f3a3e07f2a,0x235b28864e5d17bda1563ae5a72d2a880a88b46ce22d6d0543db09ca08fe6add,1,94219197,4.009594497483702,1741119203867288,Injective,0.0563614,INJ,0,1,2025-03-04
cx88fd7df7ddff82f7cc735c871dc519838cb235bb,hxd75467e3e4ce64e3424c747dfb71503017440433,cxa0af3165c08318e988cb30993b3048335b94af6c,0x26ec44f806b3c8000,0x235b28864e5d17bda1563ae5a72d2a880a88b46ce22d6d0543db09ca08fe6add,0,94219197,44.87508,1741119203867288,Balanced Dollar,0.0563614,bnUSD,0,1,2025-03-04
cx88fd7df7ddff82f7cc735c871dc519838cb235bb,cxa0af3165c08318e988cb30993b3048335b94af6c,cx5faae53c4dbd1fbe4a2eb4aab6565030f10da5c6,0xef2478a4003800,0x2ac17a11a23c5d1e680ff2e3c2377e5a16f6bc569c1a3e4b1a2304a60b7434c8,2,94219190,0.06731262,1741119189737832,Balanced Dollar,0.0563614,bnUSD,0,1,2025-03-04
cx4297f4b63262507623b6ad575d0d8dd2db980e4e,cxa0af3165c08318e988cb30993b3048335b94af6c,hxd75467e3e4ce64e3424c747dfb71503017440433,0x37abcbda89262c1b,0x2ac17a11a23c5d1e680ff2e3c2377e5a16f6bc569c1a3e4b1a2304a60b7434c8,1,94219190,4.011524032567848,1741119189737832,Injective,0.0563614,INJ,0,1,2025-03-04
cx88fd7df7ddff82f7cc735c871dc519838cb235bb,hxd75467e3e4ce64e3424c747dfb71503017440433,cxa0af3165c08318e988cb30993b3048335b94af6c,0x26ec44f806b3c8000,0x2ac17a11a23c5d1e680ff2e3c2377e5a16f6bc569c1a3e4b1a2304a60b7434c8,0,94219190,44.87508,1741119189737832,Balanced Dollar,0.0563614,bnUSD,0,1,2025-03-04
cx88fd7df7ddff82f7cc735c871dc519838cb235bb,cxa0af3165c08318e988cb30993b3048335b94af6c,cx5faae53c4dbd1fbe4a2eb4aab6565030f10da5c6,0xeeedf4c597d000,0x131a1348fbc1737299f545592ac7096e3854fbb6f0c5f70ded37ced956d57500,2,94219135,0.06725268,1741119079692740,Balanced Dollar,0.0563614,bnUSD,0,1,2025-03-04
cx4297f4b63262507623b6ad575d0d8dd2db980e4e,cxa0af3165c08318e988cb30993b3048335b94af6c,hxd75467e3e4ce64e3424c747dfb71503017440433,0x37a5f4d36916fdff,0x131a1348fbc1737299f545592ac7096e3854fbb6f0c5f70ded37ced956d57500,1,94219135,4.009880232081686,1741119079692740,Injective,0.0563614,INJ,0,1,2025-03-04
cx88fd7df7ddff82f7cc735c871dc519838cb235bb,hxd75467e3e4ce64e3424c747dfb71503017440433,cxa0af3165c08318e988cb30993b3048335b94af6c,0x26e365817e6030000,0x131a1348fbc1737299f545592ac7096e3854fbb6f0c5f70ded37ced956d57500,0,94219135,44.83512,1741119079692740,Balanced Dollar,0.0563614,bnUSD,0,1,2025-03-04
cxd17316e24ee40f2ef8ed6f3a497311db1b35206d,hx2ed8dc98004a534675b236746f49b87df5aae824,hx2ed8dc98004a534675b236746f49b87df5aae824,0x0,0x85ba9c8ad9b69f56225f3412b38f933223542163be4c161bb46eadb5d48e61b2,6,94219116,0.0,1741119041642864,unknown_token,0.01862385,$unknown,54,1,2025-03-04
cx7baf94bd53b505353285ee4c4c050f9703581703,hx2ed8dc98004a534675b236746f49b87df5aae824,hx0000000000000000000000000000000000000000,0x0,0x85ba9c8ad9b69f56225f3412b38f933223542163be4c161bb46eadb5d48e61b2,5,94219116,0.0,1741119041642864,unknown_token,0.01862385,$unknown,30,1,2025-03-04
cx7baf94bd53b505353285ee4c4c050f9703581703,hx2ed8dc98004a534675b236746f49b87df5aae824,hx0000000000000000000000000000000000000000,0x0,0x85ba9c8ad9b69f56225f3412b38f933223542163be4c161bb46eadb5d48e61b2,4,94219116,0.0,1741119041642864,unknown_token,0.01862385,$unknown,15,1,2025-03-04
cx7baf94bd53b505353285ee4c4c050f9703581703,hx2ed8dc98004a534675b236746f49b87df5aae824,hx0000000000000000000000000000000000000000,0x0,0x85ba9c8ad9b69f56225f3412b38f933223542163be4c161bb46eadb5d48e61b2,3,94219116,0.0,1741119041642864,unknown_token,0.01862385,$unknown,1,1,2025-03-04
cxd17316e24ee40f2ef8ed6f3a497311db1b35206d,hx2ed8dc98004a534675b236746f49b87df5aae824,hx2ed8dc98004a534675b236746f49b87df5aae824,0x0,0xdfbb2e5f834c7900ec39d10d4a0f02fd3255905a0c4de768f98ea1692c0f0c98,6,94219099,0.0,1741119007604138,unknown_token,0.01820235,$unknown,54,1,2025-03-04
cx7baf94bd53b505353285ee4c4c050f9703581703,hx2ed8dc98004a534675b236746f49b87df5aae824,hx0000000000000000000000000000000000000000,0x0,0xdfbb2e5f834c7900ec39d10d4a0f02fd3255905a0c4de768f98ea1692c0f0c98,5,94219099,0.0,1741119007604138,unknown_token,0.01820235,$unknown,1,1,2025-03-04
cx7baf94bd53b505353285ee4c4c050f9703581703,hx2ed8dc98004a534675b236746f49b87df5aae824,hx0000000000000000000000000000000000000000,0x0,0xdfbb2e5f834c7900ec39d10d4a0f02fd3255905a0c4de768f98ea1692c0f0c98,4,94219099,0.0,1741119007604138,unknown_token,0.01820235,$unknown,25,1,2025-03-04
cx7baf94bd53b505353285ee4c4c050f9703581703,hx2ed8dc98004a534675b236746f49b87df5aae824,hx0000000000000000000000000000000000000000,0x0,0xdfbb2e5f834c7900ec39d10d4a0f02fd3255905a0c4de768f98ea1692c0f0c98,3,94219099,0.0,1741119007604138,unknown_token,0.01820235,$unknown,30,1,2025-03-04
cxd17316e24ee40f2ef8ed6f3a497311db1b35206d,hx2ed8dc98004a534675b236746f49b87df5aae824,hx2ed8dc98004a534675b236746f49b87df5aae824,0x0,0xdda7a6fec2dfcffc44806d8cb21138306660e483ddb361d5170c6137c382d3d4,6,94219068,0.0,1741118945614242,unknown_token,0.0184131,$unknown,54,1,2025-03-04
cx7baf94bd53b505353285ee4c4c050f9703581703,hx2ed8dc98004a534675b236746f49b87df5aae824,hx0000000000000000000000000000000000000000,0x0,0xdda7a6fec2dfcffc44806d8cb21138306660e483ddb361d5170c6137c382d3d4,5,94219068,0.0,1741118945614242,unknown_token,0.0184131,$unknown,22,1,2025-03-04
cx7baf94bd53b505353285ee4c4c050f9703581703,hx2ed8dc98004a534675b236746f49b87df5aae824,hx0000000000000000000000000000000000000000,0x0,0xdda7a6fec2dfcffc44806d8cb21138306660e483ddb361d5170c6137c382d3d4,4,94219068,0.0,1741118945614242,unknown_token,0.0184131,$unknown,25,1,2025-03-04
cx7baf94bd53b505353285ee4c4c050f9703581703,hx2ed8dc98004a534675b236746f49b87df5aae824,hx0000000000000000000000000000000000000000,0x0,0xdda7a6fec2dfcffc44806d8cb21138306660e483ddb361d5170c6137c382d3d4,3,94219068,0.0,1741118945614242,unknown_token,0.0184131,$unknown,16,1,2025-03-04
cxd17316e24ee40f2ef8ed6f3a497311db1b35206d,hx2ed8dc98004a534675b236746f49b87df5aae824,hx2ed8dc98004a534675b236746f49b87df5aae824,0x0,0x4b932bb5d0f11bfab25c27d97e73ce446eb1bd3ea506475cb52026e5ee2d43c3,6,94219045,0.0,1741118899671864,unknown_token,0.0182726,$unknown,54,1,2025-03-04
cx7baf94bd53b505353285ee4c4c050f9703581703,hx2ed8dc98004a534675b236746f49b87df5aae824,hx0000000000000000000000000000000000000000,0x0,0x4b932bb5d0f11bfab25c27d97e73ce446eb1bd3ea506475cb52026e5ee2d43c3,5,94219045,0.0,1741118899671864,unknown_token,0.0182726,$unknown,1,1,2025-03-04
cx7baf94bd53b505353285ee4c4c050f9703581703,hx2ed8dc98004a534675b236746f49b87df5aae824,hx0000000000000000000000000000000000000000,0x0,0x4b932bb5d0f11bfab25c27d97e73ce446eb1bd3ea506475cb52026e5ee2d43c3,4,94219045,0.0,1741118899671864,unknown_token,0.0182726,$unknown,16,1,2025-03-04
cx7baf94bd53b505353285ee4c4c050f9703581703,hx2ed8dc98004a534675b236746f49b87df5aae824,hx0000000000000000000000000000000000000000,0x0,0x4b932bb5d0f11bfab25c27d97e73ce446eb1bd3ea506475cb52026e5ee2d43c3,3,94219045,0.0,1741118899671864,unknown_token,0.0182726,$unknown,16,1,2025-03-04
cxd17316e24ee40f2ef8ed6f3a497311db1b35206d,hx2ed8dc98004a534675b236746f49b87df5aae824,hx2ed8dc98004a534675b236746f49b87df5aae824,0x0,0x6d194b511d60f7c2b0141b725b66e0117530fd5255d0a7a7a06603d9ffefe6cf,6,94219028,0.0,1741118865595774,unknown_token,0.01834285,$unknown,54,1,2025-03-04
cx7baf94bd53b505353285ee4c4c050f9703581703,hx2ed8dc98004a534675b236746f49b87df5aae824,hx0000000000000000000000000000000000000000,0x0,0x6d194b511d60f7c2b0141b725b66e0117530fd5255d0a7a7a06603d9ffefe6cf,5,94219028,0.0,1741118865595774,unknown_token,0.01834285,$unknown,21,1,2025-03-04
cx7baf94bd53b505353285ee4c4c050f9703581703,hx2ed8dc98004a534675b236746f49b87df5aae824,hx0000000000000000000000000000000000000000,0x0,0x6d194b511d60f7c2b0141b725b66e0117530fd5255d0a7a7a06603d9ffefe6cf,4,94219028,0.0,1741118865595774,unknown_token,0.01834285,$unknown,25,1,2025-03-04
cx7baf94bd53b505353285ee4c4c050f9703581703,hx2ed8dc98004a534675b236746f49b87df5aae824,hx0000000000000000000000000000000000000000,0x0,0x6d194b511d60f7c2b0141b725b66e0117530fd5255d0a7a7a06603d9ffefe6cf,3,94219028,0.0,1741118865595774,unknown_token,0.01834285,$unknown,22,1,2025-03-04
cx4297f4b63262507623b6ad575d0d8dd2db980e4e,cx21e94c08c03daee80c25d8ee3ea22a20786ec231,hxf96674b45a3f0bff969a44c111873f37adda5238,0x58b7fccd832e495b,0x5a443e30d9f47304d5d1879672dbb422a261394b823c280ee6c7a5de65022961,13,94219000,6.3928561556750525,1741118809736741,Injective,0.225088425,INJ,0,1,2025-03-04
cx88fd7df7ddff82f7cc735c871dc519838cb235bb,cxa0af3165c08318e988cb30993b3048335b94af6c,cx5faae53c4dbd1fbe4a2eb4aab6565030f10da5c6,0x17cae9dedd3a5a2,0x5a443e30d9f47304d5d1879672dbb422a261394b823c280ee6c7a5de65022961,11,94219000,0.10715248447321847,1741118809736741,Balanced Dollar,0.225088425,bnUSD,0,1,2025-03-04
cx4297f4b63262507623b6ad575d0d8dd2db980e4e,cxa0af3165c08318e988cb30993b3048335b94af6c,cx21e94c08c03daee80c25d8ee3ea22a20786ec231,0x58b7fccd832e495b,0x5a443e30d9f47304d5d1879672dbb422a261394b823c280ee6c7a5de65022961,10,94219000,6.3928561556750525,1741118809736741,Injective,0.225088425,INJ,0,1,2025-03-04
cx88fd7df7ddff82f7cc735c871dc519838cb235bb,cx21e94c08c03daee80c25d8ee3ea22a20786ec231,cxa0af3165c08318e988cb30993b3048335b94af6c,0x3df5c109b572a00f6,0x5a443e30d9f47304d5d1879672dbb422a261394b823c280ee6c7a5de65022961,9,94219000,71.4349896488123,1741118809736741,Balanced Dollar,0.225088425,bnUSD,0,1,2025-03-04
cx88fd7df7ddff82f7cc735c871dc519838cb235bb,cxa0af3165c08318e988cb30993b3048335b94af6c,cx5faae53c4dbd1fbe4a2eb4aab6565030f10da5c6,0x17dcbc25a23d99c,0x5a443e30d9f47304d5d1879672dbb422a261394b823c280ee6c7a5de65022961,7,94219000,0.1074660017231528,1741118809736741,Balanced Dollar,0.225088425,bnUSD,0,1,2025-03-04
cx88fd7df7ddff82f7cc735c871dc519838cb235bb,cxa0af3165c08318e988cb30993b3048335b94af6c,cx21e94c08c03daee80c25d8ee3ea22a20786ec231,0x3df5c109b572a00f6,0x5a443e30d9f47304d5d1879672dbb422a261394b823c280ee6c7a5de65022961,6,94219000,71.4349896488123,1741118809736741,Balanced Dollar,0.225088425,bnUSD,0,1,2025-03-04
cx2609b924e33ef00b648a409245c7ea394c467824,cx21e94c08c03daee80c25d8ee3ea22a20786ec231,cxa0af3165c08318e988cb30993b3048335b94af6c,0x1b256065a947e4e6b6,0x5a443e30d9f47304d5d1879672dbb422a261394b823c280ee6c7a5de65022961,5,94219000,500.75535434505554,1741118809736741,Staked ICX,0.225088425,sICX,0,1,2025-03-04
cx2609b924e33ef00b648a409245c7ea394c467824,cxa0af3165c08318e988cb30993b3048335b94af6c,cx5faae53c4dbd1fbe4a2eb4aab6565030f10da5c6,0xa6ff6058a2e4875,0x5a443e30d9f47304d5d1879672dbb422a261394b823c280ee6c7a5de65022961,3,94219000,0.7520901664477205,1741118809736741,Staked ICX,0.225088425,sICX,0,1,2025-03-04
cx2609b924e33ef00b648a409245c7ea394c467824,cxa0af3165c08318e988cb30993b3048335b94af6c,cx21e94c08c03daee80c25d8ee3ea22a20786ec231,0x1b256065a947e4e6b6,0x5a443e30d9f47304d5d1879672dbb422a261394b823c280ee6c7a5de65022961,2,94219000,500.75535434505554,1741118809736741,Staked ICX,0.225088425,sICX,0,1,2025-03-04
cxe2da9f10bc6e2754347bde2ef73379bd398fd9f3,cx21e94c08c03daee80c25d8ee3ea22a20786ec231,cxa0af3165c08318e988cb30993b3048335b94af6c,0x7e0faf2cb6af78ee84f,0x5a443e30d9f47304d5d1879672dbb422a261394b823c280ee6c7a5de65022961,1,94219000,37206.718791712585,1741118809736741,HAVAH,0.225088425,HVH,0,1,2025-03-04
cxe2da9f10bc6e2754347bde2ef73379bd398fd9f3,hxf96674b45a3f0bff969a44c111873f37adda5238,cx21e94c08c03daee80c25d8ee3ea22a20786ec231,0x7e0faf2cb6af78ee84f,0x5a443e30d9f47304d5d1879672dbb422a261394b823c280ee6c7a5de65022961,0,94219000,37206.718791712585,1741118809736741,HAVAH,0.225088425,HVH,0,1,2025-03-04
cxd17316e24ee40f2ef8ed6f3a497311db1b35206d,hx2ed8dc98004a534675b236746f49b87df5aae824,hx2ed8dc98004a534675b236746f49b87df5aae824,0x0,0xeae46511c61f1c4edbbbd1131f8dec238f58e99b223def53da7e63579eb86018,7,94218989,0.0,1741118787663572,unknown_token,0.0224415125,$unknown,55,2,2025-03-04
cx7baf94bd53b505353285ee4c4c050f9703581703,hx2ed8dc98004a534675b236746f49b87df5aae824,hx0000000000000000000000000000000000000000,0x0,0xeae46511c61f1c4edbbbd1131f8dec238f58e99b223def53da7e63579eb86018,6,94218989,0.0,1741118787663572,unknown_token,0.0224415125,$unknown,26,2,2025-03-04
cx7baf94bd53b505353285ee4c4c050f9703581703,hx2ed8dc98004a534675b236746f49b87df5aae824,hx0000000000000000000000000000000000000000,0x0,0xeae46511c61f1c4edbbbd1131f8dec238f58e99b223def53da7e63579eb86018,5,94218989,0.0,1741118787663572,unknown_token,0.0224415125,$unknown,27,2,2025-03-04
cx7baf94bd53b505353285ee4c4c050f9703581703,hx2ed8dc98004a534675b236746f49b87df5aae824,hx0000000000000000000000000000000000000000,0x0,0xeae46511c61f1c4edbbbd1131f8dec238f58e99b223def53da7e63579eb86018,4,94218989,0.0,1741118787663572,unknown_token,0.0224415125,$unknown,1,2,2025-03-04
cx53f8ccd5426534f82cf10cb742de033e51da72fc,hx2ed8dc98004a534675b236746f49b87df5aae824,hx0000000000000000000000000000000000000000,0x0,0xeae46511c61f1c4edbbbd1131f8dec238f58e99b223def53da7e63579eb86018,0,94218989,0.0,1741118787663572,unknown_token,0.0224415125,$unknown,9,2,2025-03-04
cx88fd7df7ddff82f7cc735c871dc519838cb235bb,cx21e94c08c03daee80c25d8ee3ea22a20786ec231,hx2debd9ec927cca1639da8d3518dd9dbf1cdfb357,0x1216e1a8ddbc758c4b,0xb67a93579398820dff95606ac802082533b7c30684e61f9e9b24a3f195854a19,5,94218989,333.6901779356693,1741118787663572,Balanced Dollar,0.088410925,bnUSD,0,1,2025-03-04
cx88fd7df7ddff82f7cc735c871dc519838cb235bb,cxa0af3165c08318e988cb30993b3048335b94af6c,cx5faae53c4dbd1fbe4a2eb4aab6565030f10da5c6,0x6f467afb018f29b,0xb67a93579398820dff95606ac802082533b7c30684e61f9e9b24a3f195854a19,3,94218989,0.5011394628163304,1741118787663572,Balanced Dollar,0.088410925,bnUSD,0,1,2025-03-04
cx88fd7df7ddff82f7cc735c871dc519838cb235bb,cxa0af3165c08318e988cb30993b3048335b94af6c,cx21e94c08c03daee80c25d8ee3ea22a20786ec231,0x1216e1a8ddbc758c4b,0xb67a93579398820dff95606ac802082533b7c30684e61f9e9b24a3f195854a19,2,94218989,333.6901779356693,1741118787663572,Balanced Dollar,0.088410925,bnUSD,0,1,2025-03-04
cx4297f4b63262507623b6ad575d0d8dd2db980e4e,cx21e94c08c03daee80c25d8ee3ea22a20786ec231,cxa0af3165c08318e988cb30993b3048335b94af6c,0x1a055690d9db80000,0xb67a93579398820dff95606ac802082533b7c30684e61f9e9b24a3f195854a19,1,94218989,30.0,1741118787663572,Injective,0.088410925,INJ,0,1,2025-03-04
cx4297f4b63262507623b6ad575d0d8dd2db980e4e,hx2debd9ec927cca1639da8d3518dd9dbf1cdfb357,cx21e94c08c03daee80c25d8ee3ea22a20786ec231,0x1a055690d9db80000,0xb67a93579398820dff95606ac802082533b7c30684e61f9e9b24a3f195854a19,0,94218989,30.0,1741118787663572,Injective,0.088410925,INJ,0,1,2025-03-04
cx4297f4b63262507623b6ad575d0d8dd2db980e4e,cx21e94c08c03daee80c25d8ee3ea22a20786ec231,hxf96674b45a3f0bff969a44c111873f37adda5238,0x111968b8068ca0166,0x18663167624b3202c7d1ef4113b298e50419d359cb6dff23fe5f97980dd471b2,21,94218983,19.714097802491068,1741118775525443,Injective,0.4120219,INJ,0,1,2025-03-04
cx88fd7df7ddff82f7cc735c871dc519838cb235bb,cxa0af3165c08318e988cb30993b3048335b94af6c,cx5faae53c4dbd1fbe4a2eb4aab6565030f10da5c6,0x4985161b8de1761,0x18663167624b3202c7d1ef4113b298e50419d359cb6dff23fe5f97980dd471b2,19,94218983,0.33110405276697175,1741118775525443,Balanced Dollar,0.4120219,bnUSD,0,1,2025-03-04
cx4297f4b63262507623b6ad575d0d8dd2db980e4e,cxa0af3165c08318e988cb30993b3048335b94af6c,cx21e94c08c03daee80c25d8ee3ea22a20786ec231,0x111968b8068ca0166,0x18663167624b3202c7d1ef4113b298e50419d359cb6dff23fe5f97980dd471b2,18,94218983,19.714097802491068,1741118775525443,Injective,0.4120219,INJ,0,1,2025-03-04
cx88fd7df7ddff82f7cc735c871dc519838cb235bb,cx21e94c08c03daee80c25d8ee3ea22a20786ec231,cxa0af3165c08318e988cb30993b3048335b94af6c,0xbf753ee7c17b238ac,0x18663167624b3202c7d1ef4113b298e50419d359cb6dff23fe5f97980dd471b2,17,94218983,220.73603517798117,1741118775525443,Balanced Dollar,0.4120219,bnUSD,0,1,2025-03-04
cx88fd7df7ddff82f7cc735c871dc519838cb235bb,cxa0af3165c08318e988cb30993b3048335b94af6c,cx5faae53c4dbd1fbe4a2eb4aab6565030f10da5c6,0x49b8e2dbdcfe1f9,0x18663167624b3202c7d1ef4113b298e50419d359cb6dff23fe5f97980dd471b2,15,94218983,0.33201532465105354,1741118775525443,Balanced Dollar,0.4120219,bnUSD,0,1,2025-03-04
cx88fd7df7ddff82f7cc735c871dc519838cb235bb,cxa0af3165c08318e988cb30993b3048335b94af6c,cx21e94c08c03daee80c25d8ee3ea22a20786ec231,0xbf753ee7c17b238ac,0x18663167624b3202c7d1ef4113b298e50419d359cb6dff23fe5f97980dd471b2,14,94218983,220.73603517798117,1741118775525443,Balanced Dollar,0.4120219,bnUSD,0,1,2025-03-04
cx2609b924e33ef00b648a409245c7ea394c467824,cx21e94c08c03daee80c25d8ee3ea22a20786ec231,cxa0af3165c08318e988cb30993b3048335b94af6c,0x53da7ad692767331b8,0x18663167624b3202c7d1ef4113b298e50419d359cb6dff23fe5f97980dd471b2,13,94218983,1546.8228894898607,1741118775525443,Staked ICX,0.4120219,sICX,0,1,2025-03-04
cx2609b924e33ef00b648a409245c7ea394c467824,cx203d9cd2a669be67177e997b8948ce2c35caffae,cx835b300dcfe01f0bdb794e134a0c5628384f4367,0x12ebc0ce3408a2384,0x18663167624b3202c7d1ef4113b298e50419d359cb6dff23fe5f97980dd471b2,10,94218983,21.814324865255745,1741118775525443,Staked ICX,0.4120219,sICX,0,1,2025-03-04
cx2609b924e33ef00b648a409245c7ea394c467824,cx5faae53c4dbd1fbe4a2eb4aab6565030f10da5c6,cx203d9cd2a669be67177e997b8948ce2c35caffae,0x1b07a5b8dc9e9e998,0x18663167624b3202c7d1ef4113b298e50419d359cb6dff23fe5f97980dd471b2,7,94218983,31.163321236079636,1741118775525443,Staked ICX,0.4120219,sICX,0,1,2025-03-04
cx2609b924e33ef00b648a409245c7ea394c467824,cx5faae53c4dbd1fbe4a2eb4aab6565030f10da5c6,cxdc30a0d3a1f131565c071272a20bc0b06fd4c17b,0x1b07a5b8dc9e9e998,0x18663167624b3202c7d1ef4113b298e50419d359cb6dff23fe5f97980dd471b2,5,94218983,31.163321236079636,1741118775525443,Staked ICX,0.4120219,sICX,0,1,2025-03-04
cx2609b924e33ef00b648a409245c7ea394c467824,cxa0af3165c08318e988cb30993b3048335b94af6c,cx5faae53c4dbd1fbe4a2eb4aab6565030f10da5c6,0x2047c13ac250238e,0x18663167624b3202c7d1ef4113b298e50419d359cb6dff23fe5f97980dd471b2,4,94218983,2.326040190672446,1741118775525443,Staked ICX,0.4120219,sICX,0,1,2025-03-04
cx2609b924e33ef00b648a409245c7ea394c467824,cxa0af3165c08318e988cb30993b3048335b94af6c,cx21e94c08c03daee80c25d8ee3ea22a20786ec231,0x53da7ad692767331b8,0x18663167624b3202c7d1ef4113b298e50419d359cb6dff23fe5f97980dd471b2,3,94218983,1546.8228894898607,1741118775525443,Staked ICX,0.4120219,sICX,0,1,2025-03-04
cx3975b43d260fb8ec802cef6e60c2f4d07486f11d,cx21e94c08c03daee80c25d8ee3ea22a20786ec231,cxa0af3165c08318e988cb30993b3048335b94af6c,0x6deac77accd1b8edb1,0x18663167624b3202c7d1ef4113b298e50419d359cb6dff23fe5f97980dd471b2,2,94218983,2027.612729579692,1741118775525443,Wrapped ICX,0.4120219,wICX,0,1,2025-03-04
cx3975b43d260fb8ec802cef6e60c2f4d07486f11d,hxf96674b45a3f0bff969a44c111873f37adda5238,cx21e94c08c03daee80c25d8ee3ea22a20786ec231,0x6deac77accd1b8edb1,0x18663167624b3202c7d1ef4113b298e50419d359cb6dff23fe5f97980dd471b2,1,94218983,2027.612729579692,1741118775525443,Wrapped ICX,0.4120219,wICX,0,1,2025-03-04
cx3975b43d260fb8ec802cef6e60c2f4d07486f11d,hx0000000000000000000000000000000000000000,hxf96674b45a3f0bff969a44c111873f37adda5238,0x6deac77accd1b8edb1,0x18663167624b3202c7d1ef4113b298e50419d359cb6dff23fe5f97980dd471b2,0,94218983,2027.612729579692,1741118775525443,Wrapped ICX,0.4120219,wICX,0,1,2025-03-04
cxd17316e24ee40f2ef8ed6f3a497311db1b35206d,hx8a83082b8f0fd30f1c93bcb993e796de45db2e2b,hx8a83082b8f0fd30f1c93bcb993e796de45db2e2b,0x0,0x2c9059a6c8152add012ec6dbf19a17e66985139c1491e931136c59073ca895d4,4,94218981,0.0,1741118771592062,unknown_token,0.018128575,$unknown,34,1,2025-03-04
cx7baf94bd53b505353285ee4c4c050f9703581703,hx8a83082b8f0fd30f1c93bcb993e796de45db2e2b,hx0000000000000000000000000000000000000000,0x0,0x2c9059a6c8152add012ec6dbf19a17e66985139c1491e931136c59073ca895d4,2,94218981,0.0,1741118771592062,unknown_token,0.018128575,$unknown,20,1,2025-03-04
cx7baf94bd53b505353285ee4c4c050f9703581703,hx8a83082b8f0fd30f1c93bcb993e796de45db2e2b,hx0000000000000000000000000000000000000000,0x0,0x2c9059a6c8152add012ec6dbf19a17e66985139c1491e931136c59073ca895d4,0,94218981,0.0,1741118771592062,unknown_token,0.018128575,$unknown,4,1,2025-03-04
cxd17316e24ee40f2ef8ed6f3a497311db1b35206d,hx8a83082b8f0fd30f1c93bcb993e796de45db2e2b,hx8a83082b8f0fd30f1c93bcb993e796de45db2e2b,0x0,0x205da734efaaa48d66d05b8b2095b3c356f7bdb3e2896d47b54131a111f6614d,5,94218968,0.0,1741118745541701,unknown_token,0.020143025,$unknown,34,1,2025-03-04
cx53f8ccd5426534f82cf10cb742de033e51da72fc,hx8a83082b8f0fd30f1c93bcb993e796de45db2e2b,hx0000000000000000000000000000000000000000,0x0,0x205da734efaaa48d66d05b8b2095b3c356f7bdb3e2896d47b54131a111f6614d,4,94218968,0.0,1741118745541701,unknown_token,0.020143025,$unknown,3,1,2025-03-04
cx7baf94bd53b505353285ee4c4c050f9703581703,hx8a83082b8f0fd30f1c93bcb993e796de45db2e2b,hx0000000000000000000000000000000000000000,0x0,0x205da734efaaa48d66d05b8b2095b3c356f7bdb3e2896d47b54131a111f6614d,2,94218968,0.0,1741118745541701,unknown_token,0.020143025,$unknown,15,1,2025-03-04
cx7baf94bd53b505353285ee4c4c050f9703581703,hx8a83082b8f0fd30f1c93bcb993e796de45db2e2b,hx0000000000000000000000000000000000000000,0x0,0x205da734efaaa48d66d05b8b2095b3c356f7bdb3e2896d47b54131a111f6614d,0,94218968,0.0,1741118745541701,unknown_token,0.020143025,$unknown,26,1,2025-03-04
cxd17316e24ee40f2ef8ed6f3a497311db1b35206d,hx8a83082b8f0fd30f1c93bcb993e796de45db2e2b,hx8a83082b8f0fd30f1c93bcb993e796de45db2e2b,0x0,0xc00eb1b9f071f9fccdcf28490ec86ebb4a93520082041db4732800281be6693a,4,94218957,0.0,1741118723621400,unknown_token,0.017496325,$unknown,34,1,2025-03-04
cx7baf94bd53b505353285ee4c4c050f9703581703,hx8a83082b8f0fd30f1c93bcb993e796de45db2e2b,hx0000000000000000000000000000000000000000,0x0,0xc00eb1b9f071f9fccdcf28490ec86ebb4a93520082041db4732800281be6693a,2,94218957,0.0,1741118723621400,unknown_token,0.017496325,$unknown,16,1,2025-03-04
cx7baf94bd53b505353285ee4c4c050f9703581703,hx8a83082b8f0fd30f1c93bcb993e796de45db2e2b,hx0000000000000000000000000000000000000000,0x0,0xc00eb1b9f071f9fccdcf28490ec86ebb4a93520082041db4732800281be6693a,0,94218957,0.0,1741118723621400,unknown_token,0.017496325,$unknown,16,1,2025-03-04
cxd17316e24ee40f2ef8ed6f3a497311db1b35206d,hx2ed8dc98004a534675b236746f49b87df5aae824,hx2ed8dc98004a534675b236746f49b87df5aae824,0x0,0xe3f96561de44cda2c1cbed1b9b5bf74be3508223323bd8e977f03fb75ffe2e46,7,94218956,0.0,1741118721571678,unknown_token,0.0221605125,$unknown,55,1,2025-03-04
cx7baf94bd53b505353285ee4c4c050f9703581703,hx2ed8dc98004a534675b236746f49b87df5aae824,hx0000000000000000000000000000000000000000,0x0,0xe3f96561de44cda2c1cbed1b9b5bf74be3508223323bd8e977f03fb75ffe2e46,6,94218956,0.0,1741118721571678,unknown_token,0.0221605125,$unknown,31,1,2025-03-04
cx7baf94bd53b505353285ee4c4c050f9703581703,hx2ed8dc98004a534675b236746f49b87df5aae824,hx0000000000000000000000000000000000000000,0x0,0xe3f96561de44cda2c1cbed1b9b5bf74be3508223323bd8e977f03fb75ffe2e46,5,94218956,0.0,1741118721571678,unknown_token,0.0221605125,$unknown,27,1,2025-03-04
cx7baf94bd53b505353285ee4c4c050f9703581703,hx2ed8dc98004a534675b236746f49b87df5aae824,hx0000000000000000000000000000000000000000,0x0,0xe3f96561de44cda2c1cbed1b9b5bf74be3508223323bd8e977f03fb75ffe2e46,4,94218956,0.0,1741118721571678,unknown_token,0.0221605125,$unknown,27,1,2025-03-04
cx53f8ccd5426534f82cf10cb742de033e51da72fc,hx2ed8dc98004a534675b236746f49b87df5aae824,hx0000000000000000000000000000000000000000,0x0,0xe3f96561de44cda2c1cbed1b9b5bf74be3508223323bd8e977f03fb75ffe2e46,0,94218956,0.0,1741118721571678,unknown_token,0.0221605125,$unknown,8,1,2025-03-04
cx88fd7df7ddff82f7cc735c871dc519838cb235bb,cx21e94c08c03daee80c25d8ee3ea22a20786ec231,hx2debd9ec927cca1639da8d3518dd9dbf1cdfb357,0x121c9378ee74a9bc74,0xa504a7568d7bead10a3fe9518d609630cf5e59f6c66655e9bac06cc8524452ca,5,94218943,334.1005157469652,1741118695538286,Balanced Dollar,0.088410925,bnUSD,0,1,2025-03-04
cx88fd7df7ddff82f7cc735c871dc519838cb235bb,cxa0af3165c08318e988cb30993b3048335b94af6c,cx5faae53c4dbd1fbe4a2eb4aab6565030f10da5c6,0x6f697a7e98cf0fa,0xa504a7568d7bead10a3fe9518d609630cf5e59f6c66655e9bac06cc8524452ca,3,94218943,0.5017551559320497,1741118695538286,Balanced Dollar,0.088410925,bnUSD,0,1,2025-03-04
cx88fd7df7ddff82f7cc735c871dc519838cb235bb,cxa0af3165c08318e988cb30993b3048335b94af6c,cx21e94c08c03daee80c25d8ee3ea22a20786ec231,0x121c9378ee74a9bc74,0xa504a7568d7bead10a3fe9518d609630cf5e59f6c66655e9bac06cc8524452ca,2,94218943,334.1005157469652,1741118695538286,Balanced Dollar,0.088410925,bnUSD,0,1,2025-03-04
cx4297f4b63262507623b6ad575d0d8dd2db980e4e,cx21e94c08c03daee80c25d8ee3ea22a20786ec231,cxa0af3165c08318e988cb30993b3048335b94af6c,0x1a055690d9db80000,0xa504a7568d7bead10a3fe9518d609630cf5e59f6c66655e9bac06cc8524452ca,1,94218943,30.0,1741118695538286,Injective,0.088410925,INJ,0,1,2025-03-04
cx4297f4b63262507623b6ad575d0d8dd2db980e4e,hx2debd9ec927cca1639da8d3518dd9dbf1cdfb357,cx21e94c08c03daee80c25d8ee3ea22a20786ec231,0x1a055690d9db80000,0xa504a7568d7bead10a3fe9518d609630cf5e59f6c66655e9bac06cc8524452ca,0,94218943,30.0,1741118695538286,Injective,0.088410925,INJ,0,1,2025-03-04
cx4297f4b63262507623b6ad575d0d8dd2db980e4e,cx21e94c08c03daee80c25d8ee3ea22a20786ec231,hxf96674b45a3f0bff969a44c111873f37adda5238,0x1816e656bfb05255d,0xc6e353303877de5dcf17562398750401ce3a1b9432338a9637edbe2952a37e34,10,94218941,27.773247466487753,1741118691535951,Injective,0.230883675,INJ,0,1,2025-03-04
cx88fd7df7ddff82f7cc735c871dc519838cb235bb,cxa0af3165c08318e988cb30993b3048335b94af6c,cx5faae53c4dbd1fbe4a2eb4aab6565030f10da5c6,0x67a6f23520354a9,0xc6e353303877de5dcf17562398750401ce3a1b9432338a9637edbe2952a37e34,8,94218941,0.46680770887675616,1741118691535951,Balanced Dollar,0.230883675,bnUSD,0,1,2025-03-04
cx4297f4b63262507623b6ad575d0d8dd2db980e4e,cxa0af3165c08318e988cb30993b3048335b94af6c,cx21e94c08c03daee80c25d8ee3ea22a20786ec231,0x1816e656bfb05255d,0xc6e353303877de5dcf17562398750401ce3a1b9432338a9637edbe2952a37e34,7,94218941,27.773247466487753,1741118691535951,Injective,0.230883675,INJ,0,1,2025-03-04
cx88fd7df7ddff82f7cc735c871dc519838cb235bb,cx21e94c08c03daee80c25d8ee3ea22a20786ec231,cxa0af3165c08318e988cb30993b3048335b94af6c,0x10ded6c1503e01ce29,0xc6e353303877de5dcf17562398750401ce3a1b9432338a9637edbe2952a37e34,6,94218941,311.20513925117075,1741118691535951,Balanced Dollar,0.230883675,bnUSD,0,1,2025-03-04
cx88fd7df7ddff82f7cc735c871dc519838cb235bb,cxa0af3165c08318e988cb30993b3048335b94af6c,cx5faae53c4dbd1fbe4a2eb4aab6565030f10da5c6,0x67ed2fd1ca29abd,0xc6e353303877de5dcf17562398750401ce3a1b9432338a9637edbe2952a37e34,4,94218941,0.4680433958420876,1741118691535951,Balanced Dollar,0.230883675,bnUSD,0,1,2025-03-04
cx88fd7df7ddff82f7cc735c871dc519838cb235bb,cxa0af3165c08318e988cb30993b3048335b94af6c,cx21e94c08c03daee80c25d8ee3ea22a20786ec231,0x10ded6c1503e01ce29,0xc6e353303877de5dcf17562398750401ce3a1b9432338a9637edbe2952a37e34,3,94218941,311.20513925117075,1741118691535951,Balanced Dollar,0.230883675,bnUSD,0,1,2025-03-04
cx2609b924e33ef00b648a409245c7ea394c467824,cx21e94c08c03daee80c25d8ee3ea22a20786ec231,cxa0af3165c08318e988cb30993b3048335b94af6c,0x7625e64b99995a05dc,0xc6e353303877de5dcf17562398750401ce3a1b9432338a9637edbe2952a37e34,2,94218941,2179.4467540448486,1741118691535951,Staked ICX,0.230883675,sICX,0,1,2025-03-04
cx2609b924e33ef00b648a409245c7ea394c467824,hxf96674b45a3f0bff969a44c111873f37adda5238,cx21e94c08c03daee80c25d8ee3ea22a20786ec231,0x7625e64b99995a05dc,0xc6e353303877de5dcf17562398750401ce3a1b9432338a9637edbe2952a37e34,1,94218941,2179.4467540448486,1741118691535951,Staked ICX,0.230883675,sICX,0,1,2025-03-04
cxd17316e24ee40f2ef8ed6f3a497311db1b35206d,hx2ed8dc98004a534675b236746f49b87df5aae824,hx2ed8dc98004a534675b236746f49b87df5aae824,0x0,0xbe1d6826ed1d111f2ae08420ec9f699e9ee55d94b2bec95b166de20e874a21d6,7,94218938,0.0,1741118685515319,unknown_token,0.02277895,$unknown,55,1,2025-03-04
cx7baf94bd53b505353285ee4c4c050f9703581703,hx2ed8dc98004a534675b236746f49b87df5aae824,hx0000000000000000000000000000000000000000,0x0,0xbe1d6826ed1d111f2ae08420ec9f699e9ee55d94b2bec95b166de20e874a21d6,6,94218938,0.0,1741118685515319,unknown_token,0.02277895,$unknown,32,1,2025-03-04
cx7baf94bd53b505353285ee4c4c050f9703581703,hx2ed8dc98004a534675b236746f49b87df5aae824,hx0000000000000000000000000000000000000000,0x0,0xbe1d6826ed1d111f2ae08420ec9f699e9ee55d94b2bec95b166de20e874a21d6,5,94218938,0.0,1741118685515319,unknown_token,0.02277895,$unknown,26,1,2025-03-04
cx7baf94bd53b505353285ee4c4c050f9703581703,hx2ed8dc98004a534675b236746f49b87df5aae824,hx0000000000000000000000000000000000000000,0x0,0xbe1d6826ed1d111f2ae08420ec9f699e9ee55d94b2bec95b166de20e874a21d6,4,94218938,0.0,1741118685515319,unknown_token,0.02277895,$unknown,31,1,2025-03-04
cx53f8ccd5426534f82cf10cb742de033e51da72fc,hx2ed8dc98004a534675b236746f49b87df5aae824,hx0000000000000000000000000000000000000000,0x0,0xbe1d6826ed1d111f2ae08420ec9f699e9ee55d94b2bec95b166de20e874a21d6,0,94218938,0.0,1741118685515319,unknown_token,0.02277895,$unknown,9,1,2025-03-04
cxd17316e24ee40f2ef8ed6f3a497311db1b35206d,hx8a83082b8f0fd30f1c93bcb993e796de45db2e2b,hx8a83082b8f0fd30f1c93bcb993e796de45db2e2b,0x0,0x8312b9ac06881f7e8b6a1bc6f9a14faab06e3e4975f2dd0158f25b14b339b995,4,94218890,0.0,1741118589539565,unknown_token,0.018128575,$unknown,34,1,2025-03-04
cx7baf94bd53b505353285ee4c4c050f9703581703,hx8a83082b8f0fd30f1c93bcb993e796de45db2e2b,hx0000000000000000000000000000000000000000,0x0,0x8312b9ac06881f7e8b6a1bc6f9a14faab06e3e4975f2dd0158f25b14b339b995,2,94218890,0.0,1741118589539565,unknown_token,0.018128575,$unknown,1,1,2025-03-04
cx7baf94bd53b505353285ee4c4c050f9703581703,hx8a83082b8f0fd30f1c93bcb993e796de45db2e2b,hx0000000000000000000000000000000000000000,0x0,0x8312b9ac06881f7e8b6a1bc6f9a14faab06e3e4975f2dd0158f25b14b339b995,0,94218890,0.0,1741118589539565,unknown_token,0.018128575,$unknown,11,1,2025-03-04
cxd17316e24ee40f2ef8ed6f3a497311db1b35206d,hx8a83082b8f0fd30f1c93bcb993e796de45db2e2b,hx8a83082b8f0fd30f1c93bcb993e796de45db2e2b,0x0,0x91f1d0a8570e434eb9deb700cafcd62a723a945d8a1d298f87e39a24fbbea2e4,4,94218879,0.0,1741118567496121,unknown_token,0.017566575,$unknown,34,2,2025-03-04
cx7baf94bd53b505353285ee4c4c050f9703581703,hx8a83082b8f0fd30f1c93bcb993e796de45db2e2b,hx0000000000000000000000000000000000000000,0x0,0x91f1d0a8570e434eb9deb700cafcd62a723a945d8a1d298f87e39a24fbbea2e4,2,94218879,0.0,1741118567496121,unknown_token,0.017566575,$unknown,26,2,2025-03-04
cx7baf94bd53b505353285ee4c4c050f9703581703,hx8a83082b8f0fd30f1c93bcb993e796de45db2e2b,hx0000000000000000000000000000000000000000,0x0,0x91f1d0a8570e434eb9deb700cafcd62a723a945d8a1d298f87e39a24fbbea2e4,0,94218879,0.0,1741118567496121,unknown_token,0.017566575,$unknown,31,2,2025-03-04
cx88fd7df7ddff82f7cc735c871dc519838cb235bb,cxa0af3165c08318e988cb30993b3048335b94af6c,cx5faae53c4dbd1fbe4a2eb4aab6565030f10da5c6,0x15b6ba2598ec370,0x7b12adaf6c6d4bf48762f8a1ce7301726c056553e99053be83a582eb46bc5eb7,2,94218879,0.09779016194999998,1741118567496121,Balanced Dollar,0.0563991125,bnUSD,0,1,2025-03-04
cx288d13e1b63563459a2ac6179f237711f6851cb5,cxa0af3165c08318e988cb30993b3048335b94af6c,hxd75467e3e4ce64e3424c747dfb71503017440433,0x6af0557a8baa1b,0x7b12adaf6c6d4bf48762f8a1ce7301726c056553e99053be83a582eb46bc5eb7,1,94218879,0.03010059745018934,1741118567496121,Ethereum,0.0563991125,ETH,0,1,2025-03-04
cx88fd7df7ddff82f7cc735c871dc519838cb235bb,hxd75467e3e4ce64e3424c747dfb71503017440433,cxa0af3165c08318e988cb30993b3048335b94af6c,0x388bda173e3c7a000,0x7b12adaf6c6d4bf48762f8a1ce7301726c056553e99053be83a582eb46bc5eb7,0,94218879,65.19344129999999,1741118567496121,Balanced Dollar,0.0563991125,bnUSD,0,1,2025-03-04
cx88fd7df7ddff82f7cc735c871dc519838cb235bb,cxa0af3165c08318e988cb30993b3048335b94af6c,cx5faae53c4dbd1fbe4a2eb4aab6565030f10da5c6,0x1b15a40f7f2b800,0xf9b388f490ee95e1b64bd67aaa7531c159a87492d5cfdfa0cb755fa242e36683,2,94218872,0.1219779,1741118553667084,Balanced Dollar,0.0563089625,bnUSD,0,1,2025-03-04
cx66a031cc3bd305c76371fb586e93801b948254f0,cxa0af3165c08318e988cb30993b3048335b94af6c,hxd75467e3e4ce64e3424c747dfb71503017440433,0x37a81ad914b36fb9,0xf9b388f490ee95e1b64bd67aaa7531c159a87492d5cfdfa0cb755fa242e36683,1,94218872,4.010484987830956,1741118553667084,Avalanche,0.0563089625,AVAX,0,1,2025-03-04
cx88fd7df7ddff82f7cc735c871dc519838cb235bb,hxd75467e3e4ce64e3424c747dfb71503017440433,cxa0af3165c08318e988cb30993b3048335b94af6c,0x46885b3db08148000,0xf9b388f490ee95e1b64bd67aaa7531c159a87492d5cfdfa0cb755fa242e36683,0,94218872,81.3186,1741118553667084,Balanced Dollar,0.0563089625,bnUSD,0,1,2025-03-04
cx88fd7df7ddff82f7cc735c871dc519838cb235bb,cxa0af3165c08318e988cb30993b3048335b94af6c,cx5faae53c4dbd1fbe4a2eb4aab6565030f10da5c6,0x15b473eceb3500c,0xa53650b0cd13009c9c9d24d7be6984bd834a31db43d730ca9854da031c5702b6,2,94218861,0.097750152,1741118531520917,Balanced Dollar,0.0563991125,bnUSD,0,1,2025-03-04
cx288d13e1b63563459a2ac6179f237711f6851cb5,cxa0af3165c08318e988cb30993b3048335b94af6c,hxd75467e3e4ce64e3424c747dfb71503017440433,0x6aed08edbf2b6f,0xa53650b0cd13009c9c9d24d7be6984bd834a31db43d730ca9854da031c5702b6,1,94218861,0.030096970135579503,1741118531520917,Ethereum,0.0563991125,ETH,0,1,2025-03-04
cx88fd7df7ddff82f7cc735c871dc519838cb235bb,hxd75467e3e4ce64e3424c747dfb71503017440433,cxa0af3165c08318e988cb30993b3048335b94af6c,0x3885ede3a484b2000,0xa53650b0cd13009c9c9d24d7be6984bd834a31db43d730ca9854da031c5702b6,0,94218861,65.166768,1741118531520917,Balanced Dollar,0.0563991125,bnUSD,0,1,2025-03-04
cx88fd7df7ddff82f7cc735c871dc519838cb235bb,cxa0af3165c08318e988cb30993b3048335b94af6c,cx5faae53c4dbd1fbe4a2eb4aab6565030f10da5c6,0xef2478a4003800,0x17a5db27c438f0fcf53993299def289b96988a1f09800a16101b4664d8028c5e,2,94218856,0.06731262,1741118521504388,Balanced Dollar,0.0563614,bnUSD,0,1,2025-03-04
cx4297f4b63262507623b6ad575d0d8dd2db980e4e,cxa0af3165c08318e988cb30993b3048335b94af6c,hxd75467e3e4ce64e3424c747dfb71503017440433,0x37af33b5fb34c04d,0x17a5db27c438f0fcf53993299def289b96988a1f09800a16101b4664d8028c5e,1,94218856,4.012482649707037,1741118521504388,Injective,0.0563614,INJ,0,1,2025-03-04
cx88fd7df7ddff82f7cc735c871dc519838cb235bb,hxd75467e3e4ce64e3424c747dfb71503017440433,cxa0af3165c08318e988cb30993b3048335b94af6c,0x26ec44f806b3c8000,0x17a5db27c438f0fcf53993299def289b96988a1f09800a16101b4664d8028c5e,0,94218856,44.87508,1741118521504388,Balanced Dollar,0.0563614,bnUSD,0,1,2025-03-04
cx88fd7df7ddff82f7cc735c871dc519838cb235bb,cxa0af3165c08318e988cb30993b3048335b94af6c,cx5faae53c4dbd1fbe4a2eb4aab6565030f10da5c6,0x2aab0a2d3b9632b,0x03dffb58b7231861bc1ead392f6c8461c2b920885ef3c53818e7fe5095ffb840,2,94218852,0.19216014750000004,1741118513497642,Balanced Dollar,0.0460574,bnUSD,0,1,2025-03-04
cx508002ec116fbf3ab406329c0df28e70d7e75fb3,cxa0af3165c08318e988cb30993b3048335b94af6c,hxd75467e3e4ce64e3424c747dfb71503017440433,0xbb147b031,0x03dffb58b7231861bc1ead392f6c8461c2b920885ef3c53818e7fe5095ffb840,1,94218852,50.218905649,1741118513497642,Sui,0.0460574,SUI,0,1,2025-03-04
cx88fd7df7ddff82f7cc735c871dc519838cb235bb,hxd75467e3e4ce64e3424c747dfb71503017440433,cxa0af3165c08318e988cb30993b3048335b94af6c,0x6f1d6a8075d724000,0x03dffb58b7231861bc1ead392f6c8461c2b920885ef3c53818e7fe5095ffb840,0,94218852,128.10676500000002,1741118513497642,Balanced Dollar,0.0460574,bnUSD,0,1,2025-03-04
cx88fd7df7ddff82f7cc735c871dc519838cb235bb,cxd82fb5d3effecd8c9071a4bba3856ad7222c4b91,hxd75467e3e4ce64e3424c747dfb71503017440433,0x3635c9adc5dea00000,0x2cafce91d31c825ce3bc36d1eedf7d6b7aef43d4aae9b4d83352e2a2bc63acd0,0,94218838,1000.0,1741118485475285,Balanced Dollar,0.02068825,bnUSD,0,1,2025-03-04
cx88fd7df7ddff82f7cc735c871dc519838cb235bb,cxa0af3165c08318e988cb30993b3048335b94af6c,cx5faae53c4dbd1fbe4a2eb4aab6565030f10da5c6,0x1b123bd198a5000,0xabd7e90b4df0720cc4e618d5179927e0185ecef3fcc8ed527a05aec6a9675f5a,2,94218831,0.12191796,1741118471489426,Balanced Dollar,0.0563089625,bnUSD,0,1,2025-03-04
cx66a031cc3bd305c76371fb586e93801b948254f0,cxa0af3165c08318e988cb30993b3048335b94af6c,hxd75467e3e4ce64e3424c747dfb71503017440433,0x37aa88cfd15ff702,0xabd7e90b4df0720cc4e618d5179927e0185ecef3fcc8ed527a05aec6a9675f5a,1,94218831,4.011168844279183,1741118471489426,Avalanche,0.0563089625,AVAX,0,1,2025-03-04
cx88fd7df7ddff82f7cc735c871dc519838cb235bb,hxd75467e3e4ce64e3424c747dfb71503017440433,cxa0af3165c08318e988cb30993b3048335b94af6c,0x467f7bc7282db0000,0xabd7e90b4df0720cc4e618d5179927e0185ecef3fcc8ed527a05aec6a9675f5a,0,94218831,81.27864,1741118471489426,Balanced Dollar,0.0563089625,bnUSD,0,1,2025-03-04
cx88fd7df7ddff82f7cc735c871dc519838cb235bb,cxa0af3165c08318e988cb30993b3048335b94af6c,cx5faae53c4dbd1fbe4a2eb4aab6565030f10da5c6,0x2a88f7c23a552f9,0xbc6d0368a551a29bf1ec2836ec1b835afda51c72f8c85c308393c04fe92c4833,2,94218786,0.1915607475,1741118381476478,Balanced Dollar,0.0460574,bnUSD,0,1,2025-03-04
cx508002ec116fbf3ab406329c0df28e70d7e75fb3,cxa0af3165c08318e988cb30993b3048335b94af6c,hxd75467e3e4ce64e3424c747dfb71503017440433,0xbab388062,0xbc6d0368a551a29bf1ec2836ec1b835afda51c72f8c85c308393c04fe92c4833,1,94218786,50.117247074,1741118381476478,Sui,0.0460574,SUI,0,1,2025-03-04
cx88fd7df7ddff82f7cc735c871dc519838cb235bb,hxd75467e3e4ce64e3424c747dfb71503017440433,cxa0af3165c08318e988cb30993b3048335b94af6c,0x6ec4afdf22932c000,0xbc6d0368a551a29bf1ec2836ec1b835afda51c72f8c85c308393c04fe92c4833,0,94218786,127.70716499999999,1741118381476478,Balanced Dollar,0.0460574,bnUSD,0,1,2025-03-04
cx88fd7df7ddff82f7cc735c871dc519838cb235bb,cxa0af3165c08318e988cb30993b3048335b94af6c,cx5faae53c4dbd1fbe4a2eb4aab6565030f10da5c6,0x2a858f8453ceae1,0x9fcea25831ebc95e811bfb788ffffe2dd3cdb6b180ecf4809f265fc7d77ac008,2,94218778,0.19150080749999998,1741118365429558,Balanced Dollar,0.0460574,bnUSD,0,1,2025-03-04
cx508002ec116fbf3ab406329c0df28e70d7e75fb3,cxa0af3165c08318e988cb30993b3048335b94af6c,hxd75467e3e4ce64e3424c747dfb71503017440433,0xbad8ff0f6,0x9fcea25831ebc95e811bfb788ffffe2dd3cdb6b180ecf4809f265fc7d77ac008,1,94218778,50.156531958,1741118365429558,Sui,0.0460574,SUI,0,1,2025-03-04
cx88fd7df7ddff82f7cc735c871dc519838cb235bb,hxd75467e3e4ce64e3424c747dfb71503017440433,cxa0af3165c08318e988cb30993b3048335b94af6c,0x6ebbd0689a3f90000,0x9fcea25831ebc95e811bfb788ffffe2dd3cdb6b180ecf4809f265fc7d77ac008,0,94218778,127.66720499999998,1741118365429558,Balanced Dollar,0.0460574,bnUSD,0,1,2025-03-04
cx2609b924e33ef00b648a409245c7ea394c467824,cx21e94c08c03daee80c25d8ee3ea22a20786ec231,hx1adc2b41608d81704d775ff143f43ab6efe0d792,0x400997aa9a8a3af00,0x0ce60cca751c2cd7a22a8f0ddc5d7abbdedff1853d152aa43a13c6023eca7d7b,5,94218725,73.8301768353723,1741118259569629,Staked ICX,0.11031935,sICX,0,1,2025-03-04
cx88fd7df7ddff82f7cc735c871dc519838cb235bb,cxa0af3165c08318e988cb30993b3048335b94af6c,cx5faae53c4dbd1fbe4a2eb4aab6565030f10da5c6,0x3889ee1e00aafe,0x0ce60cca751c2cd7a22a8f0ddc5d7abbdedff1853d152aa43a13c6023eca7d7b,3,94218725,0.01591425449437875,1741118259569629,Balanced Dollar,0.11031935,bnUSD,0,1,2025-03-04
cx2609b924e33ef00b648a409245c7ea394c467824,cxa0af3165c08318e988cb30993b3048335b94af6c,cx21e94c08c03daee80c25d8ee3ea22a20786ec231,0x400997aa9a8a3af00,0x0ce60cca751c2cd7a22a8f0ddc5d7abbdedff1853d152aa43a13c6023eca7d7b,2,94218725,73.8301768353723,1741118259569629,Staked ICX,0.11031935,sICX,0,1,2025-03-04
cx88fd7df7ddff82f7cc735c871dc519838cb235bb,cx21e94c08c03daee80c25d8ee3ea22a20786ec231,cxa0af3165c08318e988cb30993b3048335b94af6c,0x933c86c37712a25f,0x0ce60cca751c2cd7a22a8f0ddc5d7abbdedff1853d152aa43a13c6023eca7d7b,1,94218725,10.6095029962525,1741118259569629,Balanced Dollar,0.11031935,bnUSD,0,1,2025-03-04
cx88fd7df7ddff82f7cc735c871dc519838cb235bb,hx1adc2b41608d81704d775ff143f43ab6efe0d792,cx21e94c08c03daee80c25d8ee3ea22a20786ec231,0x933c86c37712a25f,0x0ce60cca751c2cd7a22a8f0ddc5d7abbdedff1853d152aa43a13c6023eca7d7b,0,94218725,10.6095029962525,1741118259569629,Balanced Dollar,0.11031935,bnUSD,0,1,2025-03-04
cx88fd7df7ddff82f7cc735c871dc519838cb235bb,hx0000000000000000000000000000000000000000,cx5faae53c4dbd1fbe4a2eb4aab6565030f10da5c6,0x4b6292d2ab8ea9,0xc49d4adb5295f75d8f74fd34cc4fd4a721896d08ef639cd0737d78a094d2792a,3,94218715,0.021219005992505,1741118239427623,Balanced Dollar,0.1055535375,bnUSD,0,1,2025-03-04
cx88fd7df7ddff82f7cc735c871dc519838cb235bb,cx66d4d90f5f113eba575bf793570135f9b10cece1,hx1adc2b41608d81704d775ff143f43ab6efe0d792,0x933c86c37712a25f,0xc49d4adb5295f75d8f74fd34cc4fd4a721896d08ef639cd0737d78a094d2792a,1,94218715,10.6095029962525,1741118239427623,Balanced Dollar,0.1055535375,bnUSD,0,1,2025-03-04
cx88fd7df7ddff82f7cc735c871dc519838cb235bb,hx0000000000000000000000000000000000000000,cx66d4d90f5f113eba575bf793570135f9b10cece1,0x933c86c37712a25f,0xc49d4adb5295f75d8f74fd34cc4fd4a721896d08ef639cd0737d78a094d2792a,0,94218715,10.6095029962525,1741118239427623,Balanced Dollar,0.1055535375,bnUSD,0,1,2025-03-04
cx88fd7df7ddff82f7cc735c871dc519838cb235bb,cxa0af3165c08318e988cb30993b3048335b94af6c,cx5faae53c4dbd1fbe4a2eb4aab6565030f10da5c6,0x15ae51e3e5dc7f3,0x4907ddb3aecfeaba65242db59d25ca1084ce870f8a3fc430ee231bae6902e134,2,94218711,0.09764225999999998,1741118231423795,Balanced Dollar,0.0563991125,bnUSD,0,1,2025-03-04
cx288d13e1b63563459a2ac6179f237711f6851cb5,cxa0af3165c08318e988cb30993b3048335b94af6c,hxd75467e3e4ce64e3424c747dfb71503017440433,0x6ad6b658a80526,0x4907ddb3aecfeaba65242db59d25ca1084ce870f8a3fc430ee231bae6902e134,1,94218711,0.030072426191127846,1741118231423795,Ethereum,0.0563991125,ETH,0,1,2025-03-04
cx88fd7df7ddff82f7cc735c871dc519838cb235bb,hxd75467e3e4ce64e3424c747dfb71503017440433,cxa0af3165c08318e988cb30993b3048335b94af6c,0x3875f5417bee36000,0x4907ddb3aecfeaba65242db59d25ca1084ce870f8a3fc430ee231bae6902e134,0,94218711,65.09483999999999,1741118231423795,Balanced Dollar,0.0563991125,bnUSD,0,1,2025-03-04
cx2609b924e33ef00b648a409245c7ea394c467824,hx1adc2b41608d81704d775ff143f43ab6efe0d792,cx66d4d90f5f113eba575bf793570135f9b10cece1,0x4abfd3fc9fcc0937a,0x346f0a28496315f01eb73f8f6b825897559fc42c626554fe8d1c7da57bc215f1,1,94218706,86.18010818119313,1741118221412168,Staked ICX,0.0952708625,sICX,0,1,2025-03-04
cx2609b924e33ef00b648a409245c7ea394c467824,cx21e94c08c03daee80c25d8ee3ea22a20786ec231,hx1adc2b41608d81704d775ff143f43ab6efe0d792,0x482727f23b632cfc2,0xf63401710829dd59687015ee11f3b5ed9e9b7839f53417154fa812f3ce673f69,9,94218699,83.18669145847122,1741118207338953,Staked ICX,0.1583707,sICX,0,1,2025-03-04
cx88fd7df7ddff82f7cc735c871dc519838cb235bb,cxa0af3165c08318e988cb30993b3048335b94af6c,cx5faae53c4dbd1fbe4a2eb4aab6565030f10da5c6,0x3fb3ca42406038,0xf63401710829dd59687015ee11f3b5ed9e9b7839f53417154fa812f3ce673f69,7,94218699,0.017930604809052217,1741118207338953,Balanced Dollar,0.1583707,bnUSD,0,1,2025-03-04
cx2609b924e33ef00b648a409245c7ea394c467824,cxa0af3165c08318e988cb30993b3048335b94af6c,cx21e94c08c03daee80c25d8ee3ea22a20786ec231,0x482727f23b632cfc2,0xf63401710829dd59687015ee11f3b5ed9e9b7839f53417154fa812f3ce673f69,6,94218699,83.18669145847122,1741118207338953,Staked ICX,0.1583707,sICX,0,1,2025-03-04
cx88fd7df7ddff82f7cc735c871dc519838cb235bb,cx21e94c08c03daee80c25d8ee3ea22a20786ec231,cxa0af3165c08318e988cb30993b3048335b94af6c,0xa5e4340c87a53e20,0xf63401710829dd59687015ee11f3b5ed9e9b7839f53417154fa812f3ce673f69,5,94218699,11.953736539368144,1741118207338953,Balanced Dollar,0.1583707,bnUSD,0,1,2025-03-04
cx88fd7df7ddff82f7cc735c871dc519838cb235bb,cxa0af3165c08318e988cb30993b3048335b94af6c,cx5faae53c4dbd1fbe4a2eb4aab6565030f10da5c6,0x3fe403bb754914,0xf63401710829dd59687015ee11f3b5ed9e9b7839f53417154fa812f3ce673f69,3,94218699,0.017983628213831957,1741118207338953,Balanced Dollar,0.1583707,bnUSD,0,1,2025-03-04
cx88fd7df7ddff82f7cc735c871dc519838cb235bb,cxa0af3165c08318e988cb30993b3048335b94af6c,cx21e94c08c03daee80c25d8ee3ea22a20786ec231,0xa5e4340c87a53e20,0xf63401710829dd59687015ee11f3b5ed9e9b7839f53417154fa812f3ce673f69,2,94218699,11.953736539368144,1741118207338953,Balanced Dollar,0.1583707,bnUSD,0,1,2025-03-04
cx508002ec116fbf3ab406329c0df28e70d7e75fb3,cx21e94c08c03daee80c25d8ee3ea22a20786ec231,cxa0af3165c08318e988cb30993b3048335b94af6c,0x119bede7a,0xf63401710829dd59687015ee11f3b5ed9e9b7839f53417154fa812f3ce673f69,1,94218699,4.72690649,1741118207338953,Sui,0.1583707,SUI,0,1,2025-03-04
cx508002ec116fbf3ab406329c0df28e70d7e75fb3,hx1adc2b41608d81704d775ff143f43ab6efe0d792,cx21e94c08c03daee80c25d8ee3ea22a20786ec231,0x119bede7a,0xf63401710829dd59687015ee11f3b5ed9e9b7839f53417154fa812f3ce673f69,0,94218699,4.72690649,1741118207338953,Sui,0.1583707,SUI,0,1,2025-03-04
cx508002ec116fbf3ab406329c0df28e70d7e75fb3,cx66d4d90f5f113eba575bf793570135f9b10cece1,hx1adc2b41608d81704d775ff143f43ab6efe0d792,0x119557c00,0x7dce69a09621a5bc92e12c12119f9e56695e9f92df7878d8529d00986a5c7be4,0,94218688,4.72,1741118185369916,Sui,0.0355779,SUI,0,1,2025-03-04
cx88fd7df7ddff82f7cc735c871dc519838cb235bb,cxa0af3165c08318e988cb30993b3048335b94af6c,cx5faae53c4dbd1fbe4a2eb4aab6565030f10da5c6,0xeeedf4c597d000,0x3560a090833c1a39fe6321497494b12b6ef5eef57d16ba2736fcd7232ac446f9,2,94218685,0.06725268,1741118179408363,Balanced Dollar,0.0563614,bnUSD,0,1,2025-03-04
cx4297f4b63262507623b6ad575d0d8dd2db980e4e,cxa0af3165c08318e988cb30993b3048335b94af6c,hxd75467e3e4ce64e3424c747dfb71503017440433,0x37a95c8b895339d6,0x3560a090833c1a39fe6321497494b12b6ef5eef57d16ba2736fcd7232ac446f9,1,94218685,4.01083869752428,1741118179408363,Injective,0.0563614,INJ,0,1,2025-03-04
cx88fd7df7ddff82f7cc735c871dc519838cb235bb,hxd75467e3e4ce64e3424c747dfb71503017440433,cxa0af3165c08318e988cb30993b3048335b94af6c,0x26e365817e6030000,0x3560a090833c1a39fe6321497494b12b6ef5eef57d16ba2736fcd7232ac446f9,0,94218685,44.83512,1741118179408363,Balanced Dollar,0.0563614,bnUSD,0,1,2025-03-04
cx88fd7df7ddff82f7cc735c871dc519838cb235bb,cxa0af3165c08318e988cb30993b3048335b94af6c,cx5faae53c4dbd1fbe4a2eb4aab6565030f10da5c6,0x15ad115763b408f,0x8201e7dc8c1e28e56cc32a549f55a0e781750f2bdc0973fdd9db80f9e59a3673,2,94218681,0.09762023205000002,1741118171391454,Balanced Dollar,0.0563991125,bnUSD,0,1,2025-03-04
cx288d13e1b63563459a2ac6179f237711f6851cb5,cxa0af3165c08318e988cb30993b3048335b94af6c,hxd75467e3e4ce64e3424c747dfb71503017440433,0x6ad86dcac63c8d,0x8201e7dc8c1e28e56cc32a549f55a0e781750f2bdc0973fdd9db80f9e59a3673,1,94218681,0.030074313596353677,1741118171391454,Ethereum,0.0563991125,ETH,0,1,2025-03-04
cx88fd7df7ddff82f7cc735c871dc519838cb235bb,hxd75467e3e4ce64e3424c747dfb71503017440433,cxa0af3165c08318e988cb30993b3048335b94af6c,0x3872b27e3e4f82000,0x8201e7dc8c1e28e56cc32a549f55a0e781750f2bdc0973fdd9db80f9e59a3673,0,94218681,65.08015470000001,1741118171391454,Balanced Dollar,0.0563991125,bnUSD,0,1,2025-03-04
cx88fd7df7ddff82f7cc735c871dc519838cb235bb,cxa0af3165c08318e988cb30993b3048335b94af6c,cx5faae53c4dbd1fbe4a2eb4aab6565030f10da5c6,0x2a6f69f1f9646f9,0x9b07d4e8ffbe46e8de318cf8f18c8a7bb12bd4beebfe7190649ae56849b547a5,2,94218676,0.1911111975,1741118161342579,Balanced Dollar,0.0460574,bnUSD,0,1,2025-03-04
cx508002ec116fbf3ab406329c0df28e70d7e75fb3,cxa0af3165c08318e988cb30993b3048335b94af6c,hxd75467e3e4ce64e3424c747dfb71503017440433,0xbaa7162cd,0x9b07d4e8ffbe46e8de318cf8f18c8a7bb12bd4beebfe7190649ae56849b547a5,1,94218676,50.104197837,1741118161342579,Sui,0.0460574,SUI,0,1,2025-03-04
cx88fd7df7ddff82f7cc735c871dc519838cb235bb,hxd75467e3e4ce64e3424c747dfb71503017440433,cxa0af3165c08318e988cb30993b3048335b94af6c,0x6e8223e6242038000,0x9b07d4e8ffbe46e8de318cf8f18c8a7bb12bd4beebfe7190649ae56849b547a5,0,94218676,127.407465,1741118161342579,Balanced Dollar,0.0460574,bnUSD,0,1,2025-03-04
cx88fd7df7ddff82f7cc735c871dc519838cb235bb,cxa0af3165c08318e988cb30993b3048335b94af6c,cx5faae53c4dbd1fbe4a2eb4aab6565030f10da5c6,0x15a97d7ccb40683,0x55facc991310a39f47f4f2db00d0548a175581daaa991ad578ee95acf2cf2b97,2,94218656,0.09755729505,1741118121381595,Balanced Dollar,0.0563991125,bnUSD,0,1,2025-03-04
cx288d13e1b63563459a2ac6179f237711f6851cb5,cxa0af3165c08318e988cb30993b3048335b94af6c,hxd75467e3e4ce64e3424c747dfb71503017440433,0x6acead19ec6130,0x55facc991310a39f47f4f2db00d0548a175581daaa991ad578ee95acf2cf2b97,1,94218656,0.030063590390915378,1741118121381595,Ethereum,0.0563991125,ETH,0,1,2025-03-04
cx88fd7df7ddff82f7cc735c871dc519838cb235bb,hxd75467e3e4ce64e3424c747dfb71503017440433,cxa0af3165c08318e988cb30993b3048335b94af6c,0x38696174fbf7ba000,0x55facc991310a39f47f4f2db00d0548a175581daaa991ad578ee95acf2cf2b97,0,94218656,65.0381967,1741118121381595,Balanced Dollar,0.0563991125,bnUSD,0,1,2025-03-04
cx65c9e3d4fea842e00add0d32a5b4c5e4e04c7a6b,hxa28bf1566ec82115aa53061508e5a69bcd54ed3a,cx66d4d90f5f113eba575bf793570135f9b10cece1,0x28ae8d0,0xac8d9a1dd9008770ee979e18bccf0e9e47f42a9ab1ad73db7dd1be31991b2048,0,94218647,0.042658,1741118103517876,Solana,0.0224884375,SOL,0,1,2025-03-04
cx65c9e3d4fea842e00add0d32a5b4c5e4e04c7a6b,cx21e94c08c03daee80c25d8ee3ea22a20786ec231,hxa28bf1566ec82115aa53061508e5a69bcd54ed3a,0x28ae5fe,0x8877fd299ee21585b6920f3c5c5787d84cfb37c21a394ea78381319576e2b8c4,5,94218639,0.042657278,1741118087401102,Solana,0.07572775,SOL,0,2,2025-03-04
cx88fd7df7ddff82f7cc735c871dc519838cb235bb,cxa0af3165c08318e988cb30993b3048335b94af6c,cx5faae53c4dbd1fbe4a2eb4aab6565030f10da5c6,0x206b3457d7033b,0x8877fd299ee21585b6920f3c5c5787d84cfb37c21a394ea78381319576e2b8c4,3,94218639,0.009125071810921275,1741118087401102,Balanced Dollar,0.07572775,bnUSD,0,2,2025-03-04
cx65c9e3d4fea842e00add0d32a5b4c5e4e04c7a6b,cxa0af3165c08318e988cb30993b3048335b94af6c,cx21e94c08c03daee80c25d8ee3ea22a20786ec231,0x28ae5fe,0x8877fd299ee21585b6920f3c5c5787d84cfb37c21a394ea78381319576e2b8c4,2,94218639,0.042657278,1741118087401102,Solana,0.07572775,SOL,0,2,2025-03-04
cx88fd7df7ddff82f7cc735c871dc519838cb235bb,cx21e94c08c03daee80c25d8ee3ea22a20786ec231,cxa0af3165c08318e988cb30993b3048335b94af6c,0x546c82fa154315c0,0x8877fd299ee21585b6920f3c5c5787d84cfb37c21a394ea78381319576e2b8c4,1,94218639,6.08338120728085,1741118087401102,Balanced Dollar,0.07572775,bnUSD,0,2,2025-03-04
cx88fd7df7ddff82f7cc735c871dc519838cb235bb,hxa28bf1566ec82115aa53061508e5a69bcd54ed3a,cx21e94c08c03daee80c25d8ee3ea22a20786ec231,0x546c82fa154315c0,0x8877fd299ee21585b6920f3c5c5787d84cfb37c21a394ea78381319576e2b8c4,0,94218639,6.08338120728085,1741118087401102,Balanced Dollar,0.07572775,bnUSD,0,2,2025-03-04
cx88fd7df7ddff82f7cc735c871dc519838cb235bb,cxa0af3165c08318e988cb30993b3048335b94af6c,cx5faae53c4dbd1fbe4a2eb4aab6565030f10da5c6,0x15aa3b3337a17f3,0xf9a6270db73cc6b4191e0d7acd8e612488f1de77b94dc9ab81a5d35aa9272ba0,2,94218639,0.09757033199999998,1741118087401102,Balanced Dollar,0.0563991125,bnUSD,0,1,2025-03-04
cx288d13e1b63563459a2ac6179f237711f6851cb5,cxa0af3165c08318e988cb30993b3048335b94af6c,hxd75467e3e4ce64e3424c747dfb71503017440433,0x6ada36dbc04d4c,0xf9a6270db73cc6b4191e0d7acd8e612488f1de77b94dc9ab81a5d35aa9272ba0,1,94218639,0.03007627668123169,1741118087401102,Ethereum,0.0563991125,ETH,0,1,2025-03-04
cx88fd7df7ddff82f7cc735c871dc519838cb235bb,hxd75467e3e4ce64e3424c747dfb71503017440433,cxa0af3165c08318e988cb30993b3048335b94af6c,0x386b4f800b89e6000,0xf9a6270db73cc6b4191e0d7acd8e612488f1de77b94dc9ab81a5d35aa9272ba0,0,94218639,65.046888,1741118087401102,Balanced Dollar,0.0563991125,bnUSD,0,1,2025-03-04
cx88fd7df7ddff82f7cc735c871dc519838cb235bb,cxa0af3165c08318e988cb30993b3048335b94af6c,cx5faae53c4dbd1fbe4a2eb4aab6565030f10da5c6,0xeeb770e72f6800,0x26fd366fb87148c21354979196b2a2d134e2fdce98f8c1272937b15eb2e40d57,2,94218635,0.06719274,1741118079383790,Balanced Dollar,0.0563614,bnUSD,0,1,2025-03-04
cx4297f4b63262507623b6ad575d0d8dd2db980e4e,cxa0af3165c08318e988cb30993b3048335b94af6c,hxd75467e3e4ce64e3424c747dfb71503017440433,0x37a381f4555600e1,0x26fd366fb87148c21354979196b2a2d134e2fdce98f8c1272937b15eb2e40d57,1,94218635,4.009190979693576,1741118079383790,Injective,0.0563614,INJ,0,1,2025-03-04
cx88fd7df7ddff82f7cc735c871dc519838cb235bb,hxd75467e3e4ce64e3424c747dfb71503017440433,cxa0af3165c08318e988cb30993b3048335b94af6c,0x26da860af60c98000,0x26fd366fb87148c21354979196b2a2d134e2fdce98f8c1272937b15eb2e40d57,0,94218635,44.79516,1741118079383790,Balanced Dollar,0.0563614,bnUSD,0,1,2025-03-04
cx88fd7df7ddff82f7cc735c871dc519838cb235bb,hx0000000000000000000000000000000000000000,cx5faae53c4dbd1fbe4a2eb4aab6565030f10da5c6,0x2b399b1fc959a4,0x59434e13e0883775e6d5f90c8f08ab2c9fbd4eaf52e360aaffd45cae3ed130c9,3,94218627,0.0121667624145617,1741118063341593,Balanced Dollar,0.10517705,bnUSD,0,1,2025-03-04
cx88fd7df7ddff82f7cc735c871dc519838cb235bb,cx66d4d90f5f113eba575bf793570135f9b10cece1,hxa28bf1566ec82115aa53061508e5a69bcd54ed3a,0x546c82fa154315c0,0x59434e13e0883775e6d5f90c8f08ab2c9fbd4eaf52e360aaffd45cae3ed130c9,1,94218627,6.08338120728085,1741118063341593,Balanced Dollar,0.10517705,bnUSD,0,1,2025-03-04
cx88fd7df7ddff82f7cc735c871dc519838cb235bb,hx0000000000000000000000000000000000000000,cx66d4d90f5f113eba575bf793570135f9b10cece1,0x546c82fa154315c0,0x59434e13e0883775e6d5f90c8f08ab2c9fbd4eaf52e360aaffd45cae3ed130c9,0,94218627,6.08338120728085,1741118063341593,Balanced Dollar,0.10517705,bnUSD,0,1,2025-03-04
cx88fd7df7ddff82f7cc735c871dc519838cb235bb,cxa0af3165c08318e988cb30993b3048335b94af6c,cx5faae53c4dbd1fbe4a2eb4aab6565030f10da5c6,0xeeb770e72f6800,0xb6b95b9c7dc0cf3f24d869542e77588dd40ff7fc1df2afea52304d3f88950298,2,94218613,0.06719274,1741118035334731,Balanced Dollar,0.0563614,bnUSD,0,1,2025-03-04
cx4297f4b63262507623b6ad575d0d8dd2db980e4e,cxa0af3165c08318e988cb30993b3048335b94af6c,hxd75467e3e4ce64e3424c747dfb71503017440433,0x37aa5b09ccac3ade,0xb6b95b9c7dc0cf3f24d869542e77588dd40ff7fc1df2afea52304d3f88950298,1,94218613,4.0111185157735205,1741118035334731,Injective,0.0563614,INJ,0,1,2025-03-04
cx88fd7df7ddff82f7cc735c871dc519838cb235bb,hxd75467e3e4ce64e3424c747dfb71503017440433,cxa0af3165c08318e988cb30993b3048335b94af6c,0x26da860af60c98000,0xb6b95b9c7dc0cf3f24d869542e77588dd40ff7fc1df2afea52304d3f88950298,0,94218613,44.79516,1741118035334731,Balanced Dollar,0.0563614,bnUSD,0,1,2025-03-04
cx88fd7df7ddff82f7cc735c871dc519838cb235bb,cxa0af3165c08318e988cb30993b3048335b94af6c,cx5faae53c4dbd1fbe4a2eb4aab6565030f10da5c6,0x15a9cbfd3eb8076,0x940dc88df6d6597a86afaef81ac7d5530f7b31e65079f3195371449215f9ce05,2,94218608,0.09756268964999999,1741118025291809,Balanced Dollar,0.0563991125,bnUSD,0,1,2025-03-04
cx288d13e1b63563459a2ac6179f237711f6851cb5,cxa0af3165c08318e988cb30993b3048335b94af6c,hxd75467e3e4ce64e3424c747dfb71503017440433,0x6adff57d9d26a6,0x940dc88df6d6597a86afaef81ac7d5530f7b31e65079f3195371449215f9ce05,1,94218608,0.03008259299876215,1741118025291809,Ethereum,0.0563991125,ETH,0,1,2025-03-04
cx88fd7df7ddff82f7cc735c871dc519838cb235bb,hxd75467e3e4ce64e3424c747dfb71503017440433,cxa0af3165c08318e988cb30993b3048335b94af6c,0x386a2de37dff3e000,0x940dc88df6d6597a86afaef81ac7d5530f7b31e65079f3195371449215f9ce05,0,94218608,65.04179309999999,1741118025291809,Balanced Dollar,0.0563991125,bnUSD,0,1,2025-03-04
cx2609b924e33ef00b648a409245c7ea394c467824,hxa28bf1566ec82115aa53061508e5a69bcd54ed3a,cx66d4d90f5f113eba575bf793570135f9b10cece1,0x32c67dbd77f5e0000,0xeb3326988cb1036db7d4bceec44a3ac502e369a114bffc241fe8e2c3014dfd5b,1,94218606,58.54,1741118021365337,Staked ICX,0.09527155,sICX,0,1,2025-03-04
cx88fd7df7ddff82f7cc735c871dc519838cb235bb,cxa0af3165c08318e988cb30993b3048335b94af6c,cx5faae53c4dbd1fbe4a2eb4aab6565030f10da5c6,0x15a69a433699f06,0x783e693f06a2da1b6960d6b022fe643eb48bdb6fca28a679feeb70790015c3ae,2,94218593,0.0975064959,1741117995323441,Balanced Dollar,0.0563991125,bnUSD,0,1,2025-03-04
cx288d13e1b63563459a2ac6179f237711f6851cb5,cxa0af3165c08318e988cb30993b3048335b94af6c,hxd75467e3e4ce64e3424c747dfb71503017440433,0x6ad81572822ac6,0x783e693f06a2da1b6960d6b022fe643eb48bdb6fca28a679feeb70790015c3ae,1,94218593,0.03007393415837562,1741117995323441,Ethereum,0.0563991125,ETH,0,1,2025-03-04
cx88fd7df7ddff82f7cc735c871dc519838cb235bb,hxd75467e3e4ce64e3424c747dfb71503017440433,cxa0af3165c08318e988cb30993b3048335b94af6c,0x3861dc645e30e2000,0x783e693f06a2da1b6960d6b022fe643eb48bdb6fca28a679feeb70790015c3ae,0,94218593,65.0043306,1741117995323441,Balanced Dollar,0.0563991125,bnUSD,0,1,2025-03-04
cx88fd7df7ddff82f7cc735c871dc519838cb235bb,cxa0af3165c08318e988cb30993b3048335b94af6c,cx5faae53c4dbd1fbe4a2eb4aab6565030f10da5c6,0xef2478a4003800,0x9f91948b1cc817234e364d0b5f20f481baa0a4e7d1830c6f0e169f9c758d5552,2,94218586,0.06731262,1741117981337729,Balanced Dollar,0.0563614,bnUSD,0,1,2025-03-04
cx4297f4b63262507623b6ad575d0d8dd2db980e4e,cxa0af3165c08318e988cb30993b3048335b94af6c,hxd75467e3e4ce64e3424c747dfb71503017440433,0x37caa6b944ac7396,0x9f91948b1cc817234e364d0b5f20f481baa0a4e7d1830c6f0e169f9c758d5552,1,94218586,4.020208932032902,1741117981337729,Injective,0.0563614,INJ,0,1,2025-03-04
cx88fd7df7ddff82f7cc735c871dc519838cb235bb,hxd75467e3e4ce64e3424c747dfb71503017440433,cxa0af3165c08318e988cb30993b3048335b94af6c,0x26ec44f806b3c8000,0x9f91948b1cc817234e364d0b5f20f481baa0a4e7d1830c6f0e169f9c758d5552,0,94218586,44.87508,1741117981337729,Balanced Dollar,0.0563614,bnUSD,0,1,2025-03-04
cx88fd7df7ddff82f7cc735c871dc519838cb235bb,cxa0af3165c08318e988cb30993b3048335b94af6c,cx5faae53c4dbd1fbe4a2eb4aab6565030f10da5c6,0x2a66e55739142f9,0x4d3b8cb73321190343ad24f34491294537759d74c329efe2a25acf58e13ee1c7,2,94218578,0.1909613475,1741117965312533,Balanced Dollar,0.0460574,bnUSD,0,1,2025-03-04
cx508002ec116fbf3ab406329c0df28e70d7e75fb3,cxa0af3165c08318e988cb30993b3048335b94af6c,hxd75467e3e4ce64e3424c747dfb71503017440433,0xbab5ebdb8,0x4d3b8cb73321190343ad24f34491294537759d74c329efe2a25acf58e13ee1c7,1,94218578,50.119753144,1741117965312533,Sui,0.0460574,SUI,0,1,2025-03-04
cx88fd7df7ddff82f7cc735c871dc519838cb235bb,hxd75467e3e4ce64e3424c747dfb71503017440433,cxa0af3165c08318e988cb30993b3048335b94af6c,0x6e6bf53dcf4f3c000,0x4d3b8cb73321190343ad24f34491294537759d74c329efe2a25acf58e13ee1c7,0,94218578,127.307565,1741117965312533,Balanced Dollar,0.0460574,bnUSD,0,1,2025-03-04
cx88fd7df7ddff82f7cc735c871dc519838cb235bb,cxa0af3165c08318e988cb30993b3048335b94af6c,cx5faae53c4dbd1fbe4a2eb4aab6565030f10da5c6,0x15b05d3c3cf9ff3,0x3fc16ce43e70f802839d60d9fdb6abd39b14415328d451d6c4b7bd34c2fb36a2,2,94218573,0.09767822399999998,1741117955296881,Balanced Dollar,0.0563991125,bnUSD,0,1,2025-03-04
cx288d13e1b63563459a2ac6179f237711f6851cb5,cxa0af3165c08318e988cb30993b3048335b94af6c,hxd75467e3e4ce64e3424c747dfb71503017440433,0x6b1029630793ca,0x3fc16ce43e70f802839d60d9fdb6abd39b14415328d451d6c4b7bd34c2fb36a2,1,94218573,0.030135592449184713,1741117955296881,Ethereum,0.0563991125,ETH,0,1,2025-03-04
cx88fd7df7ddff82f7cc735c871dc519838cb235bb,hxd75467e3e4ce64e3424c747dfb71503017440433,cxa0af3165c08318e988cb30993b3048335b94af6c,0x387b482234205e000,0x3fc16ce43e70f802839d60d9fdb6abd39b14415328d451d6c4b7bd34c2fb36a2,0,94218573,65.118816,1741117955296881,Balanced Dollar,0.0563991125,bnUSD,0,1,2025-03-04
cx88fd7df7ddff82f7cc735c871dc519838cb235bb,cxa0af3165c08318e988cb30993b3048335b94af6c,cx5faae53c4dbd1fbe4a2eb4aab6565030f10da5c6,0xeeedf4c597d000,0xf666197428c3cd94589dfdf85b2d0bc418e5240570c71b0bcca5b56a1733288e,2,94218561,0.06725268,1741117931320219,Balanced Dollar,0.0563614,bnUSD,0,1,2025-03-04
cx4297f4b63262507623b6ad575d0d8dd2db980e4e,cxa0af3165c08318e988cb30993b3048335b94af6c,hxd75467e3e4ce64e3424c747dfb71503017440433,0x37c4ce5f52a14ffa,0xf666197428c3cd94589dfdf85b2d0bc418e5240570c71b0bcca5b56a1733288e,1,94218561,4.018563676324844,1741117931320219,Injective,0.0563614,INJ,0,1,2025-03-04
cx88fd7df7ddff82f7cc735c871dc519838cb235bb,hxd75467e3e4ce64e3424c747dfb71503017440433,cxa0af3165c08318e988cb30993b3048335b94af6c,0x26e365817e6030000,0xf666197428c3cd94589dfdf85b2d0bc418e5240570c71b0bcca5b56a1733288e,0,94218561,44.83512,1741117931320219,Balanced Dollar,0.0563614,bnUSD,0,1,2025-03-04
cx4297f4b63262507623b6ad575d0d8dd2db980e4e,cx21e94c08c03daee80c25d8ee3ea22a20786ec231,hxf96674b45a3f0bff969a44c111873f37adda5238,0x3c0af7799dc4810,0x77678f7f9d8ef03cb4751137ad9a1e71e2a8412668df272f00bb1aaa9072b477,5,94218557,0.2704089058595492,1741117923349776,Injective,0.0861539375,INJ,0,1,2025-03-04
cx88fd7df7ddff82f7cc735c871dc519838cb235bb,cxa0af3165c08318e988cb30993b3048335b94af6c,cx5faae53c4dbd1fbe4a2eb4aab6565030f10da5c6,0x1012cc087dc999,0x77678f7f9d8ef03cb4751137ad9a1e71e2a8412668df272f00bb1aaa9072b477,3,94218557,0.004524267152460185,1741117923349776,Balanced Dollar,0.0861539375,bnUSD,0,1,2025-03-04
cx4297f4b63262507623b6ad575d0d8dd2db980e4e,cxa0af3165c08318e988cb30993b3048335b94af6c,cx21e94c08c03daee80c25d8ee3ea22a20786ec231,0x3c0af7799dc4810,0x77678f7f9d8ef03cb4751137ad9a1e71e2a8412668df272f00bb1aaa9072b477,2,94218557,0.2704089058595492,1741117923349776,Injective,0.0861539375,INJ,0,1,2025-03-04
cx88fd7df7ddff82f7cc735c871dc519838cb235bb,cx21e94c08c03daee80c25d8ee3ea22a20786ec231,cxa0af3165c08318e988cb30993b3048335b94af6c,0x29db9e00c7925553,0x77678f7f9d8ef03cb4751137ad9a1e71e2a8412668df272f00bb1aaa9072b477,1,94218557,3.016178101640124,1741117923349776,Balanced Dollar,0.0861539375,bnUSD,0,1,2025-03-04
cx88fd7df7ddff82f7cc735c871dc519838cb235bb,hxf96674b45a3f0bff969a44c111873f37adda5238,cx21e94c08c03daee80c25d8ee3ea22a20786ec231,0x29db9e00c7925553,0x77678f7f9d8ef03cb4751137ad9a1e71e2a8412668df272f00bb1aaa9072b477,0,94218557,3.016178101640124,1741117923349776,Balanced Dollar,0.0861539375,bnUSD,0,1,2025-03-04
cx88fd7df7ddff82f7cc735c871dc519838cb235bb,cxa0af3165c08318e988cb30993b3048335b94af6c,cx5faae53c4dbd1fbe4a2eb4aab6565030f10da5c6,0x15ac9b96b680970,0x55a3b7bdd7d4427a6114ce8875de35f7fea822586948f41fd2f4016b69810cc9,2,94218538,0.09761214014999998,1741117885272131,Balanced Dollar,0.056417925,bnUSD,0,1,2025-03-04
cx288d13e1b63563459a2ac6179f237711f6851cb5,cxa0af3165c08318e988cb30993b3048335b94af6c,hxd75467e3e4ce64e3424c747dfb71503017440433,0x6b0586d0044fb3,0x55a3b7bdd7d4427a6114ce8875de35f7fea822586948f41fd2f4016b69810cc9,1,94218538,0.03012389908174021,1741117885272131,Ethereum,0.056417925,ETH,0,1,2025-03-04
cx88fd7df7ddff82f7cc735c871dc519838cb235bb,hxd75467e3e4ce64e3424c747dfb71503017440433,cxa0af3165c08318e988cb30993b3048335b94af6c,0x38717fd87b4434000,0x55a3b7bdd7d4427a6114ce8875de35f7fea822586948f41fd2f4016b69810cc9,0,94218538,65.07476009999999,1741117885272131,Balanced Dollar,0.056417925,bnUSD,0,1,2025-03-04
cx88fd7df7ddff82f7cc735c871dc519838cb235bb,cx203d9cd2a669be67177e997b8948ce2c35caffae,cx835b300dcfe01f0bdb794e134a0c5628384f4367,0x4ab7e04624a3bc88,0x0ba0ce970631334ce6e4f22e2bac97e4aa6fbaca8f60fe24b7d9076596a8c58c,6,94218533,5.3840184714117605,1741117875249406,Balanced Dollar,0.0881781125,bnUSD,0,1,2025-03-04
cx88fd7df7ddff82f7cc735c871dc519838cb235bb,cx5faae53c4dbd1fbe4a2eb4aab6565030f10da5c6,cx203d9cd2a669be67177e997b8948ce2c35caffae,0x6abd8988c6a0c431,0x0ba0ce970631334ce6e4f22e2bac97e4aa6fbaca8f60fe24b7d9076596a8c58c,4,94218533,7.691454959159658,1741117875249406,Balanced Dollar,0.0881781125,bnUSD,0,1,2025-03-04
cx88fd7df7ddff82f7cc735c871dc519838cb235bb,cx5faae53c4dbd1fbe4a2eb4aab6565030f10da5c6,cxdc30a0d3a1f131565c071272a20bc0b06fd4c17b,0x6abd8988c6a0c431,0x0ba0ce970631334ce6e4f22e2bac97e4aa6fbaca8f60fe24b7d9076596a8c58c,3,94218533,7.691454959159658,1741117875249406,Balanced Dollar,0.0881781125,bnUSD,0,1,2025-03-04
cx88fd7df7ddff82f7cc735c871dc519838cb235bb,cxa0af3165c08318e988cb30993b3048335b94af6c,cx5faae53c4dbd1fbe4a2eb4aab6565030f10da5c6,0x2a6081e328d8018,0x0ba0ce970631334ce6e4f22e2bac97e4aa6fbaca8f60fe24b7d9076596a8c58c,2,94218533,0.19084896,1741117875249406,Balanced Dollar,0.0881781125,bnUSD,0,1,2025-03-04
cx508002ec116fbf3ab406329c0df28e70d7e75fb3,cxa0af3165c08318e988cb30993b3048335b94af6c,hxd75467e3e4ce64e3424c747dfb71503017440433,0xbace1c71c,0x0ba0ce970631334ce6e4f22e2bac97e4aa6fbaca8f60fe24b7d9076596a8c58c,1,94218533,50.14511798,1741117875249406,Sui,0.0881781125,SUI,0,1,2025-03-04
cx88fd7df7ddff82f7cc735c871dc519838cb235bb,hxd75467e3e4ce64e3424c747dfb71503017440433,cxa0af3165c08318e988cb30993b3048335b94af6c,0x6e5b523f8fb284000,0x0ba0ce970631334ce6e4f22e2bac97e4aa6fbaca8f60fe24b7d9076596a8c58c,0,94218533,127.23264000000002,1741117875249406,Balanced Dollar,0.0881781125,bnUSD,0,1,2025-03-04
cx88fd7df7ddff82f7cc735c871dc519838cb235bb,cxa0af3165c08318e988cb30993b3048335b94af6c,cx5faae53c4dbd1fbe4a2eb4aab6565030f10da5c6,0x15a573e18599589,0x0c1ef22ec541f0c10780c5abe25624ff78da1b918791e8dc28c569a56c84171b,2,94218514,0.09748626615000001,1741117837312183,Balanced Dollar,0.056400425,bnUSD,0,1,2025-03-04
cx288d13e1b63563459a2ac6179f237711f6851cb5,cxa0af3165c08318e988cb30993b3048335b94af6c,hxd75467e3e4ce64e3424c747dfb71503017440433,0x6aea170451b186,0x0c1ef22ec541f0c10780c5abe25624ff78da1b918791e8dc28c569a56c84171b,1,94218514,0.030093732108939654,1741117837312183,Ethereum,0.056400425,ETH,0,1,2025-03-04
cx88fd7df7ddff82f7cc735c871dc519838cb235bb,hxd75467e3e4ce64e3424c747dfb71503017440433,cxa0af3165c08318e988cb30993b3048335b94af6c,0x385eddc5f694ac000,0x0c1ef22ec541f0c10780c5abe25624ff78da1b918791e8dc28c569a56c84171b,0,94218514,64.9908441,1741117837312183,Balanced Dollar,0.056400425,bnUSD,0,1,2025-03-04
cx88fd7df7ddff82f7cc735c871dc519838cb235bb,cxa0af3165c08318e988cb30993b3048335b94af6c,cx5faae53c4dbd1fbe4a2eb4aab6565030f10da5c6,0x2a5a1e6f189bd06,0xfab25e2f3b737d78ba515ce8c91c665b4d34b495a59502224ea48c54f0ceb293,2,94218510,0.1907365725,1741117829304790,Balanced Dollar,0.0460587125,bnUSD,0,1,2025-03-04
cx508002ec116fbf3ab406329c0df28e70d7e75fb3,cxa0af3165c08318e988cb30993b3048335b94af6c,hxd75467e3e4ce64e3424c747dfb71503017440433,0xbae64b5db,0xfab25e2f3b737d78ba515ce8c91c665b4d34b495a59502224ea48c54f0ceb293,1,94218510,50.170475995,1741117829304790,Sui,0.0460587125,SUI,0,1,2025-03-04
cx88fd7df7ddff82f7cc735c871dc519838cb235bb,hxd75467e3e4ce64e3424c747dfb71503017440433,cxa0af3165c08318e988cb30993b3048335b94af6c,0x6e4aaf415015c4000,0xfab25e2f3b737d78ba515ce8c91c665b4d34b495a59502224ea48c54f0ceb293,0,94218510,127.15771500000001,1741117829304790,Balanced Dollar,0.0460587125,bnUSD,0,1,2025-03-04
cx88fd7df7ddff82f7cc735c871dc519838cb235bb,cxa0af3165c08318e988cb30993b3048335b94af6c,cx5faae53c4dbd1fbe4a2eb4aab6565030f10da5c6,0x15a511c0f543cf9,0xb69a4979e2fd4bd6a3d8f6b8e8a711a006fce10dabafbcf774de92df178490fc,2,94218499,0.09747952289999999,1741117807218456,Balanced Dollar,0.056400425,bnUSD,0,1,2025-03-04
cx288d13e1b63563459a2ac6179f237711f6851cb5,cxa0af3165c08318e988cb30993b3048335b94af6c,hxd75467e3e4ce64e3424c747dfb71503017440433,0x6af01665488d63,0xb69a4979e2fd4bd6a3d8f6b8e8a711a006fce10dabafbcf774de92df178490fc,1,94218499,0.03010032651052989,1741117807218456,Ethereum,0.056400425,ETH,0,1,2025-03-04
cx88fd7df7ddff82f7cc735c871dc519838cb235bb,hxd75467e3e4ce64e3424c747dfb71503017440433,cxa0af3165c08318e988cb30993b3048335b94af6c,0x385dde3bd40b42000,0xb69a4979e2fd4bd6a3d8f6b8e8a711a006fce10dabafbcf774de92df178490fc,0,94218499,64.9863486,1741117807218456,Balanced Dollar,0.056400425,bnUSD,0,1,2025-03-04
cx88fd7df7ddff82f7cc735c871dc519838cb235bb,cxa0af3165c08318e988cb30993b3048335b94af6c,cx5faae53c4dbd1fbe4a2eb4aab6565030f10da5c6,0x2a416aae514caf9,0xde94e903de658aed489da80a2078e56c699dfba866110c509069c8207259f25e,2,94218492,0.19030200749999998,1741117793418266,Balanced Dollar,0.0460587125,bnUSD,0,1,2025-03-04
cx508002ec116fbf3ab406329c0df28e70d7e75fb3,cxa0af3165c08318e988cb30993b3048335b94af6c,hxd75467e3e4ce64e3424c747dfb71503017440433,0xbaad8524c,0xde94e903de658aed489da80a2078e56c699dfba866110c509069c8207259f25e,1,94218492,50.11094382,1741117793418266,Sui,0.0460587125,SUI,0,1,2025-03-04
cx88fd7df7ddff82f7cc735c871dc519838cb235bb,hxd75467e3e4ce64e3424c747dfb71503017440433,cxa0af3165c08318e988cb30993b3048335b94af6c,0x6e0a5b25f3b7b4000,0xde94e903de658aed489da80a2078e56c699dfba866110c509069c8207259f25e,0,94218492,126.868005,1741117793418266,Balanced Dollar,0.0460587125,bnUSD,0,1,2025-03-04
cx2609b924e33ef00b648a409245c7ea394c467824,cx203d9cd2a669be67177e997b8948ce2c35caffae,hxf96674b45a3f0bff969a44c111873f37adda5238,0x4068482dd17b12c,0x4a8d738d3edd0917e4fd687103ca7a2c748b9f3f6ecd03035ce49ceacaed80f7,5,94218484,0.290064923601908,1741117777219194,Staked ICX,0.1494181625,sICX,0,1,2025-03-04
cx88fd7df7ddff82f7cc735c871dc519838cb235bb,cx203d9cd2a669be67177e997b8948ce2c35caffae,hxf96674b45a3f0bff969a44c111873f37adda5238,0xb50921f49c58e4c,0x4a8d738d3edd0917e4fd687103ca7a2c748b9f3f6ecd03035ce49ceacaed80f7,2,94218484,0.8153121956333851,1741117777219194,Balanced Dollar,0.1494181625,bnUSD,0,1,2025-03-04
cxf61cd5a45dc9f91c15aa65831a30a90d59a09619,cx203d9cd2a669be67177e997b8948ce2c35caffae,hxf96674b45a3f0bff969a44c111873f37adda5238,0x334672ab9e5aa,0x4a8d738d3edd0917e4fd687103ca7a2c748b9f3f6ecd03035ce49ceacaed80f7,0,94218484,0.000902042633233834,1741117777219194,Balance Token,0.1494181625,BALN,0,1,2025-03-04
cxf61cd5a45dc9f91c15aa65831a30a90d59a09619,cx10d59e8103ab44635190bd4139dbfd682fa2d07e,hxf96674b45a3f0bff969a44c111873f37adda5238,0x255271bec0f6b6eb2,0x1ee3971be134e45991dd7c67dca7f53cea649a5ad42e011533b401c034e51051,5,94218473,43.029391865419626,1741117755247305,Balance Token,0.14335485,BALN,0,1,2025-03-04
cx2609b924e33ef00b648a409245c7ea394c467824,cx10d59e8103ab44635190bd4139dbfd682fa2d07e,hxf96674b45a3f0bff969a44c111873f37adda5238,0xa4f7562ba31e4ce84,0x1ee3971be134e45991dd7c67dca7f53cea649a5ad42e011533b401c034e51051,3,94218473,190.1930317902075,1741117755247305,Staked ICX,0.14335485,sICX,0,1,2025-03-04
cx2609b924e33ef00b648a409245c7ea394c467824,cxa0af3165c08318e988cb30993b3048335b94af6c,hxf96674b45a3f0bff969a44c111873f37adda5238,0x1b3ed9cd19212dc898,0x55bfaa49ff29430169f0b7df6b5c6aec3959fe7dcfe0fabe060c430d1a51820e,5,94218451,502.59096639827015,1741117711208606,Staked ICX,0.126240325,sICX,0,2,2025-03-04
cxe2da9f10bc6e2754347bde2ef73379bd398fd9f3,cxa0af3165c08318e988cb30993b3048335b94af6c,hxf96674b45a3f0bff969a44c111873f37adda5238,0x7ded2079d8479af793a,0x55bfaa49ff29430169f0b7df6b5c6aec3959fe7dcfe0fabe060c430d1a51820e,2,94218451,37166.87680271614,1741117711208606,HAVAH,0.126240325,HVH,0,2,2025-03-04
cx88fd7df7ddff82f7cc735c871dc519838cb235bb,cxa0af3165c08318e988cb30993b3048335b94af6c,cx5faae53c4dbd1fbe4a2eb4aab6565030f10da5c6,0x15a354e9119deed,0x6de400918ce6ad55209a1a4f5b5b2933113fd4c77fe59056c9668d69fc087641,2,94218449,0.09744895349999998,1741117707190110,Balanced Dollar,0.056400425,bnUSD,0,1,2025-03-04
cx288d13e1b63563459a2ac6179f237711f6851cb5,cxa0af3165c08318e988cb30993b3048335b94af6c,hxd75467e3e4ce64e3424c747dfb71503017440433,0x6aef648282d42e,0x6de400918ce6ad55209a1a4f5b5b2933113fd4c77fe59056c9668d69fc087641,1,94218449,0.030099562496709677,1741117707190110,Ethereum,0.056400425,ETH,0,1,2025-03-04
cx88fd7df7ddff82f7cc735c871dc519838cb235bb,hxd75467e3e4ce64e3424c747dfb71503017440433,cxa0af3165c08318e988cb30993b3048335b94af6c,0x385957c99de09e000,0x6de400918ce6ad55209a1a4f5b5b2933113fd4c77fe59056c9668d69fc087641,0,94218449,64.96596899999999,1741117707190110,Balanced Dollar,0.056400425,bnUSD,0,1,2025-03-04
cx88fd7df7ddff82f7cc735c871dc519838cb235bb,cxa0af3165c08318e988cb30993b3048335b94af6c,cx5faae53c4dbd1fbe4a2eb4aab6565030f10da5c6,0x15a163bb8ba8506,0xcbb65d4cc254790c8ea1457de24146d2b0126fd51bc9333c5f5c02a23cdbb0aa,2,94218440,0.0974147877,1741117689241916,Balanced Dollar,0.056400425,bnUSD,0,2,2025-03-04
cx288d13e1b63563459a2ac6179f237711f6851cb5,cxa0af3165c08318e988cb30993b3048335b94af6c,hxd75467e3e4ce64e3424c747dfb71503017440433,0x6aedaed8efd449,0xcbb65d4cc254790c8ea1457de24146d2b0126fd51bc9333c5f5c02a23cdbb0aa,1,94218440,0.030097682751018057,1741117689241916,Ethereum,0.056400425,ETH,0,2,2025-03-04
cx88fd7df7ddff82f7cc735c871dc519838cb235bb,hxd75467e3e4ce64e3424c747dfb71503017440433,cxa0af3165c08318e988cb30993b3048335b94af6c,0x3854490dbbb0fc000,0xcbb65d4cc254790c8ea1457de24146d2b0126fd51bc9333c5f5c02a23cdbb0aa,0,94218440,64.94319180000001,1741117689241916,Balanced Dollar,0.056400425,bnUSD,0,2,2025-03-04
cx2609b924e33ef00b648a409245c7ea394c467824,cxa0af3165c08318e988cb30993b3048335b94af6c,hxf96674b45a3f0bff969a44c111873f37adda5238,0x508150267661b8a82c,0x6d11ed27e72eac74cb55193063189349417092e413ee4a4c36ce6bd5f00064f4,7,94218428,1485.0575158156812,1741117665214578,Staked ICX,0.121131825,sICX,0,1,2025-03-04
cx3975b43d260fb8ec802cef6e60c2f4d07486f11d,hxf96674b45a3f0bff969a44c111873f37adda5238,hx0000000000000000000000000000000000000000,0x69289251685e50afbd,0x6d11ed27e72eac74cb55193063189349417092e413ee4a4c36ce6bd5f00064f4,3,94218428,1939.8316163563206,1741117665214578,Wrapped ICX,0.121131825,wICX,0,1,2025-03-04
cx3975b43d260fb8ec802cef6e60c2f4d07486f11d,cxa0af3165c08318e988cb30993b3048335b94af6c,hxf96674b45a3f0bff969a44c111873f37adda5238,0x69289251685e50afbd,0x6d11ed27e72eac74cb55193063189349417092e413ee4a4c36ce6bd5f00064f4,2,94218428,1939.8316163563206,1741117665214578,Wrapped ICX,0.121131825,wICX,0,1,2025-03-04
cx88fd7df7ddff82f7cc735c871dc519838cb235bb,cxa0af3165c08318e988cb30993b3048335b94af6c,cx5faae53c4dbd1fbe4a2eb4aab6565030f10da5c6,0x15a891fb70d9876,0x9f2aef5ebca964711876ff03899050e44c407f846cd19ae0c3b0770ac41c7667,2,94218423,0.09754111124999999,1741117655218557,Balanced Dollar,0.056400425,bnUSD,0,1,2025-03-04
cx288d13e1b63563459a2ac6179f237711f6851cb5,cxa0af3165c08318e988cb30993b3048335b94af6c,hxd75467e3e4ce64e3424c747dfb71503017440433,0x6b1915f1ac48d2,0x9f2aef5ebca964711876ff03899050e44c407f846cd19ae0c3b0770ac41c7667,1,94218423,0.0301454045476477,1741117655218557,Ethereum,0.056400425,ETH,0,1,2025-03-04
cx88fd7df7ddff82f7cc735c871dc519838cb235bb,hxd75467e3e4ce64e3424c747dfb71503017440433,cxa0af3165c08318e988cb30993b3048335b94af6c,0x3866fc2975e126000,0x9f2aef5ebca964711876ff03899050e44c407f846cd19ae0c3b0770ac41c7667,0,94218423,65.0274075,1741117655218557,Balanced Dollar,0.056400425,bnUSD,0,1,2025-03-04
cx88fd7df7ddff82f7cc735c871dc519838cb235bb,cxa0af3165c08318e988cb30993b3048335b94af6c,cx5faae53c4dbd1fbe4a2eb4aab6565030f10da5c6,0x2a4ac9588b3e906,0x9ffef893992403feb520a17523f735c7c3cfc4c8bae46f8c5157a14df77f892c,2,94218402,0.1904668425,1741117613205325,Balanced Dollar,0.0460587125,bnUSD,0,1,2025-03-04
cx508002ec116fbf3ab406329c0df28e70d7e75fb3,cxa0af3165c08318e988cb30993b3048335b94af6c,hxd75467e3e4ce64e3424c747dfb71503017440433,0xbb0b3ea58,0x9ffef893992403feb520a17523f735c7c3cfc4c8bae46f8c5157a14df77f892c,1,94218402,50.209221208,1741117613205325,Sui,0.0460587125,SUI,0,1,2025-03-04
cx88fd7df7ddff82f7cc735c871dc519838cb235bb,hxd75467e3e4ce64e3424c747dfb71503017440433,cxa0af3165c08318e988cb30993b3048335b94af6c,0x6e22c1abea9d98000,0x9ffef893992403feb520a17523f735c7c3cfc4c8bae46f8c5157a14df77f892c,0,94218402,126.977895,1741117613205325,Balanced Dollar,0.0460587125,bnUSD,0,1,2025-03-04
cx88fd7df7ddff82f7cc735c871dc519838cb235bb,cxa0af3165c08318e988cb30993b3048335b94af6c,cx5faae53c4dbd1fbe4a2eb4aab6565030f10da5c6,0x15b2cab5246d076,0xf4ad3c0c21223f52ad5670a01b5b14b54262b22a45b888b60f4a1f453fbb0338,2,94218397,0.09772093124999999,1741117603359494,Balanced Dollar,0.056400425,bnUSD,0,1,2025-03-04
cx288d13e1b63563459a2ac6179f237711f6851cb5,cxa0af3165c08318e988cb30993b3048335b94af6c,hxd75467e3e4ce64e3424c747dfb71503017440433,0x6b5390e7c21770,0xf4ad3c0c21223f52ad5670a01b5b14b54262b22a45b888b60f4a1f453fbb0338,1,94218397,0.030209704336693104,1741117603359494,Ethereum,0.056400425,ETH,0,1,2025-03-04
cx88fd7df7ddff82f7cc735c871dc519838cb235bb,hxd75467e3e4ce64e3424c747dfb71503017440433,cxa0af3165c08318e988cb30993b3048335b94af6c,0x38819a8d0edbee000,0xf4ad3c0c21223f52ad5670a01b5b14b54262b22a45b888b60f4a1f453fbb0338,0,94218397,65.14728749999999,1741117603359494,Balanced Dollar,0.056400425,bnUSD,0,1,2025-03-04
cx66a031cc3bd305c76371fb586e93801b948254f0,cx21e94c08c03daee80c25d8ee3ea22a20786ec231,hx2debd9ec927cca1639da8d3518dd9dbf1cdfb357,0x1158da2988c355f45,0xa91c4e9b343be0690a99d7d86f7fb459112e15b0ae941d5f0b8da41b4b842c9a,5,94218394,19.999820296293276,1741117597309840,Avalanche,0.0882975,AVAX,0,1,2025-03-04
cx88fd7df7ddff82f7cc735c871dc519838cb235bb,cxa0af3165c08318e988cb30993b3048335b94af6c,cx5faae53c4dbd1fbe4a2eb4aab6565030f10da5c6,0x86b60069444e8eb,0xa91c4e9b343be0690a99d7d86f7fb459112e15b0ae941d5f0b8da41b4b842c9a,3,94218394,0.606684156185078,1741117597309840,Balanced Dollar,0.0882975,bnUSD,0,1,2025-03-04
cx66a031cc3bd305c76371fb586e93801b948254f0,cxa0af3165c08318e988cb30993b3048335b94af6c,cx21e94c08c03daee80c25d8ee3ea22a20786ec231,0x1158da2988c355f45,0xa91c4e9b343be0690a99d7d86f7fb459112e15b0ae941d5f0b8da41b4b842c9a,2,94218394,19.999820296293276,1741117597309840,Avalanche,0.0882975,AVAX,0,1,2025-03-04
cx88fd7df7ddff82f7cc735c871dc519838cb235bb,cx21e94c08c03daee80c25d8ee3ea22a20786ec231,cxa0af3165c08318e988cb30993b3048335b94af6c,0x15ecf4bbccc8c93950,0xa91c4e9b343be0690a99d7d86f7fb459112e15b0ae941d5f0b8da41b4b842c9a,1,94218394,404.45610412338533,1741117597309840,Balanced Dollar,0.0882975,bnUSD,0,1,2025-03-04
cx88fd7df7ddff82f7cc735c871dc519838cb235bb,hx2debd9ec927cca1639da8d3518dd9dbf1cdfb357,cx21e94c08c03daee80c25d8ee3ea22a20786ec231,0x15ecf4bbccc8c93950,0xa91c4e9b343be0690a99d7d86f7fb459112e15b0ae941d5f0b8da41b4b842c9a,0,94218394,404.45610412338533,1741117597309840,Balanced Dollar,0.0882975,bnUSD,0,1,2025-03-04
cx88fd7df7ddff82f7cc735c871dc519838cb235bb,cxa0af3165c08318e988cb30993b3048335b94af6c,cx5faae53c4dbd1fbe4a2eb4aab6565030f10da5c6,0x2a4c7d777e81ced,0xd4590c707cc1ddb3c75d1273497c13d8755cc07910ecbad71c1b1406a14524bf,2,94218383,0.19049681249999997,1741117575166988,Balanced Dollar,0.046056025,bnUSD,0,1,2025-03-04
cx508002ec116fbf3ab406329c0df28e70d7e75fb3,cxa0af3165c08318e988cb30993b3048335b94af6c,hxd75467e3e4ce64e3424c747dfb71503017440433,0xbb473b0ce,0xd4590c707cc1ddb3c75d1273497c13d8755cc07910ecbad71c1b1406a14524bf,1,94218383,50.272121038,1741117575166988,Sui,0.046056025,SUI,0,1,2025-03-04
cx88fd7df7ddff82f7cc735c871dc519838cb235bb,hxd75467e3e4ce64e3424c747dfb71503017440433,cxa0af3165c08318e988cb30993b3048335b94af6c,0x6e2731672ec760000,0xd4590c707cc1ddb3c75d1273497c13d8755cc07910ecbad71c1b1406a14524bf,0,94218383,126.997875,1741117575166988,Balanced Dollar,0.046056025,bnUSD,0,1,2025-03-04
cx88fd7df7ddff82f7cc735c871dc519838cb235bb,cxa0af3165c08318e988cb30993b3048335b94af6c,cx5faae53c4dbd1fbe4a2eb4aab6565030f10da5c6,0x15abbd2ac4ada6a,0x159095b80e281932944dd083d123505a304f249cff703571bf8aac5c542ee16b,2,94218377,0.09759685544999998,1741117563192449,Balanced Dollar,0.0564017375,bnUSD,0,1,2025-03-04
cx288d13e1b63563459a2ac6179f237711f6851cb5,cxa0af3165c08318e988cb30993b3048335b94af6c,hxd75467e3e4ce64e3424c747dfb71503017440433,0x6b389cb564f94b,0x159095b80e281932944dd083d123505a304f249cff703571bf8aac5c542ee16b,1,94218377,0.030180068217387338,1741117563192449,Ethereum,0.0564017375,ETH,0,1,2025-03-04
cx88fd7df7ddff82f7cc735c871dc519838cb235bb,hxd75467e3e4ce64e3424c747dfb71503017440433,cxa0af3165c08318e988cb30993b3048335b94af6c,0x386f3c9f602ee2000,0x159095b80e281932944dd083d123505a304f249cff703571bf8aac5c542ee16b,0,94218377,65.06457029999999,1741117563192449,Balanced Dollar,0.0564017375,bnUSD,0,1,2025-03-04
cx88fd7df7ddff82f7cc735c871dc519838cb235bb,cxa0af3165c08318e988cb30993b3048335b94af6c,cx5faae53c4dbd1fbe4a2eb4aab6565030f10da5c6,0x1b01329c1804800,0x3ca013a04a5f4f1e9013b7db9932d2b7a3d34457bd47a2b8f66ffa429d25157e,2,94218372,0.12161826,1741117553344650,Balanced Dollar,0.0563115875,bnUSD,0,1,2025-03-04
cx66a031cc3bd305c76371fb586e93801b948254f0,cxa0af3165c08318e988cb30993b3048335b94af6c,hxd75467e3e4ce64e3424c747dfb71503017440433,0x37bfe584dec77c90,0x3ca013a04a5f4f1e9013b7db9932d2b7a3d34457bd47a2b8f66ffa429d25157e,1,94218372,4.0171817514738315,1741117553344650,Avalanche,0.0563115875,AVAX,0,1,2025-03-04
cx88fd7df7ddff82f7cc735c871dc519838cb235bb,hxd75467e3e4ce64e3424c747dfb71503017440433,cxa0af3165c08318e988cb30993b3048335b94af6c,0x46531e767e8bb8000,0x3ca013a04a5f4f1e9013b7db9932d2b7a3d34457bd47a2b8f66ffa429d25157e,0,94218372,81.07884,1741117553344650,Balanced Dollar,0.0563115875,bnUSD,0,1,2025-03-04
cx88fd7df7ddff82f7cc735c871dc519838cb235bb,cxa0af3165c08318e988cb30993b3048335b94af6c,cx5faae53c4dbd1fbe4a2eb4aab6565030f10da5c6,0x2a5206dc151c5f3,0x4e70142ddc25285bb7c5e57cb3bd2c564e37719b15145f1cf3ace0befb4c5dba,2,94218365,0.19059421499999998,1741117539188735,Balanced Dollar,0.046060025,bnUSD,0,1,2025-03-04
cx508002ec116fbf3ab406329c0df28e70d7e75fb3,cxa0af3165c08318e988cb30993b3048335b94af6c,hxd75467e3e4ce64e3424c747dfb71503017440433,0xbb94539dc,0x4e70142ddc25285bb7c5e57cb3bd2c564e37719b15145f1cf3ace0befb4c5dba,1,94218365,50.352962012,1741117539188735,Sui,0.046060025,SUI,0,1,2025-03-04
cx88fd7df7ddff82f7cc735c871dc519838cb235bb,hxd75467e3e4ce64e3424c747dfb71503017440433,cxa0af3165c08318e988cb30993b3048335b94af6c,0x6e359c87cc4f38000,0x4e70142ddc25285bb7c5e57cb3bd2c564e37719b15145f1cf3ace0befb4c5dba,0,94218365,127.06280999999998,1741117539188735,Balanced Dollar,0.046060025,bnUSD,0,1,2025-03-04
cx88fd7df7ddff82f7cc735c871dc519838cb235bb,cxa0af3165c08318e988cb30993b3048335b94af6c,cx5faae53c4dbd1fbe4a2eb4aab6565030f10da5c6,0x1afdca5e317e000,0x9a191c763c2506d96126b47f67637e2c8e2e116f82c9bab75ecf2bff900b2a23,2,94218355,0.12155832,1741117519210870,Balanced Dollar,0.0563115875,bnUSD,0,1,2025-03-04
cx66a031cc3bd305c76371fb586e93801b948254f0,cxa0af3165c08318e988cb30993b3048335b94af6c,hxd75467e3e4ce64e3424c747dfb71503017440433,0x37c24da86ab32084,0x9a191c763c2506d96126b47f67637e2c8e2e116f82c9bab75ecf2bff900b2a23,1,94218355,4.017859203307872,1741117519210870,Avalanche,0.0563115875,AVAX,0,1,2025-03-04
cx88fd7df7ddff82f7cc735c871dc519838cb235bb,hxd75467e3e4ce64e3424c747dfb71503017440433,cxa0af3165c08318e988cb30993b3048335b94af6c,0x464a3efff63820000,0x9a191c763c2506d96126b47f67637e2c8e2e116f82c9bab75ecf2bff900b2a23,0,94218355,81.03888,1741117519210870,Balanced Dollar,0.0563115875,bnUSD,0,1,2025-03-04
cx88fd7df7ddff82f7cc735c871dc519838cb235bb,cxa0af3165c08318e988cb30993b3048335b94af6c,cx5faae53c4dbd1fbe4a2eb4aab6565030f10da5c6,0xee4a692a5e9800,0x9abd977ec354bf18366df863c58fd5ba3ac41ce4ef1b7a2497ec66c204e34850,2,94218350,0.06707286,1741117509313519,Balanced Dollar,0.056364025,bnUSD,0,1,2025-03-04
cx4297f4b63262507623b6ad575d0d8dd2db980e4e,cxa0af3165c08318e988cb30993b3048335b94af6c,hxd75467e3e4ce64e3424c747dfb71503017440433,0x37a5f11bf384a797,0x9abd977ec354bf18366df863c58fd5ba3ac41ce4ef1b7a2497ec66c204e34850,1,94218350,4.009876145595263,1741117509313519,Injective,0.056364025,INJ,0,1,2025-03-04
cx88fd7df7ddff82f7cc735c871dc519838cb235bb,hxd75467e3e4ce64e3424c747dfb71503017440433,cxa0af3165c08318e988cb30993b3048335b94af6c,0x26c8c71de56568000,0x9abd977ec354bf18366df863c58fd5ba3ac41ce4ef1b7a2497ec66c204e34850,0,94218350,44.71524,1741117509313519,Balanced Dollar,0.056364025,bnUSD,0,1,2025-03-04
cx88fd7df7ddff82f7cc735c871dc519838cb235bb,cxa0af3165c08318e988cb30993b3048335b94af6c,cx5faae53c4dbd1fbe4a2eb4aab6565030f10da5c6,0x15a815b00f5c1f3,0xe5b7ce76bbe7cc404754f1f7b75be15c67bc3854fab795c6e4c04ac76860cfb2,2,94218345,0.09753256979999998,1741117499183762,Balanced Dollar,0.0564017375,bnUSD,0,1,2025-03-04
cx288d13e1b63563459a2ac6179f237711f6851cb5,cxa0af3165c08318e988cb30993b3048335b94af6c,hxd75467e3e4ce64e3424c747dfb71503017440433,0x6b2e7453c81828,0xe5b7ce76bbe7cc404754f1f7b75be15c67bc3854fab795c6e4c04ac76860cfb2,1,94218345,0.030168899664746535,1741117499183762,Ethereum,0.0564017375,ETH,0,1,2025-03-04
cx88fd7df7ddff82f7cc735c871dc519838cb235bb,hxd75467e3e4ce64e3424c747dfb71503017440433,cxa0af3165c08318e988cb30993b3048335b94af6c,0x3865b87a7d553c000,0xe5b7ce76bbe7cc404754f1f7b75be15c67bc3854fab795c6e4c04ac76860cfb2,0,94218345,65.0217132,1741117499183762,Balanced Dollar,0.0564017375,bnUSD,0,1,2025-03-04
cx4297f4b63262507623b6ad575d0d8dd2db980e4e,cx21e94c08c03daee80c25d8ee3ea22a20786ec231,hx2debd9ec927cca1639da8d3518dd9dbf1cdfb357,0x1a05473edf812d5f8,0x5918e1bcce4f037b5fc7e540d12fbed742fe6a3708f5aead16b00ca2bb310c5d,5,94218329,29.999730483728143,1741117467169285,Injective,0.0883872375,INJ,0,1,2025-03-04
cx88fd7df7ddff82f7cc735c871dc519838cb235bb,cxa0af3165c08318e988cb30993b3048335b94af6c,cx5faae53c4dbd1fbe4a2eb4aab6565030f10da5c6,0x6f322f560a7b90e,0x5918e1bcce4f037b5fc7e540d12fbed742fe6a3708f5aead16b00ca2bb310c5d,3,94218329,0.5007824208521936,1741117467169285,Balanced Dollar,0.0883872375,bnUSD,0,1,2025-03-04
cx4297f4b63262507623b6ad575d0d8dd2db980e4e,cxa0af3165c08318e988cb30993b3048335b94af6c,cx21e94c08c03daee80c25d8ee3ea22a20786ec231,0x1a05473edf812d5f8,0x5918e1bcce4f037b5fc7e540d12fbed742fe6a3708f5aead16b00ca2bb310c5d,2,94218329,29.999730483728143,1741117467169285,Injective,0.0883872375,INJ,0,1,2025-03-04
cx88fd7df7ddff82f7cc735c871dc519838cb235bb,cx21e94c08c03daee80c25d8ee3ea22a20786ec231,cxa0af3165c08318e988cb30993b3048335b94af6c,0x12192b09abb4c73f20,0x5918e1bcce4f037b5fc7e540d12fbed742fe6a3708f5aead16b00ca2bb310c5d,1,94218329,333.8549472347957,1741117467169285,Balanced Dollar,0.0883872375,bnUSD,0,1,2025-03-04
cx88fd7df7ddff82f7cc735c871dc519838cb235bb,hx2debd9ec927cca1639da8d3518dd9dbf1cdfb357,cx21e94c08c03daee80c25d8ee3ea22a20786ec231,0x12192b09abb4c73f20,0x5918e1bcce4f037b5fc7e540d12fbed742fe6a3708f5aead16b00ca2bb310c5d,0,94218329,333.8549472347957,1741117467169285,Balanced Dollar,0.0883872375,bnUSD,0,1,2025-03-04
cx508002ec116fbf3ab406329c0df28e70d7e75fb3,hxd75467e3e4ce64e3424c747dfb71503017440433,hx0000000000000000000000000000000000000000,0xae9f7bcc00,0xa352cefc2ad2c003eb4c477743aea4ded3cdc8342db19acd4c65da401c3ad0e3,0,94218319,750.0,1741117447261382,Sui,0.0247267,SUI,0,1,2025-03-04
cx65c9e3d4fea842e00add0d32a5b4c5e4e04c7a6b,cx21e94c08c03daee80c25d8ee3ea22a20786ec231,hx2debd9ec927cca1639da8d3518dd9dbf1cdfb357,0xb2cff4d2,0x4b64a89850e7718bcb26cb1dfb802cf5bbad7cfddfe32fa1c6d99f41f4978d18,5,94218316,2.999973074,1741117441171655,Solana,0.0780118625,SOL,0,1,2025-03-04
cx88fd7df7ddff82f7cc735c871dc519838cb235bb,cxa0af3165c08318e988cb30993b3048335b94af6c,cx5faae53c4dbd1fbe4a2eb4aab6565030f10da5c6,0x8e1a730aba50632,0x4b64a89850e7718bcb26cb1dfb802cf5bbad7cfddfe32fa1c6d99f41f4978d18,3,94218316,0.6399764495433089,1741117441171655,Balanced Dollar,0.0780118625,bnUSD,0,1,2025-03-04
cx65c9e3d4fea842e00add0d32a5b4c5e4e04c7a6b,cxa0af3165c08318e988cb30993b3048335b94af6c,cx21e94c08c03daee80c25d8ee3ea22a20786ec231,0xb2cff4d2,0x4b64a89850e7718bcb26cb1dfb802cf5bbad7cfddfe32fa1c6d99f41f4978d18,2,94218316,2.999973074,1741117441171655,Solana,0.0780118625,SOL,0,1,2025-03-04
cx88fd7df7ddff82f7cc735c871dc519838cb235bb,cx21e94c08c03daee80c25d8ee3ea22a20786ec231,cxa0af3165c08318e988cb30993b3048335b94af6c,0x1720f8b969a86acce0,0x4b64a89850e7718bcb26cb1dfb802cf5bbad7cfddfe32fa1c6d99f41f4978d18,1,94218316,426.6509663622059,1741117441171655,Balanced Dollar,0.0780118625,bnUSD,0,1,2025-03-04
cx88fd7df7ddff82f7cc735c871dc519838cb235bb,hx2debd9ec927cca1639da8d3518dd9dbf1cdfb357,cx21e94c08c03daee80c25d8ee3ea22a20786ec231,0x1720f8b969a86acce0,0x4b64a89850e7718bcb26cb1dfb802cf5bbad7cfddfe32fa1c6d99f41f4978d18,0,94218316,426.6509663622059,1741117441171655,Balanced Dollar,0.0780118625,bnUSD,0,1,2025-03-04
cx88fd7df7ddff82f7cc735c871dc519838cb235bb,cxa0af3165c08318e988cb30993b3048335b94af6c,cx5faae53c4dbd1fbe4a2eb4aab6565030f10da5c6,0x2a181abfc62ddf3,0xd7ff697a40364c61596c1a0b9fc5ad4ef47abfabb5355eff623d90b603851219,2,94218312,0.18957523499999998,1741117433167972,Balanced Dollar,0.046060025,bnUSD,0,1,2025-03-04
cx508002ec116fbf3ab406329c0df28e70d7e75fb3,cxa0af3165c08318e988cb30993b3048335b94af6c,hxd75467e3e4ce64e3424c747dfb71503017440433,0xbac7daadf,0xd7ff697a40364c61596c1a0b9fc5ad4ef47abfabb5355eff623d90b603851219,1,94218312,50.138557151,1741117433167972,Sui,0.046060025,SUI,0,1,2025-03-04
cx88fd7df7ddff82f7cc735c871dc519838cb235bb,hxd75467e3e4ce64e3424c747dfb71503017440433,cxa0af3165c08318e988cb30993b3048335b94af6c,0x6d9ec5a8bec220000,0xd7ff697a40364c61596c1a0b9fc5ad4ef47abfabb5355eff623d90b603851219,0,94218312,126.38349,1741117433167972,Balanced Dollar,0.046060025,bnUSD,0,1,2025-03-04
cx88fd7df7ddff82f7cc735c871dc519838cb235bb,cxd82fb5d3effecd8c9071a4bba3856ad7222c4b91,hxd75467e3e4ce64e3424c747dfb71503017440433,0x3635c9adc5dea00000,0xdea7a2ce45c96f1e41e81e83ad728a1d3336ee199303763363707bf5f8088a73,0,94218309,1000.0,1741117427144711,Balanced Dollar,0.02069225,bnUSD,0,1,2025-03-04
cx88fd7df7ddff82f7cc735c871dc519838cb235bb,cxd82fb5d3effecd8c9071a4bba3856ad7222c4b91,hxd75467e3e4ce64e3424c747dfb71503017440433,0x3635c9adc5dea00000,0xa7b87a1614f647babafe251fbe7e879796d689dbda420bd60b7f77ff135f2d5a,0,94218308,1000.0,1741117425122259,Balanced Dollar,0.02068825,bnUSD,0,1,2025-03-04
cx88fd7df7ddff82f7cc735c871dc519838cb235bb,cxd82fb5d3effecd8c9071a4bba3856ad7222c4b91,hxd75467e3e4ce64e3424c747dfb71503017440433,0x3635c9adc5dea00000,0xde5a6b298b1e9909ca2e6d0d6ea9ffb0a4b31d91314a91737c894881b17bd580,0,94218307,1000.0,1741117423183132,Balanced Dollar,0.02068825,bnUSD,0,1,2025-03-04
cx88fd7df7ddff82f7cc735c871dc519838cb235bb,cxa0af3165c08318e988cb30993b3048335b94af6c,cx5faae53c4dbd1fbe4a2eb4aab6565030f10da5c6,0x2a22537979c15f3,0xde87af13bae686b9b9c256a178c909152ec22f46b0ca5a3ea670aae30089fec5,2,94218286,0.18975505499999998,1741117381136241,Balanced Dollar,0.0460587125,bnUSD,0,1,2025-03-04
cx508002ec116fbf3ab406329c0df28e70d7e75fb3,cxa0af3165c08318e988cb30993b3048335b94af6c,hxd75467e3e4ce64e3424c747dfb71503017440433,0xbb297d5ad,0xde87af13bae686b9b9c256a178c909152ec22f46b0ca5a3ea670aae30089fec5,1,94218286,50.240935341,1741117381136241,Sui,0.0460587125,SUI,0,1,2025-03-04
cx88fd7df7ddff82f7cc735c871dc519838cb235bb,hxd75467e3e4ce64e3424c747dfb71503017440433,cxa0af3165c08318e988cb30993b3048335b94af6c,0x6db9640c57bce8000,0xde87af13bae686b9b9c256a178c909152ec22f46b0ca5a3ea670aae30089fec5,0,94218286,126.50336999999999,1741117381136241,Balanced Dollar,0.0460587125,bnUSD,0,1,2025-03-04
cx88fd7df7ddff82f7cc735c871dc519838cb235bb,cxa0af3165c08318e988cb30993b3048335b94af6c,cx5faae53c4dbd1fbe4a2eb4aab6565030f10da5c6,0x15a84a05b1abdf3,0x47bb61db9ca4b47c11feb8f4c7a56bb8ae4863964cecee5c3cfe1e52eaac81e0,2,94218279,0.09753616619999998,1741117367134184,Balanced Dollar,0.056400425,bnUSD,0,1,2025-03-04
cx288d13e1b63563459a2ac6179f237711f6851cb5,cxa0af3165c08318e988cb30993b3048335b94af6c,hxd75467e3e4ce64e3424c747dfb71503017440433,0x6b3763c308cc57,0x47bb61db9ca4b47c11feb8f4c7a56bb8ae4863964cecee5c3cfe1e52eaac81e0,1,94218279,0.030178724121463895,1741117367134184,Ethereum,0.056400425,ETH,0,1,2025-03-04
cx88fd7df7ddff82f7cc735c871dc519838cb235bb,hxd75467e3e4ce64e3424c747dfb71503017440433,cxa0af3165c08318e988cb30993b3048335b94af6c,0x386640c4295a40000,0x47bb61db9ca4b47c11feb8f4c7a56bb8ae4863964cecee5c3cfe1e52eaac81e0,0,94218279,65.02411079999999,1741117367134184,Balanced Dollar,0.056400425,bnUSD,0,1,2025-03-04
cx88fd7df7ddff82f7cc735c871dc519838cb235bb,cxa0af3165c08318e988cb30993b3048335b94af6c,cx5faae53c4dbd1fbe4a2eb4aab6565030f10da5c6,0x2a151f899c78312,0x895f77274bb4a352be495b6a7bbce07d8997375c71231673bf11a3d221e8474f,2,94218273,0.1895227875,1741117355118970,Balanced Dollar,0.0460587125,bnUSD,0,1,2025-03-04
cx508002ec116fbf3ab406329c0df28e70d7e75fb3,cxa0af3165c08318e988cb30993b3048335b94af6c,hxd75467e3e4ce64e3424c747dfb71503017440433,0xbb2322dbe,0x895f77274bb4a352be495b6a7bbce07d8997375c71231673bf11a3d221e8474f,1,94218273,50.234273214,1741117355118970,Sui,0.0460587125,SUI,0,1,2025-03-04
cx88fd7df7ddff82f7cc735c871dc519838cb235bb,hxd75467e3e4ce64e3424c747dfb71503017440433,cxa0af3165c08318e988cb30993b3048335b94af6c,0x6d970221077900000,0x895f77274bb4a352be495b6a7bbce07d8997375c71231673bf11a3d221e8474f,0,94218273,126.34852500000001,1741117355118970,Balanced Dollar,0.0460587125,bnUSD,0,1,2025-03-04
cx88fd7df7ddff82f7cc735c871dc519838cb235bb,cxa0af3165c08318e988cb30993b3048335b94af6c,cx5faae53c4dbd1fbe4a2eb4aab6565030f10da5c6,0x1aecc128b0dd800,0xaf5849ed4a7bfe86dc094e3e3d1886d44324be9d6f5c2b8b16417172960545e6,2,94218264,0.12125862,1741117337133494,Balanced Dollar,0.056310275,bnUSD,0,1,2025-03-04
cx66a031cc3bd305c76371fb586e93801b948254f0,cxa0af3165c08318e988cb30993b3048335b94af6c,hxd75467e3e4ce64e3424c747dfb71503017440433,0x37a885ee27a7c3ce,0xaf5849ed4a7bfe86dc094e3e3d1886d44324be9d6f5c2b8b16417172960545e6,1,94218264,4.010602726087443,1741117337133494,Avalanche,0.056310275,AVAX,0,1,2025-03-04
cx88fd7df7ddff82f7cc735c871dc519838cb235bb,hxd75467e3e4ce64e3424c747dfb71503017440433,cxa0af3165c08318e988cb30993b3048335b94af6c,0x461de1af4c9628000,0xaf5849ed4a7bfe86dc094e3e3d1886d44324be9d6f5c2b8b16417172960545e6,0,94218264,80.83908,1741117337133494,Balanced Dollar,0.056310275,bnUSD,0,1,2025-03-04
cx88fd7df7ddff82f7cc735c871dc519838cb235bb,cxa0af3165c08318e988cb30993b3048335b94af6c,cx5faae53c4dbd1fbe4a2eb4aab6565030f10da5c6,0xed7059b0bcf800,0x86bab87a8f5bace9b398aa332e4f16ce0c67fef6db9c2b56123c1b379391dc74,2,94218259,0.0668331,1741117327082248,Balanced Dollar,0.0563627125,bnUSD,0,1,2025-03-04
cx4297f4b63262507623b6ad575d0d8dd2db980e4e,cxa0af3165c08318e988cb30993b3048335b94af6c,hxd75467e3e4ce64e3424c747dfb71503017440433,0x37ace4e9fb271b4b,0x86bab87a8f5bace9b398aa332e4f16ce0c67fef6db9c2b56123c1b379391dc74,1,94218259,4.0118330616724265,1741117327082248,Injective,0.0563627125,INJ,0,1,2025-03-04
cx88fd7df7ddff82f7cc735c871dc519838cb235bb,hxd75467e3e4ce64e3424c747dfb71503017440433,cxa0af3165c08318e988cb30993b3048335b94af6c,0x26a54943c41708000,0x86bab87a8f5bace9b398aa332e4f16ce0c67fef6db9c2b56123c1b379391dc74,0,94218259,44.5554,1741117327082248,Balanced Dollar,0.0563627125,bnUSD,0,1,2025-03-04
cx88fd7df7ddff82f7cc735c871dc519838cb235bb,cxa0af3165c08318e988cb30993b3048335b94af6c,cx5faae53c4dbd1fbe4a2eb4aab6565030f10da5c6,0x15a0fb104708d06,0x8bcdd56e65db919cc02cf821781a58dbfa49be78d22702a1aac701c498f9298a,2,94218254,0.0974075949,1741117317109923,Balanced Dollar,0.056400425,bnUSD,0,1,2025-03-04
cx288d13e1b63563459a2ac6179f237711f6851cb5,cxa0af3165c08318e988cb30993b3048335b94af6c,hxd75467e3e4ce64e3424c747dfb71503017440433,0x6b1b1ec74e911d,0x8bcdd56e65db919cc02cf821781a58dbfa49be78d22702a1aac701c498f9298a,1,94218254,0.030147641514823964,1741117317109923,Ethereum,0.056400425,ETH,0,1,2025-03-04
cx88fd7df7ddff82f7cc735c871dc519838cb235bb,hxd75467e3e4ce64e3424c747dfb71503017440433,cxa0af3165c08318e988cb30993b3048335b94af6c,0x3853387a63a6f4000,0x8bcdd56e65db919cc02cf821781a58dbfa49be78d22702a1aac701c498f9298a,0,94218254,64.9383966,1741117317109923,Balanced Dollar,0.056400425,bnUSD,0,1,2025-03-04
cx88fd7df7ddff82f7cc735c871dc519838cb235bb,cxa0af3165c08318e988cb30993b3048335b94af6c,cx5faae53c4dbd1fbe4a2eb4aab6565030f10da5c6,0xed39d5d254900c,0xb6b226b98b02dd70bc69dbdf8b4b0cc305b412d6f0d786d535e53aa57bf624e7,2,94218239,0.06677316000000001,1741117287112411,Balanced Dollar,0.0563627125,bnUSD,0,1,2025-03-04
cx4297f4b63262507623b6ad575d0d8dd2db980e4e,cxa0af3165c08318e988cb30993b3048335b94af6c,hxd75467e3e4ce64e3424c747dfb71503017440433,0x37a6f043528dcdd9,0xb6b226b98b02dd70bc69dbdf8b4b0cc305b412d6f0d786d535e53aa57bf624e7,1,94218239,4.010156690158506,1741117287112411,Injective,0.0563627125,INJ,0,1,2025-03-04
cx88fd7df7ddff82f7cc735c871dc519838cb235bb,hxd75467e3e4ce64e3424c747dfb71503017440433,cxa0af3165c08318e988cb30993b3048335b94af6c,0x269c69cd3bc372000,0xb6b226b98b02dd70bc69dbdf8b4b0cc305b412d6f0d786d535e53aa57bf624e7,0,94218239,44.515440000000005,1741117287112411,Balanced Dollar,0.0563627125,bnUSD,0,1,2025-03-04
cx88fd7df7ddff82f7cc735c871dc519838cb235bb,cxa0af3165c08318e988cb30993b3048335b94af6c,cx5faae53c4dbd1fbe4a2eb4aab6565030f10da5c6,0x15980ff87e31b70,0x4e7dc326b78bfc963cc46ff318ef7f46d9056bb194ba1b2f7f350a3813182739,2,94218228,0.09725070194999999,1741117265077889,Balanced Dollar,0.056400425,bnUSD,0,1,2025-03-04
cx288d13e1b63563459a2ac6179f237711f6851cb5,cxa0af3165c08318e988cb30993b3048335b94af6c,hxd75467e3e4ce64e3424c747dfb71503017440433,0x6af6d8e259db0e,0x4e7dc326b78bfc963cc46ff318ef7f46d9056bb194ba1b2f7f350a3813182739,1,94218228,0.030107758902237967,1741117265077889,Ethereum,0.056400425,ETH,0,1,2025-03-04
cx88fd7df7ddff82f7cc735c871dc519838cb235bb,hxd75467e3e4ce64e3424c747dfb71503017440433,cxa0af3165c08318e988cb30993b3048335b94af6c,0x383bfeec734c22000,0x4e7dc326b78bfc963cc46ff318ef7f46d9056bb194ba1b2f7f350a3813182739,0,94218228,64.83380129999999,1741117265077889,Balanced Dollar,0.056400425,bnUSD,0,1,2025-03-04
cx88fd7df7ddff82f7cc735c871dc519838cb235bb,cxa0af3165c08318e988cb30993b3048335b94af6c,cx5faae53c4dbd1fbe4a2eb4aab6565030f10da5c6,0x15934f31807386a,0x97fe33b41c7f3ced33313064fd8ebd0e427c5ccd9329c87055575e9ce8e3f87c,2,94218221,0.09716708564999998,1741117251144126,Balanced Dollar,0.056400425,bnUSD,0,1,2025-03-04
cx288d13e1b63563459a2ac6179f237711f6851cb5,cxa0af3165c08318e988cb30993b3048335b94af6c,hxd75467e3e4ce64e3424c747dfb71503017440433,0x6ae72e49afffa2,0x97fe33b41c7f3ced33313064fd8ebd0e427c5ccd9329c87055575e9ce8e3f87c,1,94218221,0.03009053352211242,1741117251144126,Ethereum,0.056400425,ETH,0,1,2025-03-04
cx88fd7df7ddff82f7cc735c871dc519838cb235bb,hxd75467e3e4ce64e3424c747dfb71503017440433,cxa0af3165c08318e988cb30993b3048335b94af6c,0x382f9e3b93d784000,0x97fe33b41c7f3ced33313064fd8ebd0e427c5ccd9329c87055575e9ce8e3f87c,0,94218221,64.77805709999998,1741117251144126,Balanced Dollar,0.056400425,bnUSD,0,1,2025-03-04
cx88fd7df7ddff82f7cc735c871dc519838cb235bb,cxa0af3165c08318e988cb30993b3048335b94af6c,cx5faae53c4dbd1fbe4a2eb4aab6565030f10da5c6,0x1595b61fb39c970,0xa5987874c2cae68193d20b08a77ada6cd1030de2504d846931d882461564c032,2,94218206,0.09720934334999999,1741117221115491,Balanced Dollar,0.056400425,bnUSD,0,1,2025-03-04
cx288d13e1b63563459a2ac6179f237711f6851cb5,cxa0af3165c08318e988cb30993b3048335b94af6c,hxd75467e3e4ce64e3424c747dfb71503017440433,0x6afaf71e159601,0xa5987874c2cae68193d20b08a77ada6cd1030de2504d846931d882461564c032,1,94218206,0.030112286799926787,1741117221115491,Ethereum,0.056400425,ETH,0,1,2025-03-04
cx88fd7df7ddff82f7cc735c871dc519838cb235bb,hxd75467e3e4ce64e3424c747dfb71503017440433,cxa0af3165c08318e988cb30993b3048335b94af6c,0x3835df9d391274000,0xa5987874c2cae68193d20b08a77ada6cd1030de2504d846931d882461564c032,0,94218206,64.8062289,1741117221115491,Balanced Dollar,0.056400425,bnUSD,0,1,2025-03-04
cx2609b924e33ef00b648a409245c7ea394c467824,hx0000000000000000000000000000000000000000,cx66d4d90f5f113eba575bf793570135f9b10cece1,0xe1e1f290e8da7517,0x5b238f5864b047c1937d111ca90ea370ceeeeee871d89cf46b0a6a272296f032,3,94218194,16.276557232489527,1741117197164531,Staked ICX,0.1150259,sICX,0,1,2025-03-04
cx2609b924e33ef00b648a409245c7ea394c467824,cx43e2eec79eb76293c298f2b17aec06097be606e0,hx0000000000000000000000000000000000000000,0x23625c937d06328853,0x644727177fd637b16250bd752c352396e80cc57e4e09576588011d0503db5773,1,94218055,652.7237446585928,1741116919023674,Staked ICX,0.089561,sICX,0,1,2025-03-04
cx2609b924e33ef00b648a409245c7ea394c467824,hx81d4f834b91569b43cde903ec241eb1fce64a171,cx43e2eec79eb76293c298f2b17aec06097be606e0,0x23625c937d06328853,0x644727177fd637b16250bd752c352396e80cc57e4e09576588011d0503db5773,0,94218055,652.7237446585928,1741116919023674,Staked ICX,0.089561,sICX,0,1,2025-03-04
cx88fd7df7ddff82f7cc735c871dc519838cb235bb,cx21e94c08c03daee80c25d8ee3ea22a20786ec231,hx2debd9ec927cca1639da8d3518dd9dbf1cdfb357,0x1989574e667c40e992,0xbb964f4757b943ba74b3b5f42797c9c01cd64cbc8c61ba30d78ce99c7262663a,5,94218008,471.065066750987,1741116824911803,Balanced Dollar,0.088511425,bnUSD,0,1,2025-03-04
cx88fd7df7ddff82f7cc735c871dc519838cb235bb,cxa0af3165c08318e988cb30993b3048335b94af6c,cx5faae53c4dbd1fbe4a2eb4aab6565030f10da5c6,0x9d33f0f3fdcf780,0xbb964f4757b943ba74b3b5f42797c9c01cd64cbc8c61ba30d78ce99c7262663a,3,94218008,0.7079789011558051,1741116824911803,Balanced Dollar,0.088511425,bnUSD,0,1,2025-03-04
cx88fd7df7ddff82f7cc735c871dc519838cb235bb,cxa0af3165c08318e988cb30993b3048335b94af6c,cx21e94c08c03daee80c25d8ee3ea22a20786ec231,0x1989574e667c40e992,0xbb964f4757b943ba74b3b5f42797c9c01cd64cbc8c61ba30d78ce99c7262663a,2,94218008,471.065066750987,1741116824911803,Balanced Dollar,0.088511425,bnUSD,0,1,2025-03-04
cx288d13e1b63563459a2ac6179f237711f6851cb5,cx21e94c08c03daee80c25d8ee3ea22a20786ec231,cxa0af3165c08318e988cb30993b3048335b94af6c,0x30d98d59a960000,0xbb964f4757b943ba74b3b5f42797c9c01cd64cbc8c61ba30d78ce99c7262663a,1,94218008,0.22,1741116824911803,Ethereum,0.088511425,ETH,0,1,2025-03-04
cx288d13e1b63563459a2ac6179f237711f6851cb5,hx2debd9ec927cca1639da8d3518dd9dbf1cdfb357,cx21e94c08c03daee80c25d8ee3ea22a20786ec231,0x30d98d59a960000,0xbb964f4757b943ba74b3b5f42797c9c01cd64cbc8c61ba30d78ce99c7262663a,0,94218008,0.22,1741116824911803,Ethereum,0.088511425,ETH,0,1,2025-03-04
cxf61cd5a45dc9f91c15aa65831a30a90d59a09619,cx10d59e8103ab44635190bd4139dbfd682fa2d07e,hx81d4f834b91569b43cde903ec241eb1fce64a171,0x9ec0d38d2a2eb217,0x74410d70cd4f55a9e30ef7a8511f8635dad7747e5ddd425f1db6fed7f7234e5e,4,94217995,11.439375656772613,1741116798947490,Balance Token,0.153585625,BALN,0,1,2025-03-04
cx2609b924e33ef00b648a409245c7ea394c467824,cx10d59e8103ab44635190bd4139dbfd682fa2d07e,hx81d4f834b91569b43cde903ec241eb1fce64a171,0x18b3cccae77ee0e712,0x74410d70cd4f55a9e30ef7a8511f8635dad7747e5ddd425f1db6fed7f7234e5e,2,94217995,455.67781109268225,1741116798947490,Staked ICX,0.153585625,sICX,0,1,2025-03-04
cxf61cd5a45dc9f91c15aa65831a30a90d59a09619,cxd82fb5d3effecd8c9071a4bba3856ad7222c4b91,hx81d4f834b91569b43cde903ec241eb1fce64a171,0x9b632a9e953b325c,0xe497a3f8a38152c0857d778e5a269df6bd5e169c9bc851543d1ef6e5b0518551,7,94217993,11.196839959170068,1741116794945076,Balance Token,0.2229924875,BALN,0,1,2025-03-04
cx88fd7df7ddff82f7cc735c871dc519838cb235bb,cxd82fb5d3effecd8c9071a4bba3856ad7222c4b91,hx81d4f834b91569b43cde903ec241eb1fce64a171,0x1b8438a7425d48875,0xe497a3f8a38152c0857d778e5a269df6bd5e169c9bc851543d1ef6e5b0518551,6,94217993,31.72435243158343,1741116794945076,Balanced Dollar,0.2229924875,bnUSD,0,1,2025-03-04
cx2609b924e33ef00b648a409245c7ea394c467824,cxd82fb5d3effecd8c9071a4bba3856ad7222c4b91,hx81d4f834b91569b43cde903ec241eb1fce64a171,0xaae8fc8958751a141,0xe497a3f8a38152c0857d778e5a269df6bd5e169c9bc851543d1ef6e5b0518551,5,94217993,197.04593356591056,1741116794945076,Staked ICX,0.2229924875,sICX,0,1,2025-03-04
cxf61cd5a45dc9f91c15aa65831a30a90d59a09619,cx9345f80d6c98357ccbb70392b14162199c2c5f66,cxd82fb5d3effecd8c9071a4bba3856ad7222c4b91,0x29d0dfb31e6095,0xe497a3f8a38152c0857d778e5a269df6bd5e169c9bc851543d1ef6e5b0518551,3,94217993,0.011770133246533782,1741116794945076,Balance Token,0.2229924875,BALN,0,1,2025-03-04
cx2609b924e33ef00b648a409245c7ea394c467824,cx9345f80d6c98357ccbb70392b14162199c2c5f66,cxd82fb5d3effecd8c9071a4bba3856ad7222c4b91,0x2dd0cbbde9c893b,0xe497a3f8a38152c0857d778e5a269df6bd5e169c9bc851543d1ef6e5b0518551,2,94217993,0.2063351589621292,1741116794945076,Staked ICX,0.2229924875,sICX,0,1,2025-03-04
cx88fd7df7ddff82f7cc735c871dc519838cb235bb,hx0000000000000000000000000000000000000000,cx5faae53c4dbd1fbe4a2eb4aab6565030f10da5c6,0x0,0xe497a3f8a38152c0857d778e5a269df6bd5e169c9bc851543d1ef6e5b0518551,1,94217993,0.0,1741116794945076,Balanced Dollar,0.2229924875,bnUSD,0,1,2025-03-04
cx88fd7df7ddff82f7cc735c871dc519838cb235bb,hx0000000000000000000000000000000000000000,cxd82fb5d3effecd8c9071a4bba3856ad7222c4b91,0x74bd36a9a7b512,0xe497a3f8a38152c0857d778e5a269df6bd5e169c9bc851543d1ef6e5b0518551,0,94217993,0.032859139770660115,1741116794945076,Balanced Dollar,0.2229924875,bnUSD,0,1,2025-03-04
cx88fd7df7ddff82f7cc735c871dc519838cb235bb,cx21e94c08c03daee80c25d8ee3ea22a20786ec231,hx2debd9ec927cca1639da8d3518dd9dbf1cdfb357,0x16fd936fa277669c97,0x3122a33da6171119ae4eb07601298cab5ec6761f31c20a3524365a26c1f6efbe,5,94217991,424.10044047836095,1741116790960934,Balanced Dollar,0.0787050875,bnUSD,0,1,2025-03-04
cx88fd7df7ddff82f7cc735c871dc519838cb235bb,cxa0af3165c08318e988cb30993b3048335b94af6c,cx5faae53c4dbd1fbe4a2eb4aab6565030f10da5c6,0x8d4b8ad96579864,0x3122a33da6171119ae4eb07601298cab5ec6761f31c20a3524365a26c1f6efbe,3,94217991,0.6363365030572586,1741116790960934,Balanced Dollar,0.0787050875,bnUSD,0,1,2025-03-04
cx88fd7df7ddff82f7cc735c871dc519838cb235bb,cxa0af3165c08318e988cb30993b3048335b94af6c,cx21e94c08c03daee80c25d8ee3ea22a20786ec231,0x16fd936fa277669c97,0x3122a33da6171119ae4eb07601298cab5ec6761f31c20a3524365a26c1f6efbe,2,94217991,424.10044047836095,1741116790960934,Balanced Dollar,0.0787050875,bnUSD,0,1,2025-03-04
cx65c9e3d4fea842e00add0d32a5b4c5e4e04c7a6b,cx21e94c08c03daee80c25d8ee3ea22a20786ec231,cxa0af3165c08318e988cb30993b3048335b94af6c,0xb2d05e00,0x3122a33da6171119ae4eb07601298cab5ec6761f31c20a3524365a26c1f6efbe,1,94217991,3.0,1741116790960934,Solana,0.0787050875,SOL,0,1,2025-03-04
cx65c9e3d4fea842e00add0d32a5b4c5e4e04c7a6b,hx2debd9ec927cca1639da8d3518dd9dbf1cdfb357,cx21e94c08c03daee80c25d8ee3ea22a20786ec231,0xb2d05e00,0x3122a33da6171119ae4eb07601298cab5ec6761f31c20a3524365a26c1f6efbe,0,94217991,3.0,1741116790960934,Solana,0.0787050875,SOL,0,1,2025-03-04
cxf61cd5a45dc9f91c15aa65831a30a90d59a09619,cx9345f80d6c98357ccbb70392b14162199c2c5f66,cxd82fb5d3effecd8c9071a4bba3856ad7222c4b91,0x189e4169985000dd,0xc724bc6dd69dc55ede19618c0d386c62a1867459f5a17ada4bf6c5fa676e9553,4,94217986,1.7739272250133056,1741116780933258,Balance Token,0.1303417375,BALN,0,1,2025-03-04
cx2609b924e33ef00b648a409245c7ea394c467824,cx9345f80d6c98357ccbb70392b14162199c2c5f66,cxd82fb5d3effecd8c9071a4bba3856ad7222c4b91,0x1af9111760eba8173,0xc724bc6dd69dc55ede19618c0d386c62a1867459f5a17ada4bf6c5fa676e9553,3,94217986,31.097656100720904,1741116780933258,Staked ICX,0.1303417375,sICX,0,1,2025-03-04
cx88fd7df7ddff82f7cc735c871dc519838cb235bb,hx0000000000000000000000000000000000000000,cx5faae53c4dbd1fbe4a2eb4aab6565030f10da5c6,0x0,0xc724bc6dd69dc55ede19618c0d386c62a1867459f5a17ada4bf6c5fa676e9553,2,94217986,0.0,1741116780933258,Balanced Dollar,0.1303417375,bnUSD,0,1,2025-03-04
cx88fd7df7ddff82f7cc735c871dc519838cb235bb,hx0000000000000000000000000000000000000000,cxd82fb5d3effecd8c9071a4bba3856ad7222c4b91,0x44bdd068b8d29690,0xc724bc6dd69dc55ede19618c0d386c62a1867459f5a17ada4bf6c5fa676e9553,1,94217986,4.953344313373399,1741116780933258,Balanced Dollar,0.1303417375,bnUSD,0,1,2025-03-04
cx88fd7df7ddff82f7cc735c871dc519838cb235bb,hx2bb6dd8c019fd27055374bef77eb5972d977f070,cxd82fb5d3effecd8c9071a4bba3856ad7222c4b91,0x719926cba4a954ee,0xc724bc6dd69dc55ede19618c0d386c62a1867459f5a17ada4bf6c5fa676e9553,0,94217986,8.185616453805364,1741116780933258,Balanced Dollar,0.1303417375,bnUSD,0,1,2025-03-04
cx88fd7df7ddff82f7cc735c871dc519838cb235bb,cx21e94c08c03daee80c25d8ee3ea22a20786ec231,hx2debd9ec927cca1639da8d3518dd9dbf1cdfb357,0x15c0542e565e6b9420,0x325298a850063898c411802a4ea5a6ed79a70776efa388af51eec7a25f091f1c,5,94217985,401.24037844971264,1741116778972449,Balanced Dollar,0.0883172375,bnUSD,0,1,2025-03-04
cx88fd7df7ddff82f7cc735c871dc519838cb235bb,cxa0af3165c08318e988cb30993b3048335b94af6c,cx5faae53c4dbd1fbe4a2eb4aab6565030f10da5c6,0x85d253ca965a821,0x325298a850063898c411802a4ea5a6ed79a70776efa388af51eec7a25f091f1c,3,94217985,0.6026788676077917,1741116778972449,Balanced Dollar,0.0883172375,bnUSD,0,1,2025-03-04
cx88fd7df7ddff82f7cc735c871dc519838cb235bb,cxa0af3165c08318e988cb30993b3048335b94af6c,cx21e94c08c03daee80c25d8ee3ea22a20786ec231,0x15c0542e565e6b9420,0x325298a850063898c411802a4ea5a6ed79a70776efa388af51eec7a25f091f1c,2,94217985,401.24037844971264,1741116778972449,Balanced Dollar,0.0883172375,bnUSD,0,1,2025-03-04
cx66a031cc3bd305c76371fb586e93801b948254f0,cx21e94c08c03daee80c25d8ee3ea22a20786ec231,cxa0af3165c08318e988cb30993b3048335b94af6c,0x1158e460913d00000,0x325298a850063898c411802a4ea5a6ed79a70776efa388af51eec7a25f091f1c,1,94217985,20.0,1741116778972449,Avalanche,0.0883172375,AVAX,0,1,2025-03-04
cx66a031cc3bd305c76371fb586e93801b948254f0,hx2debd9ec927cca1639da8d3518dd9dbf1cdfb357,cx21e94c08c03daee80c25d8ee3ea22a20786ec231,0x1158e460913d00000,0x325298a850063898c411802a4ea5a6ed79a70776efa388af51eec7a25f091f1c,0,94217985,20.0,1741116778972449,Avalanche,0.0883172375,AVAX,0,1,2025-03-04
cx2609b924e33ef00b648a409245c7ea394c467824,cx203d9cd2a669be67177e997b8948ce2c35caffae,hx2bb6dd8c019fd27055374bef77eb5972d977f070,0x18a8238a2b44a421,0xc9ec88a71f6ed8cce4029564834ef23a0a8c19ec74be65251d1940250277ea80,5,94217980,1.7767091293360384,1741116768989812,Staked ICX,0.1457402,sICX,0,1,2025-03-04
cx88fd7df7ddff82f7cc735c871dc519838cb235bb,cx203d9cd2a669be67177e997b8948ce2c35caffae,hx2bb6dd8c019fd27055374bef77eb5972d977f070,0x4223d1a2a5bd215c,0xc9ec88a71f6ed8cce4029564834ef23a0a8c19ec74be65251d1940250277ea80,2,94217980,4.765883327183659,1741116768989812,Balanced Dollar,0.1457402,bnUSD,0,1,2025-03-04
cxf61cd5a45dc9f91c15aa65831a30a90d59a09619,cx203d9cd2a669be67177e997b8948ce2c35caffae,hx2bb6dd8c019fd27055374bef77eb5972d977f070,0x125e9e6b22b1f3,0xc9ec88a71f6ed8cce4029564834ef23a0a8c19ec74be65251d1940250277ea80,0,94217980,0.005170584076071411,1741116768989812,Balance Token,0.1457402,BALN,0,1,2025-03-04
cx88fd7df7ddff82f7cc735c871dc519838cb235bb,cx21e94c08c03daee80c25d8ee3ea22a20786ec231,hx2debd9ec927cca1639da8d3518dd9dbf1cdfb357,0x11f90c3d40c796f552,0x954287173aac1fd2c306b1bc50f12a2d0e58aa9e94db83d4f4c9cc3d3541ea02,5,94217970,331.54043521666273,1741116748926772,Balanced Dollar,0.088410925,bnUSD,0,1,2025-03-04
cx88fd7df7ddff82f7cc735c871dc519838cb235bb,cxa0af3165c08318e988cb30993b3048335b94af6c,cx5faae53c4dbd1fbe4a2eb4aab6565030f10da5c6,0x6e8f1ff5f2b367b,0x954287173aac1fd2c306b1bc50f12a2d0e58aa9e94db83d4f4c9cc3d3541ea02,3,94217970,0.49791383794006183,1741116748926772,Balanced Dollar,0.088410925,bnUSD,0,1,2025-03-04
cx88fd7df7ddff82f7cc735c871dc519838cb235bb,cxa0af3165c08318e988cb30993b3048335b94af6c,cx21e94c08c03daee80c25d8ee3ea22a20786ec231,0x11f90c3d40c796f552,0x954287173aac1fd2c306b1bc50f12a2d0e58aa9e94db83d4f4c9cc3d3541ea02,2,94217970,331.54043521666273,1741116748926772,Balanced Dollar,0.088410925,bnUSD,0,1,2025-03-04
cx4297f4b63262507623b6ad575d0d8dd2db980e4e,cx21e94c08c03daee80c25d8ee3ea22a20786ec231,cxa0af3165c08318e988cb30993b3048335b94af6c,0x1a055690d9db80000,0x954287173aac1fd2c306b1bc50f12a2d0e58aa9e94db83d4f4c9cc3d3541ea02,1,94217970,30.0,1741116748926772,Injective,0.088410925,INJ,0,1,2025-03-04
cx4297f4b63262507623b6ad575d0d8dd2db980e4e,hx2debd9ec927cca1639da8d3518dd9dbf1cdfb357,cx21e94c08c03daee80c25d8ee3ea22a20786ec231,0x1a055690d9db80000,0x954287173aac1fd2c306b1bc50f12a2d0e58aa9e94db83d4f4c9cc3d3541ea02,0,94217970,30.0,1741116748926772,Injective,0.088410925,INJ,0,1,2025-03-04
cxd17316e24ee40f2ef8ed6f3a497311db1b35206d,hx2ed8dc98004a534675b236746f49b87df5aae824,hx2ed8dc98004a534675b236746f49b87df5aae824,0x0,0x79e2547a83cfa1db393bc74ea8dbc55324b27d72c0e1e22805abf08fce58730d,6,94217946,0.0,1741116700940218,unknown_token,0.0183992875,$unknown,54,1,2025-03-04
cx7baf94bd53b505353285ee4c4c050f9703581703,hx2ed8dc98004a534675b236746f49b87df5aae824,hx0000000000000000000000000000000000000000,0x0,0x79e2547a83cfa1db393bc74ea8dbc55324b27d72c0e1e22805abf08fce58730d,5,94217946,0.0,1741116700940218,unknown_token,0.0183992875,$unknown,17,1,2025-03-04
cx7baf94bd53b505353285ee4c4c050f9703581703,hx2ed8dc98004a534675b236746f49b87df5aae824,hx0000000000000000000000000000000000000000,0x0,0x79e2547a83cfa1db393bc74ea8dbc55324b27d72c0e1e22805abf08fce58730d,4,94217946,0.0,1741116700940218,unknown_token,0.0183992875,$unknown,27,1,2025-03-04
cx7baf94bd53b505353285ee4c4c050f9703581703,hx2ed8dc98004a534675b236746f49b87df5aae824,hx0000000000000000000000000000000000000000,0x0,0x79e2547a83cfa1db393bc74ea8dbc55324b27d72c0e1e22805abf08fce58730d,3,94217946,0.0,1741116700940218,unknown_token,0.0183992875,$unknown,15,1,2025-03-04
cx508002ec116fbf3ab406329c0df28e70d7e75fb3,hx1adc2b41608d81704d775ff143f43ab6efe0d792,cx66d4d90f5f113eba575bf793570135f9b10cece1,0x119557c00,0x276c53c041f71911d680fcd91e05e5993e9d7201801e0100df6c3a1656958eb3,0,94217945,4.72,1741116698900698,Sui,0.0225006875,SUI,0,1,2025-03-04
cx88fd7df7ddff82f7cc735c871dc519838cb235bb,cx21e94c08c03daee80c25d8ee3ea22a20786ec231,hx2debd9ec927cca1639da8d3518dd9dbf1cdfb357,0x15d2b076ce0ba348f7,0x0cfc72d863f7ca9ee2bbed949a91f8ab5e373de6d43a9a71490effca15edc2c1,5,94217938,402.56339051909714,1741116684903142,Balanced Dollar,0.0883172375,bnUSD,0,1,2025-03-04
cx88fd7df7ddff82f7cc735c871dc519838cb235bb,cxa0af3165c08318e988cb30993b3048335b94af6c,cx5faae53c4dbd1fbe4a2eb4aab6565030f10da5c6,0x864331b89434c54,0x0cfc72d863f7ca9ee2bbed949a91f8ab5e373de6d43a9a71490effca15edc2c1,3,94217938,0.6046644433345117,1741116684903142,Balanced Dollar,0.0883172375,bnUSD,0,1,2025-03-04
cx88fd7df7ddff82f7cc735c871dc519838cb235bb,cxa0af3165c08318e988cb30993b3048335b94af6c,cx21e94c08c03daee80c25d8ee3ea22a20786ec231,0x15d2b076ce0ba348f7,0x0cfc72d863f7ca9ee2bbed949a91f8ab5e373de6d43a9a71490effca15edc2c1,2,94217938,402.56339051909714,1741116684903142,Balanced Dollar,0.0883172375,bnUSD,0,1,2025-03-04
cx66a031cc3bd305c76371fb586e93801b948254f0,cx21e94c08c03daee80c25d8ee3ea22a20786ec231,cxa0af3165c08318e988cb30993b3048335b94af6c,0x1158e460913d00000,0x0cfc72d863f7ca9ee2bbed949a91f8ab5e373de6d43a9a71490effca15edc2c1,1,94217938,20.0,1741116684903142,Avalanche,0.0883172375,AVAX,0,1,2025-03-04
cx66a031cc3bd305c76371fb586e93801b948254f0,hx2debd9ec927cca1639da8d3518dd9dbf1cdfb357,cx21e94c08c03daee80c25d8ee3ea22a20786ec231,0x1158e460913d00000,0x0cfc72d863f7ca9ee2bbed949a91f8ab5e373de6d43a9a71490effca15edc2c1,0,94217938,20.0,1741116684903142,Avalanche,0.0883172375,AVAX,0,1,2025-03-04
cx88fd7df7ddff82f7cc735c871dc519838cb235bb,cx21e94c08c03daee80c25d8ee3ea22a20786ec231,hx2debd9ec927cca1639da8d3518dd9dbf1cdfb357,0x145a12b19bb3483620,0x378f8397f9e8e11748303534f133509eb4eaa8f4c6e3b9e0dc1745a0c91fad7f,5,94217931,375.4253267694712,1741116670932054,Balanced Dollar,0.0786905875,bnUSD,0,1,2025-03-04
cx88fd7df7ddff82f7cc735c871dc519838cb235bb,cxa0af3165c08318e988cb30993b3048335b94af6c,cx5faae53c4dbd1fbe4a2eb4aab6565030f10da5c6,0x7d36ba001bf562e,0x378f8397f9e8e11748303534f133509eb4eaa8f4c6e3b9e0dc1745a0c91fad7f,3,94217931,0.5639127133197,1741116670932054,Balanced Dollar,0.0786905875,bnUSD,0,1,2025-03-04
cx88fd7df7ddff82f7cc735c871dc519838cb235bb,cxa0af3165c08318e988cb30993b3048335b94af6c,cx21e94c08c03daee80c25d8ee3ea22a20786ec231,0x145a12b19bb3483620,0x378f8397f9e8e11748303534f133509eb4eaa8f4c6e3b9e0dc1745a0c91fad7f,2,94217931,375.4253267694712,1741116670932054,Balanced Dollar,0.0786905875,bnUSD,0,1,2025-03-04
cx508002ec116fbf3ab406329c0df28e70d7e75fb3,cx21e94c08c03daee80c25d8ee3ea22a20786ec231,cxa0af3165c08318e988cb30993b3048335b94af6c,0x22ecb25c00,0x378f8397f9e8e11748303534f133509eb4eaa8f4c6e3b9e0dc1745a0c91fad7f,1,94217931,150.0,1741116670932054,Sui,0.0786905875,SUI,0,1,2025-03-04
cx508002ec116fbf3ab406329c0df28e70d7e75fb3,hx2debd9ec927cca1639da8d3518dd9dbf1cdfb357,cx21e94c08c03daee80c25d8ee3ea22a20786ec231,0x22ecb25c00,0x378f8397f9e8e11748303534f133509eb4eaa8f4c6e3b9e0dc1745a0c91fad7f,0,94217931,150.0,1741116670932054,Sui,0.0786905875,SUI,0,1,2025-03-04
cxf61cd5a45dc9f91c15aa65831a30a90d59a09619,cx10d59e8103ab44635190bd4139dbfd682fa2d07e,hx1adc2b41608d81704d775ff143f43ab6efe0d792,0x1a0018bbe60ca160,0xba8d4d0bc649f91064d5db0a22786b01f7142514bfeb6385ca27b11dab8bd9ed,4,94217893,1.8735246402836647,1741116593380193,Balance Token,0.099608575,BALN,0,1,2025-03-04
cx2609b924e33ef00b648a409245c7ea394c467824,cx10d59e8103ab44635190bd4139dbfd682fa2d07e,hx1adc2b41608d81704d775ff143f43ab6efe0d792,0x29a9de9da4d3e13c,0xba8d4d0bc649f91064d5db0a22786b01f7142514bfeb6385ca27b11dab8bd9ed,2,94217893,3.002175395275727,1741116593380193,Staked ICX,0.099608575,sICX,0,1,2025-03-04
cx288d13e1b63563459a2ac6179f237711f6851cb5,hx1adc2b41608d81704d775ff143f43ab6efe0d792,cx66d4d90f5f113eba575bf793570135f9b10cece1,0xd628dac831d10d,0x6e85bf4f8642e7986331665c0859a31d7859150bc7d36707715ddc0de2f12f1f,0,94217860,0.060280565142769936,1741116527356966,Ethereum,0.0225483125,ETH,0,1,2025-03-04
cx288d13e1b63563459a2ac6179f237711f6851cb5,cx21e94c08c03daee80c25d8ee3ea22a20786ec231,hx1adc2b41608d81704d775ff143f43ab6efe0d792,0xd628dac831d10d,0x14b5cb9bbe5db6a180ce883451185122f7bd7c354c4f7d615c6dcad50f151ae5,5,94217851,0.060280565142769936,1741116509349911,Ethereum,0.086144175,ETH,0,1,2025-03-04
cx88fd7df7ddff82f7cc735c871dc519838cb235bb,cxa0af3165c08318e988cb30993b3048335b94af6c,cx5faae53c4dbd1fbe4a2eb4aab6565030f10da5c6,0x2b482cc1b19b602,0x14b5cb9bbe5db6a180ce883451185122f7bd7c354c4f7d615c6dcad50f151ae5,3,94217851,0.19492449702338305,1741116509349911,Balanced Dollar,0.086144175,bnUSD,0,1,2025-03-04
cx288d13e1b63563459a2ac6179f237711f6851cb5,cxa0af3165c08318e988cb30993b3048335b94af6c,cx21e94c08c03daee80c25d8ee3ea22a20786ec231,0xd628dac831d10d,0x14b5cb9bbe5db6a180ce883451185122f7bd7c354c4f7d615c6dcad50f151ae5,2,94217851,0.060280565142769936,1741116509349911,Ethereum,0.086144175,ETH,0,1,2025-03-04
cx88fd7df7ddff82f7cc735c871dc519838cb235bb,cx21e94c08c03daee80c25d8ee3ea22a20786ec231,cxa0af3165c08318e988cb30993b3048335b94af6c,0x70b69f38692f4a772,0x14b5cb9bbe5db6a180ce883451185122f7bd7c354c4f7d615c6dcad50f151ae5,1,94217851,129.94966468225536,1741116509349911,Balanced Dollar,0.086144175,bnUSD,0,1,2025-03-04
cx88fd7df7ddff82f7cc735c871dc519838cb235bb,hx1adc2b41608d81704d775ff143f43ab6efe0d792,cx21e94c08c03daee80c25d8ee3ea22a20786ec231,0x70b69f38692f4a772,0x14b5cb9bbe5db6a180ce883451185122f7bd7c354c4f7d615c6dcad50f151ae5,0,94217851,129.94966468225536,1741116509349911,Balanced Dollar,0.086144175,bnUSD,0,1,2025-03-04
cx7baf94bd53b505353285ee4c4c050f9703581703,hxb38c61724a537235f9ce7b2fa1e498ce6b0bd0f9,hx0000000000000000000000000000000000000000,0x0,0x5147c24ac6abeb88aee495e72f79fe38ff1af4e0706ba0b5d66a81fe558e97d8,6,94217846,0.0,1741116499348087,unknown_token,0.0638796375,$unknown,31,1,2025-03-04
cx7baf94bd53b505353285ee4c4c050f9703581703,hxb38c61724a537235f9ce7b2fa1e498ce6b0bd0f9,hx0000000000000000000000000000000000000000,0x0,0x5147c24ac6abeb88aee495e72f79fe38ff1af4e0706ba0b5d66a81fe558e97d8,5,94217846,0.0,1741116499348087,unknown_token,0.0638796375,$unknown,26,1,2025-03-04
cx7baf94bd53b505353285ee4c4c050f9703581703,hxb38c61724a537235f9ce7b2fa1e498ce6b0bd0f9,hx0000000000000000000000000000000000000000,0x0,0x5147c24ac6abeb88aee495e72f79fe38ff1af4e0706ba0b5d66a81fe558e97d8,4,94217846,0.0,1741116499348087,unknown_token,0.0638796375,$unknown,16,1,2025-03-04
cx53f8ccd5426534f82cf10cb742de033e51da72fc,hxb38c61724a537235f9ce7b2fa1e498ce6b0bd0f9,hx0000000000000000000000000000000000000000,0x0,0x5147c24ac6abeb88aee495e72f79fe38ff1af4e0706ba0b5d66a81fe558e97d8,0,94217846,0.0,1741116499348087,unknown_token,0.0638796375,$unknown,1,1,2025-03-04
cx7baf94bd53b505353285ee4c4c050f9703581703,hx2ed8dc98004a534675b236746f49b87df5aae824,hx0000000000000000000000000000000000000000,0x0,0x80846971d13e3c25ea34af1a009fbafa699b1427f4f1388a87312919d68f3c9d,6,94217843,0.0,1741116493342906,unknown_token,0.063052875,$unknown,26,1,2025-03-04
cx7baf94bd53b505353285ee4c4c050f9703581703,hx2ed8dc98004a534675b236746f49b87df5aae824,hx0000000000000000000000000000000000000000,0x0,0x80846971d13e3c25ea34af1a009fbafa699b1427f4f1388a87312919d68f3c9d,5,94217843,0.0,1741116493342906,unknown_token,0.063052875,$unknown,21,1,2025-03-04
cx7baf94bd53b505353285ee4c4c050f9703581703,hx2ed8dc98004a534675b236746f49b87df5aae824,hx0000000000000000000000000000000000000000,0x0,0x80846971d13e3c25ea34af1a009fbafa699b1427f4f1388a87312919d68f3c9d,4,94217843,0.0,1741116493342906,unknown_token,0.063052875,$unknown,25,1,2025-03-04
cx53f8ccd5426534f82cf10cb742de033e51da72fc,hx2ed8dc98004a534675b236746f49b87df5aae824,hx0000000000000000000000000000000000000000,0x0,0x80846971d13e3c25ea34af1a009fbafa699b1427f4f1388a87312919d68f3c9d,0,94217843,0.0,1741116493342906,unknown_token,0.063052875,$unknown,1,1,2025-03-04
cx88fd7df7ddff82f7cc735c871dc519838cb235bb,hx0000000000000000000000000000000000000000,cx5faae53c4dbd1fbe4a2eb4aab6565030f10da5c6,0x39b591024224803,0x95da54153f90a1213f6a264628457741e1e4fb8ed81b604681855334f36f1db2,3,94217842,0.2598993293645107,1741116491658852,Balanced Dollar,0.105575975,bnUSD,0,1,2025-03-04
cx88fd7df7ddff82f7cc735c871dc519838cb235bb,cx66d4d90f5f113eba575bf793570135f9b10cece1,hx1adc2b41608d81704d775ff143f43ab6efe0d792,0x70b69f38692f4a772,0x95da54153f90a1213f6a264628457741e1e4fb8ed81b604681855334f36f1db2,1,94217842,129.94966468225536,1741116491658852,Balanced Dollar,0.105575975,bnUSD,0,1,2025-03-04
cx88fd7df7ddff82f7cc735c871dc519838cb235bb,hx0000000000000000000000000000000000000000,cx66d4d90f5f113eba575bf793570135f9b10cece1,0x70b69f38692f4a772,0x95da54153f90a1213f6a264628457741e1e4fb8ed81b604681855334f36f1db2,0,94217842,129.94966468225536,1741116491658852,Balanced Dollar,0.105575975,bnUSD,0,1,2025-03-04
cx2609b924e33ef00b648a409245c7ea394c467824,hx0000000000000000000000000000000000000000,cx66d4d90f5f113eba575bf793570135f9b10cece1,0x48a47626ae65d6bd0f,0x8f0a385bc37cee98cad9e9af327eaba52a3630eb6c096acd48ad93e201fae3ca,3,94217837,1340.0162753070344,1741116481548824,Staked ICX,0.11415735,sICX,0,1,2025-03-04
cx88fd7df7ddff82f7cc735c871dc519838cb235bb,cxa0af3165c08318e988cb30993b3048335b94af6c,cx5faae53c4dbd1fbe4a2eb4aab6565030f10da5c6,0x2a1070347f7f400,0xa77e993c5d7c5eb277bd083c7262452b8fc9b8f10722a44eec1578fe9b590fbc,2,94217804,0.18944037,1741116415315942,Balanced Dollar,0.0460574,bnUSD,0,1,2025-03-04
cx508002ec116fbf3ab406329c0df28e70d7e75fb3,cxa0af3165c08318e988cb30993b3048335b94af6c,hxd75467e3e4ce64e3424c747dfb71503017440433,0xbaa6b10b0,0xa77e993c5d7c5eb277bd083c7262452b8fc9b8f10722a44eec1578fe9b590fbc,1,94217804,50.1037836,1741116415315942,Sui,0.0460574,SUI,0,1,2025-03-04
cx88fd7df7ddff82f7cc735c871dc519838cb235bb,hxd75467e3e4ce64e3424c747dfb71503017440433,cxa0af3165c08318e988cb30993b3048335b94af6c,0x6d8acede0c060c000,0xa77e993c5d7c5eb277bd083c7262452b8fc9b8f10722a44eec1578fe9b590fbc,0,94217804,126.29358,1741116415315942,Balanced Dollar,0.0460574,bnUSD,0,1,2025-03-04
cx88fd7df7ddff82f7cc735c871dc519838cb235bb,cxa0af3165c08318e988cb30993b3048335b94af6c,cx5faae53c4dbd1fbe4a2eb4aab6565030f10da5c6,0x2a15f9991619d06,0x968313529b836f6548922da3574d5e2da03f87857b80af7a94f9eec4f64224e8,2,94217796,0.1895377725,1741116399314629,Balanced Dollar,0.0460574,bnUSD,0,2,2025-03-04
cx508002ec116fbf3ab406329c0df28e70d7e75fb3,cxa0af3165c08318e988cb30993b3048335b94af6c,hxd75467e3e4ce64e3424c747dfb71503017440433,0xbaf36ec7f,0x968313529b836f6548922da3574d5e2da03f87857b80af7a94f9eec4f64224e8,1,94217796,50.184252543,1741116399314629,Sui,0.0460574,SUI,0,2,2025-03-04
cx88fd7df7ddff82f7cc735c871dc519838cb235bb,hxd75467e3e4ce64e3424c747dfb71503017440433,cxa0af3165c08318e988cb30993b3048335b94af6c,0x6d9939fea98de4000,0x968313529b836f6548922da3574d5e2da03f87857b80af7a94f9eec4f64224e8,0,94217796,126.358515,1741116399314629,Balanced Dollar,0.0460574,bnUSD,0,2,2025-03-04
cx2609b924e33ef00b648a409245c7ea394c467824,hx970eda4988e547df0de8324226fdf3e8ebc9734f,cxa0af3165c08318e988cb30993b3048335b94af6c,0x28abf5732011a46b318,0x137dff0eb7bc820e5300edee081d6bffc8ae002d12a131b8f89bf239b014f22b,1,94217796,12004.171191675743,1741116399314629,Staked ICX,0.0935943625,sICX,0,1,2025-03-04
cxe2da9f10bc6e2754347bde2ef73379bd398fd9f3,hx970eda4988e547df0de8324226fdf3e8ebc9734f,cxa0af3165c08318e988cb30993b3048335b94af6c,0xbbfb20bca695f3625c72,0xc910f2cb0533d38509afdc3ad673be9822c7f16b5f0e0ee09ddd29bc8c8ed00c,0,94217794,887715.0240025925,1741116395548777,HAVAH,0.0215852,HVH,0,1,2025-03-04
cx88fd7df7ddff82f7cc735c871dc519838cb235bb,cxd82fb5d3effecd8c9071a4bba3856ad7222c4b91,hxd75467e3e4ce64e3424c747dfb71503017440433,0x3635c9adc5dea00000,0xb11bb6619018a646c0f3c842e58528795540f5234a1e279194ae5903fc4af247,0,94217770,1000.0,1741116347494567,Balanced Dollar,0.02068825,bnUSD,0,1,2025-03-04
cx88fd7df7ddff82f7cc735c871dc519838cb235bb,cxa0af3165c08318e988cb30993b3048335b94af6c,cx5faae53c4dbd1fbe4a2eb4aab6565030f10da5c6,0x2a0f291d490cced,0xdae1d842a107778aa45edfa6fb51bed57d28d2b33c4e516c8313cc124258dfe7,2,94217760,0.1894178925,1741116327286517,Balanced Dollar,0.0460574,bnUSD,0,1,2025-03-04
cx508002ec116fbf3ab406329c0df28e70d7e75fb3,cxa0af3165c08318e988cb30993b3048335b94af6c,hxd75467e3e4ce64e3424c747dfb71503017440433,0xbb0962864,0xdae1d842a107778aa45edfa6fb51bed57d28d2b33c4e516c8313cc124258dfe7,1,94217760,50.207271012,1741116327286517,Sui,0.0460574,SUI,0,1,2025-03-04
cx88fd7df7ddff82f7cc735c871dc519838cb235bb,hxd75467e3e4ce64e3424c747dfb71503017440433,cxa0af3165c08318e988cb30993b3048335b94af6c,0x6d877b1198e6b0000,0xdae1d842a107778aa45edfa6fb51bed57d28d2b33c4e516c8313cc124258dfe7,0,94217760,126.27859499999998,1741116327286517,Balanced Dollar,0.0460574,bnUSD,0,1,2025-03-04
cx2609b924e33ef00b648a409245c7ea394c467824,hx970eda4988e547df0de8324226fdf3e8ebc9734f,cxa0af3165c08318e988cb30993b3048335b94af6c,0xabe2d389f984df9c210,0xe1c349e0cdf1ad039ad78822521746c3ca3f038b705d5b699adc786379c02129,1,94217756,50731.804732508164,1741116319286586,Staked ICX,0.0935943625,sICX,0,1,2025-03-04
cx88fd7df7ddff82f7cc735c871dc519838cb235bb,cxa0af3165c08318e988cb30993b3048335b94af6c,cx5faae53c4dbd1fbe4a2eb4aab6565030f10da5c6,0x1b15a40f7f2b800,0x0efef6c8c93161fd7a899b2f07a1ef711d44482475727d56040dda882e4b006f,2,94217755,0.1219779,1741116317284840,Balanced Dollar,0.0563089625,bnUSD,0,2,2025-03-04
cx66a031cc3bd305c76371fb586e93801b948254f0,cxa0af3165c08318e988cb30993b3048335b94af6c,hxd75467e3e4ce64e3424c747dfb71503017440433,0x37a8675e4e5055ff,0x0efef6c8c93161fd7a899b2f07a1ef711d44482475727d56040dda882e4b006f,1,94217755,4.010569122911901,1741116317284840,Avalanche,0.0563089625,AVAX,0,2,2025-03-04
cx88fd7df7ddff82f7cc735c871dc519838cb235bb,hxd75467e3e4ce64e3424c747dfb71503017440433,cxa0af3165c08318e988cb30993b3048335b94af6c,0x46885b3db08148000,0x0efef6c8c93161fd7a899b2f07a1ef711d44482475727d56040dda882e4b006f,0,94217755,81.3186,1741116317284840,Balanced Dollar,0.0563089625,bnUSD,0,2,2025-03-04
cx3975b43d260fb8ec802cef6e60c2f4d07486f11d,hx970eda4988e547df0de8324226fdf3e8ebc9734f,cxa0af3165c08318e988cb30993b3048335b94af6c,0xe085f547e8ef95fe24b,0x05fb0b81dead00fd3411cda1f233d2b9218864bd84a864012673ebf408839f3b,1,94217755,66267.57396724889,1741116317284840,Wrapped ICX,0.0165812125,wICX,0,1,2025-03-04
cx3975b43d260fb8ec802cef6e60c2f4d07486f11d,hx0000000000000000000000000000000000000000,hx970eda4988e547df0de8324226fdf3e8ebc9734f,0xe085f547e8ef95fe24b,0x05fb0b81dead00fd3411cda1f233d2b9218864bd84a864012673ebf408839f3b,0,94217755,66267.57396724889,1741116317284840,Wrapped ICX,0.0165812125,wICX,0,1,2025-03-04
cx88fd7df7ddff82f7cc735c871dc519838cb235bb,cxa0af3165c08318e988cb30993b3048335b94af6c,cx5faae53c4dbd1fbe4a2eb4aab6565030f10da5c6,0x159f4b4dcbf6df3,0xd3f3dd95c59ed9a743f73c07fa8c1b326c86f79425fb42c7abc2362a2a912d6d,2,94217746,0.09737792459999998,1741116299272061,Balanced Dollar,0.0563991125,bnUSD,0,1,2025-03-04
cx288d13e1b63563459a2ac6179f237711f6851cb5,cxa0af3165c08318e988cb30993b3048335b94af6c,hxd75467e3e4ce64e3424c747dfb71503017440433,0x6b088ed0105e0f,0xd3f3dd95c59ed9a743f73c07fa8c1b326c86f79425fb42c7abc2362a2a912d6d,1,94217746,0.030127231977152016,1741116299272061,Ethereum,0.0563991125,ETH,0,1,2025-03-04
cx88fd7df7ddff82f7cc735c871dc519838cb235bb,hxd75467e3e4ce64e3424c747dfb71503017440433,cxa0af3165c08318e988cb30993b3048335b94af6c,0x384ed41a987d90000,0xd3f3dd95c59ed9a743f73c07fa8c1b326c86f79425fb42c7abc2362a2a912d6d,0,94217746,64.91861639999999,1741116299272061,Balanced Dollar,0.0563991125,bnUSD,0,1,2025-03-04
cx2609b924e33ef00b648a409245c7ea394c467824,cx21e94c08c03daee80c25d8ee3ea22a20786ec231,hx970eda4988e547df0de8324226fdf3e8ebc9734f,0x199494c4662b7380002,0xf7907962420968bb32ae57c864f730e23c3d0584bde310696de4e5bfd404cd09,7,94217744,7550.0,1741116295507327,Staked ICX,0.154034075,sICX,0,1,2025-03-04
cx2609b924e33ef00b648a409245c7ea394c467824,cxa0af3165c08318e988cb30993b3048335b94af6c,cx5faae53c4dbd1fbe4a2eb4aab6565030f10da5c6,0x9d3ea969425e80af,0xf7907962420968bb32ae57c864f730e23c3d0584bde310696de4e5bfd404cd09,4,94217744,11.330679982060897,1741116295507327,Staked ICX,0.154034075,sICX,0,1,2025-03-04
cx2609b924e33ef00b648a409245c7ea394c467824,cxa0af3165c08318e988cb30993b3048335b94af6c,cx21e94c08c03daee80c25d8ee3ea22a20786ec231,0x199494c4662b7380002,0xf7907962420968bb32ae57c864f730e23c3d0584bde310696de4e5bfd404cd09,3,94217744,7550.0,1741116295507327,Staked ICX,0.154034075,sICX,0,1,2025-03-04
cx3975b43d260fb8ec802cef6e60c2f4d07486f11d,cx21e94c08c03daee80c25d8ee3ea22a20786ec231,cxa0af3165c08318e988cb30993b3048335b94af6c,0x216e3ba53f5c9ae1883,0xf7907962420968bb32ae57c864f730e23c3d0584bde310696de4e5bfd404cd09,2,94217744,9866.970855868294,1741116295507327,Wrapped ICX,0.154034075,wICX,0,1,2025-03-04
cx3975b43d260fb8ec802cef6e60c2f4d07486f11d,hx970eda4988e547df0de8324226fdf3e8ebc9734f,cx21e94c08c03daee80c25d8ee3ea22a20786ec231,0x216e3ba53f5c9ae1883,0xf7907962420968bb32ae57c864f730e23c3d0584bde310696de4e5bfd404cd09,1,94217744,9866.970855868294,1741116295507327,Wrapped ICX,0.154034075,wICX,0,1,2025-03-04
cx3975b43d260fb8ec802cef6e60c2f4d07486f11d,hx0000000000000000000000000000000000000000,hx970eda4988e547df0de8324226fdf3e8ebc9734f,0x216e3ba53f5c9ae1883,0xf7907962420968bb32ae57c864f730e23c3d0584bde310696de4e5bfd404cd09,0,94217744,9866.970855868294,1741116295507327,Wrapped ICX,0.154034075,wICX,0,1,2025-03-04
cx88fd7df7ddff82f7cc735c871dc519838cb235bb,cxa0af3165c08318e988cb30993b3048335b94af6c,cx5faae53c4dbd1fbe4a2eb4aab6565030f10da5c6,0x2a0262352894712,0x96a6952cfa7172c1a0a96806249a9e8aa337b593b0e7e54aee6dafc68ccc1cd5,2,94217736,0.1891931175,1741116279297237,Balanced Dollar,0.0460574,bnUSD,0,1,2025-03-04
cx508002ec116fbf3ab406329c0df28e70d7e75fb3,cxa0af3165c08318e988cb30993b3048335b94af6c,hxd75467e3e4ce64e3424c747dfb71503017440433,0xbb04c3ac4,0x96a6952cfa7172c1a0a96806249a9e8aa337b593b0e7e54aee6dafc68ccc1cd5,1,94217736,50.202426052,1741116279297237,Sui,0.0460574,SUI,0,1,2025-03-04
cx88fd7df7ddff82f7cc735c871dc519838cb235bb,hxd75467e3e4ce64e3424c747dfb71503017440433,cxa0af3165c08318e988cb30993b3048335b94af6c,0x6d66351519ad3c000,0x96a6952cfa7172c1a0a96806249a9e8aa337b593b0e7e54aee6dafc68ccc1cd5,0,94217736,126.12874500000001,1741116279297237,Balanced Dollar,0.0460574,bnUSD,0,1,2025-03-04
cx88fd7df7ddff82f7cc735c871dc519838cb235bb,cxa0af3165c08318e988cb30993b3048335b94af6c,cx5faae53c4dbd1fbe4a2eb4aab6565030f10da5c6,0xee13e54bf63000,0x10d82def8eef3248ee09e56f7d9ddb73414b118ed8b98c393e7b6cc345d6b019,2,94217731,0.06701292,1741116269255835,Balanced Dollar,0.0563614,bnUSD,0,1,2025-03-04
cx4297f4b63262507623b6ad575d0d8dd2db980e4e,cxa0af3165c08318e988cb30993b3048335b94af6c,hxd75467e3e4ce64e3424c747dfb71503017440433,0x37adce2b5228d234,0x10d82def8eef3248ee09e56f7d9ddb73414b118ed8b98c393e7b6cc345d6b019,1,94217731,4.012089528514302,1741116269255835,Injective,0.0563614,INJ,0,1,2025-03-04
cx88fd7df7ddff82f7cc735c871dc519838cb235bb,hxd75467e3e4ce64e3424c747dfb71503017440433,cxa0af3165c08318e988cb30993b3048335b94af6c,0x26bfe7a75d11d0000,0x10d82def8eef3248ee09e56f7d9ddb73414b118ed8b98c393e7b6cc345d6b019,0,94217731,44.67528,1741116269255835,Balanced Dollar,0.0563614,bnUSD,0,1,2025-03-04
cx2609b924e33ef00b648a409245c7ea394c467824,cx21e94c08c03daee80c25d8ee3ea22a20786ec231,hx970eda4988e547df0de8324226fdf3e8ebc9734f,0x199494c4662b7380001,0x651fd5874a089ca929c9d2680e65302c203b93773411026b53fbc9654753af43,7,94217730,7550.0,1741116267251114,Staked ICX,0.154034075,sICX,0,1,2025-03-04
cx2609b924e33ef00b648a409245c7ea394c467824,cxa0af3165c08318e988cb30993b3048335b94af6c,cx5faae53c4dbd1fbe4a2eb4aab6565030f10da5c6,0x9d3ee9b86ccebd8b,0x651fd5874a089ca929c9d2680e65302c203b93773411026b53fbc9654753af43,4,94217730,11.330750690819489,1741116267251114,Staked ICX,0.154034075,sICX,0,1,2025-03-04
cx2609b924e33ef00b648a409245c7ea394c467824,cxa0af3165c08318e988cb30993b3048335b94af6c,cx21e94c08c03daee80c25d8ee3ea22a20786ec231,0x199494c4662b7380001,0x651fd5874a089ca929c9d2680e65302c203b93773411026b53fbc9654753af43,3,94217730,7550.0,1741116267251114,Staked ICX,0.154034075,sICX,0,1,2025-03-04
cx3975b43d260fb8ec802cef6e60c2f4d07486f11d,cx21e94c08c03daee80c25d8ee3ea22a20786ec231,cxa0af3165c08318e988cb30993b3048335b94af6c,0x214394c532fded582f8,0x651fd5874a089ca929c9d2680e65302c203b93773411026b53fbc9654753af43,2,94217730,9817.79661363694,1741116267251114,Wrapped ICX,0.154034075,wICX,0,1,2025-03-04
cx3975b43d260fb8ec802cef6e60c2f4d07486f11d,hx970eda4988e547df0de8324226fdf3e8ebc9734f,cx21e94c08c03daee80c25d8ee3ea22a20786ec231,0x214394c532fded582f8,0x651fd5874a089ca929c9d2680e65302c203b93773411026b53fbc9654753af43,1,94217730,9817.79661363694,1741116267251114,Wrapped ICX,0.154034075,wICX,0,1,2025-03-04
cx3975b43d260fb8ec802cef6e60c2f4d07486f11d,hx0000000000000000000000000000000000000000,hx970eda4988e547df0de8324226fdf3e8ebc9734f,0x214394c532fded582f8,0x651fd5874a089ca929c9d2680e65302c203b93773411026b53fbc9654753af43,0,94217730,9817.79661363694,1741116267251114,Wrapped ICX,0.154034075,wICX,0,1,2025-03-04
cx88fd7df7ddff82f7cc735c871dc519838cb235bb,cxa0af3165c08318e988cb30993b3048335b94af6c,cx5faae53c4dbd1fbe4a2eb4aab6565030f10da5c6,0x1b123bd198a5000,0xf91120a5106204c47d7a576f867f87470721231ca090da24b2aa9a9f39d61060,2,94217726,0.12191796,1741116259247663,Balanced Dollar,0.0563089625,bnUSD,0,1,2025-03-04
cx66a031cc3bd305c76371fb586e93801b948254f0,cxa0af3165c08318e988cb30993b3048335b94af6c,hxd75467e3e4ce64e3424c747dfb71503017440433,0x37aad561ee47a078,0xf91120a5106204c47d7a576f867f87470721231ca090da24b2aa9a9f39d61060,1,94217726,4.0112530347130635,1741116259247663,Avalanche,0.0563089625,AVAX,0,1,2025-03-04
cx88fd7df7ddff82f7cc735c871dc519838cb235bb,hxd75467e3e4ce64e3424c747dfb71503017440433,cxa0af3165c08318e988cb30993b3048335b94af6c,0x467f7bc7282db0000,0xf91120a5106204c47d7a576f867f87470721231ca090da24b2aa9a9f39d61060,0,94217726,81.27864,1741116259247663,Balanced Dollar,0.0563089625,bnUSD,0,1,2025-03-04
cx2609b924e33ef00b648a409245c7ea394c467824,cxa0af3165c08318e988cb30993b3048335b94af6c,hx970eda4988e547df0de8324226fdf3e8ebc9734f,0xe0a73b57094f96be313,0xec658392c4c92132fab863da0a0da31e828af02f9d83e23d87dc248998b181f1,7,94217716,66305.93589498242,1741116239249149,Staked ICX,0.1206249625,sICX,0,1,2025-03-04
cx3975b43d260fb8ec802cef6e60c2f4d07486f11d,hx970eda4988e547df0de8324226fdf3e8ebc9734f,hx0000000000000000000000000000000000000000,0x122882a85936a5649507,0xec658392c4c92132fab863da0a0da31e828af02f9d83e23d87dc248998b181f1,3,94217716,85749.88132771425,1741116239249149,Wrapped ICX,0.1206249625,wICX,0,1,2025-03-04
cx3975b43d260fb8ec802cef6e60c2f4d07486f11d,cxa0af3165c08318e988cb30993b3048335b94af6c,hx970eda4988e547df0de8324226fdf3e8ebc9734f,0x122882a85936a5649507,0xec658392c4c92132fab863da0a0da31e828af02f9d83e23d87dc248998b181f1,2,94217716,85749.88132771425,1741116239249149,Wrapped ICX,0.1206249625,wICX,0,1,2025-03-04
cx88fd7df7ddff82f7cc735c871dc519838cb235bb,cxa0af3165c08318e988cb30993b3048335b94af6c,cx5faae53c4dbd1fbe4a2eb4aab6565030f10da5c6,0x15a0cd455903076,0xf8d3ccebeeae396fc42d8585f522e875fed940185ab16f4cbc15bba0de027bf2,2,94217714,0.09740444805,1741116235471769,Balanced Dollar,0.0563991125,bnUSD,0,1,2025-03-04
cx288d13e1b63563459a2ac6179f237711f6851cb5,cxa0af3165c08318e988cb30993b3048335b94af6c,hxd75467e3e4ce64e3424c747dfb71503017440433,0x6b17ecbe639d3b,0xf8d3ccebeeae396fc42d8585f522e875fed940185ab16f4cbc15bba0de027bf2,1,94217714,0.03014412808196025,1741116235471769,Ethereum,0.0563991125,ETH,0,1,2025-03-04
cx88fd7df7ddff82f7cc735c871dc519838cb235bb,hxd75467e3e4ce64e3424c747dfb71503017440433,cxa0af3165c08318e988cb30993b3048335b94af6c,0x3852c139ed228e000,0xf8d3ccebeeae396fc42d8585f522e875fed940185ab16f4cbc15bba0de027bf2,0,94217714,64.9362987,1741116235471769,Balanced Dollar,0.0563991125,bnUSD,0,1,2025-03-04
cx88fd7df7ddff82f7cc735c871dc519838cb235bb,cxa0af3165c08318e988cb30993b3048335b94af6c,cx5faae53c4dbd1fbe4a2eb4aab6565030f10da5c6,0x159a357ba677189,0xf76a6060d9b21c8ba2a393b12d3762e7c33cd5b4c62db397fd11641b33a89c25,2,94217707,0.09728846415,1741116221451743,Balanced Dollar,0.0563991125,bnUSD,0,1,2025-03-04
cx288d13e1b63563459a2ac6179f237711f6851cb5,cxa0af3165c08318e988cb30993b3048335b94af6c,hxd75467e3e4ce64e3424c747dfb71503017440433,0x6aff2c6515b0e0,0xf76a6060d9b21c8ba2a393b12d3762e7c33cd5b4c62db397fd11641b33a89c25,1,94217707,0.03011691367089379,1741116221451743,Ethereum,0.0563991125,ETH,0,1,2025-03-04
cx88fd7df7ddff82f7cc735c871dc519838cb235bb,hxd75467e3e4ce64e3424c747dfb71503017440433,cxa0af3165c08318e988cb30993b3048335b94af6c,0x384195f20180d0000,0xf76a6060d9b21c8ba2a393b12d3762e7c33cd5b4c62db397fd11641b33a89c25,0,94217707,64.8589761,1741116221451743,Balanced Dollar,0.0563991125,bnUSD,0,1,2025-03-04
cx88fd7df7ddff82f7cc735c871dc519838cb235bb,cx21e94c08c03daee80c25d8ee3ea22a20786ec231,hx970eda4988e547df0de8324226fdf3e8ebc9734f,0xa29fb2b5f45ed40000,0x786431560f7a8ac03dba26666ec26c864106aed9bdb22909ddf47d5380310a4e,6,94217693,2999.88,1741116193239032,Balanced Dollar,0.0789193,bnUSD,0,2,2025-03-04
cx88fd7df7ddff82f7cc735c871dc519838cb235bb,cxa09dbb60dcb62fffbd232b6eae132d730a2aafa6,cx21e94c08c03daee80c25d8ee3ea22a20786ec231,0xa29fb2b5f45ed40000,0x786431560f7a8ac03dba26666ec26c864106aed9bdb22909ddf47d5380310a4e,5,94217693,2999.88,1741116193239032,Balanced Dollar,0.0789193,bnUSD,0,2,2025-03-04
cx88fd7df7ddff82f7cc735c871dc519838cb235bb,hx0000000000000000000000000000000000000000,cxa09dbb60dcb62fffbd232b6eae132d730a2aafa6,0xa29fb2b5f45ed40000,0x786431560f7a8ac03dba26666ec26c864106aed9bdb22909ddf47d5380310a4e,4,94217693,2999.88,1741116193239032,Balanced Dollar,0.0789193,bnUSD,0,2,2025-03-04
cx16f3cb9f09f5cdd902cf07aa752c8b3bd1bc9609,cx21e94c08c03daee80c25d8ee3ea22a20786ec231,cxa09dbb60dcb62fffbd232b6eae132d730a2aafa6,0xb2ce8940,0x786431560f7a8ac03dba26666ec26c864106aed9bdb22909ddf47d5380310a4e,3,94217693,2999.88,1741116193239032,Tether USD,0.0789193,USDT,0,2,2025-03-04
cx16f3cb9f09f5cdd902cf07aa752c8b3bd1bc9609,hx0000000000000000000000000000000000000000,cx21e94c08c03daee80c25d8ee3ea22a20786ec231,0xb2ce8940,0x786431560f7a8ac03dba26666ec26c864106aed9bdb22909ddf47d5380310a4e,1,94217693,2999.88,1741116193239032,Tether USD,0.0789193,USDT,0,2,2025-03-04
cx88fd7df7ddff82f7cc735c871dc519838cb235bb,cxa0af3165c08318e988cb30993b3048335b94af6c,cx5faae53c4dbd1fbe4a2eb4aab6565030f10da5c6,0x15908622bcf4f12,0x87ae657acd411763d85ff130c2f0ae664c94fc9efc403eeeed262a5cbc19db6a,2,94217693,0.09711808470000002,1741116193239032,Balanced Dollar,0.0563991125,bnUSD,0,1,2025-03-04
cx288d13e1b63563459a2ac6179f237711f6851cb5,cxa0af3165c08318e988cb30993b3048335b94af6c,hxd75467e3e4ce64e3424c747dfb71503017440433,0x6ad71366640aa5,0x87ae657acd411763d85ff130c2f0ae664c94fc9efc403eeeed262a5cbc19db6a,1,94217693,0.030072825853512355,1741116193239032,Ethereum,0.0563991125,ETH,0,1,2025-03-04
cx88fd7df7ddff82f7cc735c871dc519838cb235bb,hxd75467e3e4ce64e3424c747dfb71503017440433,cxa0af3165c08318e988cb30993b3048335b94af6c,0x38285d4fcc1334000,0x87ae657acd411763d85ff130c2f0ae664c94fc9efc403eeeed262a5cbc19db6a,0,94217693,64.74538980000001,1741116193239032,Balanced Dollar,0.0563991125,bnUSD,0,1,2025-03-04
cx88fd7df7ddff82f7cc735c871dc519838cb235bb,cx21e94c08c03daee80c25d8ee3ea22a20786ec231,hx7497c286aa521b09b2b54d78cde3fa4573c0e157,0xb2488de57de6b3ca,0x1d7d987ce34abdd9b83a0c37e7e7e34d634e5f09aca5435dddd453a7d29d69df,17,94217692,12.846673953873639,1741116191530785,Balanced Dollar,0.2587652,bnUSD,0,1,2025-03-04
cx88fd7df7ddff82f7cc735c871dc519838cb235bb,cxa0af3165c08318e988cb30993b3048335b94af6c,cx5faae53c4dbd1fbe4a2eb4aab6565030f10da5c6,0x44aa727698041d,0x1d7d987ce34abdd9b83a0c37e7e7e34d634e5f09aca5435dddd453a7d29d69df,15,94217692,0.019327707008992286,1741116191530785,Balanced Dollar,0.2587652,bnUSD,0,1,2025-03-04
cx88fd7df7ddff82f7cc735c871dc519838cb235bb,cxa0af3165c08318e988cb30993b3048335b94af6c,cx21e94c08c03daee80c25d8ee3ea22a20786ec231,0xb2488de57de6b3ca,0x1d7d987ce34abdd9b83a0c37e7e7e34d634e5f09aca5435dddd453a7d29d69df,14,94217692,12.846673953873639,1741116191530785,Balanced Dollar,0.2587652,bnUSD,0,1,2025-03-04
cx2609b924e33ef00b648a409245c7ea394c467824,cx21e94c08c03daee80c25d8ee3ea22a20786ec231,cxa0af3165c08318e988cb30993b3048335b94af6c,0x4e028fe109c582305,0x1d7d987ce34abdd9b83a0c37e7e7e34d634e5f09aca5435dddd453a7d29d69df,13,94217692,89.93941570569845,1741116191530785,Staked ICX,0.2587652,sICX,0,1,2025-03-04
cx2609b924e33ef00b648a409245c7ea394c467824,cxa0af3165c08318e988cb30993b3048335b94af6c,cx5faae53c4dbd1fbe4a2eb4aab6565030f10da5c6,0x1df1f63659ab361,0x1d7d987ce34abdd9b83a0c37e7e7e34d634e5f09aca5435dddd453a7d29d69df,11,94217692,0.13486102561126487,1741116191530785,Staked ICX,0.2587652,sICX,0,1,2025-03-04
cx2609b924e33ef00b648a409245c7ea394c467824,cxa0af3165c08318e988cb30993b3048335b94af6c,cx21e94c08c03daee80c25d8ee3ea22a20786ec231,0x4e028fe109c582305,0x1d7d987ce34abdd9b83a0c37e7e7e34d634e5f09aca5435dddd453a7d29d69df,10,94217692,89.93941570569845,1741116191530785,Staked ICX,0.2587652,sICX,0,1,2025-03-04
cx1a29259a59f463a67bb2ef84398b30ca56b5830a,cx21e94c08c03daee80c25d8ee3ea22a20786ec231,cxa0af3165c08318e988cb30993b3048335b94af6c,0x20d82166ae61b6c3ebe,0x1d7d987ce34abdd9b83a0c37e7e7e34d634e5f09aca5435dddd453a7d29d69df,9,94217692,9693.914435908468,1741116191530785,Omm Token,0.2587652,OMM,0,1,2025-03-04
cxae3034235540b924dfcc1b45836c293dcc82bfb7,cx21e94c08c03daee80c25d8ee3ea22a20786ec231,cxa0af3165c08318e988cb30993b3048335b94af6c,0x2553994,0x1d7d987ce34abdd9b83a0c37e7e7e34d634e5f09aca5435dddd453a7d29d69df,8,94217692,39.139732,1741116191530785,ICON USD Coin,0.2587652,IUSDC,0,1,2025-03-04
cxae3034235540b924dfcc1b45836c293dcc82bfb7,cxa0af3165c08318e988cb30993b3048335b94af6c,cx5faae53c4dbd1fbe4a2eb4aab6565030f10da5c6,0xe555,0x1d7d987ce34abdd9b83a0c37e7e7e34d634e5f09aca5435dddd453a7d29d69df,6,94217692,0.058709,1741116191530785,ICON USD Coin,0.2587652,IUSDC,0,1,2025-03-04
cx1a29259a59f463a67bb2ef84398b30ca56b5830a,cxa0af3165c08318e988cb30993b3048335b94af6c,cx21e94c08c03daee80c25d8ee3ea22a20786ec231,0x20d82166ae61b6c3ebe,0x1d7d987ce34abdd9b83a0c37e7e7e34d634e5f09aca5435dddd453a7d29d69df,5,94217692,9693.914435908468,1741116191530785,Omm Token,0.2587652,OMM,0,1,2025-03-04
cx88fd7df7ddff82f7cc735c871dc519838cb235bb,cxa0af3165c08318e988cb30993b3048335b94af6c,cx5faae53c4dbd1fbe4a2eb4aab6565030f10da5c6,0x439933e6c40d78,0x1d7d987ce34abdd9b83a0c37e7e7e34d634e5f09aca5435dddd453a7d29d69df,3,94217692,0.01902727163360396,1741116191530785,Balanced Dollar,0.2587652,bnUSD,0,1,2025-03-04
cxae3034235540b924dfcc1b45836c293dcc82bfb7,cxa0af3165c08318e988cb30993b3048335b94af6c,cx21e94c08c03daee80c25d8ee3ea22a20786ec231,0x2553994,0x1d7d987ce34abdd9b83a0c37e7e7e34d634e5f09aca5435dddd453a7d29d69df,2,94217692,39.139732,1741116191530785,ICON USD Coin,0.2587652,IUSDC,0,1,2025-03-04
cx88fd7df7ddff82f7cc735c871dc519838cb235bb,cx21e94c08c03daee80c25d8ee3ea22a20786ec231,cxa0af3165c08318e988cb30993b3048335b94af6c,0xb009a1d39e8dc000,0x1d7d987ce34abdd9b83a0c37e7e7e34d634e5f09aca5435dddd453a7d29d69df,1,94217692,12.684847755735975,1741116191530785,Balanced Dollar,0.2587652,bnUSD,0,1,2025-03-04
cx88fd7df7ddff82f7cc735c871dc519838cb235bb,hx7497c286aa521b09b2b54d78cde3fa4573c0e157,cx21e94c08c03daee80c25d8ee3ea22a20786ec231,0xb009a1d39e8dc000,0x1d7d987ce34abdd9b83a0c37e7e7e34d634e5f09aca5435dddd453a7d29d69df,0,94217692,12.684847755735975,1741116191530785,Balanced Dollar,0.2587652,bnUSD,0,1,2025-03-04
cx6139a27c15f1653471ffba0b4b88dc15de7e3267,hx0000000000000000000000000000000000000000,hx2ed8dc98004a534675b236746f49b87df5aae824,0x393ef1a5127c80000,0xb820ea5d349096cbb8d8581ec93c798df84211f947ffaed307ecae546e0ed943,12,94217691,66.0,1741116189244101,GangstaBet Token,0.0574491375,GBET,0,1,2025-03-04
cx6139a27c15f1653471ffba0b4b88dc15de7e3267,hx0000000000000000000000000000000000000000,hx2ed8dc98004a534675b236746f49b87df5aae824,0x393ef1a5127c80000,0xb820ea5d349096cbb8d8581ec93c798df84211f947ffaed307ecae546e0ed943,10,94217691,66.0,1741116189244101,GangstaBet Token,0.0574491375,GBET,0,1,2025-03-04
cx6139a27c15f1653471ffba0b4b88dc15de7e3267,hx0000000000000000000000000000000000000000,hx2ed8dc98004a534675b236746f49b87df5aae824,0x393ef1a5127c80000,0xb820ea5d349096cbb8d8581ec93c798df84211f947ffaed307ecae546e0ed943,8,94217691,66.0,1741116189244101,GangstaBet Token,0.0574491375,GBET,0,1,2025-03-04
cx6139a27c15f1653471ffba0b4b88dc15de7e3267,hx0000000000000000000000000000000000000000,hx2ed8dc98004a534675b236746f49b87df5aae824,0x393ef1a5127c80000,0xb820ea5d349096cbb8d8581ec93c798df84211f947ffaed307ecae546e0ed943,6,94217691,66.0,1741116189244101,GangstaBet Token,0.0574491375,GBET,0,1,2025-03-04
cx6139a27c15f1653471ffba0b4b88dc15de7e3267,hx0000000000000000000000000000000000000000,hx2ed8dc98004a534675b236746f49b87df5aae824,0x393ef1a5127c80000,0xb820ea5d349096cbb8d8581ec93c798df84211f947ffaed307ecae546e0ed943,4,94217691,66.0,1741116189244101,GangstaBet Token,0.0574491375,GBET,0,1,2025-03-04
cx6139a27c15f1653471ffba0b4b88dc15de7e3267,hx0000000000000000000000000000000000000000,hx2ed8dc98004a534675b236746f49b87df5aae824,0x393ef1a5127c80000,0xb820ea5d349096cbb8d8581ec93c798df84211f947ffaed307ecae546e0ed943,2,94217691,66.0,1741116189244101,GangstaBet Token,0.0574491375,GBET,0,1,2025-03-04
cx6139a27c15f1653471ffba0b4b88dc15de7e3267,hx0000000000000000000000000000000000000000,hx2ed8dc98004a534675b236746f49b87df5aae824,0x393ef1a5127c80000,0xb820ea5d349096cbb8d8581ec93c798df84211f947ffaed307ecae546e0ed943,0,94217691,66.0,1741116189244101,GangstaBet Token,0.0574491375,GBET,0,1,2025-03-04
cx88fd7df7ddff82f7cc735c871dc519838cb235bb,cx21e94c08c03daee80c25d8ee3ea22a20786ec231,hx7497c286aa521b09b2b54d78cde3fa4573c0e157,0xc40c639a19c355979,0xbd0a0ed933e3cda07ba669223248d609d465bdebb4543b9b46ba4c8e0efb26bd,13,94217689,226.02841031460397,1741116185455669,Balanced Dollar,0.2235331875,bnUSD,0,1,2025-03-04
cx88fd7df7ddff82f7cc735c871dc519838cb235bb,cxa0af3165c08318e988cb30993b3048335b94af6c,cx5faae53c4dbd1fbe4a2eb4aab6565030f10da5c6,0x4b7d44815247cdf,0xbd0a0ed933e3cda07ba669223248d609d465bdebb4543b9b46ba4c8e0efb26bd,11,94217689,0.3399737029472084,1741116185455669,Balanced Dollar,0.2235331875,bnUSD,0,1,2025-03-04
cx88fd7df7ddff82f7cc735c871dc519838cb235bb,cxa0af3165c08318e988cb30993b3048335b94af6c,cx21e94c08c03daee80c25d8ee3ea22a20786ec231,0xc40c639a19c355979,0xbd0a0ed933e3cda07ba669223248d609d465bdebb4543b9b46ba4c8e0efb26bd,10,94217689,226.02841031460397,1741116185455669,Balanced Dollar,0.2235331875,bnUSD,0,1,2025-03-04
cx2609b924e33ef00b648a409245c7ea394c467824,cx21e94c08c03daee80c25d8ee3ea22a20786ec231,cxa0af3165c08318e988cb30993b3048335b94af6c,0x55c26e9c22b51d9a89,0xbd0a0ed933e3cda07ba669223248d609d465bdebb4543b9b46ba4c8e0efb26bd,9,94217689,1581.9835534289896,1741116185455669,Staked ICX,0.2235331875,sICX,0,1,2025-03-04
cx2609b924e33ef00b648a409245c7ea394c467824,cxa0af3165c08318e988cb30993b3048335b94af6c,cx5faae53c4dbd1fbe4a2eb4aab6565030f10da5c6,0x20fce9ed821c8900,0xbd0a0ed933e3cda07ba669223248d609d465bdebb4543b9b46ba4c8e0efb26bd,7,94217689,2.3770319096442085,1741116185455669,Staked ICX,0.2235331875,sICX,0,1,2025-03-04
cx2609b924e33ef00b648a409245c7ea394c467824,cxa0af3165c08318e988cb30993b3048335b94af6c,cx21e94c08c03daee80c25d8ee3ea22a20786ec231,0x55c26e9c22b51d9a89,0xbd0a0ed933e3cda07ba669223248d609d465bdebb4543b9b46ba4c8e0efb26bd,6,94217689,1581.9835534289896,1741116185455669,Staked ICX,0.2235331875,sICX,0,1,2025-03-04
cxf61cd5a45dc9f91c15aa65831a30a90d59a09619,cx21e94c08c03daee80c25d8ee3ea22a20786ec231,cxa0af3165c08318e988cb30993b3048335b94af6c,0x6866b1549bdbfbe9b5,0xbd0a0ed933e3cda07ba669223248d609d465bdebb4543b9b46ba4c8e0efb26bd,5,94217689,1925.8611723569272,1741116185455669,Balance Token,0.2235331875,BALN,0,1,2025-03-04
cx88fd7df7ddff82f7cc735c871dc519838cb235bb,cxa0af3165c08318e988cb30993b3048335b94af6c,cx5faae53c4dbd1fbe4a2eb4aab6565030f10da5c6,0x4b0650f41df0168,0xbd0a0ed933e3cda07ba669223248d609d465bdebb4543b9b46ba4c8e0efb26bd,3,94217689,0.33788108825683594,1741116185455669,Balanced Dollar,0.2235331875,bnUSD,0,1,2025-03-04
cxf61cd5a45dc9f91c15aa65831a30a90d59a09619,cxa0af3165c08318e988cb30993b3048335b94af6c,cx21e94c08c03daee80c25d8ee3ea22a20786ec231,0x6866b1549bdbfbe9b5,0xbd0a0ed933e3cda07ba669223248d609d465bdebb4543b9b46ba4c8e0efb26bd,2,94217689,1925.8611723569272,1741116185455669,Balance Token,0.2235331875,BALN,0,1,2025-03-04
cx88fd7df7ddff82f7cc735c871dc519838cb235bb,cx21e94c08c03daee80c25d8ee3ea22a20786ec231,cxa0af3165c08318e988cb30993b3048335b94af6c,0xc36072d10df690000,0xbd0a0ed933e3cda07ba669223248d609d465bdebb4543b9b46ba4c8e0efb26bd,1,94217689,225.25405883789062,1741116185455669,Balanced Dollar,0.2235331875,bnUSD,0,1,2025-03-04
cx88fd7df7ddff82f7cc735c871dc519838cb235bb,hx7497c286aa521b09b2b54d78cde3fa4573c0e157,cx21e94c08c03daee80c25d8ee3ea22a20786ec231,0xc36072d10df690000,0xbd0a0ed933e3cda07ba669223248d609d465bdebb4543b9b46ba4c8e0efb26bd,0,94217689,225.25405883789062,1741116185455669,Balanced Dollar,0.2235331875,bnUSD,0,1,2025-03-04
cx3975b43d260fb8ec802cef6e60c2f4d07486f11d,hx101704be4e8fa88c36f9ad3816edede134cceff5,hx0000000000000000000000000000000000000000,0x47e8add09d894955afe,0xc734b1f148041ca8299d890700ad910520b1fe69f59d11a3de8881afa550e9fe,10,94217688,21223.76184953888,1741116183221282,Wrapped ICX,0.1555605125,wICX,0,1,2025-03-04
cx3975b43d260fb8ec802cef6e60c2f4d07486f11d,cx21e94c08c03daee80c25d8ee3ea22a20786ec231,hx101704be4e8fa88c36f9ad3816edede134cceff5,0x47e8add09d894955afe,0xc734b1f148041ca8299d890700ad910520b1fe69f59d11a3de8881afa550e9fe,9,94217688,21223.76184953888,1741116183221282,Wrapped ICX,0.1555605125,wICX,0,1,2025-03-04
cx2609b924e33ef00b648a409245c7ea394c467824,cxa0af3165c08318e988cb30993b3048335b94af6c,cx5faae53c4dbd1fbe4a2eb4aab6565030f10da5c6,0x154d998a652f51b90,0xc734b1f148041ca8299d890700ad910520b1fe69f59d11a3de8881afa550e9fe,7,94217688,24.5608298829655,1741116183221282,Staked ICX,0.1555605125,sICX,0,1,2025-03-04
cx3975b43d260fb8ec802cef6e60c2f4d07486f11d,cxa0af3165c08318e988cb30993b3048335b94af6c,cx21e94c08c03daee80c25d8ee3ea22a20786ec231,0x47e8add09d894955afe,0xc734b1f148041ca8299d890700ad910520b1fe69f59d11a3de8881afa550e9fe,6,94217688,21223.76184953888,1741116183221282,Wrapped ICX,0.1555605125,wICX,0,1,2025-03-04
cx2609b924e33ef00b648a409245c7ea394c467824,cx21e94c08c03daee80c25d8ee3ea22a20786ec231,cxa0af3165c08318e988cb30993b3048335b94af6c,0x377a152dbcd5e4d1d9e,0xc734b1f148041ca8299d890700ad910520b1fe69f59d11a3de8881afa550e9fe,5,94217688,16373.886588643665,1741116183221282,Staked ICX,0.1555605125,sICX,0,1,2025-03-04
cx88fd7df7ddff82f7cc735c871dc519838cb235bb,cxa0af3165c08318e988cb30993b3048335b94af6c,cx5faae53c4dbd1fbe4a2eb4aab6565030f10da5c6,0x30df7ecb5606ca4d,0xc734b1f148041ca8299d890700ad910520b1fe69f59d11a3de8881afa550e9fe,3,94217688,3.5216728454137636,1741116183221282,Balanced Dollar,0.1555605125,bnUSD,0,1,2025-03-04
cx2609b924e33ef00b648a409245c7ea394c467824,cxa0af3165c08318e988cb30993b3048335b94af6c,cx21e94c08c03daee80c25d8ee3ea22a20786ec231,0x377a152dbcd5e4d1d9e,0xc734b1f148041ca8299d890700ad910520b1fe69f59d11a3de8881afa550e9fe,2,94217688,16373.886588643665,1741116183221282,Staked ICX,0.1555605125,sICX,0,1,2025-03-04
cx88fd7df7ddff82f7cc735c871dc519838cb235bb,cx21e94c08c03daee80c25d8ee3ea22a20786ec231,cxa0af3165c08318e988cb30993b3048335b94af6c,0x7f4604dc3007042a91,0xc734b1f148041ca8299d890700ad910520b1fe69f59d11a3de8881afa550e9fe,1,94217688,2347.7818969425093,1741116183221282,Balanced Dollar,0.1555605125,bnUSD,0,1,2025-03-04
cx88fd7df7ddff82f7cc735c871dc519838cb235bb,hx101704be4e8fa88c36f9ad3816edede134cceff5,cx21e94c08c03daee80c25d8ee3ea22a20786ec231,0x7f4604dc3007042a91,0xc734b1f148041ca8299d890700ad910520b1fe69f59d11a3de8881afa550e9fe,0,94217688,2347.7818969425093,1741116183221282,Balanced Dollar,0.1555605125,bnUSD,0,1,2025-03-04
cx6139a27c15f1653471ffba0b4b88dc15de7e3267,hx0000000000000000000000000000000000000000,hxb38c61724a537235f9ce7b2fa1e498ce6b0bd0f9,0x77b227cd83be80000,0x7c49007e326cf7bd0e1105f0fed817157e2df24dc845b95bdc0fe5314b23f987,12,94217666,138.0,1741116139198251,GangstaBet Token,0.0574497,GBET,0,1,2025-03-04
cx6139a27c15f1653471ffba0b4b88dc15de7e3267,hx0000000000000000000000000000000000000000,hxb38c61724a537235f9ce7b2fa1e498ce6b0bd0f9,0x77b227cd83be80000,0x7c49007e326cf7bd0e1105f0fed817157e2df24dc845b95bdc0fe5314b23f987,10,94217666,138.0,1741116139198251,GangstaBet Token,0.0574497,GBET,0,1,2025-03-04
cx6139a27c15f1653471ffba0b4b88dc15de7e3267,hx0000000000000000000000000000000000000000,hxb38c61724a537235f9ce7b2fa1e498ce6b0bd0f9,0x7ce66c50e28400000,0x7c49007e326cf7bd0e1105f0fed817157e2df24dc845b95bdc0fe5314b23f987,8,94217666,144.0,1741116139198251,GangstaBet Token,0.0574497,GBET,0,1,2025-03-04
cx6139a27c15f1653471ffba0b4b88dc15de7e3267,hx0000000000000000000000000000000000000000,hxb38c61724a537235f9ce7b2fa1e498ce6b0bd0f9,0x7ce66c50e28400000,0x7c49007e326cf7bd0e1105f0fed817157e2df24dc845b95bdc0fe5314b23f987,6,94217666,144.0,1741116139198251,GangstaBet Token,0.0574497,GBET,0,1,2025-03-04
cx6139a27c15f1653471ffba0b4b88dc15de7e3267,hx0000000000000000000000000000000000000000,hxb38c61724a537235f9ce7b2fa1e498ce6b0bd0f9,0x7ce66c50e28400000,0x7c49007e326cf7bd0e1105f0fed817157e2df24dc845b95bdc0fe5314b23f987,4,94217666,144.0,1741116139198251,GangstaBet Token,0.0574497,GBET,0,1,2025-03-04
cx6139a27c15f1653471ffba0b4b88dc15de7e3267,hx0000000000000000000000000000000000000000,hxb38c61724a537235f9ce7b2fa1e498ce6b0bd0f9,0x7ce66c50e28400000,0x7c49007e326cf7bd0e1105f0fed817157e2df24dc845b95bdc0fe5314b23f987,2,94217666,144.0,1741116139198251,GangstaBet Token,0.0574497,GBET,0,1,2025-03-04
cx6139a27c15f1653471ffba0b4b88dc15de7e3267,hx0000000000000000000000000000000000000000,hxb38c61724a537235f9ce7b2fa1e498ce6b0bd0f9,0x7ce66c50e28400000,0x7c49007e326cf7bd0e1105f0fed817157e2df24dc845b95bdc0fe5314b23f987,0,94217666,144.0,1741116139198251,GangstaBet Token,0.0574497,GBET,0,1,2025-03-04
cx508002ec116fbf3ab406329c0df28e70d7e75fb3,cx21e94c08c03daee80c25d8ee3ea22a20786ec231,hx1adc2b41608d81704d775ff143f43ab6efe0d792,0x119bede7a,0xf9f1a1c605c2abc53a9c2318dc2eab2a5e65bf9b56da6f2ecc69c1f61c213607,5,94217652,4.72690649,1741116111187077,Sui,0.0757412,SUI,0,1,2025-03-04
cx88fd7df7ddff82f7cc735c871dc519838cb235bb,cxa0af3165c08318e988cb30993b3048335b94af6c,cx5faae53c4dbd1fbe4a2eb4aab6565030f10da5c6,0x3f3ff09abf57d2,0xf9f1a1c605c2abc53a9c2318dc2eab2a5e65bf9b56da6f2ecc69c1f61c213607,3,94217652,0.01780322615370338,1741116111187077,Balanced Dollar,0.0757412,bnUSD,0,1,2025-03-04
cx508002ec116fbf3ab406329c0df28e70d7e75fb3,cxa0af3165c08318e988cb30993b3048335b94af6c,cx21e94c08c03daee80c25d8ee3ea22a20786ec231,0x119bede7a,0xf9f1a1c605c2abc53a9c2318dc2eab2a5e65bf9b56da6f2ecc69c1f61c213607,2,94217652,4.72690649,1741116111187077,Sui,0.0757412,SUI,0,1,2025-03-04
cx88fd7df7ddff82f7cc735c871dc519838cb235bb,cx21e94c08c03daee80c25d8ee3ea22a20786ec231,cxa0af3165c08318e988cb30993b3048335b94af6c,0xa4b68292fcf4b533,0xf9f1a1c605c2abc53a9c2318dc2eab2a5e65bf9b56da6f2ecc69c1f61c213607,1,94217652,11.868817435802253,1741116111187077,Balanced Dollar,0.0757412,bnUSD,0,1,2025-03-04
cx88fd7df7ddff82f7cc735c871dc519838cb235bb,hx1adc2b41608d81704d775ff143f43ab6efe0d792,cx21e94c08c03daee80c25d8ee3ea22a20786ec231,0xa4b68292fcf4b533,0xf9f1a1c605c2abc53a9c2318dc2eab2a5e65bf9b56da6f2ecc69c1f61c213607,0,94217652,11.868817435802253,1741116111187077,Balanced Dollar,0.0757412,bnUSD,0,1,2025-03-04
cx88fd7df7ddff82f7cc735c871dc519838cb235bb,hx0000000000000000000000000000000000000000,cx5faae53c4dbd1fbe4a2eb4aab6565030f10da5c6,0x2389d238057501,0xc6c8fd9cb1e6cc3f89c4e4256f885088eb1e0fdc7191a2baa1396241e93e2310,3,94217641,0.010003160160892161,1741116089180060,Balanced Dollar,0.1055176625,bnUSD,0,1,2025-03-04
cx88fd7df7ddff82f7cc735c871dc519838cb235bb,cx66d4d90f5f113eba575bf793570135f9b10cece1,hx1adc2b41608d81704d775ff143f43ab6efe0d792,0x45692e956aa886ec,0xc6c8fd9cb1e6cc3f89c4e4256f885088eb1e0fdc7191a2baa1396241e93e2310,1,94217641,5.001580080446081,1741116089180060,Balanced Dollar,0.1055176625,bnUSD,0,1,2025-03-04
cx88fd7df7ddff82f7cc735c871dc519838cb235bb,hx0000000000000000000000000000000000000000,cx66d4d90f5f113eba575bf793570135f9b10cece1,0x45692e956aa886ec,0xc6c8fd9cb1e6cc3f89c4e4256f885088eb1e0fdc7191a2baa1396241e93e2310,0,94217641,5.001580080446081,1741116089180060,Balanced Dollar,0.1055176625,bnUSD,0,1,2025-03-04
cx88fd7df7ddff82f7cc735c871dc519838cb235bb,cxa0af3165c08318e988cb30993b3048335b94af6c,cx5faae53c4dbd1fbe4a2eb4aab6565030f10da5c6,0x29ea1b7c1e1620c,0x4d13e7fc760a6a0cc7fb873bb72de7cc734046799e99d5f70b6b493370a28aff,2,94217639,0.18876604500000002,1741116085416463,Balanced Dollar,0.0460574,bnUSD,0,1,2025-03-04
cx508002ec116fbf3ab406329c0df28e70d7e75fb3,cxa0af3165c08318e988cb30993b3048335b94af6c,hxd75467e3e4ce64e3424c747dfb71503017440433,0xbad1ad439,0x4d13e7fc760a6a0cc7fb873bb72de7cc734046799e99d5f70b6b493370a28aff,1,94217639,50.148856889,1741116085416463,Sui,0.0460574,SUI,0,1,2025-03-04
cx88fd7df7ddff82f7cc735c871dc519838cb235bb,hxd75467e3e4ce64e3424c747dfb71503017440433,cxa0af3165c08318e988cb30993b3048335b94af6c,0x6d26fce88e59a0000,0x4d13e7fc760a6a0cc7fb873bb72de7cc734046799e99d5f70b6b493370a28aff,0,94217639,125.84403,1741116085416463,Balanced Dollar,0.0460574,bnUSD,0,1,2025-03-04
cx88fd7df7ddff82f7cc735c871dc519838cb235bb,hx0000000000000000000000000000000000000000,cx5faae53c4dbd1fbe4a2eb4aab6565030f10da5c6,0x30cb6e964f0017,0xa699dbcd84b491fa33d7eb65959777f6fe3ce7652fdfa0d801e96c5955c00242,3,94217635,0.013734474710712343,1741116077180314,Balanced Dollar,0.1023074,bnUSD,0,1,2025-03-04
cx88fd7df7ddff82f7cc735c871dc519838cb235bb,cx66d4d90f5f113eba575bf793570135f9b10cece1,hx1adc2b41608d81704d775ff143f43ab6efe0d792,0x5f4d53fd924c2e47,0xa699dbcd84b491fa33d7eb65959777f6fe3ce7652fdfa0d801e96c5955c00242,1,94217635,6.867237355356171,1741116077180314,Balanced Dollar,0.1023074,bnUSD,0,1,2025-03-04
cx88fd7df7ddff82f7cc735c871dc519838cb235bb,hx0000000000000000000000000000000000000000,cx66d4d90f5f113eba575bf793570135f9b10cece1,0x5f4d53fd924c2e47,0xa699dbcd84b491fa33d7eb65959777f6fe3ce7652fdfa0d801e96c5955c00242,0,94217635,6.867237355356171,1741116077180314,Balanced Dollar,0.1023074,bnUSD,0,1,2025-03-04
cx88fd7df7ddff82f7cc735c871dc519838cb235bb,cxa0af3165c08318e988cb30993b3048335b94af6c,cx5faae53c4dbd1fbe4a2eb4aab6565030f10da5c6,0x158e2c49f25fd06,0xb9931d2e1f575f58537e9c6a2999fb7b8d0364a746039155fcd99093341075c1,2,94217629,0.09707672610000001,1741116065179252,Balanced Dollar,0.056417925,bnUSD,0,1,2025-03-04
cx288d13e1b63563459a2ac6179f237711f6851cb5,cxa0af3165c08318e988cb30993b3048335b94af6c,hxd75467e3e4ce64e3424c747dfb71503017440433,0x6ad34aa4167704,0xb9931d2e1f575f58537e9c6a2999fb7b8d0364a746039155fcd99093341075c1,1,94217629,0.03006866506530586,1741116065179252,Ethereum,0.056417925,ETH,0,1,2025-03-04
cx88fd7df7ddff82f7cc735c871dc519838cb235bb,hxd75467e3e4ce64e3424c747dfb71503017440433,cxa0af3165c08318e988cb30993b3048335b94af6c,0x38223e0091d984000,0xb9931d2e1f575f58537e9c6a2999fb7b8d0364a746039155fcd99093341075c1,0,94217629,64.7178174,1741116065179252,Balanced Dollar,0.056417925,bnUSD,0,1,2025-03-04
cx88fd7df7ddff82f7cc735c871dc519838cb235bb,cx203d9cd2a669be67177e997b8948ce2c35caffae,cx835b300dcfe01f0bdb794e134a0c5628384f4367,0x9866f17fda1b1ae6,0x6cd847679990dc3e786c5ffe9a877054afc77b39bb8166a0aa2fc70b5b98a393,6,94217616,10.981730272811884,1741116039159283,Balanced Dollar,0.09853345,bnUSD,0,1,2025-03-04
cx88fd7df7ddff82f7cc735c871dc519838cb235bb,cx5faae53c4dbd1fbe4a2eb4aab6565030f10da5c6,cx203d9cd2a669be67177e997b8948ce2c35caffae,0xd9b7a2245c26b8b7,0x6cd847679990dc3e786c5ffe9a877054afc77b39bb8166a0aa2fc70b5b98a393,4,94217616,15.688186104016976,1741116039159283,Balanced Dollar,0.09853345,bnUSD,0,1,2025-03-04
cx88fd7df7ddff82f7cc735c871dc519838cb235bb,cx5faae53c4dbd1fbe4a2eb4aab6565030f10da5c6,cxdc30a0d3a1f131565c071272a20bc0b06fd4c17b,0xd9b7a2245c26b8b6,0x6cd847679990dc3e786c5ffe9a877054afc77b39bb8166a0aa2fc70b5b98a393,3,94217616,15.688186104016976,1741116039159283,Balanced Dollar,0.09853345,bnUSD,0,1,2025-03-04
cx88fd7df7ddff82f7cc735c871dc519838cb235bb,cxa0af3165c08318e988cb30993b3048335b94af6c,cx5faae53c4dbd1fbe4a2eb4aab6565030f10da5c6,0x158e25bf3e15d70,0x6cd847679990dc3e786c5ffe9a877054afc77b39bb8166a0aa2fc70b5b98a393,2,94217616,0.09707627654999998,1741116039159283,Balanced Dollar,0.09853345,bnUSD,0,1,2025-03-04
cx288d13e1b63563459a2ac6179f237711f6851cb5,cxa0af3165c08318e988cb30993b3048335b94af6c,hxd75467e3e4ce64e3424c747dfb71503017440433,0x6adb07b2e26328,0x6cd847679990dc3e786c5ffe9a877054afc77b39bb8166a0aa2fc70b5b98a393,1,94217616,0.03007717364376452,1741116039159283,Ethereum,0.09853345,ETH,0,1,2025-03-04
cx88fd7df7ddff82f7cc735c871dc519838cb235bb,hxd75467e3e4ce64e3424c747dfb71503017440433,cxa0af3165c08318e988cb30993b3048335b94af6c,0x38222cf75c58e0000,0x6cd847679990dc3e786c5ffe9a877054afc77b39bb8166a0aa2fc70b5b98a393,0,94217616,64.71751769999999,1741116039159283,Balanced Dollar,0.09853345,bnUSD,0,1,2025-03-04
cxd17316e24ee40f2ef8ed6f3a497311db1b35206d,hxbb3d79d08eba2185883c28e9eef53ea359a33246,hxbb3d79d08eba2185883c28e9eef53ea359a33246,0x0,0xe1948e81511d3ad2f53c0806ab0c902433a2ced13f373ea013e0cb4e5615b29a,4,94217605,0.0,1741116017148432,unknown_token,0.019884825,$unknown,34,1,2025-03-04
cx7baf94bd53b505353285ee4c4c050f9703581703,hxbb3d79d08eba2185883c28e9eef53ea359a33246,hx0000000000000000000000000000000000000000,0x0,0xe1948e81511d3ad2f53c0806ab0c902433a2ced13f373ea013e0cb4e5615b29a,2,94217605,0.0,1741116017148432,unknown_token,0.019884825,$unknown,13,1,2025-03-04
cx7baf94bd53b505353285ee4c4c050f9703581703,hxbb3d79d08eba2185883c28e9eef53ea359a33246,hx0000000000000000000000000000000000000000,0x0,0xe1948e81511d3ad2f53c0806ab0c902433a2ced13f373ea013e0cb4e5615b29a,0,94217605,0.0,1741116017148432,unknown_token,0.019884825,$unknown,26,1,2025-03-04
cx88fd7df7ddff82f7cc735c871dc519838cb235bb,cxa0af3165c08318e988cb30993b3048335b94af6c,cx5faae53c4dbd1fbe4a2eb4aab6565030f10da5c6,0x158f1e560110a83,0xb949fe6b4bc5d7fa29c8edc4b292b74f778bc5c64bb56d0a3e57ed8675005285,2,94217589,0.09709335945,1741115985367350,Balanced Dollar,0.056400425,bnUSD,0,1,2025-03-04
cx288d13e1b63563459a2ac6179f237711f6851cb5,cxa0af3165c08318e988cb30993b3048335b94af6c,hxd75467e3e4ce64e3424c747dfb71503017440433,0x6ae7b6e63317f2,0xb949fe6b4bc5d7fa29c8edc4b292b74f778bc5c64bb56d0a3e57ed8675005285,1,94217589,0.03009112026350181,1741115985367350,Ethereum,0.056400425,ETH,0,1,2025-03-04
cx88fd7df7ddff82f7cc735c871dc519838cb235bb,hxd75467e3e4ce64e3424c747dfb71503017440433,cxa0af3165c08318e988cb30993b3048335b94af6c,0x3824b4554d70b6000,0xb949fe6b4bc5d7fa29c8edc4b292b74f778bc5c64bb56d0a3e57ed8675005285,0,94217589,64.7289063,1741115985367350,Balanced Dollar,0.056400425,bnUSD,0,1,2025-03-04
cxd17316e24ee40f2ef8ed6f3a497311db1b35206d,hxbb3d79d08eba2185883c28e9eef53ea359a33246,hxbb3d79d08eba2185883c28e9eef53ea359a33246,0x0,0x0131d9c9e6126c46592a1feb1ed45863a0c5a287df0bbcfc95480ac7d513bd5a,4,94217587,0.0,1741115981344886,unknown_token,0.0165843875,$unknown,34,1,2025-03-04
cx7baf94bd53b505353285ee4c4c050f9703581703,hxbb3d79d08eba2185883c28e9eef53ea359a33246,hx0000000000000000000000000000000000000000,0x0,0x0131d9c9e6126c46592a1feb1ed45863a0c5a287df0bbcfc95480ac7d513bd5a,2,94217587,0.0,1741115981344886,unknown_token,0.0165843875,$unknown,5,1,2025-03-04
cx7baf94bd53b505353285ee4c4c050f9703581703,hxbb3d79d08eba2185883c28e9eef53ea359a33246,hx0000000000000000000000000000000000000000,0x0,0x0131d9c9e6126c46592a1feb1ed45863a0c5a287df0bbcfc95480ac7d513bd5a,0,94217587,0.0,1741115981344886,unknown_token,0.0165843875,$unknown,31,1,2025-03-04
cx88fd7df7ddff82f7cc735c871dc519838cb235bb,cxd82fb5d3effecd8c9071a4bba3856ad7222c4b91,hxd75467e3e4ce64e3424c747dfb71503017440433,0x3635c9adc5dea00000,0x0ef61486271b52da60caa18ad16d4f0aa68b79f19d15b7f74f6750e57271a637,0,94217584,1000.0,1741115975149302,Balanced Dollar,0.02068825,bnUSD,0,1,2025-03-04
cx88fd7df7ddff82f7cc735c871dc519838cb235bb,cxa0af3165c08318e988cb30993b3048335b94af6c,cx5faae53c4dbd1fbe4a2eb4aab6565030f10da5c6,0x1b0ed393b21e7e7,0x402a3083a0d35f942141c2084c62f7ec5c0b5f1ba06f71b1b030c24683eb1fd6,2,94217579,0.12185801999999997,1741115965145767,Balanced Dollar,0.056310275,bnUSD,0,1,2025-03-04
cx66a031cc3bd305c76371fb586e93801b948254f0,cxa0af3165c08318e988cb30993b3048335b94af6c,hxd75467e3e4ce64e3424c747dfb71503017440433,0x37ad423bbd5ea21b,0x402a3083a0d35f942141c2084c62f7ec5c0b5f1ba06f71b1b030c24683eb1fd6,1,94217579,4.011935667404579,1741115965145767,Avalanche,0.056310275,AVAX,0,1,2025-03-04
cx88fd7df7ddff82f7cc735c871dc519838cb235bb,hxd75467e3e4ce64e3424c747dfb71503017440433,cxa0af3165c08318e988cb30993b3048335b94af6c,0x46769c509fda14000,0x402a3083a0d35f942141c2084c62f7ec5c0b5f1ba06f71b1b030c24683eb1fd6,0,94217579,81.23867999999999,1741115965145767,Balanced Dollar,0.056310275,bnUSD,0,1,2025-03-04
cxd17316e24ee40f2ef8ed6f3a497311db1b35206d,hxbb3d79d08eba2185883c28e9eef53ea359a33246,hxbb3d79d08eba2185883c28e9eef53ea359a33246,0x0,0x28ca5b9a33b86e5f2d25bae967deee61ccf7cf91aaf2edb1d0596b0d23e098b6,5,94217576,0.0,1741115959130003,unknown_token,0.019300025,$unknown,34,1,2025-03-04
cx53f8ccd5426534f82cf10cb742de033e51da72fc,hxbb3d79d08eba2185883c28e9eef53ea359a33246,hx0000000000000000000000000000000000000000,0x0,0x28ca5b9a33b86e5f2d25bae967deee61ccf7cf91aaf2edb1d0596b0d23e098b6,4,94217576,0.0,1741115959130003,unknown_token,0.019300025,$unknown,3,1,2025-03-04
cx7baf94bd53b505353285ee4c4c050f9703581703,hxbb3d79d08eba2185883c28e9eef53ea359a33246,hx0000000000000000000000000000000000000000,0x0,0x28ca5b9a33b86e5f2d25bae967deee61ccf7cf91aaf2edb1d0596b0d23e098b6,2,94217576,0.0,1741115959130003,unknown_token,0.019300025,$unknown,33,1,2025-03-04
cx7baf94bd53b505353285ee4c4c050f9703581703,hxbb3d79d08eba2185883c28e9eef53ea359a33246,hx0000000000000000000000000000000000000000,0x0,0x28ca5b9a33b86e5f2d25bae967deee61ccf7cf91aaf2edb1d0596b0d23e098b6,0,94217576,0.0,1741115959130003,unknown_token,0.019300025,$unknown,21,1,2025-03-04
cx88fd7df7ddff82f7cc735c871dc519838cb235bb,cxa0af3165c08318e988cb30993b3048335b94af6c,cx5faae53c4dbd1fbe4a2eb4aab6565030f10da5c6,0xee80ed08c6fff3,0x2782daf78c4cfa12ba13d0381e141eef867d0bc7c59d3d3d9523994253155450,2,94217574,0.06713279999999999,1741115955135485,Balanced Dollar,0.0563627125,bnUSD,0,1,2025-03-04
cx4297f4b63262507623b6ad575d0d8dd2db980e4e,cxa0af3165c08318e988cb30993b3048335b94af6c,hxd75467e3e4ce64e3424c747dfb71503017440433,0x37ce2b335a7baec1,0x2782daf78c4cfa12ba13d0381e141eef867d0bc7c59d3d3d9523994253155450,1,94217574,4.021199016849813,1741115955135485,Injective,0.0563627125,INJ,0,1,2025-03-04
cx88fd7df7ddff82f7cc735c871dc519838cb235bb,hxd75467e3e4ce64e3424c747dfb71503017440433,cxa0af3165c08318e988cb30993b3048335b94af6c,0x26d1a6946db8fe000,0x2782daf78c4cfa12ba13d0381e141eef867d0bc7c59d3d3d9523994253155450,0,94217574,44.755199999999995,1741115955135485,Balanced Dollar,0.0563627125,bnUSD,0,1,2025-03-04
cx2609b924e33ef00b648a409245c7ea394c467824,cx21e94c08c03daee80c25d8ee3ea22a20786ec231,hx2debd9ec927cca1639da8d3518dd9dbf1cdfb357,0x6c6b536e0c623206f8,0xf58186c8428c8b98bf044002c465d91cf22d64c2255fd1e4ae2412eeceae685b,5,94217571,1999.982005945223,1741115949139876,Staked ICX,0.112702,sICX,0,1,2025-03-04
cx88fd7df7ddff82f7cc735c871dc519838cb235bb,cxa0af3165c08318e988cb30993b3048335b94af6c,cx5faae53c4dbd1fbe4a2eb4aab6565030f10da5c6,0x5f392c40b47db36,0xf58186c8428c8b98bf044002c465d91cf22d64c2255fd1e4ae2412eeceae685b,3,94217571,0.42884776023083293,1741115949139876,Balanced Dollar,0.112702,bnUSD,0,1,2025-03-04
cx2609b924e33ef00b648a409245c7ea394c467824,cxa0af3165c08318e988cb30993b3048335b94af6c,cx21e94c08c03daee80c25d8ee3ea22a20786ec231,0x6c6b536e0c623206f8,0xf58186c8428c8b98bf044002c465d91cf22d64c2255fd1e4ae2412eeceae685b,2,94217571,1999.982005945223,1741115949139876,Staked ICX,0.112702,sICX,0,1,2025-03-04
cx88fd7df7ddff82f7cc735c871dc519838cb235bb,cx21e94c08c03daee80c25d8ee3ea22a20786ec231,cxa0af3165c08318e988cb30993b3048335b94af6c,0xf7fa38932b5cadca0,0xf58186c8428c8b98bf044002c465d91cf22d64c2255fd1e4ae2412eeceae685b,1,94217571,285.8985068205553,1741115949139876,Balanced Dollar,0.112702,bnUSD,0,1,2025-03-04
cx88fd7df7ddff82f7cc735c871dc519838cb235bb,hx2debd9ec927cca1639da8d3518dd9dbf1cdfb357,cx21e94c08c03daee80c25d8ee3ea22a20786ec231,0xf7fa38932b5cadca0,0xf58186c8428c8b98bf044002c465d91cf22d64c2255fd1e4ae2412eeceae685b,0,94217571,285.8985068205553,1741115949139876,Balanced Dollar,0.112702,bnUSD,0,1,2025-03-04
cx07b184a37f03c6ab681fcbd0b45aec6dc3eafbeb,cx21e94c08c03daee80c25d8ee3ea22a20786ec231,hx970eda4988e547df0de8324226fdf3e8ebc9734f,0x2386f26fc10001,0x81e07e5c8acb172f2f36d57feda16de3de73198d19302d46d756ecced070659c,5,94217570,0.01,1741115947339731,Bitcoin,0.0860043875,BTC,0,1,2025-03-04
cx88fd7df7ddff82f7cc735c871dc519838cb235bb,cxa0af3165c08318e988cb30993b3048335b94af6c,cx5faae53c4dbd1fbe4a2eb4aab6565030f10da5c6,0x123d0b26f348df8d,0x81e07e5c8acb172f2f36d57feda16de3de73198d19302d46d756ecced070659c,3,94217570,1.314218928180355,1741115947339731,Balanced Dollar,0.0860043875,bnUSD,0,1,2025-03-04
cx07b184a37f03c6ab681fcbd0b45aec6dc3eafbeb,cxa0af3165c08318e988cb30993b3048335b94af6c,cx21e94c08c03daee80c25d8ee3ea22a20786ec231,0x2386f26fc10001,0x81e07e5c8acb172f2f36d57feda16de3de73198d19302d46d756ecced070659c,2,94217570,0.01,1741115947339731,Bitcoin,0.0860043875,BTC,0,1,2025-03-04
cx88fd7df7ddff82f7cc735c871dc519838cb235bb,cx21e94c08c03daee80c25d8ee3ea22a20786ec231,cxa0af3165c08318e988cb30993b3048335b94af6c,0x2f7ef7b56ee31b7f6d,0x81e07e5c8acb172f2f36d57feda16de3de73198d19302d46d756ecced070659c,1,94217570,876.1459521202366,1741115947339731,Balanced Dollar,0.0860043875,bnUSD,0,1,2025-03-04
cx88fd7df7ddff82f7cc735c871dc519838cb235bb,hx970eda4988e547df0de8324226fdf3e8ebc9734f,cx21e94c08c03daee80c25d8ee3ea22a20786ec231,0x2f7ef7b56ee31b7f6d,0x81e07e5c8acb172f2f36d57feda16de3de73198d19302d46d756ecced070659c,0,94217570,876.1459521202366,1741115947339731,Balanced Dollar,0.0860043875,bnUSD,0,1,2025-03-04
cx88fd7df7ddff82f7cc735c871dc519838cb235bb,cxa0af3165c08318e988cb30993b3048335b94af6c,cx5faae53c4dbd1fbe4a2eb4aab6565030f10da5c6,0x1596e996cd311f3,0x7fb9d894be59d4d837e1615d7b67e313bbe7060c1b9dc0e437ebb73e312447b2,2,94217568,0.09723047219999999,1741115943134318,Balanced Dollar,0.056400425,bnUSD,0,1,2025-03-04
cx288d13e1b63563459a2ac6179f237711f6851cb5,cxa0af3165c08318e988cb30993b3048335b94af6c,hxd75467e3e4ce64e3424c747dfb71503017440433,0x6b1640fa69a580,0x7fb9d894be59d4d837e1615d7b67e313bbe7060c1b9dc0e437ebb73e312447b2,1,94217568,0.030142290842985857,1741115943134318,Ethereum,0.056400425,ETH,0,1,2025-03-04
cx88fd7df7ddff82f7cc735c871dc519838cb235bb,hxd75467e3e4ce64e3424c747dfb71503017440433,cxa0af3165c08318e988cb30993b3048335b94af6c,0x3839004e0bafec000,0x7fb9d894be59d4d837e1615d7b67e313bbe7060c1b9dc0e437ebb73e312447b2,0,94217568,64.82031479999999,1741115943134318,Balanced Dollar,0.056400425,bnUSD,0,1,2025-03-04
cx88fd7df7ddff82f7cc735c871dc519838cb235bb,cxa0af3165c08318e988cb30993b3048335b94af6c,cx5faae53c4dbd1fbe4a2eb4aab6565030f10da5c6,0x2a0c2de71f5720c,0xcbcd32c6d42fe9dfd3dfc8c6b996892cbc4ec10f14f6fd63bb6a0cb0663783db,2,94217556,0.18936544500000002,1741115919117334,Balanced Dollar,0.0460587125,bnUSD,0,1,2025-03-04
cx508002ec116fbf3ab406329c0df28e70d7e75fb3,cxa0af3165c08318e988cb30993b3048335b94af6c,hxd75467e3e4ce64e3424c747dfb71503017440433,0xbb9de6492,0xcbcd32c6d42fe9dfd3dfc8c6b996892cbc4ec10f14f6fd63bb6a0cb0663783db,1,94217556,50.362999954,1741115919117334,Sui,0.0460587125,SUI,0,1,2025-03-04
cx88fd7df7ddff82f7cc735c871dc519838cb235bb,hxd75467e3e4ce64e3424c747dfb71503017440433,cxa0af3165c08318e988cb30993b3048335b94af6c,0x6d7fb789e19d90000,0xcbcd32c6d42fe9dfd3dfc8c6b996892cbc4ec10f14f6fd63bb6a0cb0663783db,0,94217556,126.24363000000001,1741115919117334,Balanced Dollar,0.0460587125,bnUSD,0,1,2025-03-04
cx88fd7df7ddff82f7cc735c871dc519838cb235bb,cxa0af3165c08318e988cb30993b3048335b94af6c,cx5faae53c4dbd1fbe4a2eb4aab6565030f10da5c6,0xee13e54bf63000,0xd81f74cf01731f3f41e23f079e59ba3ac2bf36e6ef3ba637a74fae65da9fd76f,2,94217546,0.06701292,1741115899104082,Balanced Dollar,0.0563627125,bnUSD,0,1,2025-03-04
cx4297f4b63262507623b6ad575d0d8dd2db980e4e,cxa0af3165c08318e988cb30993b3048335b94af6c,hxd75467e3e4ce64e3424c747dfb71503017440433,0x37bb83dad6e21bc9,0xd81f74cf01731f3f41e23f079e59ba3ac2bf36e6ef3ba637a74fae65da9fd76f,1,94217546,4.015948468662181,1741115899104082,Injective,0.0563627125,INJ,0,1,2025-03-04
cx88fd7df7ddff82f7cc735c871dc519838cb235bb,hxd75467e3e4ce64e3424c747dfb71503017440433,cxa0af3165c08318e988cb30993b3048335b94af6c,0x26bfe7a75d11d0000,0xd81f74cf01731f3f41e23f079e59ba3ac2bf36e6ef3ba637a74fae65da9fd76f,0,94217546,44.67528,1741115899104082,Balanced Dollar,0.0563627125,bnUSD,0,1,2025-03-04
cx88fd7df7ddff82f7cc735c871dc519838cb235bb,cxa0af3165c08318e988cb30993b3048335b94af6c,cx5faae53c4dbd1fbe4a2eb4aab6565030f10da5c6,0x1590c103138ea76,0xf571876ab7a4cb805d7f8f00ffe5c01124e996841f71f9a6b211453e38cd4232,2,94217541,0.09712213064999999,1741115889122229,Balanced Dollar,0.056400425,bnUSD,0,1,2025-03-04
cx288d13e1b63563459a2ac6179f237711f6851cb5,cxa0af3165c08318e988cb30993b3048335b94af6c,hxd75467e3e4ce64e3424c747dfb71503017440433,0x6aff980cbb0204,0xf571876ab7a4cb805d7f8f00ffe5c01124e996841f71f9a6b211453e38cd4232,1,94217541,0.030117376045023746,1741115889122229,Ethereum,0.056400425,ETH,0,1,2025-03-04
cx88fd7df7ddff82f7cc735c871dc519838cb235bb,hxd75467e3e4ce64e3424c747dfb71503017440433,cxa0af3165c08318e988cb30993b3048335b94af6c,0x3828f6a2ad98d4000,0xf571876ab7a4cb805d7f8f00ffe5c01124e996841f71f9a6b211453e38cd4232,0,94217541,64.74808709999999,1741115889122229,Balanced Dollar,0.056400425,bnUSD,0,1,2025-03-04
cx88fd7df7ddff82f7cc735c871dc519838cb235bb,cxa0af3165c08318e988cb30993b3048335b94af6c,cx5faae53c4dbd1fbe4a2eb4aab6565030f10da5c6,0x2a0d74fe55c98ed,0x551ec1e6e2144630e588f81ada8789da69dc11b1000ddc0d37ac3f100da5127c,2,94217531,0.18938792249999997,1741115869105829,Balanced Dollar,0.0460587125,bnUSD,0,1,2025-03-04
cx508002ec116fbf3ab406329c0df28e70d7e75fb3,cxa0af3165c08318e988cb30993b3048335b94af6c,hxd75467e3e4ce64e3424c747dfb71503017440433,0xbbd82350b,0x551ec1e6e2144630e588f81ada8789da69dc11b1000ddc0d37ac3f100da5127c,1,94217531,50.424067339,1741115869105829,Sui,0.0460587125,SUI,0,1,2025-03-04
cx88fd7df7ddff82f7cc735c871dc519838cb235bb,hxd75467e3e4ce64e3424c747dfb71503017440433,cxa0af3165c08318e988cb30993b3048335b94af6c,0x6d830b5654bce4000,0x551ec1e6e2144630e588f81ada8789da69dc11b1000ddc0d37ac3f100da5127c,0,94217531,126.25861499999999,1741115869105829,Balanced Dollar,0.0460587125,bnUSD,0,1,2025-03-04
cx88fd7df7ddff82f7cc735c871dc519838cb235bb,cxa0af3165c08318e988cb30993b3048335b94af6c,cx5faae53c4dbd1fbe4a2eb4aab6565030f10da5c6,0x15948fbe029c00c,0xb0935d2031e6db87a1c83bdc70d9fc5adc8aad9f11da298005dc810101d717f8,2,94217523,0.09718911360000002,1741115853102257,Balanced Dollar,0.056400425,bnUSD,0,1,2025-03-04
cx288d13e1b63563459a2ac6179f237711f6851cb5,cxa0af3165c08318e988cb30993b3048335b94af6c,hxd75467e3e4ce64e3424c747dfb71503017440433,0x6b1a61307f184f,0xb0935d2031e6db87a1c83bdc70d9fc5adc8aad9f11da298005dc810101d717f8,1,94217523,0.030146827235825742,1741115853102257,Ethereum,0.056400425,ETH,0,1,2025-03-04
cx88fd7df7ddff82f7cc735c871dc519838cb235bb,hxd75467e3e4ce64e3424c747dfb71503017440433,cxa0af3165c08318e988cb30993b3048335b94af6c,0x3832e0fed17642000,0xb0935d2031e6db87a1c83bdc70d9fc5adc8aad9f11da298005dc810101d717f8,0,94217523,64.79274240000001,1741115853102257,Balanced Dollar,0.056400425,bnUSD,0,1,2025-03-04
cx88fd7df7ddff82f7cc735c871dc519838cb235bb,cxa0af3165c08318e988cb30993b3048335b94af6c,cx5faae53c4dbd1fbe4a2eb4aab6565030f10da5c6,0x1595191eccad57c,0xae0ab32c1a673b5a56ea3504b4e28de5af4e56edf8a2169cba846ae8e4cd9ab4,2,94217511,0.09719855414999999,1741115829110530,Balanced Dollar,0.056400425,bnUSD,0,1,2025-03-04
cx288d13e1b63563459a2ac6179f237711f6851cb5,cxa0af3165c08318e988cb30993b3048335b94af6c,hxd75467e3e4ce64e3424c747dfb71503017440433,0x6b24f1cf9f1ba5,0xae0ab32c1a673b5a56ea3504b4e28de5af4e56edf8a2169cba846ae8e4cd9ab4,1,94217511,0.030158443497069476,1741115829110530,Ethereum,0.056400425,ETH,0,1,2025-03-04
cx88fd7df7ddff82f7cc735c871dc519838cb235bb,hxd75467e3e4ce64e3424c747dfb71503017440433,cxa0af3165c08318e988cb30993b3048335b94af6c,0x383446c035036a000,0xae0ab32c1a673b5a56ea3504b4e28de5af4e56edf8a2169cba846ae8e4cd9ab4,0,94217511,64.7990361,1741115829110530,Balanced Dollar,0.056400425,bnUSD,0,1,2025-03-04
cx07b184a37f03c6ab681fcbd0b45aec6dc3eafbeb,cx21e94c08c03daee80c25d8ee3ea22a20786ec231,hx970eda4988e547df0de8324226fdf3e8ebc9734f,0x2386f26fc10001,0xa1583f634bcc04646606bb5d563d734d563b3b5babfcac3d52f7db371381a243,5,94217491,0.01,1741115789060356,Bitcoin,0.0860003875,BTC,0,1,2025-03-04
cx88fd7df7ddff82f7cc735c871dc519838cb235bb,cxa0af3165c08318e988cb30993b3048335b94af6c,cx5faae53c4dbd1fbe4a2eb4aab6565030f10da5c6,0x122eac08fe8e9de4,0xa1583f634bcc04646606bb5d563d734d563b3b5babfcac3d52f7db371381a243,3,94217491,1.3101736962418682,1741115789060356,Balanced Dollar,0.0860003875,bnUSD,0,1,2025-03-04
cx07b184a37f03c6ab681fcbd0b45aec6dc3eafbeb,cxa0af3165c08318e988cb30993b3048335b94af6c,cx21e94c08c03daee80c25d8ee3ea22a20786ec231,0x2386f26fc10001,0xa1583f634bcc04646606bb5d563d734d563b3b5babfcac3d52f7db371381a243,2,94217491,0.01,1741115789060356,Bitcoin,0.0860003875,BTC,0,1,2025-03-04
cx88fd7df7ddff82f7cc735c871dc519838cb235bb,cx21e94c08c03daee80c25d8ee3ea22a20786ec231,cxa0af3165c08318e988cb30993b3048335b94af6c,0x2f598aacc19365d87e,0xa1583f634bcc04646606bb5d563d734d563b3b5babfcac3d52f7db371381a243,1,94217491,873.4491308279122,1741115789060356,Balanced Dollar,0.0860003875,bnUSD,0,1,2025-03-04
cx88fd7df7ddff82f7cc735c871dc519838cb235bb,hx970eda4988e547df0de8324226fdf3e8ebc9734f,cx21e94c08c03daee80c25d8ee3ea22a20786ec231,0x2f598aacc19365d87e,0xa1583f634bcc04646606bb5d563d734d563b3b5babfcac3d52f7db371381a243,0,94217491,873.4491308279122,1741115789060356,Balanced Dollar,0.0860003875,bnUSD,0,1,2025-03-04
cx88fd7df7ddff82f7cc735c871dc519838cb235bb,cxa0af3165c08318e988cb30993b3048335b94af6c,cx5faae53c4dbd1fbe4a2eb4aab6565030f10da5c6,0xeda6dd8f256000,0x84722d442e09ea2bea731122a25618524d07525dffc306818248d9820f72064d,2,94217487,0.06689304,1741115781275315,Balanced Dollar,0.0563627125,bnUSD,0,1,2025-03-04
cx4297f4b63262507623b6ad575d0d8dd2db980e4e,cxa0af3165c08318e988cb30993b3048335b94af6c,hxd75467e3e4ce64e3424c747dfb71503017440433,0x37a8d45b85ef15f6,0x84722d442e09ea2bea731122a25618524d07525dffc306818248d9820f72064d,1,94217487,4.010688957727577,1741115781275315,Injective,0.0563627125,INJ,0,1,2025-03-04
cx88fd7df7ddff82f7cc735c871dc519838cb235bb,hxd75467e3e4ce64e3424c747dfb71503017440433,cxa0af3165c08318e988cb30993b3048335b94af6c,0x26ae28ba4c6aa0000,0x84722d442e09ea2bea731122a25618524d07525dffc306818248d9820f72064d,0,94217487,44.59536,1741115781275315,Balanced Dollar,0.0563627125,bnUSD,0,1,2025-03-04
cx88fd7df7ddff82f7cc735c871dc519838cb235bb,cxa0af3165c08318e988cb30993b3048335b94af6c,cx5faae53c4dbd1fbe4a2eb4aab6565030f10da5c6,0x15844f261ad7e00,0x506a787f71c552fc080428a096514c553540faea56ac174e931166fc0dc8ad44,2,94217472,0.0969031998,1741115751345165,Balanced Dollar,0.056400425,bnUSD,0,1,2025-03-04
cx288d13e1b63563459a2ac6179f237711f6851cb5,cxa0af3165c08318e988cb30993b3048335b94af6c,hxd75467e3e4ce64e3424c747dfb71503017440433,0x6ad9776a827063,0x506a787f71c552fc080428a096514c553540faea56ac174e931166fc0dc8ad44,1,94217472,0.030075454442598498,1741115751345165,Ethereum,0.056400425,ETH,0,1,2025-03-04
cx88fd7df7ddff82f7cc735c871dc519838cb235bb,hxd75467e3e4ce64e3424c747dfb71503017440433,cxa0af3165c08318e988cb30993b3048335b94af6c,0x38088e1de5e782000,0x506a787f71c552fc080428a096514c553540faea56ac174e931166fc0dc8ad44,0,94217472,64.6021332,1741115751345165,Balanced Dollar,0.056400425,bnUSD,0,1,2025-03-04
cx88fd7df7ddff82f7cc735c871dc519838cb235bb,cxa0af3165c08318e988cb30993b3048335b94af6c,cx5faae53c4dbd1fbe4a2eb4aab6565030f10da5c6,0x1591cd39f3675f3,0xe7a61fd769d118e3b8222a0a93f7ea169b0256a2f8b31275564aebb64aa078f0,2,94217459,0.09714056219999999,1741115725037700,Balanced Dollar,0.056400425,bnUSD,0,1,2025-03-04
cx288d13e1b63563459a2ac6179f237711f6851cb5,cxa0af3165c08318e988cb30993b3048335b94af6c,hxd75467e3e4ce64e3424c747dfb71503017440433,0x6b245ba4627192,0xe7a61fd769d118e3b8222a0a93f7ea169b0256a2f8b31275564aebb64aa078f0,1,94217459,0.03015779852657909,1741115725037700,Ethereum,0.056400425,ETH,0,1,2025-03-04
cx88fd7df7ddff82f7cc735c871dc519838cb235bb,hxd75467e3e4ce64e3424c747dfb71503017440433,cxa0af3165c08318e988cb30993b3048335b94af6c,0x382bb11c3f3288000,0xe7a61fd769d118e3b8222a0a93f7ea169b0256a2f8b31275564aebb64aa078f0,0,94217459,64.7603748,1741115725037700,Balanced Dollar,0.056400425,bnUSD,0,1,2025-03-04
cx88fd7df7ddff82f7cc735c871dc519838cb235bb,cx21e94c08c03daee80c25d8ee3ea22a20786ec231,hx970eda4988e547df0de8324226fdf3e8ebc9734f,0x4e98fcb13c9ede39ff,0xbddd7b08cedf215c09d22665b255cfc9d433642b75eeaba013a87ae4e661fcce,1,94217455,1449.8699186111626,1741115717033420,Balanced Dollar,0.0364206375,bnUSD,0,1,2025-03-04
cx88fd7df7ddff82f7cc735c871dc519838cb235bb,cxa0af3165c08318e988cb30993b3048335b94af6c,cx5faae53c4dbd1fbe4a2eb4aab6565030f10da5c6,0x1b0ed393b21e7e7,0x07627b3af3040746e65dd05b59b4fe84a2227fb9583bb6656b1c748a62f53ae0,2,94217452,0.12185801999999997,1741115711036378,Balanced Dollar,0.056310275,bnUSD,0,1,2025-03-04
cx66a031cc3bd305c76371fb586e93801b948254f0,cxa0af3165c08318e988cb30993b3048335b94af6c,hxd75467e3e4ce64e3424c747dfb71503017440433,0x37b6b281404c2c22,0x07627b3af3040746e65dd05b59b4fe84a2227fb9583bb6656b1c748a62f53ae0,1,94217452,4.014592386046635,1741115711036378,Avalanche,0.056310275,AVAX,0,1,2025-03-04
cx88fd7df7ddff82f7cc735c871dc519838cb235bb,hxd75467e3e4ce64e3424c747dfb71503017440433,cxa0af3165c08318e988cb30993b3048335b94af6c,0x46769c509fda14000,0x07627b3af3040746e65dd05b59b4fe84a2227fb9583bb6656b1c748a62f53ae0,0,94217452,81.23867999999999,1741115711036378,Balanced Dollar,0.056310275,bnUSD,0,1,2025-03-04
cx2609b924e33ef00b648a409245c7ea394c467824,cx21e94c08c03daee80c25d8ee3ea22a20786ec231,hx2debd9ec927cca1639da8d3518dd9dbf1cdfb357,0x6c6b536e0c1b4a7323,0x2b96113b2036d037a109f513220ffda4b3271d430186946ffc347f329bd7882a,5,94217449,1999.9820059440333,1741115705035152,Staked ICX,0.112702,sICX,0,1,2025-03-04
cx88fd7df7ddff82f7cc735c871dc519838cb235bb,cxa0af3165c08318e988cb30993b3048335b94af6c,cx5faae53c4dbd1fbe4a2eb4aab6565030f10da5c6,0x5f290fb20cb6728,0x2b96113b2036d037a109f513220ffda4b3271d430186946ffc347f329bd7882a,3,94217449,0.4285643228150106,1741115705035152,Balanced Dollar,0.112702,bnUSD,0,1,2025-03-04
cx2609b924e33ef00b648a409245c7ea394c467824,cxa0af3165c08318e988cb30993b3048335b94af6c,cx21e94c08c03daee80c25d8ee3ea22a20786ec231,0x6c6b536e0c1b4a7323,0x2b96113b2036d037a109f513220ffda4b3271d430186946ffc347f329bd7882a,2,94217449,1999.9820059440333,1741115705035152,Staked ICX,0.112702,sICX,0,1,2025-03-04
cx88fd7df7ddff82f7cc735c871dc519838cb235bb,cx21e94c08c03daee80c25d8ee3ea22a20786ec231,cxa0af3165c08318e988cb30993b3048335b94af6c,0xf7d0438a567074d80,0x2b96113b2036d037a109f513220ffda4b3271d430186946ffc347f329bd7882a,1,94217449,285.7095485433404,1741115705035152,Balanced Dollar,0.112702,bnUSD,0,1,2025-03-04
cx88fd7df7ddff82f7cc735c871dc519838cb235bb,hx2debd9ec927cca1639da8d3518dd9dbf1cdfb357,cx21e94c08c03daee80c25d8ee3ea22a20786ec231,0xf7d0438a567074d80,0x2b96113b2036d037a109f513220ffda4b3271d430186946ffc347f329bd7882a,0,94217449,285.7095485433404,1741115705035152,Balanced Dollar,0.112702,bnUSD,0,1,2025-03-04
cx88fd7df7ddff82f7cc735c871dc519838cb235bb,cxd82fb5d3effecd8c9071a4bba3856ad7222c4b91,hxd75467e3e4ce64e3424c747dfb71503017440433,0x3635c9adc5dea00000,0xd208f32e815a83b02b3bcfdfffdb486d4026bb1f26d7520c86d75cf7d3726dd7,0,94217443,1000.0,1741115693036157,Balanced Dollar,0.0206909375,bnUSD,0,1,2025-03-04
cx88fd7df7ddff82f7cc735c871dc519838cb235bb,cxa0af3165c08318e988cb30993b3048335b94af6c,cx5faae53c4dbd1fbe4a2eb4aab6565030f10da5c6,0xee13e54bf63000,0x871ada06051269537a8c92dee613932c9a4e3f122f67d0d3a4c4d2b31a70b142,2,94217439,0.06701292,1741115685262175,Balanced Dollar,0.0563587125,bnUSD,0,1,2025-03-04
cx4297f4b63262507623b6ad575d0d8dd2db980e4e,cxa0af3165c08318e988cb30993b3048335b94af6c,hxd75467e3e4ce64e3424c747dfb71503017440433,0x37c938523e02c711,0x871ada06051269537a8c92dee613932c9a4e3f122f67d0d3a4c4d2b31a70b142,1,94217439,4.019806068283722,1741115685262175,Injective,0.0563587125,INJ,0,1,2025-03-04
cx88fd7df7ddff82f7cc735c871dc519838cb235bb,hxd75467e3e4ce64e3424c747dfb71503017440433,cxa0af3165c08318e988cb30993b3048335b94af6c,0x26bfe7a75d11d0000,0x871ada06051269537a8c92dee613932c9a4e3f122f67d0d3a4c4d2b31a70b142,0,94217439,44.67528,1741115685262175,Balanced Dollar,0.0563587125,bnUSD,0,1,2025-03-04
cx88fd7df7ddff82f7cc735c871dc519838cb235bb,cxa0af3165c08318e988cb30993b3048335b94af6c,cx5faae53c4dbd1fbe4a2eb4aab6565030f10da5c6,0x1b049ad9fe8b000,0x90a85814bf184486514895341c032751912d67d0e475a10c041728e3edf23f44,2,94217432,0.1216782,1741115671228868,Balanced Dollar,0.056310275,bnUSD,0,1,2025-03-04
cx66a031cc3bd305c76371fb586e93801b948254f0,cxa0af3165c08318e988cb30993b3048335b94af6c,hxd75467e3e4ce64e3424c747dfb71503017440433,0x37ab13d9a427a487,0x90a85814bf184486514895341c032751912d67d0e475a10c041728e3edf23f44,1,94217432,4.011321718586451,1741115671228868,Avalanche,0.056310275,AVAX,0,1,2025-03-04
cx88fd7df7ddff82f7cc735c871dc519838cb235bb,hxd75467e3e4ce64e3424c747dfb71503017440433,cxa0af3165c08318e988cb30993b3048335b94af6c,0x465bfded06df50000,0x90a85814bf184486514895341c032751912d67d0e475a10c041728e3edf23f44,0,94217432,81.1188,1741115671228868,Balanced Dollar,0.056310275,bnUSD,0,1,2025-03-04
cx518f64edcd35db9044a2de63fdc10abfd5f7d611,cx21e94c08c03daee80c25d8ee3ea22a20786ec231,hxd75467e3e4ce64e3424c747dfb71503017440433,0xef714744,0xf909ea9ee1a67d0d5122607ca305cb8e5c7230a5e0c0aac8348a466ccf4b25b0,9,94217427,401.7178436,1741115661011254,Stellar,0.1691949125,XLM,0,1,2025-03-04
cx2609b924e33ef00b648a409245c7ea394c467824,cxa0af3165c08318e988cb30993b3048335b94af6c,cx5faae53c4dbd1fbe4a2eb4aab6565030f10da5c6,0x1165316d0c828f24,0xf909ea9ee1a67d0d5122607ca305cb8e5c7230a5e0c0aac8348a466ccf4b25b0,7,94217427,1.2534624157236303,1741115661011254,Staked ICX,0.1691949125,sICX,0,1,2025-03-04
cx518f64edcd35db9044a2de63fdc10abfd5f7d611,cxa0af3165c08318e988cb30993b3048335b94af6c,cx21e94c08c03daee80c25d8ee3ea22a20786ec231,0xef714744,0xf909ea9ee1a67d0d5122607ca305cb8e5c7230a5e0c0aac8348a466ccf4b25b0,6,94217427,401.7178436,1741115661011254,Stellar,0.1691949125,XLM,0,1,2025-03-04
cx2609b924e33ef00b648a409245c7ea394c467824,cx21e94c08c03daee80c25d8ee3ea22a20786ec231,cxa0af3165c08318e988cb30993b3048335b94af6c,0x2d4cdb615093ff6dd8,0xf909ea9ee1a67d0d5122607ca305cb8e5c7230a5e0c0aac8348a466ccf4b25b0,5,94217427,835.6416104824202,1741115661011254,Staked ICX,0.1691949125,sICX,0,1,2025-03-04
cx88fd7df7ddff82f7cc735c871dc519838cb235bb,cxa0af3165c08318e988cb30993b3048335b94af6c,cx5faae53c4dbd1fbe4a2eb4aab6565030f10da5c6,0x27bde202dcd1000,0xf909ea9ee1a67d0d5122607ca305cb8e5c7230a5e0c0aac8348a466ccf4b25b0,3,94217427,0.17898084,1741115661011254,Balanced Dollar,0.1691949125,bnUSD,0,1,2025-03-04
cx2609b924e33ef00b648a409245c7ea394c467824,cxa0af3165c08318e988cb30993b3048335b94af6c,cx21e94c08c03daee80c25d8ee3ea22a20786ec231,0x2d4cdb615093ff6dd8,0xf909ea9ee1a67d0d5122607ca305cb8e5c7230a5e0c0aac8348a466ccf4b25b0,2,94217427,835.6416104824202,1741115661011254,Staked ICX,0.1691949125,sICX,0,1,2025-03-04
cx88fd7df7ddff82f7cc735c871dc519838cb235bb,cx21e94c08c03daee80c25d8ee3ea22a20786ec231,cxa0af3165c08318e988cb30993b3048335b94af6c,0x677e7c921f0af0000,0xf909ea9ee1a67d0d5122607ca305cb8e5c7230a5e0c0aac8348a466ccf4b25b0,1,94217427,119.32056,1741115661011254,Balanced Dollar,0.1691949125,bnUSD,0,1,2025-03-04
cx88fd7df7ddff82f7cc735c871dc519838cb235bb,hxd75467e3e4ce64e3424c747dfb71503017440433,cx21e94c08c03daee80c25d8ee3ea22a20786ec231,0x677e7c921f0af0000,0xf909ea9ee1a67d0d5122607ca305cb8e5c7230a5e0c0aac8348a466ccf4b25b0,0,94217427,119.32056,1741115661011254,Balanced Dollar,0.1691949125,bnUSD,0,1,2025-03-04
cx88fd7df7ddff82f7cc735c871dc519838cb235bb,cxa0af3165c08318e988cb30993b3048335b94af6c,cx5faae53c4dbd1fbe4a2eb4aab6565030f10da5c6,0x1592e6863bd4076,0xbee9431f31f6423cc7f2a7a21c769f6faac7acbd18ef72fa35497b2a299ba598,2,94217418,0.09715989284999998,1741115643003688,Balanced Dollar,0.056400425,bnUSD,0,1,2025-03-04
cx288d13e1b63563459a2ac6179f237711f6851cb5,cxa0af3165c08318e988cb30993b3048335b94af6c,hxd75467e3e4ce64e3424c747dfb71503017440433,0x6b31b8a702a862,0xbee9431f31f6423cc7f2a7a21c769f6faac7acbd18ef72fa35497b2a299ba598,1,94217418,0.03017249165375293,1741115643003688,Ethereum,0.056400425,ETH,0,1,2025-03-04
cx88fd7df7ddff82f7cc735c871dc519838cb235bb,hxd75467e3e4ce64e3424c747dfb71503017440433,cxa0af3165c08318e988cb30993b3048335b94af6c,0x382e8da83bcd7e000,0xbee9431f31f6423cc7f2a7a21c769f6faac7acbd18ef72fa35497b2a299ba598,0,94217418,64.7732619,1741115643003688,Balanced Dollar,0.056400425,bnUSD,0,1,2025-03-04
cx88fd7df7ddff82f7cc735c871dc519838cb235bb,cxa0af3165c08318e988cb30993b3048335b94af6c,cx5faae53c4dbd1fbe4a2eb4aab6565030f10da5c6,0xed7059b0bcf800,0xac70f3022f8749d98a3cf1ff9e32088f8a5a58d17126723452747e96a37efb8c,2,94217413,0.0668331,1741115633008583,Balanced Dollar,0.0563627125,bnUSD,0,1,2025-03-04
cx4297f4b63262507623b6ad575d0d8dd2db980e4e,cxa0af3165c08318e988cb30993b3048335b94af6c,hxd75467e3e4ce64e3424c747dfb71503017440433,0x37a9bc98e3ea6cc6,0xac70f3022f8749d98a3cf1ff9e32088f8a5a58d17126723452747e96a37efb8c,1,94217413,4.010944307994979,1741115633008583,Injective,0.0563627125,INJ,0,1,2025-03-04
cx88fd7df7ddff82f7cc735c871dc519838cb235bb,hxd75467e3e4ce64e3424c747dfb71503017440433,cxa0af3165c08318e988cb30993b3048335b94af6c,0x26a54943c41708000,0xac70f3022f8749d98a3cf1ff9e32088f8a5a58d17126723452747e96a37efb8c,0,94217413,44.5554,1741115633008583,Balanced Dollar,0.0563627125,bnUSD,0,1,2025-03-04
cx88fd7df7ddff82f7cc735c871dc519838cb235bb,cxa0af3165c08318e988cb30993b3048335b94af6c,cx5faae53c4dbd1fbe4a2eb4aab6565030f10da5c6,0x15940ce7ecd49f3,0xc2d222ae63f611786ba130dc70797bc89a43e250b2627fb32fb88b8216a10ff1,2,94217405,0.09718012259999999,1741115617003074,Balanced Dollar,0.056400425,bnUSD,0,1,2025-03-04
cx288d13e1b63563459a2ac6179f237711f6851cb5,cxa0af3165c08318e988cb30993b3048335b94af6c,hxd75467e3e4ce64e3424c747dfb71503017440433,0x6b3f58c87949c4,0xc2d222ae63f611786ba130dc70797bc89a43e250b2627fb32fb88b8216a10ff1,1,94217405,0.03018747306110407,1741115617003074,Ethereum,0.056400425,ETH,0,1,2025-03-04
cx88fd7df7ddff82f7cc735c871dc519838cb235bb,hxd75467e3e4ce64e3424c747dfb71503017440433,cxa0af3165c08318e988cb30993b3048335b94af6c,0x38318c46a369b4000,0xc2d222ae63f611786ba130dc70797bc89a43e250b2627fb32fb88b8216a10ff1,0,94217405,64.7867484,1741115617003074,Balanced Dollar,0.056400425,bnUSD,0,1,2025-03-04
cx07b184a37f03c6ab681fcbd0b45aec6dc3eafbeb,cx21e94c08c03daee80c25d8ee3ea22a20786ec231,hx970eda4988e547df0de8324226fdf3e8ebc9734f,0x11c37937e08001,0x77d16c99759b35afc067394abe4ea0ce0d67b552bf33dd6a70164cf5ff2e915c,5,94217402,0.005000000000000001,1741115610999224,Bitcoin,0.085998825,BTC,0,1,2025-03-04
cx88fd7df7ddff82f7cc735c871dc519838cb235bb,cxa0af3165c08318e988cb30993b3048335b94af6c,cx5faae53c4dbd1fbe4a2eb4aab6565030f10da5c6,0x911f7feb5181ece,0x77d16c99759b35afc067394abe4ea0ce0d67b552bf33dd6a70164cf5ff2e915c,3,94217402,0.6535760942774432,1741115610999224,Balanced Dollar,0.085998825,bnUSD,0,1,2025-03-04
cx07b184a37f03c6ab681fcbd0b45aec6dc3eafbeb,cxa0af3165c08318e988cb30993b3048335b94af6c,cx21e94c08c03daee80c25d8ee3ea22a20786ec231,0x11c37937e08001,0x77d16c99759b35afc067394abe4ea0ce0d67b552bf33dd6a70164cf5ff2e915c,2,94217402,0.005000000000000001,1741115610999224,Bitcoin,0.085998825,BTC,0,1,2025-03-04
cx88fd7df7ddff82f7cc735c871dc519838cb235bb,cx21e94c08c03daee80c25d8ee3ea22a20786ec231,cxa0af3165c08318e988cb30993b3048335b94af6c,0x179ecb274ceed039cc,0x77d16c99759b35afc067394abe4ea0ce0d67b552bf33dd6a70164cf5ff2e915c,1,94217402,435.7173961849622,1741115610999224,Balanced Dollar,0.085998825,bnUSD,0,1,2025-03-04
cx88fd7df7ddff82f7cc735c871dc519838cb235bb,hx970eda4988e547df0de8324226fdf3e8ebc9734f,cx21e94c08c03daee80c25d8ee3ea22a20786ec231,0x179ecb274ceed039cc,0x77d16c99759b35afc067394abe4ea0ce0d67b552bf33dd6a70164cf5ff2e915c,0,94217402,435.7173961849622,1741115610999224,Balanced Dollar,0.085998825,bnUSD,0,1,2025-03-04
cx88fd7df7ddff82f7cc735c871dc519838cb235bb,cxa0af3165c08318e988cb30993b3048335b94af6c,cx5faae53c4dbd1fbe4a2eb4aab6565030f10da5c6,0xed39d5d254900c,0x41d6863df1a9f5e4c049223f32e199a6bbfcac8ba24420e576833a506d5e8fdc,2,94217396,0.06677316000000001,1741115598991413,Balanced Dollar,0.0563627125,bnUSD,0,1,2025-03-04
cx4297f4b63262507623b6ad575d0d8dd2db980e4e,cxa0af3165c08318e988cb30993b3048335b94af6c,hxd75467e3e4ce64e3424c747dfb71503017440433,0x37a3c8184b7cfe5c,0x41d6863df1a9f5e4c049223f32e199a6bbfcac8ba24420e576833a506d5e8fdc,1,94217396,4.009268099961126,1741115598991413,Injective,0.0563627125,INJ,0,1,2025-03-04
cx88fd7df7ddff82f7cc735c871dc519838cb235bb,hxd75467e3e4ce64e3424c747dfb71503017440433,cxa0af3165c08318e988cb30993b3048335b94af6c,0x269c69cd3bc372000,0x41d6863df1a9f5e4c049223f32e199a6bbfcac8ba24420e576833a506d5e8fdc,0,94217396,44.515440000000005,1741115598991413,Balanced Dollar,0.0563627125,bnUSD,0,1,2025-03-04
cx88fd7df7ddff82f7cc735c871dc519838cb235bb,cxa0af3165c08318e988cb30993b3048335b94af6c,cx5faae53c4dbd1fbe4a2eb4aab6565030f10da5c6,0x1585b06822722ed,0x5bc1f55b94f79d4788c3c1e2ce3cc0105a7d7514d458b3312609d3351cc047ff,2,94217376,0.09692747549999998,1741115558978399,Balanced Dollar,0.056400425,bnUSD,0,1,2025-03-04
cx288d13e1b63563459a2ac6179f237711f6851cb5,cxa0af3165c08318e988cb30993b3048335b94af6c,hxd75467e3e4ce64e3424c747dfb71503017440433,0x6affdaa8d0bf56,0x5bc1f55b94f79d4788c3c1e2ce3cc0105a7d7514d458b3312609d3351cc047ff,1,94217376,0.030117662131535702,1741115558978399,Ethereum,0.056400425,ETH,0,1,2025-03-04
cx88fd7df7ddff82f7cc735c871dc519838cb235bb,hxd75467e3e4ce64e3424c747dfb71503017440433,cxa0af3165c08318e988cb30993b3048335b94af6c,0x380c260f2f095a000,0x5bc1f55b94f79d4788c3c1e2ce3cc0105a7d7514d458b3312609d3351cc047ff,0,94217376,64.61831699999999,1741115558978399,Balanced Dollar,0.056400425,bnUSD,0,1,2025-03-04
cx88fd7df7ddff82f7cc735c871dc519838cb235bb,cx21e94c08c03daee80c25d8ee3ea22a20786ec231,hx7497c286aa521b09b2b54d78cde3fa4573c0e157,0x3dea56f7247b258f1,0x0224d24cc9f3455757683bdd995122a1f51fa942f322170011dacc2feba5823a,13,94217367,71.38358400532574,1741115541247585,Balanced Dollar,0.2235188875,bnUSD,0,1,2025-03-04
cx88fd7df7ddff82f7cc735c871dc519838cb235bb,cxa0af3165c08318e988cb30993b3048335b94af6c,cx5faae53c4dbd1fbe4a2eb4aab6565030f10da5c6,0x17d8568c9012f2c,0x0224d24cc9f3455757683bdd995122a1f51fa942f322170011dacc2feba5823a,11,94217367,0.10738865122215095,1741115541247585,Balanced Dollar,0.2235188875,bnUSD,0,1,2025-03-04
cx88fd7df7ddff82f7cc735c871dc519838cb235bb,cxa0af3165c08318e988cb30993b3048335b94af6c,cx21e94c08c03daee80c25d8ee3ea22a20786ec231,0x3dea56f7247b258f1,0x0224d24cc9f3455757683bdd995122a1f51fa942f322170011dacc2feba5823a,10,94217367,71.38358400532574,1741115541247585,Balanced Dollar,0.2235188875,bnUSD,0,1,2025-03-04
cx2609b924e33ef00b648a409245c7ea394c467824,cx21e94c08c03daee80c25d8ee3ea22a20786ec231,cxa0af3165c08318e988cb30993b3048335b94af6c,0x1b4405df78186087a3,0x0224d24cc9f3455757683bdd995122a1f51fa942f322170011dacc2feba5823a,9,94217367,502.9636594665186,1741115541247585,Staked ICX,0.2235188875,sICX,0,1,2025-03-04
cx2609b924e33ef00b648a409245c7ea394c467824,cxa0af3165c08318e988cb30993b3048335b94af6c,cx5faae53c4dbd1fbe4a2eb4aab6565030f10da5c6,0xa7f497a980d4ed3,0x0224d24cc9f3455757683bdd995122a1f51fa942f322170011dacc2feba5823a,7,94217367,0.7564040533073794,1741115541247585,Staked ICX,0.2235188875,sICX,0,1,2025-03-04
cx2609b924e33ef00b648a409245c7ea394c467824,cxa0af3165c08318e988cb30993b3048335b94af6c,cx21e94c08c03daee80c25d8ee3ea22a20786ec231,0x1b4405df78186087a3,0x0224d24cc9f3455757683bdd995122a1f51fa942f322170011dacc2feba5823a,6,94217367,502.9636594665186,1741115541247585,Staked ICX,0.2235188875,sICX,0,1,2025-03-04
cxf61cd5a45dc9f91c15aa65831a30a90d59a09619,cx21e94c08c03daee80c25d8ee3ea22a20786ec231,cxa0af3165c08318e988cb30993b3048335b94af6c,0x2122cd82227b50c355,0x0224d24cc9f3455757683bdd995122a1f51fa942f322170011dacc2feba5823a,5,94217367,611.2503580845398,1741115541247585,Balance Token,0.2235188875,BALN,0,1,2025-03-04
cx88fd7df7ddff82f7cc735c871dc519838cb235bb,cxa0af3165c08318e988cb30993b3048335b94af6c,cx5faae53c4dbd1fbe4a2eb4aab6565030f10da5c6,0x17bcff9d3d78f74,0x0224d24cc9f3455757683bdd995122a1f51fa942f322170011dacc2feba5823a,3,94217367,0.1069076880812645,1741115541247585,Balanced Dollar,0.2235188875,bnUSD,0,1,2025-03-04
cxf61cd5a45dc9f91c15aa65831a30a90d59a09619,cxa0af3165c08318e988cb30993b3048335b94af6c,cx21e94c08c03daee80c25d8ee3ea22a20786ec231,0x2122cd82227b50c355,0x0224d24cc9f3455757683bdd995122a1f51fa942f322170011dacc2feba5823a,2,94217367,611.2503580845398,1741115541247585,Balance Token,0.2235188875,BALN,0,1,2025-03-04
cx88fd7df7ddff82f7cc735c871dc519838cb235bb,cx21e94c08c03daee80c25d8ee3ea22a20786ec231,cxa0af3165c08318e988cb30993b3048335b94af6c,0x3dd18454256b04000,0x0224d24cc9f3455757683bdd995122a1f51fa942f322170011dacc2feba5823a,1,94217367,71.27179205417633,1741115541247585,Balanced Dollar,0.2235188875,bnUSD,0,1,2025-03-04
cx88fd7df7ddff82f7cc735c871dc519838cb235bb,hx7497c286aa521b09b2b54d78cde3fa4573c0e157,cx21e94c08c03daee80c25d8ee3ea22a20786ec231,0x3dd18454256b04000,0x0224d24cc9f3455757683bdd995122a1f51fa942f322170011dacc2feba5823a,0,94217367,71.27179205417633,1741115541247585,Balanced Dollar,0.2235188875,bnUSD,0,1,2025-03-04
cx518f64edcd35db9044a2de63fdc10abfd5f7d611,cx21e94c08c03daee80c25d8ee3ea22a20786ec231,hxd75467e3e4ce64e3424c747dfb71503017440433,0xef79f289,0x72a9eec114645d36727d660994b641bd8720ab76647af1b1d074669b4ed24c6a,9,94217366,401.7746569,1741115538988185,Stellar,0.1691909125,XLM,0,1,2025-03-04
cx2609b924e33ef00b648a409245c7ea394c467824,cxa0af3165c08318e988cb30993b3048335b94af6c,cx5faae53c4dbd1fbe4a2eb4aab6565030f10da5c6,0x1159bfff6339dd49,0x72a9eec114645d36727d660994b641bd8720ab76647af1b1d074669b4ed24c6a,7,94217366,1.2502414751743256,1741115538988185,Staked ICX,0.1691909125,sICX,0,1,2025-03-04
cx518f64edcd35db9044a2de63fdc10abfd5f7d611,cxa0af3165c08318e988cb30993b3048335b94af6c,cx21e94c08c03daee80c25d8ee3ea22a20786ec231,0xef79f289,0x72a9eec114645d36727d660994b641bd8720ab76647af1b1d074669b4ed24c6a,6,94217366,401.7746569,1741115538988185,Stellar,0.1691909125,XLM,0,1,2025-03-04
cx2609b924e33ef00b648a409245c7ea394c467824,cx21e94c08c03daee80c25d8ee3ea22a20786ec231,cxa0af3165c08318e988cb30993b3048335b94af6c,0x2d2f0ea91266b04419,0x72a9eec114645d36727d660994b641bd8720ab76647af1b1d074669b4ed24c6a,5,94217366,833.4943167828837,1741115538988185,Staked ICX,0.1691909125,sICX,0,1,2025-03-04
cx88fd7df7ddff82f7cc735c871dc519838cb235bb,cxa0af3165c08318e988cb30993b3048335b94af6c,cx5faae53c4dbd1fbe4a2eb4aab6565030f10da5c6,0x27a2a013a89d018,0x72a9eec114645d36727d660994b641bd8720ab76647af1b1d074669b4ed24c6a,3,94217366,0.17850132000000002,1741115538988185,Balanced Dollar,0.1691909125,bnUSD,0,1,2025-03-04
cx2609b924e33ef00b648a409245c7ea394c467824,cxa0af3165c08318e988cb30993b3048335b94af6c,cx21e94c08c03daee80c25d8ee3ea22a20786ec231,0x2d2f0ea91266b04419,0x72a9eec114645d36727d660994b641bd8720ab76647af1b1d074669b4ed24c6a,2,94217366,833.4943167828837,1741115538988185,Staked ICX,0.1691909125,sICX,0,1,2025-03-04
cx88fd7df7ddff82f7cc735c871dc519838cb235bb,cx21e94c08c03daee80c25d8ee3ea22a20786ec231,cxa0af3165c08318e988cb30993b3048335b94af6c,0x673780dddc6e34000,0x72a9eec114645d36727d660994b641bd8720ab76647af1b1d074669b4ed24c6a,1,94217366,119.00088000000001,1741115538988185,Balanced Dollar,0.1691909125,bnUSD,0,1,2025-03-04
cx88fd7df7ddff82f7cc735c871dc519838cb235bb,hxd75467e3e4ce64e3424c747dfb71503017440433,cx21e94c08c03daee80c25d8ee3ea22a20786ec231,0x673780dddc6e34000,0x72a9eec114645d36727d660994b641bd8720ab76647af1b1d074669b4ed24c6a,0,94217366,119.00088000000001,1741115538988185,Balanced Dollar,0.1691909125,bnUSD,0,1,2025-03-04
cx88fd7df7ddff82f7cc735c871dc519838cb235bb,cxa0af3165c08318e988cb30993b3048335b94af6c,cx5faae53c4dbd1fbe4a2eb4aab6565030f10da5c6,0x1583916fae76c6a,0xb1722a3e4eb2b39cad652c328fd2389fe56897296188ffd17c948096e43a664b,2,94217354,0.09689016284999998,1741115514968202,Balanced Dollar,0.056400425,bnUSD,0,1,2025-03-04
cx288d13e1b63563459a2ac6179f237711f6851cb5,cxa0af3165c08318e988cb30993b3048335b94af6c,hxd75467e3e4ce64e3424c747dfb71503017440433,0x6afd2ef08a0b94,0xb1722a3e4eb2b39cad652c328fd2389fe56897296188ffd17c948096e43a664b,1,94217354,0.03011472557723125,1741115514968202,Ethereum,0.056400425,ETH,0,1,2025-03-04
cx88fd7df7ddff82f7cc735c871dc519838cb235bb,hxd75467e3e4ce64e3424c747dfb71503017440433,cxa0af3165c08318e988cb30993b3048335b94af6c,0x3806a012d65550000,0xb1722a3e4eb2b39cad652c328fd2389fe56897296188ffd17c948096e43a664b,0,94217354,64.59344189999999,1741115514968202,Balanced Dollar,0.056400425,bnUSD,0,1,2025-03-04
cx88fd7df7ddff82f7cc735c871dc519838cb235bb,cxa0af3165c08318e988cb30993b3048335b94af6c,cx5faae53c4dbd1fbe4a2eb4aab6565030f10da5c6,0x1586a8fee56d00c,0xb7952018cfa751ff1c500bf0965fe1b20c1c07a56d412d180f00299894cfac3e,2,94217338,0.0969445584,1741115482958504,Balanced Dollar,0.056400425,bnUSD,0,1,2025-03-04
cx288d13e1b63563459a2ac6179f237711f6851cb5,cxa0af3165c08318e988cb30993b3048335b94af6c,hxd75467e3e4ce64e3424c747dfb71503017440433,0x6b147140c491a2,0xb7952018cfa751ff1c500bf0965fe1b20c1c07a56d412d180f00299894cfac3e,1,94217338,0.03014029915852432,1741115482958504,Ethereum,0.056400425,ETH,0,1,2025-03-04
cx88fd7df7ddff82f7cc735c871dc519838cb235bb,hxd75467e3e4ce64e3424c747dfb71503017440433,cxa0af3165c08318e988cb30993b3048335b94af6c,0x380ead6d202132000,0xb7952018cfa751ff1c500bf0965fe1b20c1c07a56d412d180f00299894cfac3e,0,94217338,64.62970560000001,1741115482958504,Balanced Dollar,0.056400425,bnUSD,0,1,2025-03-04
cx88fd7df7ddff82f7cc735c871dc519838cb235bb,cxa0af3165c08318e988cb30993b3048335b94af6c,cx5faae53c4dbd1fbe4a2eb4aab6565030f10da5c6,0x1588e2222a90476,0x772aab21cf937529ae625bd33b8dcfb7d269c37eba960dd848a958fd3bbd72c7,2,94217319,0.09698366924999999,1741115445171539,Balanced Dollar,0.056400425,bnUSD,0,1,2025-03-04
cx288d13e1b63563459a2ac6179f237711f6851cb5,cxa0af3165c08318e988cb30993b3048335b94af6c,hxd75467e3e4ce64e3424c747dfb71503017440433,0x6b2764ef746191,0x772aab21cf937529ae625bd33b8dcfb7d269c37eba960dd848a958fd3bbd72c7,1,94217319,0.03016113697563483,1741115445171539,Ethereum,0.056400425,ETH,0,1,2025-03-04
cx88fd7df7ddff82f7cc735c871dc519838cb235bb,hxd75467e3e4ce64e3424c747dfb71503017440433,cxa0af3165c08318e988cb30993b3048335b94af6c,0x3814778e4ed7ba000,0x772aab21cf937529ae625bd33b8dcfb7d269c37eba960dd848a958fd3bbd72c7,0,94217319,64.6557795,1741115445171539,Balanced Dollar,0.056400425,bnUSD,0,1,2025-03-04
cxd17316e24ee40f2ef8ed6f3a497311db1b35206d,hxbb3d79d08eba2185883c28e9eef53ea359a33246,hxbb3d79d08eba2185883c28e9eef53ea359a33246,0x0,0x9a6949b724527d324022b0d4090610b7863f2917ac4b2788bb3142f47cc182a0,4,94217306,0.0,1741115418934777,unknown_token,0.0188323875,$unknown,34,1,2025-03-04
cx7baf94bd53b505353285ee4c4c050f9703581703,hxbb3d79d08eba2185883c28e9eef53ea359a33246,hx0000000000000000000000000000000000000000,0x0,0x9a6949b724527d324022b0d4090610b7863f2917ac4b2788bb3142f47cc182a0,2,94217306,0.0,1741115418934777,unknown_token,0.0188323875,$unknown,4,1,2025-03-04
cx7baf94bd53b505353285ee4c4c050f9703581703,hxbb3d79d08eba2185883c28e9eef53ea359a33246,hx0000000000000000000000000000000000000000,0x0,0x9a6949b724527d324022b0d4090610b7863f2917ac4b2788bb3142f47cc182a0,0,94217306,0.0,1741115418934777,unknown_token,0.0188323875,$unknown,12,1,2025-03-04
cx88fd7df7ddff82f7cc735c871dc519838cb235bb,cxa0af3165c08318e988cb30993b3048335b94af6c,cx5faae53c4dbd1fbe4a2eb4aab6565030f10da5c6,0x159242faa09ad12,0x869541149959e6833ba771d66d3a606bfd0a194107d98ed7c61d12e9c637979d,2,94217304,0.09714865410000002,1741115414932070,Balanced Dollar,0.056400425,bnUSD,0,1,2025-03-04
cx288d13e1b63563459a2ac6179f237711f6851cb5,cxa0af3165c08318e988cb30993b3048335b94af6c,hxd75467e3e4ce64e3424c747dfb71503017440433,0x6b5dfa37aafcf2,0x869541149959e6833ba771d66d3a606bfd0a194107d98ed7c61d12e9c637979d,1,94217304,0.030221151765200113,1741115414932070,Ethereum,0.056400425,ETH,0,1,2025-03-04
cx88fd7df7ddff82f7cc735c871dc519838cb235bb,hxd75467e3e4ce64e3424c747dfb71503017440433,cxa0af3165c08318e988cb30993b3048335b94af6c,0x382ce3c2023dd6000,0x869541149959e6833ba771d66d3a606bfd0a194107d98ed7c61d12e9c637979d,0,94217304,64.76576940000001,1741115414932070,Balanced Dollar,0.056400425,bnUSD,0,1,2025-03-04
cx88fd7df7ddff82f7cc735c871dc519838cb235bb,cxa0af3165c08318e988cb30993b3048335b94af6c,cx5faae53c4dbd1fbe4a2eb4aab6565030f10da5c6,0xed39d5d254900c,0x5aa3e5dcd7c7be63bd884653970bd747d27cb29a3ae6e1a85a4ad477425d1b29,2,94217298,0.06677316000000001,1741115402926631,Balanced Dollar,0.0563627125,bnUSD,0,1,2025-03-04
cx4297f4b63262507623b6ad575d0d8dd2db980e4e,cxa0af3165c08318e988cb30993b3048335b94af6c,hxd75467e3e4ce64e3424c747dfb71503017440433,0x37aa9bc1042e030c,0x5aa3e5dcd7c7be63bd884653970bd747d27cb29a3ae6e1a85a4ad477425d1b29,1,94217298,4.011189671427966,1741115402926631,Injective,0.0563627125,INJ,0,1,2025-03-04
cx88fd7df7ddff82f7cc735c871dc519838cb235bb,hxd75467e3e4ce64e3424c747dfb71503017440433,cxa0af3165c08318e988cb30993b3048335b94af6c,0x269c69cd3bc372000,0x5aa3e5dcd7c7be63bd884653970bd747d27cb29a3ae6e1a85a4ad477425d1b29,0,94217298,44.515440000000005,1741115402926631,Balanced Dollar,0.0563627125,bnUSD,0,1,2025-03-04
cx7baf94bd53b505353285ee4c4c050f9703581703,hx5f75e7ea5a055f6700716a2487b44261ed02dd72,hx0000000000000000000000000000000000000000,0x0,0xb39ea1429f6a97454773a2d14c0f0b187a76378bd7ee0b0db284358911b98ef4,6,94217297,0.0,1741115401212477,unknown_token,0.0636950625,$unknown,22,1,2025-03-04
cx7baf94bd53b505353285ee4c4c050f9703581703,hx5f75e7ea5a055f6700716a2487b44261ed02dd72,hx0000000000000000000000000000000000000000,0x0,0xb39ea1429f6a97454773a2d14c0f0b187a76378bd7ee0b0db284358911b98ef4,5,94217297,0.0,1741115401212477,unknown_token,0.0636950625,$unknown,1,1,2025-03-04
cx7baf94bd53b505353285ee4c4c050f9703581703,hx5f75e7ea5a055f6700716a2487b44261ed02dd72,hx0000000000000000000000000000000000000000,0x0,0xb39ea1429f6a97454773a2d14c0f0b187a76378bd7ee0b0db284358911b98ef4,4,94217297,0.0,1741115401212477,unknown_token,0.0636950625,$unknown,31,1,2025-03-04
cx53f8ccd5426534f82cf10cb742de033e51da72fc,hx5f75e7ea5a055f6700716a2487b44261ed02dd72,hx0000000000000000000000000000000000000000,0x0,0xb39ea1429f6a97454773a2d14c0f0b187a76378bd7ee0b0db284358911b98ef4,0,94217297,0.0,1741115401212477,unknown_token,0.0636950625,$unknown,5,1,2025-03-04
cx07b184a37f03c6ab681fcbd0b45aec6dc3eafbeb,cx21e94c08c03daee80c25d8ee3ea22a20786ec231,hx970eda4988e547df0de8324226fdf3e8ebc9734f,0x2386f26fc10001,0xfdf53fdd1640def97a6ac5042876ecf72a0c9436544764c2ecde30f30595ad85,5,94217288,0.01,1741115382920187,Bitcoin,0.0860003875,BTC,0,1,2025-03-04
cx88fd7df7ddff82f7cc735c871dc519838cb235bb,cxa0af3165c08318e988cb30993b3048335b94af6c,cx5faae53c4dbd1fbe4a2eb4aab6565030f10da5c6,0x12193d1eae3a46a9,0xfdf53fdd1640def97a6ac5042876ecf72a0c9436544764c2ecde30f30595ad85,3,94217288,1.3041407690818372,1741115382920187,Balanced Dollar,0.0860003875,bnUSD,0,1,2025-03-04
cx07b184a37f03c6ab681fcbd0b45aec6dc3eafbeb,cxa0af3165c08318e988cb30993b3048335b94af6c,cx21e94c08c03daee80c25d8ee3ea22a20786ec231,0x2386f26fc10001,0xfdf53fdd1640def97a6ac5042876ecf72a0c9436544764c2ecde30f30595ad85,2,94217288,0.01,1741115382920187,Bitcoin,0.0860003875,BTC,0,1,2025-03-04
cx88fd7df7ddff82f7cc735c871dc519838cb235bb,cx21e94c08c03daee80c25d8ee3ea22a20786ec231,cxa0af3165c08318e988cb30993b3048335b94af6c,0x2f21b9d53b0d1802fd,0xfdf53fdd1640def97a6ac5042876ecf72a0c9436544764c2ecde30f30595ad85,1,94217288,869.4271793878914,1741115382920187,Balanced Dollar,0.0860003875,bnUSD,0,1,2025-03-04
cx88fd7df7ddff82f7cc735c871dc519838cb235bb,hx970eda4988e547df0de8324226fdf3e8ebc9734f,cx21e94c08c03daee80c25d8ee3ea22a20786ec231,0x2f21b9d53b0d1802fd,0xfdf53fdd1640def97a6ac5042876ecf72a0c9436544764c2ecde30f30595ad85,0,94217288,869.4271793878914,1741115382920187,Balanced Dollar,0.0860003875,bnUSD,0,1,2025-03-04
cx88fd7df7ddff82f7cc735c871dc519838cb235bb,cxa0af3165c08318e988cb30993b3048335b94af6c,cx5faae53c4dbd1fbe4a2eb4aab6565030f10da5c6,0x1594413d8f24600,0x5b624387ced3eb68118b5485595a7acc4746372e70352730fc7a4dbf21649ac2,2,94217282,0.097183719,1741115371106084,Balanced Dollar,0.056400425,bnUSD,0,1,2025-03-04
cx288d13e1b63563459a2ac6179f237711f6851cb5,cxa0af3165c08318e988cb30993b3048335b94af6c,hxd75467e3e4ce64e3424c747dfb71503017440433,0x6b6fd4a09f6880,0x5b624387ced3eb68118b5485595a7acc4746372e70352730fc7a4dbf21649ac2,1,94217282,0.030240781526591615,1741115371106084,Ethereum,0.056400425,ETH,0,1,2025-03-04
cx88fd7df7ddff82f7cc735c871dc519838cb235bb,hxd75467e3e4ce64e3424c747dfb71503017440433,cxa0af3165c08318e988cb30993b3048335b94af6c,0x383214904f6eba000,0x5b624387ced3eb68118b5485595a7acc4746372e70352730fc7a4dbf21649ac2,0,94217282,64.789146,1741115371106084,Balanced Dollar,0.056400425,bnUSD,0,1,2025-03-04
cx2609b924e33ef00b648a409245c7ea394c467824,cx43e2eec79eb76293c298f2b17aec06097be606e0,hx0000000000000000000000000000000000000000,0xde0b6b3a7640000,0x97261e42e78f19f2fd19ba6754705249922f04355ce6c56db4ec16ed7c8037aa,1,94217280,1.0,1741115366915902,Staked ICX,0.0895785375,sICX,0,1,2025-03-04
cx2609b924e33ef00b648a409245c7ea394c467824,hx970eda4988e547df0de8324226fdf3e8ebc9734f,cx43e2eec79eb76293c298f2b17aec06097be606e0,0xde0b6b3a7640000,0x97261e42e78f19f2fd19ba6754705249922f04355ce6c56db4ec16ed7c8037aa,0,94217280,1.0,1741115366915902,Staked ICX,0.0895785375,sICX,0,1,2025-03-04
cx88fd7df7ddff82f7cc735c871dc519838cb235bb,cxa0af3165c08318e988cb30993b3048335b94af6c,cx5faae53c4dbd1fbe4a2eb4aab6565030f10da5c6,0xed39d5d254900c,0x3eb86bbd3a58617c9fe7c96c4e94d510f0322d6641f86304d89fe010a49f17d3,2,94217277,0.06677316000000001,1741115360913276,Balanced Dollar,0.0563627125,bnUSD,0,1,2025-03-04
cx4297f4b63262507623b6ad575d0d8dd2db980e4e,cxa0af3165c08318e988cb30993b3048335b94af6c,hxd75467e3e4ce64e3424c747dfb71503017440433,0x37b170ab8ade5f8e,0x3eb86bbd3a58617c9fe7c96c4e94d510f0322d6641f86304d89fe010a49f17d3,1,94217277,4.013112625035371,1741115360913276,Injective,0.0563627125,INJ,0,1,2025-03-04
cx88fd7df7ddff82f7cc735c871dc519838cb235bb,hxd75467e3e4ce64e3424c747dfb71503017440433,cxa0af3165c08318e988cb30993b3048335b94af6c,0x269c69cd3bc372000,0x3eb86bbd3a58617c9fe7c96c4e94d510f0322d6641f86304d89fe010a49f17d3,0,94217277,44.515440000000005,1741115360913276,Balanced Dollar,0.0563627125,bnUSD,0,1,2025-03-04
cx2609b924e33ef00b648a409245c7ea394c467824,cx21e94c08c03daee80c25d8ee3ea22a20786ec231,hx970eda4988e547df0de8324226fdf3e8ebc9734f,0xde0b6b3a7640004,0xb5cf4577d425ef2a10786a77b19c3d6378012e734b6fa5d753742c85949d6f1e,6,94217274,1.0,1741115354909899,Staked ICX,0.1726851625,sICX,0,1,2025-03-04
cx88fd7df7ddff82f7cc735c871dc519838cb235bb,cxa0af3165c08318e988cb30993b3048335b94af6c,cx5faae53c4dbd1fbe4a2eb4aab6565030f10da5c6,0xc2c030eff36b,0xb5cf4577d425ef2a10786a77b19c3d6378012e734b6fa5d753742c85949d6f1e,3,94217274,0.000214130710541163,1741115354909899,Balanced Dollar,0.1726851625,bnUSD,0,1,2025-03-04
cx2609b924e33ef00b648a409245c7ea394c467824,cxa0af3165c08318e988cb30993b3048335b94af6c,cx21e94c08c03daee80c25d8ee3ea22a20786ec231,0xde0b6b3a7640004,0xb5cf4577d425ef2a10786a77b19c3d6378012e734b6fa5d753742c85949d6f1e,2,94217274,1.0,1741115354909899,Staked ICX,0.1726851625,sICX,0,1,2025-03-04
cx88fd7df7ddff82f7cc735c871dc519838cb235bb,cx21e94c08c03daee80c25d8ee3ea22a20786ec231,cxa0af3165c08318e988cb30993b3048335b94af6c,0x1fb29d4c63491a2,0xb5cf4577d425ef2a10786a77b19c3d6378012e734b6fa5d753742c85949d6f1e,1,94217274,0.1427538070274421,1741115354909899,Balanced Dollar,0.1726851625,bnUSD,0,1,2025-03-04
cx88fd7df7ddff82f7cc735c871dc519838cb235bb,hx970eda4988e547df0de8324226fdf3e8ebc9734f,cx21e94c08c03daee80c25d8ee3ea22a20786ec231,0x1fb29d4c63491a2,0xb5cf4577d425ef2a10786a77b19c3d6378012e734b6fa5d753742c85949d6f1e,0,94217274,0.1427538070274421,1741115354909899,Balanced Dollar,0.1726851625,bnUSD,0,1,2025-03-04
cx88fd7df7ddff82f7cc735c871dc519838cb235bb,cxa0af3165c08318e988cb30993b3048335b94af6c,cx5faae53c4dbd1fbe4a2eb4aab6565030f10da5c6,0x1b049ad9fe8b000,0x8d9f4e64c69a6a210f0ce00ad04ec55f10770b8815a1fe51b316c8dbc9c9d910,2,94217266,0.1216782,1741115338903513,Balanced Dollar,0.056310275,bnUSD,0,1,2025-03-04
cx66a031cc3bd305c76371fb586e93801b948254f0,cxa0af3165c08318e988cb30993b3048335b94af6c,hxd75467e3e4ce64e3424c747dfb71503017440433,0x37b481c8c4e014c0,0x8d9f4e64c69a6a210f0ce00ad04ec55f10770b8815a1fe51b316c8dbc9c9d910,1,94217266,4.013975867190417,1741115338903513,Avalanche,0.056310275,AVAX,0,1,2025-03-04
cx88fd7df7ddff82f7cc735c871dc519838cb235bb,hxd75467e3e4ce64e3424c747dfb71503017440433,cxa0af3165c08318e988cb30993b3048335b94af6c,0x465bfded06df50000,0x8d9f4e64c69a6a210f0ce00ad04ec55f10770b8815a1fe51b316c8dbc9c9d910,0,94217266,81.1188,1741115338903513,Balanced Dollar,0.056310275,bnUSD,0,1,2025-03-04
cx88fd7df7ddff82f7cc735c871dc519838cb235bb,cxa0af3165c08318e988cb30993b3048335b94af6c,cx5faae53c4dbd1fbe4a2eb4aab6565030f10da5c6,0xed7059b0bcf800,0xa45ebee28da62433843449e43fce329b41f07847752befe71b544029e1925484,2,94217259,0.0668331,1741115324898640,Balanced Dollar,0.0563627125,bnUSD,0,1,2025-03-04
cx4297f4b63262507623b6ad575d0d8dd2db980e4e,cxa0af3165c08318e988cb30993b3048335b94af6c,hxd75467e3e4ce64e3424c747dfb71503017440433,0x37c515992b538050,0xa45ebee28da62433843449e43fce329b41f07847752befe71b544029e1925484,1,94217259,4.018641990099108,1741115324898640,Injective,0.0563627125,INJ,0,1,2025-03-04
cx88fd7df7ddff82f7cc735c871dc519838cb235bb,hxd75467e3e4ce64e3424c747dfb71503017440433,cxa0af3165c08318e988cb30993b3048335b94af6c,0x26a54943c41708000,0xa45ebee28da62433843449e43fce329b41f07847752befe71b544029e1925484,0,94217259,44.5554,1741115324898640,Balanced Dollar,0.0563627125,bnUSD,0,1,2025-03-04
cx88fd7df7ddff82f7cc735c871dc519838cb235bb,cxa0af3165c08318e988cb30993b3048335b94af6c,cx5faae53c4dbd1fbe4a2eb4aab6565030f10da5c6,0x15925d2571c2b06,0x1f28ebd761ca6f01efacd54016ec9e63530d0a4cb736b61ee2af27b74280140b,2,94217254,0.09715045230000001,1741115314894777,Balanced Dollar,0.056400425,bnUSD,0,2,2025-03-04
cx288d13e1b63563459a2ac6179f237711f6851cb5,cxa0af3165c08318e988cb30993b3048335b94af6c,hxd75467e3e4ce64e3424c747dfb71503017440433,0x6b6e595558817a,0x1f28ebd761ca6f01efacd54016ec9e63530d0a4cb736b61ee2af27b74280140b,1,94217254,0.03023915247104857,1741115314894777,Ethereum,0.056400425,ETH,0,2,2025-03-04
cx88fd7df7ddff82f7cc735c871dc519838cb235bb,hxd75467e3e4ce64e3424c747dfb71503017440433,cxa0af3165c08318e988cb30993b3048335b94af6c,0x382d27e6d84056000,0x1f28ebd761ca6f01efacd54016ec9e63530d0a4cb736b61ee2af27b74280140b,0,94217254,64.76696820000001,1741115314894777,Balanced Dollar,0.056400425,bnUSD,0,2,2025-03-04
cx518f64edcd35db9044a2de63fdc10abfd5f7d611,cx21e94c08c03daee80c25d8ee3ea22a20786ec231,hxd75467e3e4ce64e3424c747dfb71503017440433,0xefca2cb7,0x4697a1a68e0b190b25e132562a8c02ff1b49772e90a084f341ca500fcbba14f0,9,94217243,402.3004343,1741115292890216,Stellar,0.1691909125,XLM,0,1,2025-03-04
cx2609b924e33ef00b648a409245c7ea394c467824,cxa0af3165c08318e988cb30993b3048335b94af6c,cx5faae53c4dbd1fbe4a2eb4aab6565030f10da5c6,0x115383aa4ed3f0a6,0x4697a1a68e0b190b25e132562a8c02ff1b49772e90a084f341ca500fcbba14f0,7,94217243,1.2484862892019508,1741115292890216,Staked ICX,0.1691909125,sICX,0,1,2025-03-04
cx518f64edcd35db9044a2de63fdc10abfd5f7d611,cxa0af3165c08318e988cb30993b3048335b94af6c,cx21e94c08c03daee80c25d8ee3ea22a20786ec231,0xefca2cb7,0x4697a1a68e0b190b25e132562a8c02ff1b49772e90a084f341ca500fcbba14f0,6,94217243,402.3004343,1741115292890216,Stellar,0.1691909125,XLM,0,1,2025-03-04
cx2609b924e33ef00b648a409245c7ea394c467824,cx21e94c08c03daee80c25d8ee3ea22a20786ec231,cxa0af3165c08318e988cb30993b3048335b94af6c,0x2d1ed18b829d42b2a2,0x4697a1a68e0b190b25e132562a8c02ff1b49772e90a084f341ca500fcbba14f0,5,94217243,832.3241928013006,1741115292890216,Staked ICX,0.1691909125,sICX,0,1,2025-03-04
cx88fd7df7ddff82f7cc735c871dc519838cb235bb,cxa0af3165c08318e988cb30993b3048335b94af6c,cx5faae53c4dbd1fbe4a2eb4aab6565030f10da5c6,0x279196de27fc800,0x4697a1a68e0b190b25e132562a8c02ff1b49772e90a084f341ca500fcbba14f0,3,94217243,0.17820162,1741115292890216,Balanced Dollar,0.1691909125,bnUSD,0,1,2025-03-04
cx2609b924e33ef00b648a409245c7ea394c467824,cxa0af3165c08318e988cb30993b3048335b94af6c,cx21e94c08c03daee80c25d8ee3ea22a20786ec231,0x2d1ed18b829d42b2a2,0x4697a1a68e0b190b25e132562a8c02ff1b49772e90a084f341ca500fcbba14f0,2,94217243,832.3241928013006,1741115292890216,Staked ICX,0.1691909125,sICX,0,1,2025-03-04
cx88fd7df7ddff82f7cc735c871dc519838cb235bb,cx21e94c08c03daee80c25d8ee3ea22a20786ec231,cxa0af3165c08318e988cb30993b3048335b94af6c,0x670b238d32cc38000,0x4697a1a68e0b190b25e132562a8c02ff1b49772e90a084f341ca500fcbba14f0,1,94217243,118.80108,1741115292890216,Balanced Dollar,0.1691909125,bnUSD,0,1,2025-03-04
cx88fd7df7ddff82f7cc735c871dc519838cb235bb,hxd75467e3e4ce64e3424c747dfb71503017440433,cx21e94c08c03daee80c25d8ee3ea22a20786ec231,0x670b238d32cc38000,0x4697a1a68e0b190b25e132562a8c02ff1b49772e90a084f341ca500fcbba14f0,0,94217243,118.80108,1741115292890216,Balanced Dollar,0.1691909125,bnUSD,0,1,2025-03-04
cx88fd7df7ddff82f7cc735c871dc519838cb235bb,cxa0af3165c08318e988cb30993b3048335b94af6c,cx5faae53c4dbd1fbe4a2eb4aab6565030f10da5c6,0x1af6f9e26471000,0xcd8fa170c58fdb39a5a0a738b14d42af932e8740104e489f3cd738fbeb5b19da,2,94217234,0.12143844,1741115274886293,Balanced Dollar,0.056310275,bnUSD,0,1,2025-03-04
cx66a031cc3bd305c76371fb586e93801b948254f0,cxa0af3165c08318e988cb30993b3048335b94af6c,hxd75467e3e4ce64e3424c747dfb71503017440433,0x37a1d17f64222f9a,0xcd8fa170c58fdb39a5a0a738b14d42af932e8740104e489f3cd738fbeb5b19da,1,94217234,4.008715488407466,1741115274886293,Avalanche,0.056310275,AVAX,0,1,2025-03-04
cx88fd7df7ddff82f7cc735c871dc519838cb235bb,hxd75467e3e4ce64e3424c747dfb71503017440433,cxa0af3165c08318e988cb30993b3048335b94af6c,0x46388012e590f0000,0xcd8fa170c58fdb39a5a0a738b14d42af932e8740104e489f3cd738fbeb5b19da,0,94217234,80.95896,1741115274886293,Balanced Dollar,0.056310275,bnUSD,0,1,2025-03-04
cx88fd7df7ddff82f7cc735c871dc519838cb235bb,cxa0af3165c08318e988cb30993b3048335b94af6c,cx5faae53c4dbd1fbe4a2eb4aab6565030f10da5c6,0x158cff5d8d15400,0x6d25b5b198a0f5d640f2cc20b0a03256c0661882040535780b1c348bdda5eae6,2,94217225,0.0970560468,1741115257145681,Balanced Dollar,0.056400425,bnUSD,0,1,2025-03-04
cx288d13e1b63563459a2ac6179f237711f6851cb5,cxa0af3165c08318e988cb30993b3048335b94af6c,hxd75467e3e4ce64e3424c747dfb71503017440433,0x6b5b8c1e21db22,0x6d25b5b198a0f5d640f2cc20b0a03256c0661882040535780b1c348bdda5eae6,1,94217225,0.030218479867124514,1741115257145681,Ethereum,0.056400425,ETH,0,1,2025-03-04
cx88fd7df7ddff82f7cc735c871dc519838cb235bb,hxd75467e3e4ce64e3424c747dfb71503017440433,cxa0af3165c08318e988cb30993b3048335b94af6c,0x381f2e58f4bcac000,0x6d25b5b198a0f5d640f2cc20b0a03256c0661882040535780b1c348bdda5eae6,0,94217225,64.7040312,1741115257145681,Balanced Dollar,0.056400425,bnUSD,0,1,2025-03-04
cxd17316e24ee40f2ef8ed6f3a497311db1b35206d,hxbb3d79d08eba2185883c28e9eef53ea359a33246,hxbb3d79d08eba2185883c28e9eef53ea359a33246,0x0,0x70db2adaf4f34bca1fe308e74eaf33583e7f70bce98c658e5f4a09947bea01e4,5,94217223,0.0,1741115252879332,unknown_token,0.0198633375,$unknown,34,1,2025-03-04
cx53f8ccd5426534f82cf10cb742de033e51da72fc,hxbb3d79d08eba2185883c28e9eef53ea359a33246,hx0000000000000000000000000000000000000000,0x0,0x70db2adaf4f34bca1fe308e74eaf33583e7f70bce98c658e5f4a09947bea01e4,4,94217223,0.0,1741115252879332,unknown_token,0.0198633375,$unknown,5,1,2025-03-04
cx7baf94bd53b505353285ee4c4c050f9703581703,hxbb3d79d08eba2185883c28e9eef53ea359a33246,hx0000000000000000000000000000000000000000,0x0,0x70db2adaf4f34bca1fe308e74eaf33583e7f70bce98c658e5f4a09947bea01e4,2,94217223,0.0,1741115252879332,unknown_token,0.0198633375,$unknown,10,1,2025-03-04
cx7baf94bd53b505353285ee4c4c050f9703581703,hxbb3d79d08eba2185883c28e9eef53ea359a33246,hx0000000000000000000000000000000000000000,0x0,0x70db2adaf4f34bca1fe308e74eaf33583e7f70bce98c658e5f4a09947bea01e4,0,94217223,0.0,1741115252879332,unknown_token,0.0198633375,$unknown,11,1,2025-03-04
cx88fd7df7ddff82f7cc735c871dc519838cb235bb,cxa0af3165c08318e988cb30993b3048335b94af6c,cx5faae53c4dbd1fbe4a2eb4aab6565030f10da5c6,0xed39d5d254900c,0x5776dd0b744bbc500ed466e27375ea98422d705e55259e30834532eac70cbae2,2,94217215,0.06677316000000001,1741115237029383,Balanced Dollar,0.0563627125,bnUSD,0,1,2025-03-04
cx4297f4b63262507623b6ad575d0d8dd2db980e4e,cxa0af3165c08318e988cb30993b3048335b94af6c,hxd75467e3e4ce64e3424c747dfb71503017440433,0x37bf1fd9df77fb7f,0x5776dd0b744bbc500ed466e27375ea98422d705e55259e30834532eac70cbae2,1,94217215,4.016964413255319,1741115237029383,Injective,0.0563627125,INJ,0,1,2025-03-04
cx88fd7df7ddff82f7cc735c871dc519838cb235bb,hxd75467e3e4ce64e3424c747dfb71503017440433,cxa0af3165c08318e988cb30993b3048335b94af6c,0x269c69cd3bc372000,0x5776dd0b744bbc500ed466e27375ea98422d705e55259e30834532eac70cbae2,0,94217215,44.515440000000005,1741115237029383,Balanced Dollar,0.0563627125,bnUSD,0,1,2025-03-04
cxb8cf9a4700e0c804b780978bf9d9de759c62e787,cx66d4d90f5f113eba575bf793570135f9b10cece1,hx0000000000000000000000000000000000000000,0xa2e237a700,0xcdc578c3efd37f3b5cad1314934a622a0bbcfb27c228a1d1c42eaaf99d6f6044,2,94217214,699.58,1741115235090561,Mirai Staked SUI,0.0716093875,mSUI,0,1,2025-03-04
cxd17316e24ee40f2ef8ed6f3a497311db1b35206d,hxbb3d79d08eba2185883c28e9eef53ea359a33246,hxbb3d79d08eba2185883c28e9eef53ea359a33246,0x0,0x4698e88e1da7a52e940e3189c633a6a10f6e3ee3d841651761416c173665433c,4,94217212,0.0,1741115231048516,unknown_token,0.0192538875,$unknown,34,1,2025-03-04
cx7baf94bd53b505353285ee4c4c050f9703581703,hxbb3d79d08eba2185883c28e9eef53ea359a33246,hx0000000000000000000000000000000000000000,0x0,0x4698e88e1da7a52e940e3189c633a6a10f6e3ee3d841651761416c173665433c,2,94217212,0.0,1741115231048516,unknown_token,0.0192538875,$unknown,1,1,2025-03-04
cx7baf94bd53b505353285ee4c4c050f9703581703,hxbb3d79d08eba2185883c28e9eef53ea359a33246,hx0000000000000000000000000000000000000000,0x0,0x4698e88e1da7a52e940e3189c633a6a10f6e3ee3d841651761416c173665433c,0,94217212,0.0,1741115231048516,unknown_token,0.0192538875,$unknown,26,1,2025-03-04
cx88fd7df7ddff82f7cc735c871dc519838cb235bb,cxa0af3165c08318e988cb30993b3048335b94af6c,cx5faae53c4dbd1fbe4a2eb4aab6565030f10da5c6,0x158e121f2137f06,0x7e695fa3d60dece4598f464e5dc9e22acb2290c97868765feca10991a7bcb2e6,2,94217210,0.09707492790000001,1741115226867794,Balanced Dollar,0.056400425,bnUSD,0,1,2025-03-04
cx288d13e1b63563459a2ac6179f237711f6851cb5,cxa0af3165c08318e988cb30993b3048335b94af6c,hxd75467e3e4ce64e3424c747dfb71503017440433,0x6b68d1c95fb73f,0x7e695fa3d60dece4598f464e5dc9e22acb2290c97868765feca10991a7bcb2e6,1,94217210,0.030233072743987007,1741115226867794,Ethereum,0.056400425,ETH,0,1,2025-03-04
cx88fd7df7ddff82f7cc735c871dc519838cb235bb,hxd75467e3e4ce64e3424c747dfb71503017440433,cxa0af3165c08318e988cb30993b3048335b94af6c,0x3821f9dbbbd702000,0x7e695fa3d60dece4598f464e5dc9e22acb2290c97868765feca10991a7bcb2e6,0,94217210,64.7166186,1741115226867794,Balanced Dollar,0.056400425,bnUSD,0,1,2025-03-04
cx3975b43d260fb8ec802cef6e60c2f4d07486f11d,hxf45e082a0181739edb074a6bf0b1e5c1b3346ce5,hx0000000000000000000000000000000000000000,0x299ac41e0ef184889,0xc2fe7e616dcabb60b0d144a5727e5ca402a2c687d5ce3adc8cf341ef959b87d6,12,94217208,47.96678616555614,1741115222868117,Wrapped ICX,0.1676080625,wICX,0,1,2025-03-04
cx3975b43d260fb8ec802cef6e60c2f4d07486f11d,cx21e94c08c03daee80c25d8ee3ea22a20786ec231,hxf45e082a0181739edb074a6bf0b1e5c1b3346ce5,0x299ac41e0ef184889,0xc2fe7e616dcabb60b0d144a5727e5ca402a2c687d5ce3adc8cf341ef959b87d6,11,94217208,47.96678616555614,1741115222868117,Wrapped ICX,0.1676080625,wICX,0,1,2025-03-04
cx2609b924e33ef00b648a409245c7ea394c467824,cxa0af3165c08318e988cb30993b3048335b94af6c,cx5faae53c4dbd1fbe4a2eb4aab6565030f10da5c6,0xc42ab1f8d3cde1,0xc2fe7e616dcabb60b0d144a5727e5ca402a2c687d5ce3adc8cf341ef959b87d6,9,94217208,0.05521603930749693,1741115222868117,Staked ICX,0.1676080625,sICX,0,1,2025-03-04
cx3975b43d260fb8ec802cef6e60c2f4d07486f11d,cxa0af3165c08318e988cb30993b3048335b94af6c,cx21e94c08c03daee80c25d8ee3ea22a20786ec231,0x299ac41e0ef184889,0xc2fe7e616dcabb60b0d144a5727e5ca402a2c687d5ce3adc8cf341ef959b87d6,8,94217208,47.96678616555614,1741115222868117,Wrapped ICX,0.1676080625,wICX,0,1,2025-03-04
cx2609b924e33ef00b648a409245c7ea394c467824,cx21e94c08c03daee80c25d8ee3ea22a20786ec231,cxa0af3165c08318e988cb30993b3048335b94af6c,0x1fed9da22a792cf76,0xc2fe7e616dcabb60b0d144a5727e5ca402a2c687d5ce3adc8cf341ef959b87d6,7,94217208,36.81069287166462,1741115222868117,Staked ICX,0.1676080625,sICX,0,1,2025-03-04
cx2609b924e33ef00b648a409245c7ea394c467824,cxa0af3165c08318e988cb30993b3048335b94af6c,cx5faae53c4dbd1fbe4a2eb4aab6565030f10da5c6,0xc4bb23256eebe0,0xc2fe7e616dcabb60b0d144a5727e5ca402a2c687d5ce3adc8cf341ef959b87d6,5,94217208,0.055374855061564386,1741115222868117,Staked ICX,0.1676080625,sICX,0,1,2025-03-04
cx2609b924e33ef00b648a409245c7ea394c467824,cxa0af3165c08318e988cb30993b3048335b94af6c,cx21e94c08c03daee80c25d8ee3ea22a20786ec231,0x1fed9da22a792cf76,0xc2fe7e616dcabb60b0d144a5727e5ca402a2c687d5ce3adc8cf341ef959b87d6,4,94217208,36.81069287166462,1741115222868117,Staked ICX,0.1676080625,sICX,0,1,2025-03-04
cxe2da9f10bc6e2754347bde2ef73379bd398fd9f3,cx21e94c08c03daee80c25d8ee3ea22a20786ec231,cxa0af3165c08318e988cb30993b3048335b94af6c,0x93fe5c57d710680000,0xc2fe7e616dcabb60b0d144a5727e5ca402a2c687d5ce3adc8cf341ef959b87d6,3,94217208,2730.0,1741115222868117,HAVAH,0.1676080625,HVH,0,1,2025-03-04
cxe2da9f10bc6e2754347bde2ef73379bd398fd9f3,hx0000000000000000000000000000000000000000,cx21e94c08c03daee80c25d8ee3ea22a20786ec231,0x93fe5c57d710680000,0xc2fe7e616dcabb60b0d144a5727e5ca402a2c687d5ce3adc8cf341ef959b87d6,1,94217208,2730.0,1741115222868117,HAVAH,0.1676080625,HVH,0,1,2025-03-04
cxd17316e24ee40f2ef8ed6f3a497311db1b35206d,hxbb3d79d08eba2185883c28e9eef53ea359a33246,hxbb3d79d08eba2185883c28e9eef53ea359a33246,0x0,0xcfda5f5544d889ca44e960c35325f4192cf73dca8e775ae3a95d17cdfc20b66d,4,94217199,0.0,1741115204861669,unknown_token,0.0200968875,$unknown,34,1,2025-03-04
cx7baf94bd53b505353285ee4c4c050f9703581703,hxbb3d79d08eba2185883c28e9eef53ea359a33246,hx0000000000000000000000000000000000000000,0x0,0xcfda5f5544d889ca44e960c35325f4192cf73dca8e775ae3a95d17cdfc20b66d,2,94217199,0.0,1741115204861669,unknown_token,0.0200968875,$unknown,30,1,2025-03-04
cx7baf94bd53b505353285ee4c4c050f9703581703,hxbb3d79d08eba2185883c28e9eef53ea359a33246,hx0000000000000000000000000000000000000000,0x0,0xcfda5f5544d889ca44e960c35325f4192cf73dca8e775ae3a95d17cdfc20b66d,0,94217199,0.0,1741115204861669,unknown_token,0.0200968875,$unknown,11,1,2025-03-04
cx88fd7df7ddff82f7cc735c871dc519838cb235bb,hx98ba668cfb78d372ceb8de1b2b51671de268a4a1,hx0000000000000000000000000000000000000000,0xf25f24fed861867,0xf9da7aeacb21f4e48bb969e013a60094e3b562edb553339552bb01a4f1782ce3,0,94217197,1.0915449098085397,1741115201156065,Balanced Dollar,0.059086225,bnUSD,0,1,2025-03-04
cx88fd7df7ddff82f7cc735c871dc519838cb235bb,cxa0af3165c08318e988cb30993b3048335b94af6c,cx5faae53c4dbd1fbe4a2eb4aab6565030f10da5c6,0x157fa889ee418ed,0x17fa8f45cac6b22cc1e356a7280f08c5016d5622c3a72a237ba52dc8c09bd7a8,2,94217189,0.09682138169999999,1741115185063375,Balanced Dollar,0.056400425,bnUSD,0,1,2025-03-04
cx288d13e1b63563459a2ac6179f237711f6851cb5,cxa0af3165c08318e988cb30993b3048335b94af6c,hxd75467e3e4ce64e3424c747dfb71503017440433,0x6b28e67aad9be0,0x17fa8f45cac6b22cc1e356a7280f08c5016d5622c3a72a237ba52dc8c09bd7a8,1,94217189,0.030162792873827296,1741115185063375,Ethereum,0.056400425,ETH,0,1,2025-03-04
cx88fd7df7ddff82f7cc735c871dc519838cb235bb,hxd75467e3e4ce64e3424c747dfb71503017440433,cxa0af3165c08318e988cb30993b3048335b94af6c,0x37fc7191dc7564000,0x17fa8f45cac6b22cc1e356a7280f08c5016d5622c3a72a237ba52dc8c09bd7a8,0,94217189,64.54758779999999,1741115185063375,Balanced Dollar,0.056400425,bnUSD,0,1,2025-03-04
cxd17316e24ee40f2ef8ed6f3a497311db1b35206d,hxbb3d79d08eba2185883c28e9eef53ea359a33246,hxbb3d79d08eba2185883c28e9eef53ea359a33246,0x0,0xa3c7e23b1dac15c099eb09bb5561e612d6188150ef0a975e84ea92b7b66a9db9,5,94217188,0.0,1741115182855030,unknown_token,0.0198633375,$unknown,34,1,2025-03-04
cx53f8ccd5426534f82cf10cb742de033e51da72fc,hxbb3d79d08eba2185883c28e9eef53ea359a33246,hx0000000000000000000000000000000000000000,0x0,0xa3c7e23b1dac15c099eb09bb5561e612d6188150ef0a975e84ea92b7b66a9db9,4,94217188,0.0,1741115182855030,unknown_token,0.0198633375,$unknown,5,1,2025-03-04
cx7baf94bd53b505353285ee4c4c050f9703581703,hxbb3d79d08eba2185883c28e9eef53ea359a33246,hx0000000000000000000000000000000000000000,0x0,0xa3c7e23b1dac15c099eb09bb5561e612d6188150ef0a975e84ea92b7b66a9db9,2,94217188,0.0,1741115182855030,unknown_token,0.0198633375,$unknown,10,1,2025-03-04
cx7baf94bd53b505353285ee4c4c050f9703581703,hxbb3d79d08eba2185883c28e9eef53ea359a33246,hx0000000000000000000000000000000000000000,0x0,0xa3c7e23b1dac15c099eb09bb5561e612d6188150ef0a975e84ea92b7b66a9db9,0,94217188,0.0,1741115182855030,unknown_token,0.0198633375,$unknown,22,1,2025-03-04
cx88fd7df7ddff82f7cc735c871dc519838cb235bb,cxa0af3165c08318e988cb30993b3048335b94af6c,cx5faae53c4dbd1fbe4a2eb4aab6565030f10da5c6,0xec964a371b5800,0x6dabdd7bdd22d23531602e659ceccdbff69caf356f0654d93d36ac4fcaff3e9f,2,94217178,0.06659334,1741115162847061,Balanced Dollar,0.0563627125,bnUSD,0,1,2025-03-04
cx4297f4b63262507623b6ad575d0d8dd2db980e4e,cxa0af3165c08318e988cb30993b3048335b94af6c,hxd75467e3e4ce64e3424c747dfb71503017440433,0x379f82d970602666,0x6dabdd7bdd22d23531602e659ceccdbff69caf356f0654d93d36ac4fcaff3e9f,1,94217178,4.008066063787894,1741115162847061,Injective,0.0563627125,INJ,0,1,2025-03-04
cx88fd7df7ddff82f7cc735c871dc519838cb235bb,hxd75467e3e4ce64e3424c747dfb71503017440433,cxa0af3165c08318e988cb30993b3048335b94af6c,0x2681cb69a2c8a8000,0x6dabdd7bdd22d23531602e659ceccdbff69caf356f0654d93d36ac4fcaff3e9f,0,94217178,44.39556,1741115162847061,Balanced Dollar,0.0563627125,bnUSD,0,1,2025-03-04
cx88fd7df7ddff82f7cc735c871dc519838cb235bb,cxa0af3165c08318e988cb30993b3048335b94af6c,cx5faae53c4dbd1fbe4a2eb4aab6565030f10da5c6,0x15864d690961706,0x94e56bee83ffd01132aa43c052934951200dfa27e863ff1e943b81a8d469346b,2,94217173,0.09693826470000001,1741115152846179,Balanced Dollar,0.056400425,bnUSD,0,1,2025-03-04
cx288d13e1b63563459a2ac6179f237711f6851cb5,cxa0af3165c08318e988cb30993b3048335b94af6c,hxd75467e3e4ce64e3424c747dfb71503017440433,0x6b51ec678c955f,0x94e56bee83ffd01132aa43c052934951200dfa27e863ff1e943b81a8d469346b,1,94217173,0.03020789829943843,1741115152846179,Ethereum,0.056400425,ETH,0,1,2025-03-04
cx88fd7df7ddff82f7cc735c871dc519838cb235bb,hxd75467e3e4ce64e3424c747dfb71503017440433,cxa0af3165c08318e988cb30993b3048335b94af6c,0x380dbeec33186a000,0x94e56bee83ffd01132aa43c052934951200dfa27e863ff1e943b81a8d469346b,0,94217173,64.6255098,1741115152846179,Balanced Dollar,0.056400425,bnUSD,0,1,2025-03-04
cx88fd7df7ddff82f7cc735c871dc519838cb235bb,cxa0af3165c08318e988cb30993b3048335b94af6c,cx5faae53c4dbd1fbe4a2eb4aab6565030f10da5c6,0x158be61144a8989,0x267808d997ad446cb17106f1088d7179052df498cc2c7b8c69f93fba70e5e5b7,2,94217160,0.09703671615000001,1741115126835039,Balanced Dollar,0.056400425,bnUSD,0,1,2025-03-04
cx288d13e1b63563459a2ac6179f237711f6851cb5,cxa0af3165c08318e988cb30993b3048335b94af6c,hxd75467e3e4ce64e3424c747dfb71503017440433,0x6b75c0a8993128,0x267808d997ad446cb17106f1088d7179052df498cc2c7b8c69f93fba70e5e5b7,1,94217160,0.030247292830822697,1741115126835039,Ethereum,0.056400425,ETH,0,1,2025-03-04
cx88fd7df7ddff82f7cc735c871dc519838cb235bb,hxd75467e3e4ce64e3424c747dfb71503017440433,cxa0af3165c08318e988cb30993b3048335b94af6c,0x381c51ccf821b8000,0x267808d997ad446cb17106f1088d7179052df498cc2c7b8c69f93fba70e5e5b7,0,94217160,64.6911441,1741115126835039,Balanced Dollar,0.056400425,bnUSD,0,1,2025-03-04
cx88fd7df7ddff82f7cc735c871dc519838cb235bb,cxa0af3165c08318e988cb30993b3048335b94af6c,cx5faae53c4dbd1fbe4a2eb4aab6565030f10da5c6,0xed0351f3ec280c,0xdb5e233e3b2ada602c5cbc7da05210c6146d1f8ceec81bcb35434dd6a6e3a93e,2,94217150,0.06671322000000002,1741115107115527,Balanced Dollar,0.0563627125,bnUSD,0,1,2025-03-04
cx4297f4b63262507623b6ad575d0d8dd2db980e4e,cxa0af3165c08318e988cb30993b3048335b94af6c,hxd75467e3e4ce64e3424c747dfb71503017440433,0x37bffa4eccba266a,0xdb5e233e3b2ada602c5cbc7da05210c6146d1f8ceec81bcb35434dd6a6e3a93e,1,94217150,4.0172046089869164,1741115107115527,Injective,0.0563627125,INJ,0,1,2025-03-04
cx88fd7df7ddff82f7cc735c871dc519838cb235bb,hxd75467e3e4ce64e3424c747dfb71503017440433,cxa0af3165c08318e988cb30993b3048335b94af6c,0x26938a56b36fda000,0xdb5e233e3b2ada602c5cbc7da05210c6146d1f8ceec81bcb35434dd6a6e3a93e,0,94217150,44.47548000000001,1741115107115527,Balanced Dollar,0.0563627125,bnUSD,0,1,2025-03-04
cx07b184a37f03c6ab681fcbd0b45aec6dc3eafbeb,cx21e94c08c03daee80c25d8ee3ea22a20786ec231,hx970eda4988e547df0de8324226fdf3e8ebc9734f,0x2386f26fc10001,0xc78409c1f3c00d9ecfdd7651293e6756e659aa0aba576d06414faa686e686c4f,5,94217145,0.01,1741115097001889,Bitcoin,0.0859977,BTC,0,2,2025-03-04
cx88fd7df7ddff82f7cc735c871dc519838cb235bb,cxa0af3165c08318e988cb30993b3048335b94af6c,cx5faae53c4dbd1fbe4a2eb4aab6565030f10da5c6,0x120b0832f84daad5,0xc78409c1f3c00d9ecfdd7651293e6756e659aa0aba576d06414faa686e686c4f,3,94217145,1.3001419324337466,1741115097001889,Balanced Dollar,0.0859977,bnUSD,0,2,2025-03-04
cx07b184a37f03c6ab681fcbd0b45aec6dc3eafbeb,cxa0af3165c08318e988cb30993b3048335b94af6c,cx21e94c08c03daee80c25d8ee3ea22a20786ec231,0x2386f26fc10001,0xc78409c1f3c00d9ecfdd7651293e6756e659aa0aba576d06414faa686e686c4f,2,94217145,0.01,1741115097001889,Bitcoin,0.0859977,BTC,0,2,2025-03-04
cx88fd7df7ddff82f7cc735c871dc519838cb235bb,cx21e94c08c03daee80c25d8ee3ea22a20786ec231,cxa0af3165c08318e988cb30993b3048335b94af6c,0x2efcbaaf669f978ae8,0xc78409c1f3c00d9ecfdd7651293e6756e659aa0aba576d06414faa686e686c4f,1,94217145,866.7612882891644,1741115097001889,Balanced Dollar,0.0859977,bnUSD,0,2,2025-03-04
cx88fd7df7ddff82f7cc735c871dc519838cb235bb,hx970eda4988e547df0de8324226fdf3e8ebc9734f,cx21e94c08c03daee80c25d8ee3ea22a20786ec231,0x2efcbaaf669f978ae8,0xc78409c1f3c00d9ecfdd7651293e6756e659aa0aba576d06414faa686e686c4f,0,94217145,866.7612882891644,1741115097001889,Balanced Dollar,0.0859977,bnUSD,0,2,2025-03-04
cx88fd7df7ddff82f7cc735c871dc519838cb235bb,cxd82fb5d3effecd8c9071a4bba3856ad7222c4b91,hxd75467e3e4ce64e3424c747dfb71503017440433,0x3635c9adc5dea00000,0xf9de24e8d2332f06338afb2ae39074f51146e5238440b395268104446cbc4648,0,94217143,1000.0,1741115092824186,Balanced Dollar,0.02068825,bnUSD,0,1,2025-03-04
cx07b184a37f03c6ab681fcbd0b45aec6dc3eafbeb,cx21e94c08c03daee80c25d8ee3ea22a20786ec231,hx2debd9ec927cca1639da8d3518dd9dbf1cdfb357,0x11c36ebfb88e0d,0x8bed66c000dad1b8965c4d01b95f861ad9c4dfa1a4a98cdefbd96549ba6994d5,5,94217135,0.004999955034443277,1741115076818916,Bitcoin,0.0882862,BTC,0,1,2025-03-04
cx88fd7df7ddff82f7cc735c871dc519838cb235bb,cxa0af3165c08318e988cb30993b3048335b94af6c,cx5faae53c4dbd1fbe4a2eb4aab6565030f10da5c6,0x9003083d41649b4,0x8bed66c000dad1b8965c4d01b95f861ad9c4dfa1a4a98cdefbd96549ba6994d5,3,94217135,0.6485716890984309,1741115076818916,Balanced Dollar,0.0882862,bnUSD,0,1,2025-03-04
cx07b184a37f03c6ab681fcbd0b45aec6dc3eafbeb,cxa0af3165c08318e988cb30993b3048335b94af6c,cx21e94c08c03daee80c25d8ee3ea22a20786ec231,0x11c36ebfb88e0d,0x8bed66c000dad1b8965c4d01b95f861ad9c4dfa1a4a98cdefbd96549ba6994d5,2,94217135,0.004999955034443277,1741115076818916,Bitcoin,0.0882862,BTC,0,1,2025-03-04
cx88fd7df7ddff82f7cc735c871dc519838cb235bb,cx21e94c08c03daee80c25d8ee3ea22a20786ec231,cxa0af3165c08318e988cb30993b3048335b94af6c,0x17707e574da4b544c0,0x8bed66c000dad1b8965c4d01b95f861ad9c4dfa1a4a98cdefbd96549ba6994d5,1,94217135,432.3811260656206,1741115076818916,Balanced Dollar,0.0882862,bnUSD,0,1,2025-03-04
cx88fd7df7ddff82f7cc735c871dc519838cb235bb,hx2debd9ec927cca1639da8d3518dd9dbf1cdfb357,cx21e94c08c03daee80c25d8ee3ea22a20786ec231,0x17707e574da4b544c0,0x8bed66c000dad1b8965c4d01b95f861ad9c4dfa1a4a98cdefbd96549ba6994d5,0,94217135,432.3811260656206,1741115076818916,Balanced Dollar,0.0882862,bnUSD,0,1,2025-03-04
cx88fd7df7ddff82f7cc735c871dc519838cb235bb,cxa0af3165c08318e988cb30993b3048335b94af6c,cx5faae53c4dbd1fbe4a2eb4aab6565030f10da5c6,0xe5e3ca24615df3,0xe024bbdd067cd93b8434e5e6a193bf1d351678286fb53c156deb92869e33a61b,2,94217134,0.064708227,1741115074815106,Balanced Dollar,0.046032925,bnUSD,0,1,2025-03-04
cx65c9e3d4fea842e00add0d32a5b4c5e4e04c7a6b,cxa0af3165c08318e988cb30993b3048335b94af6c,hxd75467e3e4ce64e3424c747dfb71503017440433,0x12092b74,0xe024bbdd067cd93b8434e5e6a193bf1d351678286fb53c156deb92869e33a61b,1,94217134,0.302590836,1741115074815106,Solana,0.046032925,SOL,0,1,2025-03-04
cx88fd7df7ddff82f7cc735c871dc519838cb235bb,hxd75467e3e4ce64e3424c747dfb71503017440433,cxa0af3165c08318e988cb30993b3048335b94af6c,0x256abde69683a0000,0xe024bbdd067cd93b8434e5e6a193bf1d351678286fb53c156deb92869e33a61b,0,94217134,43.13881799999999,1741115074815106,Balanced Dollar,0.046032925,bnUSD,0,1,2025-03-04
cx5f1cc357f2304fb2646e20211adbe137ab5852dd,hx5f75e7ea5a055f6700716a2487b44261ed02dd72,hx5f75e7ea5a055f6700716a2487b44261ed02dd72,0x0,0x24c922585bb0c9f5e92590b7cf68725bd40d548d8542d870f5efd862ffa0f878,0,94217131,0.0,1741115068815265,unknown_token,0.003827375,$unknown,1,1,2025-03-04
cx88fd7df7ddff82f7cc735c871dc519838cb235bb,cxa0af3165c08318e988cb30993b3048335b94af6c,cx5faae53c4dbd1fbe4a2eb4aab6565030f10da5c6,0xecccce1583c000,0x27ea9da3536c027eaed1f992a61142f3916bb3feb0d15c073266185493ae593f,2,94217129,0.06665328,1741115064813865,Balanced Dollar,0.0563627125,bnUSD,0,2,2025-03-04
cx4297f4b63262507623b6ad575d0d8dd2db980e4e,cxa0af3165c08318e988cb30993b3048335b94af6c,hxd75467e3e4ce64e3424c747dfb71503017440433,0x37b9fd54575bba20,0x27ea9da3536c027eaed1f992a61142f3916bb3feb0d15c073266185493ae593f,1,94217129,4.015519081462217,1741115064813865,Injective,0.0563627125,INJ,0,2,2025-03-04
cx88fd7df7ddff82f7cc735c871dc519838cb235bb,hxd75467e3e4ce64e3424c747dfb71503017440433,cxa0af3165c08318e988cb30993b3048335b94af6c,0x268aaae02b1c40000,0x27ea9da3536c027eaed1f992a61142f3916bb3feb0d15c073266185493ae593f,0,94217129,44.43552,1741115064813865,Balanced Dollar,0.0563627125,bnUSD,0,2,2025-03-04
cx88fd7df7ddff82f7cc735c871dc519838cb235bb,cxd82fb5d3effecd8c9071a4bba3856ad7222c4b91,hxd75467e3e4ce64e3424c747dfb71503017440433,0x3635c9adc5dea00000,0x44bf3fc5beccb6c10b5592e5a38fd14e720b3a9e1322efaf0690a197491c2ce4,0,94217122,1000.0,1741115051071863,Balanced Dollar,0.0206909375,bnUSD,0,1,2025-03-04
cx88fd7df7ddff82f7cc735c871dc519838cb235bb,cxa0af3165c08318e988cb30993b3048335b94af6c,cx5faae53c4dbd1fbe4a2eb4aab6565030f10da5c6,0xe7061524b3bb06,0x4bc31f1027eac81ace052d31f501be66e43dec8eee750bfe9b96d5086fda092f,2,94217116,0.06502740750000001,1741115038802960,Balanced Dollar,0.046028925,bnUSD,0,1,2025-03-04
cx65c9e3d4fea842e00add0d32a5b4c5e4e04c7a6b,cxa0af3165c08318e988cb30993b3048335b94af6c,hxd75467e3e4ce64e3424c747dfb71503017440433,0x12227ee1,0x4bc31f1027eac81ace052d31f501be66e43dec8eee750bfe9b96d5086fda092f,1,94217116,0.304250593,1741115038802960,Solana,0.046028925,SOL,0,1,2025-03-04
cx88fd7df7ddff82f7cc735c871dc519838cb235bb,hxd75467e3e4ce64e3424c747dfb71503017440433,cxa0af3165c08318e988cb30993b3048335b94af6c,0x2599fd70f940c6000,0x4bc31f1027eac81ace052d31f501be66e43dec8eee750bfe9b96d5086fda092f,0,94217116,43.351605000000006,1741115038802960,Balanced Dollar,0.046028925,bnUSD,0,1,2025-03-04
cx2d552c485ec8bcaa75aac02424e2aca6ffdb2f1b,cx21e94c08c03daee80c25d8ee3ea22a20786ec231,hx2debd9ec927cca1639da8d3518dd9dbf1cdfb357,0x9b6e0927e823948,0xf8a3857d220bb93e7cd297ca434d5fe2432189ccb4fbf05af06a5208ae1d7056,5,94217115,0.6999937118950014,1741115036952136,Binance Coin,0.0882703375,BNB,0,1,2025-03-04
cx88fd7df7ddff82f7cc735c871dc519838cb235bb,cxa0af3165c08318e988cb30993b3048335b94af6c,cx5faae53c4dbd1fbe4a2eb4aab6565030f10da5c6,0x870ba64948e822c,0xf8a3857d220bb93e7cd297ca434d5fe2432189ccb4fbf05af06a5208ae1d7056,3,94217115,0.6081908908468803,1741115036952136,Balanced Dollar,0.0882703375,bnUSD,0,1,2025-03-04
cx2d552c485ec8bcaa75aac02424e2aca6ffdb2f1b,cxa0af3165c08318e988cb30993b3048335b94af6c,cx21e94c08c03daee80c25d8ee3ea22a20786ec231,0x9b6e0927e823948,0xf8a3857d220bb93e7cd297ca434d5fe2432189ccb4fbf05af06a5208ae1d7056,2,94217115,0.6999937118950014,1741115036952136,Binance Coin,0.0882703375,BNB,0,1,2025-03-04
cx88fd7df7ddff82f7cc735c871dc519838cb235bb,cx21e94c08c03daee80c25d8ee3ea22a20786ec231,cxa0af3165c08318e988cb30993b3048335b94af6c,0x15fae565ed8872fd40,0xf8a3857d220bb93e7cd297ca434d5fe2432189ccb4fbf05af06a5208ae1d7056,1,94217115,405.4605938979202,1741115036952136,Balanced Dollar,0.0882703375,bnUSD,0,1,2025-03-04
cx88fd7df7ddff82f7cc735c871dc519838cb235bb,hx2debd9ec927cca1639da8d3518dd9dbf1cdfb357,cx21e94c08c03daee80c25d8ee3ea22a20786ec231,0x15fae565ed8872fd40,0xf8a3857d220bb93e7cd297ca434d5fe2432189ccb4fbf05af06a5208ae1d7056,0,94217115,405.4605938979202,1741115036952136,Balanced Dollar,0.0882703375,bnUSD,0,1,2025-03-04
cx66a031cc3bd305c76371fb586e93801b948254f0,cx21e94c08c03daee80c25d8ee3ea22a20786ec231,hx2debd9ec927cca1639da8d3518dd9dbf1cdfb357,0x1158da2986f0b8e7f,0xccd6582bdac75472991dd3bfdea152094ad9aabd82a4244ff1187909775fd97a,5,94217111,19.999820295803996,1741115028811633,Avalanche,0.0882975,AVAX,0,1,2025-03-04
cx88fd7df7ddff82f7cc735c871dc519838cb235bb,cxa0af3165c08318e988cb30993b3048335b94af6c,cx5faae53c4dbd1fbe4a2eb4aab6565030f10da5c6,0x86438175d2fec34,0xccd6582bdac75472991dd3bfdea152094ad9aabd82a4244ff1187909775fd97a,3,94217111,0.6046699229733141,1741115028811633,Balanced Dollar,0.0882975,bnUSD,0,1,2025-03-04
cx66a031cc3bd305c76371fb586e93801b948254f0,cxa0af3165c08318e988cb30993b3048335b94af6c,cx21e94c08c03daee80c25d8ee3ea22a20786ec231,0x1158da2986f0b8e7f,0xccd6582bdac75472991dd3bfdea152094ad9aabd82a4244ff1187909775fd97a,2,94217111,19.999820295803996,1741115028811633,Avalanche,0.0882975,AVAX,0,1,2025-03-04
cx88fd7df7ddff82f7cc735c871dc519838cb235bb,cx21e94c08c03daee80c25d8ee3ea22a20786ec231,cxa0af3165c08318e988cb30993b3048335b94af6c,0x15da52122d57771cc0,0xccd6582bdac75472991dd3bfdea152094ad9aabd82a4244ff1187909775fd97a,1,94217111,403.1132819822094,1741115028811633,Balanced Dollar,0.0882975,bnUSD,0,1,2025-03-04
cx88fd7df7ddff82f7cc735c871dc519838cb235bb,hx2debd9ec927cca1639da8d3518dd9dbf1cdfb357,cx21e94c08c03daee80c25d8ee3ea22a20786ec231,0x15da52122d57771cc0,0xccd6582bdac75472991dd3bfdea152094ad9aabd82a4244ff1187909775fd97a,0,94217111,403.1132819822094,1741115028811633,Balanced Dollar,0.0882975,bnUSD,0,1,2025-03-04
cx88fd7df7ddff82f7cc735c871dc519838cb235bb,cxd82fb5d3effecd8c9071a4bba3856ad7222c4b91,hx2795b422d55c51caa27f5c6397561e73d73e8bff,0xf6a8ef18a9fc60000,0xc9dfb1c17f9b8d7dafc3cadb6dea6bd56b35c214837906cca42cd13755897ac3,0,94217110,284.3795010980449,1741115026801037,Balanced Dollar,0.0206870625,bnUSD,0,1,2025-03-04
cx88fd7df7ddff82f7cc735c871dc519838cb235bb,cxa0af3165c08318e988cb30993b3048335b94af6c,cx5faae53c4dbd1fbe4a2eb4aab6565030f10da5c6,0xb33ae840554778d,0xe506f1ddd85b50e99ea4f10f44474214eeda8424f75ce4fbfb1a134bc6584592,2,94217108,0.8071806402777886,1741115022793970,Balanced Dollar,0.070556025,bnUSD,0,4,2025-03-04
cx2609b924e33ef00b648a409245c7ea394c467824,cxa0af3165c08318e988cb30993b3048335b94af6c,hxc1718c79947e0f673296218b5b23adbd9a3b38a8,0xcc8851ffd1f8a2c59f,0xe506f1ddd85b50e99ea4f10f44474214eeda8424f75ce4fbfb1a134bc6584592,1,94217108,3772.958704576305,1741115022793970,Staked ICX,0.070556025,sICX,0,4,2025-03-04
cx88fd7df7ddff82f7cc735c871dc519838cb235bb,hxc1718c79947e0f673296218b5b23adbd9a3b38a8,cxa0af3165c08318e988cb30993b3048335b94af6c,0x1d2bebcd2336a20000,0xe506f1ddd85b50e99ea4f10f44474214eeda8424f75ce4fbfb1a134bc6584592,0,94217108,538.1204268518591,1741115022793970,Balanced Dollar,0.070556025,bnUSD,0,4,2025-03-04
cx88fd7df7ddff82f7cc735c871dc519838cb235bb,cxd82fb5d3effecd8c9071a4bba3856ad7222c4b91,hxc1718c79947e0f673296218b5b23adbd9a3b38a8,0x1d2bebcd2336a20000,0xf2b803be16cd914337cfd67ff5b2799b5ec7574106412bef44361155d80f1a2b,0,94217108,538.1204268518591,1741115022793970,Balanced Dollar,0.0206895625,bnUSD,0,3,2025-03-04
cx2609b924e33ef00b648a409245c7ea394c467824,cx21e94c08c03daee80c25d8ee3ea22a20786ec231,hx2debd9ec927cca1639da8d3518dd9dbf1cdfb357,0x6c6b536e0a507881ba,0x563299558ec0fe57ed316913d75916baf907e5e48348eaa2ed77f58cb2ee4e73,5,94217108,1999.9820059363356,1741115022793970,Staked ICX,0.112702,sICX,0,2,2025-03-04
cx88fd7df7ddff82f7cc735c871dc519838cb235bb,cxa0af3165c08318e988cb30993b3048335b94af6c,cx5faae53c4dbd1fbe4a2eb4aab6565030f10da5c6,0x5eea97d23749995,0x563299558ec0fe57ed316913d75916baf907e5e48348eaa2ed77f58cb2ee4e73,3,94217108,0.427465369577626,1741115022793970,Balanced Dollar,0.112702,bnUSD,0,2,2025-03-04
cx2609b924e33ef00b648a409245c7ea394c467824,cxa0af3165c08318e988cb30993b3048335b94af6c,cx21e94c08c03daee80c25d8ee3ea22a20786ec231,0x6c6b536e0a507881ba,0x563299558ec0fe57ed316913d75916baf907e5e48348eaa2ed77f58cb2ee4e73,2,94217108,1999.9820059363356,1741115022793970,Staked ICX,0.112702,sICX,0,2,2025-03-04
cx88fd7df7ddff82f7cc735c871dc519838cb235bb,cx21e94c08c03daee80c25d8ee3ea22a20786ec231,cxa0af3165c08318e988cb30993b3048335b94af6c,0xf72d9608c54fa9eb0,0x563299558ec0fe57ed316913d75916baf907e5e48348eaa2ed77f58cb2ee4e73,1,94217108,284.97691305175067,1741115022793970,Balanced Dollar,0.112702,bnUSD,0,2,2025-03-04
cx88fd7df7ddff82f7cc735c871dc519838cb235bb,hx2debd9ec927cca1639da8d3518dd9dbf1cdfb357,cx21e94c08c03daee80c25d8ee3ea22a20786ec231,0xf72d9608c54fa9eb0,0x563299558ec0fe57ed316913d75916baf907e5e48348eaa2ed77f58cb2ee4e73,0,94217108,284.97691305175067,1741115022793970,Balanced Dollar,0.112702,bnUSD,0,2,2025-03-04
cx88fd7df7ddff82f7cc735c871dc519838cb235bb,cxa0af3165c08318e988cb30993b3048335b94af6c,cx5faae53c4dbd1fbe4a2eb4aab6565030f10da5c6,0x5eb7a796c8714bc,0x0eff379808cc4172530b8a40f874ac3727f178c720ae2f9f2965c91b349f23fb,2,94217108,0.4265692516470673,1741115022793970,Balanced Dollar,0.0460158,bnUSD,0,1,2025-03-04
cx65c9e3d4fea842e00add0d32a5b4c5e4e04c7a6b,cxa0af3165c08318e988cb30993b3048335b94af6c,hx2795b422d55c51caa27f5c6397561e73d73e8bff,0x77359dfa,0x0eff379808cc4172530b8a40f874ac3727f178c720ae2f9f2965c91b349f23fb,1,94217108,2.000002554,1741115022793970,Solana,0.0460158,SOL,0,1,2025-03-04
cx88fd7df7ddff82f7cc735c871dc519838cb235bb,hx2795b422d55c51caa27f5c6397561e73d73e8bff,cxa0af3165c08318e988cb30993b3048335b94af6c,0xf6a8ef18a9fc60000,0x0eff379808cc4172530b8a40f874ac3727f178c720ae2f9f2965c91b349f23fb,0,94217108,284.3795010980449,1741115022793970,Balanced Dollar,0.0460158,bnUSD,0,1,2025-03-04
cx88fd7df7ddff82f7cc735c871dc519838cb235bb,cxd82fb5d3effecd8c9071a4bba3856ad7222c4b91,hx2795b422d55c51caa27f5c6397561e73d73e8bff,0xf5c5097d3049c8000,0x48fcdd06ec501aa57940d2aebafa6d7a110933aee955abf4548f29fba089b7cc,0,94217105,283.35314468784077,1741115016795339,Balanced Dollar,0.0206870625,bnUSD,0,1,2025-03-04
cx88fd7df7ddff82f7cc735c871dc519838cb235bb,cx21e94c08c03daee80c25d8ee3ea22a20786ec231,hx7497c286aa521b09b2b54d78cde3fa4573c0e157,0x3deacd37a3b39776f,0xb86a3453d2aba6d2c9a5c9224b8afa8c0e1834821bcde0ec67e702d4080580f9,13,94217104,71.38566431547598,1741115014793906,Balanced Dollar,0.2235188875,bnUSD,0,2,2025-03-04
cx88fd7df7ddff82f7cc735c871dc519838cb235bb,cxa0af3165c08318e988cb30993b3048335b94af6c,cx5faae53c4dbd1fbe4a2eb4aab6565030f10da5c6,0x17d883f0230475e,0xb86a3453d2aba6d2c9a5c9224b8afa8c0e1834821bcde0ec67e702d4080580f9,11,94217104,0.10739177032779555,1741115014793906,Balanced Dollar,0.2235188875,bnUSD,0,2,2025-03-04
cx88fd7df7ddff82f7cc735c871dc519838cb235bb,cxa0af3165c08318e988cb30993b3048335b94af6c,cx21e94c08c03daee80c25d8ee3ea22a20786ec231,0x3deacd37a3b39776f,0xb86a3453d2aba6d2c9a5c9224b8afa8c0e1834821bcde0ec67e702d4080580f9,10,94217104,71.38566431547598,1741115014793906,Balanced Dollar,0.2235188875,bnUSD,0,2,2025-03-04
cx2609b924e33ef00b648a409245c7ea394c467824,cx21e94c08c03daee80c25d8ee3ea22a20786ec231,cxa0af3165c08318e988cb30993b3048335b94af6c,0x1b543c58dd4870df39,0xb86a3453d2aba6d2c9a5c9224b8afa8c0e1834821bcde0ec67e702d4080580f9,9,94217104,504.13191409537285,1741115014793906,Staked ICX,0.2235188875,sICX,0,2,2025-03-04
cx2609b924e33ef00b648a409245c7ea394c467824,cxa0af3165c08318e988cb30993b3048335b94af6c,cx5faae53c4dbd1fbe4a2eb4aab6565030f10da5c6,0xa8586db232dfdb8,0xb86a3453d2aba6d2c9a5c9224b8afa8c0e1834821bcde0ec67e702d4080580f9,7,94217104,0.758160388027973,1741115014793906,Staked ICX,0.2235188875,sICX,0,2,2025-03-04
cx2609b924e33ef00b648a409245c7ea394c467824,cxa0af3165c08318e988cb30993b3048335b94af6c,cx21e94c08c03daee80c25d8ee3ea22a20786ec231,0x1b543c58dd4870df39,0xb86a3453d2aba6d2c9a5c9224b8afa8c0e1834821bcde0ec67e702d4080580f9,6,94217104,504.13191409537285,1741115014793906,Staked ICX,0.2235188875,sICX,0,2,2025-03-04
cxf61cd5a45dc9f91c15aa65831a30a90d59a09619,cx21e94c08c03daee80c25d8ee3ea22a20786ec231,cxa0af3165c08318e988cb30993b3048335b94af6c,0x212f8112b7c936b26d,0xb86a3453d2aba6d2c9a5c9224b8afa8c0e1834821bcde0ec67e702d4080580f9,5,94217104,612.1655922047576,1741115014793906,Balance Token,0.2235188875,BALN,0,2,2025-03-04
cx88fd7df7ddff82f7cc735c871dc519838cb235bb,cxa0af3165c08318e988cb30993b3048335b94af6c,cx5faae53c4dbd1fbe4a2eb4aab6565030f10da5c6,0x17bcff9d3d78f74,0xb86a3453d2aba6d2c9a5c9224b8afa8c0e1834821bcde0ec67e702d4080580f9,3,94217104,0.1069076880812645,1741115014793906,Balanced Dollar,0.2235188875,bnUSD,0,2,2025-03-04
cxf61cd5a45dc9f91c15aa65831a30a90d59a09619,cxa0af3165c08318e988cb30993b3048335b94af6c,cx21e94c08c03daee80c25d8ee3ea22a20786ec231,0x212f8112b7c936b26d,0xb86a3453d2aba6d2c9a5c9224b8afa8c0e1834821bcde0ec67e702d4080580f9,2,94217104,612.1655922047576,1741115014793906,Balance Token,0.2235188875,BALN,0,2,2025-03-04
cx88fd7df7ddff82f7cc735c871dc519838cb235bb,cx21e94c08c03daee80c25d8ee3ea22a20786ec231,cxa0af3165c08318e988cb30993b3048335b94af6c,0x3dd18454256b04000,0xb86a3453d2aba6d2c9a5c9224b8afa8c0e1834821bcde0ec67e702d4080580f9,1,94217104,71.27179205417633,1741115014793906,Balanced Dollar,0.2235188875,bnUSD,0,2,2025-03-04
cx88fd7df7ddff82f7cc735c871dc519838cb235bb,hx7497c286aa521b09b2b54d78cde3fa4573c0e157,cx21e94c08c03daee80c25d8ee3ea22a20786ec231,0x3dd18454256b04000,0xb86a3453d2aba6d2c9a5c9224b8afa8c0e1834821bcde0ec67e702d4080580f9,0,94217104,71.27179205417633,1741115014793906,Balanced Dollar,0.2235188875,bnUSD,0,2,2025-03-04
cx2609b924e33ef00b648a409245c7ea394c467824,cx21e94c08c03daee80c25d8ee3ea22a20786ec231,hx2debd9ec927cca1639da8d3518dd9dbf1cdfb357,0x6c6b536e09f49f6675,0x702215ff79c9b88f6492b5f3441c48ca5b0ed197e380bfccb54d6f8d4d40587d,5,94217103,1999.9820059347946,1741115012796077,Staked ICX,0.112702,sICX,0,1,2025-03-04
cx88fd7df7ddff82f7cc735c871dc519838cb235bb,cxa0af3165c08318e988cb30993b3048335b94af6c,cx5faae53c4dbd1fbe4a2eb4aab6565030f10da5c6,0x5ede97e5456c804,0x702215ff79c9b88f6492b5f3441c48ca5b0ed197e380bfccb54d6f8d4d40587d,3,94217103,0.4272542684601897,1741115012796077,Balanced Dollar,0.112702,bnUSD,0,1,2025-03-04
cx2609b924e33ef00b648a409245c7ea394c467824,cxa0af3165c08318e988cb30993b3048335b94af6c,cx21e94c08c03daee80c25d8ee3ea22a20786ec231,0x6c6b536e09f49f6675,0x702215ff79c9b88f6492b5f3441c48ca5b0ed197e380bfccb54d6f8d4d40587d,2,94217103,1999.9820059347946,1741115012796077,Staked ICX,0.112702,sICX,0,1,2025-03-04
cx88fd7df7ddff82f7cc735c871dc519838cb235bb,cx21e94c08c03daee80c25d8ee3ea22a20786ec231,cxa0af3165c08318e988cb30993b3048335b94af6c,0xf70e563a64ca8dfc0,0x702215ff79c9b88f6492b5f3441c48ca5b0ed197e380bfccb54d6f8d4d40587d,1,94217103,284.8361789734598,1741115012796077,Balanced Dollar,0.112702,bnUSD,0,1,2025-03-04
cx88fd7df7ddff82f7cc735c871dc519838cb235bb,hx2debd9ec927cca1639da8d3518dd9dbf1cdfb357,cx21e94c08c03daee80c25d8ee3ea22a20786ec231,0xf70e563a64ca8dfc0,0x702215ff79c9b88f6492b5f3441c48ca5b0ed197e380bfccb54d6f8d4d40587d,0,94217103,284.8361789734598,1741115012796077,Balanced Dollar,0.112702,bnUSD,0,1,2025-03-04
cx88fd7df7ddff82f7cc735c871dc519838cb235bb,cxa0af3165c08318e988cb30993b3048335b94af6c,cx5faae53c4dbd1fbe4a2eb4aab6565030f10da5c6,0x5e6024696a9b4ed,0xf7412b3a43a335af82f1df53580c469c42b9e185e91f024d8ec594c197da92c9,2,94217102,0.4250297170317611,1741115010794532,Balanced Dollar,0.0460144875,bnUSD,0,3,2025-03-04
cx65c9e3d4fea842e00add0d32a5b4c5e4e04c7a6b,cxa0af3165c08318e988cb30993b3048335b94af6c,hx2795b422d55c51caa27f5c6397561e73d73e8bff,0x77359e25,0xf7412b3a43a335af82f1df53580c469c42b9e185e91f024d8ec594c197da92c9,1,94217102,2.000002597,1741115010794532,Solana,0.0460144875,SOL,0,3,2025-03-04
cx88fd7df7ddff82f7cc735c871dc519838cb235bb,hx2795b422d55c51caa27f5c6397561e73d73e8bff,cxa0af3165c08318e988cb30993b3048335b94af6c,0xf5c5097d3049c8000,0xf7412b3a43a335af82f1df53580c469c42b9e185e91f024d8ec594c197da92c9,0,94217102,283.35314468784077,1741115010794532,Balanced Dollar,0.0460144875,bnUSD,0,3,2025-03-04
cx88fd7df7ddff82f7cc735c871dc519838cb235bb,cxa0af3165c08318e988cb30993b3048335b94af6c,cx5faae53c4dbd1fbe4a2eb4aab6565030f10da5c6,0x29d684183090c18,0x745ffd14907bb5891731334fb013f63a90dcb92dc45da70e957101e3383e96bd,2,94217102,0.18842139000000002,1741115010794532,Balanced Dollar,0.0460587125,bnUSD,0,2,2025-03-04
cx508002ec116fbf3ab406329c0df28e70d7e75fb3,cxa0af3165c08318e988cb30993b3048335b94af6c,hxd75467e3e4ce64e3424c747dfb71503017440433,0xbb16f2551,0x745ffd14907bb5891731334fb013f63a90dcb92dc45da70e957101e3383e96bd,1,94217102,50.221491537,1741115010794532,Sui,0.0460587125,SUI,0,2,2025-03-04
cx88fd7df7ddff82f7cc735c871dc519838cb235bb,hxd75467e3e4ce64e3424c747dfb71503017440433,cxa0af3165c08318e988cb30993b3048335b94af6c,0x6cf3f7fefe78f8000,0x745ffd14907bb5891731334fb013f63a90dcb92dc45da70e957101e3383e96bd,0,94217102,125.61426000000002,1741115010794532,Balanced Dollar,0.0460587125,bnUSD,0,2,2025-03-04
cx07b184a37f03c6ab681fcbd0b45aec6dc3eafbeb,hx970eda4988e547df0de8324226fdf3e8ebc9734f,hx0000000000000000000000000000000000000000,0xd529ae9e860000,0x66081c9be63bbc8b27054ebb43ba7cd0382204170314551252300731ccaa9765,0,94217097,0.06,1741115001054123,Bitcoin,0.0227048375,BTC,0,1,2025-03-04
cx88fd7df7ddff82f7cc735c871dc519838cb235bb,cxa0af3165c08318e988cb30993b3048335b94af6c,cx5faae53c4dbd1fbe4a2eb4aab6565030f10da5c6,0xec5fc658b2eff3,0x14fadf9deff1b01e320cf4b48c8aeaae487d92aa906cd93dcafe118540de6cd8,2,94217094,0.06653339999999999,1741114994986846,Balanced Dollar,0.0563627125,bnUSD,0,1,2025-03-04
cx4297f4b63262507623b6ad575d0d8dd2db980e4e,cxa0af3165c08318e988cb30993b3048335b94af6c,hxd75467e3e4ce64e3424c747dfb71503017440433,0x37a72645b6fa1405,0x14fadf9deff1b01e320cf4b48c8aeaae487d92aa906cd93dcafe118540de6cd8,1,94217094,4.010216074061157,1741114994986846,Injective,0.0563627125,INJ,0,1,2025-03-04
cx88fd7df7ddff82f7cc735c871dc519838cb235bb,hxd75467e3e4ce64e3424c747dfb71503017440433,cxa0af3165c08318e988cb30993b3048335b94af6c,0x2678ebf31a750e000,0x14fadf9deff1b01e320cf4b48c8aeaae487d92aa906cd93dcafe118540de6cd8,0,94217094,44.35559999999999,1741114994986846,Balanced Dollar,0.0563627125,bnUSD,0,1,2025-03-04
cx88fd7df7ddff82f7cc735c871dc519838cb235bb,cxa0af3165c08318e988cb30993b3048335b94af6c,cx5faae53c4dbd1fbe4a2eb4aab6565030f10da5c6,0x1ae2886efd4a000,0xd03b2aee69c830ece7d5fcce89857aedfebed63faccf4baca2c912a90adb0fc3,2,94217089,0.1210788,1741114984983270,Balanced Dollar,0.056310275,bnUSD,0,1,2025-03-04
cx66a031cc3bd305c76371fb586e93801b948254f0,cxa0af3165c08318e988cb30993b3048335b94af6c,hxd75467e3e4ce64e3424c747dfb71503017440433,0x37afde9fefad28a2,0xd03b2aee69c830ece7d5fcce89857aedfebed63faccf4baca2c912a90adb0fc3,1,94217089,4.01267057151267,1741114984983270,Avalanche,0.056310275,AVAX,0,1,2025-03-04
cx88fd7df7ddff82f7cc735c871dc519838cb235bb,hxd75467e3e4ce64e3424c747dfb71503017440433,cxa0af3165c08318e988cb30993b3048335b94af6c,0x4603434bb39b60000,0xd03b2aee69c830ece7d5fcce89857aedfebed63faccf4baca2c912a90adb0fc3,0,94217089,80.7192,1741114984983270,Balanced Dollar,0.056310275,bnUSD,0,1,2025-03-04
cx88fd7df7ddff82f7cc735c871dc519838cb235bb,cxa0af3165c08318e988cb30993b3048335b94af6c,cx5faae53c4dbd1fbe4a2eb4aab6565030f10da5c6,0x15805fb5a658af9,0x6d446efa8c48fc6549c6306a3c6fa8edf3f25417ab6fa334d4c925acd8f0172e,2,94217084,0.09683396909999999,1741114974775057,Balanced Dollar,0.056400425,bnUSD,0,2,2025-03-04
cx288d13e1b63563459a2ac6179f237711f6851cb5,cxa0af3165c08318e988cb30993b3048335b94af6c,hxd75467e3e4ce64e3424c747dfb71503017440433,0x6b442edb81ac45,0x6d446efa8c48fc6549c6306a3c6fa8edf3f25417ab6fa334d4c925acd8f0172e,1,94217084,0.030192790549933124,1741114974775057,Ethereum,0.056400425,ETH,0,2,2025-03-04
cx88fd7df7ddff82f7cc735c871dc519838cb235bb,hxd75467e3e4ce64e3424c747dfb71503017440433,cxa0af3165c08318e988cb30993b3048335b94af6c,0x37fe4e93b686f4000,0x6d446efa8c48fc6549c6306a3c6fa8edf3f25417ab6fa334d4c925acd8f0172e,0,94217084,64.5559794,1741114974775057,Balanced Dollar,0.056400425,bnUSD,0,2,2025-03-04
cx07b184a37f03c6ab681fcbd0b45aec6dc3eafbeb,cx21e94c08c03daee80c25d8ee3ea22a20786ec231,hx970eda4988e547df0de8324226fdf3e8ebc9734f,0x2386f26fc10001,0x89b7e01a85dc4f2b4c0feb06af9222afe84df80888c9cd5e61b1eb9f8706500a,5,94217081,0.01,1741114968772796,Bitcoin,0.0860030125,BTC,0,3,2025-03-04
cx88fd7df7ddff82f7cc735c871dc519838cb235bb,cxa0af3165c08318e988cb30993b3048335b94af6c,cx5faae53c4dbd1fbe4a2eb4aab6565030f10da5c6,0x11f5d81c37896004,0x89b7e01a85dc4f2b4c0feb06af9222afe84df80888c9cd5e61b1eb9f8706500a,3,94217081,1.2941780836413195,1741114968772796,Balanced Dollar,0.0860030125,bnUSD,0,3,2025-03-04
cx07b184a37f03c6ab681fcbd0b45aec6dc3eafbeb,cxa0af3165c08318e988cb30993b3048335b94af6c,cx21e94c08c03daee80c25d8ee3ea22a20786ec231,0x2386f26fc10001,0x89b7e01a85dc4f2b4c0feb06af9222afe84df80888c9cd5e61b1eb9f8706500a,2,94217081,0.01,1741114968772796,Bitcoin,0.0860030125,BTC,0,3,2025-03-04
cx88fd7df7ddff82f7cc735c871dc519838cb235bb,cx21e94c08c03daee80c25d8ee3ea22a20786ec231,cxa0af3165c08318e988cb30993b3048335b94af6c,0x2ec58d7425f5bf6109,0x89b7e01a85dc4f2b4c0feb06af9222afe84df80888c9cd5e61b1eb9f8706500a,1,94217081,862.785389094213,1741114968772796,Balanced Dollar,0.0860030125,bnUSD,0,3,2025-03-04
cx88fd7df7ddff82f7cc735c871dc519838cb235bb,hx970eda4988e547df0de8324226fdf3e8ebc9734f,cx21e94c08c03daee80c25d8ee3ea22a20786ec231,0x2ec58d7425f5bf6109,0x89b7e01a85dc4f2b4c0feb06af9222afe84df80888c9cd5e61b1eb9f8706500a,0,94217081,862.785389094213,1741114968772796,Balanced Dollar,0.0860030125,bnUSD,0,3,2025-03-04
cx3975b43d260fb8ec802cef6e60c2f4d07486f11d,hx970eda4988e547df0de8324226fdf3e8ebc9734f,hx0000000000000000000000000000000000000000,0xa2a15d09519be0000a,0xba8825db405238afc11c36f35b3e5bd2845290ca94d43fcfe00076f858c7c7a2,10,94217079,3000.0,1741114964777092,Wrapped ICX,0.1555802,wICX,0,2,2025-03-04
cx3975b43d260fb8ec802cef6e60c2f4d07486f11d,cx21e94c08c03daee80c25d8ee3ea22a20786ec231,hx970eda4988e547df0de8324226fdf3e8ebc9734f,0xa2a15d09519be0000a,0xba8825db405238afc11c36f35b3e5bd2845290ca94d43fcfe00076f858c7c7a2,9,94217079,3000.0,1741114964777092,Wrapped ICX,0.1555802,wICX,0,2,2025-03-04
cx2609b924e33ef00b648a409245c7ea394c467824,cxa0af3165c08318e988cb30993b3048335b94af6c,cx5faae53c4dbd1fbe4a2eb4aab6565030f10da5c6,0x2fe3a302fd826eb1,0xba8825db405238afc11c36f35b3e5bd2845290ca94d43fcfe00076f858c7c7a2,7,94217079,3.4507809727343774,1741114964777092,Staked ICX,0.1555802,sICX,0,2,2025-03-04
cx3975b43d260fb8ec802cef6e60c2f4d07486f11d,cxa0af3165c08318e988cb30993b3048335b94af6c,cx21e94c08c03daee80c25d8ee3ea22a20786ec231,0xa2a15d09519be0000a,0xba8825db405238afc11c36f35b3e5bd2845290ca94d43fcfe00076f858c7c7a2,6,94217079,3000.0,1741114964777092,Wrapped ICX,0.1555802,wICX,0,2,2025-03-04
cx2609b924e33ef00b648a409245c7ea394c467824,cx21e94c08c03daee80c25d8ee3ea22a20786ec231,cxa0af3165c08318e988cb30993b3048335b94af6c,0x7cb6232d1ed90044a1,0xba8825db405238afc11c36f35b3e5bd2845290ca94d43fcfe00076f858c7c7a2,5,94217079,2300.5206484895853,1741114964777092,Staked ICX,0.1555802,sICX,0,2,2025-03-04
cx88fd7df7ddff82f7cc735c871dc519838cb235bb,cxa0af3165c08318e988cb30993b3048335b94af6c,cx5faae53c4dbd1fbe4a2eb4aab6565030f10da5c6,0x6d0c578140b560e,0xba8825db405238afc11c36f35b3e5bd2845290ca94d43fcfe00076f858c7c7a2,3,94217079,0.4911094789064187,1741114964777092,Balanced Dollar,0.1555802,bnUSD,0,2,2025-03-04
cx2609b924e33ef00b648a409245c7ea394c467824,cxa0af3165c08318e988cb30993b3048335b94af6c,cx21e94c08c03daee80c25d8ee3ea22a20786ec231,0x7cb6232d1ed90044a1,0xba8825db405238afc11c36f35b3e5bd2845290ca94d43fcfe00076f858c7c7a2,2,94217079,2300.5206484895853,1741114964777092,Staked ICX,0.1555802,sICX,0,2,2025-03-04
cx88fd7df7ddff82f7cc735c871dc519838cb235bb,cx21e94c08c03daee80c25d8ee3ea22a20786ec231,cxa0af3165c08318e988cb30993b3048335b94af6c,0x11bface8b432dac48b,0xba8825db405238afc11c36f35b3e5bd2845290ca94d43fcfe00076f858c7c7a2,1,94217079,327.4063192709458,1741114964777092,Balanced Dollar,0.1555802,bnUSD,0,2,2025-03-04
cx88fd7df7ddff82f7cc735c871dc519838cb235bb,hx970eda4988e547df0de8324226fdf3e8ebc9734f,cx21e94c08c03daee80c25d8ee3ea22a20786ec231,0x11bface8b432dac48b,0xba8825db405238afc11c36f35b3e5bd2845290ca94d43fcfe00076f858c7c7a2,0,94217079,327.4063192709458,1741114964777092,Balanced Dollar,0.1555802,bnUSD,0,2,2025-03-04
cx88fd7df7ddff82f7cc735c871dc519838cb235bb,cxa0af3165c08318e988cb30993b3048335b94af6c,cx5faae53c4dbd1fbe4a2eb4aab6565030f10da5c6,0xe52fe3c66f3a00,0x0cdd54c240a1ca28c8c1c0d0954965889ed1c8c79bd2ef19629f005d01bb757f,2,94217079,0.064510425,1741114964777092,Balanced Dollar,0.046032925,bnUSD,0,1,2025-03-04
cx65c9e3d4fea842e00add0d32a5b4c5e4e04c7a6b,cxa0af3165c08318e988cb30993b3048335b94af6c,hxd75467e3e4ce64e3424c747dfb71503017440433,0x12219061,0x0cdd54c240a1ca28c8c1c0d0954965889ed1c8c79bd2ef19629f005d01bb757f,1,94217079,0.304189537,1741114964777092,Solana,0.046032925,SOL,0,1,2025-03-04
cx88fd7df7ddff82f7cc735c871dc519838cb235bb,hxd75467e3e4ce64e3424c747dfb71503017440433,cxa0af3165c08318e988cb30993b3048335b94af6c,0x254d7612a16fc6000,0x0cdd54c240a1ca28c8c1c0d0954965889ed1c8c79bd2ef19629f005d01bb757f,0,94217079,43.00695,1741114964777092,Balanced Dollar,0.046032925,bnUSD,0,1,2025-03-04
cx88fd7df7ddff82f7cc735c871dc519838cb235bb,cxa0af3165c08318e988cb30993b3048335b94af6c,cx5faae53c4dbd1fbe4a2eb4aab6565030f10da5c6,0xe51344f1ab9d06,0x8138928c00b55fac1e46ebf7d3ad7ca462cb87fffc82193f251c3b3d4eef2000,2,94217066,0.0644789565,1741114938764031,Balanced Dollar,0.046032925,bnUSD,0,1,2025-03-04
cx65c9e3d4fea842e00add0d32a5b4c5e4e04c7a6b,cxa0af3165c08318e988cb30993b3048335b94af6c,hxd75467e3e4ce64e3424c747dfb71503017440433,0x1221d8b6,0x8138928c00b55fac1e46ebf7d3ad7ca462cb87fffc82193f251c3b3d4eef2000,1,94217066,0.304208054,1741114938764031,Solana,0.046032925,SOL,0,1,2025-03-04
cx88fd7df7ddff82f7cc735c871dc519838cb235bb,hxd75467e3e4ce64e3424c747dfb71503017440433,cxa0af3165c08318e988cb30993b3048335b94af6c,0x2548cd8e0043e4000,0x8138928c00b55fac1e46ebf7d3ad7ca462cb87fffc82193f251c3b3d4eef2000,0,94217066,42.985971000000006,1741114938764031,Balanced Dollar,0.046032925,bnUSD,0,1,2025-03-04
cx88fd7df7ddff82f7cc735c871dc519838cb235bb,cxa0af3165c08318e988cb30993b3048335b94af6c,cx5faae53c4dbd1fbe4a2eb4aab6565030f10da5c6,0x156be7b78ae7b89,0x998827cb81d47f88f4341855d8a56b9afd5511d6714da7a8d019e166e5da11f4,2,94217060,0.09647387955,1741114926760541,Balanced Dollar,0.056400425,bnUSD,0,1,2025-03-04
cx288d13e1b63563459a2ac6179f237711f6851cb5,cxa0af3165c08318e988cb30993b3048335b94af6c,hxd75467e3e4ce64e3424c747dfb71503017440433,0x6ae5edc8df1b92,0x998827cb81d47f88f4341855d8a56b9afd5511d6714da7a8d019e166e5da11f4,1,94217060,0.030089156971404178,1741114926760541,Ethereum,0.056400425,ETH,0,1,2025-03-04
cx88fd7df7ddff82f7cc735c871dc519838cb235bb,hxd75467e3e4ce64e3424c747dfb71503017440433,cxa0af3165c08318e988cb30993b3048335b94af6c,0x37c900c34f10c6000,0x998827cb81d47f88f4341855d8a56b9afd5511d6714da7a8d019e166e5da11f4,0,94217060,64.31591970000001,1741114926760541,Balanced Dollar,0.056400425,bnUSD,0,1,2025-03-04
cx88fd7df7ddff82f7cc735c871dc519838cb235bb,cxa0af3165c08318e988cb30993b3048335b94af6c,cx5faae53c4dbd1fbe4a2eb4aab6565030f10da5c6,0x156b99371770189,0xc32861b9a7075024b3eeb81080998f5bdc17f8e394de536092ebb9d43c4b0bbf,2,94217026,0.09646848495,1741114858733655,Balanced Dollar,0.056400425,bnUSD,0,1,2025-03-04
cx288d13e1b63563459a2ac6179f237711f6851cb5,cxa0af3165c08318e988cb30993b3048335b94af6c,hxd75467e3e4ce64e3424c747dfb71503017440433,0x6aec3f2946a610,0xc32861b9a7075024b3eeb81080998f5bdc17f8e394de536092ebb9d43c4b0bbf,1,94217026,0.030096103550920208,1741114858733655,Ethereum,0.056400425,ETH,0,1,2025-03-04
cx88fd7df7ddff82f7cc735c871dc519838cb235bb,hxd75467e3e4ce64e3424c747dfb71503017440433,cxa0af3165c08318e988cb30993b3048335b94af6c,0x37c83454cd0940000,0xc32861b9a7075024b3eeb81080998f5bdc17f8e394de536092ebb9d43c4b0bbf,0,94217026,64.3123233,1741114858733655,Balanced Dollar,0.056400425,bnUSD,0,1,2025-03-04
cx88fd7df7ddff82f7cc735c871dc519838cb235bb,cxa0af3165c08318e988cb30993b3048335b94af6c,cx5faae53c4dbd1fbe4a2eb4aab6565030f10da5c6,0xe3e8cc8ffcc9f3,0x0ea7585baaade3da199b66582385fdcfaae2c497953e47cf9f023f080ac20e9f,2,94217021,0.06415078499999999,1741114848728480,Balanced Dollar,0.046032925,bnUSD,0,1,2025-03-04
cx65c9e3d4fea842e00add0d32a5b4c5e4e04c7a6b,cxa0af3165c08318e988cb30993b3048335b94af6c,hxd75467e3e4ce64e3424c747dfb71503017440433,0x120cc00e,0x0ea7585baaade3da199b66582385fdcfaae2c497953e47cf9f023f080ac20e9f,1,94217021,0.302825486,1741114848728480,Solana,0.046032925,SOL,0,1,2025-03-04
cx88fd7df7ddff82f7cc735c871dc519838cb235bb,hxd75467e3e4ce64e3424c747dfb71503017440433,cxa0af3165c08318e988cb30993b3048335b94af6c,0x2518394b6f7a34000,0x0ea7585baaade3da199b66582385fdcfaae2c497953e47cf9f023f080ac20e9f,0,94217021,42.76718999999999,1741114848728480,Balanced Dollar,0.046032925,bnUSD,0,1,2025-03-04
cx88fd7df7ddff82f7cc735c871dc519838cb235bb,cxa0af3165c08318e988cb30993b3048335b94af6c,cx5faae53c4dbd1fbe4a2eb4aab6565030f10da5c6,0xe3c40059dcb706,0x9551a177d9ada08d7cb878793415ab64841eebf5b4e081190eea6bec799f9df9,2,94217005,0.06411032550000001,1741114816715251,Balanced Dollar,0.0460356125,bnUSD,0,1,2025-03-04
cx65c9e3d4fea842e00add0d32a5b4c5e4e04c7a6b,cxa0af3165c08318e988cb30993b3048335b94af6c,hxd75467e3e4ce64e3424c747dfb71503017440433,0x120c5ba2,0x9551a177d9ada08d7cb878793415ab64841eebf5b4e081190eea6bec799f9df9,1,94217005,0.302799778,1741114816715251,Solana,0.0460356125,SOL,0,1,2025-03-04
cx88fd7df7ddff82f7cc735c871dc519838cb235bb,hxd75467e3e4ce64e3424c747dfb71503017440433,cxa0af3165c08318e988cb30993b3048335b94af6c,0x25123c0ea041ca000,0x9551a177d9ada08d7cb878793415ab64841eebf5b4e081190eea6bec799f9df9,0,94217005,42.740217,1741114816715251,Balanced Dollar,0.0460356125,bnUSD,0,1,2025-03-04
cx2609b924e33ef00b648a409245c7ea394c467824,cx43e2eec79eb76293c298f2b17aec06097be606e0,hx0000000000000000000000000000000000000000,0x265fbd32047ba380000,0x0b0e0a5e06f1d7971800cba4f6efb5a95e839db4d7cec41e46077bb8dc2e2707,1,94217002,11326.0,1741114810713759,Staked ICX,0.086469975,sICX,0,1,2025-03-04
cx2609b924e33ef00b648a409245c7ea394c467824,hxc1718c79947e0f673296218b5b23adbd9a3b38a8,cx43e2eec79eb76293c298f2b17aec06097be606e0,0x265fbd32047ba380000,0x0b0e0a5e06f1d7971800cba4f6efb5a95e839db4d7cec41e46077bb8dc2e2707,0,94217002,11326.0,1741114810713759,Staked ICX,0.086469975,sICX,0,1,2025-03-04
cx88fd7df7ddff82f7cc735c871dc519838cb235bb,cxa0af3165c08318e988cb30993b3048335b94af6c,cx5faae53c4dbd1fbe4a2eb4aab6565030f10da5c6,0x1571d56aedf077c,0x17bf0e20d1c39545ce4e6f1cc3123c8c2f3aaa95f69107278987e51e1bbce6d6,2,94217000,0.09657817515,1741114806986012,Balanced Dollar,0.056400425,bnUSD,0,1,2025-03-04
cx288d13e1b63563459a2ac6179f237711f6851cb5,cxa0af3165c08318e988cb30993b3048335b94af6c,hxd75467e3e4ce64e3424c747dfb71503017440433,0x6b133c37075249,0x17bf0e20d1c39545ce4e6f1cc3123c8c2f3aaa95f69107278987e51e1bbce6d6,1,94217000,0.030138971850232392,1741114806986012,Ethereum,0.056400425,ETH,0,1,2025-03-04
cx88fd7df7ddff82f7cc735c871dc519838cb235bb,hxd75467e3e4ce64e3424c747dfb71503017440433,cxa0af3165c08318e988cb30993b3048335b94af6c,0x37d8711bcba238000,0x17bf0e20d1c39545ce4e6f1cc3123c8c2f3aaa95f69107278987e51e1bbce6d6,0,94217000,64.3854501,1741114806986012,Balanced Dollar,0.056400425,bnUSD,0,1,2025-03-04
cx88fd7df7ddff82f7cc735c871dc519838cb235bb,cxa0af3165c08318e988cb30993b3048335b94af6c,cx5faae53c4dbd1fbe4a2eb4aab6565030f10da5c6,0x29e0bcd1e424400,0x770a9de491fe2eb100fbdab3b92e2b052b4f26b0e6f0b9e21433679ad6626e94,2,94216995,0.18860121,1741114796884104,Balanced Dollar,0.0460587125,bnUSD,0,1,2025-03-04
cx508002ec116fbf3ab406329c0df28e70d7e75fb3,cxa0af3165c08318e988cb30993b3048335b94af6c,hxd75467e3e4ce64e3424c747dfb71503017440433,0xbb78e7ecd,0x770a9de491fe2eb100fbdab3b92e2b052b4f26b0e6f0b9e21433679ad6626e94,1,94216995,50.324209357,1741114796884104,Sui,0.0460587125,SUI,0,1,2025-03-04
cx88fd7df7ddff82f7cc735c871dc519838cb235bb,hxd75467e3e4ce64e3424c747dfb71503017440433,cxa0af3165c08318e988cb30993b3048335b94af6c,0x6d0e96629773bc000,0x770a9de491fe2eb100fbdab3b92e2b052b4f26b0e6f0b9e21433679ad6626e94,0,94216995,125.73414,1741114796884104,Balanced Dollar,0.0460587125,bnUSD,0,1,2025-03-04
cx88fd7df7ddff82f7cc735c871dc519838cb235bb,cxa0af3165c08318e988cb30993b3048335b94af6c,cx5faae53c4dbd1fbe4a2eb4aab6565030f10da5c6,0xec29427a4a8800,0x6536cb22bec5a3435dc51eaed19bd22286019025a03204ab99e8e6ff29625661,2,94216989,0.06647346,1741114784959514,Balanced Dollar,0.0563627125,bnUSD,0,1,2025-03-04
cx4297f4b63262507623b6ad575d0d8dd2db980e4e,cxa0af3165c08318e988cb30993b3048335b94af6c,hxd75467e3e4ce64e3424c747dfb71503017440433,0x37a11f3939b9bd16,0x6536cb22bec5a3435dc51eaed19bd22286019025a03204ab99e8e6ff29625661,1,94216989,4.008519473978523,1741114784959514,Injective,0.0563627125,INJ,0,1,2025-03-04
cx88fd7df7ddff82f7cc735c871dc519838cb235bb,hxd75467e3e4ce64e3424c747dfb71503017440433,cxa0af3165c08318e988cb30993b3048335b94af6c,0x26700c7c922178000,0x6536cb22bec5a3435dc51eaed19bd22286019025a03204ab99e8e6ff29625661,0,94216989,44.31564,1741114784959514,Balanced Dollar,0.0563627125,bnUSD,0,1,2025-03-04
cx88fd7df7ddff82f7cc735c871dc519838cb235bb,cxa0af3165c08318e988cb30993b3048335b94af6c,cx5faae53c4dbd1fbe4a2eb4aab6565030f10da5c6,0x157a92b7c8c1c76,0xdddb424730ab7a40243c1ab0fa44878056d69e54e24c8c0fab53dc1689c08a53,2,94216979,0.09673192124999999,1741114764699218,Balanced Dollar,0.056400425,bnUSD,0,1,2025-03-04
cx288d13e1b63563459a2ac6179f237711f6851cb5,cxa0af3165c08318e988cb30993b3048335b94af6c,hxd75467e3e4ce64e3424c747dfb71503017440433,0x6b46c37119d2b0,0xdddb424730ab7a40243c1ab0fa44878056d69e54e24c8c0fab53dc1689c08a53,1,94216979,0.030195627738124977,1741114764699218,Ethereum,0.056400425,ETH,0,1,2025-03-04
cx88fd7df7ddff82f7cc735c871dc519838cb235bb,hxd75467e3e4ce64e3424c747dfb71503017440433,cxa0af3165c08318e988cb30993b3048335b94af6c,0x37ef33694578a2000,0xdddb424730ab7a40243c1ab0fa44878056d69e54e24c8c0fab53dc1689c08a53,0,94216979,64.48794749999999,1741114764699218,Balanced Dollar,0.056400425,bnUSD,0,1,2025-03-04
cx88fd7df7ddff82f7cc735c871dc519838cb235bb,cxa0af3165c08318e988cb30993b3048335b94af6c,cx5faae53c4dbd1fbe4a2eb4aab6565030f10da5c6,0xe3e8cc8ffcc9f3,0xc2fe4a09fcb2330efe223d76ad4568f7eb6abc6cfcee3e32b3472c24a5fc9c18,2,94216974,0.06415078499999999,1741114754698149,Balanced Dollar,0.0460316125,bnUSD,0,2,2025-03-04
cx65c9e3d4fea842e00add0d32a5b4c5e4e04c7a6b,cxa0af3165c08318e988cb30993b3048335b94af6c,hxd75467e3e4ce64e3424c747dfb71503017440433,0x1211ccac,0xc2fe4a09fcb2330efe223d76ad4568f7eb6abc6cfcee3e32b3472c24a5fc9c18,1,94216974,0.303156396,1741114754698149,Solana,0.0460316125,SOL,0,2,2025-03-04
cx88fd7df7ddff82f7cc735c871dc519838cb235bb,hxd75467e3e4ce64e3424c747dfb71503017440433,cxa0af3165c08318e988cb30993b3048335b94af6c,0x2518394b6f7a34000,0xc2fe4a09fcb2330efe223d76ad4568f7eb6abc6cfcee3e32b3472c24a5fc9c18,0,94216974,42.76718999999999,1741114754698149,Balanced Dollar,0.0460316125,bnUSD,0,2,2025-03-04
cx5f1cc357f2304fb2646e20211adbe137ab5852dd,hx8a83082b8f0fd30f1c93bcb993e796de45db2e2b,hx8a83082b8f0fd30f1c93bcb993e796de45db2e2b,0x0,0x06f8dc0fb6b88e6af94c5e9c096c11a139c7f28dc9056333d95e8cf5c4ef3192,0,94216974,0.0,1741114754698149,unknown_token,0.003829875,$unknown,1,1,2025-03-04
cx518f64edcd35db9044a2de63fdc10abfd5f7d611,cx21e94c08c03daee80c25d8ee3ea22a20786ec231,hxd75467e3e4ce64e3424c747dfb71503017440433,0xef7b551f,0x412287880b3a39f473e42f78100830d2e0b32f123be2cd86d976849b9625e042,9,94216946,401.7837343,1741114698675660,Stellar,0.1691909125,XLM,0,1,2025-03-04
cx2609b924e33ef00b648a409245c7ea394c467824,cxa0af3165c08318e988cb30993b3048335b94af6c,cx5faae53c4dbd1fbe4a2eb4aab6565030f10da5c6,0x1141d55641a04f97,0x412287880b3a39f473e42f78100830d2e0b32f123be2cd86d976849b9625e042,7,94216946,1.2435095385758965,1741114698675660,Staked ICX,0.1691909125,sICX,0,1,2025-03-04
cx518f64edcd35db9044a2de63fdc10abfd5f7d611,cxa0af3165c08318e988cb30993b3048335b94af6c,cx21e94c08c03daee80c25d8ee3ea22a20786ec231,0xef7b551f,0x412287880b3a39f473e42f78100830d2e0b32f123be2cd86d976849b9625e042,6,94216946,401.7837343,1741114698675660,Stellar,0.1691909125,XLM,0,1,2025-03-04
cx2609b924e33ef00b648a409245c7ea394c467824,cx21e94c08c03daee80c25d8ee3ea22a20786ec231,cxa0af3165c08318e988cb30993b3048335b94af6c,0x2cf0c63b4ae6cf442e,0x412287880b3a39f473e42f78100830d2e0b32f123be2cd86d976849b9625e042,5,94216946,829.0063590505977,1741114698675660,Staked ICX,0.1691909125,sICX,0,1,2025-03-04
cx88fd7df7ddff82f7cc735c871dc519838cb235bb,cxa0af3165c08318e988cb30993b3048335b94af6c,cx5faae53c4dbd1fbe4a2eb4aab6565030f10da5c6,0x2746a18c586d800,0x412287880b3a39f473e42f78100830d2e0b32f123be2cd86d976849b9625e042,3,94216946,0.17688294,1741114698675660,Balanced Dollar,0.1691909125,bnUSD,0,1,2025-03-04
cx2609b924e33ef00b648a409245c7ea394c467824,cxa0af3165c08318e988cb30993b3048335b94af6c,cx21e94c08c03daee80c25d8ee3ea22a20786ec231,0x2cf0c63b4ae6cf442e,0x412287880b3a39f473e42f78100830d2e0b32f123be2cd86d976849b9625e042,2,94216946,829.0063590505977,1741114698675660,Staked ICX,0.1691909125,sICX,0,1,2025-03-04
cx88fd7df7ddff82f7cc735c871dc519838cb235bb,cx21e94c08c03daee80c25d8ee3ea22a20786ec231,cxa0af3165c08318e988cb30993b3048335b94af6c,0x6647ef5d7b9d28000,0x412287880b3a39f473e42f78100830d2e0b32f123be2cd86d976849b9625e042,1,94216946,117.92196,1741114698675660,Balanced Dollar,0.1691909125,bnUSD,0,1,2025-03-04
cx88fd7df7ddff82f7cc735c871dc519838cb235bb,hxd75467e3e4ce64e3424c747dfb71503017440433,cx21e94c08c03daee80c25d8ee3ea22a20786ec231,0x6647ef5d7b9d28000,0x412287880b3a39f473e42f78100830d2e0b32f123be2cd86d976849b9625e042,0,94216946,117.92196,1741114698675660,Balanced Dollar,0.1691909125,bnUSD,0,1,2025-03-04
cx88fd7df7ddff82f7cc735c871dc519838cb235bb,cxa0af3165c08318e988cb30993b3048335b94af6c,cx5faae53c4dbd1fbe4a2eb4aab6565030f10da5c6,0xed7059b0bcf800,0xfc929d46f2030166aaa98e10a378d96e0932973fc39fdf49b3b348a98f2d0d4d,2,94216940,0.0668331,1741114686811476,Balanced Dollar,0.0563627125,bnUSD,0,1,2025-03-04
cx4297f4b63262507623b6ad575d0d8dd2db980e4e,cxa0af3165c08318e988cb30993b3048335b94af6c,hxd75467e3e4ce64e3424c747dfb71503017440433,0x37f5090d10fe424d,0xfc929d46f2030166aaa98e10a378d96e0932973fc39fdf49b3b348a98f2d0d4d,1,94216940,4.03213899310447,1741114686811476,Injective,0.0563627125,INJ,0,1,2025-03-04
cx88fd7df7ddff82f7cc735c871dc519838cb235bb,hxd75467e3e4ce64e3424c747dfb71503017440433,cxa0af3165c08318e988cb30993b3048335b94af6c,0x26a54943c41708000,0xfc929d46f2030166aaa98e10a378d96e0932973fc39fdf49b3b348a98f2d0d4d,0,94216940,44.5554,1741114686811476,Balanced Dollar,0.0563627125,bnUSD,0,1,2025-03-04
cx88fd7df7ddff82f7cc735c871dc519838cb235bb,cxa0af3165c08318e988cb30993b3048335b94af6c,cx5faae53c4dbd1fbe4a2eb4aab6565030f10da5c6,0x1ae5f0ace3d0818,0x0e7a1d4dbfcaa893d9428fd6c90669f405f80b1b0daf687edfcf6056d3b75d34,2,94216935,0.12113874000000002,1741114676660318,Balanced Dollar,0.056310275,bnUSD,0,1,2025-03-04
cx66a031cc3bd305c76371fb586e93801b948254f0,cxa0af3165c08318e988cb30993b3048335b94af6c,hxd75467e3e4ce64e3424c747dfb71503017440433,0x37c0584c12d861b3,0x0e7a1d4dbfcaa893d9428fd6c90669f405f80b1b0daf687edfcf6056d3b75d34,1,94216935,4.017307951371412,1741114676660318,Avalanche,0.056310275,AVAX,0,1,2025-03-04
cx88fd7df7ddff82f7cc735c871dc519838cb235bb,hxd75467e3e4ce64e3424c747dfb71503017440433,cxa0af3165c08318e988cb30993b3048335b94af6c,0x460c22c23beefc000,0x0e7a1d4dbfcaa893d9428fd6c90669f405f80b1b0daf687edfcf6056d3b75d34,0,94216935,80.75916000000002,1741114676660318,Balanced Dollar,0.056310275,bnUSD,0,1,2025-03-04
cxf61cd5a45dc9f91c15aa65831a30a90d59a09619,cx9345f80d6c98357ccbb70392b14162199c2c5f66,cxd82fb5d3effecd8c9071a4bba3856ad7222c4b91,0x37a7477088dbaf73,0x8065d477fe053969ebb79befb9ff94973bd165a27d33bffadcc0d204e099103d,4,94216931,4.010252541854724,1741114668653012,Balance Token,0.1301939875,BALN,0,1,2025-03-04
cx2609b924e33ef00b648a409245c7ea394c467824,cx9345f80d6c98357ccbb70392b14162199c2c5f66,cxd82fb5d3effecd8c9071a4bba3856ad7222c4b91,0x3cfa084e546e85b3d,0x8065d477fe053969ebb79befb9ff94973bd165a27d33bffadcc0d204e099103d,3,94216931,70.30133630352545,1741114668653012,Staked ICX,0.1301939875,sICX,0,1,2025-03-04
cx88fd7df7ddff82f7cc735c871dc519838cb235bb,hx0000000000000000000000000000000000000000,cx5faae53c4dbd1fbe4a2eb4aab6565030f10da5c6,0x0,0x8065d477fe053969ebb79befb9ff94973bd165a27d33bffadcc0d204e099103d,2,94216931,0.0,1741114668653012,Balanced Dollar,0.1301939875,bnUSD,0,1,2025-03-04
cx88fd7df7ddff82f7cc735c871dc519838cb235bb,hx0000000000000000000000000000000000000000,cxd82fb5d3effecd8c9071a4bba3856ad7222c4b91,0x9b466275a1985a44,0x8065d477fe053969ebb79befb9ff94973bd165a27d33bffadcc0d204e099103d,1,94216931,11.188738581610387,1741114668653012,Balanced Dollar,0.1301939875,bnUSD,0,1,2025-03-04
cx88fd7df7ddff82f7cc735c871dc519838cb235bb,hx2f3579dabaf9c0edefdc4a7fea442ffca2f5156a,cxd82fb5d3effecd8c9071a4bba3856ad7222c4b91,0x549eabf1adf1c0001,0x8065d477fe053969ebb79befb9ff94973bd165a27d33bffadcc0d204e099103d,0,94216931,97.56,1741114668653012,Balanced Dollar,0.1301939875,bnUSD,0,1,2025-03-04
cx88fd7df7ddff82f7cc735c871dc519838cb235bb,cxa0af3165c08318e988cb30993b3048335b94af6c,cx5faae53c4dbd1fbe4a2eb4aab6565030f10da5c6,0x29e56c27011d2e1,0x1af176ba6b76c8a4f5ae92e96ebfab74a8d169140e6ee2007d1686c8d54d4265,2,94216929,0.18868362749999998,1741114664653542,Balanced Dollar,0.0460587125,bnUSD,0,1,2025-03-04
cx508002ec116fbf3ab406329c0df28e70d7e75fb3,cxa0af3165c08318e988cb30993b3048335b94af6c,hxd75467e3e4ce64e3424c747dfb71503017440433,0xbbc2462d9,0x1af176ba6b76c8a4f5ae92e96ebfab74a8d169140e6ee2007d1686c8d54d4265,1,94216929,50.401141465,1741114664653542,Sui,0.0460587125,SUI,0,1,2025-03-04
cx88fd7df7ddff82f7cc735c871dc519838cb235bb,hxd75467e3e4ce64e3424c747dfb71503017440433,cxa0af3165c08318e988cb30993b3048335b94af6c,0x6d1ac9a592e6a8000,0x1af176ba6b76c8a4f5ae92e96ebfab74a8d169140e6ee2007d1686c8d54d4265,0,94216929,125.78908499999999,1741114664653542,Balanced Dollar,0.0460587125,bnUSD,0,1,2025-03-04
cx88fd7df7ddff82f7cc735c871dc519838cb235bb,cxa0af3165c08318e988cb30993b3048335b94af6c,cx5faae53c4dbd1fbe4a2eb4aab6565030f10da5c6,0xe3d0446be767f3,0xb98146ea74380f02fe8c563e8a9da4ad7c04b417152b2c7afab7e515927249b8,2,94216924,0.06412381199999999,1741114654655593,Balanced Dollar,0.0460316125,bnUSD,0,2,2025-03-04
cx65c9e3d4fea842e00add0d32a5b4c5e4e04c7a6b,cxa0af3165c08318e988cb30993b3048335b94af6c,hxd75467e3e4ce64e3424c747dfb71503017440433,0x121261a8,0xb98146ea74380f02fe8c563e8a9da4ad7c04b417152b2c7afab7e515927249b8,1,94216924,0.303194536,1741114654655593,Solana,0.0460316125,SOL,0,2,2025-03-04
cx88fd7df7ddff82f7cc735c871dc519838cb235bb,hxd75467e3e4ce64e3424c747dfb71503017440433,cxa0af3165c08318e988cb30993b3048335b94af6c,0x25143b22e55496000,0xb98146ea74380f02fe8c563e8a9da4ad7c04b417152b2c7afab7e515927249b8,0,94216924,42.74920799999999,1741114654655593,Balanced Dollar,0.0460316125,bnUSD,0,2,2025-03-04
cx88fd7df7ddff82f7cc735c871dc519838cb235bb,hx0000000000000000000000000000000000000000,cx5faae53c4dbd1fbe4a2eb4aab6565030f10da5c6,0x2b5349b30930000,0xb4ab1900433c262faa59e348477f409441dd534c8ab63ad6707e659f1dcfe9a7,3,94216923,0.19512,1741114652653802,Balanced Dollar,0.100494325,bnUSD,0,1,2025-03-04
cx88fd7df7ddff82f7cc735c871dc519838cb235bb,cx66d4d90f5f113eba575bf793570135f9b10cece1,hx2f3579dabaf9c0edefdc4a7fea442ffca2f5156a,0x549eabf1adf1c0001,0xb4ab1900433c262faa59e348477f409441dd534c8ab63ad6707e659f1dcfe9a7,1,94216923,97.56,1741114652653802,Balanced Dollar,0.100494325,bnUSD,0,1,2025-03-04
cx88fd7df7ddff82f7cc735c871dc519838cb235bb,hx0000000000000000000000000000000000000000,cx66d4d90f5f113eba575bf793570135f9b10cece1,0x549eabf1adf1c0001,0xb4ab1900433c262faa59e348477f409441dd534c8ab63ad6707e659f1dcfe9a7,0,94216923,97.56,1741114652653802,Balanced Dollar,0.100494325,bnUSD,0,1,2025-03-04
cx88fd7df7ddff82f7cc735c871dc519838cb235bb,cxa0af3165c08318e988cb30993b3048335b94af6c,cx5faae53c4dbd1fbe4a2eb4aab6565030f10da5c6,0x157bac04112e6ed,0x4d96825dc94b78ae7b0b1dd31b5e240da35e0767d1b675f0465db768c0ed1538,2,94216919,0.09675125189999999,1741114644876847,Balanced Dollar,0.056400425,bnUSD,0,2,2025-03-04
cx288d13e1b63563459a2ac6179f237711f6851cb5,cxa0af3165c08318e988cb30993b3048335b94af6c,hxd75467e3e4ce64e3424c747dfb71503017440433,0x6b5427a930b9aa,0x4d96825dc94b78ae7b0b1dd31b5e240da35e0767d1b675f0465db768c0ed1538,1,94216919,0.030210351827040682,1741114644876847,Ethereum,0.056400425,ETH,0,2,2025-03-04
cx88fd7df7ddff82f7cc735c871dc519838cb235bb,hxd75467e3e4ce64e3424c747dfb71503017440433,cxa0af3165c08318e988cb30993b3048335b94af6c,0x37f20ff5421396000,0x4d96825dc94b78ae7b0b1dd31b5e240da35e0767d1b675f0465db768c0ed1538,0,94216919,64.50083459999999,1741114644876847,Balanced Dollar,0.056400425,bnUSD,0,2,2025-03-04
cx5f1cc357f2304fb2646e20211adbe137ab5852dd,hx8a83082b8f0fd30f1c93bcb993e796de45db2e2b,hx8a83082b8f0fd30f1c93bcb993e796de45db2e2b,0x0,0x756208e64b303015d7314fe4c85978b8df0f3c73621083e994c0004bd6ad734b,0,94216916,0.0,1741114638644142,unknown_token,0.003824875,$unknown,1,1,2025-03-04
cx88fd7df7ddff82f7cc735c871dc519838cb235bb,cxa0af3165c08318e988cb30993b3048335b94af6c,cx5faae53c4dbd1fbe4a2eb4aab6565030f10da5c6,0x29e3b8080dd9ef9,0x6396e143e57f82e7592830c25124a39da03982feb32633e18145b818527436b7,2,94216911,0.1886536575,1741114628677350,Balanced Dollar,0.0460587125,bnUSD,0,1,2025-03-04
cx508002ec116fbf3ab406329c0df28e70d7e75fb3,cxa0af3165c08318e988cb30993b3048335b94af6c,hxd75467e3e4ce64e3424c747dfb71503017440433,0xbbef1eaa4,0x6396e143e57f82e7592830c25124a39da03982feb32633e18145b818527436b7,1,94216911,50.44816554,1741114628677350,Sui,0.0460587125,SUI,0,1,2025-03-04
cx88fd7df7ddff82f7cc735c871dc519838cb235bb,hxd75467e3e4ce64e3424c747dfb71503017440433,cxa0af3165c08318e988cb30993b3048335b94af6c,0x6d1659ea4ebce0000,0x6396e143e57f82e7592830c25124a39da03982feb32633e18145b818527436b7,0,94216911,125.769105,1741114628677350,Balanced Dollar,0.0460587125,bnUSD,0,1,2025-03-04
cxd17316e24ee40f2ef8ed6f3a497311db1b35206d,hx8026678e3d08ba3203ce6161ee8e9e3b9793491f,hx8026678e3d08ba3203ce6161ee8e9e3b9793491f,0x0,0x9c0b9db153a47355e47808c31cddca9ccc55fb393d44caf607c4a7de34201832,4,94216909,0.0,1741114624644445,unknown_token,0.0172166375,$unknown,34,1,2025-03-04
cx7baf94bd53b505353285ee4c4c050f9703581703,hx8026678e3d08ba3203ce6161ee8e9e3b9793491f,hx0000000000000000000000000000000000000000,0x0,0x9c0b9db153a47355e47808c31cddca9ccc55fb393d44caf607c4a7de34201832,2,94216909,0.0,1741114624644445,unknown_token,0.0172166375,$unknown,22,1,2025-03-04
cx7baf94bd53b505353285ee4c4c050f9703581703,hx8026678e3d08ba3203ce6161ee8e9e3b9793491f,hx0000000000000000000000000000000000000000,0x0,0x9c0b9db153a47355e47808c31cddca9ccc55fb393d44caf607c4a7de34201832,0,94216909,0.0,1741114624644445,unknown_token,0.0172166375,$unknown,22,1,2025-03-04
cx88fd7df7ddff82f7cc735c871dc519838cb235bb,cxa0af3165c08318e988cb30993b3048335b94af6c,cx5faae53c4dbd1fbe4a2eb4aab6565030f10da5c6,0x1ae5f0ace3d0818,0x2d61274f19778c54d5e967663cbdde99496627209be1b3549d753ed0509fd05c,2,94216906,0.12113874000000002,1741114618637967,Balanced Dollar,0.056310275,bnUSD,0,1,2025-03-04
cx66a031cc3bd305c76371fb586e93801b948254f0,cxa0af3165c08318e988cb30993b3048335b94af6c,hxd75467e3e4ce64e3424c747dfb71503017440433,0x37c9c6457e2c0e13,0x2d61274f19778c54d5e967663cbdde99496627209be1b3549d753ed0509fd05c,1,94216906,4.019962144176738,1741114618637967,Avalanche,0.056310275,AVAX,0,1,2025-03-04
cx88fd7df7ddff82f7cc735c871dc519838cb235bb,hxd75467e3e4ce64e3424c747dfb71503017440433,cxa0af3165c08318e988cb30993b3048335b94af6c,0x460c22c23beefc000,0x2d61274f19778c54d5e967663cbdde99496627209be1b3549d753ed0509fd05c,0,94216906,80.75916000000002,1741114618637967,Balanced Dollar,0.056310275,bnUSD,0,1,2025-03-04
cx88fd7df7ddff82f7cc735c871dc519838cb235bb,cxa0af3165c08318e988cb30993b3048335b94af6c,cx5faae53c4dbd1fbe4a2eb4aab6565030f10da5c6,0xb2bbf16c8a13b43,0xfd02d256bb06ad955a1a70270d5084a935133e7fb3cb7c667291c9866b16c3cf,2,94216905,0.804947062991961,1741114616639537,Balanced Dollar,0.070556025,bnUSD,0,2,2025-03-04
cx2609b924e33ef00b648a409245c7ea394c467824,cxa0af3165c08318e988cb30993b3048335b94af6c,hxc1718c79947e0f673296218b5b23adbd9a3b38a8,0xccaaef0f2e705d6ba7,0xfd02d256bb06ad955a1a70270d5084a935133e7fb3cb7c667291c9866b16c3cf,1,94216905,3775.4528712347583,1741114616639537,Staked ICX,0.070556025,sICX,0,2,2025-03-04
cx88fd7df7ddff82f7cc735c871dc519838cb235bb,hxc1718c79947e0f673296218b5b23adbd9a3b38a8,cxa0af3165c08318e988cb30993b3048335b94af6c,0x1d1741a0aa79350000,0xfd02d256bb06ad955a1a70270d5084a935133e7fb3cb7c667291c9866b16c3cf,0,94216905,536.631375327974,1741114616639537,Balanced Dollar,0.070556025,bnUSD,0,2,2025-03-04
cx88fd7df7ddff82f7cc735c871dc519838cb235bb,cxd82fb5d3effecd8c9071a4bba3856ad7222c4b91,hxc1718c79947e0f673296218b5b23adbd9a3b38a8,0x1d1741a0aa79350000,0x29c846222a67b0f979028ff39b0245cb234bd585bb60b9c3a8b976a333a4a4e8,0,94216905,536.631375327974,1741114616639537,Balanced Dollar,0.0206895625,bnUSD,0,1,2025-03-04
cx88fd7df7ddff82f7cc735c871dc519838cb235bb,cxa0af3165c08318e988cb30993b3048335b94af6c,cx5faae53c4dbd1fbe4a2eb4aab6565030f10da5c6,0xecccce1583c000,0xc3c2bfb6f5878f680f3cfdb1ffc4f32e39429f816fc24cbabe6beca9a669a913,2,94216901,0.06665328,1741114608632225,Balanced Dollar,0.0563627125,bnUSD,0,1,2025-03-04
cx4297f4b63262507623b6ad575d0d8dd2db980e4e,cxa0af3165c08318e988cb30993b3048335b94af6c,hxd75467e3e4ce64e3424c747dfb71503017440433,0x37d55a702fe48bc7,0xc3c2bfb6f5878f680f3cfdb1ffc4f32e39429f816fc24cbabe6beca9a669a913,1,94216901,4.02322128001175,1741114608632225,Injective,0.0563627125,INJ,0,1,2025-03-04
cx88fd7df7ddff82f7cc735c871dc519838cb235bb,hxd75467e3e4ce64e3424c747dfb71503017440433,cxa0af3165c08318e988cb30993b3048335b94af6c,0x268aaae02b1c40000,0xc3c2bfb6f5878f680f3cfdb1ffc4f32e39429f816fc24cbabe6beca9a669a913,0,94216901,44.43552,1741114608632225,Balanced Dollar,0.0563627125,bnUSD,0,1,2025-03-04
cxd17316e24ee40f2ef8ed6f3a497311db1b35206d,hx8026678e3d08ba3203ce6161ee8e9e3b9793491f,hx8026678e3d08ba3203ce6161ee8e9e3b9793491f,0x0,0x2a119dc91be95a8cf13452eb4706116591802bf362692bc34cf912497ac71b14,4,94216898,0.0,1741114602631401,unknown_token,0.0196753875,$unknown,34,1,2025-03-04
cx7baf94bd53b505353285ee4c4c050f9703581703,hx8026678e3d08ba3203ce6161ee8e9e3b9793491f,hx0000000000000000000000000000000000000000,0x0,0x2a119dc91be95a8cf13452eb4706116591802bf362692bc34cf912497ac71b14,2,94216898,0.0,1741114602631401,unknown_token,0.0196753875,$unknown,1,1,2025-03-04
cx7baf94bd53b505353285ee4c4c050f9703581703,hx8026678e3d08ba3203ce6161ee8e9e3b9793491f,hx0000000000000000000000000000000000000000,0x0,0x2a119dc91be95a8cf13452eb4706116591802bf362692bc34cf912497ac71b14,0,94216898,0.0,1741114602631401,unknown_token,0.0196753875,$unknown,16,1,2025-03-04
cx07b184a37f03c6ab681fcbd0b45aec6dc3eafbeb,cx21e94c08c03daee80c25d8ee3ea22a20786ec231,hx970eda4988e547df0de8324226fdf3e8ebc9734f,0x2386f26fc10001,0xa9e37ed58b4036fab4e2bc49550286bcbd4e3c93c06cd124320ee9a666f899d2,5,94216897,0.01,1741114600903094,Bitcoin,0.0860057,BTC,0,1,2025-03-04
cx88fd7df7ddff82f7cc735c871dc519838cb235bb,cxa0af3165c08318e988cb30993b3048335b94af6c,cx5faae53c4dbd1fbe4a2eb4aab6565030f10da5c6,0x11e7ccbe314de7a0,0xa9e37ed58b4036fab4e2bc49550286bcbd4e3c93c06cd124320ee9a666f899d2,3,94216897,1.2902249355079782,1741114600903094,Balanced Dollar,0.0860057,bnUSD,0,1,2025-03-04
cx07b184a37f03c6ab681fcbd0b45aec6dc3eafbeb,cxa0af3165c08318e988cb30993b3048335b94af6c,cx21e94c08c03daee80c25d8ee3ea22a20786ec231,0x2386f26fc10001,0xa9e37ed58b4036fab4e2bc49550286bcbd4e3c93c06cd124320ee9a666f899d2,2,94216897,0.01,1741114600903094,Bitcoin,0.0860057,BTC,0,1,2025-03-04
cx88fd7df7ddff82f7cc735c871dc519838cb235bb,cx21e94c08c03daee80c25d8ee3ea22a20786ec231,cxa0af3165c08318e988cb30993b3048335b94af6c,0x2ea0fa84a0658b326f,0xa9e37ed58b4036fab4e2bc49550286bcbd4e3c93c06cd124320ee9a666f899d2,1,94216897,860.1499570053188,1741114600903094,Balanced Dollar,0.0860057,bnUSD,0,1,2025-03-04
cx88fd7df7ddff82f7cc735c871dc519838cb235bb,hx970eda4988e547df0de8324226fdf3e8ebc9734f,cx21e94c08c03daee80c25d8ee3ea22a20786ec231,0x2ea0fa84a0658b326f,0xa9e37ed58b4036fab4e2bc49550286bcbd4e3c93c06cd124320ee9a666f899d2,0,94216897,860.1499570053188,1741114600903094,Balanced Dollar,0.0860057,bnUSD,0,1,2025-03-04
cx88fd7df7ddff82f7cc735c871dc519838cb235bb,cxa0af3165c08318e988cb30993b3048335b94af6c,cx5faae53c4dbd1fbe4a2eb4aab6565030f10da5c6,0xe35dc918d8f40c,0x1af33e90bc6df0248a875b1f3bbd21a44913e6c839a99827a4ab4db05a452754,2,94216893,0.06399793800000002,1741114592626877,Balanced Dollar,0.0460303,bnUSD,0,1,2025-03-04
cx65c9e3d4fea842e00add0d32a5b4c5e4e04c7a6b,cxa0af3165c08318e988cb30993b3048335b94af6c,hxd75467e3e4ce64e3424c747dfb71503017440433,0x120bd22d,0x1af33e90bc6df0248a875b1f3bbd21a44913e6c839a99827a4ab4db05a452754,1,94216893,0.302764589,1741114592626877,Solana,0.0460303,SOL,0,1,2025-03-04
cx88fd7df7ddff82f7cc735c871dc519838cb235bb,hxd75467e3e4ce64e3424c747dfb71503017440433,cxa0af3165c08318e988cb30993b3048335b94af6c,0x2501991060a50e000,0x1af33e90bc6df0248a875b1f3bbd21a44913e6c839a99827a4ab4db05a452754,0,94216893,42.66529200000001,1741114592626877,Balanced Dollar,0.0460303,bnUSD,0,1,2025-03-04
cx2d552c485ec8bcaa75aac02424e2aca6ffdb2f1b,cx21e94c08c03daee80c25d8ee3ea22a20786ec231,hx2debd9ec927cca1639da8d3518dd9dbf1cdfb357,0x9b6e0927d2c1b53,0xba2355c1fe421c1f956598dae9c44fb9c2c7f9577037b2bf45a09207b5520a40,5,94216889,0.6999937118725804,1741114584834059,Binance Coin,0.088269025,BNB,0,2,2025-03-04
cx88fd7df7ddff82f7cc735c871dc519838cb235bb,cxa0af3165c08318e988cb30993b3048335b94af6c,cx5faae53c4dbd1fbe4a2eb4aab6565030f10da5c6,0x86893fb99bf1c03,0xba2355c1fe421c1f956598dae9c44fb9c2c7f9577037b2bf45a09207b5520a40,3,94216889,0.6058968587068446,1741114584834059,Balanced Dollar,0.088269025,bnUSD,0,2,2025-03-04
cx2d552c485ec8bcaa75aac02424e2aca6ffdb2f1b,cxa0af3165c08318e988cb30993b3048335b94af6c,cx21e94c08c03daee80c25d8ee3ea22a20786ec231,0x9b6e0927d2c1b53,0xba2355c1fe421c1f956598dae9c44fb9c2c7f9577037b2bf45a09207b5520a40,2,94216889,0.6999937118725804,1741114584834059,Binance Coin,0.088269025,BNB,0,2,2025-03-04
cx88fd7df7ddff82f7cc735c871dc519838cb235bb,cx21e94c08c03daee80c25d8ee3ea22a20786ec231,cxa0af3165c08318e988cb30993b3048335b94af6c,0x15e5ac09e061ae47d0,0xba2355c1fe421c1f956598dae9c44fb9c2c7f9577037b2bf45a09207b5520a40,1,94216889,403.93123913789645,1741114584834059,Balanced Dollar,0.088269025,bnUSD,0,2,2025-03-04
cx88fd7df7ddff82f7cc735c871dc519838cb235bb,hx2debd9ec927cca1639da8d3518dd9dbf1cdfb357,cx21e94c08c03daee80c25d8ee3ea22a20786ec231,0x15e5ac09e061ae47d0,0xba2355c1fe421c1f956598dae9c44fb9c2c7f9577037b2bf45a09207b5520a40,0,94216889,403.93123913789645,1741114584834059,Balanced Dollar,0.088269025,bnUSD,0,2,2025-03-04
cxd17316e24ee40f2ef8ed6f3a497311db1b35206d,hx8026678e3d08ba3203ce6161ee8e9e3b9793491f,hx8026678e3d08ba3203ce6161ee8e9e3b9793491f,0x0,0x5aa48a5a7f2b8fc64c86eb406a441c4217edeeed4b1bc7eaa32f8c8539951929,4,94216889,0.0,1741114584834059,unknown_token,0.0174273875,$unknown,34,1,2025-03-04
cx7baf94bd53b505353285ee4c4c050f9703581703,hx8026678e3d08ba3203ce6161ee8e9e3b9793491f,hx0000000000000000000000000000000000000000,0x0,0x5aa48a5a7f2b8fc64c86eb406a441c4217edeeed4b1bc7eaa32f8c8539951929,2,94216889,0.0,1741114584834059,unknown_token,0.0174273875,$unknown,20,1,2025-03-04
cx7baf94bd53b505353285ee4c4c050f9703581703,hx8026678e3d08ba3203ce6161ee8e9e3b9793491f,hx0000000000000000000000000000000000000000,0x0,0x5aa48a5a7f2b8fc64c86eb406a441c4217edeeed4b1bc7eaa32f8c8539951929,0,94216889,0.0,1741114584834059,unknown_token,0.0174273875,$unknown,1,1,2025-03-04
cxd17316e24ee40f2ef8ed6f3a497311db1b35206d,hx8026678e3d08ba3203ce6161ee8e9e3b9793491f,hx8026678e3d08ba3203ce6161ee8e9e3b9793491f,0x0,0xa66cfc3aab23baa4febdeaab631783cc6641f3e39bf859b43f9a0a10f0dba59b,4,94216886,0.0,1741114578652044,unknown_token,0.0167951375,$unknown,34,1,2025-03-04
cx7baf94bd53b505353285ee4c4c050f9703581703,hx8026678e3d08ba3203ce6161ee8e9e3b9793491f,hx0000000000000000000000000000000000000000,0x0,0xa66cfc3aab23baa4febdeaab631783cc6641f3e39bf859b43f9a0a10f0dba59b,2,94216886,0.0,1741114578652044,unknown_token,0.0167951375,$unknown,21,1,2025-03-04
cx7baf94bd53b505353285ee4c4c050f9703581703,hx8026678e3d08ba3203ce6161ee8e9e3b9793491f,hx0000000000000000000000000000000000000000,0x0,0xa66cfc3aab23baa4febdeaab631783cc6641f3e39bf859b43f9a0a10f0dba59b,0,94216886,0.0,1741114578652044,unknown_token,0.0167951375,$unknown,31,1,2025-03-04
cxd17316e24ee40f2ef8ed6f3a497311db1b35206d,hx8026678e3d08ba3203ce6161ee8e9e3b9793491f,hx8026678e3d08ba3203ce6161ee8e9e3b9793491f,0x0,0x302bfbb195cf9cfb3d46092ce8cf3bd74fa5a87cc49885cf6135f5f6c6adf999,4,94216884,0.0,1741114574623129,unknown_token,0.0174273875,$unknown,34,1,2025-03-04
cx7baf94bd53b505353285ee4c4c050f9703581703,hx8026678e3d08ba3203ce6161ee8e9e3b9793491f,hx0000000000000000000000000000000000000000,0x0,0x302bfbb195cf9cfb3d46092ce8cf3bd74fa5a87cc49885cf6135f5f6c6adf999,2,94216884,0.0,1741114574623129,unknown_token,0.0174273875,$unknown,16,1,2025-03-04
cx7baf94bd53b505353285ee4c4c050f9703581703,hx8026678e3d08ba3203ce6161ee8e9e3b9793491f,hx0000000000000000000000000000000000000000,0x0,0x302bfbb195cf9cfb3d46092ce8cf3bd74fa5a87cc49885cf6135f5f6c6adf999,0,94216884,0.0,1741114574623129,unknown_token,0.0174273875,$unknown,21,1,2025-03-04
cxd17316e24ee40f2ef8ed6f3a497311db1b35206d,hx8026678e3d08ba3203ce6161ee8e9e3b9793491f,hx8026678e3d08ba3203ce6161ee8e9e3b9793491f,0x0,0x859efee256f74b71d901ea306babd8dd342532e2fd217d58337020eea3c3e7c8,4,94216880,0.0,1741114566617008,unknown_token,0.019463325,$unknown,34,1,2025-03-04
cx7baf94bd53b505353285ee4c4c050f9703581703,hx8026678e3d08ba3203ce6161ee8e9e3b9793491f,hx0000000000000000000000000000000000000000,0x0,0x859efee256f74b71d901ea306babd8dd342532e2fd217d58337020eea3c3e7c8,2,94216880,0.0,1741114566617008,unknown_token,0.019463325,$unknown,33,1,2025-03-04
cx7baf94bd53b505353285ee4c4c050f9703581703,hx8026678e3d08ba3203ce6161ee8e9e3b9793491f,hx0000000000000000000000000000000000000000,0x0,0x859efee256f74b71d901ea306babd8dd342532e2fd217d58337020eea3c3e7c8,0,94216880,0.0,1741114566617008,unknown_token,0.019463325,$unknown,22,1,2025-03-04
cx508002ec116fbf3ab406329c0df28e70d7e75fb3,cx21e94c08c03daee80c25d8ee3ea22a20786ec231,hx0000000000000000000000000000000000000000,0x1b56b9be6,0x29d53a6e1e26453cec76f1e85c313f1d52d6b6c3acf8013176569add1388bbcb,16,94216878,7.338695654,1741114562615438,Sui,0.233799425,SUI,0,2,2025-03-04
cx88fd7df7ddff82f7cc735c871dc519838cb235bb,cxa0af3165c08318e988cb30993b3048335b94af6c,cx5faae53c4dbd1fbe4a2eb4aab6565030f10da5c6,0x61701531687147,0x29d53a6e1e26453cec76f1e85c313f1d52d6b6c3acf8013176569add1388bbcb,12,94216878,0.027426309066486087,1741114562615438,Balanced Dollar,0.233799425,bnUSD,0,2,2025-03-04
cx508002ec116fbf3ab406329c0df28e70d7e75fb3,cxa0af3165c08318e988cb30993b3048335b94af6c,cx21e94c08c03daee80c25d8ee3ea22a20786ec231,0x1b56b9be6,0x29d53a6e1e26453cec76f1e85c313f1d52d6b6c3acf8013176569add1388bbcb,11,94216878,7.338695654,1741114562615438,Sui,0.233799425,SUI,0,2,2025-03-04
cx88fd7df7ddff82f7cc735c871dc519838cb235bb,cx21e94c08c03daee80c25d8ee3ea22a20786ec231,cxa0af3165c08318e988cb30993b3048335b94af6c,0xfdbe8c85fffc559d,0x29d53a6e1e26453cec76f1e85c313f1d52d6b6c3acf8013176569add1388bbcb,10,94216878,18.28420604432406,1741114562615438,Balanced Dollar,0.233799425,bnUSD,0,2,2025-03-04
cx88fd7df7ddff82f7cc735c871dc519838cb235bb,cxa0af3165c08318e988cb30993b3048335b94af6c,cx5faae53c4dbd1fbe4a2eb4aab6565030f10da5c6,0x61ba9b51cc1334,0x29d53a6e1e26453cec76f1e85c313f1d52d6b6c3acf8013176569add1388bbcb,8,94216878,0.027508248995959605,1741114562615438,Balanced Dollar,0.233799425,bnUSD,0,2,2025-03-04
cx88fd7df7ddff82f7cc735c871dc519838cb235bb,cxa0af3165c08318e988cb30993b3048335b94af6c,cx21e94c08c03daee80c25d8ee3ea22a20786ec231,0xfdbe8c85fffc559d,0x29d53a6e1e26453cec76f1e85c313f1d52d6b6c3acf8013176569add1388bbcb,7,94216878,18.28420604432406,1741114562615438,Balanced Dollar,0.233799425,bnUSD,0,2,2025-03-04
cx2609b924e33ef00b648a409245c7ea394c467824,cx21e94c08c03daee80c25d8ee3ea22a20786ec231,cxa0af3165c08318e988cb30993b3048335b94af6c,0x7050c74d96d92ab46,0x29d53a6e1e26453cec76f1e85c313f1d52d6b6c3acf8013176569add1388bbcb,6,94216878,129.4910026630721,1741114562615438,Staked ICX,0.233799425,sICX,0,2,2025-03-04
cx2609b924e33ef00b648a409245c7ea394c467824,cxa0af3165c08318e988cb30993b3048335b94af6c,cx5faae53c4dbd1fbe4a2eb4aab6565030f10da5c6,0x2b41d2d1078f7d0,0x29d53a6e1e26453cec76f1e85c313f1d52d6b6c3acf8013176569add1388bbcb,4,94216878,0.194812763270871,1741114562615438,Staked ICX,0.233799425,sICX,0,2,2025-03-04
cx2609b924e33ef00b648a409245c7ea394c467824,cxa0af3165c08318e988cb30993b3048335b94af6c,cx21e94c08c03daee80c25d8ee3ea22a20786ec231,0x7050c74d96d92ab46,0x29d53a6e1e26453cec76f1e85c313f1d52d6b6c3acf8013176569add1388bbcb,3,94216878,129.4910026630721,1741114562615438,Staked ICX,0.233799425,sICX,0,2,2025-03-04
cx3975b43d260fb8ec802cef6e60c2f4d07486f11d,cx21e94c08c03daee80c25d8ee3ea22a20786ec231,cxa0af3165c08318e988cb30993b3048335b94af6c,0x93739534d28680000,0x29d53a6e1e26453cec76f1e85c313f1d52d6b6c3acf8013176569add1388bbcb,2,94216878,170.0,1741114562615438,Wrapped ICX,0.233799425,wICX,0,2,2025-03-04
cx3975b43d260fb8ec802cef6e60c2f4d07486f11d,hx8a83082b8f0fd30f1c93bcb993e796de45db2e2b,cx21e94c08c03daee80c25d8ee3ea22a20786ec231,0x93739534d28680000,0x29d53a6e1e26453cec76f1e85c313f1d52d6b6c3acf8013176569add1388bbcb,1,94216878,170.0,1741114562615438,Wrapped ICX,0.233799425,wICX,0,2,2025-03-04
cx3975b43d260fb8ec802cef6e60c2f4d07486f11d,hx0000000000000000000000000000000000000000,hx8a83082b8f0fd30f1c93bcb993e796de45db2e2b,0x93739534d28680000,0x29d53a6e1e26453cec76f1e85c313f1d52d6b6c3acf8013176569add1388bbcb,0,94216878,170.0,1741114562615438,Wrapped ICX,0.233799425,wICX,0,2,2025-03-04
cx88fd7df7ddff82f7cc735c871dc519838cb235bb,cxa0af3165c08318e988cb30993b3048335b94af6c,cx5faae53c4dbd1fbe4a2eb4aab6565030f10da5c6,0x156bf4ccf37ba76,0x4fade1121c25a717e9b7b8b67d43b128c97c79b9705a8b2de8f22a9ad394441d,2,94216878,0.09647477865,1741114562615438,Balanced Dollar,0.0563991125,bnUSD,0,1,2025-03-04
cx288d13e1b63563459a2ac6179f237711f6851cb5,cxa0af3165c08318e988cb30993b3048335b94af6c,hxd75467e3e4ce64e3424c747dfb71503017440433,0x6b0d838047b054,0x4fade1121c25a717e9b7b8b67d43b128c97c79b9705a8b2de8f22a9ad394441d,1,94216878,0.0301326809520989,1741114562615438,Ethereum,0.0563991125,ETH,0,1,2025-03-04
cx88fd7df7ddff82f7cc735c871dc519838cb235bb,hxd75467e3e4ce64e3424c747dfb71503017440433,cxa0af3165c08318e988cb30993b3048335b94af6c,0x37c922d5ba1204000,0x4fade1121c25a717e9b7b8b67d43b128c97c79b9705a8b2de8f22a9ad394441d,0,94216878,64.3165191,1741114562615438,Balanced Dollar,0.0563991125,bnUSD,0,1,2025-03-04
cx2609b924e33ef00b648a409245c7ea394c467824,cx43e2eec79eb76293c298f2b17aec06097be606e0,hx0000000000000000000000000000000000000000,0x14085f339d2750d5dd,0x96df9fc6b9aa2ae0c633e8caa685f76bee3bc7af8f82abc2d6b8fa50ab7e260d,1,94216877,369.53813909934445,1741114560613350,Staked ICX,0.086389475,sICX,0,2,2025-03-04
cx2609b924e33ef00b648a409245c7ea394c467824,hxc6b0f59918b94671a5e20a9a860c703cfec5a4b1,cx43e2eec79eb76293c298f2b17aec06097be606e0,0x14085f339d2750d5dd,0x96df9fc6b9aa2ae0c633e8caa685f76bee3bc7af8f82abc2d6b8fa50ab7e260d,0,94216877,369.53813909934445,1741114560613350,Staked ICX,0.086389475,sICX,0,2,2025-03-04
cxd17316e24ee40f2ef8ed6f3a497311db1b35206d,hx8026678e3d08ba3203ce6161ee8e9e3b9793491f,hx8026678e3d08ba3203ce6161ee8e9e3b9793491f,0x0,0x25be8d5754b2e17d13a01a45854147ef1679e2c2008db4246db5e8d741f224f5,5,94216877,0.0,1741114560613350,unknown_token,0.0194418375,$unknown,34,1,2025-03-04
cx53f8ccd5426534f82cf10cb742de033e51da72fc,hx8026678e3d08ba3203ce6161ee8e9e3b9793491f,hx0000000000000000000000000000000000000000,0x0,0x25be8d5754b2e17d13a01a45854147ef1679e2c2008db4246db5e8d741f224f5,4,94216877,0.0,1741114560613350,unknown_token,0.0194418375,$unknown,8,1,2025-03-04
cx7baf94bd53b505353285ee4c4c050f9703581703,hx8026678e3d08ba3203ce6161ee8e9e3b9793491f,hx0000000000000000000000000000000000000000,0x0,0x25be8d5754b2e17d13a01a45854147ef1679e2c2008db4246db5e8d741f224f5,2,94216877,0.0,1741114560613350,unknown_token,0.0194418375,$unknown,22,1,2025-03-04
cx7baf94bd53b505353285ee4c4c050f9703581703,hx8026678e3d08ba3203ce6161ee8e9e3b9793491f,hx0000000000000000000000000000000000000000,0x0,0x25be8d5754b2e17d13a01a45854147ef1679e2c2008db4246db5e8d741f224f5,0,94216877,0.0,1741114560613350,unknown_token,0.0194418375,$unknown,1,1,2025-03-04
cxd17316e24ee40f2ef8ed6f3a497311db1b35206d,hx8026678e3d08ba3203ce6161ee8e9e3b9793491f,hx8026678e3d08ba3203ce6161ee8e9e3b9793491f,0x0,0x2c7117125106e354c9abd1472b8e144b252f6a8ee493af8fd62783ac6b2addc5,5,94216873,0.0,1741114552612646,unknown_token,0.0195120875,$unknown,34,1,2025-03-04
cx53f8ccd5426534f82cf10cb742de033e51da72fc,hx8026678e3d08ba3203ce6161ee8e9e3b9793491f,hx0000000000000000000000000000000000000000,0x0,0x2c7117125106e354c9abd1472b8e144b252f6a8ee493af8fd62783ac6b2addc5,4,94216873,0.0,1741114552612646,unknown_token,0.0195120875,$unknown,8,1,2025-03-04
cx7baf94bd53b505353285ee4c4c050f9703581703,hx8026678e3d08ba3203ce6161ee8e9e3b9793491f,hx0000000000000000000000000000000000000000,0x0,0x2c7117125106e354c9abd1472b8e144b252f6a8ee493af8fd62783ac6b2addc5,2,94216873,0.0,1741114552612646,unknown_token,0.0195120875,$unknown,5,1,2025-03-04
cx7baf94bd53b505353285ee4c4c050f9703581703,hx8026678e3d08ba3203ce6161ee8e9e3b9793491f,hx0000000000000000000000000000000000000000,0x0,0x2c7117125106e354c9abd1472b8e144b252f6a8ee493af8fd62783ac6b2addc5,0,94216873,0.0,1741114552612646,unknown_token,0.0195120875,$unknown,21,1,2025-03-04
cx88fd7df7ddff82f7cc735c871dc519838cb235bb,cxa0af3165c08318e988cb30993b3048335b94af6c,cx5faae53c4dbd1fbe4a2eb4aab6565030f10da5c6,0xec29427a4a8800,0xefa84284690c7fe77e1b4accaf1ad1c7f02e008256f741c35a01395d241b1629,2,94216872,0.06647346,1741114550922468,Balanced Dollar,0.0563614,bnUSD,0,1,2025-03-04
cx4297f4b63262507623b6ad575d0d8dd2db980e4e,cxa0af3165c08318e988cb30993b3048335b94af6c,hxd75467e3e4ce64e3424c747dfb71503017440433,0x37b59ee3120798b9,0xefa84284690c7fe77e1b4accaf1ad1c7f02e008256f741c35a01395d241b1629,1,94216872,4.014289340967918,1741114550922468,Injective,0.0563614,INJ,0,1,2025-03-04
cx88fd7df7ddff82f7cc735c871dc519838cb235bb,hxd75467e3e4ce64e3424c747dfb71503017440433,cxa0af3165c08318e988cb30993b3048335b94af6c,0x26700c7c922178000,0xefa84284690c7fe77e1b4accaf1ad1c7f02e008256f741c35a01395d241b1629,0,94216872,44.31564,1741114550922468,Balanced Dollar,0.0563614,bnUSD,0,1,2025-03-04
cxd17316e24ee40f2ef8ed6f3a497311db1b35206d,hx8026678e3d08ba3203ce6161ee8e9e3b9793491f,hx8026678e3d08ba3203ce6161ee8e9e3b9793491f,0x0,0xc68cb0ecd405cbff4af29c5cb3ad2653225391771f9052c9fd7dbf64a31120b3,5,94216869,0.0,1741114544808905,unknown_token,0.0196525875,$unknown,34,1,2025-03-04
cx53f8ccd5426534f82cf10cb742de033e51da72fc,hx8026678e3d08ba3203ce6161ee8e9e3b9793491f,hx0000000000000000000000000000000000000000,0x0,0xc68cb0ecd405cbff4af29c5cb3ad2653225391771f9052c9fd7dbf64a31120b3,4,94216869,0.0,1741114544808905,unknown_token,0.0196525875,$unknown,3,1,2025-03-04
cx7baf94bd53b505353285ee4c4c050f9703581703,hx8026678e3d08ba3203ce6161ee8e9e3b9793491f,hx0000000000000000000000000000000000000000,0x0,0xc68cb0ecd405cbff4af29c5cb3ad2653225391771f9052c9fd7dbf64a31120b3,2,94216869,0.0,1741114544808905,unknown_token,0.0196525875,$unknown,22,1,2025-03-04
cx7baf94bd53b505353285ee4c4c050f9703581703,hx8026678e3d08ba3203ce6161ee8e9e3b9793491f,hx0000000000000000000000000000000000000000,0x0,0xc68cb0ecd405cbff4af29c5cb3ad2653225391771f9052c9fd7dbf64a31120b3,0,94216869,0.0,1741114544808905,unknown_token,0.0196525875,$unknown,22,1,2025-03-04
cx88fd7df7ddff82f7cc735c871dc519838cb235bb,cxd82fb5d3effecd8c9071a4bba3856ad7222c4b91,hxd75467e3e4ce64e3424c747dfb71503017440433,0x3635c9adc5dea00000,0xe3b89017473a3ca442e9402adca8a19aa6531eb28f1fc55568a49f0b97a03e64,0,94216867,1000.0,1741114540878183,Balanced Dollar,0.02068825,bnUSD,0,1,2025-03-04
cxd17316e24ee40f2ef8ed6f3a497311db1b35206d,hx8026678e3d08ba3203ce6161ee8e9e3b9793491f,hx8026678e3d08ba3203ce6161ee8e9e3b9793491f,0x0,0x66d876505d0e223240de2cc37a2ffceabc59a6edc1f4ddc5f659b9bcec3d92a9,5,94216866,0.0,1741114538605829,unknown_token,0.0195120875,$unknown,34,1,2025-03-04
cx53f8ccd5426534f82cf10cb742de033e51da72fc,hx8026678e3d08ba3203ce6161ee8e9e3b9793491f,hx0000000000000000000000000000000000000000,0x0,0x66d876505d0e223240de2cc37a2ffceabc59a6edc1f4ddc5f659b9bcec3d92a9,4,94216866,0.0,1741114538605829,unknown_token,0.0195120875,$unknown,2,1,2025-03-04
cx7baf94bd53b505353285ee4c4c050f9703581703,hx8026678e3d08ba3203ce6161ee8e9e3b9793491f,hx0000000000000000000000000000000000000000,0x0,0x66d876505d0e223240de2cc37a2ffceabc59a6edc1f4ddc5f659b9bcec3d92a9,2,94216866,0.0,1741114538605829,unknown_token,0.0195120875,$unknown,18,1,2025-03-04
cx7baf94bd53b505353285ee4c4c050f9703581703,hx8026678e3d08ba3203ce6161ee8e9e3b9793491f,hx0000000000000000000000000000000000000000,0x0,0x66d876505d0e223240de2cc37a2ffceabc59a6edc1f4ddc5f659b9bcec3d92a9,0,94216866,0.0,1741114538605829,unknown_token,0.0195120875,$unknown,31,1,2025-03-04
cxf61cd5a45dc9f91c15aa65831a30a90d59a09619,cx10d59e8103ab44635190bd4139dbfd682fa2d07e,hxc6b0f59918b94671a5e20a9a860c703cfec5a4b1,0x177253c73c4fd018,0x2574135eea7774441ca1e755443912e7aaa1616fc139b2764d8b90be83d49b4d,3,94216861,1.6895049253928183,1741114528640575,Balance Token,0.072206475,BALN,0,1,2025-03-04
cx2609b924e33ef00b648a409245c7ea394c467824,cx10d59e8103ab44635190bd4139dbfd682fa2d07e,hxc6b0f59918b94671a5e20a9a860c703cfec5a4b1,0x3c00553be7b573c12,0x2574135eea7774441ca1e755443912e7aaa1616fc139b2764d8b90be83d49b4d,1,94216861,69.17678972887258,1741114528640575,Staked ICX,0.072206475,sICX,0,1,2025-03-04
cx88fd7df7ddff82f7cc735c871dc519838cb235bb,cxa0af3165c08318e988cb30993b3048335b94af6c,cx5faae53c4dbd1fbe4a2eb4aab6565030f10da5c6,0x1569e9749c5e26a,0x8ee9af6aa67116caf211a132af9e657c8bfc9e41f2c167042bde9456c09e5bd5,2,94216860,0.09643881464999998,1741114526598591,Balanced Dollar,0.0563991125,bnUSD,0,1,2025-03-04
cx288d13e1b63563459a2ac6179f237711f6851cb5,cxa0af3165c08318e988cb30993b3048335b94af6c,hxd75467e3e4ce64e3424c747dfb71503017440433,0x6b0b28ab784f60,0x8ee9af6aa67116caf211a132af9e657c8bfc9e41f2c167042bde9456c09e5bd5,1,94216860,0.030130091811426143,1741114526598591,Ethereum,0.0563991125,ETH,0,1,2025-03-04
cx88fd7df7ddff82f7cc735c871dc519838cb235bb,hxd75467e3e4ce64e3424c747dfb71503017440433,cxa0af3165c08318e988cb30993b3048335b94af6c,0x37c3cff501dfda000,0x8ee9af6aa67116caf211a132af9e657c8bfc9e41f2c167042bde9456c09e5bd5,0,94216860,64.29254309999999,1741114526598591,Balanced Dollar,0.0563991125,bnUSD,0,1,2025-03-04
cx6139a27c15f1653471ffba0b4b88dc15de7e3267,hx8a83082b8f0fd30f1c93bcb993e796de45db2e2b,cx21e94c08c03daee80c25d8ee3ea22a20786ec231,0x3cbe0fad56293200000,0x5608e80f009bcd8eb48bd71b14a7120b099885c6703086a3b0bfe23000fbd477,23,94216856,17928.0,1741114518595221,GangstaBet Token,0.389042625,GBET,0,1,2025-03-04
cx3975b43d260fb8ec802cef6e60c2f4d07486f11d,hx8a83082b8f0fd30f1c93bcb993e796de45db2e2b,hx0000000000000000000000000000000000000000,0x93b6112390686879c,0x5608e80f009bcd8eb48bd71b14a7120b099885c6703086a3b0bfe23000fbd477,20,94216856,170.29941782049656,1741114518595221,Wrapped ICX,0.389042625,wICX,0,1,2025-03-04
cx3975b43d260fb8ec802cef6e60c2f4d07486f11d,cx21e94c08c03daee80c25d8ee3ea22a20786ec231,hx8a83082b8f0fd30f1c93bcb993e796de45db2e2b,0x93b6112390686879c,0x5608e80f009bcd8eb48bd71b14a7120b099885c6703086a3b0bfe23000fbd477,19,94216856,170.29941782049656,1741114518595221,Wrapped ICX,0.389042625,wICX,0,1,2025-03-04
cx2609b924e33ef00b648a409245c7ea394c467824,cx203d9cd2a669be67177e997b8948ce2c35caffae,cx835b300dcfe01f0bdb794e134a0c5628384f4367,0x145784febfdc1bcb,0x5608e80f009bcd8eb48bd71b14a7120b099885c6703086a3b0bfe23000fbd477,16,94216856,1.4657864334078188,1741114518595221,Staked ICX,0.389042625,sICX,0,1,2025-03-04
cx2609b924e33ef00b648a409245c7ea394c467824,cx5faae53c4dbd1fbe4a2eb4aab6565030f10da5c6,cx203d9cd2a669be67177e997b8948ce2c35caffae,0x1d0f50475b3a70da,0x5608e80f009bcd8eb48bd71b14a7120b099885c6703086a3b0bfe23000fbd477,13,94216856,2.093980619154027,1741114518595221,Staked ICX,0.389042625,sICX,0,1,2025-03-04
cx2609b924e33ef00b648a409245c7ea394c467824,cx5faae53c4dbd1fbe4a2eb4aab6565030f10da5c6,cxdc30a0d3a1f131565c071272a20bc0b06fd4c17b,0x1d0f50475b3a70d9,0x5608e80f009bcd8eb48bd71b14a7120b099885c6703086a3b0bfe23000fbd477,11,94216856,2.093980619154027,1741114518595221,Staked ICX,0.389042625,sICX,0,1,2025-03-04
cx2609b924e33ef00b648a409245c7ea394c467824,cxa0af3165c08318e988cb30993b3048335b94af6c,cx5faae53c4dbd1fbe4a2eb4aab6565030f10da5c6,0x2b772c6105c4362,0x5608e80f009bcd8eb48bd71b14a7120b099885c6703086a3b0bfe23000fbd477,10,94216856,0.19575130381747902,1741114518595221,Staked ICX,0.389042625,sICX,0,1,2025-03-04
cx3975b43d260fb8ec802cef6e60c2f4d07486f11d,cxa0af3165c08318e988cb30993b3048335b94af6c,cx21e94c08c03daee80c25d8ee3ea22a20786ec231,0x93b6112390686879c,0x5608e80f009bcd8eb48bd71b14a7120b099885c6703086a3b0bfe23000fbd477,9,94216856,170.29941782049656,1741114518595221,Wrapped ICX,0.389042625,wICX,0,1,2025-03-04
cx2609b924e33ef00b648a409245c7ea394c467824,cx21e94c08c03daee80c25d8ee3ea22a20786ec231,cxa0af3165c08318e988cb30993b3048335b94af6c,0x71310391ff044cf9c,0x5608e80f009bcd8eb48bd71b14a7120b099885c6703086a3b0bfe23000fbd477,8,94216856,130.50086921165268,1741114518595221,Staked ICX,0.389042625,sICX,0,1,2025-03-04
cx88fd7df7ddff82f7cc735c871dc519838cb235bb,cxa0af3165c08318e988cb30993b3048335b94af6c,cx5faae53c4dbd1fbe4a2eb4aab6565030f10da5c6,0x62ca1f278d7638,0x5608e80f009bcd8eb48bd71b14a7120b099885c6703086a3b0bfe23000fbd477,6,94216856,0.02780678287402348,1741114518595221,Balanced Dollar,0.389042625,bnUSD,0,1,2025-03-04
cx2609b924e33ef00b648a409245c7ea394c467824,cxa0af3165c08318e988cb30993b3048335b94af6c,cx21e94c08c03daee80c25d8ee3ea22a20786ec231,0x71310391ff044cf9c,0x5608e80f009bcd8eb48bd71b14a7120b099885c6703086a3b0bfe23000fbd477,5,94216856,130.50086921165268,1741114518595221,Staked ICX,0.389042625,sICX,0,1,2025-03-04
cx88fd7df7ddff82f7cc735c871dc519838cb235bb,cx21e94c08c03daee80c25d8ee3ea22a20786ec231,cxa0af3165c08318e988cb30993b3048335b94af6c,0x10143b121ab0e8863,0x5608e80f009bcd8eb48bd71b14a7120b099885c6703086a3b0bfe23000fbd477,4,94216856,18.537855249348986,1741114518595221,Balanced Dollar,0.389042625,bnUSD,0,1,2025-03-04
cx6139a27c15f1653471ffba0b4b88dc15de7e3267,cx21e94c08c03daee80c25d8ee3ea22a20786ec231,cxa0af3165c08318e988cb30993b3048335b94af6c,0x3cbe0fad56293200000,0x5608e80f009bcd8eb48bd71b14a7120b099885c6703086a3b0bfe23000fbd477,3,94216856,17928.0,1741114518595221,GangstaBet Token,0.389042625,GBET,0,1,2025-03-04
cx88fd7df7ddff82f7cc735c871dc519838cb235bb,cxa0af3165c08318e988cb30993b3048335b94af6c,cx5faae53c4dbd1fbe4a2eb4aab6565030f10da5c6,0x627b9058a2837f,0x5608e80f009bcd8eb48bd71b14a7120b099885c6703086a3b0bfe23000fbd477,1,94216856,0.027720407610196864,1741114518595221,Balanced Dollar,0.389042625,bnUSD,0,1,2025-03-04
cx88fd7df7ddff82f7cc735c871dc519838cb235bb,cxa0af3165c08318e988cb30993b3048335b94af6c,cx21e94c08c03daee80c25d8ee3ea22a20786ec231,0x10143b121ab0e8863,0x5608e80f009bcd8eb48bd71b14a7120b099885c6703086a3b0bfe23000fbd477,0,94216856,18.537855249348986,1741114518595221,Balanced Dollar,0.389042625,bnUSD,0,1,2025-03-04
cxd17316e24ee40f2ef8ed6f3a497311db1b35206d,hx8026678e3d08ba3203ce6161ee8e9e3b9793491f,hx8026678e3d08ba3203ce6161ee8e9e3b9793491f,0x0,0x81acf334a0c3a5ffd85ea3f40db7186a593c87a12cfbf522c395fe59df14776d,4,94216855,0.0,1741114516593365,unknown_token,0.0200968875,$unknown,34,2,2025-03-04
cx7baf94bd53b505353285ee4c4c050f9703581703,hx8026678e3d08ba3203ce6161ee8e9e3b9793491f,hx0000000000000000000000000000000000000000,0x0,0x81acf334a0c3a5ffd85ea3f40db7186a593c87a12cfbf522c395fe59df14776d,2,94216855,0.0,1741114516593365,unknown_token,0.0200968875,$unknown,16,2,2025-03-04
cx7baf94bd53b505353285ee4c4c050f9703581703,hx8026678e3d08ba3203ce6161ee8e9e3b9793491f,hx0000000000000000000000000000000000000000,0x0,0x81acf334a0c3a5ffd85ea3f40db7186a593c87a12cfbf522c395fe59df14776d,0,94216855,0.0,1741114516593365,unknown_token,0.0200968875,$unknown,21,2,2025-03-04
cx88fd7df7ddff82f7cc735c871dc519838cb235bb,cxa0af3165c08318e988cb30993b3048335b94af6c,cx5faae53c4dbd1fbe4a2eb4aab6565030f10da5c6,0x1ad4e7776330000,0x443aa3e090e8d5cfcf38f19e4cf0ec67616b9eb55c19f1881cece725d1ef63dd,2,94216855,0.12083904,1741114516593365,Balanced Dollar,0.0563089625,bnUSD,0,1,2025-03-04
cx66a031cc3bd305c76371fb586e93801b948254f0,cxa0af3165c08318e988cb30993b3048335b94af6c,hxd75467e3e4ce64e3424c747dfb71503017440433,0x37afd850e725f2b4,0x443aa3e090e8d5cfcf38f19e4cf0ec67616b9eb55c19f1881cece725d1ef63dd,1,94216855,4.012663634997408,1741114516593365,Avalanche,0.0563089625,AVAX,0,1,2025-03-04
cx88fd7df7ddff82f7cc735c871dc519838cb235bb,hxd75467e3e4ce64e3424c747dfb71503017440433,cxa0af3165c08318e988cb30993b3048335b94af6c,0x45dfc571924d00000,0x443aa3e090e8d5cfcf38f19e4cf0ec67616b9eb55c19f1881cece725d1ef63dd,0,94216855,80.55936,1741114516593365,Balanced Dollar,0.0563089625,bnUSD,0,1,2025-03-04
cxd17316e24ee40f2ef8ed6f3a497311db1b35206d,hx8026678e3d08ba3203ce6161ee8e9e3b9793491f,hx8026678e3d08ba3203ce6161ee8e9e3b9793491f,0x0,0xffc9b4db28b0612a860153a39eb153cfee31ece643e8dfab202e0153500b27bd,4,94216852,0.0,1741114510596211,unknown_token,0.017988075,$unknown,34,1,2025-03-04
cx7baf94bd53b505353285ee4c4c050f9703581703,hx8026678e3d08ba3203ce6161ee8e9e3b9793491f,hx0000000000000000000000000000000000000000,0x0,0xffc9b4db28b0612a860153a39eb153cfee31ece643e8dfab202e0153500b27bd,2,94216852,0.0,1741114510596211,unknown_token,0.017988075,$unknown,23,1,2025-03-04
cx7baf94bd53b505353285ee4c4c050f9703581703,hx8026678e3d08ba3203ce6161ee8e9e3b9793491f,hx0000000000000000000000000000000000000000,0x0,0xffc9b4db28b0612a860153a39eb153cfee31ece643e8dfab202e0153500b27bd,0,94216852,0.0,1741114510596211,unknown_token,0.017988075,$unknown,22,1,2025-03-04
cx88fd7df7ddff82f7cc735c871dc519838cb235bb,cxa0af3165c08318e988cb30993b3048335b94af6c,cx5faae53c4dbd1fbe4a2eb4aab6565030f10da5c6,0xec29427a4a8800,0x4cee55641476b0e97cd4dde7cc9fa61a7afe55b2bcd60dcd1c3ec8035f28a5e9,2,94216850,0.06647346,1741114506876703,Balanced Dollar,0.0563614,bnUSD,0,1,2025-03-04
cx4297f4b63262507623b6ad575d0d8dd2db980e4e,cxa0af3165c08318e988cb30993b3048335b94af6c,hxd75467e3e4ce64e3424c747dfb71503017440433,0x37bc71e631bd7d6d,0x4cee55641476b0e97cd4dde7cc9fa61a7afe55b2bcd60dcd1c3ec8035f28a5e9,1,94216850,4.016210201198558,1741114506876703,Injective,0.0563614,INJ,0,1,2025-03-04
cx88fd7df7ddff82f7cc735c871dc519838cb235bb,hxd75467e3e4ce64e3424c747dfb71503017440433,cxa0af3165c08318e988cb30993b3048335b94af6c,0x26700c7c922178000,0x4cee55641476b0e97cd4dde7cc9fa61a7afe55b2bcd60dcd1c3ec8035f28a5e9,0,94216850,44.31564,1741114506876703,Balanced Dollar,0.0563614,bnUSD,0,1,2025-03-04
cx88fd7df7ddff82f7cc735c871dc519838cb235bb,cxd82fb5d3effecd8c9071a4bba3856ad7222c4b91,hxd75467e3e4ce64e3424c747dfb71503017440433,0x3635c9adc5dea00000,0xfccb01b3f6cb871b2c0c7445506b7811e9d514e29dcaeb9197c29b2cfa1bef07,0,94216845,1000.0,1741114496768914,Balanced Dollar,0.02068825,bnUSD,0,1,2025-03-04
cxd17316e24ee40f2ef8ed6f3a497311db1b35206d,hx8026678e3d08ba3203ce6161ee8e9e3b9793491f,hx8026678e3d08ba3203ce6161ee8e9e3b9793491f,0x0,0x3bd91a14ca3879a43c631341f972c8601e07e100b108bdb224d29b3d5dad9afa,4,94216841,0.0,1741114488591074,unknown_token,0.0189026375,$unknown,34,1,2025-03-04
cx7baf94bd53b505353285ee4c4c050f9703581703,hx8026678e3d08ba3203ce6161ee8e9e3b9793491f,hx0000000000000000000000000000000000000000,0x0,0x3bd91a14ca3879a43c631341f972c8601e07e100b108bdb224d29b3d5dad9afa,2,94216841,0.0,1741114488591074,unknown_token,0.0189026375,$unknown,18,1,2025-03-04
cx7baf94bd53b505353285ee4c4c050f9703581703,hx8026678e3d08ba3203ce6161ee8e9e3b9793491f,hx0000000000000000000000000000000000000000,0x0,0x3bd91a14ca3879a43c631341f972c8601e07e100b108bdb224d29b3d5dad9afa,0,94216841,0.0,1741114488591074,unknown_token,0.0189026375,$unknown,4,1,2025-03-04
cxd17316e24ee40f2ef8ed6f3a497311db1b35206d,hx8026678e3d08ba3203ce6161ee8e9e3b9793491f,hx8026678e3d08ba3203ce6161ee8e9e3b9793491f,0x0,0xc4a71f86d9d06b06556937638939996019d378ec94084a79ccdaf8ce3dd91c6f,5,94216835,0.0,1741114476585437,unknown_token,0.019721525,$unknown,34,1,2025-03-04
cx53f8ccd5426534f82cf10cb742de033e51da72fc,hx8026678e3d08ba3203ce6161ee8e9e3b9793491f,hx0000000000000000000000000000000000000000,0x0,0xc4a71f86d9d06b06556937638939996019d378ec94084a79ccdaf8ce3dd91c6f,4,94216835,0.0,1741114476585437,unknown_token,0.019721525,$unknown,3,1,2025-03-04
cx7baf94bd53b505353285ee4c4c050f9703581703,hx8026678e3d08ba3203ce6161ee8e9e3b9793491f,hx0000000000000000000000000000000000000000,0x0,0xc4a71f86d9d06b06556937638939996019d378ec94084a79ccdaf8ce3dd91c6f,2,94216835,0.0,1741114476585437,unknown_token,0.019721525,$unknown,33,1,2025-03-04
cx7baf94bd53b505353285ee4c4c050f9703581703,hx8026678e3d08ba3203ce6161ee8e9e3b9793491f,hx0000000000000000000000000000000000000000,0x0,0xc4a71f86d9d06b06556937638939996019d378ec94084a79ccdaf8ce3dd91c6f,0,94216835,0.0,1741114476585437,unknown_token,0.019721525,$unknown,1,1,2025-03-04
cxd17316e24ee40f2ef8ed6f3a497311db1b35206d,hx8026678e3d08ba3203ce6161ee8e9e3b9793491f,hx8026678e3d08ba3203ce6161ee8e9e3b9793491f,0x0,0x950b662739dd4f4132e702413fb4363c781ff494c316cc6002d5093b533537a4,4,94216831,0.0,1741114468582764,unknown_token,0.0198861375,$unknown,34,1,2025-03-04
cx7baf94bd53b505353285ee4c4c050f9703581703,hx8026678e3d08ba3203ce6161ee8e9e3b9793491f,hx0000000000000000000000000000000000000000,0x0,0x950b662739dd4f4132e702413fb4363c781ff494c316cc6002d5093b533537a4,2,94216831,0.0,1741114468582764,unknown_token,0.0198861375,$unknown,25,1,2025-03-04
cx7baf94bd53b505353285ee4c4c050f9703581703,hx8026678e3d08ba3203ce6161ee8e9e3b9793491f,hx0000000000000000000000000000000000000000,0x0,0x950b662739dd4f4132e702413fb4363c781ff494c316cc6002d5093b533537a4,0,94216831,0.0,1741114468582764,unknown_token,0.0198861375,$unknown,21,1,2025-03-04
cx88fd7df7ddff82f7cc735c871dc519838cb235bb,cxa0af3165c08318e988cb30993b3048335b94af6c,cx5faae53c4dbd1fbe4a2eb4aab6565030f10da5c6,0x29ab1302f55ddf3,0x5fbe40ea140fbb325de07e263b2fa6df9654dc1f3b672a0543459f5434f62463,2,94216829,0.187657155,1741114464578773,Balanced Dollar,0.0460574,bnUSD,0,1,2025-03-04
cx508002ec116fbf3ab406329c0df28e70d7e75fb3,cxa0af3165c08318e988cb30993b3048335b94af6c,hxd75467e3e4ce64e3424c747dfb71503017440433,0xbb2cbe1dd,0x5fbe40ea140fbb325de07e263b2fa6df9654dc1f3b672a0543459f5434f62463,1,94216829,50.244346333,1741114464578773,Sui,0.0460574,SUI,0,1,2025-03-04
cx88fd7df7ddff82f7cc735c871dc519838cb235bb,hxd75467e3e4ce64e3424c747dfb71503017440433,cxa0af3165c08318e988cb30993b3048335b94af6c,0x6c82d6d7b44f20000,0x5fbe40ea140fbb325de07e263b2fa6df9654dc1f3b672a0543459f5434f62463,0,94216829,125.10476999999999,1741114464578773,Balanced Dollar,0.0460574,bnUSD,0,1,2025-03-04
cxd17316e24ee40f2ef8ed6f3a497311db1b35206d,hx8026678e3d08ba3203ce6161ee8e9e3b9793491f,hx8026678e3d08ba3203ce6161ee8e9e3b9793491f,0x0,0xe916311ebe1f7055ebf4080257071237ef377ede22c17e2b9f52fd6613b5985c,4,94216826,0.0,1741114458579222,unknown_token,0.0179191375,$unknown,34,1,2025-03-04
cx7baf94bd53b505353285ee4c4c050f9703581703,hx8026678e3d08ba3203ce6161ee8e9e3b9793491f,hx0000000000000000000000000000000000000000,0x0,0xe916311ebe1f7055ebf4080257071237ef377ede22c17e2b9f52fd6613b5985c,2,94216826,0.0,1741114458579222,unknown_token,0.0179191375,$unknown,11,1,2025-03-04
cx7baf94bd53b505353285ee4c4c050f9703581703,hx8026678e3d08ba3203ce6161ee8e9e3b9793491f,hx0000000000000000000000000000000000000000,0x0,0xe916311ebe1f7055ebf4080257071237ef377ede22c17e2b9f52fd6613b5985c,0,94216826,0.0,1741114458579222,unknown_token,0.0179191375,$unknown,12,1,2025-03-04
cx88fd7df7ddff82f7cc735c871dc519838cb235bb,cxa0af3165c08318e988cb30993b3048335b94af6c,cx5faae53c4dbd1fbe4a2eb4aab6565030f10da5c6,0x1ace16fb9623000,0xa5c8a9112732616b8973bfb552f6df6023a74ba84548e4a08d3b16f2a4d643a4,2,94216824,0.12071916,1741114454583981,Balanced Dollar,0.0563089625,bnUSD,0,1,2025-03-04
cx66a031cc3bd305c76371fb586e93801b948254f0,cxa0af3165c08318e988cb30993b3048335b94af6c,hxd75467e3e4ce64e3424c747dfb71503017440433,0x37ab1701ef01981a,0xa5c8a9112732616b8973bfb552f6df6023a74ba84548e4a08d3b16f2a4d643a4,1,94216824,4.011325190175824,1741114454583981,Avalanche,0.0563089625,AVAX,0,1,2025-03-04
cx88fd7df7ddff82f7cc735c871dc519838cb235bb,hxd75467e3e4ce64e3424c747dfb71503017440433,cxa0af3165c08318e988cb30993b3048335b94af6c,0x45ce068481a5d0000,0xa5c8a9112732616b8973bfb552f6df6023a74ba84548e4a08d3b16f2a4d643a4,0,94216824,80.47944,1741114454583981,Balanced Dollar,0.0563089625,bnUSD,0,1,2025-03-04
cx07b184a37f03c6ab681fcbd0b45aec6dc3eafbeb,cx21e94c08c03daee80c25d8ee3ea22a20786ec231,hx970eda4988e547df0de8324226fdf3e8ebc9734f,0x2386f26fc10001,0xd32e82028c94b3b6830b8a4520423084f94a8a5b33b36459e8bdb8e213ee0cd5,5,94216819,0.01,1741114444778488,Bitcoin,0.0860043875,BTC,0,1,2025-03-04
cx88fd7df7ddff82f7cc735c871dc519838cb235bb,cxa0af3165c08318e988cb30993b3048335b94af6c,cx5faae53c4dbd1fbe4a2eb4aab6565030f10da5c6,0x11d9d1d1e16b862a,0xd32e82028c94b3b6830b8a4520423084f94a8a5b33b36459e8bdb8e213ee0cd5,3,94216819,1.2862898679512775,1741114444778488,Balanced Dollar,0.0860043875,bnUSD,0,1,2025-03-04
cx07b184a37f03c6ab681fcbd0b45aec6dc3eafbeb,cxa0af3165c08318e988cb30993b3048335b94af6c,cx21e94c08c03daee80c25d8ee3ea22a20786ec231,0x2386f26fc10001,0xd32e82028c94b3b6830b8a4520423084f94a8a5b33b36459e8bdb8e213ee0cd5,2,94216819,0.01,1741114444778488,Bitcoin,0.0860043875,BTC,0,1,2025-03-04
cx88fd7df7ddff82f7cc735c871dc519838cb235bb,cx21e94c08c03daee80c25d8ee3ea22a20786ec231,cxa0af3165c08318e988cb30993b3048335b94af6c,0x2e7c9267e5b2ad63c8,0xd32e82028c94b3b6830b8a4520423084f94a8a5b33b36459e8bdb8e213ee0cd5,1,94216819,857.5265786341851,1741114444778488,Balanced Dollar,0.0860043875,bnUSD,0,1,2025-03-04
cx88fd7df7ddff82f7cc735c871dc519838cb235bb,hx970eda4988e547df0de8324226fdf3e8ebc9734f,cx21e94c08c03daee80c25d8ee3ea22a20786ec231,0x2e7c9267e5b2ad63c8,0xd32e82028c94b3b6830b8a4520423084f94a8a5b33b36459e8bdb8e213ee0cd5,0,94216819,857.5265786341851,1741114444778488,Balanced Dollar,0.0860043875,bnUSD,0,1,2025-03-04
cx88fd7df7ddff82f7cc735c871dc519838cb235bb,cxd82fb5d3effecd8c9071a4bba3856ad7222c4b91,hx2795b422d55c51caa27f5c6397561e73d73e8bff,0xd6ebff868326b0000,0x070b20540e4134e5598af976d0cc61bde22f0b17799786e0d2f2cf892e8cbca5,0,94216818,247.78804314935414,1741114442569060,Balanced Dollar,0.0206870625,bnUSD,0,1,2025-03-04
cx88fd7df7ddff82f7cc735c871dc519838cb235bb,cxa0af3165c08318e988cb30993b3048335b94af6c,cx5faae53c4dbd1fbe4a2eb4aab6565030f10da5c6,0xed39d5d254900c,0x71be86bf27afb5434b86dedbc014875b46cf905ef1041d5f59033d544530955d,2,94216817,0.06677316000000001,1741114440846972,Balanced Dollar,0.0563614,bnUSD,0,1,2025-03-04
cx4297f4b63262507623b6ad575d0d8dd2db980e4e,cxa0af3165c08318e988cb30993b3048335b94af6c,hxd75467e3e4ce64e3424c747dfb71503017440433,0x3803a68cf5d9136a,0x71be86bf27afb5434b86dedbc014875b46cf905ef1041d5f59033d544530955d,1,94216817,4.036252815404373,1741114440846972,Injective,0.0563614,INJ,0,1,2025-03-04
cx88fd7df7ddff82f7cc735c871dc519838cb235bb,hxd75467e3e4ce64e3424c747dfb71503017440433,cxa0af3165c08318e988cb30993b3048335b94af6c,0x269c69cd3bc372000,0x71be86bf27afb5434b86dedbc014875b46cf905ef1041d5f59033d544530955d,0,94216817,44.515440000000005,1741114440846972,Balanced Dollar,0.0563614,bnUSD,0,1,2025-03-04
cx508002ec116fbf3ab406329c0df28e70d7e75fb3,cx21e94c08c03daee80c25d8ee3ea22a20786ec231,hx2debd9ec927cca1639da8d3518dd9dbf1cdfb357,0x22d95d88f5,0xe7b3baaaa6e65d16ef9d41d04b89600c385730542aa5cd4867f3c55cdafc15b1,5,94216816,149.675673845,1741114438567733,Sui,0.0780271125,SUI,0,1,2025-03-04
cx88fd7df7ddff82f7cc735c871dc519838cb235bb,cxa0af3165c08318e988cb30993b3048335b94af6c,cx5faae53c4dbd1fbe4a2eb4aab6565030f10da5c6,0x7bdc277b6a9445c,0xe7b3baaaa6e65d16ef9d41d04b89600c385730542aa5cd4867f3c55cdafc15b1,3,94216816,0.5578157482852527,1741114438567733,Balanced Dollar,0.0780271125,bnUSD,0,1,2025-03-04
cx508002ec116fbf3ab406329c0df28e70d7e75fb3,cxa0af3165c08318e988cb30993b3048335b94af6c,cx21e94c08c03daee80c25d8ee3ea22a20786ec231,0x22d95d88f5,0xe7b3baaaa6e65d16ef9d41d04b89600c385730542aa5cd4867f3c55cdafc15b1,2,94216816,149.675673845,1741114438567733,Sui,0.0780271125,SUI,0,1,2025-03-04
cx88fd7df7ddff82f7cc735c871dc519838cb235bb,cx21e94c08c03daee80c25d8ee3ea22a20786ec231,cxa0af3165c08318e988cb30993b3048335b94af6c,0x1428d517c103775a40,0xe7b3baaaa6e65d16ef9d41d04b89600c385730542aa5cd4867f3c55cdafc15b1,1,94216816,371.8771655235018,1741114438567733,Balanced Dollar,0.0780271125,bnUSD,0,1,2025-03-04
cx88fd7df7ddff82f7cc735c871dc519838cb235bb,hx2debd9ec927cca1639da8d3518dd9dbf1cdfb357,cx21e94c08c03daee80c25d8ee3ea22a20786ec231,0x1428d517c103775a40,0xe7b3baaaa6e65d16ef9d41d04b89600c385730542aa5cd4867f3c55cdafc15b1,0,94216816,371.8771655235018,1741114438567733,Balanced Dollar,0.0780271125,bnUSD,0,1,2025-03-04
cx88fd7df7ddff82f7cc735c871dc519838cb235bb,cxa0af3165c08318e988cb30993b3048335b94af6c,cx5faae53c4dbd1fbe4a2eb4aab6565030f10da5c6,0x5287ade5d4276e9,0x4383bd5b3c1635cafd81051dd258b649b3465865452865e8fd17c693a45655ed,2,94216815,0.3716820647240312,1741114436704585,Balanced Dollar,0.046025475,bnUSD,0,2,2025-03-04
cx508002ec116fbf3ab406329c0df28e70d7e75fb3,cxa0af3165c08318e988cb30993b3048335b94af6c,hx2795b422d55c51caa27f5c6397561e73d73e8bff,0x17487f65aa,0x4383bd5b3c1635cafd81051dd258b649b3465865452865e8fd17c693a45655ed,1,94216815,100.000556458,1741114436704585,Sui,0.046025475,SUI,0,2,2025-03-04
cx88fd7df7ddff82f7cc735c871dc519838cb235bb,hx2795b422d55c51caa27f5c6397561e73d73e8bff,cxa0af3165c08318e988cb30993b3048335b94af6c,0xd6ebff868326b0000,0x4383bd5b3c1635cafd81051dd258b649b3465865452865e8fd17c693a45655ed,0,94216815,247.78804314935414,1741114436704585,Balanced Dollar,0.046025475,bnUSD,0,2,2025-03-04
cx88fd7df7ddff82f7cc735c871dc519838cb235bb,cxd82fb5d3effecd8c9071a4bba3856ad7222c4b91,hx2795b422d55c51caa27f5c6397561e73d73e8bff,0xd5c4d7f87f6500000,0x882c7ffd7dfb8e48667e6c5794f75cfc2d704c345ea9143e8893995264fec6c8,0,94216815,246.45878540485,1741114436704585,Balanced Dollar,0.0206870625,bnUSD,0,1,2025-03-04
cx88fd7df7ddff82f7cc735c871dc519838cb235bb,cx21e94c08c03daee80c25d8ee3ea22a20786ec231,hx7497c286aa521b09b2b54d78cde3fa4573c0e157,0x528db6b7edc7064a3,0x5412f474ff99e9b47443fd988a1162fa7002a44428218ff6384cbbe5f3dd3104,13,94216814,95.17778534257292,1741114434787621,Balanced Dollar,0.2235162625,bnUSD,0,2,2025-03-04
cx88fd7df7ddff82f7cc735c871dc519838cb235bb,cxa0af3165c08318e988cb30993b3048335b94af6c,cx5faae53c4dbd1fbe4a2eb4aab6565030f10da5c6,0x1fcadca994efc70,0x5412f474ff99e9b47443fd988a1162fa7002a44428218ff6384cbbe5f3dd3104,11,94216814,0.14318037383610277,1741114434787621,Balanced Dollar,0.2235162625,bnUSD,0,2,2025-03-04
cx88fd7df7ddff82f7cc735c871dc519838cb235bb,cxa0af3165c08318e988cb30993b3048335b94af6c,cx21e94c08c03daee80c25d8ee3ea22a20786ec231,0x528db6b7edc7064a3,0x5412f474ff99e9b47443fd988a1162fa7002a44428218ff6384cbbe5f3dd3104,10,94216814,95.17778534257292,1741114434787621,Balanced Dollar,0.2235162625,bnUSD,0,2,2025-03-04
cx2609b924e33ef00b648a409245c7ea394c467824,cx21e94c08c03daee80c25d8ee3ea22a20786ec231,cxa0af3165c08318e988cb30993b3048335b94af6c,0x2489a2fbee7636ddd7,0x5412f474ff99e9b47443fd988a1162fa7002a44428218ff6384cbbe5f3dd3104,9,94216814,674.0005529845712,1741114434787621,Staked ICX,0.2235162625,sICX,0,2,2025-03-04
cx2609b924e33ef00b648a409245c7ea394c467824,cxa0af3165c08318e988cb30993b3048335b94af6c,cx5faae53c4dbd1fbe4a2eb4aab6565030f10da5c6,0xe109e4d21f50993,0x5412f474ff99e9b47443fd988a1162fa7002a44428218ff6384cbbe5f3dd3104,7,94216814,1.013483970277739,1741114434787621,Staked ICX,0.2235162625,sICX,0,2,2025-03-04
cx2609b924e33ef00b648a409245c7ea394c467824,cxa0af3165c08318e988cb30993b3048335b94af6c,cx21e94c08c03daee80c25d8ee3ea22a20786ec231,0x2489a2fbee7636ddd7,0x5412f474ff99e9b47443fd988a1162fa7002a44428218ff6384cbbe5f3dd3104,6,94216814,674.0005529845712,1741114434787621,Staked ICX,0.2235162625,sICX,0,2,2025-03-04
cxf61cd5a45dc9f91c15aa65831a30a90d59a09619,cx21e94c08c03daee80c25d8ee3ea22a20786ec231,cxa0af3165c08318e988cb30993b3048335b94af6c,0x2c5325efe427f9af37,0x5412f474ff99e9b47443fd988a1162fa7002a44428218ff6384cbbe5f3dd3104,5,94216814,817.6481978857089,1741114434787621,Balance Token,0.2235162625,BALN,0,2,2025-03-04
cx88fd7df7ddff82f7cc735c871dc519838cb235bb,cxa0af3165c08318e988cb30993b3048335b94af6c,cx5faae53c4dbd1fbe4a2eb4aab6565030f10da5c6,0x1fa6aa26fca1493,0x5412f474ff99e9b47443fd988a1162fa7002a44428218ff6384cbbe5f3dd3104,3,94216814,0.14254358410835266,1741114434787621,Balanced Dollar,0.2235162625,bnUSD,0,2,2025-03-04
cxf61cd5a45dc9f91c15aa65831a30a90d59a09619,cxa0af3165c08318e988cb30993b3048335b94af6c,cx21e94c08c03daee80c25d8ee3ea22a20786ec231,0x2c5325efe427f9af37,0x5412f474ff99e9b47443fd988a1162fa7002a44428218ff6384cbbe5f3dd3104,2,94216814,817.6481978857089,1741114434787621,Balance Token,0.2235162625,BALN,0,2,2025-03-04
cx88fd7df7ddff82f7cc735c871dc519838cb235bb,cx21e94c08c03daee80c25d8ee3ea22a20786ec231,cxa0af3165c08318e988cb30993b3048335b94af6c,0x526cb07031e404000,0x5412f474ff99e9b47443fd988a1162fa7002a44428218ff6384cbbe5f3dd3104,1,94216814,95.02905607223511,1741114434787621,Balanced Dollar,0.2235162625,bnUSD,0,2,2025-03-04
cx88fd7df7ddff82f7cc735c871dc519838cb235bb,hx7497c286aa521b09b2b54d78cde3fa4573c0e157,cx21e94c08c03daee80c25d8ee3ea22a20786ec231,0x526cb07031e404000,0x5412f474ff99e9b47443fd988a1162fa7002a44428218ff6384cbbe5f3dd3104,0,94216814,95.02905607223511,1741114434787621,Balanced Dollar,0.2235162625,bnUSD,0,2,2025-03-04
cx88fd7df7ddff82f7cc735c871dc519838cb235bb,cxa0af3165c08318e988cb30993b3048335b94af6c,cx5faae53c4dbd1fbe4a2eb4aab6565030f10da5c6,0xb28d2c825760b43,0x4f47774025e8bf832e3880f8c263f06fb3baaf00ebe46f39116ea10dd11faaf4,2,94216813,0.8041242905494188,1741114432564779,Balanced Dollar,0.0705547125,bnUSD,0,2,2025-03-04
cx2609b924e33ef00b648a409245c7ea394c467824,cxa0af3165c08318e988cb30993b3048335b94af6c,hxc1718c79947e0f673296218b5b23adbd9a3b38a8,0xccaaf3513d98b9d979,0x4f47774025e8bf832e3880f8c263f06fb3baaf00ebe46f39116ea10dd11faaf4,1,94216813,3775.4540697675343,1741114432564779,Staked ICX,0.0705547125,sICX,0,2,2025-03-04
cx88fd7df7ddff82f7cc735c871dc519838cb235bb,hxc1718c79947e0f673296218b5b23adbd9a3b38a8,cxa0af3165c08318e988cb30993b3048335b94af6c,0x1d0fa4e936e3680000,0x4f47774025e8bf832e3880f8c263f06fb3baaf00ebe46f39116ea10dd11faaf4,0,94216813,536.0828603662792,1741114432564779,Balanced Dollar,0.0705547125,bnUSD,0,2,2025-03-04
cx88fd7df7ddff82f7cc735c871dc519838cb235bb,cxd82fb5d3effecd8c9071a4bba3856ad7222c4b91,hxc1718c79947e0f673296218b5b23adbd9a3b38a8,0x1d0fa4e936e3680000,0xb4270b6d45911d32fc273455e01e447cbb4de63d87ea6770cba20706c643a62b,0,94216813,536.0828603662792,1741114432564779,Balanced Dollar,0.0206895625,bnUSD,0,1,2025-03-04
cx88fd7df7ddff82f7cc735c871dc519838cb235bb,cxa0af3165c08318e988cb30993b3048335b94af6c,cx5faae53c4dbd1fbe4a2eb4aab6565030f10da5c6,0x156c98588eb4e0c,0x495184f9af174bdd8e62829c67b295d1f99fffdf46abcba8f31014e1b199700b,2,94216812,0.09648601740000001,1741114430732185,Balanced Dollar,0.0563991125,bnUSD,0,1,2025-03-04
cx288d13e1b63563459a2ac6179f237711f6851cb5,cxa0af3165c08318e988cb30993b3048335b94af6c,hxd75467e3e4ce64e3424c747dfb71503017440433,0x6b2070d294537b,0x495184f9af174bdd8e62829c67b295d1f99fffdf46abcba8f31014e1b199700b,1,94216812,0.030153491449402235,1741114430732185,Ethereum,0.0563991125,ETH,0,1,2025-03-04
cx88fd7df7ddff82f7cc735c871dc519838cb235bb,hxd75467e3e4ce64e3424c747dfb71503017440433,cxa0af3165c08318e988cb30993b3048335b94af6c,0x37caccbbf3a1b4000,0x495184f9af174bdd8e62829c67b295d1f99fffdf46abcba8f31014e1b199700b,0,94216812,64.3240116,1741114430732185,Balanced Dollar,0.0563991125,bnUSD,0,1,2025-03-04
cx508002ec116fbf3ab406329c0df28e70d7e75fb3,cx21e94c08c03daee80c25d8ee3ea22a20786ec231,hx2debd9ec927cca1639da8d3518dd9dbf1cdfb357,0x22d96abc95,0x40482ddddcab87115f9d9727338d4258365ba99d91f547273bcbb67e47e480af,5,94216811,149.676539029,1741114428604663,Sui,0.0780231125,SUI,0,3,2025-03-04
cx88fd7df7ddff82f7cc735c871dc519838cb235bb,cxa0af3165c08318e988cb30993b3048335b94af6c,cx5faae53c4dbd1fbe4a2eb4aab6565030f10da5c6,0x7b3202843ac0922,0x40482ddddcab87115f9d9727338d4258365ba99d91f547273bcbb67e47e480af,3,94216811,0.5548225364028316,1741114428604663,Balanced Dollar,0.0780231125,bnUSD,0,3,2025-03-04
cx508002ec116fbf3ab406329c0df28e70d7e75fb3,cxa0af3165c08318e988cb30993b3048335b94af6c,cx21e94c08c03daee80c25d8ee3ea22a20786ec231,0x22d96abc95,0x40482ddddcab87115f9d9727338d4258365ba99d91f547273bcbb67e47e480af,2,94216811,149.676539029,1741114428604663,Sui,0.0780231125,SUI,0,3,2025-03-04
cx88fd7df7ddff82f7cc735c871dc519838cb235bb,cx21e94c08c03daee80c25d8ee3ea22a20786ec231,cxa0af3165c08318e988cb30993b3048335b94af6c,0x140d23be303aad1de0,0x40482ddddcab87115f9d9727338d4258365ba99d91f547273bcbb67e47e480af,1,94216811,369.8816909352211,1741114428604663,Balanced Dollar,0.0780231125,bnUSD,0,3,2025-03-04
cx88fd7df7ddff82f7cc735c871dc519838cb235bb,hx2debd9ec927cca1639da8d3518dd9dbf1cdfb357,cx21e94c08c03daee80c25d8ee3ea22a20786ec231,0x140d23be303aad1de0,0x40482ddddcab87115f9d9727338d4258365ba99d91f547273bcbb67e47e480af,0,94216811,369.8816909352211,1741114428604663,Balanced Dollar,0.0780231125,bnUSD,0,3,2025-03-04
cx88fd7df7ddff82f7cc735c871dc519838cb235bb,cxa0af3165c08318e988cb30993b3048335b94af6c,cx5faae53c4dbd1fbe4a2eb4aab6565030f10da5c6,0x521657075bed70a,0x25050b939643e6d7066aa9486bf8eedb1e6472eab20836c030f34df3211cb2cb,2,94216811,0.369688178107275,1741114428604663,Balanced Dollar,0.0460281625,bnUSD,0,2,2025-03-04
cx508002ec116fbf3ab406329c0df28e70d7e75fb3,cxa0af3165c08318e988cb30993b3048335b94af6c,hx2795b422d55c51caa27f5c6397561e73d73e8bff,0x17487f6b7c,0x25050b939643e6d7066aa9486bf8eedb1e6472eab20836c030f34df3211cb2cb,1,94216811,100.000557948,1741114428604663,Sui,0.0460281625,SUI,0,2,2025-03-04
cx88fd7df7ddff82f7cc735c871dc519838cb235bb,hx2795b422d55c51caa27f5c6397561e73d73e8bff,cxa0af3165c08318e988cb30993b3048335b94af6c,0xd5c4d7f87f6500000,0x25050b939643e6d7066aa9486bf8eedb1e6472eab20836c030f34df3211cb2cb,0,94216811,246.45878540485,1741114428604663,Balanced Dollar,0.0460281625,bnUSD,0,2,2025-03-04
cxd17316e24ee40f2ef8ed6f3a497311db1b35206d,hx8026678e3d08ba3203ce6161ee8e9e3b9793491f,hx8026678e3d08ba3203ce6161ee8e9e3b9793491f,0x0,0x9981eb6dc33c288c2c5d0099d2592ae1f668d5ae2373bce4a4464355b6320b12,4,94216811,0.0,1741114428604663,unknown_token,0.0185513875,$unknown,34,1,2025-03-04
cx7baf94bd53b505353285ee4c4c050f9703581703,hx8026678e3d08ba3203ce6161ee8e9e3b9793491f,hx0000000000000000000000000000000000000000,0x0,0x9981eb6dc33c288c2c5d0099d2592ae1f668d5ae2373bce4a4464355b6320b12,2,94216811,0.0,1741114428604663,unknown_token,0.0185513875,$unknown,18,1,2025-03-04
cx7baf94bd53b505353285ee4c4c050f9703581703,hx8026678e3d08ba3203ce6161ee8e9e3b9793491f,hx0000000000000000000000000000000000000000,0x0,0x9981eb6dc33c288c2c5d0099d2592ae1f668d5ae2373bce4a4464355b6320b12,0,94216811,0.0,1741114428604663,unknown_token,0.0185513875,$unknown,22,1,2025-03-04
cxd17316e24ee40f2ef8ed6f3a497311db1b35206d,hx8026678e3d08ba3203ce6161ee8e9e3b9793491f,hx8026678e3d08ba3203ce6161ee8e9e3b9793491f,0x0,0x70da868ec6d46ab81972b4e00f8d8b268efd0340fe97e52ffc5b956f4e534113,4,94216809,0.0,1741114424562611,unknown_token,0.0184811375,$unknown,34,1,2025-03-04
cx7baf94bd53b505353285ee4c4c050f9703581703,hx8026678e3d08ba3203ce6161ee8e9e3b9793491f,hx0000000000000000000000000000000000000000,0x0,0x70da868ec6d46ab81972b4e00f8d8b268efd0340fe97e52ffc5b956f4e534113,2,94216809,0.0,1741114424562611,unknown_token,0.0184811375,$unknown,32,1,2025-03-04
cx7baf94bd53b505353285ee4c4c050f9703581703,hx8026678e3d08ba3203ce6161ee8e9e3b9793491f,hx0000000000000000000000000000000000000000,0x0,0x70da868ec6d46ab81972b4e00f8d8b268efd0340fe97e52ffc5b956f4e534113,0,94216809,0.0,1741114424562611,unknown_token,0.0184811375,$unknown,16,1,2025-03-04
cxd17316e24ee40f2ef8ed6f3a497311db1b35206d,hx8026678e3d08ba3203ce6161ee8e9e3b9793491f,hx8026678e3d08ba3203ce6161ee8e9e3b9793491f,0x0,0x9e049ab5d6fe6c33c8f39e5575a5db4c6d985957f7ff6e57ce472b256329bdfd,4,94216806,0.0,1741114418563465,unknown_token,0.0161628875,$unknown,34,1,2025-03-04
cx7baf94bd53b505353285ee4c4c050f9703581703,hx8026678e3d08ba3203ce6161ee8e9e3b9793491f,hx0000000000000000000000000000000000000000,0x0,0x9e049ab5d6fe6c33c8f39e5575a5db4c6d985957f7ff6e57ce472b256329bdfd,2,94216806,0.0,1741114418563465,unknown_token,0.0161628875,$unknown,18,1,2025-03-04
cx7baf94bd53b505353285ee4c4c050f9703581703,hx8026678e3d08ba3203ce6161ee8e9e3b9793491f,hx0000000000000000000000000000000000000000,0x0,0x9e049ab5d6fe6c33c8f39e5575a5db4c6d985957f7ff6e57ce472b256329bdfd,0,94216806,0.0,1741114418563465,unknown_token,0.0161628875,$unknown,26,1,2025-03-04
cx88fd7df7ddff82f7cc735c871dc519838cb235bb,cxa0af3165c08318e988cb30993b3048335b94af6c,cx5faae53c4dbd1fbe4a2eb4aab6565030f10da5c6,0x1ace16fb9623000,0x35a431f508b76b507b943b6fdb735657fd3ba98f232e19e77f4bb11a26fc3f91,2,94216804,0.12071916,1741114414561278,Balanced Dollar,0.0563089625,bnUSD,0,2,2025-03-04
cx66a031cc3bd305c76371fb586e93801b948254f0,cxa0af3165c08318e988cb30993b3048335b94af6c,hxd75467e3e4ce64e3424c747dfb71503017440433,0x37b47b6a5427b64b,0x35a431f508b76b507b943b6fdb735657fd3ba98f232e19e77f4bb11a26fc3f91,1,94216804,4.013968864502593,1741114414561278,Avalanche,0.0563089625,AVAX,0,2,2025-03-04
cx88fd7df7ddff82f7cc735c871dc519838cb235bb,hxd75467e3e4ce64e3424c747dfb71503017440433,cxa0af3165c08318e988cb30993b3048335b94af6c,0x45ce068481a5d0000,0x35a431f508b76b507b943b6fdb735657fd3ba98f232e19e77f4bb11a26fc3f91,0,94216804,80.47944,1741114414561278,Balanced Dollar,0.0563089625,bnUSD,0,2,2025-03-04
cxd17316e24ee40f2ef8ed6f3a497311db1b35206d,hx8026678e3d08ba3203ce6161ee8e9e3b9793491f,hx8026678e3d08ba3203ce6161ee8e9e3b9793491f,0x0,0x79a30dd6ed8d04e91b531469e6eae3a59f8df77fa570a841b3ce71e256a2e06e,4,94216804,0.0,1741114414561278,unknown_token,0.017988075,$unknown,34,1,2025-03-04
cx7baf94bd53b505353285ee4c4c050f9703581703,hx8026678e3d08ba3203ce6161ee8e9e3b9793491f,hx0000000000000000000000000000000000000000,0x0,0x79a30dd6ed8d04e91b531469e6eae3a59f8df77fa570a841b3ce71e256a2e06e,2,94216804,0.0,1741114414561278,unknown_token,0.017988075,$unknown,23,1,2025-03-04
cx7baf94bd53b505353285ee4c4c050f9703581703,hx8026678e3d08ba3203ce6161ee8e9e3b9793491f,hx0000000000000000000000000000000000000000,0x0,0x79a30dd6ed8d04e91b531469e6eae3a59f8df77fa570a841b3ce71e256a2e06e,0,94216804,0.0,1741114414561278,unknown_token,0.017988075,$unknown,16,1,2025-03-04
cxd17316e24ee40f2ef8ed6f3a497311db1b35206d,hx8026678e3d08ba3203ce6161ee8e9e3b9793491f,hx8026678e3d08ba3203ce6161ee8e9e3b9793491f,0x0,0x0a3fa0c0da8b02369a6493b63e3665392df3b3f34c888536c0abd50fbbd340a0,5,94216801,0.0,1741114408560696,unknown_token,0.0195823375,$unknown,34,1,2025-03-04
cx53f8ccd5426534f82cf10cb742de033e51da72fc,hx8026678e3d08ba3203ce6161ee8e9e3b9793491f,hx0000000000000000000000000000000000000000,0x0,0x0a3fa0c0da8b02369a6493b63e3665392df3b3f34c888536c0abd50fbbd340a0,4,94216801,0.0,1741114408560696,unknown_token,0.0195823375,$unknown,1,1,2025-03-04
cx7baf94bd53b505353285ee4c4c050f9703581703,hx8026678e3d08ba3203ce6161ee8e9e3b9793491f,hx0000000000000000000000000000000000000000,0x0,0x0a3fa0c0da8b02369a6493b63e3665392df3b3f34c888536c0abd50fbbd340a0,2,94216801,0.0,1741114408560696,unknown_token,0.0195823375,$unknown,27,1,2025-03-04
cx7baf94bd53b505353285ee4c4c050f9703581703,hx8026678e3d08ba3203ce6161ee8e9e3b9793491f,hx0000000000000000000000000000000000000000,0x0,0x0a3fa0c0da8b02369a6493b63e3665392df3b3f34c888536c0abd50fbbd340a0,0,94216801,0.0,1741114408560696,unknown_token,0.0195823375,$unknown,4,1,2025-03-04
cx88fd7df7ddff82f7cc735c871dc519838cb235bb,cxa0af3165c08318e988cb30993b3048335b94af6c,cx5faae53c4dbd1fbe4a2eb4aab6565030f10da5c6,0xe307ec9a8e1d06,0x0bf421b3bf4f417def6afffe1248b4720967f49de1485680d143211ae2a6924c,2,94216799,0.06390353250000001,1741114404556021,Balanced Dollar,0.0460303,bnUSD,0,2,2025-03-04
cx65c9e3d4fea842e00add0d32a5b4c5e4e04c7a6b,cxa0af3165c08318e988cb30993b3048335b94af6c,hxd75467e3e4ce64e3424c747dfb71503017440433,0x1207856e,0x0bf421b3bf4f417def6afffe1248b4720967f49de1485680d143211ae2a6924c,1,94216799,0.302482798,1741114404556021,Solana,0.0460303,SOL,0,2,2025-03-04
cx88fd7df7ddff82f7cc735c871dc519838cb235bb,hxd75467e3e4ce64e3424c747dfb71503017440433,cxa0af3165c08318e988cb30993b3048335b94af6c,0x24f39f827d2164000,0x0bf421b3bf4f417def6afffe1248b4720967f49de1485680d143211ae2a6924c,0,94216799,42.602355,1741114404556021,Balanced Dollar,0.0460303,bnUSD,0,2,2025-03-04
cxd17316e24ee40f2ef8ed6f3a497311db1b35206d,hx8026678e3d08ba3203ce6161ee8e9e3b9793491f,hx8026678e3d08ba3203ce6161ee8e9e3b9793491f,0x0,0x37ae8186481fca158d0c8f9adf04e1ad6db779f4c49a42bb3475c42c899a9f24,5,94216799,0.0,1741114404556021,unknown_token,0.0193013375,$unknown,34,1,2025-03-04
cx53f8ccd5426534f82cf10cb742de033e51da72fc,hx8026678e3d08ba3203ce6161ee8e9e3b9793491f,hx0000000000000000000000000000000000000000,0x0,0x37ae8186481fca158d0c8f9adf04e1ad6db779f4c49a42bb3475c42c899a9f24,4,94216799,0.0,1741114404556021,unknown_token,0.0193013375,$unknown,8,1,2025-03-04
cx7baf94bd53b505353285ee4c4c050f9703581703,hx8026678e3d08ba3203ce6161ee8e9e3b9793491f,hx0000000000000000000000000000000000000000,0x0,0x37ae8186481fca158d0c8f9adf04e1ad6db779f4c49a42bb3475c42c899a9f24,2,94216799,0.0,1741114404556021,unknown_token,0.0193013375,$unknown,31,1,2025-03-04
cx7baf94bd53b505353285ee4c4c050f9703581703,hx8026678e3d08ba3203ce6161ee8e9e3b9793491f,hx0000000000000000000000000000000000000000,0x0,0x37ae8186481fca158d0c8f9adf04e1ad6db779f4c49a42bb3475c42c899a9f24,0,94216799,0.0,1741114404556021,unknown_token,0.0193013375,$unknown,1,1,2025-03-04
cxd17316e24ee40f2ef8ed6f3a497311db1b35206d,hx8026678e3d08ba3203ce6161ee8e9e3b9793491f,hx8026678e3d08ba3203ce6161ee8e9e3b9793491f,0x0,0x94f2dbd6ae5c4743df0cd88a0ad71e75aba5d8f77156ef7abf6f785e0c1af10c,5,94216796,0.0,1741114398554780,unknown_token,0.0197228375,$unknown,34,1,2025-03-04
cx53f8ccd5426534f82cf10cb742de033e51da72fc,hx8026678e3d08ba3203ce6161ee8e9e3b9793491f,hx0000000000000000000000000000000000000000,0x0,0x94f2dbd6ae5c4743df0cd88a0ad71e75aba5d8f77156ef7abf6f785e0c1af10c,4,94216796,0.0,1741114398554780,unknown_token,0.0197228375,$unknown,4,1,2025-03-04
cx7baf94bd53b505353285ee4c4c050f9703581703,hx8026678e3d08ba3203ce6161ee8e9e3b9793491f,hx0000000000000000000000000000000000000000,0x0,0x94f2dbd6ae5c4743df0cd88a0ad71e75aba5d8f77156ef7abf6f785e0c1af10c,2,94216796,0.0,1741114398554780,unknown_token,0.0197228375,$unknown,18,1,2025-03-04
cx7baf94bd53b505353285ee4c4c050f9703581703,hx8026678e3d08ba3203ce6161ee8e9e3b9793491f,hx0000000000000000000000000000000000000000,0x0,0x94f2dbd6ae5c4743df0cd88a0ad71e75aba5d8f77156ef7abf6f785e0c1af10c,0,94216796,0.0,1741114398554780,unknown_token,0.0197228375,$unknown,11,1,2025-03-04
cxd17316e24ee40f2ef8ed6f3a497311db1b35206d,hx8026678e3d08ba3203ce6161ee8e9e3b9793491f,hx8026678e3d08ba3203ce6161ee8e9e3b9793491f,0x0,0x1f46d5c82344fcdf166a1acfc4b2c97627420ff75f104cf3a8d5cfb7929de382,4,94216793,0.0,1741114392556667,unknown_token,0.0177083875,$unknown,34,1,2025-03-04
cx7baf94bd53b505353285ee4c4c050f9703581703,hx8026678e3d08ba3203ce6161ee8e9e3b9793491f,hx0000000000000000000000000000000000000000,0x0,0x1f46d5c82344fcdf166a1acfc4b2c97627420ff75f104cf3a8d5cfb7929de382,2,94216793,0.0,1741114392556667,unknown_token,0.0177083875,$unknown,27,1,2025-03-04
cx7baf94bd53b505353285ee4c4c050f9703581703,hx8026678e3d08ba3203ce6161ee8e9e3b9793491f,hx0000000000000000000000000000000000000000,0x0,0x1f46d5c82344fcdf166a1acfc4b2c97627420ff75f104cf3a8d5cfb7929de382,0,94216793,0.0,1741114392556667,unknown_token,0.0177083875,$unknown,1,1,2025-03-04
cxd17316e24ee40f2ef8ed6f3a497311db1b35206d,hx8026678e3d08ba3203ce6161ee8e9e3b9793491f,hx8026678e3d08ba3203ce6161ee8e9e3b9793491f,0x0,0xc1151b7b7d5fe2b92a190c6e0ef02bd930e21a91ac2edb1a4a34e022b886d38b,4,94216791,0.0,1741114388555351,unknown_token,0.0196753875,$unknown,34,1,2025-03-04
cx7baf94bd53b505353285ee4c4c050f9703581703,hx8026678e3d08ba3203ce6161ee8e9e3b9793491f,hx0000000000000000000000000000000000000000,0x0,0xc1151b7b7d5fe2b92a190c6e0ef02bd930e21a91ac2edb1a4a34e022b886d38b,2,94216791,0.0,1741114388555351,unknown_token,0.0196753875,$unknown,20,1,2025-03-04
cx7baf94bd53b505353285ee4c4c050f9703581703,hx8026678e3d08ba3203ce6161ee8e9e3b9793491f,hx0000000000000000000000000000000000000000,0x0,0xc1151b7b7d5fe2b92a190c6e0ef02bd930e21a91ac2edb1a4a34e022b886d38b,0,94216791,0.0,1741114388555351,unknown_token,0.0196753875,$unknown,26,1,2025-03-04
cx88fd7df7ddff82f7cc735c871dc519838cb235bb,cxa0af3165c08318e988cb30993b3048335b94af6c,cx5faae53c4dbd1fbe4a2eb4aab6565030f10da5c6,0xecccce1583c000,0x70411a491ab86e026e6dc632fc56e5c3a2c505fd68c47675a3581832f60c11d1,2,94216789,0.06665328,1741114384764839,Balanced Dollar,0.0563614,bnUSD,0,1,2025-03-04
cx4297f4b63262507623b6ad575d0d8dd2db980e4e,cxa0af3165c08318e988cb30993b3048335b94af6c,hxd75467e3e4ce64e3424c747dfb71503017440433,0x37f0c88fb9c738a0,0x70411a491ab86e026e6dc632fc56e5c3a2c505fd68c47675a3581832f60c11d1,1,94216789,4.030942186119313,1741114384764839,Injective,0.0563614,INJ,0,1,2025-03-04
cx88fd7df7ddff82f7cc735c871dc519838cb235bb,hxd75467e3e4ce64e3424c747dfb71503017440433,cxa0af3165c08318e988cb30993b3048335b94af6c,0x268aaae02b1c40000,0x70411a491ab86e026e6dc632fc56e5c3a2c505fd68c47675a3581832f60c11d1,0,94216789,44.43552,1741114384764839,Balanced Dollar,0.0563614,bnUSD,0,1,2025-03-04
cx88fd7df7ddff82f7cc735c871dc519838cb235bb,cxa0af3165c08318e988cb30993b3048335b94af6c,cx5faae53c4dbd1fbe4a2eb4aab6565030f10da5c6,0x156cd338e54e97c,0x7371845ab3b9e85962d5bda1f3e60f2b75e5956d5286a550297e6e4f08c955de,2,94216784,0.09649006335,1741114374552191,Balanced Dollar,0.0563991125,bnUSD,0,2,2025-03-04
cx288d13e1b63563459a2ac6179f237711f6851cb5,cxa0af3165c08318e988cb30993b3048335b94af6c,hxd75467e3e4ce64e3424c747dfb71503017440433,0x6b297735bd7745,0x7371845ab3b9e85962d5bda1f3e60f2b75e5956d5286a550297e6e4f08c955de,1,94216784,0.03016341448749652,1741114374552191,Ethereum,0.0563991125,ETH,0,2,2025-03-04
cx88fd7df7ddff82f7cc735c871dc519838cb235bb,hxd75467e3e4ce64e3424c747dfb71503017440433,cxa0af3165c08318e988cb30993b3048335b94af6c,0x37cb660ed52756000,0x7371845ab3b9e85962d5bda1f3e60f2b75e5956d5286a550297e6e4f08c955de,0,94216784,64.3267089,1741114374552191,Balanced Dollar,0.0563991125,bnUSD,0,2,2025-03-04
cx88fd7df7ddff82f7cc735c871dc519838cb235bb,cxa0af3165c08318e988cb30993b3048335b94af6c,cx5faae53c4dbd1fbe4a2eb4aab6565030f10da5c6,0x2930d7564744b12,0x6d4e08c27fc5201fd012d80e1c8ddc80260000a67256c433a937069c701fd854,2,94216779,0.1855068075,1741114364543361,Balanced Dollar,0.0460574,bnUSD,0,2,2025-03-04
cx508002ec116fbf3ab406329c0df28e70d7e75fb3,cxa0af3165c08318e988cb30993b3048335b94af6c,hxd75467e3e4ce64e3424c747dfb71503017440433,0xbb3c5175f,0x6d4e08c27fc5201fd012d80e1c8ddc80260000a67256c433a937069c701fd854,1,94216779,50.260678495,1741114364543361,Sui,0.0460574,SUI,0,2,2025-03-04
cx88fd7df7ddff82f7cc735c871dc519838cb235bb,hxd75467e3e4ce64e3424c747dfb71503017440433,cxa0af3165c08318e988cb30993b3048335b94af6c,0x6b44861b599838000,0x6d4e08c27fc5201fd012d80e1c8ddc80260000a67256c433a937069c701fd854,0,94216779,123.67120500000001,1741114364543361,Balanced Dollar,0.0460574,bnUSD,0,2,2025-03-04
cxd17316e24ee40f2ef8ed6f3a497311db1b35206d,hx8026678e3d08ba3203ce6161ee8e9e3b9793491f,hx8026678e3d08ba3203ce6161ee8e9e3b9793491f,0x0,0x8a41c9623f857837a8e2e903bfeb380f66b7d14d5c700732dfdeedc6c59b0610,4,94216779,0.0,1741114364543361,unknown_token,0.0191133875,$unknown,34,1,2025-03-04
cx7baf94bd53b505353285ee4c4c050f9703581703,hx8026678e3d08ba3203ce6161ee8e9e3b9793491f,hx0000000000000000000000000000000000000000,0x0,0x8a41c9623f857837a8e2e903bfeb380f66b7d14d5c700732dfdeedc6c59b0610,2,94216779,0.0,1741114364543361,unknown_token,0.0191133875,$unknown,15,1,2025-03-04
cx7baf94bd53b505353285ee4c4c050f9703581703,hx8026678e3d08ba3203ce6161ee8e9e3b9793491f,hx0000000000000000000000000000000000000000,0x0,0x8a41c9623f857837a8e2e903bfeb380f66b7d14d5c700732dfdeedc6c59b0610,0,94216779,0.0,1741114364543361,unknown_token,0.0191133875,$unknown,16,1,2025-03-04
cxd17316e24ee40f2ef8ed6f3a497311db1b35206d,hx8026678e3d08ba3203ce6161ee8e9e3b9793491f,hx8026678e3d08ba3203ce6161ee8e9e3b9793491f,0x0,0x3976b98cdbfd4872afb5658101574879c157a169bb4aef9c3bf860f6cece3add,4,94216777,0.0,1741114360541820,unknown_token,0.0168653875,$unknown,34,1,2025-03-04
cx7baf94bd53b505353285ee4c4c050f9703581703,hx8026678e3d08ba3203ce6161ee8e9e3b9793491f,hx0000000000000000000000000000000000000000,0x0,0x3976b98cdbfd4872afb5658101574879c157a169bb4aef9c3bf860f6cece3add,2,94216777,0.0,1741114360541820,unknown_token,0.0168653875,$unknown,12,1,2025-03-04
cx7baf94bd53b505353285ee4c4c050f9703581703,hx8026678e3d08ba3203ce6161ee8e9e3b9793491f,hx0000000000000000000000000000000000000000,0x0,0x3976b98cdbfd4872afb5658101574879c157a169bb4aef9c3bf860f6cece3add,0,94216777,0.0,1741114360541820,unknown_token,0.0168653875,$unknown,31,1,2025-03-04
cxd17316e24ee40f2ef8ed6f3a497311db1b35206d,hx8026678e3d08ba3203ce6161ee8e9e3b9793491f,hx8026678e3d08ba3203ce6161ee8e9e3b9793491f,0x0,0xcc1a3df1d53401324df11a6ce0aeaa9cac04f8074686b1f8c3229e62b09480b4,4,94216774,0.0,1741114354539945,unknown_token,0.0174273875,$unknown,34,1,2025-03-04
cx7baf94bd53b505353285ee4c4c050f9703581703,hx8026678e3d08ba3203ce6161ee8e9e3b9793491f,hx0000000000000000000000000000000000000000,0x0,0xcc1a3df1d53401324df11a6ce0aeaa9cac04f8074686b1f8c3229e62b09480b4,2,94216774,0.0,1741114354539945,unknown_token,0.0174273875,$unknown,20,1,2025-03-04
cx7baf94bd53b505353285ee4c4c050f9703581703,hx8026678e3d08ba3203ce6161ee8e9e3b9793491f,hx0000000000000000000000000000000000000000,0x0,0xcc1a3df1d53401324df11a6ce0aeaa9cac04f8074686b1f8c3229e62b09480b4,0,94216774,0.0,1741114354539945,unknown_token,0.0174273875,$unknown,16,1,2025-03-04
cxd17316e24ee40f2ef8ed6f3a497311db1b35206d,hx8026678e3d08ba3203ce6161ee8e9e3b9793491f,hx8026678e3d08ba3203ce6161ee8e9e3b9793491f,0x0,0x8cf6e4328af5592938660c1bcc911c9da42ad544ce21b34ff0365ff07bcef741,5,94216771,0.0,1741114348536950,unknown_token,0.019510775,$unknown,34,1,2025-03-04
cx53f8ccd5426534f82cf10cb742de033e51da72fc,hx8026678e3d08ba3203ce6161ee8e9e3b9793491f,hx0000000000000000000000000000000000000000,0x0,0x8cf6e4328af5592938660c1bcc911c9da42ad544ce21b34ff0365ff07bcef741,4,94216771,0.0,1741114348536950,unknown_token,0.019510775,$unknown,2,1,2025-03-04
cx7baf94bd53b505353285ee4c4c050f9703581703,hx8026678e3d08ba3203ce6161ee8e9e3b9793491f,hx0000000000000000000000000000000000000000,0x0,0x8cf6e4328af5592938660c1bcc911c9da42ad544ce21b34ff0365ff07bcef741,2,94216771,0.0,1741114348536950,unknown_token,0.019510775,$unknown,23,1,2025-03-04
cx7baf94bd53b505353285ee4c4c050f9703581703,hx8026678e3d08ba3203ce6161ee8e9e3b9793491f,hx0000000000000000000000000000000000000000,0x0,0x8cf6e4328af5592938660c1bcc911c9da42ad544ce21b34ff0365ff07bcef741,0,94216771,0.0,1741114348536950,unknown_token,0.019510775,$unknown,1,1,2025-03-04
cx88fd7df7ddff82f7cc735c871dc519838cb235bb,cxa0af3165c08318e988cb30993b3048335b94af6c,cx5faae53c4dbd1fbe4a2eb4aab6565030f10da5c6,0x156c7e2dbd8cff3,0x470c3b6f5e4f8819f839432015626962ea32f8b7a887015f52fffd61a9ea9f4d,2,94216765,0.09648421919999998,1741114336665322,Balanced Dollar,0.0563991125,bnUSD,0,1,2025-03-04
cx288d13e1b63563459a2ac6179f237711f6851cb5,cxa0af3165c08318e988cb30993b3048335b94af6c,hxd75467e3e4ce64e3424c747dfb71503017440433,0x6b2fae909989e4,0x470c3b6f5e4f8819f839432015626962ea32f8b7a887015f52fffd61a9ea9f4d,1,94216765,0.03017024930483658,1741114336665322,Ethereum,0.0563991125,ETH,0,1,2025-03-04
cx88fd7df7ddff82f7cc735c871dc519838cb235bb,hxd75467e3e4ce64e3424c747dfb71503017440433,cxa0af3165c08318e988cb30993b3048335b94af6c,0x37ca88971d9f2e000,0x470c3b6f5e4f8819f839432015626962ea32f8b7a887015f52fffd61a9ea9f4d,0,94216765,64.3228128,1741114336665322,Balanced Dollar,0.0563991125,bnUSD,0,1,2025-03-04
cxd17316e24ee40f2ef8ed6f3a497311db1b35206d,hxbb3d79d08eba2185883c28e9eef53ea359a33246,hxbb3d79d08eba2185883c28e9eef53ea359a33246,0x0,0xe4da44d09a08cc85a88996df66a81b02edc66e8f4b92c84155a7a7291261b3c2,2,94216763,0.0,1741114332533431,unknown_token,0.0107544875,$unknown,5,1,2025-03-04
cx7baf94bd53b505353285ee4c4c050f9703581703,hxbb3d79d08eba2185883c28e9eef53ea359a33246,hx0000000000000000000000000000000000000000,0x0,0xe4da44d09a08cc85a88996df66a81b02edc66e8f4b92c84155a7a7291261b3c2,1,94216763,0.0,1741114332533431,unknown_token,0.0107544875,$unknown,5,1,2025-03-04
cx66a031cc3bd305c76371fb586e93801b948254f0,cx21e94c08c03daee80c25d8ee3ea22a20786ec231,hx2debd9ec927cca1639da8d3518dd9dbf1cdfb357,0x1158da2982f6ae2b6,0x80817215487153a949a384b3dd3bf3b0b774b1d84e7c480a8c00b76d6b0cc16b,5,94216758,19.999820294736505,1741114322525704,Avalanche,0.0882961875,AVAX,0,1,2025-03-04
cx88fd7df7ddff82f7cc735c871dc519838cb235bb,cxa0af3165c08318e988cb30993b3048335b94af6c,cx5faae53c4dbd1fbe4a2eb4aab6565030f10da5c6,0x854b6f2994e4af4,0x80817215487153a949a384b3dd3bf3b0b774b1d84e7c480a8c00b76d6b0cc16b,3,94216758,0.6003058034175045,1741114322525704,Balanced Dollar,0.0882961875,bnUSD,0,1,2025-03-04
cx66a031cc3bd305c76371fb586e93801b948254f0,cxa0af3165c08318e988cb30993b3048335b94af6c,cx21e94c08c03daee80c25d8ee3ea22a20786ec231,0x1158da2982f6ae2b6,0x80817215487153a949a384b3dd3bf3b0b774b1d84e7c480a8c00b76d6b0cc16b,2,94216758,19.999820294736505,1741114322525704,Avalanche,0.0882961875,AVAX,0,1,2025-03-04
cx88fd7df7ddff82f7cc735c871dc519838cb235bb,cx21e94c08c03daee80c25d8ee3ea22a20786ec231,cxa0af3165c08318e988cb30993b3048335b94af6c,0x15b1f1c26f3be330c0,0x80817215487153a949a384b3dd3bf3b0b774b1d84e7c480a8c00b76d6b0cc16b,1,94216758,400.203868945003,1741114322525704,Balanced Dollar,0.0882961875,bnUSD,0,1,2025-03-04
cx88fd7df7ddff82f7cc735c871dc519838cb235bb,hx2debd9ec927cca1639da8d3518dd9dbf1cdfb357,cx21e94c08c03daee80c25d8ee3ea22a20786ec231,0x15b1f1c26f3be330c0,0x80817215487153a949a384b3dd3bf3b0b774b1d84e7c480a8c00b76d6b0cc16b,0,94216758,400.203868945003,1741114322525704,Balanced Dollar,0.0882961875,bnUSD,0,1,2025-03-04
cx88fd7df7ddff82f7cc735c871dc519838cb235bb,cxa0af3165c08318e988cb30993b3048335b94af6c,cx5faae53c4dbd1fbe4a2eb4aab6565030f10da5c6,0xebbc3abd79b800,0xaeadaf005ce3364660b8624d823487b3db688047fe2e6e1c63c4f23aaa8cd49a,2,94216752,0.06635358,1741114310517212,Balanced Dollar,0.0563614,bnUSD,0,2,2025-03-04
cx4297f4b63262507623b6ad575d0d8dd2db980e4e,cxa0af3165c08318e988cb30993b3048335b94af6c,hxd75467e3e4ce64e3424c747dfb71503017440433,0x37b7389eddec94b4,0xaeadaf005ce3364660b8624d823487b3db688047fe2e6e1c63c4f23aaa8cd49a,1,94216752,4.0147398478033445,1741114310517212,Injective,0.0563614,INJ,0,2,2025-03-04
cx88fd7df7ddff82f7cc735c871dc519838cb235bb,hxd75467e3e4ce64e3424c747dfb71503017440433,cxa0af3165c08318e988cb30993b3048335b94af6c,0x265e4d8f817a48000,0xaeadaf005ce3364660b8624d823487b3db688047fe2e6e1c63c4f23aaa8cd49a,0,94216752,44.23572,1741114310517212,Balanced Dollar,0.0563614,bnUSD,0,2,2025-03-04
cxd17316e24ee40f2ef8ed6f3a497311db1b35206d,hxbb3d79d08eba2185883c28e9eef53ea359a33246,hxbb3d79d08eba2185883c28e9eef53ea359a33246,0x0,0x92b6f5bd9e3d5991a5a8bb38ae4a4e15c5d7952a8e59c8407ff8270a4e4a9028,2,94216752,0.0,1741114310517212,unknown_token,0.0107544875,$unknown,5,1,2025-03-04
cx7baf94bd53b505353285ee4c4c050f9703581703,hxbb3d79d08eba2185883c28e9eef53ea359a33246,hx0000000000000000000000000000000000000000,0x0,0x92b6f5bd9e3d5991a5a8bb38ae4a4e15c5d7952a8e59c8407ff8270a4e4a9028,1,94216752,0.0,1741114310517212,unknown_token,0.0107544875,$unknown,3,1,2025-03-04
cx88fd7df7ddff82f7cc735c871dc519838cb235bb,cxa0af3165c08318e988cb30993b3048335b94af6c,cx5faae53c4dbd1fbe4a2eb4aab6565030f10da5c6,0xb25460cb27c5f9d,0x9e940a901bd699e7761019f0f22c9d3508cc4ab5e2aef5f0d5f49ec5ab6011a0,2,94216748,0.8031251289035488,1741114302531050,Balanced Dollar,0.0705547125,bnUSD,0,2,2025-03-04
cx2609b924e33ef00b648a409245c7ea394c467824,cxa0af3165c08318e988cb30993b3048335b94af6c,hxc1718c79947e0f673296218b5b23adbd9a3b38a8,0xccaaf87e41fb164525,0x9e940a901bd699e7761019f0f22c9d3508cc4ab5e2aef5f0d5f49ec5ab6011a0,1,94216748,3775.455526639271,1741114302531050,Staked ICX,0.0705547125,sICX,0,2,2025-03-04
cx88fd7df7ddff82f7cc735c871dc519838cb235bb,hxc1718c79947e0f673296218b5b23adbd9a3b38a8,cxa0af3165c08318e988cb30993b3048335b94af6c,0x1d06666bbb79390000,0x9e940a901bd699e7761019f0f22c9d3508cc4ab5e2aef5f0d5f49ec5ab6011a0,0,94216748,535.4167526023659,1741114302531050,Balanced Dollar,0.0705547125,bnUSD,0,2,2025-03-04
cx88fd7df7ddff82f7cc735c871dc519838cb235bb,cxd82fb5d3effecd8c9071a4bba3856ad7222c4b91,hxc1718c79947e0f673296218b5b23adbd9a3b38a8,0x1d06666bbb79390000,0xd0f2fa4bdd021f517eda4bd6e44aa09b212452bdc9853e9f845cad09c06eda9a,0,94216748,535.4167526023659,1741114302531050,Balanced Dollar,0.0206895625,bnUSD,0,1,2025-03-04
cx88fd7df7ddff82f7cc735c871dc519838cb235bb,cxa0af3165c08318e988cb30993b3048335b94af6c,cx5faae53c4dbd1fbe4a2eb4aab6565030f10da5c6,0x291b8bd3667c0ed,0xa0ab3896d7b8806cf6730e3b486dce13cb8340f1e6acef1c0b283d19790c6b45,2,94216746,0.1851321825,1741114298530008,Balanced Dollar,0.0460574,bnUSD,0,1,2025-03-04
cx508002ec116fbf3ab406329c0df28e70d7e75fb3,cxa0af3165c08318e988cb30993b3048335b94af6c,hxd75467e3e4ce64e3424c747dfb71503017440433,0xbb0f31e9a,0xa0ab3896d7b8806cf6730e3b486dce13cb8340f1e6acef1c0b283d19790c6b45,1,94216746,50.213363354,1741114298530008,Sui,0.0460574,SUI,0,1,2025-03-04
cx88fd7df7ddff82f7cc735c871dc519838cb235bb,hxd75467e3e4ce64e3424c747dfb71503017440433,cxa0af3165c08318e988cb30993b3048335b94af6c,0x6b0d1176858dbc000,0xa0ab3896d7b8806cf6730e3b486dce13cb8340f1e6acef1c0b283d19790c6b45,0,94216746,123.421455,1741114298530008,Balanced Dollar,0.0460574,bnUSD,0,1,2025-03-04
cxd17316e24ee40f2ef8ed6f3a497311db1b35206d,hx8026678e3d08ba3203ce6161ee8e9e3b9793491f,hx8026678e3d08ba3203ce6161ee8e9e3b9793491f,0x0,0x774ce819264d9ed26dc2a502af0dc33444183c84d81c57710000b5d2bfe26791,5,94216743,0.0,1741114292511883,unknown_token,0.0195120875,$unknown,34,1,2025-03-04
cx53f8ccd5426534f82cf10cb742de033e51da72fc,hx8026678e3d08ba3203ce6161ee8e9e3b9793491f,hx0000000000000000000000000000000000000000,0x0,0x774ce819264d9ed26dc2a502af0dc33444183c84d81c57710000b5d2bfe26791,4,94216743,0.0,1741114292511883,unknown_token,0.0195120875,$unknown,3,1,2025-03-04
cx7baf94bd53b505353285ee4c4c050f9703581703,hx8026678e3d08ba3203ce6161ee8e9e3b9793491f,hx0000000000000000000000000000000000000000,0x0,0x774ce819264d9ed26dc2a502af0dc33444183c84d81c57710000b5d2bfe26791,2,94216743,0.0,1741114292511883,unknown_token,0.0195120875,$unknown,4,1,2025-03-04
cx7baf94bd53b505353285ee4c4c050f9703581703,hx8026678e3d08ba3203ce6161ee8e9e3b9793491f,hx0000000000000000000000000000000000000000,0x0,0x774ce819264d9ed26dc2a502af0dc33444183c84d81c57710000b5d2bfe26791,0,94216743,0.0,1741114292511883,unknown_token,0.0195120875,$unknown,27,1,2025-03-04
cxd17316e24ee40f2ef8ed6f3a497311db1b35206d,hx8026678e3d08ba3203ce6161ee8e9e3b9793491f,hx8026678e3d08ba3203ce6161ee8e9e3b9793491f,0x0,0xbb1ef1ff1297e8101f3ca17d17e822cf97cfd775dc76802d83a9a694f2b8c6e0,4,94216741,0.0,1741114288506305,unknown_token,0.0179893875,$unknown,34,1,2025-03-04
cx7baf94bd53b505353285ee4c4c050f9703581703,hx8026678e3d08ba3203ce6161ee8e9e3b9793491f,hx0000000000000000000000000000000000000000,0x0,0xbb1ef1ff1297e8101f3ca17d17e822cf97cfd775dc76802d83a9a694f2b8c6e0,2,94216741,0.0,1741114288506305,unknown_token,0.0179893875,$unknown,10,1,2025-03-04
cx7baf94bd53b505353285ee4c4c050f9703581703,hx8026678e3d08ba3203ce6161ee8e9e3b9793491f,hx0000000000000000000000000000000000000000,0x0,0xbb1ef1ff1297e8101f3ca17d17e822cf97cfd775dc76802d83a9a694f2b8c6e0,0,94216741,0.0,1741114288506305,unknown_token,0.0179893875,$unknown,17,1,2025-03-04
cxd17316e24ee40f2ef8ed6f3a497311db1b35206d,hx8026678e3d08ba3203ce6161ee8e9e3b9793491f,hx8026678e3d08ba3203ce6161ee8e9e3b9793491f,0x0,0xbe07ba7f52576b1d8519399970971178571a74ec950197acf5f72f43777034dc,5,94216740,0.0,1741114286648237,unknown_token,0.0199335875,$unknown,34,1,2025-03-04
cx53f8ccd5426534f82cf10cb742de033e51da72fc,hx8026678e3d08ba3203ce6161ee8e9e3b9793491f,hx0000000000000000000000000000000000000000,0x0,0xbe07ba7f52576b1d8519399970971178571a74ec950197acf5f72f43777034dc,4,94216740,0.0,1741114286648237,unknown_token,0.0199335875,$unknown,2,1,2025-03-04
cx7baf94bd53b505353285ee4c4c050f9703581703,hx8026678e3d08ba3203ce6161ee8e9e3b9793491f,hx0000000000000000000000000000000000000000,0x0,0xbe07ba7f52576b1d8519399970971178571a74ec950197acf5f72f43777034dc,2,94216740,0.0,1741114286648237,unknown_token,0.0199335875,$unknown,16,1,2025-03-04
cx7baf94bd53b505353285ee4c4c050f9703581703,hx8026678e3d08ba3203ce6161ee8e9e3b9793491f,hx0000000000000000000000000000000000000000,0x0,0xbe07ba7f52576b1d8519399970971178571a74ec950197acf5f72f43777034dc,0,94216740,0.0,1741114286648237,unknown_token,0.0199335875,$unknown,4,1,2025-03-04
cxd17316e24ee40f2ef8ed6f3a497311db1b35206d,hx8026678e3d08ba3203ce6161ee8e9e3b9793491f,hx8026678e3d08ba3203ce6161ee8e9e3b9793491f,0x0,0xa9984b31dcea34aa1d6aa5b5e914655176c411ebb782e6b0ff609978bb06936d,4,94216738,0.0,1741114282509220,unknown_token,0.019884825,$unknown,34,1,2025-03-04
cx7baf94bd53b505353285ee4c4c050f9703581703,hx8026678e3d08ba3203ce6161ee8e9e3b9793491f,hx0000000000000000000000000000000000000000,0x0,0xa9984b31dcea34aa1d6aa5b5e914655176c411ebb782e6b0ff609978bb06936d,2,94216738,0.0,1741114282509220,unknown_token,0.019884825,$unknown,23,1,2025-03-04
cx7baf94bd53b505353285ee4c4c050f9703581703,hx8026678e3d08ba3203ce6161ee8e9e3b9793491f,hx0000000000000000000000000000000000000000,0x0,0xa9984b31dcea34aa1d6aa5b5e914655176c411ebb782e6b0ff609978bb06936d,0,94216738,0.0,1741114282509220,unknown_token,0.019884825,$unknown,16,1,2025-03-04
cx88fd7df7ddff82f7cc735c871dc519838cb235bb,cxa0af3165c08318e988cb30993b3048335b94af6c,cx5faae53c4dbd1fbe4a2eb4aab6565030f10da5c6,0x29071a5fff550ed,0x0bfbbfbfe18071dde9f321037d5c395780aff552c054005f3bd9d7855bf16614,2,94216736,0.18477254249999997,1741114278548338,Balanced Dollar,0.0460574,bnUSD,0,2,2025-03-04
cx508002ec116fbf3ab406329c0df28e70d7e75fb3,cxa0af3165c08318e988cb30993b3048335b94af6c,hxd75467e3e4ce64e3424c747dfb71503017440433,0xbae5b95e7,0x0bfbbfbfe18071dde9f321037d5c395780aff552c054005f3bd9d7855bf16614,1,94216736,50.169877991,1741114278548338,Sui,0.0460574,SUI,0,2,2025-03-04
cx88fd7df7ddff82f7cc735c871dc519838cb235bb,hxd75467e3e4ce64e3424c747dfb71503017440433,cxa0af3165c08318e988cb30993b3048335b94af6c,0x6ad7d4af53982c000,0x0bfbbfbfe18071dde9f321037d5c395780aff552c054005f3bd9d7855bf16614,0,94216736,123.18169499999999,1741114278548338,Balanced Dollar,0.0460574,bnUSD,0,2,2025-03-04
cxd17316e24ee40f2ef8ed6f3a497311db1b35206d,hx8026678e3d08ba3203ce6161ee8e9e3b9793491f,hx8026678e3d08ba3203ce6161ee8e9e3b9793491f,0x0,0x8abce4078d638300ba1c2358fd1b432583946f8cfd7d2f152c9999a42f12bf7e,4,94216734,0.0,1741114274519673,unknown_token,0.0169356375,$unknown,34,1,2025-03-04
cx7baf94bd53b505353285ee4c4c050f9703581703,hx8026678e3d08ba3203ce6161ee8e9e3b9793491f,hx0000000000000000000000000000000000000000,0x0,0x8abce4078d638300ba1c2358fd1b432583946f8cfd7d2f152c9999a42f12bf7e,2,94216734,0.0,1741114274519673,unknown_token,0.0169356375,$unknown,5,1,2025-03-04
cx7baf94bd53b505353285ee4c4c050f9703581703,hx8026678e3d08ba3203ce6161ee8e9e3b9793491f,hx0000000000000000000000000000000000000000,0x0,0x8abce4078d638300ba1c2358fd1b432583946f8cfd7d2f152c9999a42f12bf7e,0,94216734,0.0,1741114274519673,unknown_token,0.0169356375,$unknown,1,1,2025-03-04
cxd17316e24ee40f2ef8ed6f3a497311db1b35206d,hx8026678e3d08ba3203ce6161ee8e9e3b9793491f,hx8026678e3d08ba3203ce6161ee8e9e3b9793491f,0x0,0xc164fff6a1a78b3b85a4afca6bd34ba8b2b1ac414baa86a846b55b5ca2ba4e7f,5,94216732,0.0,1741114270690163,unknown_token,0.0195823375,$unknown,34,1,2025-03-04
cx53f8ccd5426534f82cf10cb742de033e51da72fc,hx8026678e3d08ba3203ce6161ee8e9e3b9793491f,hx0000000000000000000000000000000000000000,0x0,0xc164fff6a1a78b3b85a4afca6bd34ba8b2b1ac414baa86a846b55b5ca2ba4e7f,4,94216732,0.0,1741114270690163,unknown_token,0.0195823375,$unknown,3,1,2025-03-04
cx7baf94bd53b505353285ee4c4c050f9703581703,hx8026678e3d08ba3203ce6161ee8e9e3b9793491f,hx0000000000000000000000000000000000000000,0x0,0xc164fff6a1a78b3b85a4afca6bd34ba8b2b1ac414baa86a846b55b5ca2ba4e7f,2,94216732,0.0,1741114270690163,unknown_token,0.0195823375,$unknown,4,1,2025-03-04
cx7baf94bd53b505353285ee4c4c050f9703581703,hx8026678e3d08ba3203ce6161ee8e9e3b9793491f,hx0000000000000000000000000000000000000000,0x0,0xc164fff6a1a78b3b85a4afca6bd34ba8b2b1ac414baa86a846b55b5ca2ba4e7f,0,94216732,0.0,1741114270690163,unknown_token,0.0195823375,$unknown,22,1,2025-03-04
cxd17316e24ee40f2ef8ed6f3a497311db1b35206d,hx8026678e3d08ba3203ce6161ee8e9e3b9793491f,hx8026678e3d08ba3203ce6161ee8e9e3b9793491f,0x0,0x73e73d441bf626d583d778e64718f2f22eb8fefb1ce9025f80b25258e6ce42e0,4,94216731,0.0,1741114268500578,unknown_token,0.0189026375,$unknown,34,1,2025-03-04
cx7baf94bd53b505353285ee4c4c050f9703581703,hx8026678e3d08ba3203ce6161ee8e9e3b9793491f,hx0000000000000000000000000000000000000000,0x0,0x73e73d441bf626d583d778e64718f2f22eb8fefb1ce9025f80b25258e6ce42e0,2,94216731,0.0,1741114268500578,unknown_token,0.0189026375,$unknown,12,1,2025-03-04
cx7baf94bd53b505353285ee4c4c050f9703581703,hx8026678e3d08ba3203ce6161ee8e9e3b9793491f,hx0000000000000000000000000000000000000000,0x0,0x73e73d441bf626d583d778e64718f2f22eb8fefb1ce9025f80b25258e6ce42e0,0,94216731,0.0,1741114268500578,unknown_token,0.0189026375,$unknown,26,1,2025-03-04
cxd17316e24ee40f2ef8ed6f3a497311db1b35206d,hx8026678e3d08ba3203ce6161ee8e9e3b9793491f,hx8026678e3d08ba3203ce6161ee8e9e3b9793491f,0x0,0x3253bfbec7d7aa4b82c28ad829f5cf97645ab8a012460ce0d337602e05868f25,4,94216729,0.0,1741114264502521,unknown_token,0.0173571375,$unknown,34,1,2025-03-04
cx7baf94bd53b505353285ee4c4c050f9703581703,hx8026678e3d08ba3203ce6161ee8e9e3b9793491f,hx0000000000000000000000000000000000000000,0x0,0x3253bfbec7d7aa4b82c28ad829f5cf97645ab8a012460ce0d337602e05868f25,2,94216729,0.0,1741114264502521,unknown_token,0.0173571375,$unknown,16,1,2025-03-04
cx7baf94bd53b505353285ee4c4c050f9703581703,hx8026678e3d08ba3203ce6161ee8e9e3b9793491f,hx0000000000000000000000000000000000000000,0x0,0x3253bfbec7d7aa4b82c28ad829f5cf97645ab8a012460ce0d337602e05868f25,0,94216729,0.0,1741114264502521,unknown_token,0.0173571375,$unknown,11,1,2025-03-04
cx28b2ec885b50c8a93da752f2d0467a67127a70e8,cx7127ae2887ef7676bf8014e995bd2ed4fd71f05b,cx5a0af85407c69945eb318d4ac18e9e842184163c,0x97210d4d64010e666,0x6d8a9fb2685eaa69f322f48292d6aacfb3a3078f4f11528cba4c15fd06d1a5b4,7,94216724,174.24000000000007,1741114254498971,CROWN,0.0415248875,CROWN,0,2,2025-03-04
cx28b2ec885b50c8a93da752f2d0467a67127a70e8,cx7127ae2887ef7676bf8014e995bd2ed4fd71f05b,hx0000000000000000000000000000000000000000,0x19302ce23b5582666,0x6d8a9fb2685eaa69f322f48292d6aacfb3a3078f4f11528cba4c15fd06d1a5b4,5,94216724,29.04000000000001,1741114254498971,CROWN,0.0415248875,CROWN,0,2,2025-03-04
cx28b2ec885b50c8a93da752f2d0467a67127a70e8,cx7127ae2887ef7676bf8014e995bd2ed4fd71f05b,cxd77007090899311f1afbcae86b49cfe817fc6810,0x326059c476ab04ccc,0x6d8a9fb2685eaa69f322f48292d6aacfb3a3078f4f11528cba4c15fd06d1a5b4,4,94216724,58.08000000000002,1741114254498971,CROWN,0.0415248875,CROWN,0,2,2025-03-04
cx28b2ec885b50c8a93da752f2d0467a67127a70e8,cx7127ae2887ef7676bf8014e995bd2ed4fd71f05b,hx84f2cd8dd94ed2da42f6a1b959b0baaecf6651c1,0x19302ce23b5582666,0x6d8a9fb2685eaa69f322f48292d6aacfb3a3078f4f11528cba4c15fd06d1a5b4,2,94216724,29.04000000000001,1741114254498971,CROWN,0.0415248875,CROWN,0,2,2025-03-04
cx28b2ec885b50c8a93da752f2d0467a67127a70e8,hxd2ab70a9d09d60aabec1b6c3dadc35e4bf33b6f1,cx7127ae2887ef7676bf8014e995bd2ed4fd71f05b,0xfbe1c0d6515718000,0x6d8a9fb2685eaa69f322f48292d6aacfb3a3078f4f11528cba4c15fd06d1a5b4,0,94216724,290.4000000000001,1741114254498971,CROWN,0.0415248875,CROWN,0,2,2025-03-04
cxd17316e24ee40f2ef8ed6f3a497311db1b35206d,hx8026678e3d08ba3203ce6161ee8e9e3b9793491f,hx8026678e3d08ba3203ce6161ee8e9e3b9793491f,0x0,0x14223b180cbe5d24b4d7a469e15730b72bfbc25815cab5bdf30fbf7c896c2a5d,5,94216724,0.0,1741114254498971,unknown_token,0.019440525,$unknown,34,1,2025-03-04
cx53f8ccd5426534f82cf10cb742de033e51da72fc,hx8026678e3d08ba3203ce6161ee8e9e3b9793491f,hx0000000000000000000000000000000000000000,0x0,0x14223b180cbe5d24b4d7a469e15730b72bfbc25815cab5bdf30fbf7c896c2a5d,4,94216724,0.0,1741114254498971,unknown_token,0.019440525,$unknown,3,1,2025-03-04
cx7baf94bd53b505353285ee4c4c050f9703581703,hx8026678e3d08ba3203ce6161ee8e9e3b9793491f,hx0000000000000000000000000000000000000000,0x0,0x14223b180cbe5d24b4d7a469e15730b72bfbc25815cab5bdf30fbf7c896c2a5d,2,94216724,0.0,1741114254498971,unknown_token,0.019440525,$unknown,13,1,2025-03-04
cx7baf94bd53b505353285ee4c4c050f9703581703,hx8026678e3d08ba3203ce6161ee8e9e3b9793491f,hx0000000000000000000000000000000000000000,0x0,0x14223b180cbe5d24b4d7a469e15730b72bfbc25815cab5bdf30fbf7c896c2a5d,0,94216724,0.0,1741114254498971,unknown_token,0.019440525,$unknown,1,1,2025-03-04
cxd17316e24ee40f2ef8ed6f3a497311db1b35206d,hx8026678e3d08ba3203ce6161ee8e9e3b9793491f,hx8026678e3d08ba3203ce6161ee8e9e3b9793491f,0x0,0x5b4666d7fb8df332f10509c9034f208a2c6a7aad2d6edfb07410ff3c6c579988,5,94216721,0.0,1741114248498296,unknown_token,0.0197930875,$unknown,34,1,2025-03-04
cx53f8ccd5426534f82cf10cb742de033e51da72fc,hx8026678e3d08ba3203ce6161ee8e9e3b9793491f,hx0000000000000000000000000000000000000000,0x0,0x5b4666d7fb8df332f10509c9034f208a2c6a7aad2d6edfb07410ff3c6c579988,4,94216721,0.0,1741114248498296,unknown_token,0.0197930875,$unknown,8,1,2025-03-04
cx7baf94bd53b505353285ee4c4c050f9703581703,hx8026678e3d08ba3203ce6161ee8e9e3b9793491f,hx0000000000000000000000000000000000000000,0x0,0x5b4666d7fb8df332f10509c9034f208a2c6a7aad2d6edfb07410ff3c6c579988,2,94216721,0.0,1741114248498296,unknown_token,0.0197930875,$unknown,1,1,2025-03-04
cx7baf94bd53b505353285ee4c4c050f9703581703,hx8026678e3d08ba3203ce6161ee8e9e3b9793491f,hx0000000000000000000000000000000000000000,0x0,0x5b4666d7fb8df332f10509c9034f208a2c6a7aad2d6edfb07410ff3c6c579988,0,94216721,0.0,1741114248498296,unknown_token,0.0197930875,$unknown,11,1,2025-03-04
cxd17316e24ee40f2ef8ed6f3a497311db1b35206d,hx8026678e3d08ba3203ce6161ee8e9e3b9793491f,hx8026678e3d08ba3203ce6161ee8e9e3b9793491f,0x0,0xe25fe8026bcc1114dceb1d6b06cc84fa6f5c9196d8e6cb70ed3901295d0aad2a,4,94216719,0.0,1741114244693309,unknown_token,0.0179893875,$unknown,34,1,2025-03-04
cx7baf94bd53b505353285ee4c4c050f9703581703,hx8026678e3d08ba3203ce6161ee8e9e3b9793491f,hx0000000000000000000000000000000000000000,0x0,0xe25fe8026bcc1114dceb1d6b06cc84fa6f5c9196d8e6cb70ed3901295d0aad2a,2,94216719,0.0,1741114244693309,unknown_token,0.0179893875,$unknown,30,1,2025-03-04
cx7baf94bd53b505353285ee4c4c050f9703581703,hx8026678e3d08ba3203ce6161ee8e9e3b9793491f,hx0000000000000000000000000000000000000000,0x0,0xe25fe8026bcc1114dceb1d6b06cc84fa6f5c9196d8e6cb70ed3901295d0aad2a,0,94216719,0.0,1741114244693309,unknown_token,0.0179893875,$unknown,22,1,2025-03-04
cxd17316e24ee40f2ef8ed6f3a497311db1b35206d,hx8026678e3d08ba3203ce6161ee8e9e3b9793491f,hx8026678e3d08ba3203ce6161ee8e9e3b9793491f,0x0,0x13a2ab5d904bcfe7bb28ec0803e0e2f7d1054e383db6de5d652fdce7d750df26,5,94216718,0.0,1741114242496590,unknown_token,0.0196525875,$unknown,34,1,2025-03-04
cx53f8ccd5426534f82cf10cb742de033e51da72fc,hx8026678e3d08ba3203ce6161ee8e9e3b9793491f,hx0000000000000000000000000000000000000000,0x0,0x13a2ab5d904bcfe7bb28ec0803e0e2f7d1054e383db6de5d652fdce7d750df26,4,94216718,0.0,1741114242496590,unknown_token,0.0196525875,$unknown,4,1,2025-03-04
cx7baf94bd53b505353285ee4c4c050f9703581703,hx8026678e3d08ba3203ce6161ee8e9e3b9793491f,hx0000000000000000000000000000000000000000,0x0,0x13a2ab5d904bcfe7bb28ec0803e0e2f7d1054e383db6de5d652fdce7d750df26,2,94216718,0.0,1741114242496590,unknown_token,0.0196525875,$unknown,5,1,2025-03-04
cx7baf94bd53b505353285ee4c4c050f9703581703,hx8026678e3d08ba3203ce6161ee8e9e3b9793491f,hx0000000000000000000000000000000000000000,0x0,0x13a2ab5d904bcfe7bb28ec0803e0e2f7d1054e383db6de5d652fdce7d750df26,0,94216718,0.0,1741114242496590,unknown_token,0.0196525875,$unknown,11,1,2025-03-04
cx518f64edcd35db9044a2de63fdc10abfd5f7d611,cx21e94c08c03daee80c25d8ee3ea22a20786ec231,hxd75467e3e4ce64e3424c747dfb71503017440433,0xef7d0a10,0x5e1f1e32a72e2c4032cee07643e7b20bfa50d4efc16f36c6a605051a49d1c412,9,94216717,401.79492,1741114240715277,Stellar,0.1692084125,XLM,0,1,2025-03-04
cx2609b924e33ef00b648a409245c7ea394c467824,cxa0af3165c08318e988cb30993b3048335b94af6c,cx5faae53c4dbd1fbe4a2eb4aab6565030f10da5c6,0x1136072405f4db1a,0x5e1f1e32a72e2c4032cee07643e7b20bfa50d4efc16f36c6a605051a49d1c412,7,94216717,1.2401865986873004,1741114240715277,Staked ICX,0.1692084125,sICX,0,1,2025-03-04
cx518f64edcd35db9044a2de63fdc10abfd5f7d611,cxa0af3165c08318e988cb30993b3048335b94af6c,cx21e94c08c03daee80c25d8ee3ea22a20786ec231,0xef7d0a10,0x5e1f1e32a72e2c4032cee07643e7b20bfa50d4efc16f36c6a605051a49d1c412,6,94216717,401.79492,1741114240715277,Stellar,0.1692084125,XLM,0,1,2025-03-04
cx2609b924e33ef00b648a409245c7ea394c467824,cx21e94c08c03daee80c25d8ee3ea22a20786ec231,cxa0af3165c08318e988cb30993b3048335b94af6c,0x2cd207edcf82fa94a3,0x5e1f1e32a72e2c4032cee07643e7b20bfa50d4efc16f36c6a605051a49d1c412,5,94216717,826.7910657915336,1741114240715277,Staked ICX,0.1692084125,sICX,0,1,2025-03-04
cx88fd7df7ddff82f7cc735c871dc519838cb235bb,cxa0af3165c08318e988cb30993b3048335b94af6c,cx5faae53c4dbd1fbe4a2eb4aab6565030f10da5c6,0x2705e4f43c72000,0x5e1f1e32a72e2c4032cee07643e7b20bfa50d4efc16f36c6a605051a49d1c412,3,94216717,0.17574408,1741114240715277,Balanced Dollar,0.1692084125,bnUSD,0,1,2025-03-04
cx2609b924e33ef00b648a409245c7ea394c467824,cxa0af3165c08318e988cb30993b3048335b94af6c,cx21e94c08c03daee80c25d8ee3ea22a20786ec231,0x2cd207edcf82fa94a3,0x5e1f1e32a72e2c4032cee07643e7b20bfa50d4efc16f36c6a605051a49d1c412,2,94216717,826.7910657915336,1741114240715277,Staked ICX,0.1692084125,sICX,0,1,2025-03-04
cx88fd7df7ddff82f7cc735c871dc519838cb235bb,cx21e94c08c03daee80c25d8ee3ea22a20786ec231,cxa0af3165c08318e988cb30993b3048335b94af6c,0x659f59915d68e0000,0x5e1f1e32a72e2c4032cee07643e7b20bfa50d4efc16f36c6a605051a49d1c412,1,94216717,117.16272,1741114240715277,Balanced Dollar,0.1692084125,bnUSD,0,1,2025-03-04
cx88fd7df7ddff82f7cc735c871dc519838cb235bb,hxd75467e3e4ce64e3424c747dfb71503017440433,cx21e94c08c03daee80c25d8ee3ea22a20786ec231,0x659f59915d68e0000,0x5e1f1e32a72e2c4032cee07643e7b20bfa50d4efc16f36c6a605051a49d1c412,0,94216717,117.16272,1741114240715277,Balanced Dollar,0.1692084125,bnUSD,0,1,2025-03-04
cxd17316e24ee40f2ef8ed6f3a497311db1b35206d,hx8026678e3d08ba3203ce6161ee8e9e3b9793491f,hx8026678e3d08ba3203ce6161ee8e9e3b9793491f,0x0,0x43a3f6ffdfdf1a4bc584a2fc887c33e7260ab83d2edbec81fde1db2382e64d8c,5,94216715,0.0,1741114236697789,unknown_token,0.0200740875,$unknown,34,1,2025-03-04
cx53f8ccd5426534f82cf10cb742de033e51da72fc,hx8026678e3d08ba3203ce6161ee8e9e3b9793491f,hx0000000000000000000000000000000000000000,0x0,0x43a3f6ffdfdf1a4bc584a2fc887c33e7260ab83d2edbec81fde1db2382e64d8c,4,94216715,0.0,1741114236697789,unknown_token,0.0200740875,$unknown,4,1,2025-03-04
cx7baf94bd53b505353285ee4c4c050f9703581703,hx8026678e3d08ba3203ce6161ee8e9e3b9793491f,hx0000000000000000000000000000000000000000,0x0,0x43a3f6ffdfdf1a4bc584a2fc887c33e7260ab83d2edbec81fde1db2382e64d8c,2,94216715,0.0,1741114236697789,unknown_token,0.0200740875,$unknown,1,1,2025-03-04
cx7baf94bd53b505353285ee4c4c050f9703581703,hx8026678e3d08ba3203ce6161ee8e9e3b9793491f,hx0000000000000000000000000000000000000000,0x0,0x43a3f6ffdfdf1a4bc584a2fc887c33e7260ab83d2edbec81fde1db2382e64d8c,0,94216715,0.0,1741114236697789,unknown_token,0.0200740875,$unknown,17,1,2025-03-04
cxd17316e24ee40f2ef8ed6f3a497311db1b35206d,hx8026678e3d08ba3203ce6161ee8e9e3b9793491f,hx8026678e3d08ba3203ce6161ee8e9e3b9793491f,0x0,0xcb6f3c8c4b657a779075a15f965f3bda4796c3ec6a50f5b816fb3c923123573e,4,94216713,0.0,1741114232504932,unknown_token,0.0191836375,$unknown,34,1,2025-03-04
cx7baf94bd53b505353285ee4c4c050f9703581703,hx8026678e3d08ba3203ce6161ee8e9e3b9793491f,hx0000000000000000000000000000000000000000,0x0,0xcb6f3c8c4b657a779075a15f965f3bda4796c3ec6a50f5b816fb3c923123573e,2,94216713,0.0,1741114232504932,unknown_token,0.0191836375,$unknown,18,1,2025-03-04
cx7baf94bd53b505353285ee4c4c050f9703581703,hx8026678e3d08ba3203ce6161ee8e9e3b9793491f,hx0000000000000000000000000000000000000000,0x0,0xcb6f3c8c4b657a779075a15f965f3bda4796c3ec6a50f5b816fb3c923123573e,0,94216713,0.0,1741114232504932,unknown_token,0.0191836375,$unknown,11,1,2025-03-04
cxd17316e24ee40f2ef8ed6f3a497311db1b35206d,hx8026678e3d08ba3203ce6161ee8e9e3b9793491f,hx8026678e3d08ba3203ce6161ee8e9e3b9793491f,0x0,0xab027482bf542c2fe6a6a11eca857a73659da2e32f70fca351c72ac0a8bb4979,4,94216710,0.0,1741114226489032,unknown_token,0.0193241375,$unknown,34,1,2025-03-04
cx7baf94bd53b505353285ee4c4c050f9703581703,hx8026678e3d08ba3203ce6161ee8e9e3b9793491f,hx0000000000000000000000000000000000000000,0x0,0xab027482bf542c2fe6a6a11eca857a73659da2e32f70fca351c72ac0a8bb4979,2,94216710,0.0,1741114226489032,unknown_token,0.0193241375,$unknown,10,1,2025-03-04
cx7baf94bd53b505353285ee4c4c050f9703581703,hx8026678e3d08ba3203ce6161ee8e9e3b9793491f,hx0000000000000000000000000000000000000000,0x0,0xab027482bf542c2fe6a6a11eca857a73659da2e32f70fca351c72ac0a8bb4979,0,94216710,0.0,1741114226489032,unknown_token,0.0193241375,$unknown,22,1,2025-03-04
cxd17316e24ee40f2ef8ed6f3a497311db1b35206d,hx8026678e3d08ba3203ce6161ee8e9e3b9793491f,hx8026678e3d08ba3203ce6161ee8e9e3b9793491f,0x0,0x7a5deb37e8cb9b8f52632b42ed0f5b01bfdef8302f8996ef4c3f3e22f613a124,4,94216707,0.0,1741114220671700,unknown_token,0.0173571375,$unknown,34,1,2025-03-04
cx7baf94bd53b505353285ee4c4c050f9703581703,hx8026678e3d08ba3203ce6161ee8e9e3b9793491f,hx0000000000000000000000000000000000000000,0x0,0x7a5deb37e8cb9b8f52632b42ed0f5b01bfdef8302f8996ef4c3f3e22f613a124,2,94216707,0.0,1741114220671700,unknown_token,0.0173571375,$unknown,5,1,2025-03-04
cx7baf94bd53b505353285ee4c4c050f9703581703,hx8026678e3d08ba3203ce6161ee8e9e3b9793491f,hx0000000000000000000000000000000000000000,0x0,0x7a5deb37e8cb9b8f52632b42ed0f5b01bfdef8302f8996ef4c3f3e22f613a124,0,94216707,0.0,1741114220671700,unknown_token,0.0173571375,$unknown,32,1,2025-03-04
cxd17316e24ee40f2ef8ed6f3a497311db1b35206d,hx8026678e3d08ba3203ce6161ee8e9e3b9793491f,hx8026678e3d08ba3203ce6161ee8e9e3b9793491f,0x0,0x9915005fc32159f4f7aee70c198c757c7f9712d1a55908f4e6d166485f7c88ec,5,94216705,0.0,1741114216493535,unknown_token,0.020002525,$unknown,34,1,2025-03-04
cx53f8ccd5426534f82cf10cb742de033e51da72fc,hx8026678e3d08ba3203ce6161ee8e9e3b9793491f,hx0000000000000000000000000000000000000000,0x0,0x9915005fc32159f4f7aee70c198c757c7f9712d1a55908f4e6d166485f7c88ec,4,94216705,0.0,1741114216493535,unknown_token,0.020002525,$unknown,2,1,2025-03-04
cx7baf94bd53b505353285ee4c4c050f9703581703,hx8026678e3d08ba3203ce6161ee8e9e3b9793491f,hx0000000000000000000000000000000000000000,0x0,0x9915005fc32159f4f7aee70c198c757c7f9712d1a55908f4e6d166485f7c88ec,2,94216705,0.0,1741114216493535,unknown_token,0.020002525,$unknown,23,1,2025-03-04
cx7baf94bd53b505353285ee4c4c050f9703581703,hx8026678e3d08ba3203ce6161ee8e9e3b9793491f,hx0000000000000000000000000000000000000000,0x0,0x9915005fc32159f4f7aee70c198c757c7f9712d1a55908f4e6d166485f7c88ec,0,94216705,0.0,1741114216493535,unknown_token,0.020002525,$unknown,26,1,2025-03-04
cxd17316e24ee40f2ef8ed6f3a497311db1b35206d,hx8026678e3d08ba3203ce6161ee8e9e3b9793491f,hx8026678e3d08ba3203ce6161ee8e9e3b9793491f,0x0,0x87a3e36b780382bf1234ba63f0880f292353421532679c90108e707a5ad72623,4,94216703,0.0,1741114212489982,unknown_token,0.0190431375,$unknown,34,1,2025-03-04
cx7baf94bd53b505353285ee4c4c050f9703581703,hx8026678e3d08ba3203ce6161ee8e9e3b9793491f,hx0000000000000000000000000000000000000000,0x0,0x87a3e36b780382bf1234ba63f0880f292353421532679c90108e707a5ad72623,2,94216703,0.0,1741114212489982,unknown_token,0.0190431375,$unknown,1,1,2025-03-04
cx7baf94bd53b505353285ee4c4c050f9703581703,hx8026678e3d08ba3203ce6161ee8e9e3b9793491f,hx0000000000000000000000000000000000000000,0x0,0x87a3e36b780382bf1234ba63f0880f292353421532679c90108e707a5ad72623,0,94216703,0.0,1741114212489982,unknown_token,0.0190431375,$unknown,4,1,2025-03-04
cxd17316e24ee40f2ef8ed6f3a497311db1b35206d,hx8026678e3d08ba3203ce6161ee8e9e3b9793491f,hx8026678e3d08ba3203ce6161ee8e9e3b9793491f,0x0,0x359c951b67f65ec2dd4d22c5ea221a4ec412c8d392d313950534cdd0e7cdba6a,4,94216701,0.0,1741114208486408,unknown_token,0.0167951375,$unknown,34,1,2025-03-04
cx7baf94bd53b505353285ee4c4c050f9703581703,hx8026678e3d08ba3203ce6161ee8e9e3b9793491f,hx0000000000000000000000000000000000000000,0x0,0x359c951b67f65ec2dd4d22c5ea221a4ec412c8d392d313950534cdd0e7cdba6a,2,94216701,0.0,1741114208486408,unknown_token,0.0167951375,$unknown,5,1,2025-03-04
cx7baf94bd53b505353285ee4c4c050f9703581703,hx8026678e3d08ba3203ce6161ee8e9e3b9793491f,hx0000000000000000000000000000000000000000,0x0,0x359c951b67f65ec2dd4d22c5ea221a4ec412c8d392d313950534cdd0e7cdba6a,0,94216701,0.0,1741114208486408,unknown_token,0.0167951375,$unknown,27,1,2025-03-04
cxd17316e24ee40f2ef8ed6f3a497311db1b35206d,hx8026678e3d08ba3203ce6161ee8e9e3b9793491f,hx8026678e3d08ba3203ce6161ee8e9e3b9793491f,0x0,0xcfaf3a51b24ac6d931a0e0f08efb3a26f6d4c74c0f6d9bdd9f67c530a1e0fb3d,4,94216699,0.0,1741114204483009,unknown_token,0.0199563875,$unknown,34,1,2025-03-04
cx7baf94bd53b505353285ee4c4c050f9703581703,hx8026678e3d08ba3203ce6161ee8e9e3b9793491f,hx0000000000000000000000000000000000000000,0x0,0xcfaf3a51b24ac6d931a0e0f08efb3a26f6d4c74c0f6d9bdd9f67c530a1e0fb3d,2,94216699,0.0,1741114204483009,unknown_token,0.0199563875,$unknown,12,1,2025-03-04
cx7baf94bd53b505353285ee4c4c050f9703581703,hx8026678e3d08ba3203ce6161ee8e9e3b9793491f,hx0000000000000000000000000000000000000000,0x0,0xcfaf3a51b24ac6d931a0e0f08efb3a26f6d4c74c0f6d9bdd9f67c530a1e0fb3d,0,94216699,0.0,1741114204483009,unknown_token,0.0199563875,$unknown,1,1,2025-03-04
cx88fd7df7ddff82f7cc735c871dc519838cb235bb,cx203d9cd2a669be67177e997b8948ce2c35caffae,cx835b300dcfe01f0bdb794e134a0c5628384f4367,0x169fb50ef449fe2f,0x2de3fb4452b1139648c1f2fa8bc92d50af165b0e96567a05d375ab4563e2ee4e,6,94216698,1.6302206659640683,1741114202481323,Balanced Dollar,0.088179175,bnUSD,0,1,2025-03-04
cx88fd7df7ddff82f7cc735c871dc519838cb235bb,cx5faae53c4dbd1fbe4a2eb4aab6565030f10da5c6,cx203d9cd2a669be67177e997b8948ce2c35caffae,0x2051de155cfbfd69,0x2de3fb4452b1139648c1f2fa8bc92d50af165b0e96567a05d375ab4563e2ee4e,4,94216698,2.3288866656629548,1741114202481323,Balanced Dollar,0.088179175,bnUSD,0,1,2025-03-04
cx88fd7df7ddff82f7cc735c871dc519838cb235bb,cx5faae53c4dbd1fbe4a2eb4aab6565030f10da5c6,cxdc30a0d3a1f131565c071272a20bc0b06fd4c17b,0x2051de155cfbfd69,0x2de3fb4452b1139648c1f2fa8bc92d50af165b0e96567a05d375ab4563e2ee4e,3,94216698,2.3288866656629548,1741114202481323,Balanced Dollar,0.088179175,bnUSD,0,1,2025-03-04
cx88fd7df7ddff82f7cc735c871dc519838cb235bb,cxa0af3165c08318e988cb30993b3048335b94af6c,cx5faae53c4dbd1fbe4a2eb4aab6565030f10da5c6,0x28efadb66e7860c,0x2de3fb4452b1139648c1f2fa8bc92d50af165b0e96567a05d375ab4563e2ee4e,2,94216698,0.184360455,1741114202481323,Balanced Dollar,0.088179175,bnUSD,0,1,2025-03-04
cx508002ec116fbf3ab406329c0df28e70d7e75fb3,cxa0af3165c08318e988cb30993b3048335b94af6c,hxd75467e3e4ce64e3424c747dfb71503017440433,0xbaae6ec1e,0x2de3fb4452b1139648c1f2fa8bc92d50af165b0e96567a05d375ab4563e2ee4e,1,94216698,50.111900702,1741114202481323,Sui,0.088179175,SUI,0,1,2025-03-04
cx88fd7df7ddff82f7cc735c871dc519838cb235bb,hxd75467e3e4ce64e3424c747dfb71503017440433,cxa0af3165c08318e988cb30993b3048335b94af6c,0x6a9ad4606a597c000,0x2de3fb4452b1139648c1f2fa8bc92d50af165b0e96567a05d375ab4563e2ee4e,0,94216698,122.90697,1741114202481323,Balanced Dollar,0.088179175,bnUSD,0,1,2025-03-04
cxd17316e24ee40f2ef8ed6f3a497311db1b35206d,hx8026678e3d08ba3203ce6161ee8e9e3b9793491f,hx8026678e3d08ba3203ce6161ee8e9e3b9793491f,0x0,0xd351e63e49c55c859e93ffde9b4ab68ce85b84885589bbe32a443ad8650e566f,4,94216697,0.0,1741114200722292,unknown_token,0.0177786375,$unknown,34,1,2025-03-04
cx7baf94bd53b505353285ee4c4c050f9703581703,hx8026678e3d08ba3203ce6161ee8e9e3b9793491f,hx0000000000000000000000000000000000000000,0x0,0xd351e63e49c55c859e93ffde9b4ab68ce85b84885589bbe32a443ad8650e566f,2,94216697,0.0,1741114200722292,unknown_token,0.0177786375,$unknown,4,1,2025-03-04
cx7baf94bd53b505353285ee4c4c050f9703581703,hx8026678e3d08ba3203ce6161ee8e9e3b9793491f,hx0000000000000000000000000000000000000000,0x0,0xd351e63e49c55c859e93ffde9b4ab68ce85b84885589bbe32a443ad8650e566f,0,94216697,0.0,1741114200722292,unknown_token,0.0177786375,$unknown,31,1,2025-03-04
cx88fd7df7ddff82f7cc735c871dc519838cb235bb,cx66d4d90f5f113eba575bf793570135f9b10cece1,hx0000000000000000000000000000000000000000,0x54ca4393a7f746b7c,0x01f9e0a76970bb7720efd5e6cceeac8fc0e1535bb971fead3ff7832b354e062c,1,94216691,97.75632233502004,1741114188478318,Balanced Dollar,0.07825465,bnUSD,0,1,2025-03-04
cx88fd7df7ddff82f7cc735c871dc519838cb235bb,cxa0af3165c08318e988cb30993b3048335b94af6c,cx5faae53c4dbd1fbe4a2eb4aab6565030f10da5c6,0x28e20cbed45e5f3,0x8673cb02cdd586eda52fdb4fe5e1ce6d077d71836c456875f60e7612ddabed05,2,94216671,0.18412069499999997,1741114148469564,Balanced Dollar,0.0460574,bnUSD,0,1,2025-03-04
cx508002ec116fbf3ab406329c0df28e70d7e75fb3,cxa0af3165c08318e988cb30993b3048335b94af6c,hxd75467e3e4ce64e3424c747dfb71503017440433,0xbaa39f6db,0x8673cb02cdd586eda52fdb4fe5e1ce6d077d71836c456875f60e7612ddabed05,1,94216671,50.100565723,1741114148469564,Sui,0.0460574,SUI,0,1,2025-03-04
cx88fd7df7ddff82f7cc735c871dc519838cb235bb,hxd75467e3e4ce64e3424c747dfb71503017440433,cxa0af3165c08318e988cb30993b3048335b94af6c,0x6a775686490b18000,0x8673cb02cdd586eda52fdb4fe5e1ce6d077d71836c456875f60e7612ddabed05,0,94216671,122.74713,1741114148469564,Balanced Dollar,0.0460574,bnUSD,0,1,2025-03-04
cx88fd7df7ddff82f7cc735c871dc519838cb235bb,cxa0af3165c08318e988cb30993b3048335b94af6c,cx5faae53c4dbd1fbe4a2eb4aab6565030f10da5c6,0x1559c30785c1e83,0x12b2a843e1d09a49a1c3cf69d8f53bb0526ce671998e9c617059f2f0f87beac1,2,94216666,0.09615469905,1741114138465186,Balanced Dollar,0.0563991125,bnUSD,0,1,2025-03-04
cx288d13e1b63563459a2ac6179f237711f6851cb5,cxa0af3165c08318e988cb30993b3048335b94af6c,hxd75467e3e4ce64e3424c747dfb71503017440433,0x6ad9cef69524fb,0x12b2a843e1d09a49a1c3cf69d8f53bb0526ce671998e9c617059f2f0f87beac1,1,94216666,0.03007583045478937,1741114138465186,Ethereum,0.0563991125,ETH,0,1,2025-03-04
cx88fd7df7ddff82f7cc735c871dc519838cb235bb,hxd75467e3e4ce64e3424c747dfb71503017440433,cxa0af3165c08318e988cb30993b3048335b94af6c,0x3799c138ec53a2000,0x12b2a843e1d09a49a1c3cf69d8f53bb0526ce671998e9c617059f2f0f87beac1,0,94216666,64.1031327,1741114138465186,Balanced Dollar,0.0563991125,bnUSD,0,1,2025-03-04
cx88fd7df7ddff82f7cc735c871dc519838cb235bb,cxa0af3165c08318e988cb30993b3048335b94af6c,cx5faae53c4dbd1fbe4a2eb4aab6565030f10da5c6,0x15597b11c694400,0xa7d9906a8f433f35b0969202bbae386dd9fef297e31df7f30950814f0e0b25e5,2,94216648,0.096149754,1741114102449222,Balanced Dollar,0.0563991125,bnUSD,0,1,2025-03-04
cx288d13e1b63563459a2ac6179f237711f6851cb5,cxa0af3165c08318e988cb30993b3048335b94af6c,hxd75467e3e4ce64e3424c747dfb71503017440433,0x6ae03b4f037a51,0xa7d9906a8f433f35b0969202bbae386dd9fef297e31df7f30950814f0e0b25e5,1,94216648,0.03008289286464981,1741114102449222,Ethereum,0.0563991125,ETH,0,1,2025-03-04
cx88fd7df7ddff82f7cc735c871dc519838cb235bb,hxd75467e3e4ce64e3424c747dfb71503017440433,cxa0af3165c08318e988cb30993b3048335b94af6c,0x379905d39fccbc000,0xa7d9906a8f433f35b0969202bbae386dd9fef297e31df7f30950814f0e0b25e5,0,94216648,64.099836,1741114102449222,Balanced Dollar,0.0563991125,bnUSD,0,1,2025-03-04
cx88fd7df7ddff82f7cc735c871dc519838cb235bb,cxa0af3165c08318e988cb30993b3048335b94af6c,cx5faae53c4dbd1fbe4a2eb4aab6565030f10da5c6,0x28dba94ac422312,0x6e363580d5b24cab9e675a26eb7493b8d4a333d1caf05b9581793d4e16999ebf,2,94216641,0.18400830750000002,1741114088443265,Balanced Dollar,0.0460574,bnUSD,0,1,2025-03-04
cx508002ec116fbf3ab406329c0df28e70d7e75fb3,cxa0af3165c08318e988cb30993b3048335b94af6c,hxd75467e3e4ce64e3424c747dfb71503017440433,0xbab9cd41f,0x6e363580d5b24cab9e675a26eb7493b8d4a333d1caf05b9581793d4e16999ebf,1,94216641,50.123822111,1741114088443265,Sui,0.0460574,SUI,0,1,2025-03-04
cx88fd7df7ddff82f7cc735c871dc519838cb235bb,hxd75467e3e4ce64e3424c747dfb71503017440433,cxa0af3165c08318e988cb30993b3048335b94af6c,0x6a66b388096e60000,0x6e363580d5b24cab9e675a26eb7493b8d4a333d1caf05b9581793d4e16999ebf,0,94216641,122.672205,1741114088443265,Balanced Dollar,0.0460574,bnUSD,0,1,2025-03-04
cx2609b924e33ef00b648a409245c7ea394c467824,hx0000000000000000000000000000000000000000,cx66d4d90f5f113eba575bf793570135f9b10cece1,0x128262240355be07eaf,0x09c18c0ecf7b328c77bd91f1b0fc831524abe5a09bab8757583a6b6bf518f83f,3,94216632,5462.9840751385955,1741114070612075,Staked ICX,0.111125975,sICX,0,1,2025-03-04
cx88fd7df7ddff82f7cc735c871dc519838cb235bb,cxa0af3165c08318e988cb30993b3048335b94af6c,cx5faae53c4dbd1fbe4a2eb4aab6565030f10da5c6,0x155ac8b3b150a76,0x05c4e68ec63007f68d17093e063c8cc3d58530c8ec9b08894418d325507140d9,2,94216630,0.09617268104999999,1741114066434076,Balanced Dollar,0.0563991125,bnUSD,0,1,2025-03-04
cx288d13e1b63563459a2ac6179f237711f6851cb5,cxa0af3165c08318e988cb30993b3048335b94af6c,hxd75467e3e4ce64e3424c747dfb71503017440433,0x6aee9779f4e411,0x05c4e68ec63007f68d17093e063c8cc3d58530c8ec9b08894418d325507140d9,1,94216630,0.030098681884894226,1741114066434076,Ethereum,0.0563991125,ETH,0,1,2025-03-04
cx88fd7df7ddff82f7cc735c871dc519838cb235bb,hxd75467e3e4ce64e3424c747dfb71503017440433,cxa0af3165c08318e988cb30993b3048335b94af6c,0x379c6aa9486cb4000,0x05c4e68ec63007f68d17093e063c8cc3d58530c8ec9b08894418d325507140d9,0,94216630,64.11512069999999,1741114066434076,Balanced Dollar,0.0563991125,bnUSD,0,1,2025-03-04
cx88fd7df7ddff82f7cc735c871dc519838cb235bb,cxa0af3165c08318e988cb30993b3048335b94af6c,cx5faae53c4dbd1fbe4a2eb4aab6565030f10da5c6,0x28cd2e43b066906,0x6f6dfee6800810d11158ccd33d0daa760a792c164d55f922482ff1f9e0106354,2,94216610,0.1837535625,1741114026420384,Balanced Dollar,0.0460574,bnUSD,0,1,2025-03-04
cx508002ec116fbf3ab406329c0df28e70d7e75fb3,cxa0af3165c08318e988cb30993b3048335b94af6c,hxd75467e3e4ce64e3424c747dfb71503017440433,0xbaaaed998,0x6f6dfee6800810d11158ccd33d0daa760a792c164d55f922482ff1f9e0106354,1,94216610,50.108225944,1741114026420384,Sui,0.0460574,SUI,0,1,2025-03-04
cx88fd7df7ddff82f7cc735c871dc519838cb235bb,hxd75467e3e4ce64e3424c747dfb71503017440433,cxa0af3165c08318e988cb30993b3048335b94af6c,0x6a40fdd0460b18000,0x6f6dfee6800810d11158ccd33d0daa760a792c164d55f922482ff1f9e0106354,0,94216610,122.502375,1741114026420384,Balanced Dollar,0.0460574,bnUSD,0,1,2025-03-04
cx3975b43d260fb8ec802cef6e60c2f4d07486f11d,hx873ceaf39d9d3b1d0363c6a8f7a8bdcf1294c916,hx0000000000000000000000000000000000000000,0x5206ce0c16269a725f,0x40427308b614c904d98c7a2d374de9e4579712ae0c3754db7109ea69963d7e54,10,94216520,1513.1233567428897,1741113846513698,Wrapped ICX,0.1555457,wICX,0,1,2025-03-04
cx3975b43d260fb8ec802cef6e60c2f4d07486f11d,cx21e94c08c03daee80c25d8ee3ea22a20786ec231,hx873ceaf39d9d3b1d0363c6a8f7a8bdcf1294c916,0x5206ce0c16269a725f,0x40427308b614c904d98c7a2d374de9e4579712ae0c3754db7109ea69963d7e54,9,94216520,1513.1233567428897,1741113846513698,Wrapped ICX,0.1555457,wICX,0,1,2025-03-04
cx2609b924e33ef00b648a409245c7ea394c467824,cxa0af3165c08318e988cb30993b3048335b94af6c,cx5faae53c4dbd1fbe4a2eb4aab6565030f10da5c6,0x182088577e2eb9a4,0x40427308b614c904d98c7a2d374de9e4579712ae0c3754db7109ea69963d7e54,7,94216520,1.7385393655255352,1741113846513698,Staked ICX,0.1555457,sICX,0,1,2025-03-04
cx3975b43d260fb8ec802cef6e60c2f4d07486f11d,cxa0af3165c08318e988cb30993b3048335b94af6c,cx21e94c08c03daee80c25d8ee3ea22a20786ec231,0x5206ce0c16269a725f,0x40427308b614c904d98c7a2d374de9e4579712ae0c3754db7109ea69963d7e54,6,94216520,1513.1233567428897,1741113846513698,Wrapped ICX,0.1555457,wICX,0,1,2025-03-04
cx2609b924e33ef00b648a409245c7ea394c467824,cx21e94c08c03daee80c25d8ee3ea22a20786ec231,cxa0af3165c08318e988cb30993b3048335b94af6c,0x3ed4b863d899ae1d3d,0x40427308b614c904d98c7a2d374de9e4579712ae0c3754db7109ea69963d7e54,5,94216520,1159.0262436836902,1741113846513698,Staked ICX,0.1555457,sICX,0,1,2025-03-04
cx88fd7df7ddff82f7cc735c871dc519838cb235bb,cxa0af3165c08318e988cb30993b3048335b94af6c,cx5faae53c4dbd1fbe4a2eb4aab6565030f10da5c6,0x36afa0411c648af,0x40427308b614c904d98c7a2d374de9e4579712ae0c3754db7109ea69963d7e54,3,94216520,0.24628402503013394,1741113846513698,Balanced Dollar,0.1555457,bnUSD,0,1,2025-03-04
cx2609b924e33ef00b648a409245c7ea394c467824,cxa0af3165c08318e988cb30993b3048335b94af6c,cx21e94c08c03daee80c25d8ee3ea22a20786ec231,0x3ed4b863d899ae1d3d,0x40427308b614c904d98c7a2d374de9e4579712ae0c3754db7109ea69963d7e54,2,94216520,1159.0262436836902,1741113846513698,Staked ICX,0.1555457,sICX,0,1,2025-03-04
cx88fd7df7ddff82f7cc735c871dc519838cb235bb,cx21e94c08c03daee80c25d8ee3ea22a20786ec231,cxa0af3165c08318e988cb30993b3048335b94af6c,0x8e695bfee49b29f57,0x40427308b614c904d98c7a2d374de9e4579712ae0c3754db7109ea69963d7e54,1,94216520,164.18935002008928,1741113846513698,Balanced Dollar,0.1555457,bnUSD,0,1,2025-03-04
cx88fd7df7ddff82f7cc735c871dc519838cb235bb,hx873ceaf39d9d3b1d0363c6a8f7a8bdcf1294c916,cx21e94c08c03daee80c25d8ee3ea22a20786ec231,0x8e695bfee49b29f57,0x40427308b614c904d98c7a2d374de9e4579712ae0c3754db7109ea69963d7e54,0,94216520,164.18935002008928,1741113846513698,Balanced Dollar,0.1555457,bnUSD,0,1,2025-03-04
cx88fd7df7ddff82f7cc735c871dc519838cb235bb,hx0000000000000000000000000000000000000000,cx5faae53c4dbd1fbe4a2eb4aab6565030f10da5c6,0x48ea2b017b30b95,0x6b11e498934753d33874987b28db2c6c7c242c19310263f1ec8ab6235b7fbe5b,3,94216506,0.3283787000401786,1741113818342936,Balanced Dollar,0.1047723375,bnUSD,0,1,2025-03-04
cx88fd7df7ddff82f7cc735c871dc519838cb235bb,cx66d4d90f5f113eba575bf793570135f9b10cece1,hx873ceaf39d9d3b1d0363c6a8f7a8bdcf1294c916,0x8e695bfee49b29f57,0x6b11e498934753d33874987b28db2c6c7c242c19310263f1ec8ab6235b7fbe5b,1,94216506,164.18935002008928,1741113818342936,Balanced Dollar,0.1047723375,bnUSD,0,1,2025-03-04
cx88fd7df7ddff82f7cc735c871dc519838cb235bb,hx0000000000000000000000000000000000000000,cx66d4d90f5f113eba575bf793570135f9b10cece1,0x8e695bfee49b29f57,0x6b11e498934753d33874987b28db2c6c7c242c19310263f1ec8ab6235b7fbe5b,0,94216506,164.18935002008928,1741113818342936,Balanced Dollar,0.1047723375,bnUSD,0,1,2025-03-04
cx88fd7df7ddff82f7cc735c871dc519838cb235bb,hx0000000000000000000000000000000000000000,cx5faae53c4dbd1fbe4a2eb4aab6565030f10da5c6,0x2b740f42c59aa90,0x735990661125992455d32e978b87df008a40912733719d22eb5a0cf832554ae5,10,94216502,0.1956965262741777,1741113810356972,Balanced Dollar,0.121482175,bnUSD,0,1,2025-03-04
cx88fd7df7ddff82f7cc735c871dc519838cb235bb,hx0000000000000000000000000000000000000000,cx66d4d90f5f113eba575bf793570135f9b10cece1,0x54deadce69f2122b2,0x735990661125992455d32e978b87df008a40912733719d22eb5a0cf832554ae5,0,94216502,97.84826313708884,1741113810356972,Balanced Dollar,0.121482175,bnUSD,0,1,2025-03-04
cx88fd7df7ddff82f7cc735c871dc519838cb235bb,cxa0af3165c08318e988cb30993b3048335b94af6c,cx5faae53c4dbd1fbe4a2eb4aab6565030f10da5c6,0x28c6cacfa02a5f3,0x30781e78a685259531a40ca6cc155da194c876e41cb2811f1ed07d5fe4966875,2,94216480,0.183641175,1741113766324759,Balanced Dollar,0.0460574,bnUSD,0,1,2025-03-04
cx508002ec116fbf3ab406329c0df28e70d7e75fb3,cxa0af3165c08318e988cb30993b3048335b94af6c,hxd75467e3e4ce64e3424c747dfb71503017440433,0xbac1013ec,0x30781e78a685259531a40ca6cc155da194c876e41cb2811f1ed07d5fe4966875,1,94216480,50.131375084,1741113766324759,Sui,0.0460574,SUI,0,1,2025-03-04
cx88fd7df7ddff82f7cc735c871dc519838cb235bb,hxd75467e3e4ce64e3424c747dfb71503017440433,cxa0af3165c08318e988cb30993b3048335b94af6c,0x6a305ad2066e58000,0x30781e78a685259531a40ca6cc155da194c876e41cb2811f1ed07d5fe4966875,0,94216480,122.42745,1741113766324759,Balanced Dollar,0.0460574,bnUSD,0,1,2025-03-04
cxb8cf9a4700e0c804b780978bf9d9de759c62e787,hx0000000000000000000000000000000000000000,cx66d4d90f5f113eba575bf793570135f9b10cece1,0xc3f344e00,0x45881f75e8843cb0be9eaf2e0e745738f7102ad0c9b390d14b56eebbee985dd2,1,94216473,52.6,1741113752318059,Mirai Staked SUI,0.036655925,mSUI,0,1,2025-03-04
cx88fd7df7ddff82f7cc735c871dc519838cb235bb,cxa0af3165c08318e988cb30993b3048335b94af6c,cx5faae53c4dbd1fbe4a2eb4aab6565030f10da5c6,0xebbc3abd79b800,0x9c1f16f7070fafebd18b263f897ff75fdf58d262550173ec81669a4266c0be58,2,94216468,0.06635358,1741113742313760,Balanced Dollar,0.0563614,bnUSD,0,1,2025-03-04
cx4297f4b63262507623b6ad575d0d8dd2db980e4e,cxa0af3165c08318e988cb30993b3048335b94af6c,hxd75467e3e4ce64e3424c747dfb71503017440433,0x37be0a59f03f70ca,0x9c1f16f7070fafebd18b263f897ff75fdf58d262550173ec81669a4266c0be58,1,94216468,4.016659299060118,1741113742313760,Injective,0.0563614,INJ,0,1,2025-03-04
cx88fd7df7ddff82f7cc735c871dc519838cb235bb,hxd75467e3e4ce64e3424c747dfb71503017440433,cxa0af3165c08318e988cb30993b3048335b94af6c,0x265e4d8f817a48000,0x9c1f16f7070fafebd18b263f897ff75fdf58d262550173ec81669a4266c0be58,0,94216468,44.23572,1741113742313760,Balanced Dollar,0.0563614,bnUSD,0,1,2025-03-04
cx88fd7df7ddff82f7cc735c871dc519838cb235bb,cxd82fb5d3effecd8c9071a4bba3856ad7222c4b91,hxd75467e3e4ce64e3424c747dfb71503017440433,0x3635c9adc5dea00000,0xb95b7b8dcf617305534e2526bac3a406e8de7b08d328295c9e2cc3df6c87357d,0,94216447,1000.0,1741113700544268,Balanced Dollar,0.02068825,bnUSD,0,1,2025-03-04
cx88fd7df7ddff82f7cc735c871dc519838cb235bb,cxd82fb5d3effecd8c9071a4bba3856ad7222c4b91,hxd75467e3e4ce64e3424c747dfb71503017440433,0x3635c9adc5dea00000,0x3c3d4e06b07251a9fc4b4c5a92f752380607f6a05e91154495bc1b2826cae5c8,0,94216446,1000.0,1741113698317797,Balanced Dollar,0.02068825,bnUSD,0,1,2025-03-04
cx4297f4b63262507623b6ad575d0d8dd2db980e4e,cx21e94c08c03daee80c25d8ee3ea22a20786ec231,hx2debd9ec927cca1639da8d3518dd9dbf1cdfb357,0x1a05473ed4560a88a,0x5e9bb31a330a8b1877d94aab3731629329f8c6fbe53686a2f0c6ea4a1a041b67,5,94216411,29.999730480730122,1741113628336762,Injective,0.088385925,INJ,0,1,2025-03-04
cx88fd7df7ddff82f7cc735c871dc519838cb235bb,cxa0af3165c08318e988cb30993b3048335b94af6c,cx5faae53c4dbd1fbe4a2eb4aab6565030f10da5c6,0x6dd1b45037fc6f9,0x5e9bb31a330a8b1877d94aab3731629329f8c6fbe53686a2f0c6ea4a1a041b67,3,94216411,0.4945815173060216,1741113628336762,Balanced Dollar,0.088385925,bnUSD,0,1,2025-03-04
cx4297f4b63262507623b6ad575d0d8dd2db980e4e,cxa0af3165c08318e988cb30993b3048335b94af6c,cx21e94c08c03daee80c25d8ee3ea22a20786ec231,0x1a05473ed4560a88a,0x5e9bb31a330a8b1877d94aab3731629329f8c6fbe53686a2f0c6ea4a1a041b67,2,94216411,29.999730480730122,1741113628336762,Injective,0.088385925,INJ,0,1,2025-03-04
cx88fd7df7ddff82f7cc735c871dc519838cb235bb,cx21e94c08c03daee80c25d8ee3ea22a20786ec231,cxa0af3165c08318e988cb30993b3048335b94af6c,0x11dfcc590e72162870,0x5e9bb31a330a8b1877d94aab3731629329f8c6fbe53686a2f0c6ea4a1a041b67,1,94216411,329.72101153734775,1741113628336762,Balanced Dollar,0.088385925,bnUSD,0,1,2025-03-04
cx88fd7df7ddff82f7cc735c871dc519838cb235bb,hx2debd9ec927cca1639da8d3518dd9dbf1cdfb357,cx21e94c08c03daee80c25d8ee3ea22a20786ec231,0x11dfcc590e72162870,0x5e9bb31a330a8b1877d94aab3731629329f8c6fbe53686a2f0c6ea4a1a041b67,0,94216411,329.72101153734775,1741113628336762,Balanced Dollar,0.088385925,bnUSD,0,1,2025-03-04
cx88fd7df7ddff82f7cc735c871dc519838cb235bb,cxa0af3165c08318e988cb30993b3048335b94af6c,cx5faae53c4dbd1fbe4a2eb4aab6565030f10da5c6,0xeb18af22408000,0xc3a303c0dbf3e287825ddbf69e7630b237095da1a3056dfe84fdb0191194e0ac,2,94216408,0.06617376,1741113622284202,Balanced Dollar,0.0563614,bnUSD,0,1,2025-03-04
cx4297f4b63262507623b6ad575d0d8dd2db980e4e,cxa0af3165c08318e988cb30993b3048335b94af6c,hxd75467e3e4ce64e3424c747dfb71503017440433,0x37d10bdfa6720867,0xc3a303c0dbf3e287825ddbf69e7630b237095da1a3056dfe84fdb0191194e0ac,1,94216408,4.022008997416667,1741113622284202,Injective,0.0563614,INJ,0,1,2025-03-04
cx88fd7df7ddff82f7cc735c871dc519838cb235bb,hxd75467e3e4ce64e3424c747dfb71503017440433,cxa0af3165c08318e988cb30993b3048335b94af6c,0x2643af2be87f80000,0xc3a303c0dbf3e287825ddbf69e7630b237095da1a3056dfe84fdb0191194e0ac,0,94216408,44.11584,1741113622284202,Balanced Dollar,0.0563614,bnUSD,0,1,2025-03-04
cx88fd7df7ddff82f7cc735c871dc519838cb235bb,cxa0af3165c08318e988cb30993b3048335b94af6c,cx5faae53c4dbd1fbe4a2eb4aab6565030f10da5c6,0xeae22b43d81800,0x0941f8781254c6cc6fc4a9f9b5f6393c22708165e33f1ab16ac1d2d2beb827ce,2,94216389,0.06611382,1741113584514226,Balanced Dollar,0.0563614,bnUSD,0,1,2025-03-04
cx4297f4b63262507623b6ad575d0d8dd2db980e4e,cxa0af3165c08318e988cb30993b3048335b94af6c,hxd75467e3e4ce64e3424c747dfb71503017440433,0x37caec3312ac393c,0x0941f8781254c6cc6fc4a9f9b5f6393c22708165e33f1ab16ac1d2d2beb827ce,1,94216389,4.020285321482353,1741113584514226,Injective,0.0563614,INJ,0,1,2025-03-04
cx88fd7df7ddff82f7cc735c871dc519838cb235bb,hxd75467e3e4ce64e3424c747dfb71503017440433,cxa0af3165c08318e988cb30993b3048335b94af6c,0x263acfb5602be8000,0x0941f8781254c6cc6fc4a9f9b5f6393c22708165e33f1ab16ac1d2d2beb827ce,0,94216389,44.07588,1741113584514226,Balanced Dollar,0.0563614,bnUSD,0,1,2025-03-04
cx88fd7df7ddff82f7cc735c871dc519838cb235bb,cxa0af3165c08318e988cb30993b3048335b94af6c,cx5faae53c4dbd1fbe4a2eb4aab6565030f10da5c6,0xea752387074800,0xa9a265ca0f95588fd72ded716a75e33fab6bf3102937786027a7309d76a3c496,2,94216382,0.06599394,1741113570442094,Balanced Dollar,0.0563614,bnUSD,0,1,2025-03-04
cx4297f4b63262507623b6ad575d0d8dd2db980e4e,cxa0af3165c08318e988cb30993b3048335b94af6c,hxd75467e3e4ce64e3424c747dfb71503017440433,0x37b7d3ab72d90603,0xa9a265ca0f95588fd72ded716a75e33fab6bf3102937786027a7309d76a3c496,1,94216382,4.01491032614378,1741113570442094,Injective,0.0563614,INJ,0,1,2025-03-04
cx88fd7df7ddff82f7cc735c871dc519838cb235bb,hxd75467e3e4ce64e3424c747dfb71503017440433,cxa0af3165c08318e988cb30993b3048335b94af6c,0x262910c84f84b8000,0xa9a265ca0f95588fd72ded716a75e33fab6bf3102937786027a7309d76a3c496,0,94216382,43.99596,1741113570442094,Balanced Dollar,0.0563614,bnUSD,0,1,2025-03-04
cx88fd7df7ddff82f7cc735c871dc519838cb235bb,cxa0af3165c08318e988cb30993b3048335b94af6c,cx5faae53c4dbd1fbe4a2eb4aab6565030f10da5c6,0x28be4634dfda1f3,0x6022fc7affdb9e011c7af202c78df9db31dd58c725e6ddf10969d9e8283987bb,2,94216377,0.18349132499999998,1741113560268402,Balanced Dollar,0.0460574,bnUSD,0,1,2025-03-04
cx508002ec116fbf3ab406329c0df28e70d7e75fb3,cxa0af3165c08318e988cb30993b3048335b94af6c,hxd75467e3e4ce64e3424c747dfb71503017440433,0xbacd4d268,0x6022fc7affdb9e011c7af202c78df9db31dd58c725e6ddf10969d9e8283987bb,1,94216377,50.144268904,1741113560268402,Sui,0.0460574,SUI,0,1,2025-03-04
cx88fd7df7ddff82f7cc735c871dc519838cb235bb,hxd75467e3e4ce64e3424c747dfb71503017440433,cxa0af3165c08318e988cb30993b3048335b94af6c,0x6a1a2c29b19d5c000,0x6022fc7affdb9e011c7af202c78df9db31dd58c725e6ddf10969d9e8283987bb,0,94216377,122.32754999999999,1741113560268402,Balanced Dollar,0.0460574,bnUSD,0,1,2025-03-04
cx88fd7df7ddff82f7cc735c871dc519838cb235bb,cxa0af3165c08318e988cb30993b3048335b94af6c,cx5faae53c4dbd1fbe4a2eb4aab6565030f10da5c6,0xea3e9fa89ee000,0x268f3f7c9d670c2bf15f0eb039cbb865a25e038b9bb57f3de3ff3e82de657cb9,2,94216307,0.065934,1741113420388573,Balanced Dollar,0.0563614,bnUSD,0,1,2025-03-04
cx4297f4b63262507623b6ad575d0d8dd2db980e4e,cxa0af3165c08318e988cb30993b3048335b94af6c,hxd75467e3e4ce64e3424c747dfb71503017440433,0x37b1a9d64a2f1284,0x268f3f7c9d670c2bf15f0eb039cbb865a25e038b9bb57f3de3ff3e82de657cb9,1,94216307,4.013175480796517,1741113420388573,Injective,0.0563614,INJ,0,1,2025-03-04
cx88fd7df7ddff82f7cc735c871dc519838cb235bb,hxd75467e3e4ce64e3424c747dfb71503017440433,cxa0af3165c08318e988cb30993b3048335b94af6c,0x26203151c73120000,0x268f3f7c9d670c2bf15f0eb039cbb865a25e038b9bb57f3de3ff3e82de657cb9,0,94216307,43.956,1741113420388573,Balanced Dollar,0.0563614,bnUSD,0,1,2025-03-04
cx88fd7df7ddff82f7cc735c871dc519838cb235bb,cxa0af3165c08318e988cb30993b3048335b94af6c,cx5faae53c4dbd1fbe4a2eb4aab6565030f10da5c6,0x28ae170ed8db400,0x9990ddbce77336b6783420670d1d05e8ebc62dae2a1b5a3663574791c95932c1,2,94216285,0.18320661,1741113376192538,Balanced Dollar,0.0460574,bnUSD,0,1,2025-03-04
cx508002ec116fbf3ab406329c0df28e70d7e75fb3,cxa0af3165c08318e988cb30993b3048335b94af6c,hxd75467e3e4ce64e3424c747dfb71503017440433,0xbab6598bf,0x9990ddbce77336b6783420670d1d05e8ebc62dae2a1b5a3663574791c95932c1,1,94216285,50.120202431,1741113376192538,Sui,0.0460574,SUI,0,1,2025-03-04
cx88fd7df7ddff82f7cc735c871dc519838cb235bb,hxd75467e3e4ce64e3424c747dfb71503017440433,cxa0af3165c08318e988cb30993b3048335b94af6c,0x69f006b6aa104c000,0x9990ddbce77336b6783420670d1d05e8ebc62dae2a1b5a3663574791c95932c1,0,94216285,122.13774,1741113376192538,Balanced Dollar,0.0460574,bnUSD,0,1,2025-03-04
cx88fd7df7ddff82f7cc735c871dc519838cb235bb,cxa0af3165c08318e988cb30993b3048335b94af6c,cx5faae53c4dbd1fbe4a2eb4aab6565030f10da5c6,0xeaaba7656fb000,0x7e20cbcb88aed563d92971968ee1b94c695f2bb0402378aad19c01c45f40fea0,2,94216279,0.06605388,1741113364187985,Balanced Dollar,0.0563614,bnUSD,0,1,2025-03-04
cx4297f4b63262507623b6ad575d0d8dd2db980e4e,cxa0af3165c08318e988cb30993b3048335b94af6c,hxd75467e3e4ce64e3424c747dfb71503017440433,0x37d26611116d35af,0x7e20cbcb88aed563d92971968ee1b94c695f2bb0402378aad19c01c45f40fea0,1,94216279,4.022389640688122,1741113364187985,Injective,0.0563614,INJ,0,1,2025-03-04
cx88fd7df7ddff82f7cc735c871dc519838cb235bb,hxd75467e3e4ce64e3424c747dfb71503017440433,cxa0af3165c08318e988cb30993b3048335b94af6c,0x2631f03ed7d850000,0x7e20cbcb88aed563d92971968ee1b94c695f2bb0402378aad19c01c45f40fea0,0,94216279,44.03592,1741113364187985,Balanced Dollar,0.0563614,bnUSD,0,1,2025-03-04
cx88fd7df7ddff82f7cc735c871dc519838cb235bb,cxa0af3165c08318e988cb30993b3048335b94af6c,cx5faae53c4dbd1fbe4a2eb4aab6565030f10da5c6,0x28aaaed0f254c00,0x7c48a6d06664050cfe98ddc7b9757d9b504e799c79fc7267810cba04fa0ec2cc,2,94216260,0.18314667,1741113326159843,Balanced Dollar,0.0460574,bnUSD,0,1,2025-03-04
cx508002ec116fbf3ab406329c0df28e70d7e75fb3,cxa0af3165c08318e988cb30993b3048335b94af6c,hxd75467e3e4ce64e3424c747dfb71503017440433,0xbad9fac72,0x7c48a6d06664050cfe98ddc7b9757d9b504e799c79fc7267810cba04fa0ec2cc,1,94216260,50.157562994,1741113326159843,Sui,0.0460574,SUI,0,1,2025-03-04
cx88fd7df7ddff82f7cc735c871dc519838cb235bb,hxd75467e3e4ce64e3424c747dfb71503017440433,cxa0af3165c08318e988cb30993b3048335b94af6c,0x69e7274021bcb4000,0x7c48a6d06664050cfe98ddc7b9757d9b504e799c79fc7267810cba04fa0ec2cc,0,94216260,122.09778,1741113326159843,Balanced Dollar,0.0460574,bnUSD,0,1,2025-03-04
cx88fd7df7ddff82f7cc735c871dc519838cb235bb,cxa0af3165c08318e988cb30993b3048335b94af6c,cx5faae53c4dbd1fbe4a2eb4aab6565030f10da5c6,0xe9d197ebce1000,0xc3b5b958a7cb5ca3cb05866fa2aa2e88285cd69449f21346342153ec48495d68,2,94216253,0.06581412,1741113312154750,Balanced Dollar,0.0563614,bnUSD,0,1,2025-03-04
cx4297f4b63262507623b6ad575d0d8dd2db980e4e,cxa0af3165c08318e988cb30993b3048335b94af6c,hxd75467e3e4ce64e3424c747dfb71503017440433,0x37a55069bc649c1e,0xc3b5b958a7cb5ca3cb05866fa2aa2e88285cd69449f21346342153ec48495d68,1,94216253,4.009699458305793,1741113312154750,Injective,0.0563614,INJ,0,1,2025-03-04
cx88fd7df7ddff82f7cc735c871dc519838cb235bb,hxd75467e3e4ce64e3424c747dfb71503017440433,cxa0af3165c08318e988cb30993b3048335b94af6c,0x260e7264b689f0000,0xc3b5b958a7cb5ca3cb05866fa2aa2e88285cd69449f21346342153ec48495d68,0,94216253,43.87608,1741113312154750,Balanced Dollar,0.0563614,bnUSD,0,1,2025-03-04
cx88fd7df7ddff82f7cc735c871dc519838cb235bb,cxa0af3165c08318e988cb30993b3048335b94af6c,cx5faae53c4dbd1fbe4a2eb4aab6565030f10da5c6,0xe9d197ebce1000,0x2c198e7641fcdcc16305f86a7ed7a4263f4033bf9555215df0763a4413a95c20,2,94216231,0.06581412,1741113268144766,Balanced Dollar,0.0563614,bnUSD,0,1,2025-03-04
cx4297f4b63262507623b6ad575d0d8dd2db980e4e,cxa0af3165c08318e988cb30993b3048335b94af6c,hxd75467e3e4ce64e3424c747dfb71503017440433,0x37ac17c2e1bc6639,0x2c198e7641fcdcc16305f86a7ed7a4263f4033bf9555215df0763a4413a95c20,1,94216231,4.011607493858584,1741113268144766,Injective,0.0563614,INJ,0,1,2025-03-04
cx88fd7df7ddff82f7cc735c871dc519838cb235bb,hxd75467e3e4ce64e3424c747dfb71503017440433,cxa0af3165c08318e988cb30993b3048335b94af6c,0x260e7264b689f0000,0x2c198e7641fcdcc16305f86a7ed7a4263f4033bf9555215df0763a4413a95c20,0,94216231,43.87608,1741113268144766,Balanced Dollar,0.0563614,bnUSD,0,1,2025-03-04
cx88fd7df7ddff82f7cc735c871dc519838cb235bb,cx21e94c08c03daee80c25d8ee3ea22a20786ec231,hx2debd9ec927cca1639da8d3518dd9dbf1cdfb357,0x11b545a11ab6bd72b5,0xcb441a703cf64f8150bb72f200adc4bd573a20a3d0a329200b3ec98d76bab38a,5,94216127,326.6566726834275,1741113060076042,Balanced Dollar,0.088410925,bnUSD,0,1,2025-03-04
cx88fd7df7ddff82f7cc735c871dc519838cb235bb,cxa0af3165c08318e988cb30993b3048335b94af6c,cx5faae53c4dbd1fbe4a2eb4aab6565030f10da5c6,0x6cee930098fa182,0xcb441a703cf64f8150bb72f200adc4bd573a20a3d0a329200b3ec98d76bab38a,3,94216127,0.4905858019580727,1741113060076042,Balanced Dollar,0.088410925,bnUSD,0,1,2025-03-04
cx88fd7df7ddff82f7cc735c871dc519838cb235bb,cxa0af3165c08318e988cb30993b3048335b94af6c,cx21e94c08c03daee80c25d8ee3ea22a20786ec231,0x11b545a11ab6bd72b5,0xcb441a703cf64f8150bb72f200adc4bd573a20a3d0a329200b3ec98d76bab38a,2,94216127,326.6566726834275,1741113060076042,Balanced Dollar,0.088410925,bnUSD,0,1,2025-03-04
cx4297f4b63262507623b6ad575d0d8dd2db980e4e,cx21e94c08c03daee80c25d8ee3ea22a20786ec231,cxa0af3165c08318e988cb30993b3048335b94af6c,0x1a055690d9db80000,0xcb441a703cf64f8150bb72f200adc4bd573a20a3d0a329200b3ec98d76bab38a,1,94216127,30.0,1741113060076042,Injective,0.088410925,INJ,0,1,2025-03-04
cx4297f4b63262507623b6ad575d0d8dd2db980e4e,hx2debd9ec927cca1639da8d3518dd9dbf1cdfb357,cx21e94c08c03daee80c25d8ee3ea22a20786ec231,0x1a055690d9db80000,0xcb441a703cf64f8150bb72f200adc4bd573a20a3d0a329200b3ec98d76bab38a,0,94216127,30.0,1741113060076042,Injective,0.088410925,INJ,0,1,2025-03-04
cx88fd7df7ddff82f7cc735c871dc519838cb235bb,cx21e94c08c03daee80c25d8ee3ea22a20786ec231,hx2debd9ec927cca1639da8d3518dd9dbf1cdfb357,0x1590bbe366b5ede3ae,0x928ba5bd78007a1285a91a0c31a66f3a318d03a46375b92a35be0fe699b98de1,5,94216123,397.81080494028555,1741113052072138,Balanced Dollar,0.088319925,bnUSD,0,1,2025-03-04
cx88fd7df7ddff82f7cc735c871dc519838cb235bb,cxa0af3165c08318e988cb30993b3048335b94af6c,cx5faae53c4dbd1fbe4a2eb4aab6565030f10da5c6,0x84adbee3e3c3f55,0x928ba5bd78007a1285a91a0c31a66f3a318d03a46375b92a35be0fe699b98de1,3,94216123,0.5975317168728472,1741113052072138,Balanced Dollar,0.088319925,bnUSD,0,1,2025-03-04
cx88fd7df7ddff82f7cc735c871dc519838cb235bb,cxa0af3165c08318e988cb30993b3048335b94af6c,cx21e94c08c03daee80c25d8ee3ea22a20786ec231,0x1590bbe366b5ede3ae,0x928ba5bd78007a1285a91a0c31a66f3a318d03a46375b92a35be0fe699b98de1,2,94216123,397.81080494028555,1741113052072138,Balanced Dollar,0.088319925,bnUSD,0,1,2025-03-04
cx66a031cc3bd305c76371fb586e93801b948254f0,cx21e94c08c03daee80c25d8ee3ea22a20786ec231,cxa0af3165c08318e988cb30993b3048335b94af6c,0x1158e460913d00000,0x928ba5bd78007a1285a91a0c31a66f3a318d03a46375b92a35be0fe699b98de1,1,94216123,20.0,1741113052072138,Avalanche,0.088319925,AVAX,0,1,2025-03-04
cx66a031cc3bd305c76371fb586e93801b948254f0,hx2debd9ec927cca1639da8d3518dd9dbf1cdfb357,cx21e94c08c03daee80c25d8ee3ea22a20786ec231,0x1158e460913d00000,0x928ba5bd78007a1285a91a0c31a66f3a318d03a46375b92a35be0fe699b98de1,0,94216123,20.0,1741113052072138,Avalanche,0.088319925,AVAX,0,1,2025-03-04
cxd17316e24ee40f2ef8ed6f3a497311db1b35206d,hx9645117f1b0c7181a126c7f4f222caefc6ee7a61,hx9645117f1b0c7181a126c7f4f222caefc6ee7a61,0x0,0xd5254345093478a8de66dcd99db2b936a78123fb7e1b7777e8426983de8f4294,4,94215963,0.0,1741112731964716,unknown_token,0.0169356375,$unknown,34,1,2025-03-04
cx7baf94bd53b505353285ee4c4c050f9703581703,hx9645117f1b0c7181a126c7f4f222caefc6ee7a61,hx0000000000000000000000000000000000000000,0x0,0xd5254345093478a8de66dcd99db2b936a78123fb7e1b7777e8426983de8f4294,2,94215963,0.0,1741112731964716,unknown_token,0.0169356375,$unknown,11,1,2025-03-04
cx7baf94bd53b505353285ee4c4c050f9703581703,hx9645117f1b0c7181a126c7f4f222caefc6ee7a61,hx0000000000000000000000000000000000000000,0x0,0xd5254345093478a8de66dcd99db2b936a78123fb7e1b7777e8426983de8f4294,0,94215963,0.0,1741112731964716,unknown_token,0.0169356375,$unknown,1,1,2025-03-04
cxd17316e24ee40f2ef8ed6f3a497311db1b35206d,hx9645117f1b0c7181a126c7f4f222caefc6ee7a61,hx9645117f1b0c7181a126c7f4f222caefc6ee7a61,0x0,0x850da7a25116df6ccc3ec1dc10e23d4ad15d6f28a830da53ccd8af2633d9c5a7,4,94215961,0.0,1741112728017780,unknown_token,0.0164438875,$unknown,34,1,2025-03-04
cx7baf94bd53b505353285ee4c4c050f9703581703,hx9645117f1b0c7181a126c7f4f222caefc6ee7a61,hx0000000000000000000000000000000000000000,0x0,0x850da7a25116df6ccc3ec1dc10e23d4ad15d6f28a830da53ccd8af2633d9c5a7,2,94215961,0.0,1741112728017780,unknown_token,0.0164438875,$unknown,16,1,2025-03-04
cx7baf94bd53b505353285ee4c4c050f9703581703,hx9645117f1b0c7181a126c7f4f222caefc6ee7a61,hx0000000000000000000000000000000000000000,0x0,0x850da7a25116df6ccc3ec1dc10e23d4ad15d6f28a830da53ccd8af2633d9c5a7,0,94215961,0.0,1741112728017780,unknown_token,0.0164438875,$unknown,22,1,2025-03-04
cxd17316e24ee40f2ef8ed6f3a497311db1b35206d,hx9645117f1b0c7181a126c7f4f222caefc6ee7a61,hx9645117f1b0c7181a126c7f4f222caefc6ee7a61,0x0,0x55d7f62964d17e11cb7e54f9de51b04bddcddefab30ab1c90b826e35be07b3fd,4,94215959,0.0,1741112723962092,unknown_token,0.017636825,$unknown,34,1,2025-03-04
cx7baf94bd53b505353285ee4c4c050f9703581703,hx9645117f1b0c7181a126c7f4f222caefc6ee7a61,hx0000000000000000000000000000000000000000,0x0,0x55d7f62964d17e11cb7e54f9de51b04bddcddefab30ab1c90b826e35be07b3fd,2,94215959,0.0,1741112723962092,unknown_token,0.017636825,$unknown,13,1,2025-03-04
cx7baf94bd53b505353285ee4c4c050f9703581703,hx9645117f1b0c7181a126c7f4f222caefc6ee7a61,hx0000000000000000000000000000000000000000,0x0,0x55d7f62964d17e11cb7e54f9de51b04bddcddefab30ab1c90b826e35be07b3fd,0,94215959,0.0,1741112723962092,unknown_token,0.017636825,$unknown,32,1,2025-03-04
cxd17316e24ee40f2ef8ed6f3a497311db1b35206d,hx9645117f1b0c7181a126c7f4f222caefc6ee7a61,hx9645117f1b0c7181a126c7f4f222caefc6ee7a61,0x0,0x2bb2226bac30cd01aee9b53c4e800dc4d2487c0b26c8aae0e3f71f78162b4687,5,94215958,0.0,1741112721959341,unknown_token,0.019862025,$unknown,34,1,2025-03-04
cx53f8ccd5426534f82cf10cb742de033e51da72fc,hx9645117f1b0c7181a126c7f4f222caefc6ee7a61,hx0000000000000000000000000000000000000000,0x0,0x2bb2226bac30cd01aee9b53c4e800dc4d2487c0b26c8aae0e3f71f78162b4687,4,94215958,0.0,1741112721959341,unknown_token,0.019862025,$unknown,1,1,2025-03-04
cx7baf94bd53b505353285ee4c4c050f9703581703,hx9645117f1b0c7181a126c7f4f222caefc6ee7a61,hx0000000000000000000000000000000000000000,0x0,0x2bb2226bac30cd01aee9b53c4e800dc4d2487c0b26c8aae0e3f71f78162b4687,2,94215958,0.0,1741112721959341,unknown_token,0.019862025,$unknown,28,1,2025-03-04
cx7baf94bd53b505353285ee4c4c050f9703581703,hx9645117f1b0c7181a126c7f4f222caefc6ee7a61,hx0000000000000000000000000000000000000000,0x0,0x2bb2226bac30cd01aee9b53c4e800dc4d2487c0b26c8aae0e3f71f78162b4687,0,94215958,0.0,1741112721959341,unknown_token,0.019862025,$unknown,26,1,2025-03-04
cxd17316e24ee40f2ef8ed6f3a497311db1b35206d,hx9645117f1b0c7181a126c7f4f222caefc6ee7a61,hx9645117f1b0c7181a126c7f4f222caefc6ee7a61,0x0,0x925beef420bb7d0192280b4e1ecf47e158b7f589018a28a748f32b404bdb293b,4,94215956,0.0,1741112717958781,unknown_token,0.0187621375,$unknown,34,1,2025-03-04
cx7baf94bd53b505353285ee4c4c050f9703581703,hx9645117f1b0c7181a126c7f4f222caefc6ee7a61,hx0000000000000000000000000000000000000000,0x0,0x925beef420bb7d0192280b4e1ecf47e158b7f589018a28a748f32b404bdb293b,2,94215956,0.0,1741112717958781,unknown_token,0.0187621375,$unknown,21,1,2025-03-04
cx7baf94bd53b505353285ee4c4c050f9703581703,hx9645117f1b0c7181a126c7f4f222caefc6ee7a61,hx0000000000000000000000000000000000000000,0x0,0x925beef420bb7d0192280b4e1ecf47e158b7f589018a28a748f32b404bdb293b,0,94215956,0.0,1741112717958781,unknown_token,0.0187621375,$unknown,22,1,2025-03-04
cxd17316e24ee40f2ef8ed6f3a497311db1b35206d,hx9645117f1b0c7181a126c7f4f222caefc6ee7a61,hx9645117f1b0c7181a126c7f4f222caefc6ee7a61,0x0,0x880e5c6adb835f90ad27abe243265806cc1433ec2237d3ec153d5c5611a71bc2,5,94215954,0.0,1741112713957563,unknown_token,0.0199335875,$unknown,34,1,2025-03-04
cx53f8ccd5426534f82cf10cb742de033e51da72fc,hx9645117f1b0c7181a126c7f4f222caefc6ee7a61,hx0000000000000000000000000000000000000000,0x0,0x880e5c6adb835f90ad27abe243265806cc1433ec2237d3ec153d5c5611a71bc2,4,94215954,0.0,1741112713957563,unknown_token,0.0199335875,$unknown,1,1,2025-03-04
cx7baf94bd53b505353285ee4c4c050f9703581703,hx9645117f1b0c7181a126c7f4f222caefc6ee7a61,hx0000000000000000000000000000000000000000,0x0,0x880e5c6adb835f90ad27abe243265806cc1433ec2237d3ec153d5c5611a71bc2,2,94215954,0.0,1741112713957563,unknown_token,0.0199335875,$unknown,31,1,2025-03-04
cx7baf94bd53b505353285ee4c4c050f9703581703,hx9645117f1b0c7181a126c7f4f222caefc6ee7a61,hx0000000000000000000000000000000000000000,0x0,0x880e5c6adb835f90ad27abe243265806cc1433ec2237d3ec153d5c5611a71bc2,0,94215954,0.0,1741112713957563,unknown_token,0.0199335875,$unknown,11,1,2025-03-04
cxd17316e24ee40f2ef8ed6f3a497311db1b35206d,hx9645117f1b0c7181a126c7f4f222caefc6ee7a61,hx9645117f1b0c7181a126c7f4f222caefc6ee7a61,0x0,0xd3dfa353606c647f44cb4e8f485eee4c80e7cea27d38651b0c3b8d8ad9afc97e,4,94215953,0.0,1741112711956144,unknown_token,0.0196051375,$unknown,34,1,2025-03-04
cx7baf94bd53b505353285ee4c4c050f9703581703,hx9645117f1b0c7181a126c7f4f222caefc6ee7a61,hx0000000000000000000000000000000000000000,0x0,0xd3dfa353606c647f44cb4e8f485eee4c80e7cea27d38651b0c3b8d8ad9afc97e,2,94215953,0.0,1741112711956144,unknown_token,0.0196051375,$unknown,31,1,2025-03-04
cx7baf94bd53b505353285ee4c4c050f9703581703,hx9645117f1b0c7181a126c7f4f222caefc6ee7a61,hx0000000000000000000000000000000000000000,0x0,0xd3dfa353606c647f44cb4e8f485eee4c80e7cea27d38651b0c3b8d8ad9afc97e,0,94215953,0.0,1741112711956144,unknown_token,0.0196051375,$unknown,11,1,2025-03-04
cxd17316e24ee40f2ef8ed6f3a497311db1b35206d,hx9645117f1b0c7181a126c7f4f222caefc6ee7a61,hx9645117f1b0c7181a126c7f4f222caefc6ee7a61,0x0,0xdaf51018e80fa738a5c6730d470c1214be140093c78c54492a70409d8a0c7a23,5,94215951,0.0,1741112707957847,unknown_token,0.0195120875,$unknown,34,1,2025-03-04
cx53f8ccd5426534f82cf10cb742de033e51da72fc,hx9645117f1b0c7181a126c7f4f222caefc6ee7a61,hx0000000000000000000000000000000000000000,0x0,0xdaf51018e80fa738a5c6730d470c1214be140093c78c54492a70409d8a0c7a23,4,94215951,0.0,1741112707957847,unknown_token,0.0195120875,$unknown,2,1,2025-03-04
cx7baf94bd53b505353285ee4c4c050f9703581703,hx9645117f1b0c7181a126c7f4f222caefc6ee7a61,hx0000000000000000000000000000000000000000,0x0,0xdaf51018e80fa738a5c6730d470c1214be140093c78c54492a70409d8a0c7a23,2,94215951,0.0,1741112707957847,unknown_token,0.0195120875,$unknown,31,1,2025-03-04
cx7baf94bd53b505353285ee4c4c050f9703581703,hx9645117f1b0c7181a126c7f4f222caefc6ee7a61,hx0000000000000000000000000000000000000000,0x0,0xdaf51018e80fa738a5c6730d470c1214be140093c78c54492a70409d8a0c7a23,0,94215951,0.0,1741112707957847,unknown_token,0.0195120875,$unknown,12,1,2025-03-04
cxd17316e24ee40f2ef8ed6f3a497311db1b35206d,hx9645117f1b0c7181a126c7f4f222caefc6ee7a61,hx9645117f1b0c7181a126c7f4f222caefc6ee7a61,0x0,0xc35869088eec564f2c9440b359efe243924789abd032b5140ed77a7cb026f9d4,4,94215949,0.0,1741112703953013,unknown_token,0.0167248875,$unknown,34,1,2025-03-04
cx7baf94bd53b505353285ee4c4c050f9703581703,hx9645117f1b0c7181a126c7f4f222caefc6ee7a61,hx0000000000000000000000000000000000000000,0x0,0xc35869088eec564f2c9440b359efe243924789abd032b5140ed77a7cb026f9d4,2,94215949,0.0,1741112703953013,unknown_token,0.0167248875,$unknown,21,1,2025-03-04
cx7baf94bd53b505353285ee4c4c050f9703581703,hx9645117f1b0c7181a126c7f4f222caefc6ee7a61,hx0000000000000000000000000000000000000000,0x0,0xc35869088eec564f2c9440b359efe243924789abd032b5140ed77a7cb026f9d4,0,94215949,0.0,1741112703953013,unknown_token,0.0167248875,$unknown,31,1,2025-03-04
cxd17316e24ee40f2ef8ed6f3a497311db1b35206d,hx9645117f1b0c7181a126c7f4f222caefc6ee7a61,hx9645117f1b0c7181a126c7f4f222caefc6ee7a61,0x0,0x54cc5875acc2b07439363aecc55fc1fdb9f38485e5e04d2e31ec97af01e89c41,4,94215946,0.0,1741112697951081,unknown_token,0.0189728875,$unknown,34,1,2025-03-04
cx7baf94bd53b505353285ee4c4c050f9703581703,hx9645117f1b0c7181a126c7f4f222caefc6ee7a61,hx0000000000000000000000000000000000000000,0x0,0x54cc5875acc2b07439363aecc55fc1fdb9f38485e5e04d2e31ec97af01e89c41,2,94215946,0.0,1741112697951081,unknown_token,0.0189728875,$unknown,16,1,2025-03-04
cx7baf94bd53b505353285ee4c4c050f9703581703,hx9645117f1b0c7181a126c7f4f222caefc6ee7a61,hx0000000000000000000000000000000000000000,0x0,0x54cc5875acc2b07439363aecc55fc1fdb9f38485e5e04d2e31ec97af01e89c41,0,94215946,0.0,1741112697951081,unknown_token,0.0189728875,$unknown,26,1,2025-03-04
cxd17316e24ee40f2ef8ed6f3a497311db1b35206d,hx9645117f1b0c7181a126c7f4f222caefc6ee7a61,hx9645117f1b0c7181a126c7f4f222caefc6ee7a61,0x0,0x818ebbcd4eaf8a50f49b6f57a25931dfa56a4712302f565572732f5fea05f3a9,5,94215943,0.0,1741112691955571,unknown_token,0.0195823375,$unknown,34,1,2025-03-04
cx53f8ccd5426534f82cf10cb742de033e51da72fc,hx9645117f1b0c7181a126c7f4f222caefc6ee7a61,hx0000000000000000000000000000000000000000,0x0,0x818ebbcd4eaf8a50f49b6f57a25931dfa56a4712302f565572732f5fea05f3a9,4,94215943,0.0,1741112691955571,unknown_token,0.0195823375,$unknown,3,1,2025-03-04
cx7baf94bd53b505353285ee4c4c050f9703581703,hx9645117f1b0c7181a126c7f4f222caefc6ee7a61,hx0000000000000000000000000000000000000000,0x0,0x818ebbcd4eaf8a50f49b6f57a25931dfa56a4712302f565572732f5fea05f3a9,2,94215943,0.0,1741112691955571,unknown_token,0.0195823375,$unknown,25,1,2025-03-04
cx7baf94bd53b505353285ee4c4c050f9703581703,hx9645117f1b0c7181a126c7f4f222caefc6ee7a61,hx0000000000000000000000000000000000000000,0x0,0x818ebbcd4eaf8a50f49b6f57a25931dfa56a4712302f565572732f5fea05f3a9,0,94215943,0.0,1741112691955571,unknown_token,0.0195823375,$unknown,12,1,2025-03-04
cxd17316e24ee40f2ef8ed6f3a497311db1b35206d,hx9645117f1b0c7181a126c7f4f222caefc6ee7a61,hx9645117f1b0c7181a126c7f4f222caefc6ee7a61,0x0,0x5716e8847873a7e323d14af833b7a29feed5381bb0e99d21cf7f06037aa1c244,4,94215941,0.0,1741112687947823,unknown_token,0.018269075,$unknown,34,1,2025-03-04
cx7baf94bd53b505353285ee4c4c050f9703581703,hx9645117f1b0c7181a126c7f4f222caefc6ee7a61,hx0000000000000000000000000000000000000000,0x0,0x5716e8847873a7e323d14af833b7a29feed5381bb0e99d21cf7f06037aa1c244,2,94215941,0.0,1741112687947823,unknown_token,0.018269075,$unknown,33,1,2025-03-04
cx7baf94bd53b505353285ee4c4c050f9703581703,hx9645117f1b0c7181a126c7f4f222caefc6ee7a61,hx0000000000000000000000000000000000000000,0x0,0x5716e8847873a7e323d14af833b7a29feed5381bb0e99d21cf7f06037aa1c244,0,94215941,0.0,1741112687947823,unknown_token,0.018269075,$unknown,1,1,2025-03-04
cxd17316e24ee40f2ef8ed6f3a497311db1b35206d,hx9645117f1b0c7181a126c7f4f222caefc6ee7a61,hx9645117f1b0c7181a126c7f4f222caefc6ee7a61,0x0,0xdd22dcc96ec55fcbea5430428c5591aaf6d118e9b04687bfe1073218824c9b88,4,94215939,0.0,1741112684141147,unknown_token,0.0188323875,$unknown,34,1,2025-03-04
cx7baf94bd53b505353285ee4c4c050f9703581703,hx9645117f1b0c7181a126c7f4f222caefc6ee7a61,hx0000000000000000000000000000000000000000,0x0,0xdd22dcc96ec55fcbea5430428c5591aaf6d118e9b04687bfe1073218824c9b88,2,94215939,0.0,1741112684141147,unknown_token,0.0188323875,$unknown,10,1,2025-03-04
cx7baf94bd53b505353285ee4c4c050f9703581703,hx9645117f1b0c7181a126c7f4f222caefc6ee7a61,hx0000000000000000000000000000000000000000,0x0,0xdd22dcc96ec55fcbea5430428c5591aaf6d118e9b04687bfe1073218824c9b88,0,94215939,0.0,1741112684141147,unknown_token,0.0188323875,$unknown,26,1,2025-03-04
cxd17316e24ee40f2ef8ed6f3a497311db1b35206d,hx9645117f1b0c7181a126c7f4f222caefc6ee7a61,hx9645117f1b0c7181a126c7f4f222caefc6ee7a61,0x0,0x7d06fb9c2d7ac0b42878a05779ecadc42a4ae2065272f3a357edf49d18c99310,5,94215937,0.0,1741112680112175,unknown_token,0.0197228375,$unknown,34,1,2025-03-04
cx53f8ccd5426534f82cf10cb742de033e51da72fc,hx9645117f1b0c7181a126c7f4f222caefc6ee7a61,hx0000000000000000000000000000000000000000,0x0,0x7d06fb9c2d7ac0b42878a05779ecadc42a4ae2065272f3a357edf49d18c99310,4,94215937,0.0,1741112680112175,unknown_token,0.0197228375,$unknown,1,1,2025-03-04
cx7baf94bd53b505353285ee4c4c050f9703581703,hx9645117f1b0c7181a126c7f4f222caefc6ee7a61,hx0000000000000000000000000000000000000000,0x0,0x7d06fb9c2d7ac0b42878a05779ecadc42a4ae2065272f3a357edf49d18c99310,2,94215937,0.0,1741112680112175,unknown_token,0.0197228375,$unknown,22,1,2025-03-04
cx7baf94bd53b505353285ee4c4c050f9703581703,hx9645117f1b0c7181a126c7f4f222caefc6ee7a61,hx0000000000000000000000000000000000000000,0x0,0x7d06fb9c2d7ac0b42878a05779ecadc42a4ae2065272f3a357edf49d18c99310,0,94215937,0.0,1741112680112175,unknown_token,0.0197228375,$unknown,32,1,2025-03-04
cxd17316e24ee40f2ef8ed6f3a497311db1b35206d,hx9645117f1b0c7181a126c7f4f222caefc6ee7a61,hx9645117f1b0c7181a126c7f4f222caefc6ee7a61,0x0,0xbd99236f792e5326484a4595c0f282c3e1580e02da6d986585b48b9eb8000cc3,5,94215935,0.0,1741112675947743,unknown_token,0.0190905875,$unknown,34,4,2025-03-04
cx53f8ccd5426534f82cf10cb742de033e51da72fc,hx9645117f1b0c7181a126c7f4f222caefc6ee7a61,hx0000000000000000000000000000000000000000,0x0,0xbd99236f792e5326484a4595c0f282c3e1580e02da6d986585b48b9eb8000cc3,4,94215935,0.0,1741112675947743,unknown_token,0.0190905875,$unknown,4,4,2025-03-04
cx7baf94bd53b505353285ee4c4c050f9703581703,hx9645117f1b0c7181a126c7f4f222caefc6ee7a61,hx0000000000000000000000000000000000000000,0x0,0xbd99236f792e5326484a4595c0f282c3e1580e02da6d986585b48b9eb8000cc3,2,94215935,0.0,1741112675947743,unknown_token,0.0190905875,$unknown,26,4,2025-03-04
cx7baf94bd53b505353285ee4c4c050f9703581703,hx9645117f1b0c7181a126c7f4f222caefc6ee7a61,hx0000000000000000000000000000000000000000,0x0,0xbd99236f792e5326484a4595c0f282c3e1580e02da6d986585b48b9eb8000cc3,0,94215935,0.0,1741112675947743,unknown_token,0.0190905875,$unknown,27,4,2025-03-04
cxd17316e24ee40f2ef8ed6f3a497311db1b35206d,hx9645117f1b0c7181a126c7f4f222caefc6ee7a61,hx9645117f1b0c7181a126c7f4f222caefc6ee7a61,0x0,0x5eeea16d69c4999dcc05c376d1987ffeb7c9efb210139f1fcfb6331ed28d2493,4,94215934,0.0,1741112673945956,unknown_token,0.0184811375,$unknown,34,1,2025-03-04
cx7baf94bd53b505353285ee4c4c050f9703581703,hx9645117f1b0c7181a126c7f4f222caefc6ee7a61,hx0000000000000000000000000000000000000000,0x0,0x5eeea16d69c4999dcc05c376d1987ffeb7c9efb210139f1fcfb6331ed28d2493,2,94215934,0.0,1741112673945956,unknown_token,0.0184811375,$unknown,4,1,2025-03-04
cx7baf94bd53b505353285ee4c4c050f9703581703,hx9645117f1b0c7181a126c7f4f222caefc6ee7a61,hx0000000000000000000000000000000000000000,0x0,0x5eeea16d69c4999dcc05c376d1987ffeb7c9efb210139f1fcfb6331ed28d2493,0,94215934,0.0,1741112673945956,unknown_token,0.0184811375,$unknown,1,1,2025-03-04
cx65c9e3d4fea842e00add0d32a5b4c5e4e04c7a6b,cx21e94c08c03daee80c25d8ee3ea22a20786ec231,hx0000000000000000000000000000000000000000,0x292913d,0xd570789db7c7dd165275eaeb36aba51bbc45da7285e30f32e2d4e3dd1a524d17,24,94215932,0.043159869,1741112670114040,Solana,0.45675665,SOL,0,1,2025-03-04
cx88fd7df7ddff82f7cc735c871dc519838cb235bb,cxa0af3165c08318e988cb30993b3048335b94af6c,cx5faae53c4dbd1fbe4a2eb4aab6565030f10da5c6,0x2062489dd0999b,0xd570789db7c7dd165275eaeb36aba51bbc45da7285e30f32e2d4e3dd1a524d17,20,94215932,0.009115263279602074,1741112670114040,Balanced Dollar,0.45675665,bnUSD,0,1,2025-03-04
cx65c9e3d4fea842e00add0d32a5b4c5e4e04c7a6b,cxa0af3165c08318e988cb30993b3048335b94af6c,cx21e94c08c03daee80c25d8ee3ea22a20786ec231,0x292913d,0xd570789db7c7dd165275eaeb36aba51bbc45da7285e30f32e2d4e3dd1a524d17,19,94215932,0.043159869,1741112670114040,Solana,0.45675665,SOL,0,1,2025-03-04
cx88fd7df7ddff82f7cc735c871dc519838cb235bb,cx21e94c08c03daee80c25d8ee3ea22a20786ec231,cxa0af3165c08318e988cb30993b3048335b94af6c,0x545547c5a4900510,0xd570789db7c7dd165275eaeb36aba51bbc45da7285e30f32e2d4e3dd1a524d17,18,94215932,6.076842186401383,1741112670114040,Balanced Dollar,0.45675665,bnUSD,0,1,2025-03-04
cx88fd7df7ddff82f7cc735c871dc519838cb235bb,cxa0af3165c08318e988cb30993b3048335b94af6c,cx5faae53c4dbd1fbe4a2eb4aab6565030f10da5c6,0x207b2b9ac0c59d,0xd570789db7c7dd165275eaeb36aba51bbc45da7285e30f32e2d4e3dd1a524d17,16,94215932,0.009142626464875934,1741112670114040,Balanced Dollar,0.45675665,bnUSD,0,1,2025-03-04
cx88fd7df7ddff82f7cc735c871dc519838cb235bb,cxa0af3165c08318e988cb30993b3048335b94af6c,cx21e94c08c03daee80c25d8ee3ea22a20786ec231,0x545547c5a4900510,0xd570789db7c7dd165275eaeb36aba51bbc45da7285e30f32e2d4e3dd1a524d17,15,94215932,6.076842186401383,1741112670114040,Balanced Dollar,0.45675665,bnUSD,0,1,2025-03-04
cx2609b924e33ef00b648a409245c7ea394c467824,cx21e94c08c03daee80c25d8ee3ea22a20786ec231,cxa0af3165c08318e988cb30993b3048335b94af6c,0x2570330c53165cfa8,0xd570789db7c7dd165275eaeb36aba51bbc45da7285e30f32e2d4e3dd1a524d17,14,94215932,43.163396877144415,1741112670114040,Staked ICX,0.45675665,sICX,0,1,2025-03-04
cx2609b924e33ef00b648a409245c7ea394c467824,cx203d9cd2a669be67177e997b8948ce2c35caffae,cx835b300dcfe01f0bdb794e134a0c5628384f4367,0x26d36a4a04bd4a3d,0xd570789db7c7dd165275eaeb36aba51bbc45da7285e30f32e2d4e3dd1a524d17,11,94215932,2.7976966596668484,1741112670114040,Staked ICX,0.45675665,sICX,0,1,2025-03-04
cx2609b924e33ef00b648a409245c7ea394c467824,cx5faae53c4dbd1fbe4a2eb4aab6565030f10da5c6,cx203d9cd2a669be67177e997b8948ce2c35caffae,0x37772a20990e6a0e,0xd570789db7c7dd165275eaeb36aba51bbc45da7285e30f32e2d4e3dd1a524d17,8,94215932,3.9967095138097832,1741112670114040,Staked ICX,0.45675665,sICX,0,1,2025-03-04
cx2609b924e33ef00b648a409245c7ea394c467824,cx5faae53c4dbd1fbe4a2eb4aab6565030f10da5c6,cxdc30a0d3a1f131565c071272a20bc0b06fd4c17b,0x37772a20990e6a0d,0xd570789db7c7dd165275eaeb36aba51bbc45da7285e30f32e2d4e3dd1a524d17,6,94215932,3.9967095138097832,1741112670114040,Staked ICX,0.45675665,sICX,0,1,2025-03-04
cx2609b924e33ef00b648a409245c7ea394c467824,cxa0af3165c08318e988cb30993b3048335b94af6c,cx5faae53c4dbd1fbe4a2eb4aab6565030f10da5c6,0xe6b234931e88bc,0xd570789db7c7dd165275eaeb36aba51bbc45da7285e30f32e2d4e3dd1a524d17,5,94215932,0.06493518351974624,1741112670114040,Staked ICX,0.45675665,sICX,0,1,2025-03-04
cx2609b924e33ef00b648a409245c7ea394c467824,cxa0af3165c08318e988cb30993b3048335b94af6c,cx21e94c08c03daee80c25d8ee3ea22a20786ec231,0x2570330c53165cfa8,0xd570789db7c7dd165275eaeb36aba51bbc45da7285e30f32e2d4e3dd1a524d17,4,94215932,43.163396877144415,1741112670114040,Staked ICX,0.45675665,sICX,0,1,2025-03-04
cx518f64edcd35db9044a2de63fdc10abfd5f7d611,cx21e94c08c03daee80c25d8ee3ea22a20786ec231,cxa0af3165c08318e988cb30993b3048335b94af6c,0xc981b5f,0xd570789db7c7dd165275eaeb36aba51bbc45da7285e30f32e2d4e3dd1a524d17,3,94215932,21.1295071,1741112670114040,Stellar,0.45675665,XLM,0,1,2025-03-04
cx518f64edcd35db9044a2de63fdc10abfd5f7d611,hx0000000000000000000000000000000000000000,cx21e94c08c03daee80c25d8ee3ea22a20786ec231,0xc981b5f,0xd570789db7c7dd165275eaeb36aba51bbc45da7285e30f32e2d4e3dd1a524d17,1,94215932,21.1295071,1741112670114040,Stellar,0.45675665,XLM,0,1,2025-03-04
cxd17316e24ee40f2ef8ed6f3a497311db1b35206d,hx9645117f1b0c7181a126c7f4f222caefc6ee7a61,hx9645117f1b0c7181a126c7f4f222caefc6ee7a61,0x0,0x9acb8517b0d35b824b69fc2e26922422597545fd313d7fcd9ba2df3f745149a2,4,94215931,0.0,1741112667944194,unknown_token,0.0191133875,$unknown,34,1,2025-03-04
cx7baf94bd53b505353285ee4c4c050f9703581703,hx9645117f1b0c7181a126c7f4f222caefc6ee7a61,hx0000000000000000000000000000000000000000,0x0,0x9acb8517b0d35b824b69fc2e26922422597545fd313d7fcd9ba2df3f745149a2,2,94215931,0.0,1741112667944194,unknown_token,0.0191133875,$unknown,25,1,2025-03-04
cx7baf94bd53b505353285ee4c4c050f9703581703,hx9645117f1b0c7181a126c7f4f222caefc6ee7a61,hx0000000000000000000000000000000000000000,0x0,0x9acb8517b0d35b824b69fc2e26922422597545fd313d7fcd9ba2df3f745149a2,0,94215931,0.0,1741112667944194,unknown_token,0.0191133875,$unknown,1,1,2025-03-04
cxd17316e24ee40f2ef8ed6f3a497311db1b35206d,hx9645117f1b0c7181a126c7f4f222caefc6ee7a61,hx9645117f1b0c7181a126c7f4f222caefc6ee7a61,0x0,0x4809dba0428ddaeb5ead4deeffcc88d909d5f96a601a01ade7d43cd4e6446142,4,94215929,0.0,1741112663940980,unknown_token,0.0189026375,$unknown,34,1,2025-03-04
cx7baf94bd53b505353285ee4c4c050f9703581703,hx9645117f1b0c7181a126c7f4f222caefc6ee7a61,hx0000000000000000000000000000000000000000,0x0,0x4809dba0428ddaeb5ead4deeffcc88d909d5f96a601a01ade7d43cd4e6446142,2,94215929,0.0,1741112663940980,unknown_token,0.0189026375,$unknown,5,1,2025-03-04
cx7baf94bd53b505353285ee4c4c050f9703581703,hx9645117f1b0c7181a126c7f4f222caefc6ee7a61,hx0000000000000000000000000000000000000000,0x0,0x4809dba0428ddaeb5ead4deeffcc88d909d5f96a601a01ade7d43cd4e6446142,0,94215929,0.0,1741112663940980,unknown_token,0.0189026375,$unknown,11,1,2025-03-04
cxd17316e24ee40f2ef8ed6f3a497311db1b35206d,hx9645117f1b0c7181a126c7f4f222caefc6ee7a61,hx9645117f1b0c7181a126c7f4f222caefc6ee7a61,0x0,0x428430467209651e32358a0fa8795174e80c28965a7d4dc7ebca3a48ad38c3b2,4,94215927,0.0,1741112659935439,unknown_token,0.0169356375,$unknown,34,1,2025-03-04
cx7baf94bd53b505353285ee4c4c050f9703581703,hx9645117f1b0c7181a126c7f4f222caefc6ee7a61,hx0000000000000000000000000000000000000000,0x0,0x428430467209651e32358a0fa8795174e80c28965a7d4dc7ebca3a48ad38c3b2,2,94215927,0.0,1741112659935439,unknown_token,0.0169356375,$unknown,30,1,2025-03-04
cx7baf94bd53b505353285ee4c4c050f9703581703,hx9645117f1b0c7181a126c7f4f222caefc6ee7a61,hx0000000000000000000000000000000000000000,0x0,0x428430467209651e32358a0fa8795174e80c28965a7d4dc7ebca3a48ad38c3b2,0,94215927,0.0,1741112659935439,unknown_token,0.0169356375,$unknown,1,1,2025-03-04
cxd17316e24ee40f2ef8ed6f3a497311db1b35206d,hx9645117f1b0c7181a126c7f4f222caefc6ee7a61,hx9645117f1b0c7181a126c7f4f222caefc6ee7a61,0x0,0xec3b6c5a4d352b35d533dfb9bec63c817fda9126f9c33d3bbde93f2a516d4ddc,5,94215925,0.0,1741112656183094,unknown_token,0.0195823375,$unknown,34,1,2025-03-04
cx53f8ccd5426534f82cf10cb742de033e51da72fc,hx9645117f1b0c7181a126c7f4f222caefc6ee7a61,hx0000000000000000000000000000000000000000,0x0,0xec3b6c5a4d352b35d533dfb9bec63c817fda9126f9c33d3bbde93f2a516d4ddc,4,94215925,0.0,1741112656183094,unknown_token,0.0195823375,$unknown,3,1,2025-03-04
cx7baf94bd53b505353285ee4c4c050f9703581703,hx9645117f1b0c7181a126c7f4f222caefc6ee7a61,hx0000000000000000000000000000000000000000,0x0,0xec3b6c5a4d352b35d533dfb9bec63c817fda9126f9c33d3bbde93f2a516d4ddc,2,94215925,0.0,1741112656183094,unknown_token,0.0195823375,$unknown,4,1,2025-03-04
cx7baf94bd53b505353285ee4c4c050f9703581703,hx9645117f1b0c7181a126c7f4f222caefc6ee7a61,hx0000000000000000000000000000000000000000,0x0,0xec3b6c5a4d352b35d533dfb9bec63c817fda9126f9c33d3bbde93f2a516d4ddc,0,94215925,0.0,1741112656183094,unknown_token,0.0195823375,$unknown,16,1,2025-03-04
cxd17316e24ee40f2ef8ed6f3a497311db1b35206d,hx9645117f1b0c7181a126c7f4f222caefc6ee7a61,hx9645117f1b0c7181a126c7f4f222caefc6ee7a61,0x0,0x502e260da683c8d285a8051e068a01d10f6e06ab9a9f0b1a0bc1dfc8a68d099a,4,94215923,0.0,1741112651942008,unknown_token,0.0183406375,$unknown,34,1,2025-03-04
cx7baf94bd53b505353285ee4c4c050f9703581703,hx9645117f1b0c7181a126c7f4f222caefc6ee7a61,hx0000000000000000000000000000000000000000,0x0,0x502e260da683c8d285a8051e068a01d10f6e06ab9a9f0b1a0bc1dfc8a68d099a,2,94215923,0.0,1741112651942008,unknown_token,0.0183406375,$unknown,26,1,2025-03-04
cx7baf94bd53b505353285ee4c4c050f9703581703,hx9645117f1b0c7181a126c7f4f222caefc6ee7a61,hx0000000000000000000000000000000000000000,0x0,0x502e260da683c8d285a8051e068a01d10f6e06ab9a9f0b1a0bc1dfc8a68d099a,0,94215923,0.0,1741112651942008,unknown_token,0.0183406375,$unknown,1,1,2025-03-04
cxd17316e24ee40f2ef8ed6f3a497311db1b35206d,hx9645117f1b0c7181a126c7f4f222caefc6ee7a61,hx9645117f1b0c7181a126c7f4f222caefc6ee7a61,0x0,0x208c2223a5a4d97735e84d3fc278da00d2a3937ded1b5a8ac409a0ccbf72d0f2,4,94215921,0.0,1741112647932965,unknown_token,0.0167951375,$unknown,34,1,2025-03-04
cx7baf94bd53b505353285ee4c4c050f9703581703,hx9645117f1b0c7181a126c7f4f222caefc6ee7a61,hx0000000000000000000000000000000000000000,0x0,0x208c2223a5a4d97735e84d3fc278da00d2a3937ded1b5a8ac409a0ccbf72d0f2,2,94215921,0.0,1741112647932965,unknown_token,0.0167951375,$unknown,16,1,2025-03-04
cx7baf94bd53b505353285ee4c4c050f9703581703,hx9645117f1b0c7181a126c7f4f222caefc6ee7a61,hx0000000000000000000000000000000000000000,0x0,0x208c2223a5a4d97735e84d3fc278da00d2a3937ded1b5a8ac409a0ccbf72d0f2,0,94215921,0.0,1741112647932965,unknown_token,0.0167951375,$unknown,17,1,2025-03-04
cxd17316e24ee40f2ef8ed6f3a497311db1b35206d,hx9645117f1b0c7181a126c7f4f222caefc6ee7a61,hx9645117f1b0c7181a126c7f4f222caefc6ee7a61,0x0,0xdbc7dfce6833cccd56fd466d3d853810aaae02b09e361bf53f8f3815ce38465e,4,94215918,0.0,1741112641932958,unknown_token,0.0174273875,$unknown,34,1,2025-03-04
cx7baf94bd53b505353285ee4c4c050f9703581703,hx9645117f1b0c7181a126c7f4f222caefc6ee7a61,hx0000000000000000000000000000000000000000,0x0,0xdbc7dfce6833cccd56fd466d3d853810aaae02b09e361bf53f8f3815ce38465e,2,94215918,0.0,1741112641932958,unknown_token,0.0174273875,$unknown,10,1,2025-03-04
cx7baf94bd53b505353285ee4c4c050f9703581703,hx9645117f1b0c7181a126c7f4f222caefc6ee7a61,hx0000000000000000000000000000000000000000,0x0,0xdbc7dfce6833cccd56fd466d3d853810aaae02b09e361bf53f8f3815ce38465e,0,94215918,0.0,1741112641932958,unknown_token,0.0174273875,$unknown,4,1,2025-03-04
cxd17316e24ee40f2ef8ed6f3a497311db1b35206d,hx9645117f1b0c7181a126c7f4f222caefc6ee7a61,hx9645117f1b0c7181a126c7f4f222caefc6ee7a61,0x0,0xbedbac8b9be2c2dce7cb2601fadc210a5bc4b4504efc102e83134b98553b10a9,5,94215917,0.0,1741112640134050,unknown_token,0.0193715875,$unknown,34,1,2025-03-04
cx53f8ccd5426534f82cf10cb742de033e51da72fc,hx9645117f1b0c7181a126c7f4f222caefc6ee7a61,hx0000000000000000000000000000000000000000,0x0,0xbedbac8b9be2c2dce7cb2601fadc210a5bc4b4504efc102e83134b98553b10a9,4,94215917,0.0,1741112640134050,unknown_token,0.0193715875,$unknown,5,1,2025-03-04
cx7baf94bd53b505353285ee4c4c050f9703581703,hx9645117f1b0c7181a126c7f4f222caefc6ee7a61,hx0000000000000000000000000000000000000000,0x0,0xbedbac8b9be2c2dce7cb2601fadc210a5bc4b4504efc102e83134b98553b10a9,2,94215917,0.0,1741112640134050,unknown_token,0.0193715875,$unknown,18,1,2025-03-04
cx7baf94bd53b505353285ee4c4c050f9703581703,hx9645117f1b0c7181a126c7f4f222caefc6ee7a61,hx0000000000000000000000000000000000000000,0x0,0xbedbac8b9be2c2dce7cb2601fadc210a5bc4b4504efc102e83134b98553b10a9,0,94215917,0.0,1741112640134050,unknown_token,0.0193715875,$unknown,1,1,2025-03-04
cxd17316e24ee40f2ef8ed6f3a497311db1b35206d,hx9645117f1b0c7181a126c7f4f222caefc6ee7a61,hx9645117f1b0c7181a126c7f4f222caefc6ee7a61,0x0,0x77a37265e4c0fd800de0bb739873406083c918aa3f68fbc29edd6f74c23dd3c4,4,94215915,0.0,1741112636079993,unknown_token,0.0196753875,$unknown,34,1,2025-03-04
cx7baf94bd53b505353285ee4c4c050f9703581703,hx9645117f1b0c7181a126c7f4f222caefc6ee7a61,hx0000000000000000000000000000000000000000,0x0,0x77a37265e4c0fd800de0bb739873406083c918aa3f68fbc29edd6f74c23dd3c4,2,94215915,0.0,1741112636079993,unknown_token,0.0196753875,$unknown,1,1,2025-03-04
cx7baf94bd53b505353285ee4c4c050f9703581703,hx9645117f1b0c7181a126c7f4f222caefc6ee7a61,hx0000000000000000000000000000000000000000,0x0,0x77a37265e4c0fd800de0bb739873406083c918aa3f68fbc29edd6f74c23dd3c4,0,94215915,0.0,1741112636079993,unknown_token,0.0196753875,$unknown,16,1,2025-03-04
cxd17316e24ee40f2ef8ed6f3a497311db1b35206d,hx9645117f1b0c7181a126c7f4f222caefc6ee7a61,hx9645117f1b0c7181a126c7f4f222caefc6ee7a61,0x0,0xdb4d43e1b95cf21876b20887daec3f13d713a8638e8e0e59a4af5660ba20de3c,4,94215891,0.0,1741112587917861,unknown_token,0.018409575,$unknown,34,1,2025-03-04
cx7baf94bd53b505353285ee4c4c050f9703581703,hx9645117f1b0c7181a126c7f4f222caefc6ee7a61,hx0000000000000000000000000000000000000000,0x0,0xdb4d43e1b95cf21876b20887daec3f13d713a8638e8e0e59a4af5660ba20de3c,2,94215891,0.0,1741112587917861,unknown_token,0.018409575,$unknown,23,1,2025-03-04
cx7baf94bd53b505353285ee4c4c050f9703581703,hx9645117f1b0c7181a126c7f4f222caefc6ee7a61,hx0000000000000000000000000000000000000000,0x0,0xdb4d43e1b95cf21876b20887daec3f13d713a8638e8e0e59a4af5660ba20de3c,0,94215891,0.0,1741112587917861,unknown_token,0.018409575,$unknown,1,1,2025-03-04
cxd17316e24ee40f2ef8ed6f3a497311db1b35206d,hx9645117f1b0c7181a126c7f4f222caefc6ee7a61,hx9645117f1b0c7181a126c7f4f222caefc6ee7a61,0x0,0x86aa5fc6c73e51120a56ec9d726412d181554fa99fe2f150767e8b40d66c53f5,5,94215852,0.0,1741112509896903,unknown_token,0.019300025,$unknown,34,1,2025-03-04
cx53f8ccd5426534f82cf10cb742de033e51da72fc,hx9645117f1b0c7181a126c7f4f222caefc6ee7a61,hx0000000000000000000000000000000000000000,0x0,0x86aa5fc6c73e51120a56ec9d726412d181554fa99fe2f150767e8b40d66c53f5,4,94215852,0.0,1741112509896903,unknown_token,0.019300025,$unknown,8,1,2025-03-04
cx7baf94bd53b505353285ee4c4c050f9703581703,hx9645117f1b0c7181a126c7f4f222caefc6ee7a61,hx0000000000000000000000000000000000000000,0x0,0x86aa5fc6c73e51120a56ec9d726412d181554fa99fe2f150767e8b40d66c53f5,2,94215852,0.0,1741112509896903,unknown_token,0.019300025,$unknown,13,1,2025-03-04
cx7baf94bd53b505353285ee4c4c050f9703581703,hx9645117f1b0c7181a126c7f4f222caefc6ee7a61,hx0000000000000000000000000000000000000000,0x0,0x86aa5fc6c73e51120a56ec9d726412d181554fa99fe2f150767e8b40d66c53f5,0,94215852,0.0,1741112509896903,unknown_token,0.019300025,$unknown,12,1,2025-03-04
cxd17316e24ee40f2ef8ed6f3a497311db1b35206d,hx9645117f1b0c7181a126c7f4f222caefc6ee7a61,hx9645117f1b0c7181a126c7f4f222caefc6ee7a61,0x0,0x7e529f0c5e352d1d0263c8ae1114a6380f59bfe1383ea74ab78c434346f13b75,4,94215850,0.0,1741112506103206,unknown_token,0.0181298875,$unknown,34,1,2025-03-04
cx7baf94bd53b505353285ee4c4c050f9703581703,hx9645117f1b0c7181a126c7f4f222caefc6ee7a61,hx0000000000000000000000000000000000000000,0x0,0x7e529f0c5e352d1d0263c8ae1114a6380f59bfe1383ea74ab78c434346f13b75,2,94215850,0.0,1741112506103206,unknown_token,0.0181298875,$unknown,30,1,2025-03-04
cx7baf94bd53b505353285ee4c4c050f9703581703,hx9645117f1b0c7181a126c7f4f222caefc6ee7a61,hx0000000000000000000000000000000000000000,0x0,0x7e529f0c5e352d1d0263c8ae1114a6380f59bfe1383ea74ab78c434346f13b75,0,94215850,0.0,1741112506103206,unknown_token,0.0181298875,$unknown,1,1,2025-03-04
cxd17316e24ee40f2ef8ed6f3a497311db1b35206d,hx9645117f1b0c7181a126c7f4f222caefc6ee7a61,hx9645117f1b0c7181a126c7f4f222caefc6ee7a61,0x0,0xbc6b624e7a2042b69afa6974b63acf10698380eb0fbf786041e86f1ea42518be,4,94215849,0.0,1741112503889047,unknown_token,0.0184811375,$unknown,34,1,2025-03-04
cx7baf94bd53b505353285ee4c4c050f9703581703,hx9645117f1b0c7181a126c7f4f222caefc6ee7a61,hx0000000000000000000000000000000000000000,0x0,0xbc6b624e7a2042b69afa6974b63acf10698380eb0fbf786041e86f1ea42518be,2,94215849,0.0,1741112503889047,unknown_token,0.0184811375,$unknown,1,1,2025-03-04
cx7baf94bd53b505353285ee4c4c050f9703581703,hx9645117f1b0c7181a126c7f4f222caefc6ee7a61,hx0000000000000000000000000000000000000000,0x0,0xbc6b624e7a2042b69afa6974b63acf10698380eb0fbf786041e86f1ea42518be,0,94215849,0.0,1741112503889047,unknown_token,0.0184811375,$unknown,31,1,2025-03-04
cxd17316e24ee40f2ef8ed6f3a497311db1b35206d,hx9645117f1b0c7181a126c7f4f222caefc6ee7a61,hx9645117f1b0c7181a126c7f4f222caefc6ee7a61,0x0,0x371925c5a1207ecb99c0a1de1f3883bde876d20261f0c990446289c02691bf7b,4,94215847,0.0,1741112500116897,unknown_token,0.0188323875,$unknown,34,1,2025-03-04
cx7baf94bd53b505353285ee4c4c050f9703581703,hx9645117f1b0c7181a126c7f4f222caefc6ee7a61,hx0000000000000000000000000000000000000000,0x0,0x371925c5a1207ecb99c0a1de1f3883bde876d20261f0c990446289c02691bf7b,2,94215847,0.0,1741112500116897,unknown_token,0.0188323875,$unknown,10,1,2025-03-04
cx7baf94bd53b505353285ee4c4c050f9703581703,hx9645117f1b0c7181a126c7f4f222caefc6ee7a61,hx0000000000000000000000000000000000000000,0x0,0x371925c5a1207ecb99c0a1de1f3883bde876d20261f0c990446289c02691bf7b,0,94215847,0.0,1741112500116897,unknown_token,0.0188323875,$unknown,26,1,2025-03-04
cxd17316e24ee40f2ef8ed6f3a497311db1b35206d,hx9645117f1b0c7181a126c7f4f222caefc6ee7a61,hx9645117f1b0c7181a126c7f4f222caefc6ee7a61,0x0,0x46d3e36bf04f84555df08f67a50cda5eff85b1c144fef9ccad10e645f0c4beab,4,94215845,0.0,1741112496049366,unknown_token,0.0175678875,$unknown,34,1,2025-03-04
cx7baf94bd53b505353285ee4c4c050f9703581703,hx9645117f1b0c7181a126c7f4f222caefc6ee7a61,hx0000000000000000000000000000000000000000,0x0,0x46d3e36bf04f84555df08f67a50cda5eff85b1c144fef9ccad10e645f0c4beab,2,94215845,0.0,1741112496049366,unknown_token,0.0175678875,$unknown,5,1,2025-03-04
cx7baf94bd53b505353285ee4c4c050f9703581703,hx9645117f1b0c7181a126c7f4f222caefc6ee7a61,hx0000000000000000000000000000000000000000,0x0,0x46d3e36bf04f84555df08f67a50cda5eff85b1c144fef9ccad10e645f0c4beab,0,94215845,0.0,1741112496049366,unknown_token,0.0175678875,$unknown,16,1,2025-03-04
cxd17316e24ee40f2ef8ed6f3a497311db1b35206d,hx9645117f1b0c7181a126c7f4f222caefc6ee7a61,hx9645117f1b0c7181a126c7f4f222caefc6ee7a61,0x0,0x9e12cfe68446bcf9241a180330f456bc84fa84609574cfa183fcfdac9797cb90,4,94215843,0.0,1741112491878404,unknown_token,0.0167951375,$unknown,34,1,2025-03-04
cx7baf94bd53b505353285ee4c4c050f9703581703,hx9645117f1b0c7181a126c7f4f222caefc6ee7a61,hx0000000000000000000000000000000000000000,0x0,0x9e12cfe68446bcf9241a180330f456bc84fa84609574cfa183fcfdac9797cb90,2,94215843,0.0,1741112491878404,unknown_token,0.0167951375,$unknown,10,1,2025-03-04
cx7baf94bd53b505353285ee4c4c050f9703581703,hx9645117f1b0c7181a126c7f4f222caefc6ee7a61,hx0000000000000000000000000000000000000000,0x0,0x9e12cfe68446bcf9241a180330f456bc84fa84609574cfa183fcfdac9797cb90,0,94215843,0.0,1741112491878404,unknown_token,0.0167951375,$unknown,26,1,2025-03-04
cxd17316e24ee40f2ef8ed6f3a497311db1b35206d,hx9645117f1b0c7181a126c7f4f222caefc6ee7a61,hx9645117f1b0c7181a126c7f4f222caefc6ee7a61,0x0,0x101baa3f2e16f6dced9114aafeb4a9d805fce6810bb4ea3aa3b82baefe718563,4,94215841,0.0,1741112487876207,unknown_token,0.0175678875,$unknown,34,1,2025-03-04
cx7baf94bd53b505353285ee4c4c050f9703581703,hx9645117f1b0c7181a126c7f4f222caefc6ee7a61,hx0000000000000000000000000000000000000000,0x0,0x101baa3f2e16f6dced9114aafeb4a9d805fce6810bb4ea3aa3b82baefe718563,2,94215841,0.0,1741112487876207,unknown_token,0.0175678875,$unknown,17,1,2025-03-04
cx7baf94bd53b505353285ee4c4c050f9703581703,hx9645117f1b0c7181a126c7f4f222caefc6ee7a61,hx0000000000000000000000000000000000000000,0x0,0x101baa3f2e16f6dced9114aafeb4a9d805fce6810bb4ea3aa3b82baefe718563,0,94215841,0.0,1741112487876207,unknown_token,0.0175678875,$unknown,27,1,2025-03-04
cxd17316e24ee40f2ef8ed6f3a497311db1b35206d,hx9645117f1b0c7181a126c7f4f222caefc6ee7a61,hx9645117f1b0c7181a126c7f4f222caefc6ee7a61,0x0,0x08b5df76319b8494ac7a26a6610b85936ebddb3805f31088488c15fc085dca36,4,94215840,0.0,1741112486023184,unknown_token,0.018198825,$unknown,34,1,2025-03-04
cx7baf94bd53b505353285ee4c4c050f9703581703,hx9645117f1b0c7181a126c7f4f222caefc6ee7a61,hx0000000000000000000000000000000000000000,0x0,0x08b5df76319b8494ac7a26a6610b85936ebddb3805f31088488c15fc085dca36,2,94215840,0.0,1741112486023184,unknown_token,0.018198825,$unknown,23,1,2025-03-04
cx7baf94bd53b505353285ee4c4c050f9703581703,hx9645117f1b0c7181a126c7f4f222caefc6ee7a61,hx0000000000000000000000000000000000000000,0x0,0x08b5df76319b8494ac7a26a6610b85936ebddb3805f31088488c15fc085dca36,0,94215840,0.0,1741112486023184,unknown_token,0.018198825,$unknown,1,1,2025-03-04
cxd17316e24ee40f2ef8ed6f3a497311db1b35206d,hx9645117f1b0c7181a126c7f4f222caefc6ee7a61,hx9645117f1b0c7181a126c7f4f222caefc6ee7a61,0x0,0x96f9b11b19803ca000b61a8491a687d160330fc22b6810d0271c1b89c4a460e4,4,94215838,0.0,1741112481875184,unknown_token,0.0174273875,$unknown,34,1,2025-03-04
cx7baf94bd53b505353285ee4c4c050f9703581703,hx9645117f1b0c7181a126c7f4f222caefc6ee7a61,hx0000000000000000000000000000000000000000,0x0,0x96f9b11b19803ca000b61a8491a687d160330fc22b6810d0271c1b89c4a460e4,2,94215838,0.0,1741112481875184,unknown_token,0.0174273875,$unknown,18,1,2025-03-04
cx7baf94bd53b505353285ee4c4c050f9703581703,hx9645117f1b0c7181a126c7f4f222caefc6ee7a61,hx0000000000000000000000000000000000000000,0x0,0x96f9b11b19803ca000b61a8491a687d160330fc22b6810d0271c1b89c4a460e4,0,94215838,0.0,1741112481875184,unknown_token,0.0174273875,$unknown,12,1,2025-03-04
cxd17316e24ee40f2ef8ed6f3a497311db1b35206d,hx9645117f1b0c7181a126c7f4f222caefc6ee7a61,hx9645117f1b0c7181a126c7f4f222caefc6ee7a61,0x0,0x230a2981195eabc8940aecbdb75eff19fa048152bbf98dd6d409bf363f503a92,4,94215836,0.0,1741112477937919,unknown_token,0.0191836375,$unknown,34,1,2025-03-04
cx7baf94bd53b505353285ee4c4c050f9703581703,hx9645117f1b0c7181a126c7f4f222caefc6ee7a61,hx0000000000000000000000000000000000000000,0x0,0x230a2981195eabc8940aecbdb75eff19fa048152bbf98dd6d409bf363f503a92,2,94215836,0.0,1741112477937919,unknown_token,0.0191836375,$unknown,11,1,2025-03-04
cx7baf94bd53b505353285ee4c4c050f9703581703,hx9645117f1b0c7181a126c7f4f222caefc6ee7a61,hx0000000000000000000000000000000000000000,0x0,0x230a2981195eabc8940aecbdb75eff19fa048152bbf98dd6d409bf363f503a92,0,94215836,0.0,1741112477937919,unknown_token,0.0191836375,$unknown,27,1,2025-03-04
cxd17316e24ee40f2ef8ed6f3a497311db1b35206d,hx9645117f1b0c7181a126c7f4f222caefc6ee7a61,hx9645117f1b0c7181a126c7f4f222caefc6ee7a61,0x0,0x47b061c0cb8e5dfe4376b690af014a82e529f989d92c61d3b3d0a4881ef99a97,4,94215835,0.0,1741112475883687,unknown_token,0.0168653875,$unknown,34,1,2025-03-04
cx7baf94bd53b505353285ee4c4c050f9703581703,hx9645117f1b0c7181a126c7f4f222caefc6ee7a61,hx0000000000000000000000000000000000000000,0x0,0x47b061c0cb8e5dfe4376b690af014a82e529f989d92c61d3b3d0a4881ef99a97,2,94215835,0.0,1741112475883687,unknown_token,0.0168653875,$unknown,10,1,2025-03-04
cx7baf94bd53b505353285ee4c4c050f9703581703,hx9645117f1b0c7181a126c7f4f222caefc6ee7a61,hx0000000000000000000000000000000000000000,0x0,0x47b061c0cb8e5dfe4376b690af014a82e529f989d92c61d3b3d0a4881ef99a97,0,94215835,0.0,1741112475883687,unknown_token,0.0168653875,$unknown,4,1,2025-03-04
cxd17316e24ee40f2ef8ed6f3a497311db1b35206d,hx9645117f1b0c7181a126c7f4f222caefc6ee7a61,hx9645117f1b0c7181a126c7f4f222caefc6ee7a61,0x0,0xed269ffa23e55426245d874c56c4ea5f00ffe0edbd4a39d0202887851a7f895f,5,94215834,0.0,1741112473873904,unknown_token,0.019370275,$unknown,34,1,2025-03-04
cx53f8ccd5426534f82cf10cb742de033e51da72fc,hx9645117f1b0c7181a126c7f4f222caefc6ee7a61,hx0000000000000000000000000000000000000000,0x0,0xed269ffa23e55426245d874c56c4ea5f00ffe0edbd4a39d0202887851a7f895f,4,94215834,0.0,1741112473873904,unknown_token,0.019370275,$unknown,1,1,2025-03-04
cx7baf94bd53b505353285ee4c4c050f9703581703,hx9645117f1b0c7181a126c7f4f222caefc6ee7a61,hx0000000000000000000000000000000000000000,0x0,0xed269ffa23e55426245d874c56c4ea5f00ffe0edbd4a39d0202887851a7f895f,2,94215834,0.0,1741112473873904,unknown_token,0.019370275,$unknown,28,1,2025-03-04
cx7baf94bd53b505353285ee4c4c050f9703581703,hx9645117f1b0c7181a126c7f4f222caefc6ee7a61,hx0000000000000000000000000000000000000000,0x0,0xed269ffa23e55426245d874c56c4ea5f00ffe0edbd4a39d0202887851a7f895f,0,94215834,0.0,1741112473873904,unknown_token,0.019370275,$unknown,26,1,2025-03-04
cxd17316e24ee40f2ef8ed6f3a497311db1b35206d,hx9645117f1b0c7181a126c7f4f222caefc6ee7a61,hx9645117f1b0c7181a126c7f4f222caefc6ee7a61,0x0,0xb2d3b27ff8d45df15cfbbbd65010275acda5250454806198d5357a3e9ab42ba5,4,94215830,0.0,1741112465874035,unknown_token,0.0172868875,$unknown,34,1,2025-03-04
cx7baf94bd53b505353285ee4c4c050f9703581703,hx9645117f1b0c7181a126c7f4f222caefc6ee7a61,hx0000000000000000000000000000000000000000,0x0,0xb2d3b27ff8d45df15cfbbbd65010275acda5250454806198d5357a3e9ab42ba5,2,94215830,0.0,1741112465874035,unknown_token,0.0172868875,$unknown,30,1,2025-03-04
cx7baf94bd53b505353285ee4c4c050f9703581703,hx9645117f1b0c7181a126c7f4f222caefc6ee7a61,hx0000000000000000000000000000000000000000,0x0,0xb2d3b27ff8d45df15cfbbbd65010275acda5250454806198d5357a3e9ab42ba5,0,94215830,0.0,1741112465874035,unknown_token,0.0172868875,$unknown,11,1,2025-03-04
cxd17316e24ee40f2ef8ed6f3a497311db1b35206d,hx9645117f1b0c7181a126c7f4f222caefc6ee7a61,hx9645117f1b0c7181a126c7f4f222caefc6ee7a61,0x0,0x1174daf91ecddae400ed1517701a0d94c8b1e89f41fdd6eb4c85a6a2e33e35a4,4,94215829,0.0,1741112463867985,unknown_token,0.0198158875,$unknown,34,1,2025-03-04
cx7baf94bd53b505353285ee4c4c050f9703581703,hx9645117f1b0c7181a126c7f4f222caefc6ee7a61,hx0000000000000000000000000000000000000000,0x0,0x1174daf91ecddae400ed1517701a0d94c8b1e89f41fdd6eb4c85a6a2e33e35a4,2,94215829,0.0,1741112463867985,unknown_token,0.0198158875,$unknown,10,1,2025-03-04
cx7baf94bd53b505353285ee4c4c050f9703581703,hx9645117f1b0c7181a126c7f4f222caefc6ee7a61,hx0000000000000000000000000000000000000000,0x0,0x1174daf91ecddae400ed1517701a0d94c8b1e89f41fdd6eb4c85a6a2e33e35a4,0,94215829,0.0,1741112463867985,unknown_token,0.0198158875,$unknown,31,1,2025-03-04
cx88fd7df7ddff82f7cc735c871dc519838cb235bb,cx21e94c08c03daee80c25d8ee3ea22a20786ec231,hx2debd9ec927cca1639da8d3518dd9dbf1cdfb357,0x15a2dc06b031799fce,0xe3c4fd5c69fcb0367b3bc04caea91cba5f469cf6b44e1d502601b9b9563fd98e,10,94215793,399.11688763073533,1741112391854650,Balanced Dollar,0.13043795,bnUSD,0,1,2025-03-04
cx88fd7df7ddff82f7cc735c871dc519838cb235bb,cx203d9cd2a669be67177e997b8948ce2c35caffae,cx835b300dcfe01f0bdb794e134a0c5628384f4367,0x3be8fca181883c84,0xe3c4fd5c69fcb0367b3bc04caea91cba5f469cf6b44e1d502601b9b9563fd98e,7,94215793,4.316978013427744,1741112391854650,Balanced Dollar,0.13043795,bnUSD,0,1,2025-03-04
cx88fd7df7ddff82f7cc735c871dc519838cb235bb,cx5faae53c4dbd1fbe4a2eb4aab6565030f10da5c6,cx203d9cd2a669be67177e997b8948ce2c35caffae,0x5595fb2fdd9e0d50,0xe3c4fd5c69fcb0367b3bc04caea91cba5f469cf6b44e1d502601b9b9563fd98e,5,94215793,6.1671114477539195,1741112391854650,Balanced Dollar,0.13043795,bnUSD,0,1,2025-03-04
cx88fd7df7ddff82f7cc735c871dc519838cb235bb,cx5faae53c4dbd1fbe4a2eb4aab6565030f10da5c6,cxdc30a0d3a1f131565c071272a20bc0b06fd4c17b,0x5595fb2fdd9e0d4f,0xe3c4fd5c69fcb0367b3bc04caea91cba5f469cf6b44e1d502601b9b9563fd98e,4,94215793,6.1671114477539195,1741112391854650,Balanced Dollar,0.13043795,bnUSD,0,1,2025-03-04
cx88fd7df7ddff82f7cc735c871dc519838cb235bb,cxa0af3165c08318e988cb30993b3048335b94af6c,cx5faae53c4dbd1fbe4a2eb4aab6565030f10da5c6,0x851d2b646af078a,0xe3c4fd5c69fcb0367b3bc04caea91cba5f469cf6b44e1d502601b9b9563fd98e,3,94215793,0.5994919057287433,1741112391854650,Balanced Dollar,0.13043795,bnUSD,0,1,2025-03-04
cx88fd7df7ddff82f7cc735c871dc519838cb235bb,cxa0af3165c08318e988cb30993b3048335b94af6c,cx21e94c08c03daee80c25d8ee3ea22a20786ec231,0x15a2dc06b031799fce,0xe3c4fd5c69fcb0367b3bc04caea91cba5f469cf6b44e1d502601b9b9563fd98e,2,94215793,399.11688763073533,1741112391854650,Balanced Dollar,0.13043795,bnUSD,0,1,2025-03-04
cx66a031cc3bd305c76371fb586e93801b948254f0,cx21e94c08c03daee80c25d8ee3ea22a20786ec231,cxa0af3165c08318e988cb30993b3048335b94af6c,0x1158e460913d00000,0xe3c4fd5c69fcb0367b3bc04caea91cba5f469cf6b44e1d502601b9b9563fd98e,1,94215793,20.0,1741112391854650,Avalanche,0.13043795,AVAX,0,1,2025-03-04
cx66a031cc3bd305c76371fb586e93801b948254f0,hx2debd9ec927cca1639da8d3518dd9dbf1cdfb357,cx21e94c08c03daee80c25d8ee3ea22a20786ec231,0x1158e460913d00000,0xe3c4fd5c69fcb0367b3bc04caea91cba5f469cf6b44e1d502601b9b9563fd98e,0,94215793,20.0,1741112391854650,Avalanche,0.13043795,AVAX,0,1,2025-03-04
cxd17316e24ee40f2ef8ed6f3a497311db1b35206d,hx9645117f1b0c7181a126c7f4f222caefc6ee7a61,hx9645117f1b0c7181a126c7f4f222caefc6ee7a61,0x0,0xd135e3357558c10af6481c98287f9a060bb967d64b32b7ae9a7ecde48d82b8ed,4,94215785,0.0,1741112375849544,unknown_token,0.0200968875,$unknown,34,1,2025-03-04
cx7baf94bd53b505353285ee4c4c050f9703581703,hx9645117f1b0c7181a126c7f4f222caefc6ee7a61,hx0000000000000000000000000000000000000000,0x0,0xd135e3357558c10af6481c98287f9a060bb967d64b32b7ae9a7ecde48d82b8ed,2,94215785,0.0,1741112375849544,unknown_token,0.0200968875,$unknown,26,1,2025-03-04
cx7baf94bd53b505353285ee4c4c050f9703581703,hx9645117f1b0c7181a126c7f4f222caefc6ee7a61,hx0000000000000000000000000000000000000000,0x0,0xd135e3357558c10af6481c98287f9a060bb967d64b32b7ae9a7ecde48d82b8ed,0,94215785,0.0,1741112375849544,unknown_token,0.0200968875,$unknown,32,1,2025-03-04
cxd17316e24ee40f2ef8ed6f3a497311db1b35206d,hx9645117f1b0c7181a126c7f4f222caefc6ee7a61,hx9645117f1b0c7181a126c7f4f222caefc6ee7a61,0x0,0x6e8c534a82be9fc143a6533e439b1e67c161f4a398727be76ebb3cf601256e42,4,94215783,0.0,1741112371843494,unknown_token,0.0203076375,$unknown,34,1,2025-03-04
cx7baf94bd53b505353285ee4c4c050f9703581703,hx9645117f1b0c7181a126c7f4f222caefc6ee7a61,hx0000000000000000000000000000000000000000,0x0,0x6e8c534a82be9fc143a6533e439b1e67c161f4a398727be76ebb3cf601256e42,2,94215783,0.0,1741112371843494,unknown_token,0.0203076375,$unknown,27,1,2025-03-04
cx7baf94bd53b505353285ee4c4c050f9703581703,hx9645117f1b0c7181a126c7f4f222caefc6ee7a61,hx0000000000000000000000000000000000000000,0x0,0x6e8c534a82be9fc143a6533e439b1e67c161f4a398727be76ebb3cf601256e42,0,94215783,0.0,1741112371843494,unknown_token,0.0203076375,$unknown,31,1,2025-03-04
cxd17316e24ee40f2ef8ed6f3a497311db1b35206d,hx9645117f1b0c7181a126c7f4f222caefc6ee7a61,hx9645117f1b0c7181a126c7f4f222caefc6ee7a61,0x0,0x3ee8310719eb0b67c4a6f448aae7902e74c69d21150fcc11943d7eb26f968889,5,94215781,0.0,1741112367831330,unknown_token,0.0197228375,$unknown,34,1,2025-03-04
cx53f8ccd5426534f82cf10cb742de033e51da72fc,hx9645117f1b0c7181a126c7f4f222caefc6ee7a61,hx0000000000000000000000000000000000000000,0x0,0x3ee8310719eb0b67c4a6f448aae7902e74c69d21150fcc11943d7eb26f968889,4,94215781,0.0,1741112367831330,unknown_token,0.0197228375,$unknown,5,1,2025-03-04
cx7baf94bd53b505353285ee4c4c050f9703581703,hx9645117f1b0c7181a126c7f4f222caefc6ee7a61,hx0000000000000000000000000000000000000000,0x0,0x3ee8310719eb0b67c4a6f448aae7902e74c69d21150fcc11943d7eb26f968889,2,94215781,0.0,1741112367831330,unknown_token,0.0197228375,$unknown,22,1,2025-03-04
cx7baf94bd53b505353285ee4c4c050f9703581703,hx9645117f1b0c7181a126c7f4f222caefc6ee7a61,hx0000000000000000000000000000000000000000,0x0,0x3ee8310719eb0b67c4a6f448aae7902e74c69d21150fcc11943d7eb26f968889,0,94215781,0.0,1741112367831330,unknown_token,0.0197228375,$unknown,21,1,2025-03-04
cxd17316e24ee40f2ef8ed6f3a497311db1b35206d,hx9645117f1b0c7181a126c7f4f222caefc6ee7a61,hx9645117f1b0c7181a126c7f4f222caefc6ee7a61,0x0,0x565e0f8b509093e4f0bd739572243e1112606c52acb4e86c7b2704b8c358fefa,4,94215779,0.0,1741112363834695,unknown_token,0.0163736375,$unknown,34,1,2025-03-04
cx7baf94bd53b505353285ee4c4c050f9703581703,hx9645117f1b0c7181a126c7f4f222caefc6ee7a61,hx0000000000000000000000000000000000000000,0x0,0x565e0f8b509093e4f0bd739572243e1112606c52acb4e86c7b2704b8c358fefa,2,94215779,0.0,1741112363834695,unknown_token,0.0163736375,$unknown,15,1,2025-03-04
cx7baf94bd53b505353285ee4c4c050f9703581703,hx9645117f1b0c7181a126c7f4f222caefc6ee7a61,hx0000000000000000000000000000000000000000,0x0,0x565e0f8b509093e4f0bd739572243e1112606c52acb4e86c7b2704b8c358fefa,0,94215779,0.0,1741112363834695,unknown_token,0.0163736375,$unknown,9,1,2025-03-04
cxd17316e24ee40f2ef8ed6f3a497311db1b35206d,hx9645117f1b0c7181a126c7f4f222caefc6ee7a61,hx9645117f1b0c7181a126c7f4f222caefc6ee7a61,0x0,0xa741ed063c3f6b3458eda39f1a060ab6ee8b5e253f3d596dd12d009a58960e70,5,94215777,0.0,1741112359831546,unknown_token,0.0193013375,$unknown,34,1,2025-03-04
cx53f8ccd5426534f82cf10cb742de033e51da72fc,hx9645117f1b0c7181a126c7f4f222caefc6ee7a61,hx0000000000000000000000000000000000000000,0x0,0xa741ed063c3f6b3458eda39f1a060ab6ee8b5e253f3d596dd12d009a58960e70,4,94215777,0.0,1741112359831546,unknown_token,0.0193013375,$unknown,1,1,2025-03-04
cx7baf94bd53b505353285ee4c4c050f9703581703,hx9645117f1b0c7181a126c7f4f222caefc6ee7a61,hx0000000000000000000000000000000000000000,0x0,0xa741ed063c3f6b3458eda39f1a060ab6ee8b5e253f3d596dd12d009a58960e70,2,94215777,0.0,1741112359831546,unknown_token,0.0193013375,$unknown,15,1,2025-03-04
cx7baf94bd53b505353285ee4c4c050f9703581703,hx9645117f1b0c7181a126c7f4f222caefc6ee7a61,hx0000000000000000000000000000000000000000,0x0,0xa741ed063c3f6b3458eda39f1a060ab6ee8b5e253f3d596dd12d009a58960e70,0,94215777,0.0,1741112359831546,unknown_token,0.0193013375,$unknown,26,1,2025-03-04
cxd17316e24ee40f2ef8ed6f3a497311db1b35206d,hx9645117f1b0c7181a126c7f4f222caefc6ee7a61,hx9645117f1b0c7181a126c7f4f222caefc6ee7a61,0x0,0xd09eeeaf230cd0a18b3be9885c77bb88b4e2645ff0a3a015b8666e1784a339f1,4,94215776,0.0,1741112357833019,unknown_token,0.0182001375,$unknown,34,1,2025-03-04
cx7baf94bd53b505353285ee4c4c050f9703581703,hx9645117f1b0c7181a126c7f4f222caefc6ee7a61,hx0000000000000000000000000000000000000000,0x0,0xd09eeeaf230cd0a18b3be9885c77bb88b4e2645ff0a3a015b8666e1784a339f1,2,94215776,0.0,1741112357833019,unknown_token,0.0182001375,$unknown,17,1,2025-03-04
cx7baf94bd53b505353285ee4c4c050f9703581703,hx9645117f1b0c7181a126c7f4f222caefc6ee7a61,hx0000000000000000000000000000000000000000,0x0,0xd09eeeaf230cd0a18b3be9885c77bb88b4e2645ff0a3a015b8666e1784a339f1,0,94215776,0.0,1741112357833019,unknown_token,0.0182001375,$unknown,21,1,2025-03-04
cxd17316e24ee40f2ef8ed6f3a497311db1b35206d,hx9645117f1b0c7181a126c7f4f222caefc6ee7a61,hx9645117f1b0c7181a126c7f4f222caefc6ee7a61,0x0,0xa129eb832cfc26a1f58cdc9bd4dadf3b45fc0970d1cb95aa137c54b0fc794683,5,94215774,0.0,1741112353830860,unknown_token,0.0197930875,$unknown,34,1,2025-03-04
cx53f8ccd5426534f82cf10cb742de033e51da72fc,hx9645117f1b0c7181a126c7f4f222caefc6ee7a61,hx0000000000000000000000000000000000000000,0x0,0xa129eb832cfc26a1f58cdc9bd4dadf3b45fc0970d1cb95aa137c54b0fc794683,4,94215774,0.0,1741112353830860,unknown_token,0.0197930875,$unknown,3,1,2025-03-04
cx7baf94bd53b505353285ee4c4c050f9703581703,hx9645117f1b0c7181a126c7f4f222caefc6ee7a61,hx0000000000000000000000000000000000000000,0x0,0xa129eb832cfc26a1f58cdc9bd4dadf3b45fc0970d1cb95aa137c54b0fc794683,2,94215774,0.0,1741112353830860,unknown_token,0.0197930875,$unknown,26,1,2025-03-04
cx7baf94bd53b505353285ee4c4c050f9703581703,hx9645117f1b0c7181a126c7f4f222caefc6ee7a61,hx0000000000000000000000000000000000000000,0x0,0xa129eb832cfc26a1f58cdc9bd4dadf3b45fc0970d1cb95aa137c54b0fc794683,0,94215774,0.0,1741112353830860,unknown_token,0.0197930875,$unknown,17,1,2025-03-04
cxd17316e24ee40f2ef8ed6f3a497311db1b35206d,hx9645117f1b0c7181a126c7f4f222caefc6ee7a61,hx9645117f1b0c7181a126c7f4f222caefc6ee7a61,0x0,0x367e4027db270b9b240aaf69c47d93de424db5d1744198f4924fc8a5d727ed21,4,94215773,0.0,1741112351828204,unknown_token,0.0164438875,$unknown,34,1,2025-03-04
cx7baf94bd53b505353285ee4c4c050f9703581703,hx9645117f1b0c7181a126c7f4f222caefc6ee7a61,hx0000000000000000000000000000000000000000,0x0,0x367e4027db270b9b240aaf69c47d93de424db5d1744198f4924fc8a5d727ed21,2,94215773,0.0,1741112351828204,unknown_token,0.0164438875,$unknown,27,1,2025-03-04
cx7baf94bd53b505353285ee4c4c050f9703581703,hx9645117f1b0c7181a126c7f4f222caefc6ee7a61,hx0000000000000000000000000000000000000000,0x0,0x367e4027db270b9b240aaf69c47d93de424db5d1744198f4924fc8a5d727ed21,0,94215773,0.0,1741112351828204,unknown_token,0.0164438875,$unknown,32,1,2025-03-04
cxd17316e24ee40f2ef8ed6f3a497311db1b35206d,hx9645117f1b0c7181a126c7f4f222caefc6ee7a61,hx9645117f1b0c7181a126c7f4f222caefc6ee7a61,0x0,0x0f17b99acba73cccc9a52d1fc76c3a144601c41bfd235e8515511cbd30ff9345,4,94215771,0.0,1741112347834303,unknown_token,0.0185513875,$unknown,34,1,2025-03-04
cx7baf94bd53b505353285ee4c4c050f9703581703,hx9645117f1b0c7181a126c7f4f222caefc6ee7a61,hx0000000000000000000000000000000000000000,0x0,0x0f17b99acba73cccc9a52d1fc76c3a144601c41bfd235e8515511cbd30ff9345,2,94215771,0.0,1741112347834303,unknown_token,0.0185513875,$unknown,1,1,2025-03-04
cx7baf94bd53b505353285ee4c4c050f9703581703,hx9645117f1b0c7181a126c7f4f222caefc6ee7a61,hx0000000000000000000000000000000000000000,0x0,0x0f17b99acba73cccc9a52d1fc76c3a144601c41bfd235e8515511cbd30ff9345,0,94215771,0.0,1741112347834303,unknown_token,0.0185513875,$unknown,22,1,2025-03-04
cxd17316e24ee40f2ef8ed6f3a497311db1b35206d,hx9645117f1b0c7181a126c7f4f222caefc6ee7a61,hx9645117f1b0c7181a126c7f4f222caefc6ee7a61,0x0,0xcf56538976a1b6b9166193890aa552619bf82d7cf50eaa5022e687353991080f,5,94215749,0.0,1741112303807579,unknown_token,0.019932275,$unknown,34,1,2025-03-04
cx53f8ccd5426534f82cf10cb742de033e51da72fc,hx9645117f1b0c7181a126c7f4f222caefc6ee7a61,hx0000000000000000000000000000000000000000,0x0,0xcf56538976a1b6b9166193890aa552619bf82d7cf50eaa5022e687353991080f,4,94215749,0.0,1741112303807579,unknown_token,0.019932275,$unknown,2,1,2025-03-04
cx7baf94bd53b505353285ee4c4c050f9703581703,hx9645117f1b0c7181a126c7f4f222caefc6ee7a61,hx0000000000000000000000000000000000000000,0x0,0xcf56538976a1b6b9166193890aa552619bf82d7cf50eaa5022e687353991080f,2,94215749,0.0,1741112303807579,unknown_token,0.019932275,$unknown,28,1,2025-03-04
cx7baf94bd53b505353285ee4c4c050f9703581703,hx9645117f1b0c7181a126c7f4f222caefc6ee7a61,hx0000000000000000000000000000000000000000,0x0,0xcf56538976a1b6b9166193890aa552619bf82d7cf50eaa5022e687353991080f,0,94215749,0.0,1741112303807579,unknown_token,0.019932275,$unknown,26,1,2025-03-04
cx2609b924e33ef00b648a409245c7ea394c467824,hxd2e221b2fddfe0b4ffeda89bde1da651d073fcd6,cx66d4d90f5f113eba575bf793570135f9b10cece1,0x2cee6991b057088ae,0x45dffc101926dee654614a52cf517274ca7c1bf8ac91506ee9a440b04a81b45b,1,94215736,51.80226010521014,1741112277874518,Staked ICX,0.09525975,sICX,0,1,2025-03-04
cx88fd7df7ddff82f7cc735c871dc519838cb235bb,cx21e94c08c03daee80c25d8ee3ea22a20786ec231,hx2debd9ec927cca1639da8d3518dd9dbf1cdfb357,0x15b5130f127ac764c0,0xdd91d114f8d3742c058dc6855feaefa5c49334d82737cda0f137969631869f69,5,94215734,400.4294146653668,1741112273800650,Balanced Dollar,0.08831855,bnUSD,0,2,2025-03-04
cx88fd7df7ddff82f7cc735c871dc519838cb235bb,cxa0af3165c08318e988cb30993b3048335b94af6c,cx5faae53c4dbd1fbe4a2eb4aab6565030f10da5c6,0x858d24856c5539f,0xdd91d114f8d3742c058dc6855feaefa5c49334d82737cda0f137969631869f69,3,94215734,0.601461758389212,1741112273800650,Balanced Dollar,0.08831855,bnUSD,0,2,2025-03-04
cx88fd7df7ddff82f7cc735c871dc519838cb235bb,cxa0af3165c08318e988cb30993b3048335b94af6c,cx21e94c08c03daee80c25d8ee3ea22a20786ec231,0x15b5130f127ac764c0,0xdd91d114f8d3742c058dc6855feaefa5c49334d82737cda0f137969631869f69,2,94215734,400.4294146653668,1741112273800650,Balanced Dollar,0.08831855,bnUSD,0,2,2025-03-04
cx66a031cc3bd305c76371fb586e93801b948254f0,cx21e94c08c03daee80c25d8ee3ea22a20786ec231,cxa0af3165c08318e988cb30993b3048335b94af6c,0x1158e460913d00000,0xdd91d114f8d3742c058dc6855feaefa5c49334d82737cda0f137969631869f69,1,94215734,20.0,1741112273800650,Avalanche,0.08831855,AVAX,0,2,2025-03-04
cx66a031cc3bd305c76371fb586e93801b948254f0,hx2debd9ec927cca1639da8d3518dd9dbf1cdfb357,cx21e94c08c03daee80c25d8ee3ea22a20786ec231,0x1158e460913d00000,0xdd91d114f8d3742c058dc6855feaefa5c49334d82737cda0f137969631869f69,0,94215734,20.0,1741112273800650,Avalanche,0.08831855,AVAX,0,2,2025-03-04
cx2609b924e33ef00b648a409245c7ea394c467824,cx21e94c08c03daee80c25d8ee3ea22a20786ec231,hxd2e221b2fddfe0b4ffeda89bde1da651d073fcd6,0x2cee6991b057088ae,0x7609b7f658d336e6114862d39b0f8fa8a8b0f8cd14eeb6624638870c51229744,5,94215728,51.80226010521014,1741112261795186,Staked ICX,0.1103325375,sICX,0,1,2025-03-04
cx88fd7df7ddff82f7cc735c871dc519838cb235bb,cxa0af3165c08318e988cb30993b3048335b94af6c,cx5faae53c4dbd1fbe4a2eb4aab6565030f10da5c6,0x27197afd8b4c72,0x7609b7f658d336e6114862d39b0f8fa8a8b0f8cd14eeb6624638870c51229744,3,94215728,0.011005540122184817,1741112261795186,Balanced Dollar,0.1103325375,bnUSD,0,1,2025-03-04
cx2609b924e33ef00b648a409245c7ea394c467824,cxa0af3165c08318e988cb30993b3048335b94af6c,cx21e94c08c03daee80c25d8ee3ea22a20786ec231,0x2cee6991b057088ae,0x7609b7f658d336e6114862d39b0f8fa8a8b0f8cd14eeb6624638870c51229744,2,94215728,51.80226010521014,1741112261795186,Staked ICX,0.1103325375,sICX,0,1,2025-03-04
cx88fd7df7ddff82f7cc735c871dc519838cb235bb,cx21e94c08c03daee80c25d8ee3ea22a20786ec231,cxa0af3165c08318e988cb30993b3048335b94af6c,0x65d25af4456c6a3c,0x7609b7f658d336e6114862d39b0f8fa8a8b0f8cd14eeb6624638870c51229744,1,94215728,7.337026748123212,1741112261795186,Balanced Dollar,0.1103325375,bnUSD,0,1,2025-03-04
cx88fd7df7ddff82f7cc735c871dc519838cb235bb,hxd2e221b2fddfe0b4ffeda89bde1da651d073fcd6,cx21e94c08c03daee80c25d8ee3ea22a20786ec231,0x65d25af4456c6a3c,0x7609b7f658d336e6114862d39b0f8fa8a8b0f8cd14eeb6624638870c51229744,0,94215728,7.337026748123212,1741112261795186,Balanced Dollar,0.1103325375,bnUSD,0,1,2025-03-04
cx88fd7df7ddff82f7cc735c871dc519838cb235bb,hx256bc15ee1ded70f478fb07fec5f3c13d66aa619,hxd2e221b2fddfe0b4ffeda89bde1da651d073fcd6,0x65d25af4456c6a3c,0x36f96aae71d4f0a4ec6141e26432d1285883b4e64a9927904f430b7884923d5c,0,94215696,7.337026748123212,1741112197778664,Balanced Dollar,0.010157775,bnUSD,0,1,2025-03-04
cx88fd7df7ddff82f7cc735c871dc519838cb235bb,hx4dc7903504bb800a462378348a42f53742759e0b,hx385a695da4288bf7d70df14d1201e832c2bcf2a6,0x3cb71f51fc5580000,0x7eb5073c5c8a85d25dc68f9e7de8b54b9188966e7227926409b6ee20d1e4a80b,0,94215692,70.0,1741112189967648,Balanced Dollar,0.01017465,bnUSD,0,1,2025-03-04
cx88fd7df7ddff82f7cc735c871dc519838cb235bb,cxa0af3165c08318e988cb30993b3048335b94af6c,cx5faae53c4dbd1fbe4a2eb4aab6565030f10da5c6,0x28accff7a268d06,0x0fd6b0c4f458fc57574ca91597bab0d1b44866c659f8852e68f729fcdcf112d6,2,94215689,0.1831841325,1741112183946345,Balanced Dollar,0.0460587125,bnUSD,0,1,2025-03-04
cx508002ec116fbf3ab406329c0df28e70d7e75fb3,cxa0af3165c08318e988cb30993b3048335b94af6c,hxd75467e3e4ce64e3424c747dfb71503017440433,0xbb171f3c6,0x0fd6b0c4f458fc57574ca91597bab0d1b44866c659f8852e68f729fcdcf112d6,1,94215689,50.221675462,1741112183946345,Sui,0.0460587125,SUI,0,1,2025-03-04
cx88fd7df7ddff82f7cc735c871dc519838cb235bb,hxd75467e3e4ce64e3424c747dfb71503017440433,cxa0af3165c08318e988cb30993b3048335b94af6c,0x69ecb2ea36f0f4000,0x0fd6b0c4f458fc57574ca91597bab0d1b44866c659f8852e68f729fcdcf112d6,0,94215689,122.122755,1741112183946345,Balanced Dollar,0.0460587125,bnUSD,0,1,2025-03-04
cx88fd7df7ddff82f7cc735c871dc519838cb235bb,cxa0af3165c08318e988cb30993b3048335b94af6c,cx5faae53c4dbd1fbe4a2eb4aab6565030f10da5c6,0xeae22b43d81800,0x456a73d2c51da30e8f10734354121dfe92c478fd73c5c17229a1962f7f6798bb,2,94215684,0.06611382,1741112173769528,Balanced Dollar,0.0563627125,bnUSD,0,1,2025-03-04
cx4297f4b63262507623b6ad575d0d8dd2db980e4e,cxa0af3165c08318e988cb30993b3048335b94af6c,hxd75467e3e4ce64e3424c747dfb71503017440433,0x37c0fa67e5adc5c8,0x456a73d2c51da30e8f10734354121dfe92c478fd73c5c17229a1962f7f6798bb,1,94215684,4.017486191756428,1741112173769528,Injective,0.0563627125,INJ,0,1,2025-03-04
cx88fd7df7ddff82f7cc735c871dc519838cb235bb,hxd75467e3e4ce64e3424c747dfb71503017440433,cxa0af3165c08318e988cb30993b3048335b94af6c,0x263acfb5602be8000,0x456a73d2c51da30e8f10734354121dfe92c478fd73c5c17229a1962f7f6798bb,0,94215684,44.07588,1741112173769528,Balanced Dollar,0.0563627125,bnUSD,0,1,2025-03-04
cx88fd7df7ddff82f7cc735c871dc519838cb235bb,hx0000000000000000000000000000000000000000,cx5faae53c4dbd1fbe4a2eb4aab6565030f10da5c6,0x3421f9520f1098,0x6efd4b5d1c2de03513368fd51e1233c557c1b3d7912f117fabd6abba32b768b0,3,94215680,0.014674053496246424,1741112165760973,Balanced Dollar,0.10496845,bnUSD,0,1,2025-03-04
cx88fd7df7ddff82f7cc735c871dc519838cb235bb,cx66d4d90f5f113eba575bf793570135f9b10cece1,hx256bc15ee1ded70f478fb07fec5f3c13d66aa619,0x65d25af4456c6a3c,0x6efd4b5d1c2de03513368fd51e1233c557c1b3d7912f117fabd6abba32b768b0,1,94215680,7.337026748123212,1741112165760973,Balanced Dollar,0.10496845,bnUSD,0,1,2025-03-04
cx88fd7df7ddff82f7cc735c871dc519838cb235bb,hx0000000000000000000000000000000000000000,cx66d4d90f5f113eba575bf793570135f9b10cece1,0x65d25af4456c6a3c,0x6efd4b5d1c2de03513368fd51e1233c557c1b3d7912f117fabd6abba32b768b0,0,94215680,7.337026748123212,1741112165760973,Balanced Dollar,0.10496845,bnUSD,0,1,2025-03-04
cx2609b924e33ef00b648a409245c7ea394c467824,hx256bc15ee1ded70f478fb07fec5f3c13d66aa619,cx66d4d90f5f113eba575bf793570135f9b10cece1,0x23e434ac265aa0000,0xf818d5eadffe8b4ec56084108a5d952a448ec19cf2b6d2a56ef8d8c6475200fc,1,94215673,41.38,1741112151762263,Staked ICX,0.0952824375,sICX,0,1,2025-03-04
cx88fd7df7ddff82f7cc735c871dc519838cb235bb,cxa0af3165c08318e988cb30993b3048335b94af6c,cx5faae53c4dbd1fbe4a2eb4aab6565030f10da5c6,0xeaaba7656fb000,0xc136015276d82f0cfd0051887f1e889cfb8cc2a6860741c290e3d72bc90f3ded,2,94215663,0.06605388,1741112131741558,Balanced Dollar,0.0563627125,bnUSD,0,1,2025-03-04
cx4297f4b63262507623b6ad575d0d8dd2db980e4e,cxa0af3165c08318e988cb30993b3048335b94af6c,hxd75467e3e4ce64e3424c747dfb71503017440433,0x37bad7b9ba64060a,0xc136015276d82f0cfd0051887f1e889cfb8cc2a6860741c290e3d72bc90f3ded,1,94215663,4.015759210450257,1741112131741558,Injective,0.0563627125,INJ,0,1,2025-03-04
cx88fd7df7ddff82f7cc735c871dc519838cb235bb,hxd75467e3e4ce64e3424c747dfb71503017440433,cxa0af3165c08318e988cb30993b3048335b94af6c,0x2631f03ed7d850000,0xc136015276d82f0cfd0051887f1e889cfb8cc2a6860741c290e3d72bc90f3ded,0,94215663,44.03592,1741112131741558,Balanced Dollar,0.0563627125,bnUSD,0,1,2025-03-04
cx88fd7df7ddff82f7cc735c871dc519838cb235bb,cxa0af3165c08318e988cb30993b3048335b94af6c,cx5faae53c4dbd1fbe4a2eb4aab6565030f10da5c6,0x155bbabfc0017f3,0x1570fea94cb0c9966ee887b81a9e44c33164204ead6c0de250b217cb50fd7398,2,94215658,0.09618931439999999,1741112121736038,Balanced Dollar,0.056400425,bnUSD,0,1,2025-03-04
cx288d13e1b63563459a2ac6179f237711f6851cb5,cxa0af3165c08318e988cb30993b3048335b94af6c,hxd75467e3e4ce64e3424c747dfb71503017440433,0x6afb2b22cdee89,0x1570fea94cb0c9966ee887b81a9e44c33164204ead6c0de250b217cb50fd7398,1,94215658,0.03011251021741633,1741112121736038,Ethereum,0.056400425,ETH,0,1,2025-03-04
cx88fd7df7ddff82f7cc735c871dc519838cb235bb,hxd75467e3e4ce64e3424c747dfb71503017440433,cxa0af3165c08318e988cb30993b3048335b94af6c,0x379ee0fe0403e6000,0x1570fea94cb0c9966ee887b81a9e44c33164204ead6c0de250b217cb50fd7398,0,94215658,64.1262096,1741112121736038,Balanced Dollar,0.056400425,bnUSD,0,1,2025-03-04
cx2609b924e33ef00b648a409245c7ea394c467824,hx1adc2b41608d81704d775ff143f43ab6efe0d792,hx256bc15ee1ded70f478fb07fec5f3c13d66aa619,0x23e5003c91370d2ec,0x3f46d5afbe51ae04316be642013560b0df61fed6ae5b0cd5115de6999662539a,0,94215655,41.38358113805696,1741112115733478,Staked ICX,0.01913855,sICX,0,1,2025-03-04
cx88fd7df7ddff82f7cc735c871dc519838cb235bb,cxd82fb5d3effecd8c9071a4bba3856ad7222c4b91,hxd75467e3e4ce64e3424c747dfb71503017440433,0x3635c9adc5dea00000,0xd92a39d1b4fca2315f9fff715528fc7869490298bc95137b947ecb46e38a7656,0,94215652,1000.0,1741112109733658,Balanced Dollar,0.02068825,bnUSD,0,1,2025-03-04
cx88fd7df7ddff82f7cc735c871dc519838cb235bb,cxa0af3165c08318e988cb30993b3048335b94af6c,cx5faae53c4dbd1fbe4a2eb4aab6565030f10da5c6,0x15586edae6bb876,0x0d618f428cc63c745bb047a4149fada10eab750a987d8b603dce85f9e44ef843,2,94215631,0.09613132244999999,1741112067734316,Balanced Dollar,0.056400425,bnUSD,0,1,2025-03-04
cx288d13e1b63563459a2ac6179f237711f6851cb5,cxa0af3165c08318e988cb30993b3048335b94af6c,hxd75467e3e4ce64e3424c747dfb71503017440433,0x6af27f053c877c,0x0d618f428cc63c745bb047a4149fada10eab750a987d8b603dce85f9e44ef843,1,94215631,0.030102974893950845,1741112067734316,Ethereum,0.056400425,ETH,0,1,2025-03-04
cx88fd7df7ddff82f7cc735c871dc519838cb235bb,hxd75467e3e4ce64e3424c747dfb71503017440433,cxa0af3165c08318e988cb30993b3048335b94af6c,0x37964b5a0e3306000,0x0d618f428cc63c745bb047a4149fada10eab750a987d8b603dce85f9e44ef843,0,94215631,64.0875483,1741112067734316,Balanced Dollar,0.056400425,bnUSD,0,1,2025-03-04
cx88fd7df7ddff82f7cc735c871dc519838cb235bb,cxa0af3165c08318e988cb30993b3048335b94af6c,cx5faae53c4dbd1fbe4a2eb4aab6565030f10da5c6,0xeaaba7656fb000,0xacf011728007428540f21f6dc4fc193250cf023d55b63584b8705a64bde05937,2,94215624,0.06605388,1741112053715704,Balanced Dollar,0.0563627125,bnUSD,0,1,2025-03-04
cx4297f4b63262507623b6ad575d0d8dd2db980e4e,cxa0af3165c08318e988cb30993b3048335b94af6c,hxd75467e3e4ce64e3424c747dfb71503017440433,0x37c1a62dddef8468,0xacf011728007428540f21f6dc4fc193250cf023d55b63584b8705a64bde05937,1,94215624,4.017675058518394,1741112053715704,Injective,0.0563627125,INJ,0,1,2025-03-04
cx88fd7df7ddff82f7cc735c871dc519838cb235bb,hxd75467e3e4ce64e3424c747dfb71503017440433,cxa0af3165c08318e988cb30993b3048335b94af6c,0x2631f03ed7d850000,0xacf011728007428540f21f6dc4fc193250cf023d55b63584b8705a64bde05937,0,94215624,44.03592,1741112053715704,Balanced Dollar,0.0563627125,bnUSD,0,1,2025-03-04
cx88fd7df7ddff82f7cc735c871dc519838cb235bb,cxa0af3165c08318e988cb30993b3048335b94af6c,cx5faae53c4dbd1fbe4a2eb4aab6565030f10da5c6,0x155499954364370,0x4f80010afef76d0db75f9ca8ca65a4265f4e4eb7e6d09f0d8ebf8e5d11f52c88,2,94215613,0.09606388994999998,1741112031706741,Balanced Dollar,0.056400425,bnUSD,0,1,2025-03-04
cx288d13e1b63563459a2ac6179f237711f6851cb5,cxa0af3165c08318e988cb30993b3048335b94af6c,hxd75467e3e4ce64e3424c747dfb71503017440433,0x6ae71f8878d81a,0x4f80010afef76d0db75f9ca8ca65a4265f4e4eb7e6d09f0d8ebf8e5d11f52c88,1,94215613,0.030090470150952987,1741112031706741,Ethereum,0.056400425,ETH,0,1,2025-03-04
cx88fd7df7ddff82f7cc735c871dc519838cb235bb,hxd75467e3e4ce64e3424c747dfb71503017440433,cxa0af3165c08318e988cb30993b3048335b94af6c,0x378c4ff4b4d4fa000,0x4f80010afef76d0db75f9ca8ca65a4265f4e4eb7e6d09f0d8ebf8e5d11f52c88,0,94215613,64.0425933,1741112031706741,Balanced Dollar,0.056400425,bnUSD,0,1,2025-03-04
cx88fd7df7ddff82f7cc735c871dc519838cb235bb,cxa0af3165c08318e988cb30993b3048335b94af6c,cx5faae53c4dbd1fbe4a2eb4aab6565030f10da5c6,0x289bc6c221c8506,0x33e44967823e080a7f498698af173c463a8578a83578f1362e4308654617680d,2,94215606,0.1828844325,1741112017704688,Balanced Dollar,0.0460614,bnUSD,0,1,2025-03-04
cx508002ec116fbf3ab406329c0df28e70d7e75fb3,cxa0af3165c08318e988cb30993b3048335b94af6c,hxd75467e3e4ce64e3424c747dfb71503017440433,0xbafc15224,0x33e44967823e080a7f498698af173c463a8578a83578f1362e4308654617680d,1,94215606,50.193322532,1741112017704688,Sui,0.0460614,SUI,0,1,2025-03-04
cx88fd7df7ddff82f7cc735c871dc519838cb235bb,hxd75467e3e4ce64e3424c747dfb71503017440433,cxa0af3165c08318e988cb30993b3048335b94af6c,0x69c055998d4efc000,0x33e44967823e080a7f498698af173c463a8578a83578f1362e4308654617680d,0,94215606,121.922955,1741112017704688,Balanced Dollar,0.0460614,bnUSD,0,1,2025-03-04
cx07b184a37f03c6ab681fcbd0b45aec6dc3eafbeb,cx21e94c08c03daee80c25d8ee3ea22a20786ec231,hx970eda4988e547df0de8324226fdf3e8ebc9734f,0x2386f26fc10001,0xe97f25d6728413f8f58e1c95f00da06ebe676bfaf84f7d197db976d453f64762,5,94215604,0.01,1741112013700119,Bitcoin,0.0860043875,BTC,0,1,2025-03-04
cx88fd7df7ddff82f7cc735c871dc519838cb235bb,cxa0af3165c08318e988cb30993b3048335b94af6c,cx5faae53c4dbd1fbe4a2eb4aab6565030f10da5c6,0x11cbe73da6a9e728,0xe97f25d6728413f8f58e1c95f00da06ebe676bfaf84f7d197db976d453f64762,3,94215604,1.282372770892212,1741112013700119,Balanced Dollar,0.0860043875,bnUSD,0,1,2025-03-04
cx07b184a37f03c6ab681fcbd0b45aec6dc3eafbeb,cxa0af3165c08318e988cb30993b3048335b94af6c,cx21e94c08c03daee80c25d8ee3ea22a20786ec231,0x2386f26fc10001,0xe97f25d6728413f8f58e1c95f00da06ebe676bfaf84f7d197db976d453f64762,2,94215604,0.01,1741112013700119,Bitcoin,0.0860043875,BTC,0,1,2025-03-04
cx88fd7df7ddff82f7cc735c871dc519838cb235bb,cx21e94c08c03daee80c25d8ee3ea22a20786ec231,cxa0af3165c08318e988cb30993b3048335b94af6c,0x2e5854db375a74a345,0xe97f25d6728413f8f58e1c95f00da06ebe676bfaf84f7d197db976d453f64762,1,94215604,854.915180594808,1741112013700119,Balanced Dollar,0.0860043875,bnUSD,0,1,2025-03-04
cx88fd7df7ddff82f7cc735c871dc519838cb235bb,hx970eda4988e547df0de8324226fdf3e8ebc9734f,cx21e94c08c03daee80c25d8ee3ea22a20786ec231,0x2e5854db375a74a345,0xe97f25d6728413f8f58e1c95f00da06ebe676bfaf84f7d197db976d453f64762,0,94215604,854.915180594808,1741112013700119,Balanced Dollar,0.0860043875,bnUSD,0,1,2025-03-04
cx88fd7df7ddff82f7cc735c871dc519838cb235bb,cx21e94c08c03daee80c25d8ee3ea22a20786ec231,hx385a695da4288bf7d70df14d1201e832c2bcf2a6,0x925e06eec972b00000,0xc1557f51c19e98d27efddfe8f22f3913538bc697dd80b946ad8308b7f5910977,6,94215602,2700.0,1741112009697457,Balanced Dollar,0.078060675,bnUSD,0,1,2025-03-04
cx88fd7df7ddff82f7cc735c871dc519838cb235bb,cxa09dbb60dcb62fffbd232b6eae132d730a2aafa6,cx21e94c08c03daee80c25d8ee3ea22a20786ec231,0x925e06eec972b00000,0xc1557f51c19e98d27efddfe8f22f3913538bc697dd80b946ad8308b7f5910977,5,94215602,2700.0,1741112009697457,Balanced Dollar,0.078060675,bnUSD,0,1,2025-03-04
cx88fd7df7ddff82f7cc735c871dc519838cb235bb,hx0000000000000000000000000000000000000000,cxa09dbb60dcb62fffbd232b6eae132d730a2aafa6,0x925e06eec972b00000,0xc1557f51c19e98d27efddfe8f22f3913538bc697dd80b946ad8308b7f5910977,4,94215602,2700.0,1741112009697457,Balanced Dollar,0.078060675,bnUSD,0,1,2025-03-04
cx22319ac7f412f53eabe3c9827acf5e27e9c6a95f,cx21e94c08c03daee80c25d8ee3ea22a20786ec231,cxa09dbb60dcb62fffbd232b6eae132d730a2aafa6,0xa0eebb00,0xc1557f51c19e98d27efddfe8f22f3913538bc697dd80b946ad8308b7f5910977,3,94215602,2700.0,1741112009697457,USDC,0.078060675,USDC,0,1,2025-03-04
cx22319ac7f412f53eabe3c9827acf5e27e9c6a95f,hx0000000000000000000000000000000000000000,cx21e94c08c03daee80c25d8ee3ea22a20786ec231,0xa0eebb00,0xc1557f51c19e98d27efddfe8f22f3913538bc697dd80b946ad8308b7f5910977,1,94215602,2700.0,1741112009697457,USDC,0.078060675,USDC,0,1,2025-03-04
cx2d552c485ec8bcaa75aac02424e2aca6ffdb2f1b,cx21e94c08c03daee80c25d8ee3ea22a20786ec231,hx2debd9ec927cca1639da8d3518dd9dbf1cdfb357,0x9b6e0927bd7174d,0xa6be75f6c421a5221cab9cabf88dad285e1f1a1398c7c37bf8636bb90a62bc21,5,94215600,0.6999937118502316,1741112005972593,Binance Coin,0.088269025,BNB,0,1,2025-03-04
cx88fd7df7ddff82f7cc735c871dc519838cb235bb,cxa0af3165c08318e988cb30993b3048335b94af6c,cx5faae53c4dbd1fbe4a2eb4aab6565030f10da5c6,0x860795a27337170,0xa6be75f6c421a5221cab9cabf88dad285e1f1a1398c7c37bf8636bb90a62bc21,3,94215600,0.6036157781793468,1741112005972593,Balanced Dollar,0.088269025,bnUSD,0,1,2025-03-04
cx2d552c485ec8bcaa75aac02424e2aca6ffdb2f1b,cxa0af3165c08318e988cb30993b3048335b94af6c,cx21e94c08c03daee80c25d8ee3ea22a20786ec231,0x9b6e0927bd7174d,0xa6be75f6c421a5221cab9cabf88dad285e1f1a1398c7c37bf8636bb90a62bc21,2,94215600,0.6999937118502316,1741112005972593,Binance Coin,0.088269025,BNB,0,1,2025-03-04
cx88fd7df7ddff82f7cc735c871dc519838cb235bb,cx21e94c08c03daee80c25d8ee3ea22a20786ec231,cxa0af3165c08318e988cb30993b3048335b94af6c,0x15d0915ac615f76900,0xa6be75f6c421a5221cab9cabf88dad285e1f1a1398c7c37bf8636bb90a62bc21,1,94215600,402.4105187862312,1741112005972593,Balanced Dollar,0.088269025,bnUSD,0,1,2025-03-04
cx88fd7df7ddff82f7cc735c871dc519838cb235bb,hx2debd9ec927cca1639da8d3518dd9dbf1cdfb357,cx21e94c08c03daee80c25d8ee3ea22a20786ec231,0x15d0915ac615f76900,0xa6be75f6c421a5221cab9cabf88dad285e1f1a1398c7c37bf8636bb90a62bc21,0,94215600,402.4105187862312,1741112005972593,Balanced Dollar,0.088269025,bnUSD,0,1,2025-03-04
cx88fd7df7ddff82f7cc735c871dc519838cb235bb,cxa0af3165c08318e988cb30993b3048335b94af6c,cx5faae53c4dbd1fbe4a2eb4aab6565030f10da5c6,0xea3e9fa89ee000,0x3b7d3f35310c7de51a293cd1de8d27cbc9825963277690546d0a1e1110928c34,2,94215592,0.065934,1741111989895277,Balanced Dollar,0.0563614,bnUSD,0,1,2025-03-04
cx4297f4b63262507623b6ad575d0d8dd2db980e4e,cxa0af3165c08318e988cb30993b3048335b94af6c,hxd75467e3e4ce64e3424c747dfb71503017440433,0x37ae897506038c2d,0x3b7d3f35310c7de51a293cd1de8d27cbc9825963277690546d0a1e1110928c34,1,94215592,4.012295453738766,1741111989895277,Injective,0.0563614,INJ,0,1,2025-03-04
cx88fd7df7ddff82f7cc735c871dc519838cb235bb,hxd75467e3e4ce64e3424c747dfb71503017440433,cxa0af3165c08318e988cb30993b3048335b94af6c,0x26203151c73120000,0x3b7d3f35310c7de51a293cd1de8d27cbc9825963277690546d0a1e1110928c34,0,94215592,43.956,1741111989895277,Balanced Dollar,0.0563614,bnUSD,0,1,2025-03-04
cx88fd7df7ddff82f7cc735c871dc519838cb235bb,cx21e94c08c03daee80c25d8ee3ea22a20786ec231,hx7497c286aa521b09b2b54d78cde3fa4573c0e157,0x529183f9cb7fd8745,0xe14cbc13b130138667511e5f49cea4cf0467ae5851a0235247c97795a7e0a3eb,13,94215585,95.19490706587816,1741111975684737,Balanced Dollar,0.2235162625,bnUSD,0,1,2025-03-04
cx88fd7df7ddff82f7cc735c871dc519838cb235bb,cxa0af3165c08318e988cb30993b3048335b94af6c,cx5faae53c4dbd1fbe4a2eb4aab6565030f10da5c6,0x1fcc531896fcba1,0xe14cbc13b130138667511e5f49cea4cf0467ae5851a0235247c97795a7e0a3eb,11,94215585,0.14320610471888784,1741111975684737,Balanced Dollar,0.2235162625,bnUSD,0,1,2025-03-04
cx88fd7df7ddff82f7cc735c871dc519838cb235bb,cxa0af3165c08318e988cb30993b3048335b94af6c,cx21e94c08c03daee80c25d8ee3ea22a20786ec231,0x529183f9cb7fd8745,0xe14cbc13b130138667511e5f49cea4cf0467ae5851a0235247c97795a7e0a3eb,10,94215585,95.19490706587816,1741111975684737,Balanced Dollar,0.2235162625,bnUSD,0,1,2025-03-04
cx2609b924e33ef00b648a409245c7ea394c467824,cx21e94c08c03daee80c25d8ee3ea22a20786ec231,cxa0af3165c08318e988cb30993b3048335b94af6c,0x24a6b1de9f92a9708e,0xe14cbc13b130138667511e5f49cea4cf0467ae5851a0235247c97795a7e0a3eb,9,94215585,676.0944131116594,1741111975684737,Staked ICX,0.2235162625,sICX,0,1,2025-03-04
cx2609b924e33ef00b648a409245c7ea394c467824,cxa0af3165c08318e988cb30993b3048335b94af6c,cx5faae53c4dbd1fbe4a2eb4aab6565030f10da5c6,0xe1bcc8c1d47f6b6,0xe14cbc13b130138667511e5f49cea4cf0467ae5851a0235247c97795a7e0a3eb,7,94215585,1.016631043060922,1741111975684737,Staked ICX,0.2235162625,sICX,0,1,2025-03-04
cx2609b924e33ef00b648a409245c7ea394c467824,cxa0af3165c08318e988cb30993b3048335b94af6c,cx21e94c08c03daee80c25d8ee3ea22a20786ec231,0x24a6b1de9f92a9708e,0xe14cbc13b130138667511e5f49cea4cf0467ae5851a0235247c97795a7e0a3eb,6,94215585,676.0944131116594,1741111975684737,Staked ICX,0.2235162625,sICX,0,1,2025-03-04
cxf61cd5a45dc9f91c15aa65831a30a90d59a09619,cx21e94c08c03daee80c25d8ee3ea22a20786ec231,cxa0af3165c08318e988cb30993b3048335b94af6c,0x2c69d8e2d0cdf83028,0xe14cbc13b130138667511e5f49cea4cf0467ae5851a0235247c97795a7e0a3eb,5,94215585,819.2838345986089,1741111975684737,Balance Token,0.2235162625,BALN,0,1,2025-03-04
cx88fd7df7ddff82f7cc735c871dc519838cb235bb,cxa0af3165c08318e988cb30993b3048335b94af6c,cx5faae53c4dbd1fbe4a2eb4aab6565030f10da5c6,0x1fa6aa26fca1493,0xe14cbc13b130138667511e5f49cea4cf0467ae5851a0235247c97795a7e0a3eb,3,94215585,0.14254358410835266,1741111975684737,Balanced Dollar,0.2235162625,bnUSD,0,1,2025-03-04
cxf61cd5a45dc9f91c15aa65831a30a90d59a09619,cxa0af3165c08318e988cb30993b3048335b94af6c,cx21e94c08c03daee80c25d8ee3ea22a20786ec231,0x2c69d8e2d0cdf83028,0xe14cbc13b130138667511e5f49cea4cf0467ae5851a0235247c97795a7e0a3eb,2,94215585,819.2838345986089,1741111975684737,Balance Token,0.2235162625,BALN,0,1,2025-03-04
cx88fd7df7ddff82f7cc735c871dc519838cb235bb,cx21e94c08c03daee80c25d8ee3ea22a20786ec231,cxa0af3165c08318e988cb30993b3048335b94af6c,0x526cb07031e404000,0xe14cbc13b130138667511e5f49cea4cf0467ae5851a0235247c97795a7e0a3eb,1,94215585,95.02905607223511,1741111975684737,Balanced Dollar,0.2235162625,bnUSD,0,1,2025-03-04
cx88fd7df7ddff82f7cc735c871dc519838cb235bb,hx7497c286aa521b09b2b54d78cde3fa4573c0e157,cx21e94c08c03daee80c25d8ee3ea22a20786ec231,0x526cb07031e404000,0xe14cbc13b130138667511e5f49cea4cf0467ae5851a0235247c97795a7e0a3eb,0,94215585,95.02905607223511,1741111975684737,Balanced Dollar,0.2235162625,bnUSD,0,1,2025-03-04
cx3975b43d260fb8ec802cef6e60c2f4d07486f11d,hx970eda4988e547df0de8324226fdf3e8ebc9734f,hx0000000000000000000000000000000000000000,0xa2a15d09519be00016,0x778456a0c32387a697e58031ef15e0b1aeca7ed0dd94729ef7dd17a320d6486c,10,94215584,3000.0,1741111973684083,Wrapped ICX,0.1555788875,wICX,0,1,2025-03-04
cx3975b43d260fb8ec802cef6e60c2f4d07486f11d,cx21e94c08c03daee80c25d8ee3ea22a20786ec231,hx970eda4988e547df0de8324226fdf3e8ebc9734f,0xa2a15d09519be00016,0x778456a0c32387a697e58031ef15e0b1aeca7ed0dd94729ef7dd17a320d6486c,9,94215584,3000.0,1741111973684083,Wrapped ICX,0.1555788875,wICX,0,1,2025-03-04
cx2609b924e33ef00b648a409245c7ea394c467824,cxa0af3165c08318e988cb30993b3048335b94af6c,cx5faae53c4dbd1fbe4a2eb4aab6565030f10da5c6,0x2fc83d2080f1e74c,0x778456a0c32387a697e58031ef15e0b1aeca7ed0dd94729ef7dd17a320d6486c,7,94215584,3.443069124936329,1741111973684083,Staked ICX,0.1555788875,sICX,0,1,2025-03-04
cx3975b43d260fb8ec802cef6e60c2f4d07486f11d,cxa0af3165c08318e988cb30993b3048335b94af6c,cx21e94c08c03daee80c25d8ee3ea22a20786ec231,0xa2a15d09519be00016,0x778456a0c32387a697e58031ef15e0b1aeca7ed0dd94729ef7dd17a320d6486c,6,94215584,3000.0,1741111973684083,Wrapped ICX,0.1555788875,wICX,0,1,2025-03-04
cx2609b924e33ef00b648a409245c7ea394c467824,cx21e94c08c03daee80c25d8ee3ea22a20786ec231,cxa0af3165c08318e988cb30993b3048335b94af6c,0x7c6ec9d9fa75f50111,0x778456a0c32387a697e58031ef15e0b1aeca7ed0dd94729ef7dd17a320d6486c,5,94215584,2295.379416624219,1741111973684083,Staked ICX,0.1555788875,sICX,0,1,2025-03-04
cx88fd7df7ddff82f7cc735c871dc519838cb235bb,cxa0af3165c08318e988cb30993b3048335b94af6c,cx5faae53c4dbd1fbe4a2eb4aab6565030f10da5c6,0x6c43b52d1c115cc,0x778456a0c32387a697e58031ef15e0b1aeca7ed0dd94729ef7dd17a320d6486c,3,94215584,0.48757988655530543,1741111973684083,Balanced Dollar,0.1555788875,bnUSD,0,1,2025-03-04
cx2609b924e33ef00b648a409245c7ea394c467824,cxa0af3165c08318e988cb30993b3048335b94af6c,cx21e94c08c03daee80c25d8ee3ea22a20786ec231,0x7c6ec9d9fa75f50111,0x778456a0c32387a697e58031ef15e0b1aeca7ed0dd94729ef7dd17a320d6486c,2,94215584,2295.379416624219,1741111973684083,Staked ICX,0.1555788875,sICX,0,1,2025-03-04
cx88fd7df7ddff82f7cc735c871dc519838cb235bb,cx21e94c08c03daee80c25d8ee3ea22a20786ec231,cxa0af3165c08318e988cb30993b3048335b94af6c,0x119f0527ace6d3707b,0x778456a0c32387a697e58031ef15e0b1aeca7ed0dd94729ef7dd17a320d6486c,1,94215584,325.05325770353693,1741111973684083,Balanced Dollar,0.1555788875,bnUSD,0,1,2025-03-04
cx88fd7df7ddff82f7cc735c871dc519838cb235bb,hx970eda4988e547df0de8324226fdf3e8ebc9734f,cx21e94c08c03daee80c25d8ee3ea22a20786ec231,0x119f0527ace6d3707b,0x778456a0c32387a697e58031ef15e0b1aeca7ed0dd94729ef7dd17a320d6486c,0,94215584,325.05325770353693,1741111973684083,Balanced Dollar,0.1555788875,bnUSD,0,1,2025-03-04
cx88fd7df7ddff82f7cc735c871dc519838cb235bb,cxa0af3165c08318e988cb30993b3048335b94af6c,cx5faae53c4dbd1fbe4a2eb4aab6565030f10da5c6,0x1af029669763fe7,0x1ac2ff92850b5dcef9d94568f0434c3bc8f64fde571d944c75c5ec888230edec,2,94215578,0.12131855999999998,1741111961680429,Balanced Dollar,0.0563089625,bnUSD,0,1,2025-03-04
cx66a031cc3bd305c76371fb586e93801b948254f0,cxa0af3165c08318e988cb30993b3048335b94af6c,hxd75467e3e4ce64e3424c747dfb71503017440433,0x37a6f4edb2684ca9,0x1ac2ff92850b5dcef9d94568f0434c3bc8f64fde571d944c75c5ec888230edec,1,94215578,4.010161819957612,1741111961680429,Avalanche,0.0563089625,AVAX,0,1,2025-03-04
cx88fd7df7ddff82f7cc735c871dc519838cb235bb,hxd75467e3e4ce64e3424c747dfb71503017440433,cxa0af3165c08318e988cb30993b3048335b94af6c,0x4626c125d4e9bc000,0x1ac2ff92850b5dcef9d94568f0434c3bc8f64fde571d944c75c5ec888230edec,0,94215578,80.87903999999999,1741111961680429,Balanced Dollar,0.0563089625,bnUSD,0,1,2025-03-04
cx88fd7df7ddff82f7cc735c871dc519838cb235bb,cxa0af3165c08318e988cb30993b3048335b94af6c,cx5faae53c4dbd1fbe4a2eb4aab6565030f10da5c6,0x154fc52e28c81f3,0x6bc2118b004ae7ea1d58fd6ee9d3490139f7d7b4fe16b1d3a3c5fce8e509645e,2,94215574,0.09597892499999999,1741111953676873,Balanced Dollar,0.0563991125,bnUSD,0,1,2025-03-04
cx288d13e1b63563459a2ac6179f237711f6851cb5,cxa0af3165c08318e988cb30993b3048335b94af6c,hxd75467e3e4ce64e3424c747dfb71503017440433,0x6ad6bd7c7dd99a,0x6bc2118b004ae7ea1d58fd6ee9d3490139f7d7b4fe16b1d3a3c5fce8e509645e,1,94215574,0.030072456857115033,1741111953676873,Ethereum,0.0563991125,ETH,0,1,2025-03-04
cx88fd7df7ddff82f7cc735c871dc519838cb235bb,hxd75467e3e4ce64e3424c747dfb71503017440433,cxa0af3165c08318e988cb30993b3048335b94af6c,0x377fbc2834de7c000,0x6bc2118b004ae7ea1d58fd6ee9d3490139f7d7b4fe16b1d3a3c5fce8e509645e,0,94215574,63.98594999999999,1741111953676873,Balanced Dollar,0.0563991125,bnUSD,0,1,2025-03-04
cx88fd7df7ddff82f7cc735c871dc519838cb235bb,cxa0af3165c08318e988cb30993b3048335b94af6c,cx5faae53c4dbd1fbe4a2eb4aab6565030f10da5c6,0xea081bca367800,0xaeba18a1bc0a176a737ad087c613a274c5ff16d89d3a9915a52dad6819ecd718,2,94215568,0.06587406,1741111941674671,Balanced Dollar,0.0563614,bnUSD,0,1,2025-03-04
cx4297f4b63262507623b6ad575d0d8dd2db980e4e,cxa0af3165c08318e988cb30993b3048335b94af6c,hxd75467e3e4ce64e3424c747dfb71503017440433,0x37a85c494529030f,0xaeba18a1bc0a176a737ad087c613a274c5ff16d89d3a9915a52dad6819ecd718,1,94215568,4.01055693793611,1741111941674671,Injective,0.0563614,INJ,0,1,2025-03-04
cx88fd7df7ddff82f7cc735c871dc519838cb235bb,hxd75467e3e4ce64e3424c747dfb71503017440433,cxa0af3165c08318e988cb30993b3048335b94af6c,0x261751db3edd88000,0xaeba18a1bc0a176a737ad087c613a274c5ff16d89d3a9915a52dad6819ecd718,0,94215568,43.91604,1741111941674671,Balanced Dollar,0.0563614,bnUSD,0,1,2025-03-04
cx288d13e1b63563459a2ac6179f237711f6851cb5,cx21e94c08c03daee80c25d8ee3ea22a20786ec231,hx0000000000000000000000000000000000000000,0x689b4598726e428,0x11d1ebb60f7bee6a36c0cc4802a260b94b545adbcdd2716724e3a7bc8279b29c,7,94215528,0.47110593264948947,1741111861660699,Ethereum,0.1144371,ETH,0,1,2025-03-04
cx88fd7df7ddff82f7cc735c871dc519838cb235bb,cxa0af3165c08318e988cb30993b3048335b94af6c,cx5faae53c4dbd1fbe4a2eb4aab6565030f10da5c6,0x14d1120d7b160000,0x11d1ebb60f7bee6a36c0cc4802a260b94b545adbcdd2716724e3a7bc8279b29c,3,94215528,1.5,1741111861660699,Balanced Dollar,0.1144371,bnUSD,0,1,2025-03-04
cx288d13e1b63563459a2ac6179f237711f6851cb5,cxa0af3165c08318e988cb30993b3048335b94af6c,cx21e94c08c03daee80c25d8ee3ea22a20786ec231,0x689b4598726e428,0x11d1ebb60f7bee6a36c0cc4802a260b94b545adbcdd2716724e3a7bc8279b29c,2,94215528,0.47110593264948947,1741111861660699,Ethereum,0.1144371,ETH,0,1,2025-03-04
cx88fd7df7ddff82f7cc735c871dc519838cb235bb,cx21e94c08c03daee80c25d8ee3ea22a20786ec231,cxa0af3165c08318e988cb30993b3048335b94af6c,0x3635c9adc5dea00000,0x11d1ebb60f7bee6a36c0cc4802a260b94b545adbcdd2716724e3a7bc8279b29c,1,94215528,1000.0,1741111861660699,Balanced Dollar,0.1144371,bnUSD,0,1,2025-03-04
cx88fd7df7ddff82f7cc735c871dc519838cb235bb,hx385a695da4288bf7d70df14d1201e832c2bcf2a6,cx21e94c08c03daee80c25d8ee3ea22a20786ec231,0x3635c9adc5dea00000,0x11d1ebb60f7bee6a36c0cc4802a260b94b545adbcdd2716724e3a7bc8279b29c,0,94215528,1000.0,1741111861660699,Balanced Dollar,0.1144371,bnUSD,0,1,2025-03-04
cx88fd7df7ddff82f7cc735c871dc519838cb235bb,cxa0af3165c08318e988cb30993b3048335b94af6c,cx5faae53c4dbd1fbe4a2eb4aab6565030f10da5c6,0x154db9d5d1aaa00,0x672acf70e2b1e32dc7a669c1cd030d4e2a0fb78e625b8425fb1d38de46bb8d79,2,94215523,0.095942961,1741111851648578,Balanced Dollar,0.0563991125,bnUSD,0,1,2025-03-04
cx288d13e1b63563459a2ac6179f237711f6851cb5,cxa0af3165c08318e988cb30993b3048335b94af6c,hxd75467e3e4ce64e3424c747dfb71503017440433,0x6b4ef2bc1d7105,0x672acf70e2b1e32dc7a669c1cd030d4e2a0fb78e625b8425fb1d38de46bb8d79,1,94215523,0.030204626953138438,1741111851648578,Ethereum,0.0563991125,ETH,0,1,2025-03-04
cx88fd7df7ddff82f7cc735c871dc519838cb235bb,hxd75467e3e4ce64e3424c747dfb71503017440433,cxa0af3165c08318e988cb30993b3048335b94af6c,0x377a69477cac56000,0x672acf70e2b1e32dc7a669c1cd030d4e2a0fb78e625b8425fb1d38de46bb8d79,0,94215523,63.961974,1741111851648578,Balanced Dollar,0.0563991125,bnUSD,0,1,2025-03-04
cx88fd7df7ddff82f7cc735c871dc519838cb235bb,cxa0af3165c08318e988cb30993b3048335b94af6c,cx5faae53c4dbd1fbe4a2eb4aab6565030f10da5c6,0x1af029669763fe7,0xe33dcc06a2ab15246caaf1c39a5421faef2892b57db9a7d5e97f6332d0dc1c5c,2,94215518,0.12131855999999998,1741111841646677,Balanced Dollar,0.0563089625,bnUSD,0,1,2025-03-04
cx66a031cc3bd305c76371fb586e93801b948254f0,cxa0af3165c08318e988cb30993b3048335b94af6c,hxd75467e3e4ce64e3424c747dfb71503017440433,0x37b05e43f5bad8c6,0xe33dcc06a2ab15246caaf1c39a5421faef2892b57db9a7d5e97f6332d0dc1c5c,1,94215518,4.012810913965595,1741111841646677,Avalanche,0.0563089625,AVAX,0,1,2025-03-04
cx88fd7df7ddff82f7cc735c871dc519838cb235bb,hxd75467e3e4ce64e3424c747dfb71503017440433,cxa0af3165c08318e988cb30993b3048335b94af6c,0x4626c125d4e9bc000,0xe33dcc06a2ab15246caaf1c39a5421faef2892b57db9a7d5e97f6332d0dc1c5c,0,94215518,80.87903999999999,1741111841646677,Balanced Dollar,0.0563089625,bnUSD,0,1,2025-03-04
cx88fd7df7ddff82f7cc735c871dc519838cb235bb,cxa0af3165c08318e988cb30993b3048335b94af6c,cx5faae53c4dbd1fbe4a2eb4aab6565030f10da5c6,0x1ae958eaca57000,0xeaa5b986f73ed20a79438cc472af3f6e0d31d1a03a49199628f43b36b7efb40f,2,94215500,0.12119868,1741111805899979,Balanced Dollar,0.0563089625,bnUSD,0,1,2025-03-04
cx66a031cc3bd305c76371fb586e93801b948254f0,cxa0af3165c08318e988cb30993b3048335b94af6c,hxd75467e3e4ce64e3424c747dfb71503017440433,0x37abb00fdf5dd458,0xeaa5b986f73ed20a79438cc472af3f6e0d31d1a03a49199628f43b36b7efb40f,1,94215500,4.011493475322025,1741111805899979,Avalanche,0.0563089625,AVAX,0,1,2025-03-04
cx88fd7df7ddff82f7cc735c871dc519838cb235bb,hxd75467e3e4ce64e3424c747dfb71503017440433,cxa0af3165c08318e988cb30993b3048335b94af6c,0x46150238c44290000,0xeaa5b986f73ed20a79438cc472af3f6e0d31d1a03a49199628f43b36b7efb40f,0,94215500,80.79912,1741111805899979,Balanced Dollar,0.0563089625,bnUSD,0,1,2025-03-04
cxd17316e24ee40f2ef8ed6f3a497311db1b35206d,hxd2ab70a9d09d60aabec1b6c3dadc35e4bf33b6f1,hxd2ab70a9d09d60aabec1b6c3dadc35e4bf33b6f1,0x0,0xf6a3169778b5c601133a68d8b623883af8557f7ae702c698e9f9eac0f3bbc220,4,94215496,0.0,1741111797616144,unknown_token,0.0193957,$unknown,34,1,2025-03-04
cx7baf94bd53b505353285ee4c4c050f9703581703,hxd2ab70a9d09d60aabec1b6c3dadc35e4bf33b6f1,hx0000000000000000000000000000000000000000,0x0,0xf6a3169778b5c601133a68d8b623883af8557f7ae702c698e9f9eac0f3bbc220,2,94215496,0.0,1741111797616144,unknown_token,0.0193957,$unknown,15,1,2025-03-04
cx7baf94bd53b505353285ee4c4c050f9703581703,hxd2ab70a9d09d60aabec1b6c3dadc35e4bf33b6f1,hx0000000000000000000000000000000000000000,0x0,0xf6a3169778b5c601133a68d8b623883af8557f7ae702c698e9f9eac0f3bbc220,0,94215496,0.0,1741111797616144,unknown_token,0.0193957,$unknown,26,1,2025-03-04
cx88fd7df7ddff82f7cc735c871dc519838cb235bb,cxa0af3165c08318e988cb30993b3048335b94af6c,cx5faae53c4dbd1fbe4a2eb4aab6565030f10da5c6,0x15481aa2e219800,0xa8ab742d9831aef586bcaf59a9eebfdc3434457eb9e927f73f08a117563cdc80,2,94215495,0.09584406,1741111795787229,Balanced Dollar,0.0563991125,bnUSD,0,1,2025-03-04
cx288d13e1b63563459a2ac6179f237711f6851cb5,cxa0af3165c08318e988cb30993b3048335b94af6c,hxd75467e3e4ce64e3424c747dfb71503017440433,0x6b3a7d892ee227,0xa8ab742d9831aef586bcaf59a9eebfdc3434457eb9e927f73f08a117563cdc80,1,94215495,0.030182133354914344,1741111795787229,Ethereum,0.0563991125,ETH,0,1,2025-03-04
cx88fd7df7ddff82f7cc735c871dc519838cb235bb,hxd75467e3e4ce64e3424c747dfb71503017440433,cxa0af3165c08318e988cb30993b3048335b94af6c,0x376bc55d822268000,0xa8ab742d9831aef586bcaf59a9eebfdc3434457eb9e927f73f08a117563cdc80,0,94215495,63.89604,1741111795787229,Balanced Dollar,0.0563991125,bnUSD,0,1,2025-03-04
cx07b184a37f03c6ab681fcbd0b45aec6dc3eafbeb,cx21e94c08c03daee80c25d8ee3ea22a20786ec231,hx0000000000000000000000000000000000000000,0x29b1af4dd067da,0xa77722f3043958de395453bbeec7557821a30b30eeeeff8b93f716cdb222810c,7,94215489,0.011735840528033755,1741111783822789,Bitcoin,0.1142738625,BTC,0,1,2025-03-04
cx88fd7df7ddff82f7cc735c871dc519838cb235bb,cxa0af3165c08318e988cb30993b3048335b94af6c,cx5faae53c4dbd1fbe4a2eb4aab6565030f10da5c6,0x14d1120d7b160000,0xa77722f3043958de395453bbeec7557821a30b30eeeeff8b93f716cdb222810c,3,94215489,1.5,1741111783822789,Balanced Dollar,0.1142738625,bnUSD,0,1,2025-03-04
cx07b184a37f03c6ab681fcbd0b45aec6dc3eafbeb,cxa0af3165c08318e988cb30993b3048335b94af6c,cx21e94c08c03daee80c25d8ee3ea22a20786ec231,0x29b1af4dd067da,0xa77722f3043958de395453bbeec7557821a30b30eeeeff8b93f716cdb222810c,2,94215489,0.011735840528033755,1741111783822789,Bitcoin,0.1142738625,BTC,0,1,2025-03-04
cx88fd7df7ddff82f7cc735c871dc519838cb235bb,cx21e94c08c03daee80c25d8ee3ea22a20786ec231,cxa0af3165c08318e988cb30993b3048335b94af6c,0x3635c9adc5dea00000,0xa77722f3043958de395453bbeec7557821a30b30eeeeff8b93f716cdb222810c,1,94215489,1000.0,1741111783822789,Balanced Dollar,0.1142738625,bnUSD,0,1,2025-03-04
cx88fd7df7ddff82f7cc735c871dc519838cb235bb,hx385a695da4288bf7d70df14d1201e832c2bcf2a6,cx21e94c08c03daee80c25d8ee3ea22a20786ec231,0x3635c9adc5dea00000,0xa77722f3043958de395453bbeec7557821a30b30eeeeff8b93f716cdb222810c,0,94215489,1000.0,1741111783822789,Balanced Dollar,0.1142738625,bnUSD,0,1,2025-03-04
cxd17316e24ee40f2ef8ed6f3a497311db1b35206d,hxdde335c24080988492b801ac18243f121066f7aa,hx0000000000000000000000000000000000000000,0x0,0x661feba55c0b17e5d68b412417c5456fb0f5afeb32469598d95e713edc5210a4,31,94215481,0.0,1741111767599031,unknown_token,0.1365491,$unknown,5,2,2025-03-04
cxd17316e24ee40f2ef8ed6f3a497311db1b35206d,hxb3fd11e1efdf774cef1eb4de7ae02982e3f2f692,hx0000000000000000000000000000000000000000,0x0,0x661feba55c0b17e5d68b412417c5456fb0f5afeb32469598d95e713edc5210a4,30,94215481,0.0,1741111767599031,unknown_token,0.1365491,$unknown,6,2,2025-03-04
cxd17316e24ee40f2ef8ed6f3a497311db1b35206d,hx3c72c692480ee86cef5aa9dcf48fdb3d6dd05e14,hx0000000000000000000000000000000000000000,0x0,0x661feba55c0b17e5d68b412417c5456fb0f5afeb32469598d95e713edc5210a4,29,94215481,0.0,1741111767599031,unknown_token,0.1365491,$unknown,34,2,2025-03-04
cxd17316e24ee40f2ef8ed6f3a497311db1b35206d,hx1a4c9e9c8c866a961e5c88c18c0f019aa97f33db,hx0000000000000000000000000000000000000000,0x0,0x661feba55c0b17e5d68b412417c5456fb0f5afeb32469598d95e713edc5210a4,28,94215481,0.0,1741111767599031,unknown_token,0.1365491,$unknown,34,2,2025-03-04
cxd17316e24ee40f2ef8ed6f3a497311db1b35206d,hxd2ab70a9d09d60aabec1b6c3dadc35e4bf33b6f1,hx0000000000000000000000000000000000000000,0x0,0x661feba55c0b17e5d68b412417c5456fb0f5afeb32469598d95e713edc5210a4,27,94215481,0.0,1741111767599031,unknown_token,0.1365491,$unknown,34,2,2025-03-04
cxd17316e24ee40f2ef8ed6f3a497311db1b35206d,hxb3fd11e1efdf774cef1eb4de7ae02982e3f2f692,hx0000000000000000000000000000000000000000,0x0,0x661feba55c0b17e5d68b412417c5456fb0f5afeb32469598d95e713edc5210a4,26,94215481,0.0,1741111767599031,unknown_token,0.1365491,$unknown,34,2,2025-03-04
cxd17316e24ee40f2ef8ed6f3a497311db1b35206d,hxdde335c24080988492b801ac18243f121066f7aa,hx0000000000000000000000000000000000000000,0x0,0x661feba55c0b17e5d68b412417c5456fb0f5afeb32469598d95e713edc5210a4,25,94215481,0.0,1741111767599031,unknown_token,0.1365491,$unknown,34,2,2025-03-04
cx88fd7df7ddff82f7cc735c871dc519838cb235bb,cxa0af3165c08318e988cb30993b3048335b94af6c,cx5faae53c4dbd1fbe4a2eb4aab6565030f10da5c6,0xe9d197ebce1000,0x802d18079f329eeeee79a47a0334061d8a5bfa89effaf74a1ab0a69dc24ac35c,2,94215472,0.06581412,1741111749843350,Balanced Dollar,0.0563614,bnUSD,0,1,2025-03-04
cx4297f4b63262507623b6ad575d0d8dd2db980e4e,cxa0af3165c08318e988cb30993b3048335b94af6c,hxd75467e3e4ce64e3424c747dfb71503017440433,0x37a22b9db0ec5c20,0x802d18079f329eeeee79a47a0334061d8a5bfa89effaf74a1ab0a69dc24ac35c,1,94215472,4.008814574591303,1741111749843350,Injective,0.0563614,INJ,0,1,2025-03-04
cx88fd7df7ddff82f7cc735c871dc519838cb235bb,hxd75467e3e4ce64e3424c747dfb71503017440433,cxa0af3165c08318e988cb30993b3048335b94af6c,0x260e7264b689f0000,0x802d18079f329eeeee79a47a0334061d8a5bfa89effaf74a1ab0a69dc24ac35c,0,94215472,43.87608,1741111749843350,Balanced Dollar,0.0563614,bnUSD,0,1,2025-03-04
cx88fd7df7ddff82f7cc735c871dc519838cb235bb,cxa0af3165c08318e988cb30993b3048335b94af6c,cx5faae53c4dbd1fbe4a2eb4aab6565030f10da5c6,0x154677f5cf9b80c,0x8ffcc535e45157cb4a0bdfd9aad14b7409d379181ad5b7fb9c19e0b6b1db937a,2,94215466,0.09581528880000001,1741111737596134,Balanced Dollar,0.0563991125,bnUSD,0,1,2025-03-04
cx288d13e1b63563459a2ac6179f237711f6851cb5,cxa0af3165c08318e988cb30993b3048335b94af6c,hxd75467e3e4ce64e3424c747dfb71503017440433,0x6b3a1b20932e69,0x8ffcc535e45157cb4a0bdfd9aad14b7409d379181ad5b7fb9c19e0b6b1db937a,1,94215466,0.030181710693084778,1741111737596134,Ethereum,0.0563991125,ETH,0,1,2025-03-04
cx88fd7df7ddff82f7cc735c871dc519838cb235bb,hxd75467e3e4ce64e3424c747dfb71503017440433,cxa0af3165c08318e988cb30993b3048335b94af6c,0x3767831021fa4a000,0x8ffcc535e45157cb4a0bdfd9aad14b7409d379181ad5b7fb9c19e0b6b1db937a,0,94215466,63.876859200000006,1741111737596134,Balanced Dollar,0.0563991125,bnUSD,0,1,2025-03-04
cx3975b43d260fb8ec802cef6e60c2f4d07486f11d,hx970eda4988e547df0de8324226fdf3e8ebc9734f,hx0000000000000000000000000000000000000000,0xa2a15d09519be0000e,0x669e4dff2881a9d9190922ab6ebcb572f3ac1b5e2438833a113782d7c4da1f5a,10,94215460,3000.0,1741111725585689,Wrapped ICX,0.155581575,wICX,0,1,2025-03-04
cx3975b43d260fb8ec802cef6e60c2f4d07486f11d,cx21e94c08c03daee80c25d8ee3ea22a20786ec231,hx970eda4988e547df0de8324226fdf3e8ebc9734f,0xa2a15d09519be0000e,0x669e4dff2881a9d9190922ab6ebcb572f3ac1b5e2438833a113782d7c4da1f5a,9,94215460,3000.0,1741111725585689,Wrapped ICX,0.155581575,wICX,0,1,2025-03-04
cx2609b924e33ef00b648a409245c7ea394c467824,cxa0af3165c08318e988cb30993b3048335b94af6c,cx5faae53c4dbd1fbe4a2eb4aab6565030f10da5c6,0x2fb6145e82dd875f,0x669e4dff2881a9d9190922ab6ebcb572f3ac1b5e2438833a113782d7c4da1f5a,7,94215460,3.43795776169899,1741111725585689,Staked ICX,0.155581575,sICX,0,1,2025-03-04
cx3975b43d260fb8ec802cef6e60c2f4d07486f11d,cxa0af3165c08318e988cb30993b3048335b94af6c,cx21e94c08c03daee80c25d8ee3ea22a20786ec231,0xa2a15d09519be0000e,0x669e4dff2881a9d9190922ab6ebcb572f3ac1b5e2438833a113782d7c4da1f5a,6,94215460,3000.0,1741111725585689,Wrapped ICX,0.155581575,wICX,0,1,2025-03-04
cx2609b924e33ef00b648a409245c7ea394c467824,cx21e94c08c03daee80c25d8ee3ea22a20786ec231,cxa0af3165c08318e988cb30993b3048335b94af6c,0x7c3f7fb61f763b336b,0x669e4dff2881a9d9190922ab6ebcb572f3ac1b5e2438833a113782d7c4da1f5a,5,94215460,2291.97184113266,1741111725585689,Staked ICX,0.155581575,sICX,0,1,2025-03-04
cx88fd7df7ddff82f7cc735c871dc519838cb235bb,cxa0af3165c08318e988cb30993b3048335b94af6c,cx5faae53c4dbd1fbe4a2eb4aab6565030f10da5c6,0x6c05af8902dd6df,0x669e4dff2881a9d9190922ab6ebcb572f3ac1b5e2438833a113782d7c4da1f5a,3,94215460,0.4864887833733261,1741111725585689,Balanced Dollar,0.155581575,bnUSD,0,1,2025-03-04
cx2609b924e33ef00b648a409245c7ea394c467824,cxa0af3165c08318e988cb30993b3048335b94af6c,cx21e94c08c03daee80c25d8ee3ea22a20786ec231,0x7c3f7fb61f763b336b,0x669e4dff2881a9d9190922ab6ebcb572f3ac1b5e2438833a113782d7c4da1f5a,2,94215460,2291.97184113266,1741111725585689,Staked ICX,0.155581575,sICX,0,1,2025-03-04
cx88fd7df7ddff82f7cc735c871dc519838cb235bb,cx21e94c08c03daee80c25d8ee3ea22a20786ec231,cxa0af3165c08318e988cb30993b3048335b94af6c,0x1194ece74cccb4e538,0x669e4dff2881a9d9190922ab6ebcb572f3ac1b5e2438833a113782d7c4da1f5a,1,94215460,324.32585558221734,1741111725585689,Balanced Dollar,0.155581575,bnUSD,0,1,2025-03-04
cx88fd7df7ddff82f7cc735c871dc519838cb235bb,hx970eda4988e547df0de8324226fdf3e8ebc9734f,cx21e94c08c03daee80c25d8ee3ea22a20786ec231,0x1194ece74cccb4e538,0x669e4dff2881a9d9190922ab6ebcb572f3ac1b5e2438833a113782d7c4da1f5a,0,94215460,324.32585558221734,1741111725585689,Balanced Dollar,0.155581575,bnUSD,0,1,2025-03-04
cx88fd7df7ddff82f7cc735c871dc519838cb235bb,cxa0af3165c08318e988cb30993b3048335b94af6c,cx5faae53c4dbd1fbe4a2eb4aab6565030f10da5c6,0x1adf203116c3800,0x381f9f78daaf23c0fc1090011b2d5042a4642f09a4ce20adcf80309069d3f2f4,2,94215454,0.12101886,1741111713581401,Balanced Dollar,0.0563089625,bnUSD,0,1,2025-03-04
cx66a031cc3bd305c76371fb586e93801b948254f0,cxa0af3165c08318e988cb30993b3048335b94af6c,hxd75467e3e4ce64e3424c747dfb71503017440433,0x379feef15dd064f0,0x381f9f78daaf23c0fc1090011b2d5042a4642f09a4ce20adcf80309069d3f2f4,1,94215454,4.008184913811498,1741111713581401,Avalanche,0.0563089625,AVAX,0,1,2025-03-04
cx88fd7df7ddff82f7cc735c871dc519838cb235bb,hxd75467e3e4ce64e3424c747dfb71503017440433,cxa0af3165c08318e988cb30993b3048335b94af6c,0x45fa63d52b47c8000,0x381f9f78daaf23c0fc1090011b2d5042a4642f09a4ce20adcf80309069d3f2f4,0,94215454,80.67924,1741111713581401,Balanced Dollar,0.0563089625,bnUSD,0,1,2025-03-04
cx2609b924e33ef00b648a409245c7ea394c467824,cx21e94c08c03daee80c25d8ee3ea22a20786ec231,hx1adc2b41608d81704d775ff143f43ab6efe0d792,0x23e5003c91370d2ec,0x1fa75add4dc0898116affd0c4bb07bf0798b30be67e123417fd9198ef5cae482,5,94215419,41.38358113805696,1741111643761504,Staked ICX,0.110331225,sICX,0,1,2025-03-04
cx88fd7df7ddff82f7cc735c871dc519838cb235bb,cxa0af3165c08318e988cb30993b3048335b94af6c,cx5faae53c4dbd1fbe4a2eb4aab6565030f10da5c6,0x1f31ecdedfaf0a,0x1fa75add4dc0898116affd0c4bb07bf0798b30be67e123417fd9198ef5cae482,3,94215419,0.008780617699274506,1741111643761504,Balanced Dollar,0.110331225,bnUSD,0,1,2025-03-04
cx2609b924e33ef00b648a409245c7ea394c467824,cxa0af3165c08318e988cb30993b3048335b94af6c,cx21e94c08c03daee80c25d8ee3ea22a20786ec231,0x23e5003c91370d2ec,0x1fa75add4dc0898116affd0c4bb07bf0798b30be67e123417fd9198ef5cae482,2,94215419,41.38358113805696,1741111643761504,Staked ICX,0.110331225,sICX,0,1,2025-03-04
cx88fd7df7ddff82f7cc735c871dc519838cb235bb,cx21e94c08c03daee80c25d8ee3ea22a20786ec231,cxa0af3165c08318e988cb30993b3048335b94af6c,0x513cae2f112d2a93,0x1fa75add4dc0898116affd0c4bb07bf0798b30be67e123417fd9198ef5cae482,1,94215419,5.853745132849671,1741111643761504,Balanced Dollar,0.110331225,bnUSD,0,1,2025-03-04
cx88fd7df7ddff82f7cc735c871dc519838cb235bb,hx1adc2b41608d81704d775ff143f43ab6efe0d792,cx21e94c08c03daee80c25d8ee3ea22a20786ec231,0x513cae2f112d2a93,0x1fa75add4dc0898116affd0c4bb07bf0798b30be67e123417fd9198ef5cae482,0,94215419,5.853745132849671,1741111643761504,Balanced Dollar,0.110331225,bnUSD,0,1,2025-03-04
cx88fd7df7ddff82f7cc735c871dc519838cb235bb,hx0000000000000000000000000000000000000000,cx5faae53c4dbd1fbe4a2eb4aab6565030f10da5c6,0x2997e67e7f940d,0x8c4027b3eb8751f259e9e9b6cad92903d595bdcdd70283ab2aa8319e4f2e7898,3,94215408,0.01170749026569934,1741111621550540,Balanced Dollar,0.1022925875,bnUSD,0,1,2025-03-04
cx88fd7df7ddff82f7cc735c871dc519838cb235bb,cx66d4d90f5f113eba575bf793570135f9b10cece1,hx1adc2b41608d81704d775ff143f43ab6efe0d792,0x513cae2f112d2a93,0x8c4027b3eb8751f259e9e9b6cad92903d595bdcdd70283ab2aa8319e4f2e7898,1,94215408,5.853745132849671,1741111621550540,Balanced Dollar,0.1022925875,bnUSD,0,1,2025-03-04
cx88fd7df7ddff82f7cc735c871dc519838cb235bb,hx0000000000000000000000000000000000000000,cx66d4d90f5f113eba575bf793570135f9b10cece1,0x513cae2f112d2a93,0x8c4027b3eb8751f259e9e9b6cad92903d595bdcdd70283ab2aa8319e4f2e7898,0,94215408,5.853745132849671,1741111621550540,Balanced Dollar,0.1022925875,bnUSD,0,1,2025-03-04
cx65c9e3d4fea842e00add0d32a5b4c5e4e04c7a6b,hx1adc2b41608d81704d775ff143f43ab6efe0d792,cx66d4d90f5f113eba575bf793570135f9b10cece1,0x1383572,0xe9dfbda991df7a31b87c33c769b1385721e1ce52984e7a886bc4097b6bdaed16,0,94215400,0.020460914,1741111605789078,Solana,0.022492375,SOL,0,1,2025-03-04
cx65c9e3d4fea842e00add0d32a5b4c5e4e04c7a6b,cx21e94c08c03daee80c25d8ee3ea22a20786ec231,hx1adc2b41608d81704d775ff143f43ab6efe0d792,0x1383901,0x977a247ca15c0433726bb4c8c77bef677cd98db74f6c83e111a04eaf9a8fc7dd,14,94215394,0.020461825,1741111593740828,Solana,0.203009575,SOL,0,1,2025-03-04
cx88fd7df7ddff82f7cc735c871dc519838cb235bb,cxa0af3165c08318e988cb30993b3048335b94af6c,cx5faae53c4dbd1fbe4a2eb4aab6565030f10da5c6,0xf5a25912a4750,0x977a247ca15c0433726bb4c8c77bef677cd98db74f6c83e111a04eaf9a8fc7dd,12,94215394,0.00432124204641672,1741111593740828,Balanced Dollar,0.203009575,bnUSD,0,1,2025-03-04
cx65c9e3d4fea842e00add0d32a5b4c5e4e04c7a6b,cxa0af3165c08318e988cb30993b3048335b94af6c,cx21e94c08c03daee80c25d8ee3ea22a20786ec231,0x1383901,0x977a247ca15c0433726bb4c8c77bef677cd98db74f6c83e111a04eaf9a8fc7dd,11,94215394,0.020461825,1741111593740828,Solana,0.203009575,SOL,0,1,2025-03-04
cx88fd7df7ddff82f7cc735c871dc519838cb235bb,cx21e94c08c03daee80c25d8ee3ea22a20786ec231,cxa0af3165c08318e988cb30993b3048335b94af6c,0x27fac1d4b36f0d30,0x977a247ca15c0433726bb4c8c77bef677cd98db74f6c83e111a04eaf9a8fc7dd,10,94215394,2.8808280309444805,1741111593740828,Balanced Dollar,0.203009575,bnUSD,0,1,2025-03-04
cx88fd7df7ddff82f7cc735c871dc519838cb235bb,cxa0af3165c08318e988cb30993b3048335b94af6c,cx5faae53c4dbd1fbe4a2eb4aab6565030f10da5c6,0xf65f59abd11ac,0x977a247ca15c0433726bb4c8c77bef677cd98db74f6c83e111a04eaf9a8fc7dd,8,94215394,0.004334230188134828,1741111593740828,Balanced Dollar,0.203009575,bnUSD,0,1,2025-03-04
cx88fd7df7ddff82f7cc735c871dc519838cb235bb,cxa0af3165c08318e988cb30993b3048335b94af6c,cx21e94c08c03daee80c25d8ee3ea22a20786ec231,0x27fac1d4b36f0d30,0x977a247ca15c0433726bb4c8c77bef677cd98db74f6c83e111a04eaf9a8fc7dd,7,94215394,2.8808280309444805,1741111593740828,Balanced Dollar,0.203009575,bnUSD,0,1,2025-03-04
cx2609b924e33ef00b648a409245c7ea394c467824,cx21e94c08c03daee80c25d8ee3ea22a20786ec231,cxa0af3165c08318e988cb30993b3048335b94af6c,0x11c57e2ef26ce0fdf,0x977a247ca15c0433726bb4c8c77bef677cd98db74f6c83e111a04eaf9a8fc7dd,6,94215394,20.48909454652146,1741111593740828,Staked ICX,0.203009575,sICX,0,1,2025-03-04
cx2609b924e33ef00b648a409245c7ea394c467824,cxa0af3165c08318e988cb30993b3048335b94af6c,cx5faae53c4dbd1fbe4a2eb4aab6565030f10da5c6,0x6d84017de6e5fe,0x977a247ca15c0433726bb4c8c77bef677cd98db74f6c83e111a04eaf9a8fc7dd,4,94215394,0.03082591440357939,1741111593740828,Staked ICX,0.203009575,sICX,0,1,2025-03-04
cx2609b924e33ef00b648a409245c7ea394c467824,cxa0af3165c08318e988cb30993b3048335b94af6c,cx21e94c08c03daee80c25d8ee3ea22a20786ec231,0x11c57e2ef26ce0fdf,0x977a247ca15c0433726bb4c8c77bef677cd98db74f6c83e111a04eaf9a8fc7dd,3,94215394,20.48909454652146,1741111593740828,Staked ICX,0.203009575,sICX,0,1,2025-03-04
cx3975b43d260fb8ec802cef6e60c2f4d07486f11d,cx21e94c08c03daee80c25d8ee3ea22a20786ec231,cxa0af3165c08318e988cb30993b3048335b94af6c,0x176b344f2a78c0000,0x977a247ca15c0433726bb4c8c77bef677cd98db74f6c83e111a04eaf9a8fc7dd,2,94215394,27.0,1741111593740828,Wrapped ICX,0.203009575,wICX,0,1,2025-03-04
cx3975b43d260fb8ec802cef6e60c2f4d07486f11d,hx1adc2b41608d81704d775ff143f43ab6efe0d792,cx21e94c08c03daee80c25d8ee3ea22a20786ec231,0x176b344f2a78c0000,0x977a247ca15c0433726bb4c8c77bef677cd98db74f6c83e111a04eaf9a8fc7dd,1,94215394,27.0,1741111593740828,Wrapped ICX,0.203009575,wICX,0,1,2025-03-04
cx3975b43d260fb8ec802cef6e60c2f4d07486f11d,hx0000000000000000000000000000000000000000,hx1adc2b41608d81704d775ff143f43ab6efe0d792,0x176b344f2a78c0000,0x977a247ca15c0433726bb4c8c77bef677cd98db74f6c83e111a04eaf9a8fc7dd,0,94215394,27.0,1741111593740828,Wrapped ICX,0.203009575,wICX,0,1,2025-03-04
cx88fd7df7ddff82f7cc735c871dc519838cb235bb,cxd82fb5d3effecd8c9071a4bba3856ad7222c4b91,hx970eda4988e547df0de8324226fdf3e8ebc9734f,0x14c1c768019c1dd0000,0xeb7a39295ed5d2505e97a2601ed8f81dce20673083965bbe436a4639ab23e10f,0,94215321,6126.37,1741111447503787,Balanced Dollar,0.0206613125,bnUSD,0,2,2025-03-04
cx07b184a37f03c6ab681fcbd0b45aec6dc3eafbeb,hx1adc2b41608d81704d775ff143f43ab6efe0d792,cx66d4d90f5f113eba575bf793570135f9b10cece1,0x5657524034f6c,0x6b07864c5478e38aba354af6fcbb95edf517993da877095d02972f8120f5b3e8,0,94215321,0.001518928673329004,1741111447503787,Bitcoin,0.0225161875,BTC,0,1,2025-03-04
cx07b184a37f03c6ab681fcbd0b45aec6dc3eafbeb,cx21e94c08c03daee80c25d8ee3ea22a20786ec231,hx970eda4988e547df0de8324226fdf3e8ebc9734f,0x2386f26fc10001,0x9fac0bd811a866fff82193dbcf30e4aa50305a8251e02745906140b76bd8218c,5,94215316,0.01,1741111437486063,Bitcoin,0.085999075,BTC,0,1,2025-03-04
cx88fd7df7ddff82f7cc735c871dc519838cb235bb,cxa0af3165c08318e988cb30993b3048335b94af6c,cx5faae53c4dbd1fbe4a2eb4aab6565030f10da5c6,0x11addf925d9f9058,0x9fac0bd811a866fff82193dbcf30e4aa50305a8251e02745906140b76bd8218c,3,94215316,1.2739200893446758,1741111437486063,Balanced Dollar,0.085999075,bnUSD,0,1,2025-03-04
cx07b184a37f03c6ab681fcbd0b45aec6dc3eafbeb,cxa0af3165c08318e988cb30993b3048335b94af6c,cx21e94c08c03daee80c25d8ee3ea22a20786ec231,0x2386f26fc10001,0x9fac0bd811a866fff82193dbcf30e4aa50305a8251e02745906140b76bd8218c,2,94215316,0.01,1741111437486063,Bitcoin,0.085999075,BTC,0,1,2025-03-04
cx88fd7df7ddff82f7cc735c871dc519838cb235bb,cx21e94c08c03daee80c25d8ee3ea22a20786ec231,cxa0af3165c08318e988cb30993b3048335b94af6c,0x2e0a20e27e7a3291e3,0x9fac0bd811a866fff82193dbcf30e4aa50305a8251e02745906140b76bd8218c,1,94215316,849.2800595631173,1741111437486063,Balanced Dollar,0.085999075,bnUSD,0,1,2025-03-04
cx88fd7df7ddff82f7cc735c871dc519838cb235bb,hx970eda4988e547df0de8324226fdf3e8ebc9734f,cx21e94c08c03daee80c25d8ee3ea22a20786ec231,0x2e0a20e27e7a3291e3,0x9fac0bd811a866fff82193dbcf30e4aa50305a8251e02745906140b76bd8218c,0,94215316,849.2800595631173,1741111437486063,Balanced Dollar,0.085999075,bnUSD,0,1,2025-03-04
cx07b184a37f03c6ab681fcbd0b45aec6dc3eafbeb,cx21e94c08c03daee80c25d8ee3ea22a20786ec231,hx1adc2b41608d81704d775ff143f43ab6efe0d792,0x5657524034f6c,0x96d1c537d8bf40d19a9391ce2123f3e6966963c9023c3d62f3b86bf58e754fd2,5,94215311,0.001518928673329004,1741111427586813,Bitcoin,0.0859791375,BTC,0,1,2025-03-04
cx88fd7df7ddff82f7cc735c871dc519838cb235bb,cxa0af3165c08318e988cb30993b3048335b94af6c,cx5faae53c4dbd1fbe4a2eb4aab6565030f10da5c6,0x2ae3f3fd9deb67d,0x96d1c537d8bf40d19a9391ce2123f3e6966963c9023c3d62f3b86bf58e754fd2,3,94215311,0.19316137749425114,1741111427586813,Balanced Dollar,0.0859791375,bnUSD,0,1,2025-03-04
cx07b184a37f03c6ab681fcbd0b45aec6dc3eafbeb,cxa0af3165c08318e988cb30993b3048335b94af6c,cx21e94c08c03daee80c25d8ee3ea22a20786ec231,0x5657524034f6c,0x96d1c537d8bf40d19a9391ce2123f3e6966963c9023c3d62f3b86bf58e754fd2,2,94215311,0.001518928673329004,1741111427586813,Bitcoin,0.0859791375,BTC,0,1,2025-03-04
cx88fd7df7ddff82f7cc735c871dc519838cb235bb,cx21e94c08c03daee80c25d8ee3ea22a20786ec231,cxa0af3165c08318e988cb30993b3048335b94af6c,0x6fb1a0b9cb3fb3b88,0x96d1c537d8bf40d19a9391ce2123f3e6966963c9023c3d62f3b86bf58e754fd2,1,94215311,128.77425166283408,1741111427586813,Balanced Dollar,0.0859791375,bnUSD,0,1,2025-03-04
cx88fd7df7ddff82f7cc735c871dc519838cb235bb,hx1adc2b41608d81704d775ff143f43ab6efe0d792,cx21e94c08c03daee80c25d8ee3ea22a20786ec231,0x6fb1a0b9cb3fb3b88,0x96d1c537d8bf40d19a9391ce2123f3e6966963c9023c3d62f3b86bf58e754fd2,0,94215311,128.77425166283408,1741111427586813,Balanced Dollar,0.0859791375,bnUSD,0,1,2025-03-04
cx88fd7df7ddff82f7cc735c871dc519838cb235bb,hx0000000000000000000000000000000000000000,cx5faae53c4dbd1fbe4a2eb4aab6565030f10da5c6,0x392feffcd28f351,0x798ba24d4452a83b0057e4bc83890a938589ef555f09e2afae00dd3f68f92ab7,3,94215301,0.2575485033256682,1741111407488677,Balanced Dollar,0.105575975,bnUSD,0,1,2025-03-04
cx88fd7df7ddff82f7cc735c871dc519838cb235bb,cx66d4d90f5f113eba575bf793570135f9b10cece1,hx1adc2b41608d81704d775ff143f43ab6efe0d792,0x6fb1a0b9cb3fb3b88,0x798ba24d4452a83b0057e4bc83890a938589ef555f09e2afae00dd3f68f92ab7,1,94215301,128.77425166283408,1741111407488677,Balanced Dollar,0.105575975,bnUSD,0,1,2025-03-04
cx88fd7df7ddff82f7cc735c871dc519838cb235bb,hx0000000000000000000000000000000000000000,cx66d4d90f5f113eba575bf793570135f9b10cece1,0x6fb1a0b9cb3fb3b88,0x798ba24d4452a83b0057e4bc83890a938589ef555f09e2afae00dd3f68f92ab7,0,94215301,128.77425166283408,1741111407488677,Balanced Dollar,0.105575975,bnUSD,0,1,2025-03-04
cx2609b924e33ef00b648a409245c7ea394c467824,hx0000000000000000000000000000000000000000,cx66d4d90f5f113eba575bf793570135f9b10cece1,0x49446cd104de211ef0,0x52ec78d9dbe307e239ddfc20ac883b77008710771c321394e9b3e845e0f2d969,3,94215294,1351.542862891698,1741111393679533,Staked ICX,0.1112051,sICX,0,1,2025-03-04
cx88fd7df7ddff82f7cc735c871dc519838cb235bb,cxd82fb5d3effecd8c9071a4bba3856ad7222c4b91,hxd75467e3e4ce64e3424c747dfb71503017440433,0x3635c9adc5dea00000,0xb11f992515f57a4d714528e4dbb6fde2da2b457285f6c30e2b202c540472ae59,0,94215219,1000.0,1741111243607850,Balanced Dollar,0.02068825,bnUSD,0,1,2025-03-04
cx88fd7df7ddff82f7cc735c871dc519838cb235bb,cxa0af3165c08318e988cb30993b3048335b94af6c,cx5faae53c4dbd1fbe4a2eb4aab6565030f10da5c6,0xe9d197ebce1000,0x3f32aa20e42f18527e8cdce97f9ce39d38296916a9f6ba200d72e18a491841d8,2,94215192,0.06581412,1741111189616786,Balanced Dollar,0.0563614,bnUSD,0,1,2025-03-04
cx4297f4b63262507623b6ad575d0d8dd2db980e4e,cxa0af3165c08318e988cb30993b3048335b94af6c,hxd75467e3e4ce64e3424c747dfb71503017440433,0x37a8f264eadba882,0x3f32aa20e42f18527e8cdce97f9ce39d38296916a9f6ba200d72e18a491841d8,1,94215192,4.010721983424342,1741111189616786,Injective,0.0563614,INJ,0,1,2025-03-04
cx88fd7df7ddff82f7cc735c871dc519838cb235bb,hxd75467e3e4ce64e3424c747dfb71503017440433,cxa0af3165c08318e988cb30993b3048335b94af6c,0x260e7264b689f0000,0x3f32aa20e42f18527e8cdce97f9ce39d38296916a9f6ba200d72e18a491841d8,0,94215192,43.87608,1741111189616786,Balanced Dollar,0.0563614,bnUSD,0,1,2025-03-04
cx508002ec116fbf3ab406329c0df28e70d7e75fb3,hx0000000000000000000000000000000000000000,cx66d4d90f5f113eba575bf793570135f9b10cece1,0x1c203db80,0x439985b881c94e9621a8502cd04e2ad51c8613cc6e722344b894797c9ace11ed,1,94215163,7.55,1741111131379782,Sui,0.038045,SUI,0,1,2025-03-04
cxd17316e24ee40f2ef8ed6f3a497311db1b35206d,hxdd3f99cb717505a65dc8f891c18518f35f12fb93,hxdd3f99cb717505a65dc8f891c18518f35f12fb93,0x0,0x531a9eee491d0802759cda3a22c5643b4e10657032625c20c4780b61f2f0194a,0,94215111,0.0,1741111027442037,unknown_token,0.0043602625,$unknown,34,1,2025-03-04
cxd17316e24ee40f2ef8ed6f3a497311db1b35206d,hxdd3f99cb717505a65dc8f891c18518f35f12fb93,hxdd3f99cb717505a65dc8f891c18518f35f12fb93,0x0,0x8d6181d01f2393d8636b755089b8ed2579a723f700117c0db441753917504b86,0,94215088,0.0,1741110981326793,unknown_token,0.0043642625,$unknown,34,1,2025-03-04
cx88fd7df7ddff82f7cc735c871dc519838cb235bb,cxa0af3165c08318e988cb30993b3048335b94af6c,cx5faae53c4dbd1fbe4a2eb4aab6565030f10da5c6,0xe9d197ebce1000,0xc4480835dc685c08c5fa55eef37a243fe79d7b4b4e4f9d9440f0f001f89c31f3,2,94215086,0.06581412,1741110977425412,Balanced Dollar,0.0563614,bnUSD,0,1,2025-03-04
cx4297f4b63262507623b6ad575d0d8dd2db980e4e,cxa0af3165c08318e988cb30993b3048335b94af6c,hxd75467e3e4ce64e3424c747dfb71503017440433,0x37afba6941f0ce71,0xc4480835dc685c08c5fa55eef37a243fe79d7b4b4e4f9d9440f0f001f89c31f3,1,94215086,4.012630754251035,1741110977425412,Injective,0.0563614,INJ,0,1,2025-03-04
cx88fd7df7ddff82f7cc735c871dc519838cb235bb,hxd75467e3e4ce64e3424c747dfb71503017440433,cxa0af3165c08318e988cb30993b3048335b94af6c,0x260e7264b689f0000,0xc4480835dc685c08c5fa55eef37a243fe79d7b4b4e4f9d9440f0f001f89c31f3,0,94215086,43.87608,1741110977425412,Balanced Dollar,0.0563614,bnUSD,0,1,2025-03-04
cx88fd7df7ddff82f7cc735c871dc519838cb235bb,cxa0af3165c08318e988cb30993b3048335b94af6c,cx5faae53c4dbd1fbe4a2eb4aab6565030f10da5c6,0x15373d0a1366200,0xaba568f0be8772c296809a8bf5a21291416a8d279176578da385c4b13ca45238,2,94215074,0.095547357,1741110953315431,Balanced Dollar,0.0563991125,bnUSD,0,1,2025-03-04
cx288d13e1b63563459a2ac6179f237711f6851cb5,cxa0af3165c08318e988cb30993b3048335b94af6c,hxd75467e3e4ce64e3424c747dfb71503017440433,0x6af52bdf0de5bd,0xaba568f0be8772c296809a8bf5a21291416a8d279176578da385c4b13ca45238,1,94215074,0.03010591630595833,1741110953315431,Ethereum,0.0563991125,ETH,0,1,2025-03-04
cx88fd7df7ddff82f7cc735c871dc519838cb235bb,hxd75467e3e4ce64e3424c747dfb71503017440433,cxa0af3165c08318e988cb30993b3048335b94af6c,0x373fd99f92849e000,0xaba568f0be8772c296809a8bf5a21291416a8d279176578da385c4b13ca45238,0,94215074,63.698238,1741110953315431,Balanced Dollar,0.0563991125,bnUSD,0,1,2025-03-04
cx88fd7df7ddff82f7cc735c871dc519838cb235bb,cxa0af3165c08318e988cb30993b3048335b94af6c,cx5faae53c4dbd1fbe4a2eb4aab6565030f10da5c6,0xea081bca367800,0x9e7360588a1b4da08202992747db901261a46448413c46afcd9c8c62c0aa6940,2,94215060,0.06587406,1741110925314592,Balanced Dollar,0.0563614,bnUSD,0,1,2025-03-04
cx4297f4b63262507623b6ad575d0d8dd2db980e4e,cxa0af3165c08318e988cb30993b3048335b94af6c,hxd75467e3e4ce64e3424c747dfb71503017440433,0x37c381c86d4afa31,0x9e7360588a1b4da08202992747db901261a46448413c46afcd9c8c62c0aa6940,1,94215060,4.018197990371687,1741110925314592,Injective,0.0563614,INJ,0,1,2025-03-04
cx88fd7df7ddff82f7cc735c871dc519838cb235bb,hxd75467e3e4ce64e3424c747dfb71503017440433,cxa0af3165c08318e988cb30993b3048335b94af6c,0x261751db3edd88000,0x9e7360588a1b4da08202992747db901261a46448413c46afcd9c8c62c0aa6940,0,94215060,43.91604,1741110925314592,Balanced Dollar,0.0563614,bnUSD,0,1,2025-03-04
cxd17316e24ee40f2ef8ed6f3a497311db1b35206d,hxdd3f99cb717505a65dc8f891c18518f35f12fb93,hxdd3f99cb717505a65dc8f891c18518f35f12fb93,0x0,0x532d02713ade47ae18f255166aef76d16d6d4249dc418ffd546791a992443258,0,94215051,0.0,1741110907298375,unknown_token,0.0043642625,$unknown,34,1,2025-03-04
cx88fd7df7ddff82f7cc735c871dc519838cb235bb,cxa0af3165c08318e988cb30993b3048335b94af6c,cx5faae53c4dbd1fbe4a2eb4aab6565030f10da5c6,0xe9d197ebce1000,0x1b15771e28063d1657e7e29859b0c02545e94612bb0a127768f1b99276b43d3d,2,94215030,0.06581412,1741110865288202,Balanced Dollar,0.0563614,bnUSD,0,1,2025-03-04
cx4297f4b63262507623b6ad575d0d8dd2db980e4e,cxa0af3165c08318e988cb30993b3048335b94af6c,hxd75467e3e4ce64e3424c747dfb71503017440433,0x37bd4fbff73b1398,0x1b15771e28063d1657e7e29859b0c02545e94612bb0a127768f1b99276b43d3d,1,94215030,4.016454128589542,1741110865288202,Injective,0.0563614,INJ,0,1,2025-03-04
cx88fd7df7ddff82f7cc735c871dc519838cb235bb,hxd75467e3e4ce64e3424c747dfb71503017440433,cxa0af3165c08318e988cb30993b3048335b94af6c,0x260e7264b689f0000,0x1b15771e28063d1657e7e29859b0c02545e94612bb0a127768f1b99276b43d3d,0,94215030,43.87608,1741110865288202,Balanced Dollar,0.0563614,bnUSD,0,1,2025-03-04
cx2609b924e33ef00b648a409245c7ea394c467824,hxd2e221b2fddfe0b4ffeda89bde1da651d073fcd6,cx66d4d90f5f113eba575bf793570135f9b10cece1,0x2086be9c24b531e6cc,0xaa3cff8088649f9811a9bf13df7ce0d213ed9ab93785a453c27f754b37deaf20,1,94215021,600.0051798868358,1741110847279006,Staked ICX,0.09526225,sICX,0,1,2025-03-04
cx2609b924e33ef00b648a409245c7ea394c467824,hx256bc15ee1ded70f478fb07fec5f3c13d66aa619,cx66d4d90f5f113eba575bf793570135f9b10cece1,0x33f6a5bf47233b61f,0xd90acd7e1fb09a27021776c90014f6f41d34749250a70e5c54b6acda62e56ef8,1,94214984,59.909798098495585,1741110773248084,Staked ICX,0.0952824375,sICX,0,1,2025-03-04
cx65c9e3d4fea842e00add0d32a5b4c5e4e04c7a6b,hx1adc2b41608d81704d775ff143f43ab6efe0d792,cx66d4d90f5f113eba575bf793570135f9b10cece1,0x353e646,0xfef7b377c697bc322be9bd3b34f1e6760d34be5fb9259c9bf0db61445ba5fbe9,0,94214966,0.055830086,1741110737241797,Solana,0.022488375,SOL,0,1,2025-03-04
cx65c9e3d4fea842e00add0d32a5b4c5e4e04c7a6b,cx21e94c08c03daee80c25d8ee3ea22a20786ec231,hx1adc2b41608d81704d775ff143f43ab6efe0d792,0x353e56c,0xaa324396b17574115df6948a17c73a17af2bc06cbc084c92c74888dbee56d020,5,94214958,0.055829868,1741110721234609,Solana,0.07572775,SOL,0,1,2025-03-04
cx88fd7df7ddff82f7cc735c871dc519838cb235bb,cxa0af3165c08318e988cb30993b3048335b94af6c,cx5faae53c4dbd1fbe4a2eb4aab6565030f10da5c6,0x29e2a044c88e92,0xaa324396b17574115df6948a17c73a17af2bc06cbc084c92c74888dbee56d020,3,94214958,0.011789652021776018,1741110721234609,Balanced Dollar,0.07572775,bnUSD,0,1,2025-03-04
cx65c9e3d4fea842e00add0d32a5b4c5e4e04c7a6b,cxa0af3165c08318e988cb30993b3048335b94af6c,cx21e94c08c03daee80c25d8ee3ea22a20786ec231,0x353e56c,0xaa324396b17574115df6948a17c73a17af2bc06cbc084c92c74888dbee56d020,2,94214958,0.055829868,1741110721234609,Solana,0.07572775,SOL,0,1,2025-03-04
cx88fd7df7ddff82f7cc735c871dc519838cb235bb,cx21e94c08c03daee80c25d8ee3ea22a20786ec231,cxa0af3165c08318e988cb30993b3048335b94af6c,0x6d13815dca489e77,0xaa324396b17574115df6948a17c73a17af2bc06cbc084c92c74888dbee56d020,1,94214958,7.859768014517346,1741110721234609,Balanced Dollar,0.07572775,bnUSD,0,1,2025-03-04
cx88fd7df7ddff82f7cc735c871dc519838cb235bb,hx1adc2b41608d81704d775ff143f43ab6efe0d792,cx21e94c08c03daee80c25d8ee3ea22a20786ec231,0x6d13815dca489e77,0xaa324396b17574115df6948a17c73a17af2bc06cbc084c92c74888dbee56d020,0,94214958,7.859768014517346,1741110721234609,Balanced Dollar,0.07572775,bnUSD,0,1,2025-03-04
cx88fd7df7ddff82f7cc735c871dc519838cb235bb,hx0000000000000000000000000000000000000000,cx5faae53c4dbd1fbe4a2eb4aab6565030f10da5c6,0x37d8d5b10b68c3,0xf555435b6c516b33945330079e678314f62cb08d593c4fbe09c9f243db455768,3,94214943,0.01571953602903469,1741110691221597,Balanced Dollar,0.1055297875,bnUSD,0,1,2025-03-04
cx88fd7df7ddff82f7cc735c871dc519838cb235bb,cx66d4d90f5f113eba575bf793570135f9b10cece1,hx1adc2b41608d81704d775ff143f43ab6efe0d792,0x6d13815dca489e77,0xf555435b6c516b33945330079e678314f62cb08d593c4fbe09c9f243db455768,1,94214943,7.859768014517346,1741110691221597,Balanced Dollar,0.1055297875,bnUSD,0,1,2025-03-04
cx88fd7df7ddff82f7cc735c871dc519838cb235bb,hx0000000000000000000000000000000000000000,cx66d4d90f5f113eba575bf793570135f9b10cece1,0x6d13815dca489e77,0xf555435b6c516b33945330079e678314f62cb08d593c4fbe09c9f243db455768,0,94214943,7.859768014517346,1741110691221597,Balanced Dollar,0.1055297875,bnUSD,0,1,2025-03-04
cx88fd7df7ddff82f7cc735c871dc519838cb235bb,cxa0af3165c08318e988cb30993b3048335b94af6c,cx5faae53c4dbd1fbe4a2eb4aab6565030f10da5c6,0x152d9ac69277e83,0x7b3645e041a110ce3a92405749e73d354d4d615106e52951bc3bc176db598846,2,94214942,0.09537787665,1741110689425393,Balanced Dollar,0.0563991125,bnUSD,0,1,2025-03-04
cx288d13e1b63563459a2ac6179f237711f6851cb5,cxa0af3165c08318e988cb30993b3048335b94af6c,hxd75467e3e4ce64e3424c747dfb71503017440433,0x6acc665c49ae00,0x7b3645e041a110ce3a92405749e73d354d4d615106e52951bc3bc176db598846,1,94214942,0.030061087538392577,1741110689425393,Ethereum,0.0563991125,ETH,0,1,2025-03-04
cx88fd7df7ddff82f7cc735c871dc519838cb235bb,hxd75467e3e4ce64e3424c747dfb71503017440433,cxa0af3165c08318e988cb30993b3048335b94af6c,0x3726c30fc81842000,0x7b3645e041a110ce3a92405749e73d354d4d615106e52951bc3bc176db598846,0,94214942,63.5852511,1741110689425393,Balanced Dollar,0.0563991125,bnUSD,0,1,2025-03-04
cx2609b924e33ef00b648a409245c7ea394c467824,hx1adc2b41608d81704d775ff143f43ab6efe0d792,cx66d4d90f5f113eba575bf793570135f9b10cece1,0x3fcf792ffc7e86843,0x0a7d454ece3689a8bb01912388577be97541d9e86dcce595b6eace3f9ddc20bd,1,94214934,73.56843186520224,1741110673214462,Staked ICX,0.09525775,sICX,0,1,2025-03-04
cx2e6d0fc0eca04965d06038c8406093337f085fcf,hx1adc2b41608d81704d775ff143f43ab6efe0d792,cx21e94c08c03daee80c25d8ee3ea22a20786ec231,0x1f3faf8df81281f0bab9,0xd187387e65b5ed6d2e6fe6107ee0f00b92a5c23f33652bfde055862ec4aba4fb,13,94214924,147568.15588528942,1741110653206316,Craft,0.286101725,CFT,0,1,2025-03-04
cx2609b924e33ef00b648a409245c7ea394c467824,cx21e94c08c03daee80c25d8ee3ea22a20786ec231,hx1adc2b41608d81704d775ff143f43ab6efe0d792,0x3fcf792ffc7e86843,0xd187387e65b5ed6d2e6fe6107ee0f00b92a5c23f33652bfde055862ec4aba4fb,11,94214924,73.56843186520224,1741110653206316,Staked ICX,0.286101725,sICX,0,1,2025-03-04
cx2e6d0fc0eca04965d06038c8406093337f085fcf,cx21e94c08c03daee80c25d8ee3ea22a20786ec231,cxa0af3165c08318e988cb30993b3048335b94af6c,0x1f3faf8df81281f0bab9,0xd187387e65b5ed6d2e6fe6107ee0f00b92a5c23f33652bfde055862ec4aba4fb,10,94214924,147568.15588528942,1741110653206316,Craft,0.286101725,CFT,0,1,2025-03-04
cx2609b924e33ef00b648a409245c7ea394c467824,cx203d9cd2a669be67177e997b8948ce2c35caffae,cx835b300dcfe01f0bdb794e134a0c5628384f4367,0x1dcb1da63c49f7f2,0xd187387e65b5ed6d2e6fe6107ee0f00b92a5c23f33652bfde055862ec4aba4fb,7,94214924,2.1468422471854307,1741110653206316,Staked ICX,0.286101725,sICX,0,1,2025-03-04
cx2609b924e33ef00b648a409245c7ea394c467824,cx5faae53c4dbd1fbe4a2eb4aab6565030f10da5c6,cx203d9cd2a669be67177e997b8948ce2c35caffae,0x2a8fe1369f451911,0xd187387e65b5ed6d2e6fe6107ee0f00b92a5c23f33652bfde055862ec4aba4fb,4,94214924,3.0669174959791863,1741110653206316,Staked ICX,0.286101725,sICX,0,1,2025-03-04
cx2609b924e33ef00b648a409245c7ea394c467824,cx5faae53c4dbd1fbe4a2eb4aab6565030f10da5c6,cxdc30a0d3a1f131565c071272a20bc0b06fd4c17b,0x2a8fe1369f451911,0xd187387e65b5ed6d2e6fe6107ee0f00b92a5c23f33652bfde055862ec4aba4fb,2,94214924,3.0669174959791863,1741110653206316,Staked ICX,0.286101725,sICX,0,1,2025-03-04
cx2609b924e33ef00b648a409245c7ea394c467824,cxa0af3165c08318e988cb30993b3048335b94af6c,cx5faae53c4dbd1fbe4a2eb4aab6565030f10da5c6,0x186b48331525358,0xd187387e65b5ed6d2e6fe6107ee0f00b92a5c23f33652bfde055862ec4aba4fb,1,94214924,0.10997371647835016,1741110653206316,Staked ICX,0.286101725,sICX,0,1,2025-03-04
cx2609b924e33ef00b648a409245c7ea394c467824,cxa0af3165c08318e988cb30993b3048335b94af6c,cx21e94c08c03daee80c25d8ee3ea22a20786ec231,0x3fcf792ffc7e86843,0xd187387e65b5ed6d2e6fe6107ee0f00b92a5c23f33652bfde055862ec4aba4fb,0,94214924,73.56843186520224,1741110653206316,Staked ICX,0.286101725,sICX,0,1,2025-03-04
cx2609b924e33ef00b648a409245c7ea394c467824,hx1adc2b41608d81704d775ff143f43ab6efe0d792,hxd2e221b2fddfe0b4ffeda89bde1da651d073fcd6,0x2086be9c24b531e6cc,0x71d4500bb7202b2ea70d43f70010bf184266101f33b6d55638b6c5d1266764e1,0,94214907,600.0051798868358,1741110619353090,Staked ICX,0.019157175,sICX,0,2,2025-03-04
cx88fd7df7ddff82f7cc735c871dc519838cb235bb,cxa0af3165c08318e988cb30993b3048335b94af6c,cx5faae53c4dbd1fbe4a2eb4aab6565030f10da5c6,0x15326f2dad14000,0xa2435cf649028bfca44fce9df6367d61921b96ff490c4b1581f44d02b686bad0,2,94214907,0.0954628416,1741110619353090,Balanced Dollar,0.0563991125,bnUSD,0,1,2025-03-04
cx288d13e1b63563459a2ac6179f237711f6851cb5,cxa0af3165c08318e988cb30993b3048335b94af6c,hxd75467e3e4ce64e3424c747dfb71503017440433,0x6aec8f162f37b4,0xa2435cf649028bfca44fce9df6367d61921b96ff490c4b1581f44d02b686bad0,1,94214907,0.030096446828001205,1741110619353090,Ethereum,0.0563991125,ETH,0,1,2025-03-04
cx88fd7df7ddff82f7cc735c871dc519838cb235bb,hxd75467e3e4ce64e3424c747dfb71503017440433,cxa0af3165c08318e988cb30993b3048335b94af6c,0x373356dc480ec0000,0xa2435cf649028bfca44fce9df6367d61921b96ff490c4b1581f44d02b686bad0,0,94214907,63.6418944,1741110619353090,Balanced Dollar,0.0563991125,bnUSD,0,1,2025-03-04
cx2609b924e33ef00b648a409245c7ea394c467824,hx1adc2b41608d81704d775ff143f43ab6efe0d792,hx256bc15ee1ded70f478fb07fec5f3c13d66aa619,0x324e964b3eca80000,0x71bc35bd4396af55aef88c8b88206bbf346e06e116ec684730065d79566f3a1d,0,94214900,58.0,1741110605405851,Staked ICX,0.0191678625,sICX,0,1,2025-03-04
cx2609b924e33ef00b648a409245c7ea394c467824,cx21e94c08c03daee80c25d8ee3ea22a20786ec231,hx1adc2b41608d81704d775ff143f43ab6efe0d792,0x23ab997317323a7a0a,0xba6c013861ebde52925472b077d550c03b22c6c4c88cc32c5ca2bd8d7ae1d634,5,94214883,658.0010833752209,1741110571179753,Staked ICX,0.1103272875,sICX,0,1,2025-03-04
cx88fd7df7ddff82f7cc735c871dc519838cb235bb,cxa0af3165c08318e988cb30993b3048335b94af6c,cx5faae53c4dbd1fbe4a2eb4aab6565030f10da5c6,0x1eff2de2e35dd98,0xba6c013861ebde52925472b077d550c03b22c6c4c88cc32c5ca2bd8d7ae1d634,3,94214883,0.1395971495437183,1741110571179753,Balanced Dollar,0.1103272875,bnUSD,0,1,2025-03-04
cx2609b924e33ef00b648a409245c7ea394c467824,cxa0af3165c08318e988cb30993b3048335b94af6c,cx21e94c08c03daee80c25d8ee3ea22a20786ec231,0x23ab997317323a7a0a,0xba6c013861ebde52925472b077d550c03b22c6c4c88cc32c5ca2bd8d7ae1d634,2,94214883,658.0010833752209,1741110571179753,Staked ICX,0.1103272875,sICX,0,1,2025-03-04
cx88fd7df7ddff82f7cc735c871dc519838cb235bb,cx21e94c08c03daee80c25d8ee3ea22a20786ec231,cxa0af3165c08318e988cb30993b3048335b94af6c,0x50b8877edac46669f,0xba6c013861ebde52925472b077d550c03b22c6c4c88cc32c5ca2bd8d7ae1d634,1,94214883,93.06476636247886,1741110571179753,Balanced Dollar,0.1103272875,bnUSD,0,1,2025-03-04
cx88fd7df7ddff82f7cc735c871dc519838cb235bb,hx1adc2b41608d81704d775ff143f43ab6efe0d792,cx21e94c08c03daee80c25d8ee3ea22a20786ec231,0x50b8877edac46669f,0xba6c013861ebde52925472b077d550c03b22c6c4c88cc32c5ca2bd8d7ae1d634,0,94214883,93.06476636247886,1741110571179753,Balanced Dollar,0.1103272875,bnUSD,0,1,2025-03-04
cx88fd7df7ddff82f7cc735c871dc519838cb235bb,cxa0af3165c08318e988cb30993b3048335b94af6c,cx5faae53c4dbd1fbe4a2eb4aab6565030f10da5c6,0x153070eabe8a6f9,0x212d598afaa51153b028741e98f8f1efd916823f2380c2d36910b4ea35caf098,2,94214873,0.0954277767,1741110551167737,Balanced Dollar,0.0563991125,bnUSD,0,1,2025-03-04
cx288d13e1b63563459a2ac6179f237711f6851cb5,cxa0af3165c08318e988cb30993b3048335b94af6c,hxd75467e3e4ce64e3424c747dfb71503017440433,0x6aea4f89366018,0x212d598afaa51153b028741e98f8f1efd916823f2380c2d36910b4ea35caf098,1,94214873,0.03009397485668764,1741110551167737,Ethereum,0.0563991125,ETH,0,1,2025-03-04
cx88fd7df7ddff82f7cc735c871dc519838cb235bb,hxd75467e3e4ce64e3424c747dfb71503017440433,cxa0af3165c08318e988cb30993b3048335b94af6c,0x372e260dfaddd8000,0x212d598afaa51153b028741e98f8f1efd916823f2380c2d36910b4ea35caf098,0,94214873,63.6185178,1741110551167737,Balanced Dollar,0.0563991125,bnUSD,0,1,2025-03-04
cx88fd7df7ddff82f7cc735c871dc519838cb235bb,hx0000000000000000000000000000000000000000,cx5faae53c4dbd1fbe4a2eb4aab6565030f10da5c6,0x29543d2e847d220,0xbb6e0f79ecbf4c38798a45f219dac2a8beebbcbae7443d8dca4dee83cd9e4cee,3,94214869,0.18612953272495772,1741110543359998,Balanced Dollar,0.1023240875,bnUSD,0,1,2025-03-04
cx88fd7df7ddff82f7cc735c871dc519838cb235bb,cx66d4d90f5f113eba575bf793570135f9b10cece1,hx1adc2b41608d81704d775ff143f43ab6efe0d792,0x50b8877edac46669f,0xbb6e0f79ecbf4c38798a45f219dac2a8beebbcbae7443d8dca4dee83cd9e4cee,1,94214869,93.06476636247886,1741110543359998,Balanced Dollar,0.1023240875,bnUSD,0,1,2025-03-04
cx88fd7df7ddff82f7cc735c871dc519838cb235bb,hx0000000000000000000000000000000000000000,cx66d4d90f5f113eba575bf793570135f9b10cece1,0x50b8877edac46669f,0xbb6e0f79ecbf4c38798a45f219dac2a8beebbcbae7443d8dca4dee83cd9e4cee,0,94214869,93.06476636247886,1741110543359998,Balanced Dollar,0.1023240875,bnUSD,0,1,2025-03-04
cx65c9e3d4fea842e00add0d32a5b4c5e4e04c7a6b,hx1adc2b41608d81704d775ff143f43ab6efe0d792,cx66d4d90f5f113eba575bf793570135f9b10cece1,0x3721eff8,0xedb5c260c01dd3fa2540223c68bf3d24ddc704619957b223f6f7b98ea7dadc38,0,94214863,0.924971,1741110531165098,Solana,0.022494875,SOL,0,1,2025-03-04
cx65c9e3d4fea842e00add0d32a5b4c5e4e04c7a6b,cx21e94c08c03daee80c25d8ee3ea22a20786ec231,hx1adc2b41608d81704d775ff143f43ab6efe0d792,0x3721ee7a,0x5666cc876a4a2240ad6c32350a91774df33280866c9920faf1e14dd1e315aff5,5,94214856,0.924970618,1741110517160524,Solana,0.0757399375,SOL,0,1,2025-03-04
cx88fd7df7ddff82f7cc735c871dc519838cb235bb,cxa0af3165c08318e988cb30993b3048335b94af6c,cx5faae53c4dbd1fbe4a2eb4aab6565030f10da5c6,0x2b55410dcc24a17,0x5666cc876a4a2240ad6c32350a91774df33280866c9920faf1e14dd1e315aff5,3,94214856,0.195154590260415,1741110517160524,Balanced Dollar,0.0757399375,bnUSD,0,1,2025-03-04
cx65c9e3d4fea842e00add0d32a5b4c5e4e04c7a6b,cxa0af3165c08318e988cb30993b3048335b94af6c,cx21e94c08c03daee80c25d8ee3ea22a20786ec231,0x3721ee7a,0x5666cc876a4a2240ad6c32350a91774df33280866c9920faf1e14dd1e315aff5,2,94214856,0.924970618,1741110517160524,Solana,0.0757399375,SOL,0,1,2025-03-04
cx88fd7df7ddff82f7cc735c871dc519838cb235bb,cx21e94c08c03daee80c25d8ee3ea22a20786ec231,cxa0af3165c08318e988cb30993b3048335b94af6c,0x70d8aebe98f4b9c65,0x5666cc876a4a2240ad6c32350a91774df33280866c9920faf1e14dd1e315aff5,1,94214856,130.10306017361,1741110517160524,Balanced Dollar,0.0757399375,bnUSD,0,1,2025-03-04
cx88fd7df7ddff82f7cc735c871dc519838cb235bb,hx1adc2b41608d81704d775ff143f43ab6efe0d792,cx21e94c08c03daee80c25d8ee3ea22a20786ec231,0x70d8aebe98f4b9c65,0x5666cc876a4a2240ad6c32350a91774df33280866c9920faf1e14dd1e315aff5,0,94214856,130.10306017361,1741110517160524,Balanced Dollar,0.0757399375,bnUSD,0,1,2025-03-04
cx88fd7df7ddff82f7cc735c871dc519838cb235bb,cxa0af3165c08318e988cb30993b3048335b94af6c,cx5faae53c4dbd1fbe4a2eb4aab6565030f10da5c6,0x1542f7bb5405c6a,0xea06af7444c842408ba6b3983af1ff7561e9f9d2a0c5cabcbb010b4e416e7df3,2,94214849,0.09575370044999998,1741110503152506,Balanced Dollar,0.056417925,bnUSD,0,1,2025-03-04
cx288d13e1b63563459a2ac6179f237711f6851cb5,cxa0af3165c08318e988cb30993b3048335b94af6c,hxd75467e3e4ce64e3424c747dfb71503017440433,0x6b4fa3a4bba842,0xea06af7444c842408ba6b3983af1ff7561e9f9d2a0c5cabcbb010b4e416e7df3,1,94214849,0.030205386770065474,1741110503152506,Ethereum,0.056417925,ETH,0,1,2025-03-04
cx88fd7df7ddff82f7cc735c871dc519838cb235bb,hxd75467e3e4ce64e3424c747dfb71503017440433,cxa0af3165c08318e988cb30993b3048335b94af6c,0x375e6522802460000,0xea06af7444c842408ba6b3983af1ff7561e9f9d2a0c5cabcbb010b4e416e7df3,0,94214849,63.83580029999999,1741110503152506,Balanced Dollar,0.056417925,bnUSD,0,1,2025-03-04
cx88fd7df7ddff82f7cc735c871dc519838cb235bb,cx203d9cd2a669be67177e997b8948ce2c35caffae,cx835b300dcfe01f0bdb794e134a0c5628384f4367,0x9b2e8bb6ba331a99,0x371888e2f348ca72ab29c3a0865eb430d9c238b82d84672c56e0a8deeddcb9c9,7,94214845,11.182028541731741,1741110495296030,Balanced Dollar,0.1477127875,bnUSD,0,1,2025-03-04
cx88fd7df7ddff82f7cc735c871dc519838cb235bb,cx5faae53c4dbd1fbe4a2eb4aab6565030f10da5c6,cx203d9cd2a669be67177e997b8948ce2c35caffae,0xddb0354e2e922600,0x371888e2f348ca72ab29c3a0865eb430d9c238b82d84672c56e0a8deeddcb9c9,5,94214845,15.9743264881882,1741110495296030,Balanced Dollar,0.1477127875,bnUSD,0,1,2025-03-04
cx88fd7df7ddff82f7cc735c871dc519838cb235bb,cx5faae53c4dbd1fbe4a2eb4aab6565030f10da5c6,cxdc30a0d3a1f131565c071272a20bc0b06fd4c17b,0xddb0354e2e9225ff,0x371888e2f348ca72ab29c3a0865eb430d9c238b82d84672c56e0a8deeddcb9c9,4,94214845,15.9743264881882,1741110495296030,Balanced Dollar,0.1477127875,bnUSD,0,1,2025-03-04
cx88fd7df7ddff82f7cc735c871dc519838cb235bb,hx0000000000000000000000000000000000000000,cx5faae53c4dbd1fbe4a2eb4aab6565030f10da5c6,0x39c70167badb81e,0x371888e2f348ca72ab29c3a0865eb430d9c238b82d84672c56e0a8deeddcb9c9,3,94214845,0.26020612034722,1741110495296030,Balanced Dollar,0.1477127875,bnUSD,0,1,2025-03-04
cx88fd7df7ddff82f7cc735c871dc519838cb235bb,cx66d4d90f5f113eba575bf793570135f9b10cece1,hx1adc2b41608d81704d775ff143f43ab6efe0d792,0x70d8aebe98f4b9c65,0x371888e2f348ca72ab29c3a0865eb430d9c238b82d84672c56e0a8deeddcb9c9,1,94214845,130.10306017361,1741110495296030,Balanced Dollar,0.1477127875,bnUSD,0,1,2025-03-04
cx88fd7df7ddff82f7cc735c871dc519838cb235bb,hx0000000000000000000000000000000000000000,cx66d4d90f5f113eba575bf793570135f9b10cece1,0x70d8aebe98f4b9c65,0x371888e2f348ca72ab29c3a0865eb430d9c238b82d84672c56e0a8deeddcb9c9,0,94214845,130.10306017361,1741110495296030,Balanced Dollar,0.1477127875,bnUSD,0,1,2025-03-04
cx88fd7df7ddff82f7cc735c871dc519838cb235bb,cxa0af3165c08318e988cb30993b3048335b94af6c,cx5faae53c4dbd1fbe4a2eb4aab6565030f10da5c6,0x15415b98f5d1c00,0x53fd9f4e1ffed529d9c70c0cbb70876744655bc2febfbb500620fefe99974502,2,94214839,0.0957253788,1741110483339535,Balanced Dollar,0.056400425,bnUSD,0,1,2025-03-04
cx288d13e1b63563459a2ac6179f237711f6851cb5,cxa0af3165c08318e988cb30993b3048335b94af6c,hxd75467e3e4ce64e3424c747dfb71503017440433,0x6b4f600663add3,0x53fd9f4e1ffed529d9c70c0cbb70876744655bc2febfbb500620fefe99974502,1,94214839,0.030205096350690772,1741110483339535,Ethereum,0.056400425,ETH,0,1,2025-03-04
cx88fd7df7ddff82f7cc735c871dc519838cb235bb,hxd75467e3e4ce64e3424c747dfb71503017440433,cxa0af3165c08318e988cb30993b3048335b94af6c,0x375a33de557ce4000,0x53fd9f4e1ffed529d9c70c0cbb70876744655bc2febfbb500620fefe99974502,0,94214839,63.8169192,1741110483339535,Balanced Dollar,0.056400425,bnUSD,0,1,2025-03-04
cx2609b924e33ef00b648a409245c7ea394c467824,hx0000000000000000000000000000000000000000,cx66d4d90f5f113eba575bf793570135f9b10cece1,0x4a157740d7edb3e39a,0xfe137bb7f8711e4e409249f290a82ad677d61932936052fb06e51d1f66c2a27a,3,94214838,1366.605837747682,1741110481141202,Staked ICX,0.1111955375,sICX,0,1,2025-03-04
cx88fd7df7ddff82f7cc735c871dc519838cb235bb,cxa0af3165c08318e988cb30993b3048335b94af6c,cx5faae53c4dbd1fbe4a2eb4aab6565030f10da5c6,0x1ae2886efd4a000,0x8bd08c5e231a35f2c49229197209367a5b7a8c3a7c86b012dc6bf05530da73a4,2,94214807,0.1210788,1741110419262995,Balanced Dollar,0.056310275,bnUSD,0,1,2025-03-04
cx66a031cc3bd305c76371fb586e93801b948254f0,cxa0af3165c08318e988cb30993b3048335b94af6c,hxd75467e3e4ce64e3424c747dfb71503017440433,0x37b062de7d5a9147,0x8bd08c5e231a35f2c49229197209367a5b7a8c3a7c86b012dc6bf05530da73a4,1,94214807,4.012815975712461,1741110419262995,Avalanche,0.056310275,AVAX,0,1,2025-03-04
cx88fd7df7ddff82f7cc735c871dc519838cb235bb,hxd75467e3e4ce64e3424c747dfb71503017440433,cxa0af3165c08318e988cb30993b3048335b94af6c,0x4603434bb39b60000,0x8bd08c5e231a35f2c49229197209367a5b7a8c3a7c86b012dc6bf05530da73a4,0,94214807,80.7192,1741110419262995,Balanced Dollar,0.056310275,bnUSD,0,1,2025-03-04
cx65c9e3d4fea842e00add0d32a5b4c5e4e04c7a6b,cx21e94c08c03daee80c25d8ee3ea22a20786ec231,hx0000000000000000000000000000000000000000,0x1aad8d9b1,0x2341efba2eb60376c3f6fba7a7353d2b9f44df88439ec3261c578a031ecac8f0,7,94214793,7.161305521,1741110391109490,Solana,0.1038326875,SOL,0,1,2025-03-04
cx88fd7df7ddff82f7cc735c871dc519838cb235bb,cxa0af3165c08318e988cb30993b3048335b94af6c,cx5faae53c4dbd1fbe4a2eb4aab6565030f10da5c6,0x14d1120d7b160000,0x2341efba2eb60376c3f6fba7a7353d2b9f44df88439ec3261c578a031ecac8f0,3,94214793,1.5,1741110391109490,Balanced Dollar,0.1038326875,bnUSD,0,1,2025-03-04
cx65c9e3d4fea842e00add0d32a5b4c5e4e04c7a6b,cxa0af3165c08318e988cb30993b3048335b94af6c,cx21e94c08c03daee80c25d8ee3ea22a20786ec231,0x1aad8d9b1,0x2341efba2eb60376c3f6fba7a7353d2b9f44df88439ec3261c578a031ecac8f0,2,94214793,7.161305521,1741110391109490,Solana,0.1038326875,SOL,0,1,2025-03-04
cx88fd7df7ddff82f7cc735c871dc519838cb235bb,cx21e94c08c03daee80c25d8ee3ea22a20786ec231,cxa0af3165c08318e988cb30993b3048335b94af6c,0x3635c9adc5dea00000,0x2341efba2eb60376c3f6fba7a7353d2b9f44df88439ec3261c578a031ecac8f0,1,94214793,1000.0,1741110391109490,Balanced Dollar,0.1038326875,bnUSD,0,1,2025-03-04
cx88fd7df7ddff82f7cc735c871dc519838cb235bb,hx385a695da4288bf7d70df14d1201e832c2bcf2a6,cx21e94c08c03daee80c25d8ee3ea22a20786ec231,0x3635c9adc5dea00000,0x2341efba2eb60376c3f6fba7a7353d2b9f44df88439ec3261c578a031ecac8f0,0,94214793,1000.0,1741110391109490,Balanced Dollar,0.1038326875,bnUSD,0,1,2025-03-04
cx88fd7df7ddff82f7cc735c871dc519838cb235bb,cxa0af3165c08318e988cb30993b3048335b94af6c,cx5faae53c4dbd1fbe4a2eb4aab6565030f10da5c6,0xe9d197ebce1000,0x3c178598cf484a5a5fb43bc6ee9ae00bc46a49b55206cb2ad1faf6c8076b1105,2,94214775,0.06581412,1741110355324747,Balanced Dollar,0.0563627125,bnUSD,0,1,2025-03-04
cx4297f4b63262507623b6ad575d0d8dd2db980e4e,cxa0af3165c08318e988cb30993b3048335b94af6c,hxd75467e3e4ce64e3424c747dfb71503017440433,0x37c41b7dc037e2fb,0x3c178598cf484a5a5fb43bc6ee9ae00bc46a49b55206cb2ad1faf6c8076b1105,1,94214775,4.018366994431075,1741110355324747,Injective,0.0563627125,INJ,0,1,2025-03-04
cx88fd7df7ddff82f7cc735c871dc519838cb235bb,hxd75467e3e4ce64e3424c747dfb71503017440433,cxa0af3165c08318e988cb30993b3048335b94af6c,0x260e7264b689f0000,0x3c178598cf484a5a5fb43bc6ee9ae00bc46a49b55206cb2ad1faf6c8076b1105,0,94214775,43.87608,1741110355324747,Balanced Dollar,0.0563627125,bnUSD,0,1,2025-03-04
cx88fd7df7ddff82f7cc735c871dc519838cb235bb,cxa0af3165c08318e988cb30993b3048335b94af6c,cx5faae53c4dbd1fbe4a2eb4aab6565030f10da5c6,0x153d1092a546ff3,0x44dd6589f9c5898263a0dc93243e5a3e9255102e8cd9b79b00f8b7e14ac9404a,2,94214768,0.09564985439999998,1741110341091058,Balanced Dollar,0.056400425,bnUSD,0,1,2025-03-04
cx288d13e1b63563459a2ac6179f237711f6851cb5,cxa0af3165c08318e988cb30993b3048335b94af6c,hxd75467e3e4ce64e3424c747dfb71503017440433,0x6b418e24a4263a,0x44dd6589f9c5898263a0dc93243e5a3e9255102e8cd9b79b00f8b7e14ac9404a,1,94214768,0.03018990126393913,1741110341091058,Ethereum,0.056400425,ETH,0,1,2025-03-04
cx88fd7df7ddff82f7cc735c871dc519838cb235bb,hxd75467e3e4ce64e3424c747dfb71503017440433,cxa0af3165c08318e988cb30993b3048335b94af6c,0x374f05d339138e000,0x44dd6589f9c5898263a0dc93243e5a3e9255102e8cd9b79b00f8b7e14ac9404a,0,94214768,63.76656959999999,1741110341091058,Balanced Dollar,0.056400425,bnUSD,0,1,2025-03-04
cx88fd7df7ddff82f7cc735c871dc519838cb235bb,cxa0af3165c08318e988cb30993b3048335b94af6c,cx5faae53c4dbd1fbe4a2eb4aab6565030f10da5c6,0xe99b140d65a800,0x8a7f8ff6de8ea9973844b661d732d1cd4e4e91ffce1384bfc3ae4d8b01119c08,2,94214758,0.06575418,1741110321087439,Balanced Dollar,0.0563627125,bnUSD,0,1,2025-03-04
cx4297f4b63262507623b6ad575d0d8dd2db980e4e,cxa0af3165c08318e988cb30993b3048335b94af6c,hxd75467e3e4ce64e3424c747dfb71503017440433,0x37bde59b24e61729,0x8a7f8ff6de8ea9973844b661d732d1cd4e4e91ffce1384bfc3ae4d8b01119c08,1,94214758,4.016618897186101,1741110321087439,Injective,0.0563627125,INJ,0,1,2025-03-04
cx88fd7df7ddff82f7cc735c871dc519838cb235bb,hxd75467e3e4ce64e3424c747dfb71503017440433,cxa0af3165c08318e988cb30993b3048335b94af6c,0x260592ee2e3658000,0x8a7f8ff6de8ea9973844b661d732d1cd4e4e91ffce1384bfc3ae4d8b01119c08,0,94214758,43.83612,1741110321087439,Balanced Dollar,0.0563627125,bnUSD,0,1,2025-03-04
cx88fd7df7ddff82f7cc735c871dc519838cb235bb,cxa0af3165c08318e988cb30993b3048335b94af6c,cx5faae53c4dbd1fbe4a2eb4aab6565030f10da5c6,0x152bd0d9463e170,0xdfd1feb30f21a2499f69f65da5980db647ad8388b100b32db32936fb31b4231a,2,94214753,0.09534640814999998,1741110311081831,Balanced Dollar,0.056400425,bnUSD,0,1,2025-03-04
cx288d13e1b63563459a2ac6179f237711f6851cb5,cxa0af3165c08318e988cb30993b3048335b94af6c,hxd75467e3e4ce64e3424c747dfb71503017440433,0x6af2439e72eb4f,0xdfd1feb30f21a2499f69f65da5980db647ad8388b100b32db32936fb31b4231a,1,94214753,0.03010271976639163,1741110311081831,Ethereum,0.056400425,ETH,0,1,2025-03-04
cx88fd7df7ddff82f7cc735c871dc519838cb235bb,hxd75467e3e4ce64e3424c747dfb71503017440433,cxa0af3165c08318e988cb30993b3048335b94af6c,0x37221a8b26ec5c000,0xdfd1feb30f21a2499f69f65da5980db647ad8388b100b32db32936fb31b4231a,0,94214753,63.56427209999999,1741110311081831,Balanced Dollar,0.056400425,bnUSD,0,1,2025-03-04
cx88fd7df7ddff82f7cc735c871dc519838cb235bb,cxa0af3165c08318e988cb30993b3048335b94af6c,cx5faae53c4dbd1fbe4a2eb4aab6565030f10da5c6,0x1523b08d525c083,0x1b198f8209879e243f8f52731abe659ede8f79191a0552842be360271f877acf,2,94214714,0.09520345125,1741110233257455,Balanced Dollar,0.056400425,bnUSD,0,1,2025-03-04
cx288d13e1b63563459a2ac6179f237711f6851cb5,cxa0af3165c08318e988cb30993b3048335b94af6c,hxd75467e3e4ce64e3424c747dfb71503017440433,0x6ad101596ada34,0x1b198f8209879e243f8f52731abe659ede8f79191a0552842be360271f877acf,1,94214714,0.030066151256676915,1741110233257455,Ethereum,0.056400425,ETH,0,1,2025-03-04
cx88fd7df7ddff82f7cc735c871dc519838cb235bb,hxd75467e3e4ce64e3424c747dfb71503017440433,cxa0af3165c08318e988cb30993b3048335b94af6c,0x370cf11ab12500000,0x1b198f8209879e243f8f52731abe659ede8f79191a0552842be360271f877acf,0,94214714,63.468967500000005,1741110233257455,Balanced Dollar,0.056400425,bnUSD,0,1,2025-03-04
cx88fd7df7ddff82f7cc735c871dc519838cb235bb,cxa0af3165c08318e988cb30993b3048335b94af6c,cx5faae53c4dbd1fbe4a2eb4aab6565030f10da5c6,0x15236f22477857c,0x8954455b989efa83fbaa43ea86488d3869a7040fde71610ce5ea997152f4d89b,2,94214707,0.09519895575,1741110219185858,Balanced Dollar,0.056400425,bnUSD,0,2,2025-03-04
cx288d13e1b63563459a2ac6179f237711f6851cb5,cxa0af3165c08318e988cb30993b3048335b94af6c,hxd75467e3e4ce64e3424c747dfb71503017440433,0x6ad7806254a808,0x8954455b989efa83fbaa43ea86488d3869a7040fde71610ce5ea997152f4d89b,1,94214707,0.030073293936830472,1741110219185858,Ethereum,0.056400425,ETH,0,2,2025-03-04
cx88fd7df7ddff82f7cc735c871dc519838cb235bb,hxd75467e3e4ce64e3424c747dfb71503017440433,cxa0af3165c08318e988cb30993b3048335b94af6c,0x370c46be9a1eba000,0x8954455b989efa83fbaa43ea86488d3869a7040fde71610ce5ea997152f4d89b,0,94214707,63.4659705,1741110219185858,Balanced Dollar,0.056400425,bnUSD,0,2,2025-03-04
cx88fd7df7ddff82f7cc735c871dc519838cb235bb,cxa0af3165c08318e988cb30993b3048335b94af6c,cx5faae53c4dbd1fbe4a2eb4aab6565030f10da5c6,0xe92e0c5094d800,0xa8ba0725a77483bba62caba32822fb845f88a16120e1868537e77196c827afa1,2,94214702,0.0656343,1741110209044775,Balanced Dollar,0.0563627125,bnUSD,0,1,2025-03-04
cx4297f4b63262507623b6ad575d0d8dd2db980e4e,cxa0af3165c08318e988cb30993b3048335b94af6c,hxd75467e3e4ce64e3424c747dfb71503017440433,0x37aaa7c14776ee22,0xa8ba0725a77483bba62caba32822fb845f88a16120e1868537e77196c827afa1,1,94214702,4.011202866696351,1741110209044775,Injective,0.0563627125,INJ,0,1,2025-03-04
cx88fd7df7ddff82f7cc735c871dc519838cb235bb,hxd75467e3e4ce64e3424c747dfb71503017440433,cxa0af3165c08318e988cb30993b3048335b94af6c,0x25f3d4011d8f28000,0xa8ba0725a77483bba62caba32822fb845f88a16120e1868537e77196c827afa1,0,94214702,43.7562,1741110209044775,Balanced Dollar,0.0563627125,bnUSD,0,1,2025-03-04
cx2609b924e33ef00b648a409245c7ea394c467824,cx43e2eec79eb76293c298f2b17aec06097be606e0,hx0000000000000000000000000000000000000000,0x199494c4662b7380000,0xc4710f6238c4e3a4a6142c8ed55df9bfe00726deb9781b1ac20374ff33160d16,1,94214679,7550.0,1741110163024824,Staked ICX,0.0864678375,sICX,0,1,2025-03-04
cx2609b924e33ef00b648a409245c7ea394c467824,hxc1718c79947e0f673296218b5b23adbd9a3b38a8,cx43e2eec79eb76293c298f2b17aec06097be606e0,0x199494c4662b7380000,0xc4710f6238c4e3a4a6142c8ed55df9bfe00726deb9781b1ac20374ff33160d16,0,94214679,7550.0,1741110163024824,Staked ICX,0.0864678375,sICX,0,1,2025-03-04
cx88fd7df7ddff82f7cc735c871dc519838cb235bb,cxd82fb5d3effecd8c9071a4bba3856ad7222c4b91,hxd75467e3e4ce64e3424c747dfb71503017440433,0x3635c9adc5dea00000,0x27fdccf31ad8a812ca3767a19d6ac06214781c36a282e6f81bbb140510cd0dc3,0,94214673,1000.0,1741110151020523,Balanced Dollar,0.02068825,bnUSD,0,2,2025-03-04
cx65c9e3d4fea842e00add0d32a5b4c5e4e04c7a6b,hx1adc2b41608d81704d775ff143f43ab6efe0d792,cx66d4d90f5f113eba575bf793570135f9b10cece1,0x12ad9705,0x98e46828c01c1ebe4c2fc778b00cadcfb5de527cb7e6d92fca40a60056125acd,0,94214668,0.313366277,1741110141017415,Solana,0.022494875,SOL,0,1,2025-03-04
cx65c9e3d4fea842e00add0d32a5b4c5e4e04c7a6b,cx21e94c08c03daee80c25d8ee3ea22a20786ec231,hx1adc2b41608d81704d775ff143f43ab6efe0d792,0x12ad995d,0x6662aac117dbefb1f743746953766f7a5db7df8f4b4aa1e102223dda8d940d6a,5,94214660,0.313366877,1741110125015247,Solana,0.0757439375,SOL,0,1,2025-03-04
cx88fd7df7ddff82f7cc735c871dc519838cb235bb,cxa0af3165c08318e988cb30993b3048335b94af6c,cx5faae53c4dbd1fbe4a2eb4aab6565030f10da5c6,0xe7a291f7b9775a,0x6662aac117dbefb1f743746953766f7a5db7df8f4b4aa1e102223dda8d940d6a,3,94214660,0.06519946743024624,1741110125015247,Balanced Dollar,0.0757439375,bnUSD,0,1,2025-03-04
cx65c9e3d4fea842e00add0d32a5b4c5e4e04c7a6b,cxa0af3165c08318e988cb30993b3048335b94af6c,cx21e94c08c03daee80c25d8ee3ea22a20786ec231,0x12ad995d,0x6662aac117dbefb1f743746953766f7a5db7df8f4b4aa1e102223dda8d940d6a,2,94214660,0.313366877,1741110125015247,Solana,0.0757439375,SOL,0,1,2025-03-04
cx88fd7df7ddff82f7cc735c871dc519838cb235bb,cx21e94c08c03daee80c25d8ee3ea22a20786ec231,cxa0af3165c08318e988cb30993b3048335b94af6c,0x25b375c1fc8517bcb,0x6662aac117dbefb1f743746953766f7a5db7df8f4b4aa1e102223dda8d940d6a,1,94214660,43.466311620164156,1741110125015247,Balanced Dollar,0.0757439375,bnUSD,0,1,2025-03-04
cx88fd7df7ddff82f7cc735c871dc519838cb235bb,hx1adc2b41608d81704d775ff143f43ab6efe0d792,cx21e94c08c03daee80c25d8ee3ea22a20786ec231,0x25b375c1fc8517bcb,0x6662aac117dbefb1f743746953766f7a5db7df8f4b4aa1e102223dda8d940d6a,0,94214660,43.466311620164156,1741110125015247,Balanced Dollar,0.0757439375,bnUSD,0,1,2025-03-04
cx88fd7df7ddff82f7cc735c871dc519838cb235bb,cxa0af3165c08318e988cb30993b3048335b94af6c,cx5faae53c4dbd1fbe4a2eb4aab6565030f10da5c6,0xe99b140d65a800,0x922a220d7e1b904b073ef1be42ebe39799950321f19a87f847b1f854d37344da,2,94214656,0.06575418,1741110117009464,Balanced Dollar,0.0563627125,bnUSD,0,1,2025-03-04
cx4297f4b63262507623b6ad575d0d8dd2db980e4e,cxa0af3165c08318e988cb30993b3048335b94af6c,hxd75467e3e4ce64e3424c747dfb71503017440433,0x37cb79c97e425253,0x922a220d7e1b904b073ef1be42ebe39799950321f19a87f847b1f854d37344da,1,94214656,4.020440998671963,1741110117009464,Injective,0.0563627125,INJ,0,1,2025-03-04
cx88fd7df7ddff82f7cc735c871dc519838cb235bb,hxd75467e3e4ce64e3424c747dfb71503017440433,cxa0af3165c08318e988cb30993b3048335b94af6c,0x260592ee2e3658000,0x922a220d7e1b904b073ef1be42ebe39799950321f19a87f847b1f854d37344da,0,94214656,43.83612,1741110117009464,Balanced Dollar,0.0563627125,bnUSD,0,1,2025-03-04
cx88fd7df7ddff82f7cc735c871dc519838cb235bb,cxa0af3165c08318e988cb30993b3048335b94af6c,cx5faae53c4dbd1fbe4a2eb4aab6565030f10da5c6,0xea752387074800,0x80ea9ce35087559238cb44144cc51e624c13cb805b78c9b1dba030858c38bf26,2,94214645,0.06599394,1741110095141546,Balanced Dollar,0.0563627125,bnUSD,0,1,2025-03-04
cx4297f4b63262507623b6ad575d0d8dd2db980e4e,cxa0af3165c08318e988cb30993b3048335b94af6c,hxd75467e3e4ce64e3424c747dfb71503017440433,0x380665d916dd6688,0x80ea9ce35087559238cb44144cc51e624c13cb805b78c9b1dba030858c38bf26,1,94214645,4.037026099050145,1741110095141546,Injective,0.0563627125,INJ,0,1,2025-03-04
cx88fd7df7ddff82f7cc735c871dc519838cb235bb,hxd75467e3e4ce64e3424c747dfb71503017440433,cxa0af3165c08318e988cb30993b3048335b94af6c,0x262910c84f84b8000,0x80ea9ce35087559238cb44144cc51e624c13cb805b78c9b1dba030858c38bf26,0,94214645,43.99596,1741110095141546,Balanced Dollar,0.0563627125,bnUSD,0,1,2025-03-04
cx88fd7df7ddff82f7cc735c871dc519838cb235bb,hx0000000000000000000000000000000000000000,cx5faae53c4dbd1fbe4a2eb4aab6565030f10da5c6,0x134d8c29fa1f478,0xb73733e448491bb6dba7f5a010f04dd0981b714798595715943039979ea5ee37,3,94214644,0.08693262324032831,1741110093192352,Balanced Dollar,0.1055762625,bnUSD,0,1,2025-03-04
cx88fd7df7ddff82f7cc735c871dc519838cb235bb,cx66d4d90f5f113eba575bf793570135f9b10cece1,hx1adc2b41608d81704d775ff143f43ab6efe0d792,0x25b375c1fc8517bcb,0xb73733e448491bb6dba7f5a010f04dd0981b714798595715943039979ea5ee37,1,94214644,43.466311620164156,1741110093192352,Balanced Dollar,0.1055762625,bnUSD,0,1,2025-03-04
cx88fd7df7ddff82f7cc735c871dc519838cb235bb,hx0000000000000000000000000000000000000000,cx66d4d90f5f113eba575bf793570135f9b10cece1,0x25b375c1fc8517bcb,0xb73733e448491bb6dba7f5a010f04dd0981b714798595715943039979ea5ee37,0,94214644,43.466311620164156,1741110093192352,Balanced Dollar,0.1055762625,bnUSD,0,1,2025-03-04
cx88fd7df7ddff82f7cc735c871dc519838cb235bb,cxa0af3165c08318e988cb30993b3048335b94af6c,cx5faae53c4dbd1fbe4a2eb4aab6565030f10da5c6,0x153220ad399c600,0x5de8d5aa4723d509b0e8852aec57de291db6d657c308963a9913f2e8cef750d2,2,94214640,0.095457447,1741110085074941,Balanced Dollar,0.056400425,bnUSD,0,1,2025-03-04
cx288d13e1b63563459a2ac6179f237711f6851cb5,cxa0af3165c08318e988cb30993b3048335b94af6c,hxd75467e3e4ce64e3424c747dfb71503017440433,0x6b299737c61c0e,0x5de8d5aa4723d509b0e8852aec57de291db6d657c308963a9913f2e8cef750d2,1,94214640,0.030163551960570894,1741110085074941,Ethereum,0.056400425,ETH,0,1,2025-03-04
cx88fd7df7ddff82f7cc735c871dc519838cb235bb,hxd75467e3e4ce64e3424c747dfb71503017440433,cxa0af3165c08318e988cb30993b3048335b94af6c,0x37328a6dc6073a000,0x5de8d5aa4723d509b0e8852aec57de291db6d657c308963a9913f2e8cef750d2,0,94214640,63.638298,1741110085074941,Balanced Dollar,0.056400425,bnUSD,0,1,2025-03-04
cx07b184a37f03c6ab681fcbd0b45aec6dc3eafbeb,hx970eda4988e547df0de8324226fdf3e8ebc9734f,hx0000000000000000000000000000000000000000,0xe6ed27d6668000,0xa17c38c44136b162153c5d11af3c7c3b4c4937a82ab68aa0b3453f24a1c48f7c,0,94214636,0.065,1741110077096095,Bitcoin,0.0227048375,BTC,0,2,2025-03-04
cx2609b924e33ef00b648a409245c7ea394c467824,hx0000000000000000000000000000000000000000,cx66d4d90f5f113eba575bf793570135f9b10cece1,0x189b207a8965d9cf93,0xcf71370a22084df1930328c5791f3deeb4024b013a9b9b9794e4e6092bc40952,3,94214636,453.8999267747007,1741110077096095,Staked ICX,0.11011875,sICX,0,1,2025-03-04
cx88fd7df7ddff82f7cc735c871dc519838cb235bb,cxa0af3165c08318e988cb30993b3048335b94af6c,cx5faae53c4dbd1fbe4a2eb4aab6565030f10da5c6,0x2880f1daaa6520c,0x1987a582ca2724397164b94f8d709b7b1b3ca9e407e3c5d3825112f05c6e1261,2,94214634,0.182412405,1741110072993484,Balanced Dollar,0.0460574,bnUSD,0,1,2025-03-04
cx508002ec116fbf3ab406329c0df28e70d7e75fb3,cxa0af3165c08318e988cb30993b3048335b94af6c,hxd75467e3e4ce64e3424c747dfb71503017440433,0xbab3b2263,0x1987a582ca2724397164b94f8d709b7b1b3ca9e407e3c5d3825112f05c6e1261,1,94214634,50.117419619,1741110072993484,Sui,0.0460574,SUI,0,1,2025-03-04
cx88fd7df7ddff82f7cc735c871dc519838cb235bb,hxd75467e3e4ce64e3424c747dfb71503017440433,cxa0af3165c08318e988cb30993b3048335b94af6c,0x697a75d41bbcb0000,0x1987a582ca2724397164b94f8d709b7b1b3ca9e407e3c5d3825112f05c6e1261,0,94214634,121.60827,1741110072993484,Balanced Dollar,0.0460574,bnUSD,0,1,2025-03-04
cx07b184a37f03c6ab681fcbd0b45aec6dc3eafbeb,cx21e94c08c03daee80c25d8ee3ea22a20786ec231,hx970eda4988e547df0de8324226fdf3e8ebc9734f,0x2386f26fc10001,0xb4a885b58d21c05bacc8522f8a4be7acf1c3eaf75bb65ad5e8340893e92cb15f,5,94214626,0.01,1741110056990691,Bitcoin,0.0859990125,BTC,0,1,2025-03-04
cx88fd7df7ddff82f7cc735c871dc519838cb235bb,cxa0af3165c08318e988cb30993b3048335b94af6c,cx5faae53c4dbd1fbe4a2eb4aab6565030f10da5c6,0x119e1440a7b2d255,0xb4a885b58d21c05bacc8522f8a4be7acf1c3eaf75bb65ad5e8340893e92cb15f,3,94214626,1.2694744128890354,1741110056990691,Balanced Dollar,0.0859990125,bnUSD,0,1,2025-03-04
cx07b184a37f03c6ab681fcbd0b45aec6dc3eafbeb,cxa0af3165c08318e988cb30993b3048335b94af6c,cx21e94c08c03daee80c25d8ee3ea22a20786ec231,0x2386f26fc10001,0xb4a885b58d21c05bacc8522f8a4be7acf1c3eaf75bb65ad5e8340893e92cb15f,2,94214626,0.01,1741110056990691,Bitcoin,0.0859990125,BTC,0,1,2025-03-04
cx88fd7df7ddff82f7cc735c871dc519838cb235bb,cx21e94c08c03daee80c25d8ee3ea22a20786ec231,cxa0af3165c08318e988cb30993b3048335b94af6c,0x2de0ff685f61ae6940,0xb4a885b58d21c05bacc8522f8a4be7acf1c3eaf75bb65ad5e8340893e92cb15f,1,94214626,846.3162752593569,1741110056990691,Balanced Dollar,0.0859990125,bnUSD,0,1,2025-03-04
cx88fd7df7ddff82f7cc735c871dc519838cb235bb,hx970eda4988e547df0de8324226fdf3e8ebc9734f,cx21e94c08c03daee80c25d8ee3ea22a20786ec231,0x2de0ff685f61ae6940,0xb4a885b58d21c05bacc8522f8a4be7acf1c3eaf75bb65ad5e8340893e92cb15f,0,94214626,846.3162752593569,1741110056990691,Balanced Dollar,0.0859990125,bnUSD,0,1,2025-03-04
cx88fd7df7ddff82f7cc735c871dc519838cb235bb,cxa0af3165c08318e988cb30993b3048335b94af6c,cx5faae53c4dbd1fbe4a2eb4aab6565030f10da5c6,0x1afa62204af7800,0xad4f77a511324112791703a86e85a6ec15aa312c45e2681860ce43e39ad10cd1,2,94214624,0.12149838,1741110052989289,Balanced Dollar,0.056310275,bnUSD,0,2,2025-03-04
cx66a031cc3bd305c76371fb586e93801b948254f0,cxa0af3165c08318e988cb30993b3048335b94af6c,hxd75467e3e4ce64e3424c747dfb71503017440433,0x37eb40026d264de1,0xad4f77a511324112791703a86e85a6ec15aa312c45e2681860ce43e39ad10cd1,1,94214624,4.02938467077838,1741110052989289,Avalanche,0.056310275,AVAX,0,2,2025-03-04
cx88fd7df7ddff82f7cc735c871dc519838cb235bb,hxd75467e3e4ce64e3424c747dfb71503017440433,cxa0af3165c08318e988cb30993b3048335b94af6c,0x46415f896de488000,0xad4f77a511324112791703a86e85a6ec15aa312c45e2681860ce43e39ad10cd1,0,94214624,80.99892,1741110052989289,Balanced Dollar,0.056310275,bnUSD,0,2,2025-03-04
cx88fd7df7ddff82f7cc735c871dc519838cb235bb,cxd82fb5d3effecd8c9071a4bba3856ad7222c4b91,hx2795b422d55c51caa27f5c6397561e73d73e8bff,0xbcc8c4dc787d98000,0x07c9618e6aa91570c316b60a5837183f8958d593825265bff7ad1d52e60d3cac,0,94214624,217.65342601065487,1741110052989289,Balanced Dollar,0.0206870625,bnUSD,0,1,2025-03-04
cx88fd7df7ddff82f7cc735c871dc519838cb235bb,cxa0af3165c08318e988cb30993b3048335b94af6c,cx5faae53c4dbd1fbe4a2eb4aab6565030f10da5c6,0x487e3f4e8448cdd,0xa9836b84b1f0730607912d9dd1a5ee36f73456010a04c341bd61dcb2f58a0fde,2,94214621,0.3264801390159823,1741110046985509,Balanced Dollar,0.0563454,bnUSD,0,1,2025-03-04
cx4297f4b63262507623b6ad575d0d8dd2db980e4e,cxa0af3165c08318e988cb30993b3048335b94af6c,hx2795b422d55c51caa27f5c6397561e73d73e8bff,0x1158ea146af714a72,0xa9836b84b1f0730607912d9dd1a5ee36f73456010a04c341bd61dcb2f58a0fde,1,94214621,20.000100320162172,1741110046985509,Injective,0.0563454,INJ,0,1,2025-03-04
cx88fd7df7ddff82f7cc735c871dc519838cb235bb,hx2795b422d55c51caa27f5c6397561e73d73e8bff,cxa0af3165c08318e988cb30993b3048335b94af6c,0xbcc8c4dc787d98000,0xa9836b84b1f0730607912d9dd1a5ee36f73456010a04c341bd61dcb2f58a0fde,0,94214621,217.65342601065487,1741110046985509,Balanced Dollar,0.0563454,bnUSD,0,1,2025-03-04
cx88fd7df7ddff82f7cc735c871dc519838cb235bb,cxd82fb5d3effecd8c9071a4bba3856ad7222c4b91,hx2795b422d55c51caa27f5c6397561e73d73e8bff,0xbc569ddae83228000,0xf9602a17d22d5eaaf464df9c9c7eb7c773b50f2861474d79a820efb0e6b69a71,0,94214618,217.1393294504256,1741110040980156,Balanced Dollar,0.0206870625,bnUSD,0,4,2025-03-04
cx88fd7df7ddff82f7cc735c871dc519838cb235bb,cxa0af3165c08318e988cb30993b3048335b94af6c,cx5faae53c4dbd1fbe4a2eb4aab6565030f10da5c6,0x485269ac1fd1b95,0x6cd52eaf651d8985ff18828dac59b180f0ba7adb2c575ae91288edacb3de25c5,2,94214616,0.3257089941756384,1741110036979091,Balanced Dollar,0.0563454,bnUSD,0,1,2025-03-04
cx4297f4b63262507623b6ad575d0d8dd2db980e4e,cxa0af3165c08318e988cb30993b3048335b94af6c,hx2795b422d55c51caa27f5c6397561e73d73e8bff,0x1158ea16981df0e0a,0x6cd52eaf651d8985ff18828dac59b180f0ba7adb2c575ae91288edacb3de25c5,1,94214616,20.000100469721467,1741110036979091,Injective,0.0563454,INJ,0,1,2025-03-04
cx88fd7df7ddff82f7cc735c871dc519838cb235bb,hx2795b422d55c51caa27f5c6397561e73d73e8bff,cxa0af3165c08318e988cb30993b3048335b94af6c,0xbc569ddae83228000,0x6cd52eaf651d8985ff18828dac59b180f0ba7adb2c575ae91288edacb3de25c5,0,94214616,217.1393294504256,1741110036979091,Balanced Dollar,0.0563454,bnUSD,0,1,2025-03-04
cx65c9e3d4fea842e00add0d32a5b4c5e4e04c7a6b,hxd75467e3e4ce64e3424c747dfb71503017440433,hx0000000000000000000000000000000000000000,0xb2d05e00,0x214a8fc195ba2e4e86c807642a71aaf336a6b185dafbcaad5bbd20b657f06f28,0,94214615,3.0,1741110035055518,Solana,0.022613925,SOL,0,1,2025-03-04
cx88fd7df7ddff82f7cc735c871dc519838cb235bb,cxa0af3165c08318e988cb30993b3048335b94af6c,cx5faae53c4dbd1fbe4a2eb4aab6565030f10da5c6,0x2892d51fa4a7400,0x796bae75b377f47fd223f54059b4612570eb7d984e2f3bbb1f1f41333f4b97cc,2,94214609,0.18272709,1741110022974619,Balanced Dollar,0.0460574,bnUSD,0,1,2025-03-04
cx508002ec116fbf3ab406329c0df28e70d7e75fb3,cxa0af3165c08318e988cb30993b3048335b94af6c,hxd75467e3e4ce64e3424c747dfb71503017440433,0xbb3975be1,0x796bae75b377f47fd223f54059b4612570eb7d984e2f3bbb1f1f41333f4b97cc,1,94214609,50.257681377,1741110022974619,Sui,0.0460574,SUI,0,1,2025-03-04
cx88fd7df7ddff82f7cc735c871dc519838cb235bb,hxd75467e3e4ce64e3424c747dfb71503017440433,cxa0af3165c08318e988cb30993b3048335b94af6c,0x69a90b0267738c000,0x796bae75b377f47fd223f54059b4612570eb7d984e2f3bbb1f1f41333f4b97cc,0,94214609,121.81806,1741110022974619,Balanced Dollar,0.0460574,bnUSD,0,1,2025-03-04
cx88fd7df7ddff82f7cc735c871dc519838cb235bb,cxa0af3165c08318e988cb30993b3048335b94af6c,cx5faae53c4dbd1fbe4a2eb4aab6565030f10da5c6,0x153275b8615df89,0xf55cc78be529b989034f282999c1841fe11bdb7eb0c53e740539d16364f9a2a0,2,94214604,0.09546329115,1741110012974336,Balanced Dollar,0.056400425,bnUSD,0,1,2025-03-04
cx288d13e1b63563459a2ac6179f237711f6851cb5,cxa0af3165c08318e988cb30993b3048335b94af6c,hxd75467e3e4ce64e3424c747dfb71503017440433,0x6b331b77a6255d,0xf55cc78be529b989034f282999c1841fe11bdb7eb0c53e740539d16364f9a2a0,1,94214604,0.030174015572551005,1741110012974336,Ethereum,0.056400425,ETH,0,1,2025-03-04
cx88fd7df7ddff82f7cc735c871dc519838cb235bb,hxd75467e3e4ce64e3424c747dfb71503017440433,cxa0af3165c08318e988cb30993b3048335b94af6c,0x373367e57d8f62000,0xf55cc78be529b989034f282999c1841fe11bdb7eb0c53e740539d16364f9a2a0,0,94214604,63.642194100000005,1741110012974336,Balanced Dollar,0.056400425,bnUSD,0,1,2025-03-04
cx88fd7df7ddff82f7cc735c871dc519838cb235bb,cxa0af3165c08318e988cb30993b3048335b94af6c,cx5faae53c4dbd1fbe4a2eb4aab6565030f10da5c6,0xea752387074800,0xc952f6c21614beab3ef183977c842d9b4684dc130e63d8c8daf70e17a88f3f03,2,94214598,0.06599394,1741110000970875,Balanced Dollar,0.0563627125,bnUSD,0,1,2025-03-04
cx4297f4b63262507623b6ad575d0d8dd2db980e4e,cxa0af3165c08318e988cb30993b3048335b94af6c,hxd75467e3e4ce64e3424c747dfb71503017440433,0x38514a5bfb80200a,0xc952f6c21614beab3ef183977c842d9b4684dc130e63d8c8daf70e17a88f3f03,1,94214598,4.058106498159485,1741110000970875,Injective,0.0563627125,INJ,0,1,2025-03-04
cx88fd7df7ddff82f7cc735c871dc519838cb235bb,hxd75467e3e4ce64e3424c747dfb71503017440433,cxa0af3165c08318e988cb30993b3048335b94af6c,0x262910c84f84b8000,0xc952f6c21614beab3ef183977c842d9b4684dc130e63d8c8daf70e17a88f3f03,0,94214598,43.99596,1741110000970875,Balanced Dollar,0.0563627125,bnUSD,0,1,2025-03-04
cx518f64edcd35db9044a2de63fdc10abfd5f7d611,cx21e94c08c03daee80c25d8ee3ea22a20786ec231,hxd75467e3e4ce64e3424c747dfb71503017440433,0xefe276c2,0x22690c4bf94cdb3799ec96086382d57eb20aa049c8045b2f96fba7c05ea03fc7,9,94214593,402.4596162,1741109990965266,Stellar,0.1691909125,XLM,0,1,2025-03-04
cx2609b924e33ef00b648a409245c7ea394c467824,cxa0af3165c08318e988cb30993b3048335b94af6c,cx5faae53c4dbd1fbe4a2eb4aab6565030f10da5c6,0x113207d96f274791,0x22690c4bf94cdb3799ec96086382d57eb20aa049c8045b2f96fba7c05ea03fc7,7,94214593,1.2390614779344507,1741109990965266,Staked ICX,0.1691909125,sICX,0,1,2025-03-04
cx518f64edcd35db9044a2de63fdc10abfd5f7d611,cxa0af3165c08318e988cb30993b3048335b94af6c,cx21e94c08c03daee80c25d8ee3ea22a20786ec231,0xefe276c2,0x22690c4bf94cdb3799ec96086382d57eb20aa049c8045b2f96fba7c05ea03fc7,6,94214593,402.4596162,1741109990965266,Stellar,0.1691909125,XLM,0,1,2025-03-04
cx2609b924e33ef00b648a409245c7ea394c467824,cx21e94c08c03daee80c25d8ee3ea22a20786ec231,cxa0af3165c08318e988cb30993b3048335b94af6c,0x2cc79f1b91764a5f40,0x22690c4bf94cdb3799ec96086382d57eb20aa049c8045b2f96fba7c05ea03fc7,5,94214593,826.0409852896337,1741109990965266,Staked ICX,0.1691909125,sICX,0,1,2025-03-04
cx88fd7df7ddff82f7cc735c871dc519838cb235bb,cxa0af3165c08318e988cb30993b3048335b94af6c,cx5faae53c4dbd1fbe4a2eb4aab6565030f10da5c6,0x26e73ac721b7818,0x22690c4bf94cdb3799ec96086382d57eb20aa049c8045b2f96fba7c05ea03fc7,3,94214593,0.17520462000000003,1741109990965266,Balanced Dollar,0.1691909125,bnUSD,0,1,2025-03-04
cx2609b924e33ef00b648a409245c7ea394c467824,cxa0af3165c08318e988cb30993b3048335b94af6c,cx21e94c08c03daee80c25d8ee3ea22a20786ec231,0x2cc79f1b91764a5f40,0x22690c4bf94cdb3799ec96086382d57eb20aa049c8045b2f96fba7c05ea03fc7,2,94214593,826.0409852896337,1741109990965266,Staked ICX,0.1691909125,sICX,0,1,2025-03-04
cx88fd7df7ddff82f7cc735c871dc519838cb235bb,cx21e94c08c03daee80c25d8ee3ea22a20786ec231,cxa0af3165c08318e988cb30993b3048335b94af6c,0x654f7e6692788c000,0x22690c4bf94cdb3799ec96086382d57eb20aa049c8045b2f96fba7c05ea03fc7,1,94214593,116.80308000000002,1741109990965266,Balanced Dollar,0.1691909125,bnUSD,0,1,2025-03-04
cx88fd7df7ddff82f7cc735c871dc519838cb235bb,hxd75467e3e4ce64e3424c747dfb71503017440433,cx21e94c08c03daee80c25d8ee3ea22a20786ec231,0x654f7e6692788c000,0x22690c4bf94cdb3799ec96086382d57eb20aa049c8045b2f96fba7c05ea03fc7,0,94214593,116.80308000000002,1741109990965266,Balanced Dollar,0.1691909125,bnUSD,0,1,2025-03-04
cx88fd7df7ddff82f7cc735c871dc519838cb235bb,cxa0af3165c08318e988cb30993b3048335b94af6c,cx5faae53c4dbd1fbe4a2eb4aab6565030f10da5c6,0x1ae958eaca57000,0xa68b6128803e74c8408975cffe6c44369607c4a61cd24730b1159c63c194370b,2,94214588,0.12119868,1741109980963462,Balanced Dollar,0.056310275,bnUSD,0,1,2025-03-04
cx66a031cc3bd305c76371fb586e93801b948254f0,cxa0af3165c08318e988cb30993b3048335b94af6c,hxd75467e3e4ce64e3424c747dfb71503017440433,0x37d163ca1c40185b,0xa68b6128803e74c8408975cffe6c44369607c4a61cd24730b1159c63c194370b,1,94214588,4.022105661927069,1741109980963462,Avalanche,0.056310275,AVAX,0,1,2025-03-04
cx88fd7df7ddff82f7cc735c871dc519838cb235bb,hxd75467e3e4ce64e3424c747dfb71503017440433,cxa0af3165c08318e988cb30993b3048335b94af6c,0x46150238c44290000,0xa68b6128803e74c8408975cffe6c44369607c4a61cd24730b1159c63c194370b,0,94214588,80.79912,1741109980963462,Balanced Dollar,0.056310275,bnUSD,0,1,2025-03-04
cx88fd7df7ddff82f7cc735c871dc519838cb235bb,cxa0af3165c08318e988cb30993b3048335b94af6c,cx5faae53c4dbd1fbe4a2eb4aab6565030f10da5c6,0xeae22b43d81800,0xbde962b40c8428f0980ac636ab5dfb89c020a70b8a8f9096c821719a644f0eed,2,94214579,0.06611382,1741109962957332,Balanced Dollar,0.0563627125,bnUSD,0,1,2025-03-04
cx4297f4b63262507623b6ad575d0d8dd2db980e4e,cxa0af3165c08318e988cb30993b3048335b94af6c,hxd75467e3e4ce64e3424c747dfb71503017440433,0x387268faa3794aeb,0xbde962b40c8428f0980ac636ab5dfb89c020a70b8a8f9096c821719a644f0eed,1,94214579,4.067428839162727,1741109962957332,Injective,0.0563627125,INJ,0,1,2025-03-04
cx88fd7df7ddff82f7cc735c871dc519838cb235bb,hxd75467e3e4ce64e3424c747dfb71503017440433,cxa0af3165c08318e988cb30993b3048335b94af6c,0x263acfb5602be8000,0xbde962b40c8428f0980ac636ab5dfb89c020a70b8a8f9096c821719a644f0eed,0,94214579,44.07588,1741109962957332,Balanced Dollar,0.0563627125,bnUSD,0,1,2025-03-04
cx88fd7df7ddff82f7cc735c871dc519838cb235bb,cxa0af3165c08318e988cb30993b3048335b94af6c,cx5faae53c4dbd1fbe4a2eb4aab6565030f10da5c6,0x153a9c8f0989ff3,0x288b01f2fdafab5e3fdea3ee5cd09d8522a9a98fd493aeb79321af96565c5f5c,2,94214573,0.09560669759999998,1741109950952677,Balanced Dollar,0.056400425,bnUSD,0,1,2025-03-04
cx288d13e1b63563459a2ac6179f237711f6851cb5,cxa0af3165c08318e988cb30993b3048335b94af6c,hxd75467e3e4ce64e3424c747dfb71503017440433,0x6b6430eb06a93a,0x288b01f2fdafab5e3fdea3ee5cd09d8522a9a98fd493aeb79321af96565c5f5c,1,94214573,0.030227983772330297,1741109950952677,Ethereum,0.056400425,ETH,0,1,2025-03-04
cx88fd7df7ddff82f7cc735c871dc519838cb235bb,hxd75467e3e4ce64e3424c747dfb71503017440433,cxa0af3165c08318e988cb30993b3048335b94af6c,0x3748a25f28d75e000,0x288b01f2fdafab5e3fdea3ee5cd09d8522a9a98fd493aeb79321af96565c5f5c,0,94214573,63.73779839999999,1741109950952677,Balanced Dollar,0.056400425,bnUSD,0,1,2025-03-04
cx88fd7df7ddff82f7cc735c871dc519838cb235bb,cxd82fb5d3effecd8c9071a4bba3856ad7222c4b91,hx2795b422d55c51caa27f5c6397561e73d73e8bff,0xbbb6c5179277c0000,0xa9d099cee1ac78e4f2c138414d469ca5edc138040371a41518754de72c4451ca,0,94214569,216.41944377417767,1741109943118211,Balanced Dollar,0.02068975,bnUSD,0,1,2025-03-04
cx2609b924e33ef00b648a409245c7ea394c467824,cx203d9cd2a669be67177e997b8948ce2c35caffae,hx4940a1cb76cfa37e393434bceb4223a943cfe851,0x21296a7465169af5,0x98e5e0ca42e1d176756570e88fc8af5208bfc64516112690d1264a0b35a91ee2,5,94214568,2.3895581254414897,1741109940952165,Staked ICX,0.149082425,sICX,0,1,2025-03-04
cx88fd7df7ddff82f7cc735c871dc519838cb235bb,cx203d9cd2a669be67177e997b8948ce2c35caffae,hx4940a1cb76cfa37e393434bceb4223a943cfe851,0x4e83e5e005d9b09e,0x98e5e0ca42e1d176756570e88fc8af5208bfc64516112690d1264a0b35a91ee2,2,94214568,5.657618307241062,1741109940952165,Balanced Dollar,0.149082425,bnUSD,0,1,2025-03-04
cxf61cd5a45dc9f91c15aa65831a30a90d59a09619,cx203d9cd2a669be67177e997b8948ce2c35caffae,hx4940a1cb76cfa37e393434bceb4223a943cfe851,0x12bbc93897f041,0x98e5e0ca42e1d176756570e88fc8af5208bfc64516112690d1264a0b35a91ee2,0,94214568,0.005273022493093953,1741109940952165,Balance Token,0.149082425,BALN,0,1,2025-03-04
cx88fd7df7ddff82f7cc735c871dc519838cb235bb,cxa0af3165c08318e988cb30993b3048335b94af6c,cx5faae53c4dbd1fbe4a2eb4aab6565030f10da5c6,0x481508196f8a24d,0x98f1568a29c968604ede46c8bf002ced50651d9184a2de61529b10f8d76646ed,2,94214567,0.3246291656612665,1741109939140013,Balanced Dollar,0.056350775,bnUSD,0,2,2025-03-04
cx4297f4b63262507623b6ad575d0d8dd2db980e4e,cxa0af3165c08318e988cb30993b3048335b94af6c,hx2795b422d55c51caa27f5c6397561e73d73e8bff,0x1158ea19a4ebc38b8,0x98f1568a29c968604ede46c8bf002ced50651d9184a2de61529b10f8d76646ed,1,94214567,20.000100679316944,1741109939140013,Injective,0.056350775,INJ,0,2,2025-03-04
cx88fd7df7ddff82f7cc735c871dc519838cb235bb,hx2795b422d55c51caa27f5c6397561e73d73e8bff,cxa0af3165c08318e988cb30993b3048335b94af6c,0xbbb6c5179277c0000,0x98f1568a29c968604ede46c8bf002ced50651d9184a2de61529b10f8d76646ed,0,94214567,216.41944377417767,1741109939140013,Balanced Dollar,0.056350775,bnUSD,0,2,2025-03-04
cx88fd7df7ddff82f7cc735c871dc519838cb235bb,cxa0af3165c08318e988cb30993b3048335b94af6c,cx5faae53c4dbd1fbe4a2eb4aab6565030f10da5c6,0x289d0dd9583abe7,0x2892f88301abdff71f2b4897fe6123fcf517d518c98e14464ff0411c5b7299b2,2,94214567,0.18290690999999998,1741109939140013,Balanced Dollar,0.0460574,bnUSD,0,1,2025-03-04
cx508002ec116fbf3ab406329c0df28e70d7e75fb3,cxa0af3165c08318e988cb30993b3048335b94af6c,hxd75467e3e4ce64e3424c747dfb71503017440433,0xbb9c23d4b,0x2892f88301abdff71f2b4897fe6123fcf517d518c98e14464ff0411c5b7299b2,1,94214567,50.361154891,1741109939140013,Sui,0.0460574,SUI,0,1,2025-03-04
cx88fd7df7ddff82f7cc735c871dc519838cb235bb,hxd75467e3e4ce64e3424c747dfb71503017440433,cxa0af3165c08318e988cb30993b3048335b94af6c,0x69c3a966006e50000,0x2892f88301abdff71f2b4897fe6123fcf517d518c98e14464ff0411c5b7299b2,0,94214567,121.93793999999998,1741109939140013,Balanced Dollar,0.0460574,bnUSD,0,1,2025-03-04
cx2d552c485ec8bcaa75aac02424e2aca6ffdb2f1b,cx21e94c08c03daee80c25d8ee3ea22a20786ec231,hx2debd9ec927cca1639da8d3518dd9dbf1cdfb357,0x9b6e0927a82d034,0x876089a16e69abb86413324c97c8084823c6df67f7bb370a42d56ca5e207a5c3,5,94214566,0.6999937118279312,1741109936950389,Binance Coin,0.0882703375,BNB,0,1,2025-03-04
cx88fd7df7ddff82f7cc735c871dc519838cb235bb,cxa0af3165c08318e988cb30993b3048335b94af6c,cx5faae53c4dbd1fbe4a2eb4aab6565030f10da5c6,0x8586a699556f8e6,0x876089a16e69abb86413324c97c8084823c6df67f7bb370a42d56ca5e207a5c3,3,94214566,0.6013475519635766,1741109936950389,Balanced Dollar,0.0882703375,bnUSD,0,1,2025-03-04
cx2d552c485ec8bcaa75aac02424e2aca6ffdb2f1b,cxa0af3165c08318e988cb30993b3048335b94af6c,cx21e94c08c03daee80c25d8ee3ea22a20786ec231,0x9b6e0927a82d034,0x876089a16e69abb86413324c97c8084823c6df67f7bb370a42d56ca5e207a5c3,2,94214566,0.6999937118279312,1741109936950389,Binance Coin,0.0882703375,BNB,0,1,2025-03-04
cx88fd7df7ddff82f7cc735c871dc519838cb235bb,cx21e94c08c03daee80c25d8ee3ea22a20786ec231,cxa0af3165c08318e988cb30993b3048335b94af6c,0x15bb951d9f927d81a0,0x876089a16e69abb86413324c97c8084823c6df67f7bb370a42d56ca5e207a5c3,1,94214566,400.8983679757177,1741109936950389,Balanced Dollar,0.0882703375,bnUSD,0,1,2025-03-04
cx88fd7df7ddff82f7cc735c871dc519838cb235bb,hx2debd9ec927cca1639da8d3518dd9dbf1cdfb357,cx21e94c08c03daee80c25d8ee3ea22a20786ec231,0x15bb951d9f927d81a0,0x876089a16e69abb86413324c97c8084823c6df67f7bb370a42d56ca5e207a5c3,0,94214566,400.8983679757177,1741109936950389,Balanced Dollar,0.0882703375,bnUSD,0,1,2025-03-04
cxf61cd5a45dc9f91c15aa65831a30a90d59a09619,cx10d59e8103ab44635190bd4139dbfd682fa2d07e,hx4940a1cb76cfa37e393434bceb4223a943cfe851,0x31eb5c40a337a7a81,0x59142f179fcf25bc0c605423aaebc102b82c0d7dd005a33c39ca1cca0bc43510,3,94214557,57.5531225611435,1741109919075288,Balance Token,0.095607675,BALN,0,1,2025-03-04
cx88fd7df7ddff82f7cc735c871dc519838cb235bb,cxa0af3165c08318e988cb30993b3048335b94af6c,cx5faae53c4dbd1fbe4a2eb4aab6565030f10da5c6,0x1ae5f0ace3d0818,0x1a1be42bed0b8ebb09bb4b1029fa48906d21da7ef102d60561da5dc374999bb2,2,94214553,0.12113874000000002,1741109910942977,Balanced Dollar,0.056310275,bnUSD,0,3,2025-03-04
cx66a031cc3bd305c76371fb586e93801b948254f0,cxa0af3165c08318e988cb30993b3048335b94af6c,hxd75467e3e4ce64e3424c747dfb71503017440433,0x37d3c3c556d0429d,0x1a1be42bed0b8ebb09bb4b1029fa48906d21da7ef102d60561da5dc374999bb2,1,94214553,4.022774144504448,1741109910942977,Avalanche,0.056310275,AVAX,0,3,2025-03-04
cx88fd7df7ddff82f7cc735c871dc519838cb235bb,hxd75467e3e4ce64e3424c747dfb71503017440433,cxa0af3165c08318e988cb30993b3048335b94af6c,0x460c22c23beefc000,0x1a1be42bed0b8ebb09bb4b1029fa48906d21da7ef102d60561da5dc374999bb2,0,94214553,80.75916000000002,1741109910942977,Balanced Dollar,0.056310275,bnUSD,0,3,2025-03-04
cx88fd7df7ddff82f7cc735c871dc519838cb235bb,cxa0af3165c08318e988cb30993b3048335b94af6c,cx5faae53c4dbd1fbe4a2eb4aab6565030f10da5c6,0xb1acb43ad2b5be7,0x47e2b29a7b833564b0742ba1c0f4d6753db43367355a86498a506ed7908d8a96,2,94214553,0.8001753753402316,1741109910942977,Balanced Dollar,0.070556025,bnUSD,0,2,2025-03-04
cx2609b924e33ef00b648a409245c7ea394c467824,cxa0af3165c08318e988cb30993b3048335b94af6c,hxc1718c79947e0f673296218b5b23adbd9a3b38a8,0xccab07ca72977f8360,0x47e2b29a7b833564b0742ba1c0f4d6753db43367355a86498a506ed7908d8a96,1,94214553,3775.459832535588,1741109910942977,Staked ICX,0.070556025,sICX,0,2,2025-03-04
cx88fd7df7ddff82f7cc735c871dc519838cb235bb,hxc1718c79947e0f673296218b5b23adbd9a3b38a8,cxa0af3165c08318e988cb30993b3048335b94af6c,0x1ceb1c003da0ea0000,0x47e2b29a7b833564b0742ba1c0f4d6753db43367355a86498a506ed7908d8a96,0,94214553,533.4502502268211,1741109910942977,Balanced Dollar,0.070556025,bnUSD,0,2,2025-03-04
cx88fd7df7ddff82f7cc735c871dc519838cb235bb,cxd82fb5d3effecd8c9071a4bba3856ad7222c4b91,hxc1718c79947e0f673296218b5b23adbd9a3b38a8,0x1ceb1c003da0ea0000,0x6d33d6882fbece8884be7f5eee7c17c5ac83a0dd4e50b87512807c7a5bb55352,0,94214553,533.4502502268211,1741109910942977,Balanced Dollar,0.0206895625,bnUSD,0,1,2025-03-04
cx88fd7df7ddff82f7cc735c871dc519838cb235bb,cx21e94c08c03daee80c25d8ee3ea22a20786ec231,hx7497c286aa521b09b2b54d78cde3fa4573c0e157,0x529348f4cc596dcb0,0x689e3864cce9406264633690f321414c1a87ab6238f9c220ce29a0fb7a18573e,13,94214551,95.20287598278705,1741109906942217,Balanced Dollar,0.2235188875,bnUSD,0,1,2025-03-04
cx88fd7df7ddff82f7cc735c871dc519838cb235bb,cxa0af3165c08318e988cb30993b3048335b94af6c,cx5faae53c4dbd1fbe4a2eb4aab6565030f10da5c6,0x1fcd012ca34cd03,0x689e3864cce9406264633690f321414c1a87ab6238f9c220ce29a0fb7a18573e,11,94214551,0.14321806728945996,1741109906942217,Balanced Dollar,0.2235188875,bnUSD,0,1,2025-03-04
cx88fd7df7ddff82f7cc735c871dc519838cb235bb,cxa0af3165c08318e988cb30993b3048335b94af6c,cx21e94c08c03daee80c25d8ee3ea22a20786ec231,0x529348f4cc596dcb0,0x689e3864cce9406264633690f321414c1a87ab6238f9c220ce29a0fb7a18573e,10,94214551,95.20287598278705,1741109906942217,Balanced Dollar,0.2235188875,bnUSD,0,1,2025-03-04
cx2609b924e33ef00b648a409245c7ea394c467824,cx21e94c08c03daee80c25d8ee3ea22a20786ec231,cxa0af3165c08318e988cb30993b3048335b94af6c,0x24c3e37a7a8f176da0,0x689e3864cce9406264633690f321414c1a87ab6238f9c220ce29a0fb7a18573e,9,94214551,678.1980469774584,1741109906942217,Staked ICX,0.2235188875,sICX,0,1,2025-03-04
cx2609b924e33ef00b648a409245c7ea394c467824,cxa0af3165c08318e988cb30993b3048335b94af6c,cx5faae53c4dbd1fbe4a2eb4aab6565030f10da5c6,0xe2708258ad3a82b,0x689e3864cce9406264633690f321414c1a87ab6238f9c220ce29a0fb7a18573e,7,94214551,1.0197927979586459,1741109906942217,Staked ICX,0.2235188875,sICX,0,1,2025-03-04
cx2609b924e33ef00b648a409245c7ea394c467824,cxa0af3165c08318e988cb30993b3048335b94af6c,cx21e94c08c03daee80c25d8ee3ea22a20786ec231,0x24c3e37a7a8f176da0,0x689e3864cce9406264633690f321414c1a87ab6238f9c220ce29a0fb7a18573e,6,94214551,678.1980469774584,1741109906942217,Staked ICX,0.2235188875,sICX,0,1,2025-03-04
cxf61cd5a45dc9f91c15aa65831a30a90d59a09619,cx21e94c08c03daee80c25d8ee3ea22a20786ec231,cxa0af3165c08318e988cb30993b3048335b94af6c,0x2c809d4b11d3c9e6ed,0x689e3864cce9406264633690f321414c1a87ab6238f9c220ce29a0fb7a18573e,5,94214551,820.9243853913583,1741109906942217,Balance Token,0.2235188875,BALN,0,1,2025-03-04
cx88fd7df7ddff82f7cc735c871dc519838cb235bb,cxa0af3165c08318e988cb30993b3048335b94af6c,cx5faae53c4dbd1fbe4a2eb4aab6565030f10da5c6,0x1fa6aa26fca1493,0x689e3864cce9406264633690f321414c1a87ab6238f9c220ce29a0fb7a18573e,3,94214551,0.14254358410835266,1741109906942217,Balanced Dollar,0.2235188875,bnUSD,0,1,2025-03-04
cxf61cd5a45dc9f91c15aa65831a30a90d59a09619,cxa0af3165c08318e988cb30993b3048335b94af6c,cx21e94c08c03daee80c25d8ee3ea22a20786ec231,0x2c809d4b11d3c9e6ed,0x689e3864cce9406264633690f321414c1a87ab6238f9c220ce29a0fb7a18573e,2,94214551,820.9243853913583,1741109906942217,Balance Token,0.2235188875,BALN,0,1,2025-03-04
cx88fd7df7ddff82f7cc735c871dc519838cb235bb,cx21e94c08c03daee80c25d8ee3ea22a20786ec231,cxa0af3165c08318e988cb30993b3048335b94af6c,0x526cb07031e404000,0x689e3864cce9406264633690f321414c1a87ab6238f9c220ce29a0fb7a18573e,1,94214551,95.02905607223511,1741109906942217,Balanced Dollar,0.2235188875,bnUSD,0,1,2025-03-04
cx88fd7df7ddff82f7cc735c871dc519838cb235bb,hx7497c286aa521b09b2b54d78cde3fa4573c0e157,cx21e94c08c03daee80c25d8ee3ea22a20786ec231,0x526cb07031e404000,0x689e3864cce9406264633690f321414c1a87ab6238f9c220ce29a0fb7a18573e,0,94214551,95.02905607223511,1741109906942217,Balanced Dollar,0.2235188875,bnUSD,0,1,2025-03-04
cx88fd7df7ddff82f7cc735c871dc519838cb235bb,cxa0af3165c08318e988cb30993b3048335b94af6c,cx5faae53c4dbd1fbe4a2eb4aab6565030f10da5c6,0xb17e6e2601ee0c4,0xe5cdabe7de37840f9aac6ec2992210e89a6e419581bdef19277bcf3c4465da6d,2,94214550,0.7993613188311861,1741109905155162,Balanced Dollar,0.070556025,bnUSD,0,1,2025-03-04
cx2609b924e33ef00b648a409245c7ea394c467824,cxa0af3165c08318e988cb30993b3048335b94af6c,hxc1718c79947e0f673296218b5b23adbd9a3b38a8,0xccab0c043da9f0d559,0xe5cdabe7de37840f9aac6ec2992210e89a6e419581bdef19277bcf3c4465da6d,1,94214550,3775.4610219798456,1741109905155162,Staked ICX,0.070556025,sICX,0,1,2025-03-04
cx88fd7df7ddff82f7cc735c871dc519838cb235bb,hxc1718c79947e0f673296218b5b23adbd9a3b38a8,cxa0af3165c08318e988cb30993b3048335b94af6c,0x1ce393ed84fb140000,0xe5cdabe7de37840f9aac6ec2992210e89a6e419581bdef19277bcf3c4465da6d,0,94214550,532.9075458874574,1741109905155162,Balanced Dollar,0.070556025,bnUSD,0,1,2025-03-04
cx88fd7df7ddff82f7cc735c871dc519838cb235bb,cxd82fb5d3effecd8c9071a4bba3856ad7222c4b91,hxc1718c79947e0f673296218b5b23adbd9a3b38a8,0x1ce393ed84fb140000,0x0d13eb639aa4197bd30867adc6a672775e7d18ab7e91d5b11115b827c1c43217,0,94214549,532.9075458874574,1741109902940153,Balanced Dollar,0.02069225,bnUSD,0,1,2025-03-04
cx7baf94bd53b505353285ee4c4c050f9703581703,hxd2ab70a9d09d60aabec1b6c3dadc35e4bf33b6f1,hxd2ab70a9d09d60aabec1b6c3dadc35e4bf33b6f1,0x0,0xcd229a14ce6b2c90186a00d729d848c4091187f79430fb8dc902502c987a3090,1,94214548,0.0,1741109900940584,unknown_token,0.0206272625,$unknown,3,1,2025-03-04
cx7baf94bd53b505353285ee4c4c050f9703581703,hxd2ab70a9d09d60aabec1b6c3dadc35e4bf33b6f1,hxd2ab70a9d09d60aabec1b6c3dadc35e4bf33b6f1,0x0,0xcd229a14ce6b2c90186a00d729d848c4091187f79430fb8dc902502c987a3090,0,94214548,0.0,1741109900940584,unknown_token,0.0206272625,$unknown,1,1,2025-03-04
cx88fd7df7ddff82f7cc735c871dc519838cb235bb,cxa0af3165c08318e988cb30993b3048335b94af6c,cx5faae53c4dbd1fbe4a2eb4aab6565030f10da5c6,0xe023e1af5e6600,0x3e9af5f38d8a311d8c8b1ba8981fe92e9b59ef3fa0dd8c188bd984849352eef9,2,94214547,0.063089847,1741109899154711,Balanced Dollar,0.046032925,bnUSD,0,1,2025-03-04
cx65c9e3d4fea842e00add0d32a5b4c5e4e04c7a6b,cxa0af3165c08318e988cb30993b3048335b94af6c,hxd75467e3e4ce64e3424c747dfb71503017440433,0x12156f1f,0x3e9af5f38d8a311d8c8b1ba8981fe92e9b59ef3fa0dd8c188bd984849352eef9,1,94214547,0.303394591,1741109899154711,Solana,0.046032925,SOL,0,1,2025-03-04
cx88fd7df7ddff82f7cc735c871dc519838cb235bb,hxd75467e3e4ce64e3424c747dfb71503017440433,cxa0af3165c08318e988cb30993b3048335b94af6c,0x247b2c6635b29a000,0x3e9af5f38d8a311d8c8b1ba8981fe92e9b59ef3fa0dd8c188bd984849352eef9,0,94214547,42.059898,1741109899154711,Balanced Dollar,0.046032925,bnUSD,0,1,2025-03-04
cx2609b924e33ef00b648a409245c7ea394c467824,hx0000000000000000000000000000000000000000,cx66d4d90f5f113eba575bf793570135f9b10cece1,0xa2ff466faf79eb42,0x300b65d9c7dea7b7faa7a4b7194c0ca426ec11d292a38e57c2ad3577040e6bec,3,94214546,11.74518379870486,1741109896938636,Staked ICX,0.1101060625,sICX,0,2,2025-03-04
cxf61cd5a45dc9f91c15aa65831a30a90d59a09619,cxd82fb5d3effecd8c9071a4bba3856ad7222c4b91,hx4940a1cb76cfa37e393434bceb4223a943cfe851,0xb41df7ba70bb23b,0xccf11d5472d02406929aaac285353268ed2adb7f6e0f80866701d8ed647a6e1b,7,94214546,0.811175130079933,1741109896938636,Balance Token,0.2233708875,BALN,0,1,2025-03-04
cx88fd7df7ddff82f7cc735c871dc519838cb235bb,cxd82fb5d3effecd8c9071a4bba3856ad7222c4b91,hx4940a1cb76cfa37e393434bceb4223a943cfe851,0x22ee8718ec866d0e,0xccf11d5472d02406929aaac285353268ed2adb7f6e0f80866701d8ed647a6e1b,6,94214546,2.5170977828638836,1741109896938636,Balanced Dollar,0.2233708875,bnUSD,0,1,2025-03-04
cx2609b924e33ef00b648a409245c7ea394c467824,cxd82fb5d3effecd8c9071a4bba3856ad7222c4b91,hx4940a1cb76cfa37e393434bceb4223a943cfe851,0xd2321c5f4258b17b,0xccf11d5472d02406929aaac285353268ed2adb7f6e0f80866701d8ed647a6e1b,5,94214546,15.146199692260979,1741109896938636,Staked ICX,0.2233708875,sICX,0,1,2025-03-04
cxf61cd5a45dc9f91c15aa65831a30a90d59a09619,cx9345f80d6c98357ccbb70392b14162199c2c5f66,cxd82fb5d3effecd8c9071a4bba3856ad7222c4b91,0x8efed866cebc8fd,0xccf11d5472d02406929aaac285353268ed2adb7f6e0f80866701d8ed647a6e1b,3,94214546,0.6439944333460625,1741109896938636,Balance Token,0.2233708875,BALN,0,1,2025-03-04
cx2609b924e33ef00b648a409245c7ea394c467824,cx9345f80d6c98357ccbb70392b14162199c2c5f66,cxd82fb5d3effecd8c9071a4bba3856ad7222c4b91,0x243a6364506ebf115,0xccf11d5472d02406929aaac285353268ed2adb7f6e0f80866701d8ed647a6e1b,2,94214546,41.768131464191015,1741109896938636,Staked ICX,0.2233708875,sICX,0,1,2025-03-04
cx88fd7df7ddff82f7cc735c871dc519838cb235bb,hx0000000000000000000000000000000000000000,cx5faae53c4dbd1fbe4a2eb4aab6565030f10da5c6,0x0,0xccf11d5472d02406929aaac285353268ed2adb7f6e0f80866701d8ed647a6e1b,1,94214546,0.0,1741109896938636,Balanced Dollar,0.2233708875,bnUSD,0,1,2025-03-04
cx88fd7df7ddff82f7cc735c871dc519838cb235bb,hx0000000000000000000000000000000000000000,cxd82fb5d3effecd8c9071a4bba3856ad7222c4b91,0x5c3dc278e6b77edf,0xccf11d5472d02406929aaac285353268ed2adb7f6e0f80866701d8ed647a6e1b,0,94214546,6.64668244959137,1741109896938636,Balanced Dollar,0.2233708875,bnUSD,0,1,2025-03-04
cx2609b924e33ef00b648a409245c7ea394c467824,cxa0af3165c08318e988cb30993b3048335b94af6c,hx4b7057fbe24f22672d6a50eb82616200526c9a3e,0x1,0xc0dc06abb8f5fdadb515ce9a508c3811a54d5a4c54c5b353ce2fee4fc05d9fc5,3,94214543,1e-18,1741109890935839,Staked ICX,0.043749125,sICX,0,1,2025-03-04
cx518f64edcd35db9044a2de63fdc10abfd5f7d611,cx21e94c08c03daee80c25d8ee3ea22a20786ec231,hxd75467e3e4ce64e3424c747dfb71503017440433,0xefa84ea8,0x1c505c8c983c78e76bfe65494a5840a8c37002fc05b2dc60cf619ae5c598b72c,9,94214541,402.0784808,1741109886932681,Stellar,0.1691909125,XLM,0,1,2025-03-04
cx2609b924e33ef00b648a409245c7ea394c467824,cxa0af3165c08318e988cb30993b3048335b94af6c,cx5faae53c4dbd1fbe4a2eb4aab6565030f10da5c6,0x1122013393b43f1a,0x1c505c8c983c78e76bfe65494a5840a8c37002fc05b2dc60cf619ae5c598b72c,7,94214541,1.2345505688859604,1741109886932681,Staked ICX,0.1691909125,sICX,0,1,2025-03-04
cx518f64edcd35db9044a2de63fdc10abfd5f7d611,cxa0af3165c08318e988cb30993b3048335b94af6c,cx21e94c08c03daee80c25d8ee3ea22a20786ec231,0xefa84ea8,0x1c505c8c983c78e76bfe65494a5840a8c37002fc05b2dc60cf619ae5c598b72c,6,94214541,402.0784808,1741109886932681,Stellar,0.1691909125,XLM,0,1,2025-03-04
cx2609b924e33ef00b648a409245c7ea394c467824,cx21e94c08c03daee80c25d8ee3ea22a20786ec231,cxa0af3165c08318e988cb30993b3048335b94af6c,0x2c9de320fb500efebc,0x1c505c8c983c78e76bfe65494a5840a8c37002fc05b2dc60cf619ae5c598b72c,5,94214541,823.0337125906403,1741109886932681,Staked ICX,0.1691909125,sICX,0,1,2025-03-04
cx88fd7df7ddff82f7cc735c871dc519838cb235bb,cxa0af3165c08318e988cb30993b3048335b94af6c,cx5faae53c4dbd1fbe4a2eb4aab6565030f10da5c6,0x26a9e66cec427e7,0x1c505c8c983c78e76bfe65494a5840a8c37002fc05b2dc60cf619ae5c598b72c,3,94214541,0.17412569999999997,1741109886932681,Balanced Dollar,0.1691909125,bnUSD,0,1,2025-03-04
cx2609b924e33ef00b648a409245c7ea394c467824,cxa0af3165c08318e988cb30993b3048335b94af6c,cx21e94c08c03daee80c25d8ee3ea22a20786ec231,0x2c9de320fb500efebc,0x1c505c8c983c78e76bfe65494a5840a8c37002fc05b2dc60cf619ae5c598b72c,2,94214541,823.0337125906403,1741109886932681,Staked ICX,0.1691909125,sICX,0,1,2025-03-04
cx88fd7df7ddff82f7cc735c871dc519838cb235bb,cx21e94c08c03daee80c25d8ee3ea22a20786ec231,cxa0af3165c08318e988cb30993b3048335b94af6c,0x64afc810fc97d4000,0x1c505c8c983c78e76bfe65494a5840a8c37002fc05b2dc60cf619ae5c598b72c,1,94214541,116.08379999999998,1741109886932681,Balanced Dollar,0.1691909125,bnUSD,0,1,2025-03-04
cx88fd7df7ddff82f7cc735c871dc519838cb235bb,hxd75467e3e4ce64e3424c747dfb71503017440433,cx21e94c08c03daee80c25d8ee3ea22a20786ec231,0x64afc810fc97d4000,0x1c505c8c983c78e76bfe65494a5840a8c37002fc05b2dc60cf619ae5c598b72c,0,94214541,116.08379999999998,1741109886932681,Balanced Dollar,0.1691909125,bnUSD,0,1,2025-03-04
cxf61cd5a45dc9f91c15aa65831a30a90d59a09619,cx10d59e8103ab44635190bd4139dbfd682fa2d07e,hx256bc15ee1ded70f478fb07fec5f3c13d66aa619,0x1afe81ffd1e81599,0x7f45f511c34b137db3ed79772072f0aeb19a036a292bd8661bf605437fd070d4,3,94214538,1.9451350248089245,1741109880934493,Balance Token,0.090803575,BALN,0,2,2025-03-04
cx2609b924e33ef00b648a409245c7ea394c467824,cx10d59e8103ab44635190bd4139dbfd682fa2d07e,hx256bc15ee1ded70f478fb07fec5f3c13d66aa619,0x1a8c50e45fbaadd4,0x7f45f511c34b137db3ed79772072f0aeb19a036a292bd8661bf605437fd070d4,1,94214538,1.9129928835144534,1741109880934493,Staked ICX,0.090803575,sICX,0,2,2025-03-04
cx2609b924e33ef00b648a409245c7ea394c467824,hx4b7057fbe24f22672d6a50eb82616200526c9a3e,cxa0af3165c08318e988cb30993b3048335b94af6c,0x1c6748657685fcbff,0xcc48c17a33255ce7cd899ce786191c7c7441019d554a6199ab20d1b12c2d57d9,0,94214538,32.7469465004891,1741109880934493,Staked ICX,0.03120205,sICX,0,1,2025-03-04
cx3975b43d260fb8ec802cef6e60c2f4d07486f11d,hx4b7057fbe24f22672d6a50eb82616200526c9a3e,cxa0af3165c08318e988cb30993b3048335b94af6c,0x25511979189adc034,0x57e7ddc921db6d9f72f6a3d480fa8e000a86eef37c8f240e5c6d44b57686b389,1,94214537,43.02333536658298,1741109879055574,Wrapped ICX,0.0165668375,wICX,0,1,2025-03-04
cx3975b43d260fb8ec802cef6e60c2f4d07486f11d,hx0000000000000000000000000000000000000000,hx4b7057fbe24f22672d6a50eb82616200526c9a3e,0x25511979189adc034,0x57e7ddc921db6d9f72f6a3d480fa8e000a86eef37c8f240e5c6d44b57686b389,0,94214537,43.02333536658298,1741109879055574,Wrapped ICX,0.0165668375,wICX,0,1,2025-03-04
cxd17316e24ee40f2ef8ed6f3a497311db1b35206d,hx8026678e3d08ba3203ce6161ee8e9e3b9793491f,hx8026678e3d08ba3203ce6161ee8e9e3b9793491f,0x0,0x73c2882fdf66f02b836cf5e02e2f2943d43b0efd308ee26f26fa1074c4b7dc9c,5,94214536,0.0,1741109877043375,unknown_token,0.0196525875,$unknown,34,1,2025-03-04
cx53f8ccd5426534f82cf10cb742de033e51da72fc,hx8026678e3d08ba3203ce6161ee8e9e3b9793491f,hx0000000000000000000000000000000000000000,0x0,0x73c2882fdf66f02b836cf5e02e2f2943d43b0efd308ee26f26fa1074c4b7dc9c,4,94214536,0.0,1741109877043375,unknown_token,0.0196525875,$unknown,8,1,2025-03-04
cx7baf94bd53b505353285ee4c4c050f9703581703,hx8026678e3d08ba3203ce6161ee8e9e3b9793491f,hx0000000000000000000000000000000000000000,0x0,0x73c2882fdf66f02b836cf5e02e2f2943d43b0efd308ee26f26fa1074c4b7dc9c,2,94214536,0.0,1741109877043375,unknown_token,0.0196525875,$unknown,11,1,2025-03-04
cx7baf94bd53b505353285ee4c4c050f9703581703,hx8026678e3d08ba3203ce6161ee8e9e3b9793491f,hx0000000000000000000000000000000000000000,0x0,0x73c2882fdf66f02b836cf5e02e2f2943d43b0efd308ee26f26fa1074c4b7dc9c,0,94214536,0.0,1741109877043375,unknown_token,0.0196525875,$unknown,26,1,2025-03-04
cx88fd7df7ddff82f7cc735c871dc519838cb235bb,cxa0af3165c08318e988cb30993b3048335b94af6c,cx5faae53c4dbd1fbe4a2eb4aab6565030f10da5c6,0x28845a1890eb9f3,0x69dbec6d32b86ce6a38ad1bf4a562dec31bfb4cc9218176ae3563c48c1821fd3,2,94214535,0.18247234499999998,1741109874930907,Balanced Dollar,0.0460574,bnUSD,0,1,2025-03-04
cx508002ec116fbf3ab406329c0df28e70d7e75fb3,cxa0af3165c08318e988cb30993b3048335b94af6c,hxd75467e3e4ce64e3424c747dfb71503017440433,0xbb5d77e94,0x69dbec6d32b86ce6a38ad1bf4a562dec31bfb4cc9218176ae3563c48c1821fd3,1,94214535,50.295438996,1741109874930907,Sui,0.0460574,SUI,0,1,2025-03-04
cx88fd7df7ddff82f7cc735c871dc519838cb235bb,hxd75467e3e4ce64e3424c747dfb71503017440433,cxa0af3165c08318e988cb30993b3048335b94af6c,0x6983554aa41044000,0x69dbec6d32b86ce6a38ad1bf4a562dec31bfb4cc9218176ae3563c48c1821fd3,0,94214535,121.64823,1741109874930907,Balanced Dollar,0.0460574,bnUSD,0,1,2025-03-04
cx88fd7df7ddff82f7cc735c871dc519838cb235bb,cxa0af3165c08318e988cb30993b3048335b94af6c,cx5faae53c4dbd1fbe4a2eb4aab6565030f10da5c6,0x152ead88269a97c,0xc6d23077f5eb2cea847303aafa13591e2d4feca889985c85eda614780da0d800,2,94214530,0.09539675774999999,1741109864926438,Balanced Dollar,0.056400425,bnUSD,0,1,2025-03-04
cx288d13e1b63563459a2ac6179f237711f6851cb5,cxa0af3165c08318e988cb30993b3048335b94af6c,hxd75467e3e4ce64e3424c747dfb71503017440433,0x6b2fa9dba3cb14,0xc6d23077f5eb2cea847303aafa13591e2d4feca889985c85eda614780da0d800,1,94214530,0.030170229088963347,1741109864926438,Ethereum,0.056400425,ETH,0,1,2025-03-04
cx88fd7df7ddff82f7cc735c871dc519838cb235bb,hxd75467e3e4ce64e3424c747dfb71503017440433,cxa0af3165c08318e988cb30993b3048335b94af6c,0x37298e928f3296000,0xc6d23077f5eb2cea847303aafa13591e2d4feca889985c85eda614780da0d800,0,94214530,63.597838499999995,1741109864926438,Balanced Dollar,0.056400425,bnUSD,0,1,2025-03-04
cx88fd7df7ddff82f7cc735c871dc519838cb235bb,cxa0af3165c08318e988cb30993b3048335b94af6c,cx5faae53c4dbd1fbe4a2eb4aab6565030f10da5c6,0xe853fcd6f33800,0x5f647fde6e9ff3f8370c7c5240427dbf63802439e65fcff522edd80e5cdf8517,2,94214524,0.06539454,1741109852923901,Balanced Dollar,0.0563627125,bnUSD,0,1,2025-03-04
cx4297f4b63262507623b6ad575d0d8dd2db980e4e,cxa0af3165c08318e988cb30993b3048335b94af6c,hxd75467e3e4ce64e3424c747dfb71503017440433,0x37fdcfa20aad1e99,0x5f647fde6e9ff3f8370c7c5240427dbf63802439e65fcff522edd80e5cdf8517,1,94214524,4.034609136064602,1741109852923901,Injective,0.0563627125,INJ,0,1,2025-03-04
cx88fd7df7ddff82f7cc735c871dc519838cb235bb,hxd75467e3e4ce64e3424c747dfb71503017440433,cxa0af3165c08318e988cb30993b3048335b94af6c,0x25d05626fc40c8000,0x5f647fde6e9ff3f8370c7c5240427dbf63802439e65fcff522edd80e5cdf8517,0,94214524,43.59636,1741109852923901,Balanced Dollar,0.0563627125,bnUSD,0,1,2025-03-04
cxf61cd5a45dc9f91c15aa65831a30a90d59a09619,cx10d59e8103ab44635190bd4139dbfd682fa2d07e,hx4b7057fbe24f22672d6a50eb82616200526c9a3e,0xb1657141e9c45b3,0x3a802d68ec1b8ab4385ac63e80b83774630e9b95e184409cf53df6eb1e807ae2,3,94214522,0.7989217278293621,1741109849120526,Balance Token,0.0717959375,BALN,0,2,2025-03-04
cx2609b924e33ef00b648a409245c7ea394c467824,cx10d59e8103ab44635190bd4139dbfd682fa2d07e,hx4b7057fbe24f22672d6a50eb82616200526c9a3e,0x1c6748657685fcbfe,0x3a802d68ec1b8ab4385ac63e80b83774630e9b95e184409cf53df6eb1e807ae2,1,94214522,32.7469465004891,1741109849120526,Staked ICX,0.0717959375,sICX,0,2,2025-03-04
cx88fd7df7ddff82f7cc735c871dc519838cb235bb,cxa0af3165c08318e988cb30993b3048335b94af6c,cx5faae53c4dbd1fbe4a2eb4aab6565030f10da5c6,0x2865afeb76311f3,0x2a5482a025f0c5f86c90a11ec7f2b2bc4023ef1bad62ea2b908e7c29784a257d,2,94214516,0.181932885,1741109836917663,Balanced Dollar,0.0460574,bnUSD,0,1,2025-03-04
cx508002ec116fbf3ab406329c0df28e70d7e75fb3,cxa0af3165c08318e988cb30993b3048335b94af6c,hxd75467e3e4ce64e3424c747dfb71503017440433,0xbb02e50b8,0x2a5482a025f0c5f86c90a11ec7f2b2bc4023ef1bad62ea2b908e7c29784a257d,1,94214516,50.200465592,1741109836917663,Sui,0.0460574,SUI,0,1,2025-03-04
cx88fd7df7ddff82f7cc735c871dc519838cb235bb,hxd75467e3e4ce64e3424c747dfb71503017440433,cxa0af3165c08318e988cb30993b3048335b94af6c,0x69337a1fd91fec000,0x2a5482a025f0c5f86c90a11ec7f2b2bc4023ef1bad62ea2b908e7c29784a257d,0,94214516,121.28858999999999,1741109836917663,Balanced Dollar,0.0460574,bnUSD,0,1,2025-03-04
cx2609b924e33ef00b648a409245c7ea394c467824,hxd2e221b2fddfe0b4ffeda89bde1da651d073fcd6,cx66d4d90f5f113eba575bf793570135f9b10cece1,0x13bbf99522385e0f80,0xbd9f7bdd99f022beb45a71ed951832a4b578e92d4a157dbec1f3397d80416682,1,94214502,364.0331587289821,1741109808908198,Staked ICX,0.09525,sICX,0,1,2025-03-04
cx88fd7df7ddff82f7cc735c871dc519838cb235bb,cxa0af3165c08318e988cb30993b3048335b94af6c,cx5faae53c4dbd1fbe4a2eb4aab6565030f10da5c6,0xe81d78f88ad000,0x1bb6256b5db4422253acf3f290749360dbb1b984c47fc3d0076eb2adf2e93fb7,2,94214496,0.0653346,1741109796902780,Balanced Dollar,0.0563627125,bnUSD,0,2,2025-03-04
cx4297f4b63262507623b6ad575d0d8dd2db980e4e,cxa0af3165c08318e988cb30993b3048335b94af6c,hxd75467e3e4ce64e3424c747dfb71503017440433,0x37f77bcf4b755c7e,0x1bb6256b5db4422253acf3f290749360dbb1b984c47fc3d0076eb2adf2e93fb7,1,94214496,4.032828121587998,1741109796902780,Injective,0.0563627125,INJ,0,2,2025-03-04
cx88fd7df7ddff82f7cc735c871dc519838cb235bb,hxd75467e3e4ce64e3424c747dfb71503017440433,cxa0af3165c08318e988cb30993b3048335b94af6c,0x25c776b073ed30000,0x1bb6256b5db4422253acf3f290749360dbb1b984c47fc3d0076eb2adf2e93fb7,0,94214496,43.5564,1741109796902780,Balanced Dollar,0.0563627125,bnUSD,0,2,2025-03-04
cx07b184a37f03c6ab681fcbd0b45aec6dc3eafbeb,cx21e94c08c03daee80c25d8ee3ea22a20786ec231,hx970eda4988e547df0de8324226fdf3e8ebc9734f,0x2386f26fc10001,0x14ff40a48892dce10fc5bfab975db027dd8c3b4c6c18a3b937eb2fc53db53d03,5,94214496,0.01,1741109796902780,Bitcoin,0.0860030125,BTC,0,1,2025-03-04
cx88fd7df7ddff82f7cc735c871dc519838cb235bb,cxa0af3165c08318e988cb30993b3048335b94af6c,cx5faae53c4dbd1fbe4a2eb4aab6565030f10da5c6,0x11906f3c13e4a765,0x14ff40a48892dce10fc5bfab975db027dd8c3b4c6c18a3b937eb2fc53db53d03,3,94214496,1.2656337991135824,1741109796902780,Balanced Dollar,0.0860030125,bnUSD,0,1,2025-03-04
cx07b184a37f03c6ab681fcbd0b45aec6dc3eafbeb,cxa0af3165c08318e988cb30993b3048335b94af6c,cx21e94c08c03daee80c25d8ee3ea22a20786ec231,0x2386f26fc10001,0x14ff40a48892dce10fc5bfab975db027dd8c3b4c6c18a3b937eb2fc53db53d03,2,94214496,0.01,1741109796902780,Bitcoin,0.0860030125,BTC,0,1,2025-03-04
cx88fd7df7ddff82f7cc735c871dc519838cb235bb,cx21e94c08c03daee80c25d8ee3ea22a20786ec231,cxa0af3165c08318e988cb30993b3048335b94af6c,0x2dbd7701c92373ece6,0x14ff40a48892dce10fc5bfab975db027dd8c3b4c6c18a3b937eb2fc53db53d03,1,94214496,843.7558660757217,1741109796902780,Balanced Dollar,0.0860030125,bnUSD,0,1,2025-03-04
cx88fd7df7ddff82f7cc735c871dc519838cb235bb,hx970eda4988e547df0de8324226fdf3e8ebc9734f,cx21e94c08c03daee80c25d8ee3ea22a20786ec231,0x2dbd7701c92373ece6,0x14ff40a48892dce10fc5bfab975db027dd8c3b4c6c18a3b937eb2fc53db53d03,0,94214496,843.7558660757217,1741109796902780,Balanced Dollar,0.0860030125,bnUSD,0,1,2025-03-04
cx88fd7df7ddff82f7cc735c871dc519838cb235bb,cxa0af3165c08318e988cb30993b3048335b94af6c,cx5faae53c4dbd1fbe4a2eb4aab6565030f10da5c6,0x152ab78cfdd16f9,0xdee5e098cf24f10b2ae5f3f2e05729b0db22d3326ebe878b5fb921bdc17cb171,2,94214491,0.0953270775,1741109786899883,Balanced Dollar,0.056400425,bnUSD,0,1,2025-03-04
cx288d13e1b63563459a2ac6179f237711f6851cb5,cxa0af3165c08318e988cb30993b3048335b94af6c,hxd75467e3e4ce64e3424c747dfb71503017440433,0x6b2372df5a1ef0,0xdee5e098cf24f10b2ae5f3f2e05729b0db22d3326ebe878b5fb921bdc17cb171,1,94214491,0.030156798788509423,1741109786899883,Ethereum,0.056400425,ETH,0,1,2025-03-04
cx88fd7df7ddff82f7cc735c871dc519838cb235bb,hxd75467e3e4ce64e3424c747dfb71503017440433,cxa0af3165c08318e988cb30993b3048335b94af6c,0x371f3dff2a5168000,0xdee5e098cf24f10b2ae5f3f2e05729b0db22d3326ebe878b5fb921bdc17cb171,0,94214491,63.551384999999996,1741109786899883,Balanced Dollar,0.056400425,bnUSD,0,1,2025-03-04
cxd17316e24ee40f2ef8ed6f3a497311db1b35206d,hxd2ab70a9d09d60aabec1b6c3dadc35e4bf33b6f1,hxd2ab70a9d09d60aabec1b6c3dadc35e4bf33b6f1,0x0,0xf13dd93119843075b24ea37775ff19f32969ea9f9d3b424d82e30c6d1c940b4a,5,94214479,0.0,1741109762892089,unknown_token,0.0197930875,$unknown,34,1,2025-03-04
cx53f8ccd5426534f82cf10cb742de033e51da72fc,hxd2ab70a9d09d60aabec1b6c3dadc35e4bf33b6f1,hx0000000000000000000000000000000000000000,0x0,0xf13dd93119843075b24ea37775ff19f32969ea9f9d3b424d82e30c6d1c940b4a,4,94214479,0.0,1741109762892089,unknown_token,0.0197930875,$unknown,3,1,2025-03-04
cx7baf94bd53b505353285ee4c4c050f9703581703,hxd2ab70a9d09d60aabec1b6c3dadc35e4bf33b6f1,hx0000000000000000000000000000000000000000,0x0,0xf13dd93119843075b24ea37775ff19f32969ea9f9d3b424d82e30c6d1c940b4a,2,94214479,0.0,1741109762892089,unknown_token,0.0197930875,$unknown,21,1,2025-03-04
cx7baf94bd53b505353285ee4c4c050f9703581703,hxd2ab70a9d09d60aabec1b6c3dadc35e4bf33b6f1,hx0000000000000000000000000000000000000000,0x0,0xf13dd93119843075b24ea37775ff19f32969ea9f9d3b424d82e30c6d1c940b4a,0,94214479,0.0,1741109762892089,unknown_token,0.0197930875,$unknown,4,1,2025-03-04
cx88fd7df7ddff82f7cc735c871dc519838cb235bb,cxa0af3165c08318e988cb30993b3048335b94af6c,cx5faae53c4dbd1fbe4a2eb4aab6565030f10da5c6,0xe743697ee93000,0xf0af13f5e80cde925992db08d4350d1dc6357e147b5ee04cabafc8b2b456984e,2,94214473,0.06509484,1741109750890104,Balanced Dollar,0.0563627125,bnUSD,0,1,2025-03-04
cx4297f4b63262507623b6ad575d0d8dd2db980e4e,cxa0af3165c08318e988cb30993b3048335b94af6c,hxd75467e3e4ce64e3424c747dfb71503017440433,0x37c9ae4752b3eff2,0xf0af13f5e80cde925992db08d4350d1dc6357e147b5ee04cabafc8b2b456984e,1,94214473,4.019935763758314,1741109750890104,Injective,0.0563627125,INJ,0,1,2025-03-04
cx88fd7df7ddff82f7cc735c871dc519838cb235bb,hxd75467e3e4ce64e3424c747dfb71503017440433,cxa0af3165c08318e988cb30993b3048335b94af6c,0x25a3f8d6529ed0000,0xf0af13f5e80cde925992db08d4350d1dc6357e147b5ee04cabafc8b2b456984e,0,94214473,43.39656,1741109750890104,Balanced Dollar,0.0563627125,bnUSD,0,1,2025-03-04
cx88fd7df7ddff82f7cc735c871dc519838cb235bb,cxa0af3165c08318e988cb30993b3048335b94af6c,cx5faae53c4dbd1fbe4a2eb4aab6565030f10da5c6,0x1524fe2f3d18706,0xa24ff3d473ab2061ff86f9be51cab066b9e0475b6811311c81d81becbd20ed5d,2,94214468,0.09522637830000001,1741109740881894,Balanced Dollar,0.056400425,bnUSD,0,1,2025-03-04
cx288d13e1b63563459a2ac6179f237711f6851cb5,cxa0af3165c08318e988cb30993b3048335b94af6c,hxd75467e3e4ce64e3424c747dfb71503017440433,0x6b0e4aa2e52692,0xa24ff3d473ab2061ff86f9be51cab066b9e0475b6811311c81d81becbd20ed5d,1,94214468,0.03013353623133557,1741109740881894,Ethereum,0.056400425,ETH,0,1,2025-03-04
cx88fd7df7ddff82f7cc735c871dc519838cb235bb,hxd75467e3e4ce64e3424c747dfb71503017440433,cxa0af3165c08318e988cb30993b3048335b94af6c,0x371055f059c4fa000,0xa24ff3d473ab2061ff86f9be51cab066b9e0475b6811311c81d81becbd20ed5d,0,94214468,63.48425220000001,1741109740881894,Balanced Dollar,0.056400425,bnUSD,0,1,2025-03-04
cxd17316e24ee40f2ef8ed6f3a497311db1b35206d,hxd2ab70a9d09d60aabec1b6c3dadc35e4bf33b6f1,hxd2ab70a9d09d60aabec1b6c3dadc35e4bf33b6f1,0x0,0x692ed8c194cf05db12c52745e4954fc1d4e217d23e78034f989cc7290d375b25,4,94214464,0.0,1741109733076326,unknown_token,0.01693695,$unknown,34,2,2025-03-04
cx7baf94bd53b505353285ee4c4c050f9703581703,hxd2ab70a9d09d60aabec1b6c3dadc35e4bf33b6f1,hx0000000000000000000000000000000000000000,0x0,0x692ed8c194cf05db12c52745e4954fc1d4e217d23e78034f989cc7290d375b25,2,94214464,0.0,1741109733076326,unknown_token,0.01693695,$unknown,5,2,2025-03-04
cx7baf94bd53b505353285ee4c4c050f9703581703,hxd2ab70a9d09d60aabec1b6c3dadc35e4bf33b6f1,hx0000000000000000000000000000000000000000,0x0,0x692ed8c194cf05db12c52745e4954fc1d4e217d23e78034f989cc7290d375b25,0,94214464,0.0,1741109733076326,unknown_token,0.01693695,$unknown,4,2,2025-03-04
cx65c9e3d4fea842e00add0d32a5b4c5e4e04c7a6b,hx1adc2b41608d81704d775ff143f43ab6efe0d792,cx66d4d90f5f113eba575bf793570135f9b10cece1,0x73db9df,0xd8ef22d263d850bcce3a8d65a59d696df3e3384d120764dba33c5a3189505d1d,0,94214459,0.121485791,1741109722881863,Solana,0.022488375,SOL,0,1,2025-03-04
cx65c9e3d4fea842e00add0d32a5b4c5e4e04c7a6b,cx21e94c08c03daee80c25d8ee3ea22a20786ec231,hx1adc2b41608d81704d775ff143f43ab6efe0d792,0x73db667,0xeb1d9373b46b4e16b669b28a3cf8a30e30681ad066d190488d8c4f03e77fb1b6,5,94214452,0.121484903,1741109708879960,Solana,0.075735,SOL,0,1,2025-03-04
cx88fd7df7ddff82f7cc735c871dc519838cb235bb,cxa0af3165c08318e988cb30993b3048335b94af6c,cx5faae53c4dbd1fbe4a2eb4aab6565030f10da5c6,0x59b744afd99c85,0xeb1d9373b46b4e16b669b28a3cf8a30e30681ad066d190488d8c4f03e77fb1b6,3,94214452,0.025252778563181703,1741109708879960,Balanced Dollar,0.075735,bnUSD,0,1,2025-03-04
cx65c9e3d4fea842e00add0d32a5b4c5e4e04c7a6b,cxa0af3165c08318e988cb30993b3048335b94af6c,cx21e94c08c03daee80c25d8ee3ea22a20786ec231,0x73db667,0xeb1d9373b46b4e16b669b28a3cf8a30e30681ad066d190488d8c4f03e77fb1b6,2,94214452,0.121484903,1741109708879960,Solana,0.075735,SOL,0,1,2025-03-04
cx88fd7df7ddff82f7cc735c871dc519838cb235bb,cx21e94c08c03daee80c25d8ee3ea22a20786ec231,cxa0af3165c08318e988cb30993b3048335b94af6c,0xe9a298349c079cc6,0xeb1d9373b46b4e16b669b28a3cf8a30e30681ad066d190488d8c4f03e77fb1b6,1,94214452,16.8351857087878,1741109708879960,Balanced Dollar,0.075735,bnUSD,0,1,2025-03-04
cx88fd7df7ddff82f7cc735c871dc519838cb235bb,hx1adc2b41608d81704d775ff143f43ab6efe0d792,cx21e94c08c03daee80c25d8ee3ea22a20786ec231,0xe9a298349c079cc6,0xeb1d9373b46b4e16b669b28a3cf8a30e30681ad066d190488d8c4f03e77fb1b6,0,94214452,16.8351857087878,1741109708879960,Balanced Dollar,0.075735,bnUSD,0,1,2025-03-04
cxd17316e24ee40f2ef8ed6f3a497311db1b35206d,hxd2ab70a9d09d60aabec1b6c3dadc35e4bf33b6f1,hxd2ab70a9d09d60aabec1b6c3dadc35e4bf33b6f1,0x0,0xe206d30eb52012f3e4915e263402ea0390543c9db29e93d918997fe7e7a10205,4,94214451,0.0,1741109706876198,unknown_token,0.01679645,$unknown,34,1,2025-03-04
cx7baf94bd53b505353285ee4c4c050f9703581703,hxd2ab70a9d09d60aabec1b6c3dadc35e4bf33b6f1,hx0000000000000000000000000000000000000000,0x0,0xe206d30eb52012f3e4915e263402ea0390543c9db29e93d918997fe7e7a10205,2,94214451,0.0,1741109706876198,unknown_token,0.01679645,$unknown,31,1,2025-03-04
cx7baf94bd53b505353285ee4c4c050f9703581703,hxd2ab70a9d09d60aabec1b6c3dadc35e4bf33b6f1,hx0000000000000000000000000000000000000000,0x0,0xe206d30eb52012f3e4915e263402ea0390543c9db29e93d918997fe7e7a10205,0,94214451,0.0,1741109706876198,unknown_token,0.01679645,$unknown,21,1,2025-03-04
cx88fd7df7ddff82f7cc735c871dc519838cb235bb,cxa0af3165c08318e988cb30993b3048335b94af6c,cx5faae53c4dbd1fbe4a2eb4aab6565030f10da5c6,0x1519faa9b48fe76,0x2717ed2af43daada09fa16a79970789c42d9cab70e6b85782f0ee91b7c01d9ce,2,94214441,0.09503262224999999,1741109686866259,Balanced Dollar,0.056400425,bnUSD,0,1,2025-03-04
cx288d13e1b63563459a2ac6179f237711f6851cb5,cxa0af3165c08318e988cb30993b3048335b94af6c,hxd75467e3e4ce64e3424c747dfb71503017440433,0x6ade51d047111b,0x2717ed2af43daada09fa16a79970789c42d9cab70e6b85782f0ee91b7c01d9ce,1,94214441,0.030080790499365146,1741109686866259,Ethereum,0.056400425,ETH,0,1,2025-03-04
cx88fd7df7ddff82f7cc735c871dc519838cb235bb,hxd75467e3e4ce64e3424c747dfb71503017440433,cxa0af3165c08318e988cb30993b3048335b94af6c,0x36f3a76f4636c0000,0x2717ed2af43daada09fa16a79970789c42d9cab70e6b85782f0ee91b7c01d9ce,0,94214441,63.3550815,1741109686866259,Balanced Dollar,0.056400425,bnUSD,0,1,2025-03-04
cxd17316e24ee40f2ef8ed6f3a497311db1b35206d,hxd2ab70a9d09d60aabec1b6c3dadc35e4bf33b6f1,hxd2ab70a9d09d60aabec1b6c3dadc35e4bf33b6f1,0x0,0xaeebb54cf18af1f133012bb6839c44c25705744f2d03077d721fb8d1b0cad74a,5,94214436,0.0,1741109676973788,unknown_token,0.01958365,$unknown,34,1,2025-03-04
cx53f8ccd5426534f82cf10cb742de033e51da72fc,hxd2ab70a9d09d60aabec1b6c3dadc35e4bf33b6f1,hx0000000000000000000000000000000000000000,0x0,0xaeebb54cf18af1f133012bb6839c44c25705744f2d03077d721fb8d1b0cad74a,4,94214436,0.0,1741109676973788,unknown_token,0.01958365,$unknown,3,1,2025-03-04
cx7baf94bd53b505353285ee4c4c050f9703581703,hxd2ab70a9d09d60aabec1b6c3dadc35e4bf33b6f1,hx0000000000000000000000000000000000000000,0x0,0xaeebb54cf18af1f133012bb6839c44c25705744f2d03077d721fb8d1b0cad74a,2,94214436,0.0,1741109676973788,unknown_token,0.01958365,$unknown,11,1,2025-03-04
cx7baf94bd53b505353285ee4c4c050f9703581703,hxd2ab70a9d09d60aabec1b6c3dadc35e4bf33b6f1,hx0000000000000000000000000000000000000000,0x0,0xaeebb54cf18af1f133012bb6839c44c25705744f2d03077d721fb8d1b0cad74a,0,94214436,0.0,1741109676973788,unknown_token,0.01958365,$unknown,26,1,2025-03-04
cx88fd7df7ddff82f7cc735c871dc519838cb235bb,cxa0af3165c08318e988cb30993b3048335b94af6c,cx5faae53c4dbd1fbe4a2eb4aab6565030f10da5c6,0xe743697ee93000,0xe6c9ccba9b568534631ced754d5302778008940a3378ea397fa2f3ab24127bf2,2,94214435,0.06509484,1741109674862002,Balanced Dollar,0.0563627125,bnUSD,0,1,2025-03-04
cx4297f4b63262507623b6ad575d0d8dd2db980e4e,cxa0af3165c08318e988cb30993b3048335b94af6c,hxd75467e3e4ce64e3424c747dfb71503017440433,0x37d072bdeab37074,0xe6c9ccba9b568534631ced754d5302778008940a3378ea397fa2f3ab24127bf2,1,94214435,4.021840627253867,1741109674862002,Injective,0.0563627125,INJ,0,1,2025-03-04
cx88fd7df7ddff82f7cc735c871dc519838cb235bb,hxd75467e3e4ce64e3424c747dfb71503017440433,cxa0af3165c08318e988cb30993b3048335b94af6c,0x25a3f8d6529ed0000,0xe6c9ccba9b568534631ced754d5302778008940a3378ea397fa2f3ab24127bf2,0,94214435,43.39656,1741109674862002,Balanced Dollar,0.0563627125,bnUSD,0,1,2025-03-04
cx88fd7df7ddff82f7cc735c871dc519838cb235bb,hx0000000000000000000000000000000000000000,cx5faae53c4dbd1fbe4a2eb4aab6565030f10da5c6,0x779f063fccd0b2,0x5268cf2d608ecca601124cfb116383ac798040afbaf1989e1a023b010d4a4883,3,94214429,0.033670371417575604,1741109662858915,Balanced Dollar,0.10553595,bnUSD,0,1,2025-03-04
cx88fd7df7ddff82f7cc735c871dc519838cb235bb,cx66d4d90f5f113eba575bf793570135f9b10cece1,hx1adc2b41608d81704d775ff143f43ab6efe0d792,0xe9a298349c079cc6,0x5268cf2d608ecca601124cfb116383ac798040afbaf1989e1a023b010d4a4883,1,94214429,16.8351857087878,1741109662858915,Balanced Dollar,0.10553595,bnUSD,0,1,2025-03-04
cx88fd7df7ddff82f7cc735c871dc519838cb235bb,hx0000000000000000000000000000000000000000,cx66d4d90f5f113eba575bf793570135f9b10cece1,0xe9a298349c079cc6,0x5268cf2d608ecca601124cfb116383ac798040afbaf1989e1a023b010d4a4883,0,94214429,16.8351857087878,1741109662858915,Balanced Dollar,0.10553595,bnUSD,0,1,2025-03-04
cx2609b924e33ef00b648a409245c7ea394c467824,hx1adc2b41608d81704d775ff143f43ab6efe0d792,cx66d4d90f5f113eba575bf793570135f9b10cece1,0x70f5fcbb6d9099045,0xa6f19a4c703001d0040f08088d0061a3876e654d4ecb7521a73460d6e6c8ed90,1,94214423,130.23503653550907,1741109650853999,Staked ICX,0.0952681875,sICX,0,2,2025-03-04
cxd17316e24ee40f2ef8ed6f3a497311db1b35206d,hxd2ab70a9d09d60aabec1b6c3dadc35e4bf33b6f1,hxd2ab70a9d09d60aabec1b6c3dadc35e4bf33b6f1,0x0,0x520e1fb83e969a875aee82ce710f243a3a61c18d75a0032d72e0b3a12a291388,4,94214423,0.0,1741109650853999,unknown_token,0.0185527,$unknown,34,1,2025-03-04
cx7baf94bd53b505353285ee4c4c050f9703581703,hxd2ab70a9d09d60aabec1b6c3dadc35e4bf33b6f1,hx0000000000000000000000000000000000000000,0x0,0x520e1fb83e969a875aee82ce710f243a3a61c18d75a0032d72e0b3a12a291388,2,94214423,0.0,1741109650853999,unknown_token,0.0185527,$unknown,1,1,2025-03-04
cx7baf94bd53b505353285ee4c4c050f9703581703,hxd2ab70a9d09d60aabec1b6c3dadc35e4bf33b6f1,hx0000000000000000000000000000000000000000,0x0,0x520e1fb83e969a875aee82ce710f243a3a61c18d75a0032d72e0b3a12a291388,0,94214423,0.0,1741109650853999,unknown_token,0.0185527,$unknown,16,1,2025-03-04
cx2609b924e33ef00b648a409245c7ea394c467824,cx21e94c08c03daee80c25d8ee3ea22a20786ec231,hx1adc2b41608d81704d775ff143f43ab6efe0d792,0x70f6e597848a8fd07,0x500d7013c6d0f0ea114aff4225548b3dff0eda84c0db34f065f5a876b7989db5,5,94214416,130.23913304712394,1741109636852328,Staked ICX,0.1052929625,sICX,0,1,2025-03-04
cx2609b924e33ef00b648a409245c7ea394c467824,cxa0af3165c08318e988cb30993b3048335b94af6c,cx5faae53c4dbd1fbe4a2eb4aab6565030f10da5c6,0x2b8116111204e2d,0x500d7013c6d0f0ea114aff4225548b3dff0eda84c0db34f065f5a876b7989db5,3,94214416,0.1959256923874463,1741109636852328,Staked ICX,0.1052929625,sICX,0,1,2025-03-04
cx2609b924e33ef00b648a409245c7ea394c467824,cxa0af3165c08318e988cb30993b3048335b94af6c,cx21e94c08c03daee80c25d8ee3ea22a20786ec231,0x70f6e597848a8fd07,0x500d7013c6d0f0ea114aff4225548b3dff0eda84c0db34f065f5a876b7989db5,2,94214416,130.23913304712394,1741109636852328,Staked ICX,0.1052929625,sICX,0,1,2025-03-04
cxf61cd5a45dc9f91c15aa65831a30a90d59a09619,cx21e94c08c03daee80c25d8ee3ea22a20786ec231,cxa0af3165c08318e988cb30993b3048335b94af6c,0x88a5cb992dd5d58dd,0x500d7013c6d0f0ea114aff4225548b3dff0eda84c0db34f065f5a876b7989db5,1,94214416,157.5440003051981,1741109636852328,Balance Token,0.1052929625,BALN,0,1,2025-03-04
cxf61cd5a45dc9f91c15aa65831a30a90d59a09619,hx1adc2b41608d81704d775ff143f43ab6efe0d792,cx21e94c08c03daee80c25d8ee3ea22a20786ec231,0x88a5cb992dd5d58dd,0x500d7013c6d0f0ea114aff4225548b3dff0eda84c0db34f065f5a876b7989db5,0,94214416,157.5440003051981,1741109636852328,Balance Token,0.1052929625,BALN,0,1,2025-03-04
cx88fd7df7ddff82f7cc735c871dc519838cb235bb,cxa0af3165c08318e988cb30993b3048335b94af6c,cx5faae53c4dbd1fbe4a2eb4aab6565030f10da5c6,0xe779ed5d5197f3,0x3d52ddaa0d1566bed4f42b1bbfc75f5b113a003388daa9de7189f64921b4e054,2,94214415,0.06515477999999998,1741109634891715,Balanced Dollar,0.0563627125,bnUSD,0,1,2025-03-04
cx4297f4b63262507623b6ad575d0d8dd2db980e4e,cxa0af3165c08318e988cb30993b3048335b94af6c,hxd75467e3e4ce64e3424c747dfb71503017440433,0x37e4630344838ecc,0x3d52ddaa0d1566bed4f42b1bbfc75f5b113a003388daa9de7189f64921b4e054,1,94214415,4.027452832461591,1741109634891715,Injective,0.0563627125,INJ,0,1,2025-03-04
cx88fd7df7ddff82f7cc735c871dc519838cb235bb,hxd75467e3e4ce64e3424c747dfb71503017440433,cxa0af3165c08318e988cb30993b3048335b94af6c,0x25acd84cdaf266000,0x3d52ddaa0d1566bed4f42b1bbfc75f5b113a003388daa9de7189f64921b4e054,0,94214415,43.436519999999994,1741109634891715,Balanced Dollar,0.0563627125,bnUSD,0,1,2025-03-04
cx88fd7df7ddff82f7cc735c871dc519838cb235bb,cxa0af3165c08318e988cb30993b3048335b94af6c,cx5faae53c4dbd1fbe4a2eb4aab6565030f10da5c6,0x151a97aa9b7f276,0x3e07cc897007a1a52d3f46170e72cd42865593a2a4f50d7ea8be292cd355a394,2,94214410,0.09504341144999999,1741109624846007,Balanced Dollar,0.056400425,bnUSD,0,1,2025-03-04
cx288d13e1b63563459a2ac6179f237711f6851cb5,cxa0af3165c08318e988cb30993b3048335b94af6c,hxd75467e3e4ce64e3424c747dfb71503017440433,0x6ae936b1eeed52,0x3e07cc897007a1a52d3f46170e72cd42865593a2a4f50d7ea8be292cd355a394,1,94214410,0.03009276865406088,1741109624846007,Ethereum,0.056400425,ETH,0,1,2025-03-04
cx88fd7df7ddff82f7cc735c871dc519838cb235bb,hxd75467e3e4ce64e3424c747dfb71503017440433,cxa0af3165c08318e988cb30993b3048335b94af6c,0x36f5404c4a45cc000,0x3e07cc897007a1a52d3f46170e72cd42865593a2a4f50d7ea8be292cd355a394,0,94214410,63.362274299999996,1741109624846007,Balanced Dollar,0.056400425,bnUSD,0,1,2025-03-04
cx2609b924e33ef00b648a409245c7ea394c467824,hx0000000000000000000000000000000000000000,cx66d4d90f5f113eba575bf793570135f9b10cece1,0x503f7b3127a77cbe8,0xbae633b460dec2f81b4cb3ce8b23afb2ef060be2c5cd5e5c3d9c74eeff45f8a1,3,94214402,92.51961436185452,1741109608845523,Staked ICX,0.110182,sICX,0,1,2025-03-04
cxd17316e24ee40f2ef8ed6f3a497311db1b35206d,hxd2ab70a9d09d60aabec1b6c3dadc35e4bf33b6f1,hxd2ab70a9d09d60aabec1b6c3dadc35e4bf33b6f1,0x0,0x5e67832ad8ab552e164627d3414977f761cce7abbf4bbc774e43410127909b76,5,94214395,0.0,1741109594938134,unknown_token,0.0195823375,$unknown,34,1,2025-03-04
cx53f8ccd5426534f82cf10cb742de033e51da72fc,hxd2ab70a9d09d60aabec1b6c3dadc35e4bf33b6f1,hx0000000000000000000000000000000000000000,0x0,0x5e67832ad8ab552e164627d3414977f761cce7abbf4bbc774e43410127909b76,4,94214395,0.0,1741109594938134,unknown_token,0.0195823375,$unknown,2,1,2025-03-04
cx7baf94bd53b505353285ee4c4c050f9703581703,hxd2ab70a9d09d60aabec1b6c3dadc35e4bf33b6f1,hx0000000000000000000000000000000000000000,0x0,0x5e67832ad8ab552e164627d3414977f761cce7abbf4bbc774e43410127909b76,2,94214395,0.0,1741109594938134,unknown_token,0.0195823375,$unknown,20,1,2025-03-04
cx7baf94bd53b505353285ee4c4c050f9703581703,hxd2ab70a9d09d60aabec1b6c3dadc35e4bf33b6f1,hx0000000000000000000000000000000000000000,0x0,0x5e67832ad8ab552e164627d3414977f761cce7abbf4bbc774e43410127909b76,0,94214395,0.0,1741109594938134,unknown_token,0.0195823375,$unknown,27,1,2025-03-04
cx88fd7df7ddff82f7cc735c871dc519838cb235bb,cxa0af3165c08318e988cb30993b3048335b94af6c,cx5faae53c4dbd1fbe4a2eb4aab6565030f10da5c6,0x15218b0a2a16a76,0x0f69bc6910a9725b756541e44ba7fabf6b1fa67b47bd12e51b98555456d303e5,2,94214385,0.09516568904999999,1741109574834308,Balanced Dollar,0.056400425,bnUSD,0,1,2025-03-04
cx288d13e1b63563459a2ac6179f237711f6851cb5,cxa0af3165c08318e988cb30993b3048335b94af6c,hxd75467e3e4ce64e3424c747dfb71503017440433,0x6b143b72f7695d,0x0f69bc6910a9725b756541e44ba7fabf6b1fa67b47bd12e51b98555456d303e5,1,94214385,0.030140068072483164,1741109574834308,Ethereum,0.056400425,ETH,0,1,2025-03-04
cx88fd7df7ddff82f7cc735c871dc519838cb235bb,hxd75467e3e4ce64e3424c747dfb71503017440433,cxa0af3165c08318e988cb30993b3048335b94af6c,0x37075a1522f054000,0x0f69bc6910a9725b756541e44ba7fabf6b1fa67b47bd12e51b98555456d303e5,0,94214385,63.443792699999996,1741109574834308,Balanced Dollar,0.056400425,bnUSD,0,1,2025-03-04
cx2609b924e33ef00b648a409245c7ea394c467824,hx1adc2b41608d81704d775ff143f43ab6efe0d792,hxd2e221b2fddfe0b4ffeda89bde1da651d073fcd6,0x13bbf99522385e0f80,0xdd92c7bbb212a58005e21f17afc4a590aab6b44284998224e61e71e1c5e22a9f,0,94214381,364.0331587289821,1741109566827077,Staked ICX,0.019157175,sICX,0,1,2025-03-04
cxd17316e24ee40f2ef8ed6f3a497311db1b35206d,hxd2ab70a9d09d60aabec1b6c3dadc35e4bf33b6f1,hxd2ab70a9d09d60aabec1b6c3dadc35e4bf33b6f1,0x0,0x70cdbde30cfd9799d9a1580bc2069fcf57493e542d82b25d5ca45f426f57d2cd,4,94214380,0.0,1741109564827894,unknown_token,0.0185513875,$unknown,34,1,2025-03-04
cx7baf94bd53b505353285ee4c4c050f9703581703,hxd2ab70a9d09d60aabec1b6c3dadc35e4bf33b6f1,hx0000000000000000000000000000000000000000,0x0,0x70cdbde30cfd9799d9a1580bc2069fcf57493e542d82b25d5ca45f426f57d2cd,2,94214380,0.0,1741109564827894,unknown_token,0.0185513875,$unknown,10,1,2025-03-04
cx7baf94bd53b505353285ee4c4c050f9703581703,hxd2ab70a9d09d60aabec1b6c3dadc35e4bf33b6f1,hx0000000000000000000000000000000000000000,0x0,0x70cdbde30cfd9799d9a1580bc2069fcf57493e542d82b25d5ca45f426f57d2cd,0,94214380,0.0,1741109564827894,unknown_token,0.0185513875,$unknown,21,1,2025-03-04
cx88fd7df7ddff82f7cc735c871dc519838cb235bb,cxa0af3165c08318e988cb30993b3048335b94af6c,cx5faae53c4dbd1fbe4a2eb4aab6565030f10da5c6,0xe7e6f51a226800,0x3081dea435a9264cce68ef1e754325b61fb9d6c89d3b5a521894d48df53f1073,2,94214379,0.06527466,1741109562827160,Balanced Dollar,0.0563627125,bnUSD,0,1,2025-03-04
cx4297f4b63262507623b6ad575d0d8dd2db980e4e,cxa0af3165c08318e988cb30993b3048335b94af6c,hxd75467e3e4ce64e3424c747dfb71503017440433,0x3805857e6678a389,0x3081dea435a9264cce68ef1e754325b61fb9d6c89d3b5a521894d48df53f1073,1,94214379,4.036779418939074,1741109562827160,Injective,0.0563627125,INJ,0,1,2025-03-04
cx88fd7df7ddff82f7cc735c871dc519838cb235bb,hxd75467e3e4ce64e3424c747dfb71503017440433,cxa0af3165c08318e988cb30993b3048335b94af6c,0x25be9739eb9998000,0x3081dea435a9264cce68ef1e754325b61fb9d6c89d3b5a521894d48df53f1073,0,94214379,43.51644,1741109562827160,Balanced Dollar,0.0563627125,bnUSD,0,1,2025-03-04
cx2609b924e33ef00b648a409245c7ea394c467824,cxa0af3165c08318e988cb30993b3048335b94af6c,hx1adc2b41608d81704d775ff143f43ab6efe0d792,0x4972e5ff39beda02a,0xae4486261a45adc45737585826c5602b940b6f10f4cc592bc53f9e222e1bf883,6,94214367,84.68072634339175,1741109539007237,Staked ICX,0.058238275,sICX,0,1,2025-03-04
cx3975b43d260fb8ec802cef6e60c2f4d07486f11d,hx1adc2b41608d81704d775ff143f43ab6efe0d792,hx0000000000000000000000000000000000000000,0x607f79d6e6a5a4afc,0xae4486261a45adc45737585826c5602b940b6f10f4cc592bc53f9e222e1bf883,3,94214367,111.2545650173266,1741109539007237,Wrapped ICX,0.058238275,wICX,0,1,2025-03-04
cx3975b43d260fb8ec802cef6e60c2f4d07486f11d,cxa0af3165c08318e988cb30993b3048335b94af6c,hx1adc2b41608d81704d775ff143f43ab6efe0d792,0x607f79d6e6a5a4afc,0xae4486261a45adc45737585826c5602b940b6f10f4cc592bc53f9e222e1bf883,2,94214367,111.2545650173266,1741109539007237,Wrapped ICX,0.058238275,wICX,0,1,2025-03-04
cxd17316e24ee40f2ef8ed6f3a497311db1b35206d,hxd2ab70a9d09d60aabec1b6c3dadc35e4bf33b6f1,hxd2ab70a9d09d60aabec1b6c3dadc35e4bf33b6f1,0x0,0x16c1d8d26d0e7907f15a4d29754aec98ce852be6e70de62abbfc655f9c3a66d1,2,94214366,0.0,1741109536819808,unknown_token,0.0107466625,$unknown,6,1,2025-03-04
cx7baf94bd53b505353285ee4c4c050f9703581703,hxd2ab70a9d09d60aabec1b6c3dadc35e4bf33b6f1,hx0000000000000000000000000000000000000000,0x0,0x16c1d8d26d0e7907f15a4d29754aec98ce852be6e70de62abbfc655f9c3a66d1,0,94214366,0.0,1741109536819808,unknown_token,0.0107466625,$unknown,1,1,2025-03-04
cx88fd7df7ddff82f7cc735c871dc519838cb235bb,cxa0af3165c08318e988cb30993b3048335b94af6c,cx5faae53c4dbd1fbe4a2eb4aab6565030f10da5c6,0xe7e6f51a226800,0x5c5bc7aac7b24e636df4aee39b975a2f62ef18b5b1e28a4fc2d9e1de45be6454,2,94214359,0.06527466,1741109522810886,Balanced Dollar,0.0563627125,bnUSD,0,1,2025-03-04
cx4297f4b63262507623b6ad575d0d8dd2db980e4e,cxa0af3165c08318e988cb30993b3048335b94af6c,hxd75467e3e4ce64e3424c747dfb71503017440433,0x380c5744335cabca,0x5c5bc7aac7b24e636df4aee39b975a2f62ef18b5b1e28a4fc2d9e1de45be6454,1,94214359,4.038698916275596,1741109522810886,Injective,0.0563627125,INJ,0,1,2025-03-04
cx88fd7df7ddff82f7cc735c871dc519838cb235bb,hxd75467e3e4ce64e3424c747dfb71503017440433,cxa0af3165c08318e988cb30993b3048335b94af6c,0x25be9739eb9998000,0x5c5bc7aac7b24e636df4aee39b975a2f62ef18b5b1e28a4fc2d9e1de45be6454,0,94214359,43.51644,1741109522810886,Balanced Dollar,0.0563627125,bnUSD,0,1,2025-03-04
cx88fd7df7ddff82f7cc735c871dc519838cb235bb,cxa0af3165c08318e988cb30993b3048335b94af6c,cx5faae53c4dbd1fbe4a2eb4aab6565030f10da5c6,0x15203d683f5a400,0x5b06a29a4581cc0e075ab833245d5777495a90bd17eb56ad1497c51cd8a94181,2,94214355,0.095142762,1741109514808418,Balanced Dollar,0.056400425,bnUSD,0,2,2025-03-04
cx288d13e1b63563459a2ac6179f237711f6851cb5,cxa0af3165c08318e988cb30993b3048335b94af6c,hxd75467e3e4ce64e3424c747dfb71503017440433,0x6b1570c673e643,0x5b06a29a4581cc0e075ab833245d5777495a90bd17eb56ad1497c51cd8a94181,1,94214355,0.030141396618044995,1741109514808418,Ethereum,0.056400425,ETH,0,2,2025-03-04
cx88fd7df7ddff82f7cc735c871dc519838cb235bb,hxd75467e3e4ce64e3424c747dfb71503017440433,cxa0af3165c08318e988cb30993b3048335b94af6c,0x3703f53f7a505c000,0x5b06a29a4581cc0e075ab833245d5777495a90bd17eb56ad1497c51cd8a94181,0,94214355,63.428508,1741109514808418,Balanced Dollar,0.056400425,bnUSD,0,2,2025-03-04
cx2609b924e33ef00b648a409245c7ea394c467824,cxa0af3165c08318e988cb30993b3048335b94af6c,hx1adc2b41608d81704d775ff143f43ab6efe0d792,0x7150fdd9b0ce98f80,0xbc899a2a6cbf6f979a4b4289c7692f293c30dfa5745dd1b4787dbb3817c1293a,4,94214352,130.6448837734203,1741109508805641,Staked ICX,0.0646288625,sICX,0,1,2025-03-04
cxf61cd5a45dc9f91c15aa65831a30a90d59a09619,cxa0af3165c08318e988cb30993b3048335b94af6c,hx1adc2b41608d81704d775ff143f43ab6efe0d792,0x88a5cb992dd5d58dd,0xbc899a2a6cbf6f979a4b4289c7692f293c30dfa5745dd1b4787dbb3817c1293a,2,94214352,157.5440003051981,1741109508805641,Balance Token,0.0646288625,BALN,0,1,2025-03-04
cxd17316e24ee40f2ef8ed6f3a497311db1b35206d,hxd2ab70a9d09d60aabec1b6c3dadc35e4bf33b6f1,hxd2ab70a9d09d60aabec1b6c3dadc35e4bf33b6f1,0x0,0x17d1a201faeb18d7c95179d8b5a3dd0da2434ba903432dce6c1caf9bd6f79e23,2,94214351,0.0,1741109506803688,unknown_token,0.0107571125,$unknown,5,1,2025-03-04
cx7baf94bd53b505353285ee4c4c050f9703581703,hxd2ab70a9d09d60aabec1b6c3dadc35e4bf33b6f1,hx0000000000000000000000000000000000000000,0x0,0x17d1a201faeb18d7c95179d8b5a3dd0da2434ba903432dce6c1caf9bd6f79e23,1,94214351,0.0,1741109506803688,unknown_token,0.0107571125,$unknown,5,1,2025-03-04
cx88fd7df7ddff82f7cc735c871dc519838cb235bb,cxa0af3165c08318e988cb30993b3048335b94af6c,cx5faae53c4dbd1fbe4a2eb4aab6565030f10da5c6,0x151c7bc2b8e0d70,0x007dcfef9e8fa7bedf97a34daeff346cb9909d7bcace8fff9cc060f5d13a99cf,2,94214346,0.09507667814999998,1741109496804656,Balanced Dollar,0.056400425,bnUSD,0,1,2025-03-04
cx288d13e1b63563459a2ac6179f237711f6851cb5,cxa0af3165c08318e988cb30993b3048335b94af6c,hxd75467e3e4ce64e3424c747dfb71503017440433,0x6b0a34da89fae1,0x007dcfef9e8fa7bedf97a34daeff346cb9909d7bcace8fff9cc060f5d13a99cf,1,94214346,0.030129044629093087,1741109496804656,Ethereum,0.056400425,ETH,0,1,2025-03-04
cx88fd7df7ddff82f7cc735c871dc519838cb235bb,hxd75467e3e4ce64e3424c747dfb71503017440433,cxa0af3165c08318e988cb30993b3048335b94af6c,0x36fa2cf5c17430000,0x007dcfef9e8fa7bedf97a34daeff346cb9909d7bcace8fff9cc060f5d13a99cf,0,94214346,63.38445209999999,1741109496804656,Balanced Dollar,0.056400425,bnUSD,0,1,2025-03-04
cx88fd7df7ddff82f7cc735c871dc519838cb235bb,cxa0af3165c08318e988cb30993b3048335b94af6c,cx5faae53c4dbd1fbe4a2eb4aab6565030f10da5c6,0xe7b0713bba0000,0xab6dab20172801dd2e397ac5cba6f926114bc57cbb66a32652ea8b7825b6909e,2,94214340,0.06521472,1741109484845365,Balanced Dollar,0.056360025,bnUSD,0,1,2025-03-04
cx4297f4b63262507623b6ad575d0d8dd2db980e4e,cxa0af3165c08318e988cb30993b3048335b94af6c,hxd75467e3e4ce64e3424c747dfb71503017440433,0x3805fae5f089c67b,0xab6dab20172801dd2e397ac5cba6f926114bc57cbb66a32652ea8b7825b6909e,1,94214340,4.036908506497533,1741109484845365,Injective,0.056360025,INJ,0,1,2025-03-04
cx88fd7df7ddff82f7cc735c871dc519838cb235bb,hxd75467e3e4ce64e3424c747dfb71503017440433,cxa0af3165c08318e988cb30993b3048335b94af6c,0x25b5b7c3634600000,0xab6dab20172801dd2e397ac5cba6f926114bc57cbb66a32652ea8b7825b6909e,0,94214340,43.47648,1741109484845365,Balanced Dollar,0.056360025,bnUSD,0,1,2025-03-04
cx2609b924e33ef00b648a409245c7ea394c467824,cx21e94c08c03daee80c25d8ee3ea22a20786ec231,hx1adc2b41608d81704d775ff143f43ab6efe0d792,0x80fbb57938f86dfd6,0x65ce0d9fbb345b31d9d19339cc9e88965f7a19f045879fa20175231847495997,5,94214338,148.70754861217,1741109480799113,Staked ICX,0.1052929625,sICX,0,1,2025-03-04
cx2609b924e33ef00b648a409245c7ea394c467824,cxa0af3165c08318e988cb30993b3048335b94af6c,cx5faae53c4dbd1fbe4a2eb4aab6565030f10da5c6,0x31ac2d43f362f44,0x65ce0d9fbb345b31d9d19339cc9e88965f7a19f045879fa20175231847495997,3,94214338,0.2237053483576318,1741109480799113,Staked ICX,0.1052929625,sICX,0,1,2025-03-04
cx2609b924e33ef00b648a409245c7ea394c467824,cxa0af3165c08318e988cb30993b3048335b94af6c,cx21e94c08c03daee80c25d8ee3ea22a20786ec231,0x80fbb57938f86dfd6,0x65ce0d9fbb345b31d9d19339cc9e88965f7a19f045879fa20175231847495997,2,94214338,148.70754861217,1741109480799113,Staked ICX,0.1052929625,sICX,0,1,2025-03-04
cxf61cd5a45dc9f91c15aa65831a30a90d59a09619,cx21e94c08c03daee80c25d8ee3ea22a20786ec231,cxa0af3165c08318e988cb30993b3048335b94af6c,0x9bfd4166877899930,0x65ce0d9fbb345b31d9d19339cc9e88965f7a19f045879fa20175231847495997,1,94214338,179.84339445763078,1741109480799113,Balance Token,0.1052929625,BALN,0,1,2025-03-04
cxf61cd5a45dc9f91c15aa65831a30a90d59a09619,hx1adc2b41608d81704d775ff143f43ab6efe0d792,cx21e94c08c03daee80c25d8ee3ea22a20786ec231,0x9bfd4166877899930,0x65ce0d9fbb345b31d9d19339cc9e88965f7a19f045879fa20175231847495997,0,94214338,179.84339445763078,1741109480799113,Balance Token,0.1052929625,BALN,0,1,2025-03-04
cxd17316e24ee40f2ef8ed6f3a497311db1b35206d,hxd2ab70a9d09d60aabec1b6c3dadc35e4bf33b6f1,hxd2ab70a9d09d60aabec1b6c3dadc35e4bf33b6f1,0x0,0x4019a42d3d0225896733975b66bbb42cc0f6bc030f63fd6d8c573c2ab177e609,2,94214336,0.0,1741109476907650,unknown_token,0.0107571125,$unknown,5,1,2025-03-04
cx7baf94bd53b505353285ee4c4c050f9703581703,hxd2ab70a9d09d60aabec1b6c3dadc35e4bf33b6f1,hx0000000000000000000000000000000000000000,0x0,0x4019a42d3d0225896733975b66bbb42cc0f6bc030f63fd6d8c573c2ab177e609,1,94214336,0.0,1741109476907650,unknown_token,0.0107571125,$unknown,3,1,2025-03-04
cxf61cd5a45dc9f91c15aa65831a30a90d59a09619,cxe0252e6c1fe4040412811d83d13979e335287e45,hx1adc2b41608d81704d775ff143f43ab6efe0d792,0x9bfd4166877899930,0xe4c1253b9e864c8a78070d40907907e6abbab1e6bde32907e5ee0a27397701ff,1,94214323,179.84339445763078,1741109450786740,Balance Token,0.122817375,BALN,0,1,2025-03-04
cxf61cd5a45dc9f91c15aa65831a30a90d59a09619,cxe0252e6c1fe4040412811d83d13979e335287e45,cx835b300dcfe01f0bdb794e134a0c5628384f4367,0x22c5fe93ac666d0,0xe4c1253b9e864c8a78070d40907907e6abbab1e6bde32907e5ee0a27397701ff,0,94214323,0.1566055423692244,1741109450786740,Balance Token,0.122817375,BALN,0,1,2025-03-04
cx88fd7df7ddff82f7cc735c871dc519838cb235bb,cxa0af3165c08318e988cb30993b3048335b94af6c,cx5faae53c4dbd1fbe4a2eb4aab6565030f10da5c6,0x152a3b419c54076,0x7d0ac64848e06e516c631d3c5080c93afdfaf80772df13f80b542fc3dd4ad463,2,94214313,0.09531853604999999,1741109430777127,Balanced Dollar,0.0564017375,bnUSD,0,1,2025-03-04
cx288d13e1b63563459a2ac6179f237711f6851cb5,cxa0af3165c08318e988cb30993b3048335b94af6c,hxd75467e3e4ce64e3424c747dfb71503017440433,0x6b57bff416481e,0x7d0ac64848e06e516c631d3c5080c93afdfaf80772df13f80b542fc3dd4ad463,1,94214313,0.030214304453511198,1741109430777127,Ethereum,0.0564017375,ETH,0,1,2025-03-04
cx88fd7df7ddff82f7cc735c871dc519838cb235bb,hxd75467e3e4ce64e3424c747dfb71503017440433,cxa0af3165c08318e988cb30993b3048335b94af6c,0x371dfa5031c57e000,0x7d0ac64848e06e516c631d3c5080c93afdfaf80772df13f80b542fc3dd4ad463,0,94214313,63.545690699999994,1741109430777127,Balanced Dollar,0.0564017375,bnUSD,0,1,2025-03-04
cx88fd7df7ddff82f7cc735c871dc519838cb235bb,cxa0af3165c08318e988cb30993b3048335b94af6c,cx5faae53c4dbd1fbe4a2eb4aab6565030f10da5c6,0xe8c10493c40800,0x1701c0791c2c18296e96e00e000c57800fdf1c2e936d7cadf0285cbd096bd16a,2,94214308,0.06551442,1741109420776728,Balanced Dollar,0.056364025,bnUSD,0,1,2025-03-04
cx4297f4b63262507623b6ad575d0d8dd2db980e4e,cxa0af3165c08318e988cb30993b3048335b94af6c,hxd75467e3e4ce64e3424c747dfb71503017440433,0x384ec0ec71e92314,0x1701c0791c2c18296e96e00e000c57800fdf1c2e936d7cadf0285cbd096bd16a,1,94214308,4.0573924360633145,1741109420776728,Injective,0.056364025,INJ,0,1,2025-03-04
cx88fd7df7ddff82f7cc735c871dc519838cb235bb,hxd75467e3e4ce64e3424c747dfb71503017440433,cxa0af3165c08318e988cb30993b3048335b94af6c,0x25e215140ce7f8000,0x1701c0791c2c18296e96e00e000c57800fdf1c2e936d7cadf0285cbd096bd16a,0,94214308,43.67628,1741109420776728,Balanced Dollar,0.056364025,bnUSD,0,1,2025-03-04
cx88fd7df7ddff82f7cc735c871dc519838cb235bb,cxa0af3165c08318e988cb30993b3048335b94af6c,cx5faae53c4dbd1fbe4a2eb4aab6565030f10da5c6,0x284d69326bb2ced,0xfbda382fe06b0f6d1446bf1bd7776d448c6669a28f99fc1f55590d1d239f9b97,2,94214301,0.18150581249999997,1741109406773937,Balanced Dollar,0.0460587125,bnUSD,0,1,2025-03-04
cx508002ec116fbf3ab406329c0df28e70d7e75fb3,cxa0af3165c08318e988cb30993b3048335b94af6c,hxd75467e3e4ce64e3424c747dfb71503017440433,0xbac591c8d,0xfbda382fe06b0f6d1446bf1bd7776d448c6669a28f99fc1f55590d1d239f9b97,1,94214301,50.136161421,1741109406773937,Sui,0.0460587125,SUI,0,1,2025-03-04
cx88fd7df7ddff82f7cc735c871dc519838cb235bb,hxd75467e3e4ce64e3424c747dfb71503017440433,cxa0af3165c08318e988cb30993b3048335b94af6c,0x68f441f34dcc50000,0xfbda382fe06b0f6d1446bf1bd7776d448c6669a28f99fc1f55590d1d239f9b97,0,94214301,121.003875,1741109406773937,Balanced Dollar,0.0460587125,bnUSD,0,1,2025-03-04
cx88fd7df7ddff82f7cc735c871dc519838cb235bb,cxa0af3165c08318e988cb30993b3048335b94af6c,cx5faae53c4dbd1fbe4a2eb4aab6565030f10da5c6,0x1adbb7f3303d000,0x980fe0760025c6ee4cf9f1404bf302bf2c06262e06ada98b0bdabd6ce7755d22,2,94214297,0.12095892,1741109398976222,Balanced Dollar,0.0563115875,bnUSD,0,1,2025-03-04
cx66a031cc3bd305c76371fb586e93801b948254f0,cxa0af3165c08318e988cb30993b3048335b94af6c,hxd75467e3e4ce64e3424c747dfb71503017440433,0x37c7fa4bb55a87d5,0x980fe0760025c6ee4cf9f1404bf302bf2c06262e06ada98b0bdabd6ce7755d22,1,94214297,4.019456395523557,1741109398976222,Avalanche,0.0563115875,AVAX,0,1,2025-03-04
cx88fd7df7ddff82f7cc735c871dc519838cb235bb,hxd75467e3e4ce64e3424c747dfb71503017440433,cxa0af3165c08318e988cb30993b3048335b94af6c,0x45f1845ea2f430000,0x980fe0760025c6ee4cf9f1404bf302bf2c06262e06ada98b0bdabd6ce7755d22,0,94214297,80.63928,1741109398976222,Balanced Dollar,0.0563115875,bnUSD,0,1,2025-03-04
cx88fd7df7ddff82f7cc735c871dc519838cb235bb,cxa0af3165c08318e988cb30993b3048335b94af6c,cx5faae53c4dbd1fbe4a2eb4aab6565030f10da5c6,0x28410f52080b400,0x81c7d09fd6186345ee6cb39b7b7a59f213635f2b1a8adf9f746ba95ab5d9c2f5,2,94214289,0.18128853,1741109382952403,Balanced Dollar,0.0460587125,bnUSD,0,1,2025-03-04
cx508002ec116fbf3ab406329c0df28e70d7e75fb3,cxa0af3165c08318e988cb30993b3048335b94af6c,hxd75467e3e4ce64e3424c747dfb71503017440433,0xbabf51904,0x81c7d09fd6186345ee6cb39b7b7a59f213635f2b1a8adf9f746ba95ab5d9c2f5,1,94214289,50.129606916,1741109382952403,Sui,0.0460587125,SUI,0,1,2025-03-04
cx88fd7df7ddff82f7cc735c871dc519838cb235bb,hxd75467e3e4ce64e3424c747dfb71503017440433,cxa0af3165c08318e988cb30993b3048335b94af6c,0x68d417e59f9d4c000,0x81c7d09fd6186345ee6cb39b7b7a59f213635f2b1a8adf9f746ba95ab5d9c2f5,0,94214289,120.85902,1741109382952403,Balanced Dollar,0.0460587125,bnUSD,0,1,2025-03-04
cx88fd7df7ddff82f7cc735c871dc519838cb235bb,cxa0af3165c08318e988cb30993b3048335b94af6c,cx5faae53c4dbd1fbe4a2eb4aab6565030f10da5c6,0x1ace16fb9623000,0x897e62f03eb5c157932d3bcde41296d11a73ebbbff1159b6af0d3fbd98a2f60f,2,94214284,0.12071916,1741109372765833,Balanced Dollar,0.0563115875,bnUSD,0,1,2025-03-04
cx66a031cc3bd305c76371fb586e93801b948254f0,cxa0af3165c08318e988cb30993b3048335b94af6c,hxd75467e3e4ce64e3424c747dfb71503017440433,0x37b5131f4d7f8325,0x897e62f03eb5c157932d3bcde41296d11a73ebbbff1159b6af0d3fbd98a2f60f,1,94214284,4.014135668035782,1741109372765833,Avalanche,0.0563115875,AVAX,0,1,2025-03-04
cx88fd7df7ddff82f7cc735c871dc519838cb235bb,hxd75467e3e4ce64e3424c747dfb71503017440433,cxa0af3165c08318e988cb30993b3048335b94af6c,0x45ce068481a5d0000,0x897e62f03eb5c157932d3bcde41296d11a73ebbbff1159b6af0d3fbd98a2f60f,0,94214284,80.47944,1741109372765833,Balanced Dollar,0.0563115875,bnUSD,0,1,2025-03-04
cx88fd7df7ddff82f7cc735c871dc519838cb235bb,cxa0af3165c08318e988cb30993b3048335b94af6c,cx5faae53c4dbd1fbe4a2eb4aab6565030f10da5c6,0x15285db4333c4f9,0x7ba0c531fb59069e23ad5cee6d3f5ede8e6f95a3668c13579898c244845c2159,2,94214278,0.0952857189,1741109360759217,Balanced Dollar,0.0564017375,bnUSD,0,1,2025-03-04
cx288d13e1b63563459a2ac6179f237711f6851cb5,cxa0af3165c08318e988cb30993b3048335b94af6c,hxd75467e3e4ce64e3424c747dfb71503017440433,0x6b56229b4afae4,0x7ba0c531fb59069e23ad5cee6d3f5ede8e6f95a3668c13579898c244845c2159,1,94214278,0.030212529142299365,1741109360759217,Ethereum,0.0564017375,ETH,0,1,2025-03-04
cx88fd7df7ddff82f7cc735c871dc519838cb235bb,hxd75467e3e4ce64e3424c747dfb71503017440433,cxa0af3165c08318e988cb30993b3048335b94af6c,0x37191eaff017ba000,0x7ba0c531fb59069e23ad5cee6d3f5ede8e6f95a3668c13579898c244845c2159,0,94214278,63.5238126,1741109360759217,Balanced Dollar,0.0564017375,bnUSD,0,1,2025-03-04
cx88fd7df7ddff82f7cc735c871dc519838cb235bb,cxa0af3165c08318e988cb30993b3048335b94af6c,cx5faae53c4dbd1fbe4a2eb4aab6565030f10da5c6,0xe88a80b55ba000,0x5314c990c5ddf6de274544bf0c62c38e29ab592b91bc62e79ada6a5572a0525f,2,94214257,0.06545448,1741109318876510,Balanced Dollar,0.056364025,bnUSD,0,1,2025-03-04
cx4297f4b63262507623b6ad575d0d8dd2db980e4e,cxa0af3165c08318e988cb30993b3048335b94af6c,hxd75467e3e4ce64e3424c747dfb71503017440433,0x384870b4dadbcf04,0x5314c990c5ddf6de274544bf0c62c38e29ab592b91bc62e79ada6a5572a0525f,1,94214257,4.055615386515394,1741109318876510,Injective,0.056364025,INJ,0,1,2025-03-04
cx88fd7df7ddff82f7cc735c871dc519838cb235bb,hxd75467e3e4ce64e3424c747dfb71503017440433,cxa0af3165c08318e988cb30993b3048335b94af6c,0x25d9359d849460000,0x5314c990c5ddf6de274544bf0c62c38e29ab592b91bc62e79ada6a5572a0525f,0,94214257,43.63632,1741109318876510,Balanced Dollar,0.056364025,bnUSD,0,1,2025-03-04
cx2609b924e33ef00b648a409245c7ea394c467824,cx21e94c08c03daee80c25d8ee3ea22a20786ec231,hxa28bf1566ec82115aa53061508e5a69bcd54ed3a,0x32c70e5b4fab0a253,0xd86e940ff629494b43e899c0874fd73d1334ad7ebe5736256fb9f29e17b61344,5,94214256,58.54254412165183,1741109316749656,Staked ICX,0.1103164125,sICX,0,1,2025-03-04
cx88fd7df7ddff82f7cc735c871dc519838cb235bb,cxa0af3165c08318e988cb30993b3048335b94af6c,cx5faae53c4dbd1fbe4a2eb4aab6565030f10da5c6,0x2bff00aee4e7e5,0xd86e940ff629494b43e899c0874fd73d1334ad7ebe5736256fb9f29e17b61344,3,94214256,0.012383802397878245,1741109316749656,Balanced Dollar,0.1103164125,bnUSD,0,1,2025-03-04
cx2609b924e33ef00b648a409245c7ea394c467824,cxa0af3165c08318e988cb30993b3048335b94af6c,cx21e94c08c03daee80c25d8ee3ea22a20786ec231,0x32c70e5b4fab0a253,0xd86e940ff629494b43e899c0874fd73d1334ad7ebe5736256fb9f29e17b61344,2,94214256,58.54254412165183,1741109316749656,Staked ICX,0.1103164125,sICX,0,1,2025-03-04
cx88fd7df7ddff82f7cc735c871dc519838cb235bb,cx21e94c08c03daee80c25d8ee3ea22a20786ec231,cxa0af3165c08318e988cb30993b3048335b94af6c,0x7292bc721ec68fe3,0xd86e940ff629494b43e899c0874fd73d1334ad7ebe5736256fb9f29e17b61344,1,94214256,8.255868265252163,1741109316749656,Balanced Dollar,0.1103164125,bnUSD,0,1,2025-03-04
cx88fd7df7ddff82f7cc735c871dc519838cb235bb,hxa28bf1566ec82115aa53061508e5a69bcd54ed3a,cx21e94c08c03daee80c25d8ee3ea22a20786ec231,0x7292bc721ec68fe3,0xd86e940ff629494b43e899c0874fd73d1334ad7ebe5736256fb9f29e17b61344,0,94214256,8.255868265252163,1741109316749656,Balanced Dollar,0.1103164125,bnUSD,0,1,2025-03-04
cx88fd7df7ddff82f7cc735c871dc519838cb235bb,hx0000000000000000000000000000000000000000,cx5faae53c4dbd1fbe4a2eb4aab6565030f10da5c6,0x3aa9563e868a87,0x0ab59234bd736819dde556ca5e07436cdfd1e50d2dba422dda0e3e1ff75a9dba,3,94214248,0.016511736530504327,1741109300739994,Balanced Dollar,0.1051622375,bnUSD,0,1,2025-03-04
cx88fd7df7ddff82f7cc735c871dc519838cb235bb,cx66d4d90f5f113eba575bf793570135f9b10cece1,hxa28bf1566ec82115aa53061508e5a69bcd54ed3a,0x7292bc721ec68fe3,0x0ab59234bd736819dde556ca5e07436cdfd1e50d2dba422dda0e3e1ff75a9dba,1,94214248,8.255868265252163,1741109300739994,Balanced Dollar,0.1051622375,bnUSD,0,1,2025-03-04
cx88fd7df7ddff82f7cc735c871dc519838cb235bb,hx0000000000000000000000000000000000000000,cx66d4d90f5f113eba575bf793570135f9b10cece1,0x7292bc721ec68fe3,0x0ab59234bd736819dde556ca5e07436cdfd1e50d2dba422dda0e3e1ff75a9dba,0,94214248,8.255868265252163,1741109300739994,Balanced Dollar,0.1051622375,bnUSD,0,1,2025-03-04
cx2609b924e33ef00b648a409245c7ea394c467824,hxa28bf1566ec82115aa53061508e5a69bcd54ed3a,cx66d4d90f5f113eba575bf793570135f9b10cece1,0x22f465c7b403e0000,0x1593b21551cce0a248e30b60ce7e41cda762f6af92796164d3c364aa06fe3bca,1,94214241,40.3,1741109286734350,Staked ICX,0.0952701875,sICX,0,1,2025-03-04
cx88fd7df7ddff82f7cc735c871dc519838cb235bb,cxd82fb5d3effecd8c9071a4bba3856ad7222c4b91,hxd75467e3e4ce64e3424c747dfb71503017440433,0x3635c9adc5dea00000,0x2da5f8966c60b486d01a5da607d9e50120052a6296e6b534035a7bc89a42aabb,0,94214238,1000.0,1741109280730913,Balanced Dollar,0.02069225,bnUSD,0,1,2025-03-04
cx88fd7df7ddff82f7cc735c871dc519838cb235bb,cxd82fb5d3effecd8c9071a4bba3856ad7222c4b91,hxd75467e3e4ce64e3424c747dfb71503017440433,0x3635c9adc5dea00000,0x167e0f92597c115b62dfdb583d68b7fdbe1660a2105e93457243a9125b4db962,0,94214237,1000.0,1741109278862408,Balanced Dollar,0.02068825,bnUSD,0,1,2025-03-04
cx88fd7df7ddff82f7cc735c871dc519838cb235bb,cxd82fb5d3effecd8c9071a4bba3856ad7222c4b91,hxd75467e3e4ce64e3424c747dfb71503017440433,0x3635c9adc5dea00000,0xf6361cf35dc330b00fd15f212cde2b74a1cd1b33a3cc343129044524d894edb6,0,94214235,1000.0,1741109274730305,Balanced Dollar,0.0206909375,bnUSD,0,2,2025-03-04
cx2609b924e33ef00b648a409245c7ea394c467824,cx21e94c08c03daee80c25d8ee3ea22a20786ec231,hxa28bf1566ec82115aa53061508e5a69bcd54ed3a,0x22f3f8baa843abb73,0xed18d07c135d7c8eb2b0cca387c38811579ccd2e1d92a166c965f68b49ce66af,5,94214235,40.29808155521363,1741109274730305,Staked ICX,0.10527515,sICX,0,1,2025-03-04
cx2609b924e33ef00b648a409245c7ea394c467824,cxa0af3165c08318e988cb30993b3048335b94af6c,cx5faae53c4dbd1fbe4a2eb4aab6565030f10da5c6,0xd763f2b3d24b0a,0xed18d07c135d7c8eb2b0cca387c38811579ccd2e1d92a166c965f68b49ce66af,3,94214235,0.06062701404292993,1741109274730305,Staked ICX,0.10527515,sICX,0,1,2025-03-04
cx2609b924e33ef00b648a409245c7ea394c467824,cxa0af3165c08318e988cb30993b3048335b94af6c,cx21e94c08c03daee80c25d8ee3ea22a20786ec231,0x22f3f8baa843abb73,0xed18d07c135d7c8eb2b0cca387c38811579ccd2e1d92a166c965f68b49ce66af,2,94214235,40.29808155521363,1741109274730305,Staked ICX,0.10527515,sICX,0,1,2025-03-04
cxf61cd5a45dc9f91c15aa65831a30a90d59a09619,cx21e94c08c03daee80c25d8ee3ea22a20786ec231,cxa0af3165c08318e988cb30993b3048335b94af6c,0x2a43cc64d8182c45e,0xed18d07c135d7c8eb2b0cca387c38811579ccd2e1d92a166c965f68b49ce66af,1,94214235,48.72804010442954,1741109274730305,Balance Token,0.10527515,BALN,0,1,2025-03-04
cxf61cd5a45dc9f91c15aa65831a30a90d59a09619,hxa28bf1566ec82115aa53061508e5a69bcd54ed3a,cx21e94c08c03daee80c25d8ee3ea22a20786ec231,0x2a43cc64d8182c45e,0xed18d07c135d7c8eb2b0cca387c38811579ccd2e1d92a166c965f68b49ce66af,0,94214235,48.72804010442954,1741109274730305,Balance Token,0.10527515,BALN,0,1,2025-03-04
cx2609b924e33ef00b648a409245c7ea394c467824,cx43e2eec79eb76293c298f2b17aec06097be606e0,hx0000000000000000000000000000000000000000,0x265fbd32047ba380000,0x626637a1eb8286a52e6f1c9c284dcb8147ee7a1041bba9c7b93a5b9e8c6ba5d1,1,94214233,11326.0,1741109270732349,Staked ICX,0.0864678375,sICX,0,1,2025-03-04
cx2609b924e33ef00b648a409245c7ea394c467824,hxc1718c79947e0f673296218b5b23adbd9a3b38a8,cx43e2eec79eb76293c298f2b17aec06097be606e0,0x265fbd32047ba380000,0x626637a1eb8286a52e6f1c9c284dcb8147ee7a1041bba9c7b93a5b9e8c6ba5d1,0,94214233,11326.0,1741109270732349,Staked ICX,0.0864678375,sICX,0,1,2025-03-04
cxf61cd5a45dc9f91c15aa65831a30a90d59a09619,cxe0252e6c1fe4040412811d83d13979e335287e45,hxa28bf1566ec82115aa53061508e5a69bcd54ed3a,0x29a6df768994237a1,0x6c0e2cd7873edbfd3013f24ced34e3c9a9dc6093b85b8589006cccaf5f2f52c8,1,94214227,48.02131043034138,1741109258725699,Balance Token,0.0960570625,BALN,0,2,2025-03-04
cxf61cd5a45dc9f91c15aa65831a30a90d59a09619,cxe0252e6c1fe4040412811d83d13979e335287e45,cx835b300dcfe01f0bdb794e134a0c5628384f4367,0x29566e61bfa9c85f,0x6c0e2cd7873edbfd3013f24ced34e3c9a9dc6093b85b8589006cccaf5f2f52c8,0,94214227,2.97868956965862,1741109258725699,Balance Token,0.0960570625,BALN,0,2,2025-03-04
cx88fd7df7ddff82f7cc735c871dc519838cb235bb,cxa0af3165c08318e988cb30993b3048335b94af6c,cx5faae53c4dbd1fbe4a2eb4aab6565030f10da5c6,0xe81d78f88ad000,0x15d7fb61567caa186efa1d6d85b87eb37cf33b53b62219b8bf5111c11e4d17fb,2,94214227,0.0653346,1741109258725699,Balanced Dollar,0.0563587125,bnUSD,0,1,2025-03-04
cx4297f4b63262507623b6ad575d0d8dd2db980e4e,cxa0af3165c08318e988cb30993b3048335b94af6c,hxd75467e3e4ce64e3424c747dfb71503017440433,0x3834e8b1d29d944d,0x15d7fb61567caa186efa1d6d85b87eb37cf33b53b62219b8bf5111c11e4d17fb,1,94214227,4.050117815353317,1741109258725699,Injective,0.0563587125,INJ,0,1,2025-03-04
cx88fd7df7ddff82f7cc735c871dc519838cb235bb,hxd75467e3e4ce64e3424c747dfb71503017440433,cxa0af3165c08318e988cb30993b3048335b94af6c,0x25c776b073ed30000,0x15d7fb61567caa186efa1d6d85b87eb37cf33b53b62219b8bf5111c11e4d17fb,0,94214227,43.5564,1741109258725699,Balanced Dollar,0.0563587125,bnUSD,0,1,2025-03-04
cx88fd7df7ddff82f7cc735c871dc519838cb235bb,cxd82fb5d3effecd8c9071a4bba3856ad7222c4b91,hx970eda4988e547df0de8324226fdf3e8ebc9734f,0x59fdd257ad9b350000,0x3725c5f4c15c4508146be09897891a086cf1b21e5643f94683ddfb1931ce0388,0,94214223,1660.05,1741109250719544,Balanced Dollar,0.0206935625,bnUSD,0,1,2025-03-04
cx2609b924e33ef00b648a409245c7ea394c467824,hxa28bf1566ec82115aa53061508e5a69bcd54ed3a,cx66d4d90f5f113eba575bf793570135f9b10cece1,0x32f469f0016d2065e,0x4bd90e89ce75b8d27689173d9be5664dd82085365b1dca9dbe0786d5a1e90690,1,94214220,58.746817212012694,1741109244826453,Staked ICX,0.0952824375,sICX,0,1,2025-03-04
cx2609b924e33ef00b648a409245c7ea394c467824,cx21e94c08c03daee80c25d8ee3ea22a20786ec231,hxa28bf1566ec82115aa53061508e5a69bcd54ed3a,0x32f53d28161018854,0x3bbff3e0e7c7c2c3aa756ca31155b224b9b5c0a9efbb1537c6dab5f7b4b0f655,5,94214207,58.750533017098356,1741109218828735,Staked ICX,0.1103325375,sICX,0,1,2025-03-04
cx88fd7df7ddff82f7cc735c871dc519838cb235bb,cxa0af3165c08318e988cb30993b3048335b94af6c,cx5faae53c4dbd1fbe4a2eb4aab6565030f10da5c6,0x2c26cccb399000,0x3bbff3e0e7c7c2c3aa756ca31155b224b9b5c0a9efbb1537c6dab5f7b4b0f655,3,94214207,0.01242756,1741109218828735,Balanced Dollar,0.1103325375,bnUSD,0,1,2025-03-04
cx2609b924e33ef00b648a409245c7ea394c467824,cxa0af3165c08318e988cb30993b3048335b94af6c,cx21e94c08c03daee80c25d8ee3ea22a20786ec231,0x32f53d28161018854,0x3bbff3e0e7c7c2c3aa756ca31155b224b9b5c0a9efbb1537c6dab5f7b4b0f655,2,94214207,58.750533017098356,1741109218828735,Staked ICX,0.1103325375,sICX,0,1,2025-03-04
cx88fd7df7ddff82f7cc735c871dc519838cb235bb,cx21e94c08c03daee80c25d8ee3ea22a20786ec231,cxa0af3165c08318e988cb30993b3048335b94af6c,0x72fa5ffbe5e70001,0x3bbff3e0e7c7c2c3aa756ca31155b224b9b5c0a9efbb1537c6dab5f7b4b0f655,1,94214207,8.28504,1741109218828735,Balanced Dollar,0.1103325375,bnUSD,0,1,2025-03-04
cx88fd7df7ddff82f7cc735c871dc519838cb235bb,hxa28bf1566ec82115aa53061508e5a69bcd54ed3a,cx21e94c08c03daee80c25d8ee3ea22a20786ec231,0x72fa5ffbe5e70001,0x3bbff3e0e7c7c2c3aa756ca31155b224b9b5c0a9efbb1537c6dab5f7b4b0f655,0,94214207,8.28504,1741109218828735,Balanced Dollar,0.1103325375,bnUSD,0,1,2025-03-04
cx88fd7df7ddff82f7cc735c871dc519838cb235bb,cxa0af3165c08318e988cb30993b3048335b94af6c,cx5faae53c4dbd1fbe4a2eb4aab6565030f10da5c6,0xe853fcd6f33800,0x66061b8fa553c48ff765b7eb3141b603e78b4d9ba43c18cb1767473c64c75abc,2,94214205,0.06539454,1741109214709660,Balanced Dollar,0.0563627125,bnUSD,0,1,2025-03-04
cx4297f4b63262507623b6ad575d0d8dd2db980e4e,cxa0af3165c08318e988cb30993b3048335b94af6c,hxd75467e3e4ce64e3424c747dfb71503017440433,0x3848f9c4155eabbd,0x66061b8fa553c48ff765b7eb3141b603e78b4d9ba43c18cb1767473c64c75abc,1,94214205,4.055766085014564,1741109214709660,Injective,0.0563627125,INJ,0,1,2025-03-04
cx88fd7df7ddff82f7cc735c871dc519838cb235bb,hxd75467e3e4ce64e3424c747dfb71503017440433,cxa0af3165c08318e988cb30993b3048335b94af6c,0x25d05626fc40c8000,0x66061b8fa553c48ff765b7eb3141b603e78b4d9ba43c18cb1767473c64c75abc,0,94214205,43.59636,1741109214709660,Balanced Dollar,0.0563627125,bnUSD,0,1,2025-03-04
cx66a031cc3bd305c76371fb586e93801b948254f0,cx21e94c08c03daee80c25d8ee3ea22a20786ec231,hx2debd9ec927cca1639da8d3518dd9dbf1cdfb357,0x1158da2982f2a611f,0x3df9d385d7dd905a54b475c59382961471b3de82afee2ed1607c127c5206154c,5,94214201,19.999820294732277,1741109206708355,Avalanche,0.0882975,AVAX,0,1,2025-03-04
cx88fd7df7ddff82f7cc735c871dc519838cb235bb,cxa0af3165c08318e988cb30993b3048335b94af6c,cx5faae53c4dbd1fbe4a2eb4aab6565030f10da5c6,0x854a04460cfa534,0x3df9d385d7dd905a54b475c59382961471b3de82afee2ed1607c127c5206154c,3,94214201,0.6002808658895599,1741109206708355,Balanced Dollar,0.0882975,bnUSD,0,1,2025-03-04
cx66a031cc3bd305c76371fb586e93801b948254f0,cxa0af3165c08318e988cb30993b3048335b94af6c,cx21e94c08c03daee80c25d8ee3ea22a20786ec231,0x1158da2982f2a611f,0x3df9d385d7dd905a54b475c59382961471b3de82afee2ed1607c127c5206154c,2,94214201,19.999820294732277,1741109206708355,Avalanche,0.0882975,AVAX,0,1,2025-03-04
cx88fd7df7ddff82f7cc735c871dc519838cb235bb,cx21e94c08c03daee80c25d8ee3ea22a20786ec231,cxa0af3165c08318e988cb30993b3048335b94af6c,0x15b1b6b21172138cc0,0x3df9d385d7dd905a54b475c59382961471b3de82afee2ed1607c127c5206154c,1,94214201,400.18724392637324,1741109206708355,Balanced Dollar,0.0882975,bnUSD,0,1,2025-03-04
cx88fd7df7ddff82f7cc735c871dc519838cb235bb,hx2debd9ec927cca1639da8d3518dd9dbf1cdfb357,cx21e94c08c03daee80c25d8ee3ea22a20786ec231,0x15b1b6b21172138cc0,0x3df9d385d7dd905a54b475c59382961471b3de82afee2ed1607c127c5206154c,0,94214201,400.18724392637324,1741109206708355,Balanced Dollar,0.0882975,bnUSD,0,1,2025-03-04
cx88fd7df7ddff82f7cc735c871dc519838cb235bb,cxa0af3165c08318e988cb30993b3048335b94af6c,cx5faae53c4dbd1fbe4a2eb4aab6565030f10da5c6,0x15248ef9442ef89,0x3b59a3e6def405d415c572998b945881a0e9dc5608b6f6a5fdee526f85143deb,2,94214199,0.09521873595000001,1741109202704783,Balanced Dollar,0.056400425,bnUSD,0,1,2025-03-04
cx288d13e1b63563459a2ac6179f237711f6851cb5,cxa0af3165c08318e988cb30993b3048335b94af6c,hxd75467e3e4ce64e3424c747dfb71503017440433,0x6b4aa8b2982910,0x3b59a3e6def405d415c572998b945881a0e9dc5608b6f6a5fdee526f85143deb,1,94214199,0.030199910919317775,1741109202704783,Ethereum,0.056400425,ETH,0,1,2025-03-04
cx88fd7df7ddff82f7cc735c871dc519838cb235bb,hxd75467e3e4ce64e3424c747dfb71503017440433,cxa0af3165c08318e988cb30993b3048335b94af6c,0x370f3453cc3a52000,0x3b59a3e6def405d415c572998b945881a0e9dc5608b6f6a5fdee526f85143deb,0,94214199,63.479157300000004,1741109202704783,Balanced Dollar,0.056400425,bnUSD,0,1,2025-03-04
cx88fd7df7ddff82f7cc735c871dc519838cb235bb,hx0000000000000000000000000000000000000000,cx5faae53c4dbd1fbe4a2eb4aab6565030f10da5c6,0x3ade66644cc000,0x485772b068eebcb1502e8d9ecece4f850d2eae5b767c385f09a746d3cc948a6b,3,94214196,0.01657008,1741109196701926,Balanced Dollar,0.10192375,bnUSD,0,1,2025-03-04
cx88fd7df7ddff82f7cc735c871dc519838cb235bb,cx66d4d90f5f113eba575bf793570135f9b10cece1,hxa28bf1566ec82115aa53061508e5a69bcd54ed3a,0x72fa5ffbe5e70001,0x485772b068eebcb1502e8d9ecece4f850d2eae5b767c385f09a746d3cc948a6b,1,94214196,8.28504,1741109196701926,Balanced Dollar,0.10192375,bnUSD,0,1,2025-03-04
cx88fd7df7ddff82f7cc735c871dc519838cb235bb,hx0000000000000000000000000000000000000000,cx66d4d90f5f113eba575bf793570135f9b10cece1,0x72fa5ffbe5e70001,0x485772b068eebcb1502e8d9ecece4f850d2eae5b767c385f09a746d3cc948a6b,0,94214196,8.28504,1741109196701926,Balanced Dollar,0.10192375,bnUSD,0,1,2025-03-04
cx88fd7df7ddff82f7cc735c871dc519838cb235bb,cxa0af3165c08318e988cb30993b3048335b94af6c,cx5faae53c4dbd1fbe4a2eb4aab6565030f10da5c6,0x2834b571a463b12,0xc27bbef56907fc674eb19dc1350152bf632a3e0d45ad5526112c7ff5da419f1b,2,94214193,0.1810712475,1741109190700827,Balanced Dollar,0.0460574,bnUSD,0,1,2025-03-04
cx508002ec116fbf3ab406329c0df28e70d7e75fb3,cxa0af3165c08318e988cb30993b3048335b94af6c,hxd75467e3e4ce64e3424c747dfb71503017440433,0xbab8f74ba,0xc27bbef56907fc674eb19dc1350152bf632a3e0d45ad5526112c7ff5da419f1b,1,94214193,50.122945722,1741109190700827,Sui,0.0460574,SUI,0,1,2025-03-04
cx88fd7df7ddff82f7cc735c871dc519838cb235bb,hxd75467e3e4ce64e3424c747dfb71503017440433,cxa0af3165c08318e988cb30993b3048335b94af6c,0x68b3edd7f16e48000,0xc27bbef56907fc674eb19dc1350152bf632a3e0d45ad5526112c7ff5da419f1b,0,94214193,120.71416500000001,1741109190700827,Balanced Dollar,0.0460574,bnUSD,0,1,2025-03-04
cx65c9e3d4fea842e00add0d32a5b4c5e4e04c7a6b,hxa28bf1566ec82115aa53061508e5a69bcd54ed3a,cx66d4d90f5f113eba575bf793570135f9b10cece1,0x55e6b3d,0x88c146ec780e339bd1110771367bf429170a8528bbf2d0d68fd3073a9585224d,0,94214189,0.090073917,1741109182879211,Solana,0.0224924375,SOL,0,1,2025-03-04
cx88fd7df7ddff82f7cc735c871dc519838cb235bb,cxa0af3165c08318e988cb30993b3048335b94af6c,cx5faae53c4dbd1fbe4a2eb4aab6565030f10da5c6,0x1ab63d4a4875800,0x457fb113b9c285fa016763d1a71384f379f7fc158dc9a2ab73e277ce303a7fd4,2,94214187,0.12029958,1741109178824051,Balanced Dollar,0.056310275,bnUSD,0,1,2025-03-04
cx66a031cc3bd305c76371fb586e93801b948254f0,cxa0af3165c08318e988cb30993b3048335b94af6c,hxd75467e3e4ce64e3424c747dfb71503017440433,0x37bb96cdcbb8d37d,0x457fb113b9c285fa016763d1a71384f379f7fc158dc9a2ab73e277ce303a7fd4,1,94214187,4.015969303361278,1741109178824051,Avalanche,0.056310275,AVAX,0,1,2025-03-04
cx88fd7df7ddff82f7cc735c871dc519838cb235bb,hxd75467e3e4ce64e3424c747dfb71503017440433,cxa0af3165c08318e988cb30993b3048335b94af6c,0x458fea46c75ca8000,0x457fb113b9c285fa016763d1a71384f379f7fc158dc9a2ab73e277ce303a7fd4,0,94214187,80.19972,1741109178824051,Balanced Dollar,0.056310275,bnUSD,0,1,2025-03-04
cx88fd7df7ddff82f7cc735c871dc519838cb235bb,cxa0af3165c08318e988cb30993b3048335b94af6c,cx5faae53c4dbd1fbe4a2eb4aab6565030f10da5c6,0xb138224866430e5,0x15deead8b509eedbc7c28aa2e0a041659136e6447acc844bddb6a0b08ff98c6c,2,94214184,0.7981246523598564,1741109172695649,Balanced Dollar,0.070556025,bnUSD,0,2,2025-03-04
cx2609b924e33ef00b648a409245c7ea394c467824,cxa0af3165c08318e988cb30993b3048335b94af6c,hxc1718c79947e0f673296218b5b23adbd9a3b38a8,0xccab12713c0777a40e,0x15deead8b509eedbc7c28aa2e0a041659136e6447acc844bddb6a0b08ff98c6c,1,94214184,3775.462830669452,1741109172695649,Staked ICX,0.070556025,sICX,0,2,2025-03-04
cx88fd7df7ddff82f7cc735c871dc519838cb235bb,hxc1718c79947e0f673296218b5b23adbd9a3b38a8,cxa0af3165c08318e988cb30993b3048335b94af6c,0x1cd822e9c8a4ea0000,0x15deead8b509eedbc7c28aa2e0a041659136e6447acc844bddb6a0b08ff98c6c,0,94214184,532.0831015732376,1741109172695649,Balanced Dollar,0.070556025,bnUSD,0,2,2025-03-04
cx88fd7df7ddff82f7cc735c871dc519838cb235bb,cxd82fb5d3effecd8c9071a4bba3856ad7222c4b91,hxc1718c79947e0f673296218b5b23adbd9a3b38a8,0x1cd822e9c8a4ea0000,0xdbcd58842e64665e30ff70e71e6f66ae27fba2f509111e22cf4326228de1c9ca,0,94214184,532.0831015732376,1741109172695649,Balanced Dollar,0.02068825,bnUSD,0,1,2025-03-04
cx65c9e3d4fea842e00add0d32a5b4c5e4e04c7a6b,cx21e94c08c03daee80c25d8ee3ea22a20786ec231,hxa28bf1566ec82115aa53061508e5a69bcd54ed3a,0x55e6cda,0x925f67ceb6e7c100ac4efbb2dafdc5b437c2ce5651e51c713d924448cc1b81b3,5,94214182,0.09007433,1741109168828392,Solana,0.0757333125,SOL,0,2,2025-03-04
cx88fd7df7ddff82f7cc735c871dc519838cb235bb,cxa0af3165c08318e988cb30993b3048335b94af6c,cx5faae53c4dbd1fbe4a2eb4aab6565030f10da5c6,0x4281bda6320000,0x925f67ceb6e7c100ac4efbb2dafdc5b437c2ce5651e51c713d924448cc1b81b3,3,94214182,0.01872,1741109168828392,Balanced Dollar,0.0757333125,bnUSD,0,2,2025-03-04
cx65c9e3d4fea842e00add0d32a5b4c5e4e04c7a6b,cxa0af3165c08318e988cb30993b3048335b94af6c,cx21e94c08c03daee80c25d8ee3ea22a20786ec231,0x55e6cda,0x925f67ceb6e7c100ac4efbb2dafdc5b437c2ce5651e51c713d924448cc1b81b3,2,94214182,0.09007433,1741109168828392,Solana,0.0757333125,SOL,0,2,2025-03-04
cx88fd7df7ddff82f7cc735c871dc519838cb235bb,cx21e94c08c03daee80c25d8ee3ea22a20786ec231,cxa0af3165c08318e988cb30993b3048335b94af6c,0xad31dde0cce00000,0x925f67ceb6e7c100ac4efbb2dafdc5b437c2ce5651e51c713d924448cc1b81b3,1,94214182,12.48,1741109168828392,Balanced Dollar,0.0757333125,bnUSD,0,2,2025-03-04
cx88fd7df7ddff82f7cc735c871dc519838cb235bb,hxa28bf1566ec82115aa53061508e5a69bcd54ed3a,cx21e94c08c03daee80c25d8ee3ea22a20786ec231,0xad31dde0cce00000,0x925f67ceb6e7c100ac4efbb2dafdc5b437c2ce5651e51c713d924448cc1b81b3,0,94214182,12.48,1741109168828392,Balanced Dollar,0.0757333125,bnUSD,0,2,2025-03-04
cx508002ec116fbf3ab406329c0df28e70d7e75fb3,cx21e94c08c03daee80c25d8ee3ea22a20786ec231,hx0000000000000000000000000000000000000000,0xd35186dc7,0x38b491e63bfd7521cf802fcb6cc60cac7290ff8be5e5131ab5de133ec410d092,13,94214182,56.725368263,1741109168828392,Sui,0.17818535,SUI,0,1,2025-03-04
cx88fd7df7ddff82f7cc735c871dc519838cb235bb,cxa0af3165c08318e988cb30993b3048335b94af6c,cx5faae53c4dbd1fbe4a2eb4aab6565030f10da5c6,0x2d7349649165696,0x38b491e63bfd7521cf802fcb6cc60cac7290ff8be5e5131ab5de133ec410d092,9,94214182,0.2046901281445864,1741109168828392,Balanced Dollar,0.17818535,bnUSD,0,1,2025-03-04
cx508002ec116fbf3ab406329c0df28e70d7e75fb3,cxa0af3165c08318e988cb30993b3048335b94af6c,cx21e94c08c03daee80c25d8ee3ea22a20786ec231,0xd35186dc7,0x38b491e63bfd7521cf802fcb6cc60cac7290ff8be5e5131ab5de133ec410d092,8,94214182,56.725368263,1741109168828392,Sui,0.17818535,SUI,0,1,2025-03-04
cx88fd7df7ddff82f7cc735c871dc519838cb235bb,cx21e94c08c03daee80c25d8ee3ea22a20786ec231,cxa0af3165c08318e988cb30993b3048335b94af6c,0x765c39cb3aa2c291b,0x38b491e63bfd7521cf802fcb6cc60cac7290ff8be5e5131ab5de133ec410d092,7,94214182,136.46008542972427,1741109168828392,Balanced Dollar,0.17818535,bnUSD,0,1,2025-03-04
cx88fd7df7ddff82f7cc735c871dc519838cb235bb,cxa0af3165c08318e988cb30993b3048335b94af6c,cx5faae53c4dbd1fbe4a2eb4aab6565030f10da5c6,0x2d8ec90c433dfdc,0x38b491e63bfd7521cf802fcb6cc60cac7290ff8be5e5131ab5de133ec410d092,5,94214182,0.20517388955653731,1741109168828392,Balanced Dollar,0.17818535,bnUSD,0,1,2025-03-04
cx88fd7df7ddff82f7cc735c871dc519838cb235bb,cxa0af3165c08318e988cb30993b3048335b94af6c,cx21e94c08c03daee80c25d8ee3ea22a20786ec231,0x765c39cb3aa2c291b,0x38b491e63bfd7521cf802fcb6cc60cac7290ff8be5e5131ab5de133ec410d092,4,94214182,136.46008542972427,1741109168828392,Balanced Dollar,0.17818535,bnUSD,0,1,2025-03-04
cx2d552c485ec8bcaa75aac02424e2aca6ffdb2f1b,cx21e94c08c03daee80c25d8ee3ea22a20786ec231,cxa0af3165c08318e988cb30993b3048335b94af6c,0x354a6ba7a180000,0x38b491e63bfd7521cf802fcb6cc60cac7290ff8be5e5131ab5de133ec410d092,3,94214182,0.24,1741109168828392,Binance Coin,0.17818535,BNB,0,1,2025-03-04
cx2d552c485ec8bcaa75aac02424e2aca6ffdb2f1b,hx0000000000000000000000000000000000000000,cx21e94c08c03daee80c25d8ee3ea22a20786ec231,0x354a6ba7a180000,0x38b491e63bfd7521cf802fcb6cc60cac7290ff8be5e5131ab5de133ec410d092,1,94214182,0.24,1741109168828392,Binance Coin,0.17818535,BNB,0,1,2025-03-04
cx66a031cc3bd305c76371fb586e93801b948254f0,cx21e94c08c03daee80c25d8ee3ea22a20786ec231,hx2debd9ec927cca1639da8d3518dd9dbf1cdfb357,0x1158da2980cb51a46,0x3fb99cbd2eed6f8afb2a3bdb8ea737c3199ada7768c1d40b81fa9aedec68f455,5,94214181,19.999820294154166,1741109166693961,Avalanche,0.0882975,AVAX,0,3,2025-03-04
cx88fd7df7ddff82f7cc735c871dc519838cb235bb,cxa0af3165c08318e988cb30993b3048335b94af6c,cx5faae53c4dbd1fbe4a2eb4aab6565030f10da5c6,0x84c4055173630b6,0x3fb99cbd2eed6f8afb2a3bdb8ea737c3199ada7768c1d40b81fa9aedec68f455,3,94214181,0.5979235847392586,1741109166693961,Balanced Dollar,0.0882975,bnUSD,0,3,2025-03-04
cx66a031cc3bd305c76371fb586e93801b948254f0,cxa0af3165c08318e988cb30993b3048335b94af6c,cx21e94c08c03daee80c25d8ee3ea22a20786ec231,0x1158da2980cb51a46,0x3fb99cbd2eed6f8afb2a3bdb8ea737c3199ada7768c1d40b81fa9aedec68f455,2,94214181,19.999820294154166,1741109166693961,Avalanche,0.0882975,AVAX,0,3,2025-03-04
cx88fd7df7ddff82f7cc735c871dc519838cb235bb,cx21e94c08c03daee80c25d8ee3ea22a20786ec231,cxa0af3165c08318e988cb30993b3048335b94af6c,0x159be78841c7c984a0,0x3fb99cbd2eed6f8afb2a3bdb8ea737c3199ada7768c1d40b81fa9aedec68f455,1,94214181,398.6157231595057,1741109166693961,Balanced Dollar,0.0882975,bnUSD,0,3,2025-03-04
cx88fd7df7ddff82f7cc735c871dc519838cb235bb,hx2debd9ec927cca1639da8d3518dd9dbf1cdfb357,cx21e94c08c03daee80c25d8ee3ea22a20786ec231,0x159be78841c7c984a0,0x3fb99cbd2eed6f8afb2a3bdb8ea737c3199ada7768c1d40b81fa9aedec68f455,0,94214181,398.6157231595057,1741109166693961,Balanced Dollar,0.0882975,bnUSD,0,3,2025-03-04
cx88fd7df7ddff82f7cc735c871dc519838cb235bb,cxa0af3165c08318e988cb30993b3048335b94af6c,cx5faae53c4dbd1fbe4a2eb4aab6565030f10da5c6,0xb0fff8db88e6c6a,0x348f68d32067e536488bbcce64fca6008121ea26c0213b8bb46726835badbbf4,2,94214181,0.7971366432196804,1741109166693961,Balanced Dollar,0.070556025,bnUSD,0,2,2025-03-04
cx2609b924e33ef00b648a409245c7ea394c467824,cxa0af3165c08318e988cb30993b3048335b94af6c,hxc1718c79947e0f673296218b5b23adbd9a3b38a8,0xccab179462d572a793,0x348f68d32067e536488bbcce64fca6008121ea26c0213b8bb46726835badbbf4,1,94214181,3775.4642766939073,1741109166693961,Staked ICX,0.070556025,sICX,0,2,2025-03-04
cx88fd7df7ddff82f7cc735c871dc519838cb235bb,hxc1718c79947e0f673296218b5b23adbd9a3b38a8,cxa0af3165c08318e988cb30993b3048335b94af6c,0x1ccefed665f2e50000,0x348f68d32067e536488bbcce64fca6008121ea26c0213b8bb46726835badbbf4,0,94214181,531.4244288131202,1741109166693961,Balanced Dollar,0.070556025,bnUSD,0,2,2025-03-04
cx88fd7df7ddff82f7cc735c871dc519838cb235bb,cxd82fb5d3effecd8c9071a4bba3856ad7222c4b91,hxc1718c79947e0f673296218b5b23adbd9a3b38a8,0x1ccefed665f2e50000,0xb2a0b63edee8f435a3fc615966f424c8a3ce0c42f5c89ddcb59ac0f65f12593c,0,94214181,531.4244288131202,1741109166693961,Balanced Dollar,0.02068825,bnUSD,0,1,2025-03-04
cx88fd7df7ddff82f7cc735c871dc519838cb235bb,cxa0af3165c08318e988cb30993b3048335b94af6c,cx5faae53c4dbd1fbe4a2eb4aab6565030f10da5c6,0xe7e6f51a226800,0xea20d32cad47a8b3b9f88cf9e88e0ce774f0bb975a94fa34ae06031fad9dc03a,2,94214179,0.06527466,1741109162691263,Balanced Dollar,0.0563627125,bnUSD,0,2,2025-03-04
cx4297f4b63262507623b6ad575d0d8dd2db980e4e,cxa0af3165c08318e988cb30993b3048335b94af6c,hxd75467e3e4ce64e3424c747dfb71503017440433,0x38356a99b61a7996,0xea20d32cad47a8b3b9f88cf9e88e0ce774f0bb975a94fa34ae06031fad9dc03a,1,94214179,4.050260648307358,1741109162691263,Injective,0.0563627125,INJ,0,2,2025-03-04
cx88fd7df7ddff82f7cc735c871dc519838cb235bb,hxd75467e3e4ce64e3424c747dfb71503017440433,cxa0af3165c08318e988cb30993b3048335b94af6c,0x25be9739eb9998000,0xea20d32cad47a8b3b9f88cf9e88e0ce774f0bb975a94fa34ae06031fad9dc03a,0,94214179,43.51644,1741109162691263,Balanced Dollar,0.0563627125,bnUSD,0,2,2025-03-04
cx508002ec116fbf3ab406329c0df28e70d7e75fb3,hx0000000000000000000000000000000000000000,cx66d4d90f5f113eba575bf793570135f9b10cece1,0x4190ab00,0xed5b63fdf04d799750906203c55e325f432655f9563f42190c1004fb764abfce,1,94214179,1.1,1741109162691263,Sui,0.0379622625,SUI,0,1,2025-03-04
cx88fd7df7ddff82f7cc735c871dc519838cb235bb,cxa0af3165c08318e988cb30993b3048335b94af6c,cx5faae53c4dbd1fbe4a2eb4aab6565030f10da5c6,0x151cd75894ec683,0xbb5db0d1fa36d04d7a0615a3236d50cf5d5efdbc10c8d1417333afe9896df8fd,2,94214174,0.09508297185,1741109152687557,Balanced Dollar,0.056400425,bnUSD,0,1,2025-03-04
cx288d13e1b63563459a2ac6179f237711f6851cb5,cxa0af3165c08318e988cb30993b3048335b94af6c,hxd75467e3e4ce64e3424c747dfb71503017440433,0x6b2b5211654f50,0xbb5db0d1fa36d04d7a0615a3236d50cf5d5efdbc10c8d1417333afe9896df8fd,1,94214174,0.030165453987204945,1741109152687557,Ethereum,0.056400425,ETH,0,1,2025-03-04
cx88fd7df7ddff82f7cc735c871dc519838cb235bb,hxd75467e3e4ce64e3424c747dfb71503017440433,cxa0af3165c08318e988cb30993b3048335b94af6c,0x36fb1b76ae7cfa000,0xbb5db0d1fa36d04d7a0615a3236d50cf5d5efdbc10c8d1417333afe9896df8fd,0,94214174,63.3886479,1741109152687557,Balanced Dollar,0.056400425,bnUSD,0,1,2025-03-04
cx88fd7df7ddff82f7cc735c871dc519838cb235bb,hx0000000000000000000000000000000000000000,cx5faae53c4dbd1fbe4a2eb4aab6565030f10da5c6,0x58acfcdd980000,0xf1d3def7140c35711e370c8deae1162d7aca65eb76003976c54af0b67617c73b,9,94214163,0.02496,1741109130676553,Balanced Dollar,0.2655380625,bnUSD,0,1,2025-03-04
cx88fd7df7ddff82f7cc735c871dc519838cb235bb,cx66d4d90f5f113eba575bf793570135f9b10cece1,hxa28bf1566ec82115aa53061508e5a69bcd54ed3a,0xad31dde0cce00000,0xf1d3def7140c35711e370c8deae1162d7aca65eb76003976c54af0b67617c73b,7,94214163,12.48,1741109130676553,Balanced Dollar,0.2655380625,bnUSD,0,1,2025-03-04
cx88fd7df7ddff82f7cc735c871dc519838cb235bb,hx0000000000000000000000000000000000000000,cx66d4d90f5f113eba575bf793570135f9b10cece1,0xad31dde0cce00000,0xf1d3def7140c35711e370c8deae1162d7aca65eb76003976c54af0b67617c73b,6,94214163,12.48,1741109130676553,Balanced Dollar,0.2655380625,bnUSD,0,1,2025-03-04
cxf61cd5a45dc9f91c15aa65831a30a90d59a09619,cx9345f80d6c98357ccbb70392b14162199c2c5f66,cxd82fb5d3effecd8c9071a4bba3856ad7222c4b91,0x180860590cbd0420,0xf1d3def7140c35711e370c8deae1162d7aca65eb76003976c54af0b67617c73b,5,94214163,1.7317399923060255,1741109130676553,Balance Token,0.2655380625,BALN,0,1,2025-03-04
cxf61cd5a45dc9f91c15aa65831a30a90d59a09619,cx10d59e8103ab44635190bd4139dbfd682fa2d07e,cx9345f80d6c98357ccbb70392b14162199c2c5f66,0x6c6b935b8bbd40000,0xf1d3def7140c35711e370c8deae1162d7aca65eb76003976c54af0b67617c73b,4,94214163,125.0,1741109130676553,Balance Token,0.2655380625,BALN,0,1,2025-03-04
cxf61cd5a45dc9f91c15aa65831a30a90d59a09619,cx10d59e8103ab44635190bd4139dbfd682fa2d07e,cxcfe9d1f83fa871e903008471cca786662437e58d,0x0,0xf1d3def7140c35711e370c8deae1162d7aca65eb76003976c54af0b67617c73b,3,94214163,0.0,1741109130676553,Balance Token,0.2655380625,BALN,0,1,2025-03-04
cxf61cd5a45dc9f91c15aa65831a30a90d59a09619,cx10d59e8103ab44635190bd4139dbfd682fa2d07e,cxf58b9a1898998a31be7f1d99276204a3333ac9b3,0x0,0xf1d3def7140c35711e370c8deae1162d7aca65eb76003976c54af0b67617c73b,2,94214163,0.0,1741109130676553,Balance Token,0.2655380625,BALN,0,1,2025-03-04
cxf61cd5a45dc9f91c15aa65831a30a90d59a09619,cx10d59e8103ab44635190bd4139dbfd682fa2d07e,cx835b300dcfe01f0bdb794e134a0c5628384f4367,0x14542ba12a337c0000,0xf1d3def7140c35711e370c8deae1162d7aca65eb76003976c54af0b67617c73b,1,94214163,375.0,1741109130676553,Balance Token,0.2655380625,BALN,0,1,2025-03-04
cxf61cd5a45dc9f91c15aa65831a30a90d59a09619,hx0000000000000000000000000000000000000000,cx10d59e8103ab44635190bd4139dbfd682fa2d07e,0x43c33c193756480000,0xf1d3def7140c35711e370c8deae1162d7aca65eb76003976c54af0b67617c73b,0,94214163,1250.0,1741109130676553,Balance Token,0.2655380625,BALN,0,1,2025-03-04
cx88fd7df7ddff82f7cc735c871dc519838cb235bb,cxa0af3165c08318e988cb30993b3048335b94af6c,cx5faae53c4dbd1fbe4a2eb4aab6565030f10da5c6,0x281e22d78d289f3,0x3c99e6c6668ebe5911989dbdfec8cd361d68468ff4687f13fbee6de57f998a6c,2,94214161,0.18067414499999998,1741109126795448,Balanced Dollar,0.0460574,bnUSD,0,1,2025-03-04
cx508002ec116fbf3ab406329c0df28e70d7e75fb3,cxa0af3165c08318e988cb30993b3048335b94af6c,hxd75467e3e4ce64e3424c747dfb71503017440433,0xbabc96135,0x3c99e6c6668ebe5911989dbdfec8cd361d68468ff4687f13fbee6de57f998a6c,1,94214161,50.126741813,1741109126795448,Sui,0.0460574,SUI,0,1,2025-03-04
cx88fd7df7ddff82f7cc735c871dc519838cb235bb,hxd75467e3e4ce64e3424c747dfb71503017440433,cxa0af3165c08318e988cb30993b3048335b94af6c,0x68792566aa4474000,0x3c99e6c6668ebe5911989dbdfec8cd361d68468ff4687f13fbee6de57f998a6c,0,94214161,120.44942999999999,1741109126795448,Balanced Dollar,0.0460574,bnUSD,0,1,2025-03-04
cx88fd7df7ddff82f7cc735c871dc519838cb235bb,cxa0af3165c08318e988cb30993b3048335b94af6c,cx5faae53c4dbd1fbe4a2eb4aab6565030f10da5c6,0x1a97931d2dbb000,0x21d96937ed9489481600f06b55367590c76872711e7989628cc1489b57be558b,2,94214149,0.11976012,1741109102667107,Balanced Dollar,0.056310275,bnUSD,0,1,2025-03-04
cx66a031cc3bd305c76371fb586e93801b948254f0,cxa0af3165c08318e988cb30993b3048335b94af6c,hxd75467e3e4ce64e3424c747dfb71503017440433,0x37b38c4e1d5e0ebe,0x21d96937ed9489481600f06b55367590c76872711e7989628cc1489b57be558b,1,94214149,4.013705960045285,1741109102667107,Avalanche,0.056310275,AVAX,0,1,2025-03-04
cx88fd7df7ddff82f7cc735c871dc519838cb235bb,hxd75467e3e4ce64e3424c747dfb71503017440433,cxa0af3165c08318e988cb30993b3048335b94af6c,0x45400f1bfc6c50000,0x21d96937ed9489481600f06b55367590c76872711e7989628cc1489b57be558b,0,94214149,79.84008,1741109102667107,Balanced Dollar,0.056310275,bnUSD,0,1,2025-03-04
cx88fd7df7ddff82f7cc735c871dc519838cb235bb,cxa0af3165c08318e988cb30993b3048335b94af6c,cx5faae53c4dbd1fbe4a2eb4aab6565030f10da5c6,0x150f5944bc5ce76,0xec4fad4e61ff30c4919c87d00e902a8013a7f9c213d345fafe1870781aeca3b5,2,94214143,0.09484560944999999,1741109090661209,Balanced Dollar,0.056400425,bnUSD,0,1,2025-03-04
cx288d13e1b63563459a2ac6179f237711f6851cb5,cxa0af3165c08318e988cb30993b3048335b94af6c,hxd75467e3e4ce64e3424c747dfb71503017440433,0x6aee9fce7bc233,0xec4fad4e61ff30c4919c87d00e902a8013a7f9c213d345fafe1870781aeca3b5,1,94214143,0.030098717662757426,1741109090661209,Ethereum,0.056400425,ETH,0,1,2025-03-04
cx88fd7df7ddff82f7cc735c871dc519838cb235bb,hxd75467e3e4ce64e3424c747dfb71503017440433,cxa0af3165c08318e988cb30993b3048335b94af6c,0x36d7f8785531f0000,0xec4fad4e61ff30c4919c87d00e902a8013a7f9c213d345fafe1870781aeca3b5,0,94214143,63.23040629999999,1741109090661209,Balanced Dollar,0.056400425,bnUSD,0,1,2025-03-04
cx88fd7df7ddff82f7cc735c871dc519838cb235bb,cxa0af3165c08318e988cb30993b3048335b94af6c,cx5faae53c4dbd1fbe4a2eb4aab6565030f10da5c6,0xe5fc524876c000,0x31ffe73273afee96b265a47d286adaa40946a8567bcb26bc17a57813dc128689,2,94214138,0.0647352,1741109080659202,Balanced Dollar,0.0563627125,bnUSD,0,1,2025-03-04
cx4297f4b63262507623b6ad575d0d8dd2db980e4e,cxa0af3165c08318e988cb30993b3048335b94af6c,hxd75467e3e4ce64e3424c747dfb71503017440433,0x37c543b4a7bd0bbe,0x31ffe73273afee96b265a47d286adaa40946a8567bcb26bc17a57813dc128689,1,94214138,4.018692685685394,1741109080659202,Injective,0.0563627125,INJ,0,1,2025-03-04
cx88fd7df7ddff82f7cc735c871dc519838cb235bb,hxd75467e3e4ce64e3424c747dfb71503017440433,cxa0af3165c08318e988cb30993b3048335b94af6c,0x256ebc0f20a940000,0x31ffe73273afee96b265a47d286adaa40946a8567bcb26bc17a57813dc128689,0,94214138,43.1568,1741109080659202,Balanced Dollar,0.0563627125,bnUSD,0,1,2025-03-04
cx88fd7df7ddff82f7cc735c871dc519838cb235bb,cxa0af3165c08318e988cb30993b3048335b94af6c,cx5faae53c4dbd1fbe4a2eb4aab6565030f10da5c6,0x151539e2b6d1b89,0x3e1eada5c75f328aad9b28fea3f18a4d1ae77285f483abba92312335a4af981d,2,94214111,0.09494900595000001,1741109026757802,Balanced Dollar,0.056400425,bnUSD,0,1,2025-03-04
cx288d13e1b63563459a2ac6179f237711f6851cb5,cxa0af3165c08318e988cb30993b3048335b94af6c,hxd75467e3e4ce64e3424c747dfb71503017440433,0x6b1443fe49dc3c,0x3e1eada5c75f328aad9b28fea3f18a4d1ae77285f483abba92312335a4af981d,1,94214111,0.030140104769657915,1741109026757802,Ethereum,0.056400425,ETH,0,1,2025-03-04
cx88fd7df7ddff82f7cc735c871dc519838cb235bb,hxd75467e3e4ce64e3424c747dfb71503017440433,cxa0af3165c08318e988cb30993b3048335b94af6c,0x36e746be66c226000,0x3e1eada5c75f328aad9b28fea3f18a4d1ae77285f483abba92312335a4af981d,0,94214111,63.299337300000005,1741109026757802,Balanced Dollar,0.056400425,bnUSD,0,1,2025-03-04
cx88fd7df7ddff82f7cc735c871dc519838cb235bb,cxa0af3165c08318e988cb30993b3048335b94af6c,cx5faae53c4dbd1fbe4a2eb4aab6565030f10da5c6,0xe632d626df280c,0xe0da484998af7c3df80b20f1c2e881f7ede559e3797cd18568d9b19ad2987a62,2,94214103,0.06479514000000001,1741109010634044,Balanced Dollar,0.0563627125,bnUSD,0,1,2025-03-04
cx4297f4b63262507623b6ad575d0d8dd2db980e4e,cxa0af3165c08318e988cb30993b3048335b94af6c,hxd75467e3e4ce64e3424c747dfb71503017440433,0x37d93d37a8e2f8da,0xe0da484998af7c3df80b20f1c2e881f7ede559e3797cd18568d9b19ad2987a62,1,94214103,4.024315051298192,1741109010634044,Injective,0.0563627125,INJ,0,1,2025-03-04
cx88fd7df7ddff82f7cc735c871dc519838cb235bb,hxd75467e3e4ce64e3424c747dfb71503017440433,cxa0af3165c08318e988cb30993b3048335b94af6c,0x25779b85a8fcda000,0xe0da484998af7c3df80b20f1c2e881f7ede559e3797cd18568d9b19ad2987a62,0,94214103,43.196760000000005,1741109010634044,Balanced Dollar,0.0563627125,bnUSD,0,1,2025-03-04
cx88fd7df7ddff82f7cc735c871dc519838cb235bb,cxa0af3165c08318e988cb30993b3048335b94af6c,cx5faae53c4dbd1fbe4a2eb4aab6565030f10da5c6,0xe69fdde3aff800,0x3e9fb27606a44adcaf563574c6c374d62601f4de921f1ffd09e7fd8188207fff,2,94214086,0.06491502,1741108976753862,Balanced Dollar,0.0563627125,bnUSD,0,1,2025-03-04
cx4297f4b63262507623b6ad575d0d8dd2db980e4e,cxa0af3165c08318e988cb30993b3048335b94af6c,hxd75467e3e4ce64e3424c747dfb71503017440433,0x37fa790178662706,0x3e9fb27606a44adcaf563574c6c374d62601f4de921f1ffd09e7fd8188207fff,1,94214086,4.033669463485589,1741108976753862,Injective,0.0563627125,INJ,0,1,2025-03-04
cx88fd7df7ddff82f7cc735c871dc519838cb235bb,hxd75467e3e4ce64e3424c747dfb71503017440433,cxa0af3165c08318e988cb30993b3048335b94af6c,0x25895a72b9a408000,0x3e9fb27606a44adcaf563574c6c374d62601f4de921f1ffd09e7fd8188207fff,0,94214086,43.27668,1741108976753862,Balanced Dollar,0.0563627125,bnUSD,0,1,2025-03-04
cx88fd7df7ddff82f7cc735c871dc519838cb235bb,cxa0af3165c08318e988cb30993b3048335b94af6c,cx5faae53c4dbd1fbe4a2eb4aab6565030f10da5c6,0x1a8d5a637a277e7,0x86f02454d4c79d5032fc70778c4d4ebf9df3bee2743b2922e5f0bbe733725f3d,2,94214080,0.11958029999999997,1741108964614336,Balanced Dollar,0.056310275,bnUSD,0,1,2025-03-04
cx66a031cc3bd305c76371fb586e93801b948254f0,cxa0af3165c08318e988cb30993b3048335b94af6c,hxd75467e3e4ce64e3424c747dfb71503017440433,0x37a77ac01f573856,0x86f02454d4c79d5032fc70778c4d4ebf9df3bee2743b2922e5f0bbe733725f3d,1,94214080,4.010308958774835,1741108964614336,Avalanche,0.056310275,AVAX,0,1,2025-03-04
cx88fd7df7ddff82f7cc735c871dc519838cb235bb,hxd75467e3e4ce64e3424c747dfb71503017440433,cxa0af3165c08318e988cb30993b3048335b94af6c,0x452570b8637184000,0x86f02454d4c79d5032fc70778c4d4ebf9df3bee2743b2922e5f0bbe733725f3d,0,94214080,79.72019999999998,1741108964614336,Balanced Dollar,0.056310275,bnUSD,0,1,2025-03-04
cx88fd7df7ddff82f7cc735c871dc519838cb235bb,cxd82fb5d3effecd8c9071a4bba3856ad7222c4b91,hxd75467e3e4ce64e3424c747dfb71503017440433,0x3635c9adc5dea00000,0x07d2dc60c2f33372025b76ceee12749db910fa1230b5dedf7df612b48fb90c89,0,94214074,1000.0,1741108952616303,Balanced Dollar,0.0206909375,bnUSD,0,1,2025-03-04
cx88fd7df7ddff82f7cc735c871dc519838cb235bb,cx21e94c08c03daee80c25d8ee3ea22a20786ec231,hx7497c286aa521b09b2b54d78cde3fa4573c0e157,0x528fa68a6d0e7cf46,0xdd6a18602e9352d9aecef999cdc89b9a092328030317679947230c1d928452c5,13,94214060,95.18650793992126,1741108924602378,Balanced Dollar,0.2235188875,bnUSD,0,2,2025-03-04
cx88fd7df7ddff82f7cc735c871dc519838cb235bb,cxa0af3165c08318e988cb30993b3048335b94af6c,cx5faae53c4dbd1fbe4a2eb4aab6565030f10da5c6,0x1fcb9a7519fc0e0,0xdd6a18602e9352d9aecef999cdc89b9a092328030317679947230c1d928452c5,11,94214060,0.14319341644911435,1741108924602378,Balanced Dollar,0.2235188875,bnUSD,0,2,2025-03-04
cx88fd7df7ddff82f7cc735c871dc519838cb235bb,cxa0af3165c08318e988cb30993b3048335b94af6c,cx21e94c08c03daee80c25d8ee3ea22a20786ec231,0x528fa68a6d0e7cf46,0xdd6a18602e9352d9aecef999cdc89b9a092328030317679947230c1d928452c5,10,94214060,95.18650793992126,1741108924602378,Balanced Dollar,0.2235188875,bnUSD,0,2,2025-03-04
cx2609b924e33ef00b648a409245c7ea394c467824,cx21e94c08c03daee80c25d8ee3ea22a20786ec231,cxa0af3165c08318e988cb30993b3048335b94af6c,0x24e6241f4bdc80032b,0xdd6a18602e9352d9aecef999cdc89b9a092328030317679947230c1d928452c5,9,94214060,680.6662007921112,1741108924602378,Staked ICX,0.2235188875,sICX,0,2,2025-03-04
cx2609b924e33ef00b648a409245c7ea394c467824,cxa0af3165c08318e988cb30993b3048335b94af6c,cx5faae53c4dbd1fbe4a2eb4aab6565030f10da5c6,0xe34362a63bde5a1,0xdd6a18602e9352d9aecef999cdc89b9a092328030317679947230c1d928452c5,7,94214060,1.023502571009861,1741108924602378,Staked ICX,0.2235188875,sICX,0,2,2025-03-04
cx2609b924e33ef00b648a409245c7ea394c467824,cxa0af3165c08318e988cb30993b3048335b94af6c,cx21e94c08c03daee80c25d8ee3ea22a20786ec231,0x24e6241f4bdc80032b,0xdd6a18602e9352d9aecef999cdc89b9a092328030317679947230c1d928452c5,6,94214060,680.6662007921112,1741108924602378,Staked ICX,0.2235188875,sICX,0,2,2025-03-04
cxf61cd5a45dc9f91c15aa65831a30a90d59a09619,cx21e94c08c03daee80c25d8ee3ea22a20786ec231,cxa0af3165c08318e988cb30993b3048335b94af6c,0x2c97733a93ad2a9ca5,0xdd6a18602e9352d9aecef999cdc89b9a092328030317679947230c1d928452c5,5,94214060,822.569869971209,1741108924602378,Balance Token,0.2235188875,BALN,0,2,2025-03-04
cx88fd7df7ddff82f7cc735c871dc519838cb235bb,cxa0af3165c08318e988cb30993b3048335b94af6c,cx5faae53c4dbd1fbe4a2eb4aab6565030f10da5c6,0x1fa6aa26fca1493,0xdd6a18602e9352d9aecef999cdc89b9a092328030317679947230c1d928452c5,3,94214060,0.14254358410835266,1741108924602378,Balanced Dollar,0.2235188875,bnUSD,0,2,2025-03-04
cxf61cd5a45dc9f91c15aa65831a30a90d59a09619,cxa0af3165c08318e988cb30993b3048335b94af6c,cx21e94c08c03daee80c25d8ee3ea22a20786ec231,0x2c97733a93ad2a9ca5,0xdd6a18602e9352d9aecef999cdc89b9a092328030317679947230c1d928452c5,2,94214060,822.569869971209,1741108924602378,Balance Token,0.2235188875,BALN,0,2,2025-03-04
cx88fd7df7ddff82f7cc735c871dc519838cb235bb,cx21e94c08c03daee80c25d8ee3ea22a20786ec231,cxa0af3165c08318e988cb30993b3048335b94af6c,0x526cb07031e404000,0xdd6a18602e9352d9aecef999cdc89b9a092328030317679947230c1d928452c5,1,94214060,95.02905607223511,1741108924602378,Balanced Dollar,0.2235188875,bnUSD,0,2,2025-03-04
cx88fd7df7ddff82f7cc735c871dc519838cb235bb,hx7497c286aa521b09b2b54d78cde3fa4573c0e157,cx21e94c08c03daee80c25d8ee3ea22a20786ec231,0x526cb07031e404000,0xdd6a18602e9352d9aecef999cdc89b9a092328030317679947230c1d928452c5,0,94214060,95.02905607223511,1741108924602378,Balanced Dollar,0.2235188875,bnUSD,0,2,2025-03-04
cx88fd7df7ddff82f7cc735c871dc519838cb235bb,cxa0af3165c08318e988cb30993b3048335b94af6c,cx5faae53c4dbd1fbe4a2eb4aab6565030f10da5c6,0x1a90c2a160ae000,0x6889a4914a9f078013f9dd5f2c10f888995bbc381655f589d2b835e11c8b65f9,2,94214060,0.11964024,1741108924602378,Balanced Dollar,0.056306275,bnUSD,0,1,2025-03-04
cx66a031cc3bd305c76371fb586e93801b948254f0,cxa0af3165c08318e988cb30993b3048335b94af6c,hxd75467e3e4ce64e3424c747dfb71503017440433,0x37b7f8f2d16cc048,0x6889a4914a9f078013f9dd5f2c10f888995bbc381655f589d2b835e11c8b65f9,1,94214060,4.014951314603426,1741108924602378,Avalanche,0.056306275,AVAX,0,1,2025-03-04
cx88fd7df7ddff82f7cc735c871dc519838cb235bb,hxd75467e3e4ce64e3424c747dfb71503017440433,cxa0af3165c08318e988cb30993b3048335b94af6c,0x452e502eebc520000,0x6889a4914a9f078013f9dd5f2c10f888995bbc381655f589d2b835e11c8b65f9,0,94214060,79.76016,1741108924602378,Balanced Dollar,0.056306275,bnUSD,0,1,2025-03-04
cx88fd7df7ddff82f7cc735c871dc519838cb235bb,cxa0af3165c08318e988cb30993b3048335b94af6c,cx5faae53c4dbd1fbe4a2eb4aab6565030f10da5c6,0xb0d1ff8044aaeb8,0x51338426e9efe7d34e5cc208efc1e5471949852f9f598127c3198c0eb40a5945,2,94214059,0.7963278591987996,1741108922594946,Balanced Dollar,0.070556025,bnUSD,0,2,2025-03-04
cx2609b924e33ef00b648a409245c7ea394c467824,cxa0af3165c08318e988cb30993b3048335b94af6c,hxc1718c79947e0f673296218b5b23adbd9a3b38a8,0xccab1bc938a8aa56f1,0x51338426e9efe7d34e5cc208efc1e5471949852f9f598127c3198c0eb40a5945,1,94214059,3775.4654606867903,1741108922594946,Staked ICX,0.070556025,sICX,0,2,2025-03-04
cx88fd7df7ddff82f7cc735c871dc519838cb235bb,hxc1718c79947e0f673296218b5b23adbd9a3b38a8,cxa0af3165c08318e988cb30993b3048335b94af6c,0x1cc783408b2d270000,0x51338426e9efe7d34e5cc208efc1e5471949852f9f598127c3198c0eb40a5945,0,94214059,530.8852394658663,1741108922594946,Balanced Dollar,0.070556025,bnUSD,0,2,2025-03-04
cx88fd7df7ddff82f7cc735c871dc519838cb235bb,cxd82fb5d3effecd8c9071a4bba3856ad7222c4b91,hxc1718c79947e0f673296218b5b23adbd9a3b38a8,0x1cc783408b2d270000,0x6fa67a0e6eb915fecb102e82ea444ff431986aba647d29070e8075aaaec0ce25,0,94214059,530.8852394658663,1741108922594946,Balanced Dollar,0.02068825,bnUSD,0,1,2025-03-04
cx07b184a37f03c6ab681fcbd0b45aec6dc3eafbeb,cx21e94c08c03daee80c25d8ee3ea22a20786ec231,hx970eda4988e547df0de8324226fdf3e8ebc9734f,0x2386f26fc10001,0xa0aecd51244721b854e7edcd4712233c9031dc547e180329337e7f1efbbd76e1,5,94214056,0.01,1741108916605465,Bitcoin,0.0859990125,BTC,0,1,2025-03-04
cx88fd7df7ddff82f7cc735c871dc519838cb235bb,cxa0af3165c08318e988cb30993b3048335b94af6c,cx5faae53c4dbd1fbe4a2eb4aab6565030f10da5c6,0x1182da0a5459509e,0xa0aecd51244721b854e7edcd4712233c9031dc547e180329337e7f1efbbd76e1,3,94214056,1.2618105835168278,1741108916605465,Balanced Dollar,0.0859990125,bnUSD,0,1,2025-03-04
cx07b184a37f03c6ab681fcbd0b45aec6dc3eafbeb,cxa0af3165c08318e988cb30993b3048335b94af6c,cx21e94c08c03daee80c25d8ee3ea22a20786ec231,0x2386f26fc10001,0xa0aecd51244721b854e7edcd4712233c9031dc547e180329337e7f1efbbd76e1,2,94214056,0.01,1741108916605465,Bitcoin,0.0859990125,BTC,0,1,2025-03-04
cx88fd7df7ddff82f7cc735c871dc519838cb235bb,cx21e94c08c03daee80c25d8ee3ea22a20786ec231,cxa0af3165c08318e988cb30993b3048335b94af6c,0x2d9a17d03ba897486f,0xa0aecd51244721b854e7edcd4712233c9031dc547e180329337e7f1efbbd76e1,1,94214056,841.2070556778853,1741108916605465,Balanced Dollar,0.0859990125,bnUSD,0,1,2025-03-04
cx88fd7df7ddff82f7cc735c871dc519838cb235bb,hx970eda4988e547df0de8324226fdf3e8ebc9734f,cx21e94c08c03daee80c25d8ee3ea22a20786ec231,0x2d9a17d03ba897486f,0xa0aecd51244721b854e7edcd4712233c9031dc547e180329337e7f1efbbd76e1,0,94214056,841.2070556778853,1741108916605465,Balanced Dollar,0.0859990125,bnUSD,0,1,2025-03-04
cx88fd7df7ddff82f7cc735c871dc519838cb235bb,cxa0af3165c08318e988cb30993b3048335b94af6c,cx5faae53c4dbd1fbe4a2eb4aab6565030f10da5c6,0x2811c8f7298111e,0x1db2f1d9d4ae8c9096b06f60a64f706c26270efc0a3231e67434f7c93d421bfd,2,94214049,0.18045686250000004,1741108902603636,Balanced Dollar,0.0460574,bnUSD,0,1,2025-03-04
cx508002ec116fbf3ab406329c0df28e70d7e75fb3,cxa0af3165c08318e988cb30993b3048335b94af6c,hxd75467e3e4ce64e3424c747dfb71503017440433,0xbab5f3738,0x1db2f1d9d4ae8c9096b06f60a64f706c26270efc0a3231e67434f7c93d421bfd,1,94214049,50.119784248,1741108902603636,Sui,0.0460574,SUI,0,1,2025-03-04
cx88fd7df7ddff82f7cc735c871dc519838cb235bb,hxd75467e3e4ce64e3424c747dfb71503017440433,cxa0af3165c08318e988cb30993b3048335b94af6c,0x6858fb58fc1574000,0x1db2f1d9d4ae8c9096b06f60a64f706c26270efc0a3231e67434f7c93d421bfd,0,94214049,120.30457500000001,1741108902603636,Balanced Dollar,0.0460574,bnUSD,0,1,2025-03-04
cx88fd7df7ddff82f7cc735c871dc519838cb235bb,cxa0af3165c08318e988cb30993b3048335b94af6c,cx5faae53c4dbd1fbe4a2eb4aab6565030f10da5c6,0xe70ce5a080c800,0x3e5d041def89c264de0f5d39ef34a12c94f0f74f118262bccf1e8d90c9bf6eb2,2,94214041,0.0650349,1741108886587556,Balanced Dollar,0.0563627125,bnUSD,0,1,2025-03-04
cx4297f4b63262507623b6ad575d0d8dd2db980e4e,cxa0af3165c08318e988cb30993b3048335b94af6c,hxd75467e3e4ce64e3424c747dfb71503017440433,0x381bbfa919e55c1c,0x3e5d041def89c264de0f5d39ef34a12c94f0f74f118262bccf1e8d90c9bf6eb2,1,94214041,4.043035823499992,1741108886587556,Injective,0.0563627125,INJ,0,1,2025-03-04
cx88fd7df7ddff82f7cc735c871dc519838cb235bb,hxd75467e3e4ce64e3424c747dfb71503017440433,cxa0af3165c08318e988cb30993b3048335b94af6c,0x259b195fca4b38000,0x3e5d041def89c264de0f5d39ef34a12c94f0f74f118262bccf1e8d90c9bf6eb2,0,94214041,43.3566,1741108886587556,Balanced Dollar,0.0563627125,bnUSD,0,1,2025-03-04
cx88fd7df7ddff82f7cc735c871dc519838cb235bb,cxa0af3165c08318e988cb30993b3048335b94af6c,cx5faae53c4dbd1fbe4a2eb4aab6565030f10da5c6,0x1521847f75ccaf9,0xfc687c7b21666c458f7f50cdb3505fb3468294a4d2fed99d704865ebf82840f2,2,94214037,0.0951652395,1741108878730045,Balanced Dollar,0.056400425,bnUSD,0,1,2025-03-04
cx288d13e1b63563459a2ac6179f237711f6851cb5,cxa0af3165c08318e988cb30993b3048335b94af6c,hxd75467e3e4ce64e3424c747dfb71503017440433,0x6b5a86bf46ad12,0xfc687c7b21666c458f7f50cdb3505fb3468294a4d2fed99d704865ebf82840f2,1,94214037,0.030217357289237776,1741108878730045,Ethereum,0.056400425,ETH,0,1,2025-03-04
cx88fd7df7ddff82f7cc735c871dc519838cb235bb,hxd75467e3e4ce64e3424c747dfb71503017440433,cxa0af3165c08318e988cb30993b3048335b94af6c,0x3707490bed6fb4000,0xfc687c7b21666c458f7f50cdb3505fb3468294a4d2fed99d704865ebf82840f2,0,94214037,63.443493,1741108878730045,Balanced Dollar,0.056400425,bnUSD,0,1,2025-03-04
cx88fd7df7ddff82f7cc735c871dc519838cb235bb,cxa0af3165c08318e988cb30993b3048335b94af6c,cx5faae53c4dbd1fbe4a2eb4aab6565030f10da5c6,0xe6695a05479000,0x2cffd31880431be5e88c10529131a923c5d6260f29bb46ad1eb3fbc79bc1a376,2,94214029,0.06485508,1741108862587762,Balanced Dollar,0.0563627125,bnUSD,0,1,2025-03-04
cx4297f4b63262507623b6ad575d0d8dd2db980e4e,cxa0af3165c08318e988cb30993b3048335b94af6c,hxd75467e3e4ce64e3424c747dfb71503017440433,0x37fad3e35547cc05,0x2cffd31880431be5e88c10529131a923c5d6260f29bb46ad1eb3fbc79bc1a376,1,94214029,4.0337693896055065,1741108862587762,Injective,0.0563627125,INJ,0,1,2025-03-04
cx88fd7df7ddff82f7cc735c871dc519838cb235bb,hxd75467e3e4ce64e3424c747dfb71503017440433,cxa0af3165c08318e988cb30993b3048335b94af6c,0x25807afc315070000,0x2cffd31880431be5e88c10529131a923c5d6260f29bb46ad1eb3fbc79bc1a376,0,94214029,43.23672,1741108862587762,Balanced Dollar,0.0563627125,bnUSD,0,1,2025-03-04
cx88fd7df7ddff82f7cc735c871dc519838cb235bb,cxa0af3165c08318e988cb30993b3048335b94af6c,cx5faae53c4dbd1fbe4a2eb4aab6565030f10da5c6,0xb09a068f672749b,0x8979fb3fc382b6a8ed7ea6fbde236bff304767b4cc67204650115043c01d0f5c,2,94214018,0.7953431818793423,1741108840580614,Balanced Dollar,0.070556025,bnUSD,0,2,2025-03-04
cx2609b924e33ef00b648a409245c7ea394c467824,cxa0af3165c08318e988cb30993b3048335b94af6c,hxc1718c79947e0f673296218b5b23adbd9a3b38a8,0xccab20e96b20220be8,0x8979fb3fc382b6a8ed7ea6fbde236bff304767b4cc67204650115043c01d0f5c,1,94214018,3775.4669034627987,1741108840580614,Staked ICX,0.070556025,sICX,0,2,2025-03-04
cx88fd7df7ddff82f7cc735c871dc519838cb235bb,hxc1718c79947e0f673296218b5b23adbd9a3b38a8,cxa0af3165c08318e988cb30993b3048335b94af6c,0x1cbe6711571f650000,0x8979fb3fc382b6a8ed7ea6fbde236bff304767b4cc67204650115043c01d0f5c,0,94214018,530.2287879195615,1741108840580614,Balanced Dollar,0.070556025,bnUSD,0,2,2025-03-04
cx88fd7df7ddff82f7cc735c871dc519838cb235bb,cxd82fb5d3effecd8c9071a4bba3856ad7222c4b91,hxc1718c79947e0f673296218b5b23adbd9a3b38a8,0x1cbe6711571f650000,0x9671af9a9577cafe551342b47548603c5fe8df0cc71684e69ee9355a012484e2,0,94214018,530.2287879195615,1741108840580614,Balanced Dollar,0.02068825,bnUSD,0,1,2025-03-04
cx288d13e1b63563459a2ac6179f237711f6851cb5,cx21e94c08c03daee80c25d8ee3ea22a20786ec231,hx2debd9ec927cca1639da8d3518dd9dbf1cdfb357,0x30d5de253ecf222,0xf92cb472728c35d295af4e6f14a8d72092a8786d3e045edfc423cde42998e47f,5,94214013,0.2199351834630518,1741108830571988,Ethereum,0.0884698125,ETH,0,2,2025-03-04
cx88fd7df7ddff82f7cc735c871dc519838cb235bb,cxa0af3165c08318e988cb30993b3048335b94af6c,cx5faae53c4dbd1fbe4a2eb4aab6565030f10da5c6,0x999e5ab4d959ae4,0xf92cb472728c35d295af4e6f14a8d72092a8786d3e045edfc423cde42998e47f,3,94214013,0.6918365416819002,1741108830571988,Balanced Dollar,0.0884698125,bnUSD,0,2,2025-03-04
cx288d13e1b63563459a2ac6179f237711f6851cb5,cxa0af3165c08318e988cb30993b3048335b94af6c,cx21e94c08c03daee80c25d8ee3ea22a20786ec231,0x30d5de253ecf222,0xf92cb472728c35d295af4e6f14a8d72092a8786d3e045edfc423cde42998e47f,2,94214013,0.2199351834630518,1741108830571988,Ethereum,0.0884698125,ETH,0,2,2025-03-04
cx88fd7df7ddff82f7cc735c871dc519838cb235bb,cx21e94c08c03daee80c25d8ee3ea22a20786ec231,cxa0af3165c08318e988cb30993b3048335b94af6c,0x1900c618c4b598b1c0,0xf92cb472728c35d295af4e6f14a8d72092a8786d3e045edfc423cde42998e47f,1,94214013,461.22436112126684,1741108830571988,Balanced Dollar,0.0884698125,bnUSD,0,2,2025-03-04
cx88fd7df7ddff82f7cc735c871dc519838cb235bb,hx2debd9ec927cca1639da8d3518dd9dbf1cdfb357,cx21e94c08c03daee80c25d8ee3ea22a20786ec231,0x1900c618c4b598b1c0,0xf92cb472728c35d295af4e6f14a8d72092a8786d3e045edfc423cde42998e47f,0,94214013,461.22436112126684,1741108830571988,Balanced Dollar,0.0884698125,bnUSD,0,2,2025-03-04
cx88fd7df7ddff82f7cc735c871dc519838cb235bb,cxa0af3165c08318e988cb30993b3048335b94af6c,cx5faae53c4dbd1fbe4a2eb4aab6565030f10da5c6,0x15230d01b722d06,0xe26d36685af554a2f4c0aab8c80b01e4c4ffbcfe9abaead88e0b6add971c7d66,2,94214012,0.09519221250000001,1741108828700367,Balanced Dollar,0.056400425,bnUSD,0,1,2025-03-04
cx288d13e1b63563459a2ac6179f237711f6851cb5,cxa0af3165c08318e988cb30993b3048335b94af6c,hxd75467e3e4ce64e3424c747dfb71503017440433,0x6ba350d5d0a751,0xe26d36685af554a2f4c0aab8c80b01e4c4ffbcfe9abaead88e0b6add971c7d66,1,94214012,0.03029739008797269,1741108828700367,Ethereum,0.056400425,ETH,0,1,2025-03-04
cx88fd7df7ddff82f7cc735c871dc519838cb235bb,hxd75467e3e4ce64e3424c747dfb71503017440433,cxa0af3165c08318e988cb30993b3048335b94af6c,0x370b4734779554000,0xe26d36685af554a2f4c0aab8c80b01e4c4ffbcfe9abaead88e0b6add971c7d66,0,94214012,63.46147500000001,1741108828700367,Balanced Dollar,0.056400425,bnUSD,0,1,2025-03-04
cx66a031cc3bd305c76371fb586e93801b948254f0,cx21e94c08c03daee80c25d8ee3ea22a20786ec231,hx2debd9ec927cca1639da8d3518dd9dbf1cdfb357,0x1158da297dedc77d1,0x4c556be9a61b762e101ad0309e582f686f5df18c2450c1afc446910e26f370d1,5,94214005,19.999820293384992,1741108814569749,Avalanche,0.0883001875,AVAX,0,1,2025-03-04
cx88fd7df7ddff82f7cc735c871dc519838cb235bb,cxa0af3165c08318e988cb30993b3048335b94af6c,cx5faae53c4dbd1fbe4a2eb4aab6565030f10da5c6,0x84127c546a12f94,0x4c556be9a61b762e101ad0309e582f686f5df18c2450c1afc446910e26f370d1,3,94214005,0.5948003540366253,1741108814569749,Balanced Dollar,0.0883001875,bnUSD,0,1,2025-03-04
cx66a031cc3bd305c76371fb586e93801b948254f0,cxa0af3165c08318e988cb30993b3048335b94af6c,cx21e94c08c03daee80c25d8ee3ea22a20786ec231,0x1158da297dedc77d1,0x4c556be9a61b762e101ad0309e582f686f5df18c2450c1afc446910e26f370d1,2,94214005,19.999820293384992,1741108814569749,Avalanche,0.0883001875,AVAX,0,1,2025-03-04
cx88fd7df7ddff82f7cc735c871dc519838cb235bb,cx21e94c08c03daee80c25d8ee3ea22a20786ec231,cxa0af3165c08318e988cb30993b3048335b94af6c,0x157f023c67ee6be6c0,0x4c556be9a61b762e101ad0309e582f686f5df18c2450c1afc446910e26f370d1,1,94214005,396.5335693577502,1741108814569749,Balanced Dollar,0.0883001875,bnUSD,0,1,2025-03-04
cx88fd7df7ddff82f7cc735c871dc519838cb235bb,hx2debd9ec927cca1639da8d3518dd9dbf1cdfb357,cx21e94c08c03daee80c25d8ee3ea22a20786ec231,0x157f023c67ee6be6c0,0x4c556be9a61b762e101ad0309e582f686f5df18c2450c1afc446910e26f370d1,0,94214005,396.5335693577502,1741108814569749,Balanced Dollar,0.0883001875,bnUSD,0,1,2025-03-04
cx288d13e1b63563459a2ac6179f237711f6851cb5,cx21e94c08c03daee80c25d8ee3ea22a20786ec231,hx2debd9ec927cca1639da8d3518dd9dbf1cdfb357,0x30d970913a1bf6f,0x15bf36c73f24fa521b0c488b25bd4dec1f3c4c3b819e15960ec7447113ac4593,5,94213999,0.21999802205088959,1741108802561363,Ethereum,0.0884685,ETH,0,1,2025-03-04
cx88fd7df7ddff82f7cc735c871dc519838cb235bb,cxa0af3165c08318e988cb30993b3048335b94af6c,cx5faae53c4dbd1fbe4a2eb4aab6565030f10da5c6,0x994cd35b62d01b6,0x15bf36c73f24fa521b0c488b25bd4dec1f3c4c3b819e15960ec7447113ac4593,3,94213999,0.6904022734678922,1741108802561363,Balanced Dollar,0.0884685,bnUSD,0,1,2025-03-04
cx288d13e1b63563459a2ac6179f237711f6851cb5,cxa0af3165c08318e988cb30993b3048335b94af6c,cx21e94c08c03daee80c25d8ee3ea22a20786ec231,0x30d970913a1bf6f,0x15bf36c73f24fa521b0c488b25bd4dec1f3c4c3b819e15960ec7447113ac4593,2,94213999,0.21999802205088959,1741108802561363,Ethereum,0.0884685,ETH,0,1,2025-03-04
cx88fd7df7ddff82f7cc735c871dc519838cb235bb,cx21e94c08c03daee80c25d8ee3ea22a20786ec231,cxa0af3165c08318e988cb30993b3048335b94af6c,0x18f3811135153474a0,0x15bf36c73f24fa521b0c488b25bd4dec1f3c4c3b819e15960ec7447113ac4593,1,94213999,460.2681823119281,1741108802561363,Balanced Dollar,0.0884685,bnUSD,0,1,2025-03-04
cx88fd7df7ddff82f7cc735c871dc519838cb235bb,hx2debd9ec927cca1639da8d3518dd9dbf1cdfb357,cx21e94c08c03daee80c25d8ee3ea22a20786ec231,0x18f3811135153474a0,0x15bf36c73f24fa521b0c488b25bd4dec1f3c4c3b819e15960ec7447113ac4593,0,94213999,460.2681823119281,1741108802561363,Balanced Dollar,0.0884685,bnUSD,0,1,2025-03-04
cx88fd7df7ddff82f7cc735c871dc519838cb235bb,cxa0af3165c08318e988cb30993b3048335b94af6c,cx5faae53c4dbd1fbe4a2eb4aab6565030f10da5c6,0xe6d661c2186000,0x3589a4fccc93b7e48ef8dddd20e8462effdd03df0dd363e199a5b8a045103788,2,94213998,0.06497496,1741108800564314,Balanced Dollar,0.0563614,bnUSD,0,1,2025-03-04
cx4297f4b63262507623b6ad575d0d8dd2db980e4e,cxa0af3165c08318e988cb30993b3048335b94af6c,hxd75467e3e4ce64e3424c747dfb71503017440433,0x381c203c90bae860,0x3589a4fccc93b7e48ef8dddd20e8462effdd03df0dd363e199a5b8a045103788,1,94213998,4.043142009970158,1741108800564314,Injective,0.0563614,INJ,0,1,2025-03-04
cx88fd7df7ddff82f7cc735c871dc519838cb235bb,hxd75467e3e4ce64e3424c747dfb71503017440433,cxa0af3165c08318e988cb30993b3048335b94af6c,0x259239e941f7a0000,0x3589a4fccc93b7e48ef8dddd20e8462effdd03df0dd363e199a5b8a045103788,0,94213998,43.31664,1741108800564314,Balanced Dollar,0.0563614,bnUSD,0,1,2025-03-04
cx288d13e1b63563459a2ac6179f237711f6851cb5,cx21e94c08c03daee80c25d8ee3ea22a20786ec231,hx2debd9ec927cca1639da8d3518dd9dbf1cdfb357,0x30d97091380d66b,0x833f0d2f81b9af9e3c5693be2a960d2c133ae2f3b45aa1f930944389ab69b00a,5,94213995,0.21999802204873278,1741108794677376,Ethereum,0.0884685,ETH,0,3,2025-03-04
cx88fd7df7ddff82f7cc735c871dc519838cb235bb,cxa0af3165c08318e988cb30993b3048335b94af6c,cx5faae53c4dbd1fbe4a2eb4aab6565030f10da5c6,0x98fb8cd3e3567ba,0x833f0d2f81b9af9e3c5693be2a960d2c133ae2f3b45aa1f930944389ab69b00a,3,94213995,0.688972459662469,1741108794677376,Balanced Dollar,0.0884685,bnUSD,0,3,2025-03-04
cx288d13e1b63563459a2ac6179f237711f6851cb5,cxa0af3165c08318e988cb30993b3048335b94af6c,cx21e94c08c03daee80c25d8ee3ea22a20786ec231,0x30d97091380d66b,0x833f0d2f81b9af9e3c5693be2a960d2c133ae2f3b45aa1f930944389ab69b00a,2,94213995,0.21999802204873278,1741108794677376,Ethereum,0.0884685,ETH,0,3,2025-03-04
cx88fd7df7ddff82f7cc735c871dc519838cb235bb,cx21e94c08c03daee80c25d8ee3ea22a20786ec231,cxa0af3165c08318e988cb30993b3048335b94af6c,0x18e646967cab137460,0x833f0d2f81b9af9e3c5693be2a960d2c133ae2f3b45aa1f930944389ab69b00a,1,94213995,459.3149731083127,1741108794677376,Balanced Dollar,0.0884685,bnUSD,0,3,2025-03-04
cx88fd7df7ddff82f7cc735c871dc519838cb235bb,hx2debd9ec927cca1639da8d3518dd9dbf1cdfb357,cx21e94c08c03daee80c25d8ee3ea22a20786ec231,0x18e646967cab137460,0x833f0d2f81b9af9e3c5693be2a960d2c133ae2f3b45aa1f930944389ab69b00a,0,94213995,459.3149731083127,1741108794677376,Balanced Dollar,0.0884685,bnUSD,0,3,2025-03-04
cx88fd7df7ddff82f7cc735c871dc519838cb235bb,cxa0af3165c08318e988cb30993b3048335b94af6c,cx5faae53c4dbd1fbe4a2eb4aab6565030f10da5c6,0xb062282af896958,0x5131ebb0fddd9cac1aca03cd1f23efb821f0dfdac4cfe00a3cbe51d403cb4c36,2,94213995,0.7943603289635823,1741108794677376,Balanced Dollar,0.0705547125,bnUSD,0,2,2025-03-04
cx2609b924e33ef00b648a409245c7ea394c467824,cxa0af3165c08318e988cb30993b3048335b94af6c,hxc1718c79947e0f673296218b5b23adbd9a3b38a8,0xccab2607ff0a6727c9,0x5131ebb0fddd9cac1aca03cd1f23efb821f0dfdac4cfe00a3cbe51d403cb4c36,1,94213995,3775.468344458322,1741108794677376,Staked ICX,0.0705547125,sICX,0,2,2025-03-04
cx88fd7df7ddff82f7cc735c871dc519838cb235bb,hxc1718c79947e0f673296218b5b23adbd9a3b38a8,cxa0af3165c08318e988cb30993b3048335b94af6c,0x1cb54f3453cb2d0000,0x5131ebb0fddd9cac1aca03cd1f23efb821f0dfdac4cfe00a3cbe51d403cb4c36,0,94213995,529.5735526423882,1741108794677376,Balanced Dollar,0.0705547125,bnUSD,0,2,2025-03-04
cx88fd7df7ddff82f7cc735c871dc519838cb235bb,cxd82fb5d3effecd8c9071a4bba3856ad7222c4b91,hxc1718c79947e0f673296218b5b23adbd9a3b38a8,0x1cb54f3453cb2d0000,0x83ab520a8fef2bc9b3afa30aeed0a9af68990c2117b2403daa858dc440495d6f,0,94213995,529.5735526423882,1741108794677376,Balanced Dollar,0.02068825,bnUSD,0,1,2025-03-04
cx88fd7df7ddff82f7cc735c871dc519838cb235bb,cxa0af3165c08318e988cb30993b3048335b94af6c,cx5faae53c4dbd1fbe4a2eb4aab6565030f10da5c6,0x1a8321a9c694018,0xd208e165b14e836eff09f7d0693cd174da197d8f003008dabc2f18987259854b,2,94213991,0.11940048000000002,1741108786559079,Balanced Dollar,0.0563089625,bnUSD,0,1,2025-03-04
cx66a031cc3bd305c76371fb586e93801b948254f0,cxa0af3165c08318e988cb30993b3048335b94af6c,hxd75467e3e4ce64e3424c747dfb71503017440433,0x37d3506c1462583b,0xd208e165b14e836eff09f7d0693cd174da197d8f003008dabc2f18987259854b,1,94213991,4.022647317300664,1741108786559079,Avalanche,0.0563089625,AVAX,0,1,2025-03-04
cx88fd7df7ddff82f7cc735c871dc519838cb235bb,hxd75467e3e4ce64e3424c747dfb71503017440433,cxa0af3165c08318e988cb30993b3048335b94af6c,0x450ad254ca76c4000,0xd208e165b14e836eff09f7d0693cd174da197d8f003008dabc2f18987259854b,0,94213991,79.60032000000001,1741108786559079,Balanced Dollar,0.0563089625,bnUSD,0,1,2025-03-04
cx07b184a37f03c6ab681fcbd0b45aec6dc3eafbeb,cx21e94c08c03daee80c25d8ee3ea22a20786ec231,hx970eda4988e547df0de8324226fdf3e8ebc9734f,0x2386f26fc10001,0x9e5c7fbe8ceb6e885b56ae6d50d688a793a7304408dbbd22fe5f5f448b0aa9ab,5,94213990,0.01,1741108784604933,Bitcoin,0.0860043875,BTC,0,1,2025-03-04
cx88fd7df7ddff82f7cc735c871dc519838cb235bb,cxa0af3165c08318e988cb30993b3048335b94af6c,cx5faae53c4dbd1fbe4a2eb4aab6565030f10da5c6,0x11755492fba9c28c,0x9e5c7fbe8ceb6e885b56ae6d50d688a793a7304408dbbd22fe5f5f448b0aa9ab,3,94213990,1.2580046611840867,1741108784604933,Balanced Dollar,0.0860043875,bnUSD,0,1,2025-03-04
cx07b184a37f03c6ab681fcbd0b45aec6dc3eafbeb,cxa0af3165c08318e988cb30993b3048335b94af6c,cx21e94c08c03daee80c25d8ee3ea22a20786ec231,0x2386f26fc10001,0x9e5c7fbe8ceb6e885b56ae6d50d688a793a7304408dbbd22fe5f5f448b0aa9ab,2,94213990,0.01,1741108784604933,Bitcoin,0.0860043875,BTC,0,1,2025-03-04
cx88fd7df7ddff82f7cc735c871dc519838cb235bb,cx21e94c08c03daee80c25d8ee3ea22a20786ec231,cxa0af3165c08318e988cb30993b3048335b94af6c,0x2d76e1941a0a154e01,0x9e5c7fbe8ceb6e885b56ae6d50d688a793a7304408dbbd22fe5f5f448b0aa9ab,1,94213990,838.6697741227244,1741108784604933,Balanced Dollar,0.0860043875,bnUSD,0,1,2025-03-04
cx88fd7df7ddff82f7cc735c871dc519838cb235bb,hx970eda4988e547df0de8324226fdf3e8ebc9734f,cx21e94c08c03daee80c25d8ee3ea22a20786ec231,0x2d76e1941a0a154e01,0x9e5c7fbe8ceb6e885b56ae6d50d688a793a7304408dbbd22fe5f5f448b0aa9ab,0,94213990,838.6697741227244,1741108784604933,Balanced Dollar,0.0860043875,bnUSD,0,1,2025-03-04
cx65c9e3d4fea842e00add0d32a5b4c5e4e04c7a6b,cx21e94c08c03daee80c25d8ee3ea22a20786ec231,hx2debd9ec927cca1639da8d3518dd9dbf1cdfb357,0xb2cff4d1,0x32d085df38571074ed5e43600fb26cb1fad73628720ce1f20136d5677244e94a,5,94213988,2.999973073,1741108780553744,Solana,0.07801055,SOL,0,2,2025-03-04
cx88fd7df7ddff82f7cc735c871dc519838cb235bb,cxa0af3165c08318e988cb30993b3048335b94af6c,cx5faae53c4dbd1fbe4a2eb4aab6565030f10da5c6,0x8a0f18945883ea2,0x32d085df38571074ed5e43600fb26cb1fad73628720ce1f20136d5677244e94a,3,94213988,0.6217623204564988,1741108780553744,Balanced Dollar,0.07801055,bnUSD,0,2,2025-03-04
cx65c9e3d4fea842e00add0d32a5b4c5e4e04c7a6b,cxa0af3165c08318e988cb30993b3048335b94af6c,cx21e94c08c03daee80c25d8ee3ea22a20786ec231,0xb2cff4d1,0x32d085df38571074ed5e43600fb26cb1fad73628720ce1f20136d5677244e94a,2,94213988,2.999973073,1741108780553744,Solana,0.07801055,SOL,0,2,2025-03-04
cx88fd7df7ddff82f7cc735c871dc519838cb235bb,cx21e94c08c03daee80c25d8ee3ea22a20786ec231,cxa0af3165c08318e988cb30993b3048335b94af6c,0x167875002512cdc5e0,0x32d085df38571074ed5e43600fb26cb1fad73628720ce1f20136d5677244e94a,1,94213988,414.5082136376659,1741108780553744,Balanced Dollar,0.07801055,bnUSD,0,2,2025-03-04
cx88fd7df7ddff82f7cc735c871dc519838cb235bb,hx2debd9ec927cca1639da8d3518dd9dbf1cdfb357,cx21e94c08c03daee80c25d8ee3ea22a20786ec231,0x167875002512cdc5e0,0x32d085df38571074ed5e43600fb26cb1fad73628720ce1f20136d5677244e94a,0,94213988,414.5082136376659,1741108780553744,Balanced Dollar,0.07801055,bnUSD,0,2,2025-03-04
cx88fd7df7ddff82f7cc735c871dc519838cb235bb,cx21e94c08c03daee80c25d8ee3ea22a20786ec231,hx7497c286aa521b09b2b54d78cde3fa4573c0e157,0x5287c875372acaf80,0x571aefb4bbe064a772f10393c384bb50305d8b88f1d2f31ff9ba23cf2820970a,13,94213988,95.15107581965295,1741108780553744,Balanced Dollar,0.223535075,bnUSD,0,1,2025-03-04
cx88fd7df7ddff82f7cc735c871dc519838cb235bb,cxa0af3165c08318e988cb30993b3048335b94af6c,cx5faae53c4dbd1fbe4a2eb4aab6565030f10da5c6,0x1fc8927d5472274,0x571aefb4bbe064a772f10393c384bb50305d8b88f1d2f31ff9ba23cf2820970a,11,94213988,0.14314009234395197,1741108780553744,Balanced Dollar,0.223535075,bnUSD,0,1,2025-03-04
cx88fd7df7ddff82f7cc735c871dc519838cb235bb,cxa0af3165c08318e988cb30993b3048335b94af6c,cx21e94c08c03daee80c25d8ee3ea22a20786ec231,0x5287c875372acaf80,0x571aefb4bbe064a772f10393c384bb50305d8b88f1d2f31ff9ba23cf2820970a,10,94213988,95.15107581965295,1741108780553744,Balanced Dollar,0.223535075,bnUSD,0,1,2025-03-04
cx2609b924e33ef00b648a409245c7ea394c467824,cx21e94c08c03daee80c25d8ee3ea22a20786ec231,cxa0af3165c08318e988cb30993b3048335b94af6c,0x2503a02da4e16ef933,0x571aefb4bbe064a772f10393c384bb50305d8b88f1d2f31ff9ba23cf2820970a,9,94213988,682.7907896918209,1741108780553744,Staked ICX,0.223535075,sICX,0,1,2025-03-04
cx2609b924e33ef00b648a409245c7ea394c467824,cxa0af3165c08318e988cb30993b3048335b94af6c,cx5faae53c4dbd1fbe4a2eb4aab6565030f10da5c6,0xe3f8e6517a201d8,0x571aefb4bbe064a772f10393c384bb50305d8b88f1d2f31ff9ba23cf2820970a,7,94213988,1.0266958049030968,1741108780553744,Staked ICX,0.223535075,sICX,0,1,2025-03-04
cx2609b924e33ef00b648a409245c7ea394c467824,cxa0af3165c08318e988cb30993b3048335b94af6c,cx21e94c08c03daee80c25d8ee3ea22a20786ec231,0x2503a02da4e16ef933,0x571aefb4bbe064a772f10393c384bb50305d8b88f1d2f31ff9ba23cf2820970a,6,94213988,682.7907896918209,1741108780553744,Staked ICX,0.223535075,sICX,0,1,2025-03-04
cxf61cd5a45dc9f91c15aa65831a30a90d59a09619,cx21e94c08c03daee80c25d8ee3ea22a20786ec231,cxa0af3165c08318e988cb30993b3048335b94af6c,0x2cae5ac359d4a0c9cc,0x571aefb4bbe064a772f10393c384bb50305d8b88f1d2f31ff9ba23cf2820970a,5,94213988,824.2203081443105,1741108780553744,Balance Token,0.223535075,BALN,0,1,2025-03-04
cx88fd7df7ddff82f7cc735c871dc519838cb235bb,cxa0af3165c08318e988cb30993b3048335b94af6c,cx5faae53c4dbd1fbe4a2eb4aab6565030f10da5c6,0x1fa6aa26fca1493,0x571aefb4bbe064a772f10393c384bb50305d8b88f1d2f31ff9ba23cf2820970a,3,94213988,0.14254358410835266,1741108780553744,Balanced Dollar,0.223535075,bnUSD,0,1,2025-03-04
cxf61cd5a45dc9f91c15aa65831a30a90d59a09619,cxa0af3165c08318e988cb30993b3048335b94af6c,cx21e94c08c03daee80c25d8ee3ea22a20786ec231,0x2cae5ac359d4a0c9cc,0x571aefb4bbe064a772f10393c384bb50305d8b88f1d2f31ff9ba23cf2820970a,2,94213988,824.2203081443105,1741108780553744,Balance Token,0.223535075,BALN,0,1,2025-03-04
cx88fd7df7ddff82f7cc735c871dc519838cb235bb,cx21e94c08c03daee80c25d8ee3ea22a20786ec231,cxa0af3165c08318e988cb30993b3048335b94af6c,0x526cb07031e404000,0x571aefb4bbe064a772f10393c384bb50305d8b88f1d2f31ff9ba23cf2820970a,1,94213988,95.02905607223511,1741108780553744,Balanced Dollar,0.223535075,bnUSD,0,1,2025-03-04
cx88fd7df7ddff82f7cc735c871dc519838cb235bb,hx7497c286aa521b09b2b54d78cde3fa4573c0e157,cx21e94c08c03daee80c25d8ee3ea22a20786ec231,0x526cb07031e404000,0x571aefb4bbe064a772f10393c384bb50305d8b88f1d2f31ff9ba23cf2820970a,0,94213988,95.02905607223511,1741108780553744,Balanced Dollar,0.223535075,bnUSD,0,1,2025-03-04
cx88fd7df7ddff82f7cc735c871dc519838cb235bb,cxa0af3165c08318e988cb30993b3048335b94af6c,cx5faae53c4dbd1fbe4a2eb4aab6565030f10da5c6,0xb03474367d13666,0xf852ec21e13ff84c6dd5974d44a8969781d59ff49e7cde7a16716716fe314994,2,94213987,0.7935563141774844,1741108778682049,Balanced Dollar,0.0705547125,bnUSD,0,2,2025-03-04
cx2609b924e33ef00b648a409245c7ea394c467824,cxa0af3165c08318e988cb30993b3048335b94af6c,hxc1718c79947e0f673296218b5b23adbd9a3b38a8,0xccab2a385a422c67cf,0xf852ec21e13ff84c6dd5974d44a8969781d59ff49e7cde7a16716716fe314994,1,94213987,3775.4695235265644,1741108778682049,Staked ICX,0.0705547125,sICX,0,2,2025-03-04
cx88fd7df7ddff82f7cc735c871dc519838cb235bb,hxc1718c79947e0f673296218b5b23adbd9a3b38a8,cxa0af3165c08318e988cb30993b3048335b94af6c,0x1caddeea33b0d30000,0xf852ec21e13ff84c6dd5974d44a8969781d59ff49e7cde7a16716716fe314994,0,94213987,529.0375427849896,1741108778682049,Balanced Dollar,0.0705547125,bnUSD,0,2,2025-03-04
cx88fd7df7ddff82f7cc735c871dc519838cb235bb,cxd82fb5d3effecd8c9071a4bba3856ad7222c4b91,hxc1718c79947e0f673296218b5b23adbd9a3b38a8,0x1caddeea33b0d30000,0x0d6d6b91ee45817c2d4f6a97a1170b09153c1ba96c28d146cbec8d0cc351433f,0,94213987,529.0375427849896,1741108778682049,Balanced Dollar,0.02068825,bnUSD,0,1,2025-03-04
cx288d13e1b63563459a2ac6179f237711f6851cb5,cx21e94c08c03daee80c25d8ee3ea22a20786ec231,hx2debd9ec927cca1639da8d3518dd9dbf1cdfb357,0x30d97091360f62c,0x33d1516fa40c7ccd382ad7be0cf3eab0b8611791dcc57e2d8ed82ff6cbcb2f57,5,94213985,0.21999802204664376,1741108774559006,Ethereum,0.0884685,ETH,0,1,2025-03-04
cx88fd7df7ddff82f7cc735c871dc519838cb235bb,cxa0af3165c08318e988cb30993b3048335b94af6c,cx5faae53c4dbd1fbe4a2eb4aab6565030f10da5c6,0x98aa86d9b8d19c8,0x33d1516fa40c7ccd382ad7be0cf3eab0b8611791dcc57e2d8ed82ff6cbcb2f57,3,94213985,0.6875470818420393,1741108774559006,Balanced Dollar,0.0884685,bnUSD,0,1,2025-03-04
cx288d13e1b63563459a2ac6179f237711f6851cb5,cxa0af3165c08318e988cb30993b3048335b94af6c,cx21e94c08c03daee80c25d8ee3ea22a20786ec231,0x30d97091360f62c,0x33d1516fa40c7ccd382ad7be0cf3eab0b8611791dcc57e2d8ed82ff6cbcb2f57,2,94213985,0.21999802204664376,1741108774559006,Ethereum,0.0884685,ETH,0,1,2025-03-04
cx88fd7df7ddff82f7cc735c871dc519838cb235bb,cx21e94c08c03daee80c25d8ee3ea22a20786ec231,cxa0af3165c08318e988cb30993b3048335b94af6c,0x18d9169d6fbf732380,0x33d1516fa40c7ccd382ad7be0cf3eab0b8611791dcc57e2d8ed82ff6cbcb2f57,1,94213985,458.36472122802616,1741108774559006,Balanced Dollar,0.0884685,bnUSD,0,1,2025-03-04
cx88fd7df7ddff82f7cc735c871dc519838cb235bb,hx2debd9ec927cca1639da8d3518dd9dbf1cdfb357,cx21e94c08c03daee80c25d8ee3ea22a20786ec231,0x18d9169d6fbf732380,0x33d1516fa40c7ccd382ad7be0cf3eab0b8611791dcc57e2d8ed82ff6cbcb2f57,0,94213985,458.36472122802616,1741108774559006,Balanced Dollar,0.0884685,bnUSD,0,1,2025-03-04
cx88fd7df7ddff82f7cc735c871dc519838cb235bb,cxa0af3165c08318e988cb30993b3048335b94af6c,cx5faae53c4dbd1fbe4a2eb4aab6565030f10da5c6,0xaffcc5f40a26645,0x7f6b62c8827c5f2935b2cebd7ed08f65279e6560c85aef53098508b9429d6e29,2,94213984,0.7925767689188409,1741108772547793,Balanced Dollar,0.0705547125,bnUSD,0,2,2025-03-04
cx2609b924e33ef00b648a409245c7ea394c467824,cxa0af3165c08318e988cb30993b3048335b94af6c,hxc1718c79947e0f673296218b5b23adbd9a3b38a8,0xccab2f53fe01d18bcb,0x7f6b62c8827c5f2935b2cebd7ed08f65279e6560c85aef53098508b9429d6e29,1,94213984,3775.4709612915567,1741108772547793,Staked ICX,0.0705547125,sICX,0,2,2025-03-04
cx88fd7df7ddff82f7cc735c871dc519838cb235bb,hxc1718c79947e0f673296218b5b23adbd9a3b38a8,cxa0af3165c08318e988cb30993b3048335b94af6c,0x1ca4cee2b851950000,0x7f6b62c8827c5f2935b2cebd7ed08f65279e6560c85aef53098508b9429d6e29,0,94213984,528.3845126125606,1741108772547793,Balanced Dollar,0.0705547125,bnUSD,0,2,2025-03-04
cx88fd7df7ddff82f7cc735c871dc519838cb235bb,cxd82fb5d3effecd8c9071a4bba3856ad7222c4b91,hxc1718c79947e0f673296218b5b23adbd9a3b38a8,0x1ca4cee2b851950000,0x43759b9f4d8c4cf939f270bcd3f3f37d94a2d83fc6ebc08953af92dbb4f23615,0,94213984,528.3845126125606,1741108772547793,Balanced Dollar,0.02068825,bnUSD,0,1,2025-03-04
cx288d13e1b63563459a2ac6179f237711f6851cb5,cx21e94c08c03daee80c25d8ee3ea22a20786ec231,hx2debd9ec927cca1639da8d3518dd9dbf1cdfb357,0x30d97091340a713,0xca49dae8aa27a2735e10e43aa5075c9781c558e4e495d7c064878177677f0bc9,5,94213981,0.21999802204452634,1741108766548259,Ethereum,0.0884685,ETH,0,1,2025-03-04
cx88fd7df7ddff82f7cc735c871dc519838cb235bb,cxa0af3165c08318e988cb30993b3048335b94af6c,cx5faae53c4dbd1fbe4a2eb4aab6565030f10da5c6,0x9859c1289b2c70a,0xca49dae8aa27a2735e10e43aa5075c9781c558e4e495d7c064878177677f0bc9,3,94213981,0.686126121677408,1741108766548259,Balanced Dollar,0.0884685,bnUSD,0,1,2025-03-04
cx288d13e1b63563459a2ac6179f237711f6851cb5,cxa0af3165c08318e988cb30993b3048335b94af6c,cx21e94c08c03daee80c25d8ee3ea22a20786ec231,0x30d97091340a713,0xca49dae8aa27a2735e10e43aa5075c9781c558e4e495d7c064878177677f0bc9,2,94213981,0.21999802204452634,1741108766548259,Ethereum,0.0884685,ETH,0,1,2025-03-04
cx88fd7df7ddff82f7cc735c871dc519838cb235bb,cx21e94c08c03daee80c25d8ee3ea22a20786ec231,cxa0af3165c08318e988cb30993b3048335b94af6c,0x18cbf11af14190ff60,0xca49dae8aa27a2735e10e43aa5075c9781c558e4e495d7c064878177677f0bc9,1,94213981,457.41741445160534,1741108766548259,Balanced Dollar,0.0884685,bnUSD,0,1,2025-03-04
cx88fd7df7ddff82f7cc735c871dc519838cb235bb,hx2debd9ec927cca1639da8d3518dd9dbf1cdfb357,cx21e94c08c03daee80c25d8ee3ea22a20786ec231,0x18cbf11af14190ff60,0xca49dae8aa27a2735e10e43aa5075c9781c558e4e495d7c064878177677f0bc9,0,94213981,457.41741445160534,1741108766548259,Balanced Dollar,0.0884685,bnUSD,0,1,2025-03-04
cx66a031cc3bd305c76371fb586e93801b948254f0,cx21e94c08c03daee80c25d8ee3ea22a20786ec231,hx2debd9ec927cca1639da8d3518dd9dbf1cdfb357,0x1155f256b6dbe67cc,0xbd27b2c27385e13dbbc9917371ab1ed9c55efdd4a5bafabf8bceac2b1dbff758,5,94213974,19.986734814626473,1741108752547389,Avalanche,0.0882961875,AVAX,0,1,2025-03-04
cx88fd7df7ddff82f7cc735c871dc519838cb235bb,cxa0af3165c08318e988cb30993b3048335b94af6c,cx5faae53c4dbd1fbe4a2eb4aab6565030f10da5c6,0x837848574e6eb24,0xbd27b2c27385e13dbbc9917371ab1ed9c55efdd4a5bafabf8bceac2b1dbff758,3,94213974,0.5920875847493169,1741108752547389,Balanced Dollar,0.0882961875,bnUSD,0,1,2025-03-04
cx66a031cc3bd305c76371fb586e93801b948254f0,cxa0af3165c08318e988cb30993b3048335b94af6c,cx21e94c08c03daee80c25d8ee3ea22a20786ec231,0x1155f256b6dbe67cc,0xbd27b2c27385e13dbbc9917371ab1ed9c55efdd4a5bafabf8bceac2b1dbff758,2,94213974,19.986734814626473,1741108752547389,Avalanche,0.0882961875,AVAX,0,1,2025-03-04
cx88fd7df7ddff82f7cc735c871dc519838cb235bb,cx21e94c08c03daee80c25d8ee3ea22a20786ec231,cxa0af3165c08318e988cb30993b3048335b94af6c,0x1565e91b8b1959adc0,0xbd27b2c27385e13dbbc9917371ab1ed9c55efdd4a5bafabf8bceac2b1dbff758,1,94213974,394.7250564995446,1741108752547389,Balanced Dollar,0.0882961875,bnUSD,0,1,2025-03-04
cx88fd7df7ddff82f7cc735c871dc519838cb235bb,hx2debd9ec927cca1639da8d3518dd9dbf1cdfb357,cx21e94c08c03daee80c25d8ee3ea22a20786ec231,0x1565e91b8b1959adc0,0xbd27b2c27385e13dbbc9917371ab1ed9c55efdd4a5bafabf8bceac2b1dbff758,0,94213974,394.7250564995446,1741108752547389,Balanced Dollar,0.0882961875,bnUSD,0,1,2025-03-04
cx88fd7df7ddff82f7cc735c871dc519838cb235bb,cxa0af3165c08318e988cb30993b3048335b94af6c,cx5faae53c4dbd1fbe4a2eb4aab6565030f10da5c6,0x1a6b47f878e6800,0x1c6e1f07e9a0037871f9ca1dac01bdcbf5bbf96ad5572f820a6b31599a6bd600,2,94213973,0.1189809,1741108750547568,Balanced Dollar,0.0563089625,bnUSD,0,1,2025-03-04
cx66a031cc3bd305c76371fb586e93801b948254f0,cxa0af3165c08318e988cb30993b3048335b94af6c,hxd75467e3e4ce64e3424c747dfb71503017440433,0x37d8e9e3214eafec,0x1c6e1f07e9a0037871f9ca1dac01bdcbf5bbf96ad5572f820a6b31599a6bd600,1,94213973,4.024223428781191,1741108750547568,Avalanche,0.0563089625,AVAX,0,1,2025-03-04
cx88fd7df7ddff82f7cc735c871dc519838cb235bb,hxd75467e3e4ce64e3424c747dfb71503017440433,cxa0af3165c08318e988cb30993b3048335b94af6c,0x44ccb617102d98000,0x1c6e1f07e9a0037871f9ca1dac01bdcbf5bbf96ad5572f820a6b31599a6bd600,0,94213973,79.3206,1741108750547568,Balanced Dollar,0.0563089625,bnUSD,0,1,2025-03-04
cx88fd7df7ddff82f7cc735c871dc519838cb235bb,cxa0af3165c08318e988cb30993b3048335b94af6c,cx5faae53c4dbd1fbe4a2eb4aab6565030f10da5c6,0xe558c6ad3d87f3,0x736908f0378b11e20b9f75226c8a4d2f2b29d8feb1c15a0f0aa20a5800922bcc,2,94213966,0.06455537999999998,1741108736538279,Balanced Dollar,0.0563614,bnUSD,0,1,2025-03-04
cx4297f4b63262507623b6ad575d0d8dd2db980e4e,cxa0af3165c08318e988cb30993b3048335b94af6c,hxd75467e3e4ce64e3424c747dfb71503017440433,0x37c61f6065d3dee4,0x736908f0378b11e20b9f75226c8a4d2f2b29d8feb1c15a0f0aa20a5800922bcc,1,94213966,4.018934216360452,1741108736538279,Injective,0.0563614,INJ,0,1,2025-03-04
cx88fd7df7ddff82f7cc735c871dc519838cb235bb,hxd75467e3e4ce64e3424c747dfb71503017440433,cxa0af3165c08318e988cb30993b3048335b94af6c,0x25541dab87ae76000,0x736908f0378b11e20b9f75226c8a4d2f2b29d8feb1c15a0f0aa20a5800922bcc,0,94213966,43.036919999999995,1741108736538279,Balanced Dollar,0.0563614,bnUSD,0,1,2025-03-04
cx508002ec116fbf3ab406329c0df28e70d7e75fb3,cx21e94c08c03daee80c25d8ee3ea22a20786ec231,hx2debd9ec927cca1639da8d3518dd9dbf1cdfb357,0x22ec9dcaf1,0x3f2af77705adc0470c02bfa815e961a6abbd4282b778081418715f743f6c7fc4,5,94213964,149.998652145,1741108732709836,Sui,0.0780231125,SUI,0,1,2025-03-04
cx88fd7df7ddff82f7cc735c871dc519838cb235bb,cxa0af3165c08318e988cb30993b3048335b94af6c,cx5faae53c4dbd1fbe4a2eb4aab6565030f10da5c6,0x77aa681f8c42096,0x3f2af77705adc0470c02bfa815e961a6abbd4282b778081418715f743f6c7fc4,3,94213964,0.5389261825787905,1741108732709836,Balanced Dollar,0.0780231125,bnUSD,0,1,2025-03-04
cx508002ec116fbf3ab406329c0df28e70d7e75fb3,cxa0af3165c08318e988cb30993b3048335b94af6c,cx21e94c08c03daee80c25d8ee3ea22a20786ec231,0x22ec9dcaf1,0x3f2af77705adc0470c02bfa815e961a6abbd4282b778081418715f743f6c7fc4,2,94213964,149.998652145,1741108732709836,Sui,0.0780231125,SUI,0,1,2025-03-04
cx88fd7df7ddff82f7cc735c871dc519838cb235bb,cx21e94c08c03daee80c25d8ee3ea22a20786ec231,cxa0af3165c08318e988cb30993b3048335b94af6c,0x137a119d227ebf86a0,0x3f2af77705adc0470c02bfa815e961a6abbd4282b778081418715f743f6c7fc4,1,94213964,359.2841217191937,1741108732709836,Balanced Dollar,0.0780231125,bnUSD,0,1,2025-03-04
cx88fd7df7ddff82f7cc735c871dc519838cb235bb,hx2debd9ec927cca1639da8d3518dd9dbf1cdfb357,cx21e94c08c03daee80c25d8ee3ea22a20786ec231,0x137a119d227ebf86a0,0x3f2af77705adc0470c02bfa815e961a6abbd4282b778081418715f743f6c7fc4,0,94213964,359.2841217191937,1741108732709836,Balanced Dollar,0.0780231125,bnUSD,0,1,2025-03-04
cx88fd7df7ddff82f7cc735c871dc519838cb235bb,cxa0af3165c08318e988cb30993b3048335b94af6c,cx5faae53c4dbd1fbe4a2eb4aab6565030f10da5c6,0x14e3a6c4764657c,0x53a14aaae92e0bab45e4c865d00621fa0a3b950ff7f890c3624de618d2508303,2,94213950,0.09407687895,1741108704751026,Balanced Dollar,0.056417925,bnUSD,0,1,2025-03-04
cx288d13e1b63563459a2ac6179f237711f6851cb5,cxa0af3165c08318e988cb30993b3048335b94af6c,hxd75467e3e4ce64e3424c747dfb71503017440433,0x6b4acf4f6c2dab,0x53a14aaae92e0bab45e4c865d00621fa0a3b950ff7f890c3624de618d2508303,1,94213950,0.03020007675921553,1741108704751026,Ethereum,0.056417925,ETH,0,1,2025-03-04
cx88fd7df7ddff82f7cc735c871dc519838cb235bb,hxd75467e3e4ce64e3424c747dfb71503017440433,cxa0af3165c08318e988cb30993b3048335b94af6c,0x36662cf4f401da000,0x53a14aaae92e0bab45e4c865d00621fa0a3b950ff7f890c3624de618d2508303,0,94213950,62.7179193,1741108704751026,Balanced Dollar,0.056417925,bnUSD,0,1,2025-03-04
cx88fd7df7ddff82f7cc735c871dc519838cb235bb,cx203d9cd2a669be67177e997b8948ce2c35caffae,cx835b300dcfe01f0bdb794e134a0c5628384f4367,0x76978a98a0d06c79,0x906b6c4b955bacf8afbdaae179519f9d2ccb987e8581b7772017e2eb27430b09,6,94213942,8.545451206096482,1741108688705706,Balanced Dollar,0.0985286375,bnUSD,0,1,2025-03-04
cx88fd7df7ddff82f7cc735c871dc519838cb235bb,cx5faae53c4dbd1fbe4a2eb4aab6565030f10da5c6,cx203d9cd2a669be67177e997b8948ce2c35caffae,0xa96ac5fe9c977664,0x906b6c4b955bacf8afbdaae179519f9d2ccb987e8581b7772017e2eb27430b09,4,94213942,12.207787437280688,1741108688705706,Balanced Dollar,0.0985286375,bnUSD,0,1,2025-03-04
cx88fd7df7ddff82f7cc735c871dc519838cb235bb,cx5faae53c4dbd1fbe4a2eb4aab6565030f10da5c6,cxdc30a0d3a1f131565c071272a20bc0b06fd4c17b,0xa96ac5fe9c977663,0x906b6c4b955bacf8afbdaae179519f9d2ccb987e8581b7772017e2eb27430b09,3,94213942,12.207787437280688,1741108688705706,Balanced Dollar,0.0985286375,bnUSD,0,1,2025-03-04
cx88fd7df7ddff82f7cc735c871dc519838cb235bb,cxa0af3165c08318e988cb30993b3048335b94af6c,cx5faae53c4dbd1fbe4a2eb4aab6565030f10da5c6,0x14e535d16be6712,0x906b6c4b955bacf8afbdaae179519f9d2ccb987e8581b7772017e2eb27430b09,2,94213942,0.09410430150000001,1741108688705706,Balanced Dollar,0.0985286375,bnUSD,0,1,2025-03-04
cx288d13e1b63563459a2ac6179f237711f6851cb5,cxa0af3165c08318e988cb30993b3048335b94af6c,hxd75467e3e4ce64e3424c747dfb71503017440433,0x6b5a9cf8084705,0x906b6c4b955bacf8afbdaae179519f9d2ccb987e8581b7772017e2eb27430b09,1,94213942,0.030217452730730246,1741108688705706,Ethereum,0.0985286375,ETH,0,1,2025-03-04
cx88fd7df7ddff82f7cc735c871dc519838cb235bb,hxd75467e3e4ce64e3424c747dfb71503017440433,cxa0af3165c08318e988cb30993b3048335b94af6c,0x366a3c26b3a81c000,0x906b6c4b955bacf8afbdaae179519f9d2ccb987e8581b7772017e2eb27430b09,0,94213942,62.736201000000015,1741108688705706,Balanced Dollar,0.0985286375,bnUSD,0,1,2025-03-04
cx88fd7df7ddff82f7cc735c871dc519838cb235bb,cxa0af3165c08318e988cb30993b3048335b94af6c,cx5faae53c4dbd1fbe4a2eb4aab6565030f10da5c6,0x14e36be41fac9f3,0xe40cf3db3a4f92024d1a9a8a737a0255ca78293d9d95a3432da5cda7cc084bdb,2,94213913,0.09407283299999998,1741108630499393,Balanced Dollar,0.056400425,bnUSD,0,2,2025-03-04
cx288d13e1b63563459a2ac6179f237711f6851cb5,cxa0af3165c08318e988cb30993b3048335b94af6c,hxd75467e3e4ce64e3424c747dfb71503017440433,0x6b5938754d29a5,0xe40cf3db3a4f92024d1a9a8a737a0255ca78293d9d95a3432da5cda7cc084bdb,1,94213913,0.030215921529072036,1741108630499393,Ethereum,0.056400425,ETH,0,2,2025-03-04
cx88fd7df7ddff82f7cc735c871dc519838cb235bb,hxd75467e3e4ce64e3424c747dfb71503017440433,cxa0af3165c08318e988cb30993b3048335b94af6c,0x366593a2127c34000,0xe40cf3db3a4f92024d1a9a8a737a0255ca78293d9d95a3432da5cda7cc084bdb,0,94213913,62.71522199999999,1741108630499393,Balanced Dollar,0.056400425,bnUSD,0,2,2025-03-04
cx508002ec116fbf3ab406329c0df28e70d7e75fb3,cx21e94c08c03daee80c25d8ee3ea22a20786ec231,hx2debd9ec927cca1639da8d3518dd9dbf1cdfb357,0x22ec9dcaed,0x26e21242a2659ebdc4a0728ba3f74b3bfab3be63a7b7cec9f5eb7ff02b45a4d8,5,94213913,149.998652141,1741108630499393,Sui,0.0780271125,SUI,0,1,2025-03-04
cx88fd7df7ddff82f7cc735c871dc519838cb235bb,cxa0af3165c08318e988cb30993b3048335b94af6c,cx5faae53c4dbd1fbe4a2eb4aab6565030f10da5c6,0x77492ce67579871,0x26e21242a2659ebdc4a0728ba3f74b3bfab3be63a7b7cec9f5eb7ff02b45a4d8,3,94213913,0.5372156707586438,1741108630499393,Balanced Dollar,0.0780271125,bnUSD,0,1,2025-03-04
cx508002ec116fbf3ab406329c0df28e70d7e75fb3,cxa0af3165c08318e988cb30993b3048335b94af6c,cx21e94c08c03daee80c25d8ee3ea22a20786ec231,0x22ec9dcaed,0x26e21242a2659ebdc4a0728ba3f74b3bfab3be63a7b7cec9f5eb7ff02b45a4d8,2,94213913,149.998652141,1741108630499393,Sui,0.0780271125,SUI,0,1,2025-03-04
cx88fd7df7ddff82f7cc735c871dc519838cb235bb,cx21e94c08c03daee80c25d8ee3ea22a20786ec231,cxa0af3165c08318e988cb30993b3048335b94af6c,0x136a3e4ed7c97250f0,0x26e21242a2659ebdc4a0728ba3f74b3bfab3be63a7b7cec9f5eb7ff02b45a4d8,1,94213913,358.14378050576255,1741108630499393,Balanced Dollar,0.0780271125,bnUSD,0,1,2025-03-04
cx88fd7df7ddff82f7cc735c871dc519838cb235bb,hx2debd9ec927cca1639da8d3518dd9dbf1cdfb357,cx21e94c08c03daee80c25d8ee3ea22a20786ec231,0x136a3e4ed7c97250f0,0x26e21242a2659ebdc4a0728ba3f74b3bfab3be63a7b7cec9f5eb7ff02b45a4d8,0,94213913,358.14378050576255,1741108630499393,Balanced Dollar,0.0780271125,bnUSD,0,1,2025-03-04
cx88fd7df7ddff82f7cc735c871dc519838cb235bb,cx21e94c08c03daee80c25d8ee3ea22a20786ec231,hx7497c286aa521b09b2b54d78cde3fa4573c0e157,0x529a4074b9a911052,0x2ac2e87b2cb7142a4f5f26e6c117924ab23b48fa831d802e2ec697b61f793d49,20,94213911,95.23425164158049,1741108626623057,Balanced Dollar,0.422430375,bnUSD,0,1,2025-03-04
cx88fd7df7ddff82f7cc735c871dc519838cb235bb,cxa0af3165c08318e988cb30993b3048335b94af6c,cx5faae53c4dbd1fbe4a2eb4aab6565030f10da5c6,0x1fcfaed5a902eb5,0x2ac2e87b2cb7142a4f5f26e6c117924ab23b48fa831d802e2ec697b61f793d49,18,94213911,0.14326518550260497,1741108626623057,Balanced Dollar,0.422430375,bnUSD,0,1,2025-03-04
cx88fd7df7ddff82f7cc735c871dc519838cb235bb,cxa0af3165c08318e988cb30993b3048335b94af6c,cx21e94c08c03daee80c25d8ee3ea22a20786ec231,0x529a4074b9a911052,0x2ac2e87b2cb7142a4f5f26e6c117924ab23b48fa831d802e2ec697b61f793d49,17,94213911,95.23425164158049,1741108626623057,Balanced Dollar,0.422430375,bnUSD,0,1,2025-03-04
cx2609b924e33ef00b648a409245c7ea394c467824,cx21e94c08c03daee80c25d8ee3ea22a20786ec231,cxa0af3165c08318e988cb30993b3048335b94af6c,0x25213fa26b890446e6,0x2ac2e87b2cb7142a4f5f26e6c117924ab23b48fa831d802e2ec697b61f793d49,16,94213911,684.9253428367817,1741108626623057,Staked ICX,0.422430375,sICX,0,1,2025-03-04
cx2609b924e33ef00b648a409245c7ea394c467824,cx203d9cd2a669be67177e997b8948ce2c35caffae,cx835b300dcfe01f0bdb794e134a0c5628384f4367,0x7341c8d1582cd68d,0x2ac2e87b2cb7142a4f5f26e6c117924ab23b48fa831d802e2ec697b61f793d49,13,94213911,8.305139989300958,1741108626623057,Staked ICX,0.422430375,sICX,0,1,2025-03-04
cx2609b924e33ef00b648a409245c7ea394c467824,cx5faae53c4dbd1fbe4a2eb4aab6565030f10da5c6,cx203d9cd2a669be67177e997b8948ce2c35caffae,0xa4a71ee1ebadc4ca,0x2ac2e87b2cb7142a4f5f26e6c117924ab23b48fa831d802e2ec697b61f793d49,10,94213911,11.864485699001369,1741108626623057,Staked ICX,0.422430375,sICX,0,1,2025-03-04
cx2609b924e33ef00b648a409245c7ea394c467824,cx5faae53c4dbd1fbe4a2eb4aab6565030f10da5c6,cxdc30a0d3a1f131565c071272a20bc0b06fd4c17b,0xa4a71ee1ebadc4ca,0x2ac2e87b2cb7142a4f5f26e6c117924ab23b48fa831d802e2ec697b61f793d49,8,94213911,11.864485699001369,1741108626623057,Staked ICX,0.422430375,sICX,0,1,2025-03-04
cx2609b924e33ef00b648a409245c7ea394c467824,cxa0af3165c08318e988cb30993b3048335b94af6c,cx5faae53c4dbd1fbe4a2eb4aab6565030f10da5c6,0xe4af43cd557425b,0x2ac2e87b2cb7142a4f5f26e6c117924ab23b48fa831d802e2ec697b61f793d49,7,94213911,1.0299040069220604,1741108626623057,Staked ICX,0.422430375,sICX,0,1,2025-03-04
cx2609b924e33ef00b648a409245c7ea394c467824,cxa0af3165c08318e988cb30993b3048335b94af6c,cx21e94c08c03daee80c25d8ee3ea22a20786ec231,0x25213fa26b890446e6,0x2ac2e87b2cb7142a4f5f26e6c117924ab23b48fa831d802e2ec697b61f793d49,6,94213911,684.9253428367817,1741108626623057,Staked ICX,0.422430375,sICX,0,1,2025-03-04
cxf61cd5a45dc9f91c15aa65831a30a90d59a09619,cx21e94c08c03daee80c25d8ee3ea22a20786ec231,cxa0af3165c08318e988cb30993b3048335b94af6c,0x2cc553f77eef06d564,0x2ac2e87b2cb7142a4f5f26e6c117924ab23b48fa831d802e2ec697b61f793d49,5,94213911,825.8757198163072,1741108626623057,Balance Token,0.422430375,BALN,0,1,2025-03-04
cx88fd7df7ddff82f7cc735c871dc519838cb235bb,cxa0af3165c08318e988cb30993b3048335b94af6c,cx5faae53c4dbd1fbe4a2eb4aab6565030f10da5c6,0x1fa6aa26fca1493,0x2ac2e87b2cb7142a4f5f26e6c117924ab23b48fa831d802e2ec697b61f793d49,3,94213911,0.14254358410835266,1741108626623057,Balanced Dollar,0.422430375,bnUSD,0,1,2025-03-04
cxf61cd5a45dc9f91c15aa65831a30a90d59a09619,cxa0af3165c08318e988cb30993b3048335b94af6c,cx21e94c08c03daee80c25d8ee3ea22a20786ec231,0x2cc553f77eef06d564,0x2ac2e87b2cb7142a4f5f26e6c117924ab23b48fa831d802e2ec697b61f793d49,2,94213911,825.8757198163072,1741108626623057,Balance Token,0.422430375,BALN,0,1,2025-03-04
cx88fd7df7ddff82f7cc735c871dc519838cb235bb,cx21e94c08c03daee80c25d8ee3ea22a20786ec231,cxa0af3165c08318e988cb30993b3048335b94af6c,0x526cb07031e404000,0x2ac2e87b2cb7142a4f5f26e6c117924ab23b48fa831d802e2ec697b61f793d49,1,94213911,95.02905607223511,1741108626623057,Balanced Dollar,0.422430375,bnUSD,0,1,2025-03-04
cx88fd7df7ddff82f7cc735c871dc519838cb235bb,hx7497c286aa521b09b2b54d78cde3fa4573c0e157,cx21e94c08c03daee80c25d8ee3ea22a20786ec231,0x526cb07031e404000,0x2ac2e87b2cb7142a4f5f26e6c117924ab23b48fa831d802e2ec697b61f793d49,0,94213911,95.02905607223511,1741108626623057,Balanced Dollar,0.422430375,bnUSD,0,1,2025-03-04
cx88fd7df7ddff82f7cc735c871dc519838cb235bb,cxa0af3165c08318e988cb30993b3048335b94af6c,cx5faae53c4dbd1fbe4a2eb4aab6565030f10da5c6,0xafcf4160555974b,0x149d940a7ed263d2bfec1f2812b3d4d67659865c05174c7c0a70edcc821146ac,2,94213910,0.7917760099263179,1741108624503845,Balanced Dollar,0.070556025,bnUSD,0,2,2025-03-04
cx2609b924e33ef00b648a409245c7ea394c467824,cxa0af3165c08318e988cb30993b3048335b94af6c,hxc1718c79947e0f673296218b5b23adbd9a3b38a8,0xccab33813535d81cf4,0x149d940a7ed263d2bfec1f2812b3d4d67659865c05174c7c0a70edcc821146ac,1,94213910,3775.4721369065833,1741108624503845,Staked ICX,0.070556025,sICX,0,2,2025-03-04
cx88fd7df7ddff82f7cc735c871dc519838cb235bb,hxc1718c79947e0f673296218b5b23adbd9a3b38a8,cxa0af3165c08318e988cb30993b3048335b94af6c,0x1c9d664eade43a0000,0x149d940a7ed263d2bfec1f2812b3d4d67659865c05174c7c0a70edcc821146ac,0,94213910,527.8506732842119,1741108624503845,Balanced Dollar,0.070556025,bnUSD,0,2,2025-03-04
cx88fd7df7ddff82f7cc735c871dc519838cb235bb,cxd82fb5d3effecd8c9071a4bba3856ad7222c4b91,hxc1718c79947e0f673296218b5b23adbd9a3b38a8,0x1c9d664eade43a0000,0xdb35f37e83841ff261cb32c095e2cc7240915c86cc392dd419892b149d2ce37f,0,94213910,527.8506732842119,1741108624503845,Balanced Dollar,0.02068825,bnUSD,0,1,2025-03-04
cx4297f4b63262507623b6ad575d0d8dd2db980e4e,cx21e94c08c03daee80c25d8ee3ea22a20786ec231,hx2debd9ec927cca1639da8d3518dd9dbf1cdfb357,0x1a05473ebb7a73122,0x50b7a920a5f87392eb2a81c0026f71e9f0361ba0c63f197d275711c211e1d1ae,5,94213909,29.99973047405741,1741108622495089,Injective,0.0883872375,INJ,0,1,2025-03-04
cx88fd7df7ddff82f7cc735c871dc519838cb235bb,cxa0af3165c08318e988cb30993b3048335b94af6c,cx5faae53c4dbd1fbe4a2eb4aab6565030f10da5c6,0x6ac919146efcd53,0x50b7a920a5f87392eb2a81c0026f71e9f0361ba0c63f197d275711c211e1d1ae,3,94213909,0.4809193133682067,1741108622495089,Balanced Dollar,0.0883872375,bnUSD,0,1,2025-03-04
cx4297f4b63262507623b6ad575d0d8dd2db980e4e,cxa0af3165c08318e988cb30993b3048335b94af6c,cx21e94c08c03daee80c25d8ee3ea22a20786ec231,0x1a05473ebb7a73122,0x50b7a920a5f87392eb2a81c0026f71e9f0361ba0c63f197d275711c211e1d1ae,2,94213909,29.99973047405741,1741108622495089,Injective,0.0883872375,INJ,0,1,2025-03-04
cx88fd7df7ddff82f7cc735c871dc519838cb235bb,cx21e94c08c03daee80c25d8ee3ea22a20786ec231,cxa0af3165c08318e988cb30993b3048335b94af6c,0x116165bfa8bb26b2d0,0x50b7a920a5f87392eb2a81c0026f71e9f0361ba0c63f197d275711c211e1d1ae,1,94213909,320.61287557880445,1741108622495089,Balanced Dollar,0.0883872375,bnUSD,0,1,2025-03-04
cx88fd7df7ddff82f7cc735c871dc519838cb235bb,hx2debd9ec927cca1639da8d3518dd9dbf1cdfb357,cx21e94c08c03daee80c25d8ee3ea22a20786ec231,0x116165bfa8bb26b2d0,0x50b7a920a5f87392eb2a81c0026f71e9f0361ba0c63f197d275711c211e1d1ae,0,94213909,320.61287557880445,1741108622495089,Balanced Dollar,0.0883872375,bnUSD,0,1,2025-03-04
cx65c9e3d4fea842e00add0d32a5b4c5e4e04c7a6b,cx21e94c08c03daee80c25d8ee3ea22a20786ec231,hx2debd9ec927cca1639da8d3518dd9dbf1cdfb357,0xb2cff4d0,0x93d441b6c7bc9eec7f1afd19b9fb8ebfb48fe1930def2618cb5c630ba6451adb,5,94213903,2.999973072,1741108610498367,Solana,0.0780118625,SOL,0,1,2025-03-04
cx88fd7df7ddff82f7cc735c871dc519838cb235bb,cxa0af3165c08318e988cb30993b3048335b94af6c,cx5faae53c4dbd1fbe4a2eb4aab6565030f10da5c6,0x8952ba0c0fb9814,0x93d441b6c7bc9eec7f1afd19b9fb8ebfb48fe1930def2618cb5c630ba6451adb,3,94213903,0.6184484932657869,1741108610498367,Balanced Dollar,0.0780118625,bnUSD,0,1,2025-03-04
cx65c9e3d4fea842e00add0d32a5b4c5e4e04c7a6b,cxa0af3165c08318e988cb30993b3048335b94af6c,cx21e94c08c03daee80c25d8ee3ea22a20786ec231,0xb2cff4d0,0x93d441b6c7bc9eec7f1afd19b9fb8ebfb48fe1930def2618cb5c630ba6451adb,2,94213903,2.999973072,1741108610498367,Solana,0.0780118625,SOL,0,1,2025-03-04
cx88fd7df7ddff82f7cc735c871dc519838cb235bb,cx21e94c08c03daee80c25d8ee3ea22a20786ec231,cxa0af3165c08318e988cb30993b3048335b94af6c,0x1659cc47f68f315ec0,0x93d441b6c7bc9eec7f1afd19b9fb8ebfb48fe1930def2618cb5c630ba6451adb,1,94213903,412.2989955105246,1741108610498367,Balanced Dollar,0.0780118625,bnUSD,0,1,2025-03-04
cx88fd7df7ddff82f7cc735c871dc519838cb235bb,hx2debd9ec927cca1639da8d3518dd9dbf1cdfb357,cx21e94c08c03daee80c25d8ee3ea22a20786ec231,0x1659cc47f68f315ec0,0x93d441b6c7bc9eec7f1afd19b9fb8ebfb48fe1930def2618cb5c630ba6451adb,0,94213903,412.2989955105246,1741108610498367,Balanced Dollar,0.0780118625,bnUSD,0,1,2025-03-04
cx07b184a37f03c6ab681fcbd0b45aec6dc3eafbeb,cx21e94c08c03daee80c25d8ee3ea22a20786ec231,hx2debd9ec927cca1639da8d3518dd9dbf1cdfb357,0x11c36ebfaffac2,0x13ce793dd188cac48a8cd6f912267b868beb8db41f47cc25ad5f3a93fba48a5c,5,94213899,0.004999955033881282,1741108602483518,Bitcoin,0.0882862,BTC,0,1,2025-03-04
cx88fd7df7ddff82f7cc735c871dc519838cb235bb,cxa0af3165c08318e988cb30993b3048335b94af6c,cx5faae53c4dbd1fbe4a2eb4aab6565030f10da5c6,0x8b59851f3e8ffb7,0x13ce793dd188cac48a8cd6f912267b868beb8db41f47cc25ad5f3a93fba48a5c,3,94213899,0.6275752008399584,1741108602483518,Balanced Dollar,0.0882862,bnUSD,0,1,2025-03-04
cx07b184a37f03c6ab681fcbd0b45aec6dc3eafbeb,cxa0af3165c08318e988cb30993b3048335b94af6c,cx21e94c08c03daee80c25d8ee3ea22a20786ec231,0x11c36ebfaffac2,0x13ce793dd188cac48a8cd6f912267b868beb8db41f47cc25ad5f3a93fba48a5c,2,94213899,0.004999955033881282,1741108602483518,Bitcoin,0.0882862,BTC,0,1,2025-03-04
cx88fd7df7ddff82f7cc735c871dc519838cb235bb,cx21e94c08c03daee80c25d8ee3ea22a20786ec231,cxa0af3165c08318e988cb30993b3048335b94af6c,0x16ae3caac08419ec90,0x13ce793dd188cac48a8cd6f912267b868beb8db41f47cc25ad5f3a93fba48a5c,1,94213899,418.38346722663897,1741108602483518,Balanced Dollar,0.0882862,bnUSD,0,1,2025-03-04
cx88fd7df7ddff82f7cc735c871dc519838cb235bb,hx2debd9ec927cca1639da8d3518dd9dbf1cdfb357,cx21e94c08c03daee80c25d8ee3ea22a20786ec231,0x16ae3caac08419ec90,0x13ce793dd188cac48a8cd6f912267b868beb8db41f47cc25ad5f3a93fba48a5c,0,94213899,418.38346722663897,1741108602483518,Balanced Dollar,0.0882862,bnUSD,0,1,2025-03-04
cx7baf94bd53b505353285ee4c4c050f9703581703,hx57d3b7ed838ee62c6cf00f327c4904b229075261,hx57d3b7ed838ee62c6cf00f327c4904b229075261,0x0,0x575758c5afbe55c4141d3ddb2c95652ac26376892b7db4dcdf0db3fe71f7866e,1,94213894,0.0,1741108592651883,unknown_token,0.0466479,$unknown,16,1,2025-03-04
cx7baf94bd53b505353285ee4c4c050f9703581703,hx57d3b7ed838ee62c6cf00f327c4904b229075261,hx57d3b7ed838ee62c6cf00f327c4904b229075261,0x0,0x575758c5afbe55c4141d3ddb2c95652ac26376892b7db4dcdf0db3fe71f7866e,0,94213894,0.0,1741108592651883,unknown_token,0.0466479,$unknown,11,1,2025-03-04
cx88fd7df7ddff82f7cc735c871dc519838cb235bb,cxa0af3165c08318e988cb30993b3048335b94af6c,cx5faae53c4dbd1fbe4a2eb4aab6565030f10da5c6,0x14c9ca73c1ddf7c,0xefa607846354312766c456d9207e21cf51ab9ebad57d1c2db1f654323a34cfec,2,94213871,0.09362193434999999,1741108546478723,Balanced Dollar,0.056400425,bnUSD,0,1,2025-03-04
cx288d13e1b63563459a2ac6179f237711f6851cb5,cxa0af3165c08318e988cb30993b3048335b94af6c,hxd75467e3e4ce64e3424c747dfb71503017440433,0x6add3e929f6b25,0xefa607846354312766c456d9207e21cf51ab9ebad57d1c2db1f654323a34cfec,1,94213871,0.030079608348961572,1741108546478723,Ethereum,0.056400425,ETH,0,1,2025-03-04
cx88fd7df7ddff82f7cc735c871dc519838cb235bb,hxd75467e3e4ce64e3424c747dfb71503017440433,cxa0af3165c08318e988cb30993b3048335b94af6c,0x3622d48d738760000,0xefa607846354312766c456d9207e21cf51ab9ebad57d1c2db1f654323a34cfec,0,94213871,62.4146229,1741108546478723,Balanced Dollar,0.056400425,bnUSD,0,1,2025-03-04
cx22319ac7f412f53eabe3c9827acf5e27e9c6a95f,cx21e94c08c03daee80c25d8ee3ea22a20786ec231,hx0000000000000000000000000000000000000000,0x713fb300,0xbc42062559da60e4a7c8c2d106f5e5e4352e3c3b041c49d6d397f0a4ba3731b2,5,94213858,1900.0,1741108520470302,USDC,0.071915125,USDC,0,1,2025-03-04
cx22319ac7f412f53eabe3c9827acf5e27e9c6a95f,hx0000000000000000000000000000000000000000,cx21e94c08c03daee80c25d8ee3ea22a20786ec231,0x713fb300,0xbc42062559da60e4a7c8c2d106f5e5e4352e3c3b041c49d6d397f0a4ba3731b2,1,94213858,1900.0,1741108520470302,USDC,0.071915125,USDC,0,1,2025-03-04
cx2609b924e33ef00b648a409245c7ea394c467824,cxa0af3165c08318e988cb30993b3048335b94af6c,hx38bb7dcfc1a62650eab9014bdb9f0aa55ec2b658,0x1,0xe6ee0a6c9d230487990c15772226a76fcfd003c7bd76ab197c61813fbb67b739,3,94213854,1e-18,1741108512455535,Staked ICX,0.0438880375,sICX,0,1,2025-03-04
cx2609b924e33ef00b648a409245c7ea394c467824,hx38bb7dcfc1a62650eab9014bdb9f0aa55ec2b658,cxa0af3165c08318e988cb30993b3048335b94af6c,0x4694dca1f2475639d7,0xac330f34221a5aa4abd6c5fbe23b71db4bfe0fccf1725af5b22c0414209aeecc,0,94213848,1301.9987116341092,1741108500463982,Staked ICX,0.0313509625,sICX,0,1,2025-03-04
cx3975b43d260fb8ec802cef6e60c2f4d07486f11d,hx38bb7dcfc1a62650eab9014bdb9f0aa55ec2b658,cxa0af3165c08318e988cb30993b3048335b94af6c,0x5cbb16fb9ffd9fbba7,0x209c5913ac050df55b58bb2a47dd5082b78a5b049904e79c49094bac58f39548,1,94213843,1710.5816939804324,1741108490460092,Wrapped ICX,0.01671575,wICX,0,1,2025-03-04
cx3975b43d260fb8ec802cef6e60c2f4d07486f11d,hx0000000000000000000000000000000000000000,hx38bb7dcfc1a62650eab9014bdb9f0aa55ec2b658,0x5cbb16fb9ffd9fbba7,0x209c5913ac050df55b58bb2a47dd5082b78a5b049904e79c49094bac58f39548,0,94213843,1710.5816939804324,1741108490460092,Wrapped ICX,0.01671575,wICX,0,1,2025-03-04
cx2609b924e33ef00b648a409245c7ea394c467824,cx21e94c08c03daee80c25d8ee3ea22a20786ec231,hx38bb7dcfc1a62650eab9014bdb9f0aa55ec2b658,0x4694dca1f2475639d7,0xee138576e55461d6dfed83b856b152e76bdc64028d59f350f6029e47c1419ade,6,94213775,1301.9987116341092,1741108354609916,Staked ICX,0.091869675,sICX,0,1,2025-03-04
cx2609b924e33ef00b648a409245c7ea394c467824,cxa0af3165c08318e988cb30993b3048335b94af6c,cx5faae53c4dbd1fbe4a2eb4aab6565030f10da5c6,0x1b2c5e6d9e64a8f7,0xee138576e55461d6dfed83b856b152e76bdc64028d59f350f6029e47c1419ade,4,94213775,1.9580437629011662,1741108354609916,Staked ICX,0.091869675,sICX,0,1,2025-03-04
cx2609b924e33ef00b648a409245c7ea394c467824,cxa0af3165c08318e988cb30993b3048335b94af6c,cx21e94c08c03daee80c25d8ee3ea22a20786ec231,0x4694dca1f2475639d7,0xee138576e55461d6dfed83b856b152e76bdc64028d59f350f6029e47c1419ade,3,94213775,1301.9987116341092,1741108354609916,Staked ICX,0.091869675,sICX,0,1,2025-03-04
cx3975b43d260fb8ec802cef6e60c2f4d07486f11d,cx21e94c08c03daee80c25d8ee3ea22a20786ec231,cxa0af3165c08318e988cb30993b3048335b94af6c,0x5cf867f58a62ec0000,0xee138576e55461d6dfed83b856b152e76bdc64028d59f350f6029e47c1419ade,2,94213775,1715.0,1741108354609916,Wrapped ICX,0.091869675,wICX,0,1,2025-03-04
cx3975b43d260fb8ec802cef6e60c2f4d07486f11d,hx38bb7dcfc1a62650eab9014bdb9f0aa55ec2b658,cx21e94c08c03daee80c25d8ee3ea22a20786ec231,0x5cf867f58a62ec0000,0xee138576e55461d6dfed83b856b152e76bdc64028d59f350f6029e47c1419ade,1,94213775,1715.0,1741108354609916,Wrapped ICX,0.091869675,wICX,0,1,2025-03-04
cx3975b43d260fb8ec802cef6e60c2f4d07486f11d,hx0000000000000000000000000000000000000000,hx38bb7dcfc1a62650eab9014bdb9f0aa55ec2b658,0x5cf867f58a62ec0000,0xee138576e55461d6dfed83b856b152e76bdc64028d59f350f6029e47c1419ade,0,94213775,1715.0,1741108354609916,Wrapped ICX,0.091869675,wICX,0,1,2025-03-04
cx88fd7df7ddff82f7cc735c871dc519838cb235bb,cxa0af3165c08318e988cb30993b3048335b94af6c,cx5faae53c4dbd1fbe4a2eb4aab6565030f10da5c6,0x14c6bff9f37bb06,0xd9a314e12fe2b6360e7721c3ec9979730b4cf8e24836c95a50fe20f7d2865bbb,2,94213764,0.09356843790000001,1741108332570645,Balanced Dollar,0.056400425,bnUSD,0,1,2025-03-04
cx288d13e1b63563459a2ac6179f237711f6851cb5,cxa0af3165c08318e988cb30993b3048335b94af6c,hxd75467e3e4ce64e3424c747dfb71503017440433,0x6ad55579bfbbb7,0xd9a314e12fe2b6360e7721c3ec9979730b4cf8e24836c95a50fe20f7d2865bbb,1,94213764,0.03007091062287455,1741108332570645,Ethereum,0.056400425,ETH,0,1,2025-03-04
cx88fd7df7ddff82f7cc735c871dc519838cb235bb,hxd75467e3e4ce64e3424c747dfb71503017440433,cxa0af3165c08318e988cb30993b3048335b94af6c,0x361ae94594bcc6000,0xd9a314e12fe2b6360e7721c3ec9979730b4cf8e24836c95a50fe20f7d2865bbb,0,94213764,62.378958600000004,1741108332570645,Balanced Dollar,0.056400425,bnUSD,0,1,2025-03-04
cx88fd7df7ddff82f7cc735c871dc519838cb235bb,cxa0af3165c08318e988cb30993b3048335b94af6c,cx5faae53c4dbd1fbe4a2eb4aab6565030f10da5c6,0x14c58c82d9e7276,0x56d0c01e81f5e6f18791f9d907d1af09f14d9948e00772cad5b2ccc5efce284b,2,94213743,0.09354730904999999,1741108290387511,Balanced Dollar,0.056400425,bnUSD,0,1,2025-03-04
cx288d13e1b63563459a2ac6179f237711f6851cb5,cxa0af3165c08318e988cb30993b3048335b94af6c,hxd75467e3e4ce64e3424c747dfb71503017440433,0x6ad6e0d0f09d01,0x56d0c01e81f5e6f18791f9d907d1af09f14d9948e00772cad5b2ccc5efce284b,1,94213743,0.030072608597777665,1741108290387511,Ethereum,0.056400425,ETH,0,1,2025-03-04
cx88fd7df7ddff82f7cc735c871dc519838cb235bb,hxd75467e3e4ce64e3424c747dfb71503017440433,cxa0af3165c08318e988cb30993b3048335b94af6c,0x3617c894c21f4c000,0x56d0c01e81f5e6f18791f9d907d1af09f14d9948e00772cad5b2ccc5efce284b,0,94213743,62.36487269999999,1741108290387511,Balanced Dollar,0.056400425,bnUSD,0,1,2025-03-04
cx7baf94bd53b505353285ee4c4c050f9703581703,hxd2ab70a9d09d60aabec1b6c3dadc35e4bf33b6f1,hxd2ab70a9d09d60aabec1b6c3dadc35e4bf33b6f1,0x0,0xc8f1419cad953f55e074ea2f4b7db64d3fcc78f6b9626fa4a412fc76f7fe7127,0,94213735,0.0,1741108274382547,unknown_token,0.0034392,$unknown,11,1,2025-03-04
cx88fd7df7ddff82f7cc735c871dc519838cb235bb,cxa0af3165c08318e988cb30993b3048335b94af6c,cx5faae53c4dbd1fbe4a2eb4aab6565030f10da5c6,0x14cb4c6b4eea1e7,0x3dd327b77348f1fe6336b9af2f633507caca7734b0bfe54be6f0e7cf85480434,2,94213723,0.09364845779999997,1741108250374584,Balanced Dollar,0.056400425,bnUSD,0,1,2025-03-04
cx288d13e1b63563459a2ac6179f237711f6851cb5,cxa0af3165c08318e988cb30993b3048335b94af6c,hxd75467e3e4ce64e3424c747dfb71503017440433,0x6afc2fc2f89ede,0x3dd327b77348f1fe6336b9af2f633507caca7734b0bfe54be6f0e7cf85480434,1,94213723,0.030113629596065502,1741108250374584,Ethereum,0.056400425,ETH,0,1,2025-03-04
cx88fd7df7ddff82f7cc735c871dc519838cb235bb,hxd75467e3e4ce64e3424c747dfb71503017440433,cxa0af3165c08318e988cb30993b3048335b94af6c,0x3626c1acc82c5a000,0x3dd327b77348f1fe6336b9af2f633507caca7734b0bfe54be6f0e7cf85480434,0,94213723,62.43230519999998,1741108250374584,Balanced Dollar,0.056400425,bnUSD,0,1,2025-03-04
cx7baf94bd53b505353285ee4c4c050f9703581703,hxd2ab70a9d09d60aabec1b6c3dadc35e4bf33b6f1,hxd2ab70a9d09d60aabec1b6c3dadc35e4bf33b6f1,0x0,0x02a296a4981bc6ec64626578c42d4e64107f7f201f4f3c0c28ee968a8c2f6168,0,94213713,0.0,1741108230365227,unknown_token,0.0034956375,$unknown,16,1,2025-03-04
cx88fd7df7ddff82f7cc735c871dc519838cb235bb,cxa0af3165c08318e988cb30993b3048335b94af6c,cx5faae53c4dbd1fbe4a2eb4aab6565030f10da5c6,0x14c0ec71619acf9,0x99d63b127d94fe06183af47e956ec84fb1a3cb5a2278be4a47088a0dcaa975df,2,94213599,0.0934659405,1741108002288425,Balanced Dollar,0.056400425,bnUSD,0,1,2025-03-04
cx288d13e1b63563459a2ac6179f237711f6851cb5,cxa0af3165c08318e988cb30993b3048335b94af6c,hxd75467e3e4ce64e3424c747dfb71503017440433,0x6ace8723efa0ca,0x99d63b127d94fe06183af47e956ec84fb1a3cb5a2278be4a47088a0dcaa975df,1,94213599,0.03006342735014318,1741108002288425,Ethereum,0.056400425,ETH,0,1,2025-03-04
cx88fd7df7ddff82f7cc735c871dc519838cb235bb,hxd75467e3e4ce64e3424c747dfb71503017440433,cxa0af3165c08318e988cb30993b3048335b94af6c,0x360bbd11ee2dd2000,0x99d63b127d94fe06183af47e956ec84fb1a3cb5a2278be4a47088a0dcaa975df,0,94213599,62.310627,1741108002288425,Balanced Dollar,0.056400425,bnUSD,0,1,2025-03-04
cx28b2ec885b50c8a93da752f2d0467a67127a70e8,cx7127ae2887ef7676bf8014e995bd2ed4fd71f05b,cx5a0af85407c69945eb318d4ac18e9e842184163c,0x1bafa9ee16e786000,0xc5c2bad920bd46bceb815b7ca3ed24998477e9439444c03f26fc78ee0a738445,7,94213572,31.920000000000023,1741107948448074,CROWN,0.0415402125,CROWN,0,1,2025-03-04
cx28b2ec885b50c8a93da752f2d0467a67127a70e8,cx7127ae2887ef7676bf8014e995bd2ed4fd71f05b,hx0000000000000000000000000000000000000000,0x49d46fd03d141000,0xc5c2bad920bd46bceb815b7ca3ed24998477e9439444c03f26fc78ee0a738445,5,94213572,5.320000000000004,1741107948448074,CROWN,0.0415402125,CROWN,0,1,2025-03-04
cx28b2ec885b50c8a93da752f2d0467a67127a70e8,cx7127ae2887ef7676bf8014e995bd2ed4fd71f05b,cxd77007090899311f1afbcae86b49cfe817fc6810,0x93a8dfa07a282000,0xc5c2bad920bd46bceb815b7ca3ed24998477e9439444c03f26fc78ee0a738445,4,94213572,10.640000000000008,1741107948448074,CROWN,0.0415402125,CROWN,0,1,2025-03-04
cx28b2ec885b50c8a93da752f2d0467a67127a70e8,cx7127ae2887ef7676bf8014e995bd2ed4fd71f05b,hx84f2cd8dd94ed2da42f6a1b959b0baaecf6651c1,0x49d46fd03d141000,0xc5c2bad920bd46bceb815b7ca3ed24998477e9439444c03f26fc78ee0a738445,2,94213572,5.320000000000004,1741107948448074,CROWN,0.0415402125,CROWN,0,1,2025-03-04
cx28b2ec885b50c8a93da752f2d0467a67127a70e8,hxd2ab70a9d09d60aabec1b6c3dadc35e4bf33b6f1,cx7127ae2887ef7676bf8014e995bd2ed4fd71f05b,0x2e24c5e2262c8a000,0xc5c2bad920bd46bceb815b7ca3ed24998477e9439444c03f26fc78ee0a738445,0,94213572,53.20000000000004,1741107948448074,CROWN,0.0415402125,CROWN,0,1,2025-03-04
cxd17316e24ee40f2ef8ed6f3a497311db1b35206d,hxbb3d79d08eba2185883c28e9eef53ea359a33246,hx0000000000000000000000000000000000000000,0x0,0xa14333398476570ed8e5d00a4088274aae0f8f4ab3fd9bd38c2e152dca0ba2bb,25,94213546,0.0,1741107896257772,unknown_token,0.108677675,$unknown,5,1,2025-03-04
cxd17316e24ee40f2ef8ed6f3a497311db1b35206d,hxd2ab70a9d09d60aabec1b6c3dadc35e4bf33b6f1,hx0000000000000000000000000000000000000000,0x0,0xa14333398476570ed8e5d00a4088274aae0f8f4ab3fd9bd38c2e152dca0ba2bb,24,94213546,0.0,1741107896257772,unknown_token,0.108677675,$unknown,6,1,2025-03-04
cxd17316e24ee40f2ef8ed6f3a497311db1b35206d,hxdde335c24080988492b801ac18243f121066f7aa,hx0000000000000000000000000000000000000000,0x0,0xa14333398476570ed8e5d00a4088274aae0f8f4ab3fd9bd38c2e152dca0ba2bb,23,94213546,0.0,1741107896257772,unknown_token,0.108677675,$unknown,34,1,2025-03-04
cxd17316e24ee40f2ef8ed6f3a497311db1b35206d,hxd2ab70a9d09d60aabec1b6c3dadc35e4bf33b6f1,hx0000000000000000000000000000000000000000,0x0,0xa14333398476570ed8e5d00a4088274aae0f8f4ab3fd9bd38c2e152dca0ba2bb,22,94213546,0.0,1741107896257772,unknown_token,0.108677675,$unknown,34,1,2025-03-04
cxd17316e24ee40f2ef8ed6f3a497311db1b35206d,hx1a4c9e9c8c866a961e5c88c18c0f019aa97f33db,hx0000000000000000000000000000000000000000,0x0,0xa14333398476570ed8e5d00a4088274aae0f8f4ab3fd9bd38c2e152dca0ba2bb,21,94213546,0.0,1741107896257772,unknown_token,0.108677675,$unknown,34,1,2025-03-04
cxd17316e24ee40f2ef8ed6f3a497311db1b35206d,hx8026678e3d08ba3203ce6161ee8e9e3b9793491f,hx0000000000000000000000000000000000000000,0x0,0xa14333398476570ed8e5d00a4088274aae0f8f4ab3fd9bd38c2e152dca0ba2bb,20,94213546,0.0,1741107896257772,unknown_token,0.108677675,$unknown,34,1,2025-03-04
cx88fd7df7ddff82f7cc735c871dc519838cb235bb,cxa0af3165c08318e988cb30993b3048335b94af6c,cx5faae53c4dbd1fbe4a2eb4aab6565030f10da5c6,0x1a4c9dcb5e2c000,0xec0489c40c131b51b96c1adbb3fa267230e0c13b2604318de0e856e1ec4ebdd3,2,94213541,0.11844144,1741107886238773,Balanced Dollar,0.056310275,bnUSD,0,1,2025-03-04
cx66a031cc3bd305c76371fb586e93801b948254f0,cxa0af3165c08318e988cb30993b3048335b94af6c,hxd75467e3e4ce64e3424c747dfb71503017440433,0x37a165abfd438aba,0xec0489c40c131b51b96c1adbb3fa267230e0c13b2604318de0e856e1ec4ebdd3,1,94213541,4.008596932699327,1741107886238773,Avalanche,0.056310275,AVAX,0,1,2025-03-04
cx88fd7df7ddff82f7cc735c871dc519838cb235bb,hxd75467e3e4ce64e3424c747dfb71503017440433,cxa0af3165c08318e988cb30993b3048335b94af6c,0x447cdaec453d40000,0xec0489c40c131b51b96c1adbb3fa267230e0c13b2604318de0e856e1ec4ebdd3,0,94213541,78.96096,1741107886238773,Balanced Dollar,0.056310275,bnUSD,0,1,2025-03-04
cx88fd7df7ddff82f7cc735c871dc519838cb235bb,cxa0af3165c08318e988cb30993b3048335b94af6c,cx5faae53c4dbd1fbe4a2eb4aab6565030f10da5c6,0xaf97c304db51872,0x2342e04a28d1fbbf0f94d97109f03498498d0a078e845685c87862fd7a332f9c,2,94213535,0.7907997564842211,1741107874243558,Balanced Dollar,0.070556025,bnUSD,0,2,2025-03-04
cx2609b924e33ef00b648a409245c7ea394c467824,cxa0af3165c08318e988cb30993b3048335b94af6c,hxc1718c79947e0f673296218b5b23adbd9a3b38a8,0xccab3899eb8d02b53f,0x2342e04a28d1fbbf0f94d97109f03498498d0a078e845685c87862fd7a332f9c,1,94213535,3775.473571452892,1741107874243558,Staked ICX,0.070556025,sICX,0,2,2025-03-04
cx88fd7df7ddff82f7cc735c871dc519838cb235bb,hxc1718c79947e0f673296218b5b23adbd9a3b38a8,cxa0af3165c08318e988cb30993b3048335b94af6c,0x1c945e131fb2450000,0x2342e04a28d1fbbf0f94d97109f03498498d0a078e845685c87862fd7a332f9c,0,94213535,527.1998376561473,1741107874243558,Balanced Dollar,0.070556025,bnUSD,0,2,2025-03-04
cx88fd7df7ddff82f7cc735c871dc519838cb235bb,cxd82fb5d3effecd8c9071a4bba3856ad7222c4b91,hxc1718c79947e0f673296218b5b23adbd9a3b38a8,0x1c945e131fb2450000,0x7230bd0070945298d827ae4d68e0d1c01b137a6a689fbd38fd0e692500a1a37c,0,94213535,527.1998376561473,1741107874243558,Balanced Dollar,0.02068825,bnUSD,0,1,2025-03-04
cx88fd7df7ddff82f7cc735c871dc519838cb235bb,cxa0af3165c08318e988cb30993b3048335b94af6c,cx5faae53c4dbd1fbe4a2eb4aab6565030f10da5c6,0x14d2c2a0f349000,0xdfe287017492339212a8312b704979fdeaec45146ac4ee0e1bb105e559e983e1,2,94213531,0.0937797264,1741107866238356,Balanced Dollar,0.056400425,bnUSD,0,1,2025-03-04
cx288d13e1b63563459a2ac6179f237711f6851cb5,cxa0af3165c08318e988cb30993b3048335b94af6c,hxd75467e3e4ce64e3424c747dfb71503017440433,0x6b3213cca710c4,0xdfe287017492339212a8312b704979fdeaec45146ac4ee0e1bb105e559e983e1,1,94213531,0.030172883127308484,1741107866238356,Ethereum,0.056400425,ETH,0,1,2025-03-04
cx88fd7df7ddff82f7cc735c871dc519838cb235bb,hxd75467e3e4ce64e3424c747dfb71503017440433,cxa0af3165c08318e988cb30993b3048335b94af6c,0x363a302dcee370000,0xdfe287017492339212a8312b704979fdeaec45146ac4ee0e1bb105e559e983e1,0,94213531,62.5198176,1741107866238356,Balanced Dollar,0.056400425,bnUSD,0,1,2025-03-04
cx88fd7df7ddff82f7cc735c871dc519838cb235bb,cxa0af3165c08318e988cb30993b3048335b94af6c,cx5faae53c4dbd1fbe4a2eb4aab6565030f10da5c6,0xe411af76cb180c,0xd2dd10cde8ad3bf7efee5fb6363838db46d80afc65023c7a59bc724d25b73974,2,94213525,0.06419574000000002,1741107854447466,Balanced Dollar,0.0563654,bnUSD,0,1,2025-03-04
cx4297f4b63262507623b6ad575d0d8dd2db980e4e,cxa0af3165c08318e988cb30993b3048335b94af6c,hxd75467e3e4ce64e3424c747dfb71503017440433,0x37af5113ad6ee11b,0xd2dd10cde8ad3bf7efee5fb6363838db46d80afc65023c7a59bc724d25b73974,1,94213525,4.012514937966355,1741107854447466,Injective,0.0563654,INJ,0,1,2025-03-04
cx88fd7df7ddff82f7cc735c871dc519838cb235bb,hxd75467e3e4ce64e3424c747dfb71503017440433,cxa0af3165c08318e988cb30993b3048335b94af6c,0x251ee0e455b8ea000,0xd2dd10cde8ad3bf7efee5fb6363838db46d80afc65023c7a59bc724d25b73974,0,94213525,42.797160000000005,1741107854447466,Balanced Dollar,0.0563654,bnUSD,0,1,2025-03-04
cx4297f4b63262507623b6ad575d0d8dd2db980e4e,cx21e94c08c03daee80c25d8ee3ea22a20786ec231,hx2debd9ec927cca1639da8d3518dd9dbf1cdfb357,0x1a05473eb7f8831ab,0x5d5ea45f9912e89c1c5966795e6e327e3f2132842456789fc018e9998faa9ebb,5,94213514,29.999730473115857,1741107832407875,Injective,0.0883872375,INJ,0,1,2025-03-04
cx88fd7df7ddff82f7cc735c871dc519838cb235bb,cxa0af3165c08318e988cb30993b3048335b94af6c,cx5faae53c4dbd1fbe4a2eb4aab6565030f10da5c6,0x6a5c693c2de04ae,0x5d5ea45f9912e89c1c5966795e6e327e3f2132842456789fc018e9998faa9ebb,3,94213514,0.4790072733166481,1741107832407875,Balanced Dollar,0.0883872375,bnUSD,0,1,2025-03-04
cx4297f4b63262507623b6ad575d0d8dd2db980e4e,cxa0af3165c08318e988cb30993b3048335b94af6c,cx21e94c08c03daee80c25d8ee3ea22a20786ec231,0x1a05473eb7f8831ab,0x5d5ea45f9912e89c1c5966795e6e327e3f2132842456789fc018e9998faa9ebb,2,94213514,29.999730473115857,1741107832407875,Injective,0.0883872375,INJ,0,1,2025-03-04
cx88fd7df7ddff82f7cc735c871dc519838cb235bb,cx21e94c08c03daee80c25d8ee3ea22a20786ec231,cxa0af3165c08318e988cb30993b3048335b94af6c,0x114fb520cb77818520,0x5d5ea45f9912e89c1c5966795e6e327e3f2132842456789fc018e9998faa9ebb,1,94213514,319.33818221109874,1741107832407875,Balanced Dollar,0.0883872375,bnUSD,0,1,2025-03-04
cx88fd7df7ddff82f7cc735c871dc519838cb235bb,hx2debd9ec927cca1639da8d3518dd9dbf1cdfb357,cx21e94c08c03daee80c25d8ee3ea22a20786ec231,0x114fb520cb77818520,0x5d5ea45f9912e89c1c5966795e6e327e3f2132842456789fc018e9998faa9ebb,0,94213514,319.33818221109874,1741107832407875,Balanced Dollar,0.0883872375,bnUSD,0,1,2025-03-04
cx88fd7df7ddff82f7cc735c871dc519838cb235bb,cxa0af3165c08318e988cb30993b3048335b94af6c,cx5faae53c4dbd1fbe4a2eb4aab6565030f10da5c6,0xe3a4a7b9fa4800,0x242bd00672569ccc0c28f27933386a9df28b7b5d6defce7d9218b87181b7bda2,2,94213510,0.06407586,1741107824222870,Balanced Dollar,0.0563614,bnUSD,0,1,2025-03-04
cx4297f4b63262507623b6ad575d0d8dd2db980e4e,cxa0af3165c08318e988cb30993b3048335b94af6c,hxd75467e3e4ce64e3424c747dfb71503017440433,0x37cd7163377efba9,0x242bd00672569ccc0c28f27933386a9df28b7b5d6defce7d9218b87181b7bda2,1,94213510,4.0209947132584904,1741107824222870,Injective,0.0563614,INJ,0,1,2025-03-04
cx88fd7df7ddff82f7cc735c871dc519838cb235bb,hxd75467e3e4ce64e3424c747dfb71503017440433,cxa0af3165c08318e988cb30993b3048335b94af6c,0x250d21f74511b8000,0x242bd00672569ccc0c28f27933386a9df28b7b5d6defce7d9218b87181b7bda2,0,94213510,42.71724,1741107824222870,Balanced Dollar,0.0563614,bnUSD,0,1,2025-03-04
cx288d13e1b63563459a2ac6179f237711f6851cb5,cx21e94c08c03daee80c25d8ee3ea22a20786ec231,hx2debd9ec927cca1639da8d3518dd9dbf1cdfb357,0x30d970912f85598,0x4c4fed10d38fba5608dccd0884e82870e66899e29e1958d08160ee579deddc72,5,94213506,0.2199980220397869,1741107816224132,Ethereum,0.0884698125,ETH,0,1,2025-03-04
cx88fd7df7ddff82f7cc735c871dc519838cb235bb,cxa0af3165c08318e988cb30993b3048335b94af6c,cx5faae53c4dbd1fbe4a2eb4aab6565030f10da5c6,0x97a64f51b987382,0x4c4fed10d38fba5608dccd0884e82870e66899e29e1958d08160ee579deddc72,3,94213506,0.6829692973927924,1741107816224132,Balanced Dollar,0.0884698125,bnUSD,0,1,2025-03-04
cx288d13e1b63563459a2ac6179f237711f6851cb5,cxa0af3165c08318e988cb30993b3048335b94af6c,cx21e94c08c03daee80c25d8ee3ea22a20786ec231,0x30d970912f85598,0x4c4fed10d38fba5608dccd0884e82870e66899e29e1958d08160ee579deddc72,2,94213506,0.2199980220397869,1741107816224132,Ethereum,0.0884698125,ETH,0,1,2025-03-04
cx88fd7df7ddff82f7cc735c871dc519838cb235bb,cx21e94c08c03daee80c25d8ee3ea22a20786ec231,cxa0af3165c08318e988cb30993b3048335b94af6c,0x18aebc3e4d325777e0,0x4c4fed10d38fba5608dccd0884e82870e66899e29e1958d08160ee579deddc72,1,94213506,455.3128649285283,1741107816224132,Balanced Dollar,0.0884698125,bnUSD,0,1,2025-03-04
cx88fd7df7ddff82f7cc735c871dc519838cb235bb,hx2debd9ec927cca1639da8d3518dd9dbf1cdfb357,cx21e94c08c03daee80c25d8ee3ea22a20786ec231,0x18aebc3e4d325777e0,0x4c4fed10d38fba5608dccd0884e82870e66899e29e1958d08160ee579deddc72,0,94213506,455.3128649285283,1741107816224132,Balanced Dollar,0.0884698125,bnUSD,0,1,2025-03-04
cx88fd7df7ddff82f7cc735c871dc519838cb235bb,cxa0af3165c08318e988cb30993b3048335b94af6c,cx5faae53c4dbd1fbe4a2eb4aab6565030f10da5c6,0xaf605ee87252eb8,0x376435c563014932e159a8e51f2ca05917b743c778bea94a033c354d679c68bf,2,94213499,0.789825306677817,1741107802208789,Balanced Dollar,0.070556025,bnUSD,0,2,2025-03-04
cx2609b924e33ef00b648a409245c7ea394c467824,cxa0af3165c08318e988cb30993b3048335b94af6c,hxc1718c79947e0f673296218b5b23adbd9a3b38a8,0xccab3db106e1455ff3,0x376435c563014932e159a8e51f2ca05917b743c778bea94a033c354d679c68bf,1,94213499,3775.475004233921,1741107802208789,Staked ICX,0.070556025,sICX,0,2,2025-03-04
cx88fd7df7ddff82f7cc735c871dc519838cb235bb,hxc1718c79947e0f673296218b5b23adbd9a3b38a8,cxa0af3165c08318e988cb30993b3048335b94af6c,0x1c8b5a1d2a9b7f0000,0x376435c563014932e159a8e51f2ca05917b743c778bea94a033c354d679c68bf,0,94213499,526.550204451878,1741107802208789,Balanced Dollar,0.070556025,bnUSD,0,2,2025-03-04
cx88fd7df7ddff82f7cc735c871dc519838cb235bb,cxd82fb5d3effecd8c9071a4bba3856ad7222c4b91,hxc1718c79947e0f673296218b5b23adbd9a3b38a8,0x1c8b5a1d2a9b7f0000,0x0874687735a01c6a7dfccfde19848871815501b615dce316cbcd007e6b06750f,0,94213499,526.550204451878,1741107802208789,Balanced Dollar,0.02068825,bnUSD,0,1,2025-03-04
cx88fd7df7ddff82f7cc735c871dc519838cb235bb,cxa0af3165c08318e988cb30993b3048335b94af6c,cx5faae53c4dbd1fbe4a2eb4aab6565030f10da5c6,0x14bf91ba0e4a789,0x89457524c6a93defd34f7d5a1291973a6c639e18bf9cc843f928a9be3921bd6d,2,94213498,0.09344211435000001,1741107800215597,Balanced Dollar,0.056400425,bnUSD,0,1,2025-03-04
cx288d13e1b63563459a2ac6179f237711f6851cb5,cxa0af3165c08318e988cb30993b3048335b94af6c,hxd75467e3e4ce64e3424c747dfb71503017440433,0x6b0f804faf18d0,0x89457524c6a93defd34f7d5a1291973a6c639e18bf9cc843f928a9be3921bd6d,1,94213498,0.030134866275145937,1741107800215597,Ethereum,0.056400425,ETH,0,1,2025-03-04
cx88fd7df7ddff82f7cc735c871dc519838cb235bb,hxd75467e3e4ce64e3424c747dfb71503017440433,cxa0af3165c08318e988cb30993b3048335b94af6c,0x36083629da8c9a000,0x89457524c6a93defd34f7d5a1291973a6c639e18bf9cc843f928a9be3921bd6d,0,94213498,62.2947429,1741107800215597,Balanced Dollar,0.056400425,bnUSD,0,1,2025-03-04
cx2d552c485ec8bcaa75aac02424e2aca6ffdb2f1b,cx21e94c08c03daee80c25d8ee3ea22a20786ec231,hx2debd9ec927cca1639da8d3518dd9dbf1cdfb357,0x9b6e09279a51689,0xb815e457c113dacc27807be6bc0e04e3b016c144ff92a5ec0705bd1f2505374d,5,94213494,0.6999937118134002,1741107792368468,Binance Coin,0.0882703375,BNB,0,1,2025-03-04
cx88fd7df7ddff82f7cc735c871dc519838cb235bb,cxa0af3165c08318e988cb30993b3048335b94af6c,cx5faae53c4dbd1fbe4a2eb4aab6565030f10da5c6,0x853240a855d2703,0xb815e457c113dacc27807be6bc0e04e3b016c144ff92a5ec0705bd1f2505374d,3,94213494,0.5998628029761554,1741107792368468,Balanced Dollar,0.0882703375,bnUSD,0,1,2025-03-04
cx2d552c485ec8bcaa75aac02424e2aca6ffdb2f1b,cxa0af3165c08318e988cb30993b3048335b94af6c,cx21e94c08c03daee80c25d8ee3ea22a20786ec231,0x9b6e09279a51689,0xb815e457c113dacc27807be6bc0e04e3b016c144ff92a5ec0705bd1f2505374d,2,94213494,0.6999937118134002,1741107792368468,Binance Coin,0.0882703375,BNB,0,1,2025-03-04
cx88fd7df7ddff82f7cc735c871dc519838cb235bb,cx21e94c08c03daee80c25d8ee3ea22a20786ec231,cxa0af3165c08318e988cb30993b3048335b94af6c,0x15add88610a29597d0,0xb815e457c113dacc27807be6bc0e04e3b016c144ff92a5ec0705bd1f2505374d,1,94213494,399.90853531743693,1741107792368468,Balanced Dollar,0.0882703375,bnUSD,0,1,2025-03-04
cx88fd7df7ddff82f7cc735c871dc519838cb235bb,hx2debd9ec927cca1639da8d3518dd9dbf1cdfb357,cx21e94c08c03daee80c25d8ee3ea22a20786ec231,0x15add88610a29597d0,0xb815e457c113dacc27807be6bc0e04e3b016c144ff92a5ec0705bd1f2505374d,0,94213494,399.90853531743693,1741107792368468,Balanced Dollar,0.0882703375,bnUSD,0,1,2025-03-04
cx88fd7df7ddff82f7cc735c871dc519838cb235bb,cx21e94c08c03daee80c25d8ee3ea22a20786ec231,hx7497c286aa521b09b2b54d78cde3fa4573c0e157,0x5292d394fecfe1063,0x15477ba54cc855fa72addcc1216029023fb25e8813c1ca8b6af797a9a28a7fe2,13,94213493,95.20081111349606,1741107790212874,Balanced Dollar,0.2235202,bnUSD,0,1,2025-03-04
cx88fd7df7ddff82f7cc735c871dc519838cb235bb,cxa0af3165c08318e988cb30993b3048335b94af6c,cx5faae53c4dbd1fbe4a2eb4aab6565030f10da5c6,0x1fccd275d93bdb4,0x15477ba54cc855fa72addcc1216029023fb25e8813c1ca8b6af797a9a28a7fe2,11,94213493,0.1432148571263953,1741107790212874,Balanced Dollar,0.2235202,bnUSD,0,1,2025-03-04
cx88fd7df7ddff82f7cc735c871dc519838cb235bb,cxa0af3165c08318e988cb30993b3048335b94af6c,cx21e94c08c03daee80c25d8ee3ea22a20786ec231,0x5292d394fecfe1063,0x15477ba54cc855fa72addcc1216029023fb25e8813c1ca8b6af797a9a28a7fe2,10,94213493,95.20081111349606,1741107790212874,Balanced Dollar,0.2235202,bnUSD,0,1,2025-03-04
cx2609b924e33ef00b648a409245c7ea394c467824,cx21e94c08c03daee80c25d8ee3ea22a20786ec231,cxa0af3165c08318e988cb30993b3048335b94af6c,0x253f02b662eb68e4fa,0x15477ba54cc855fa72addcc1216029023fb25e8813c1ca8b6af797a9a28a7fe2,9,94213493,687.0699226375689,1741107790212874,Staked ICX,0.2235202,sICX,0,1,2025-03-04
cx2609b924e33ef00b648a409245c7ea394c467824,cxa0af3165c08318e988cb30993b3048335b94af6c,cx5faae53c4dbd1fbe4a2eb4aab6565030f10da5c6,0xe5667c76d9cbcbb,0x15477ba54cc855fa72addcc1216029023fb25e8813c1ca8b6af797a9a28a7fe2,7,94213493,1.0331272707632488,1741107790212874,Staked ICX,0.2235202,sICX,0,1,2025-03-04
cx2609b924e33ef00b648a409245c7ea394c467824,cxa0af3165c08318e988cb30993b3048335b94af6c,cx21e94c08c03daee80c25d8ee3ea22a20786ec231,0x253f02b662eb68e4fa,0x15477ba54cc855fa72addcc1216029023fb25e8813c1ca8b6af797a9a28a7fe2,6,94213493,687.0699226375689,1741107790212874,Staked ICX,0.2235202,sICX,0,1,2025-03-04
cxf61cd5a45dc9f91c15aa65831a30a90d59a09619,cx21e94c08c03daee80c25d8ee3ea22a20786ec231,cxa0af3165c08318e988cb30993b3048335b94af6c,0x2cdc5ee934ef546096,0x15477ba54cc855fa72addcc1216029023fb25e8813c1ca8b6af797a9a28a7fe2,5,94213493,827.5361249929381,1741107790212874,Balance Token,0.2235202,BALN,0,1,2025-03-04
cx88fd7df7ddff82f7cc735c871dc519838cb235bb,cxa0af3165c08318e988cb30993b3048335b94af6c,cx5faae53c4dbd1fbe4a2eb4aab6565030f10da5c6,0x1fa6aa26fca1493,0x15477ba54cc855fa72addcc1216029023fb25e8813c1ca8b6af797a9a28a7fe2,3,94213493,0.14254358410835266,1741107790212874,Balanced Dollar,0.2235202,bnUSD,0,1,2025-03-04
cxf61cd5a45dc9f91c15aa65831a30a90d59a09619,cxa0af3165c08318e988cb30993b3048335b94af6c,cx21e94c08c03daee80c25d8ee3ea22a20786ec231,0x2cdc5ee934ef546096,0x15477ba54cc855fa72addcc1216029023fb25e8813c1ca8b6af797a9a28a7fe2,2,94213493,827.5361249929381,1741107790212874,Balance Token,0.2235202,BALN,0,1,2025-03-04
cx88fd7df7ddff82f7cc735c871dc519838cb235bb,cx21e94c08c03daee80c25d8ee3ea22a20786ec231,cxa0af3165c08318e988cb30993b3048335b94af6c,0x526cb07031e404000,0x15477ba54cc855fa72addcc1216029023fb25e8813c1ca8b6af797a9a28a7fe2,1,94213493,95.02905607223511,1741107790212874,Balanced Dollar,0.2235202,bnUSD,0,1,2025-03-04
cx88fd7df7ddff82f7cc735c871dc519838cb235bb,hx7497c286aa521b09b2b54d78cde3fa4573c0e157,cx21e94c08c03daee80c25d8ee3ea22a20786ec231,0x526cb07031e404000,0x15477ba54cc855fa72addcc1216029023fb25e8813c1ca8b6af797a9a28a7fe2,0,94213493,95.02905607223511,1741107790212874,Balanced Dollar,0.2235202,bnUSD,0,1,2025-03-04
cx88fd7df7ddff82f7cc735c871dc519838cb235bb,cxa0af3165c08318e988cb30993b3048335b94af6c,cx5faae53c4dbd1fbe4a2eb4aab6565030f10da5c6,0xaf331eeeb73fc28,0x532a67207507466559fe90bccb4c03d6bd4216a6b941792ad314beb9eda75fa9,2,94213492,0.7890292619421931,1741107788386775,Balanced Dollar,0.070556025,bnUSD,0,2,2025-03-04
cx2609b924e33ef00b648a409245c7ea394c467824,cxa0af3165c08318e988cb30993b3048335b94af6c,hxc1718c79947e0f673296218b5b23adbd9a3b38a8,0xccab41d9cca7a0f9f4,0x532a67207507466559fe90bccb4c03d6bd4216a6b941792ad314beb9eda75fa9,1,94213492,3775.476174963729,1741107788386775,Staked ICX,0.070556025,sICX,0,2,2025-03-04
cx88fd7df7ddff82f7cc735c871dc519838cb235bb,hxc1718c79947e0f673296218b5b23adbd9a3b38a8,cxa0af3165c08318e988cb30993b3048335b94af6c,0x1c83fcb38528b60000,0x532a67207507466559fe90bccb4c03d6bd4216a6b941792ad314beb9eda75fa9,0,94213492,526.0195079614622,1741107788386775,Balanced Dollar,0.070556025,bnUSD,0,2,2025-03-04
cx88fd7df7ddff82f7cc735c871dc519838cb235bb,cxd82fb5d3effecd8c9071a4bba3856ad7222c4b91,hxc1718c79947e0f673296218b5b23adbd9a3b38a8,0x1c83fcb38528b60000,0xea1c6b065ab94d734f56371dbe049bfef03da4819d7ee0add8b53d89cbd51dc0,0,94213492,526.0195079614622,1741107788386775,Balanced Dollar,0.02068825,bnUSD,0,1,2025-03-04
cx88fd7df7ddff82f7cc735c871dc519838cb235bb,cxa0af3165c08318e988cb30993b3048335b94af6c,cx5faae53c4dbd1fbe4a2eb4aab6565030f10da5c6,0x14b5b49636c2883,0xc50cd2e345e05dbcaa2817cfc07d7c2f13c88c2ea1fee730b85f893d4d34ba44,2,94213488,0.09326858805,1741107780197489,Balanced Dollar,0.056400425,bnUSD,0,1,2025-03-04
cx288d13e1b63563459a2ac6179f237711f6851cb5,cxa0af3165c08318e988cb30993b3048335b94af6c,hxd75467e3e4ce64e3424c747dfb71503017440433,0x6ae45326e01298,0xc50cd2e345e05dbcaa2817cfc07d7c2f13c88c2ea1fee730b85f893d4d34ba44,1,94213488,0.030087393316967064,1741107780197489,Ethereum,0.056400425,ETH,0,1,2025-03-04
cx88fd7df7ddff82f7cc735c871dc519838cb235bb,hxd75467e3e4ce64e3424c747dfb71503017440433,cxa0af3165c08318e988cb30993b3048335b94af6c,0x35ee86472e9a98000,0xc50cd2e345e05dbcaa2817cfc07d7c2f13c88c2ea1fee730b85f893d4d34ba44,0,94213488,62.1790587,1741107780197489,Balanced Dollar,0.056400425,bnUSD,0,1,2025-03-04
cx88fd7df7ddff82f7cc735c871dc519838cb235bb,cxa0af3165c08318e988cb30993b3048335b94af6c,cx5faae53c4dbd1fbe4a2eb4aab6565030f10da5c6,0xaefbea6094a9c6a,0x68c447e5965a2dffddb156b66ebcf5310ce91ed86d91f109faa3605b84bc1afd,2,94213481,0.7880580801428594,1741107766205029,Balanced Dollar,0.070556025,bnUSD,0,2,2025-03-04
cx2609b924e33ef00b648a409245c7ea394c467824,cxa0af3165c08318e988cb30993b3048335b94af6c,hxc1718c79947e0f673296218b5b23adbd9a3b38a8,0xccab46edfeb2dfd359,0x68c447e5965a2dffddb156b66ebcf5310ce91ed86d91f109faa3605b84bc1afd,1,94213481,3775.4776045437825,1741107766205029,Staked ICX,0.070556025,sICX,0,2,2025-03-04
cx88fd7df7ddff82f7cc735c871dc519838cb235bb,hxc1718c79947e0f673296218b5b23adbd9a3b38a8,cxa0af3165c08318e988cb30993b3048335b94af6c,0x1c7b007b0d87a20000,0x68c447e5965a2dffddb156b66ebcf5310ce91ed86d91f109faa3605b84bc1afd,0,94213481,525.3720534285729,1741107766205029,Balanced Dollar,0.070556025,bnUSD,0,2,2025-03-04
cx88fd7df7ddff82f7cc735c871dc519838cb235bb,cxd82fb5d3effecd8c9071a4bba3856ad7222c4b91,hxc1718c79947e0f673296218b5b23adbd9a3b38a8,0x1c7b007b0d87a20000,0x91f0fad031fbe1daadb7ab9e6081725911a42b77bba58e733a9c852c662dec84,0,94213481,525.3720534285729,1741107766205029,Balanced Dollar,0.02068825,bnUSD,0,1,2025-03-04
cx88fd7df7ddff82f7cc735c871dc519838cb235bb,cxa0af3165c08318e988cb30993b3048335b94af6c,cx5faae53c4dbd1fbe4a2eb4aab6565030f10da5c6,0x14b220bb9e4ee76,0xc009753666bb14e0a3d41e25514fc90fa2dda3be01ab2de63f7dff7ce776e424,2,94213478,0.09320565104999999,1741107760201550,Balanced Dollar,0.056400425,bnUSD,0,1,2025-03-04
cx288d13e1b63563459a2ac6179f237711f6851cb5,cxa0af3165c08318e988cb30993b3048335b94af6c,hxd75467e3e4ce64e3424c747dfb71503017440433,0x6ad99184316e1f,0xc009753666bb14e0a3d41e25514fc90fa2dda3be01ab2de63f7dff7ce776e424,1,94213478,0.030075566542646814,1741107760201550,Ethereum,0.056400425,ETH,0,1,2025-03-04
cx88fd7df7ddff82f7cc735c871dc519838cb235bb,hxd75467e3e4ce64e3424c747dfb71503017440433,cxa0af3165c08318e988cb30993b3048335b94af6c,0x35e5353dec42d0000,0xc009753666bb14e0a3d41e25514fc90fa2dda3be01ab2de63f7dff7ce776e424,0,94213478,62.13710069999999,1741107760201550,Balanced Dollar,0.056400425,bnUSD,0,1,2025-03-04
cx88fd7df7ddff82f7cc735c871dc519838cb235bb,cxa0af3165c08318e988cb30993b3048335b94af6c,cx5faae53c4dbd1fbe4a2eb4aab6565030f10da5c6,0xaec4cfe30a257ef,0xabcf437cbd1b506b4b627f375d5ee5078b13cd296e61ee30d44a3793707978bf,2,94213469,0.7870886895043441,1741107742337034,Balanced Dollar,0.070556025,bnUSD,0,1,2025-03-04
cx2609b924e33ef00b648a409245c7ea394c467824,cxa0af3165c08318e988cb30993b3048335b94af6c,hxc1718c79947e0f673296218b5b23adbd9a3b38a8,0xccab4c0097dce17ebc,0xabcf437cbd1b506b4b627f375d5ee5078b13cd296e61ee30d44a3793707978bf,1,94213469,3775.4790323677103,1741107742337034,Staked ICX,0.070556025,sICX,0,1,2025-03-04
cx88fd7df7ddff82f7cc735c871dc519838cb235bb,hxc1718c79947e0f673296218b5b23adbd9a3b38a8,cxa0af3165c08318e988cb30993b3048335b94af6c,0x1c7208809ea6c50000,0xabcf437cbd1b506b4b627f375d5ee5078b13cd296e61ee30d44a3793707978bf,0,94213469,524.725793002896,1741107742337034,Balanced Dollar,0.070556025,bnUSD,0,1,2025-03-04
cx88fd7df7ddff82f7cc735c871dc519838cb235bb,cxd82fb5d3effecd8c9071a4bba3856ad7222c4b91,hxc1718c79947e0f673296218b5b23adbd9a3b38a8,0x1c7208809ea6c50000,0xd7ddaabe5b20fa4c328a8c51e126d4784338f53203a59a97a3f704c123d225da,0,94213468,524.725793002896,1741107740184618,Balanced Dollar,0.02068825,bnUSD,0,1,2025-03-04
cx7baf94bd53b505353285ee4c4c050f9703581703,hxd2ab70a9d09d60aabec1b6c3dadc35e4bf33b6f1,hxd2ab70a9d09d60aabec1b6c3dadc35e4bf33b6f1,0x0,0x7acd20a63b627eae51b239fa74e405f7d0dfa549325935ea34df0e5b6c927d8a,1,94213358,0.0,1741107520119239,unknown_token,0.062807725,$unknown,9,1,2025-03-04
cx7baf94bd53b505353285ee4c4c050f9703581703,hxd2ab70a9d09d60aabec1b6c3dadc35e4bf33b6f1,hxd2ab70a9d09d60aabec1b6c3dadc35e4bf33b6f1,0x0,0x7acd20a63b627eae51b239fa74e405f7d0dfa549325935ea34df0e5b6c927d8a,0,94213358,0.0,1741107520119239,unknown_token,0.062807725,$unknown,4,1,2025-03-04
cx2609b924e33ef00b648a409245c7ea394c467824,cxa0af3165c08318e988cb30993b3048335b94af6c,hx970eda4988e547df0de8324226fdf3e8ebc9734f,0x1,0xcba25732cbce738bc9d2b33929b3e11beae66765e752782707cbee6b558c69bf,4,94213357,1e-18,1741107518248391,Staked ICX,0.106102475,sICX,0,1,2025-03-04
cx2609b924e33ef00b648a409245c7ea394c467824,hx970eda4988e547df0de8324226fdf3e8ebc9734f,cxa0af3165c08318e988cb30993b3048335b94af6c,0x199494c4662b7380006,0xf1e254f94b9a61368b6b872e25a8d5ea4d8c4eba73ce739b03978879f8ad9626,1,94213351,7550.0,1741107506107612,Staked ICX,0.0935534625,sICX,0,1,2025-03-04
cx3975b43d260fb8ec802cef6e60c2f4d07486f11d,hx970eda4988e547df0de8324226fdf3e8ebc9734f,cxa0af3165c08318e988cb30993b3048335b94af6c,0x2194502f9c50674cb21,0xa0698c2c28a6bdc22ad7fcc778142996f774b9abd641fff2e086890d80011a5d,1,94213349,9910.874379145213,1741107502113801,Wrapped ICX,0.0165812125,wICX,0,1,2025-03-04
cx3975b43d260fb8ec802cef6e60c2f4d07486f11d,hx0000000000000000000000000000000000000000,hx970eda4988e547df0de8324226fdf3e8ebc9734f,0x2194502f9c50674cb21,0xa0698c2c28a6bdc22ad7fcc778142996f774b9abd641fff2e086890d80011a5d,0,94213349,9910.874379145213,1741107502113801,Wrapped ICX,0.0165812125,wICX,0,1,2025-03-04
cx88fd7df7ddff82f7cc735c871dc519838cb235bb,hx247e7c6b63c63d5b04c539373a0fbcffbdedd358,hx0000000000000000000000000000000000000000,0x18de4def7228baca,0x1aa63588f0e9f77cbe8b5c35fb4418ecc3dbf98686dc13a7d22ede12847d0514,0,94213315,1.7919553925478304,1741107434138361,Balanced Dollar,0.0606554375,bnUSD,0,1,2025-03-04
cx88fd7df7ddff82f7cc735c871dc519838cb235bb,cx21e94c08c03daee80c25d8ee3ea22a20786ec231,hx247e7c6b63c63d5b04c539373a0fbcffbdedd358,0x18f4401f4b661741,0x356f0cbf6e28a47d06e719b8f7d39d22591fc5cb687dcabba481215c7a5c7886,9,94213301,1.7981326543808163,1741107406073244,Balanced Dollar,0.1692516375,bnUSD,0,1,2025-03-04
cx88fd7df7ddff82f7cc735c871dc519838cb235bb,cxa0af3165c08318e988cb30993b3048335b94af6c,cx5faae53c4dbd1fbe4a2eb4aab6565030f10da5c6,0x99c76e139eb52,0x356f0cbf6e28a47d06e719b8f7d39d22591fc5cb687dcabba481215c7a5c7886,7,94213301,0.002705309189139282,1741107406073244,Balanced Dollar,0.1692516375,bnUSD,0,1,2025-03-04
cx88fd7df7ddff82f7cc735c871dc519838cb235bb,cxa0af3165c08318e988cb30993b3048335b94af6c,cx21e94c08c03daee80c25d8ee3ea22a20786ec231,0x18f4401f4b661741,0x356f0cbf6e28a47d06e719b8f7d39d22591fc5cb687dcabba481215c7a5c7886,6,94213301,1.7981326543808163,1741107406073244,Balanced Dollar,0.1692516375,bnUSD,0,1,2025-03-04
cx2609b924e33ef00b648a409245c7ea394c467824,cx21e94c08c03daee80c25d8ee3ea22a20786ec231,cxa0af3165c08318e988cb30993b3048335b94af6c,0xb4bdc76268a2a306,0x356f0cbf6e28a47d06e719b8f7d39d22591fc5cb687dcabba481215c7a5c7886,5,94213301,13.023784922901553,1741107406073244,Staked ICX,0.1692516375,sICX,0,1,2025-03-04
cx2609b924e33ef00b648a409245c7ea394c467824,cxa0af3165c08318e988cb30993b3048335b94af6c,cx5faae53c4dbd1fbe4a2eb4aab6565030f10da5c6,0x459cde7f2831d0,0x356f0cbf6e28a47d06e719b8f7d39d22591fc5cb687dcabba481215c7a5c7886,3,94213301,0.019594252823048657,1741107406073244,Staked ICX,0.1692516375,sICX,0,1,2025-03-04
cx2609b924e33ef00b648a409245c7ea394c467824,cxa0af3165c08318e988cb30993b3048335b94af6c,cx21e94c08c03daee80c25d8ee3ea22a20786ec231,0xb4bdc76268a2a306,0x356f0cbf6e28a47d06e719b8f7d39d22591fc5cb687dcabba481215c7a5c7886,2,94213301,13.023784922901553,1741107406073244,Staked ICX,0.1692516375,sICX,0,1,2025-03-04
cxf61cd5a45dc9f91c15aa65831a30a90d59a09619,cx21e94c08c03daee80c25d8ee3ea22a20786ec231,cxa0af3165c08318e988cb30993b3048335b94af6c,0xd991953dbc867168,0x356f0cbf6e28a47d06e719b8f7d39d22591fc5cb687dcabba481215c7a5c7886,1,94213301,15.677475870241878,1741107406073244,Balance Token,0.1692516375,BALN,0,1,2025-03-04
cxf61cd5a45dc9f91c15aa65831a30a90d59a09619,hx247e7c6b63c63d5b04c539373a0fbcffbdedd358,cx21e94c08c03daee80c25d8ee3ea22a20786ec231,0xd991953dbc867168,0x356f0cbf6e28a47d06e719b8f7d39d22591fc5cb687dcabba481215c7a5c7886,0,94213301,15.677475870241878,1741107406073244,Balance Token,0.1692516375,BALN,0,1,2025-03-04
cx07b184a37f03c6ab681fcbd0b45aec6dc3eafbeb,cx21e94c08c03daee80c25d8ee3ea22a20786ec231,hx970eda4988e547df0de8324226fdf3e8ebc9734f,0x2386f26fc10001,0x6172279610e14819845179745c5c4da9c1885f58d670aa95530b2fcfeb7a5212,5,94213296,0.01,1741107396083187,Bitcoin,0.0860017,BTC,0,1,2025-03-04
cx88fd7df7ddff82f7cc735c871dc519838cb235bb,cxa0af3165c08318e988cb30993b3048335b94af6c,cx5faae53c4dbd1fbe4a2eb4aab6565030f10da5c6,0x116129ac4ee161e5,0x6172279610e14819845179745c5c4da9c1885f58d670aa95530b2fcfeb7a5212,3,94213296,1.252327991420216,1741107396083187,Balanced Dollar,0.0860017,bnUSD,0,1,2025-03-04
cx07b184a37f03c6ab681fcbd0b45aec6dc3eafbeb,cxa0af3165c08318e988cb30993b3048335b94af6c,cx21e94c08c03daee80c25d8ee3ea22a20786ec231,0x2386f26fc10001,0x6172279610e14819845179745c5c4da9c1885f58d670aa95530b2fcfeb7a5212,2,94213296,0.01,1741107396083187,Bitcoin,0.0860017,BTC,0,1,2025-03-04
cx88fd7df7ddff82f7cc735c871dc519838cb235bb,cx21e94c08c03daee80c25d8ee3ea22a20786ec231,cxa0af3165c08318e988cb30993b3048335b94af6c,0x2d425c860d6aeef0b9,0x6172279610e14819845179745c5c4da9c1885f58d670aa95530b2fcfeb7a5212,1,94213296,834.8853276134772,1741107396083187,Balanced Dollar,0.0860017,bnUSD,0,1,2025-03-04
cx88fd7df7ddff82f7cc735c871dc519838cb235bb,hx970eda4988e547df0de8324226fdf3e8ebc9734f,cx21e94c08c03daee80c25d8ee3ea22a20786ec231,0x2d425c860d6aeef0b9,0x6172279610e14819845179745c5c4da9c1885f58d670aa95530b2fcfeb7a5212,0,94213296,834.8853276134772,1741107396083187,Balanced Dollar,0.0860017,bnUSD,0,1,2025-03-04
cx2d552c485ec8bcaa75aac02424e2aca6ffdb2f1b,cx21e94c08c03daee80c25d8ee3ea22a20786ec231,hx2debd9ec927cca1639da8d3518dd9dbf1cdfb357,0x9b6e09278543614,0xf79d5af4650c187a0bfdd99e63ea4a1c464ca1f9b82f12fa03c3f96154e8c399,5,94213293,0.6999937117913226,1741107390068671,Binance Coin,0.0882703375,BNB,0,1,2025-03-04
cx88fd7df7ddff82f7cc735c871dc519838cb235bb,cxa0af3165c08318e988cb30993b3048335b94af6c,cx5faae53c4dbd1fbe4a2eb4aab6565030f10da5c6,0x84b284945721ad2,0xf79d5af4650c187a0bfdd99e63ea4a1c464ca1f9b82f12fa03c3f96154e8c399,3,94213293,0.5976156707195522,1741107390068671,Balanced Dollar,0.0882703375,bnUSD,0,1,2025-03-04
cx2d552c485ec8bcaa75aac02424e2aca6ffdb2f1b,cxa0af3165c08318e988cb30993b3048335b94af6c,cx21e94c08c03daee80c25d8ee3ea22a20786ec231,0x9b6e09278543614,0xf79d5af4650c187a0bfdd99e63ea4a1c464ca1f9b82f12fa03c3f96154e8c399,2,94213293,0.6999937117913226,1741107390068671,Binance Coin,0.0882703375,BNB,0,1,2025-03-04
cx88fd7df7ddff82f7cc735c871dc519838cb235bb,cx21e94c08c03daee80c25d8ee3ea22a20786ec231,cxa0af3165c08318e988cb30993b3048335b94af6c,0x15990e3ecf83d082e0,0xf79d5af4650c187a0bfdd99e63ea4a1c464ca1f9b82f12fa03c3f96154e8c399,1,94213293,398.41044714636814,1741107390068671,Balanced Dollar,0.0882703375,bnUSD,0,1,2025-03-04
cx88fd7df7ddff82f7cc735c871dc519838cb235bb,hx2debd9ec927cca1639da8d3518dd9dbf1cdfb357,cx21e94c08c03daee80c25d8ee3ea22a20786ec231,0x15990e3ecf83d082e0,0xf79d5af4650c187a0bfdd99e63ea4a1c464ca1f9b82f12fa03c3f96154e8c399,0,94213293,398.41044714636814,1741107390068671,Balanced Dollar,0.0882703375,bnUSD,0,1,2025-03-04
cx88fd7df7ddff82f7cc735c871dc519838cb235bb,cx21e94c08c03daee80c25d8ee3ea22a20786ec231,hx7497c286aa521b09b2b54d78cde3fa4573c0e157,0x528c2ff5ae4f367eb,0x5ab71b7c484dcbe292e7eb5598851e7b34a2e88b53fb39311329ea66927d2d37,13,94213289,95.17091104140005,1741107382228503,Balanced Dollar,0.2235202,bnUSD,0,1,2025-03-04
cx88fd7df7ddff82f7cc735c871dc519838cb235bb,cxa0af3165c08318e988cb30993b3048335b94af6c,cx5faae53c4dbd1fbe4a2eb4aab6565030f10da5c6,0x1fca43953b3762b,0x5ab71b7c484dcbe292e7eb5598851e7b34a2e88b53fb39311329ea66927d2d37,11,94213289,0.1431698542933745,1741107382228503,Balanced Dollar,0.2235202,bnUSD,0,1,2025-03-04
cx88fd7df7ddff82f7cc735c871dc519838cb235bb,cxa0af3165c08318e988cb30993b3048335b94af6c,cx21e94c08c03daee80c25d8ee3ea22a20786ec231,0x528c2ff5ae4f367eb,0x5ab71b7c484dcbe292e7eb5598851e7b34a2e88b53fb39311329ea66927d2d37,10,94213289,95.17091104140005,1741107382228503,Balanced Dollar,0.2235202,bnUSD,0,1,2025-03-04
cx2609b924e33ef00b648a409245c7ea394c467824,cx21e94c08c03daee80c25d8ee3ea22a20786ec231,cxa0af3165c08318e988cb30993b3048335b94af6c,0x255d1d955dece4a635,0x5ab71b7c484dcbe292e7eb5598851e7b34a2e88b53fb39311329ea66927d2d37,9,94213289,689.2392139777443,1741107382228503,Staked ICX,0.2235202,sICX,0,1,2025-03-04
cx2609b924e33ef00b648a409245c7ea394c467824,cxa0af3165c08318e988cb30993b3048335b94af6c,cx5faae53c4dbd1fbe4a2eb4aab6565030f10da5c6,0xe61fd1895b52001,0x5ab71b7c484dcbe292e7eb5598851e7b34a2e88b53fb39311329ea66927d2d37,7,94213289,1.0363876713046425,1741107382228503,Staked ICX,0.2235202,sICX,0,1,2025-03-04
cx2609b924e33ef00b648a409245c7ea394c467824,cxa0af3165c08318e988cb30993b3048335b94af6c,cx21e94c08c03daee80c25d8ee3ea22a20786ec231,0x255d1d955dece4a635,0x5ab71b7c484dcbe292e7eb5598851e7b34a2e88b53fb39311329ea66927d2d37,6,94213289,689.2392139777443,1741107382228503,Staked ICX,0.2235202,sICX,0,1,2025-03-04
cxf61cd5a45dc9f91c15aa65831a30a90d59a09619,cx21e94c08c03daee80c25d8ee3ea22a20786ec231,cxa0af3165c08318e988cb30993b3048335b94af6c,0x2cf37baac53aa822d9,0x5ab71b7c484dcbe292e7eb5598851e7b34a2e88b53fb39311329ea66927d2d37,5,94213289,829.2015437806416,1741107382228503,Balance Token,0.2235202,BALN,0,1,2025-03-04
cx88fd7df7ddff82f7cc735c871dc519838cb235bb,cxa0af3165c08318e988cb30993b3048335b94af6c,cx5faae53c4dbd1fbe4a2eb4aab6565030f10da5c6,0x1fa6aa26fca1493,0x5ab71b7c484dcbe292e7eb5598851e7b34a2e88b53fb39311329ea66927d2d37,3,94213289,0.14254358410835266,1741107382228503,Balanced Dollar,0.2235202,bnUSD,0,1,2025-03-04
cxf61cd5a45dc9f91c15aa65831a30a90d59a09619,cxa0af3165c08318e988cb30993b3048335b94af6c,cx21e94c08c03daee80c25d8ee3ea22a20786ec231,0x2cf37baac53aa822d9,0x5ab71b7c484dcbe292e7eb5598851e7b34a2e88b53fb39311329ea66927d2d37,2,94213289,829.2015437806416,1741107382228503,Balance Token,0.2235202,BALN,0,1,2025-03-04
cx88fd7df7ddff82f7cc735c871dc519838cb235bb,cx21e94c08c03daee80c25d8ee3ea22a20786ec231,cxa0af3165c08318e988cb30993b3048335b94af6c,0x526cb07031e404000,0x5ab71b7c484dcbe292e7eb5598851e7b34a2e88b53fb39311329ea66927d2d37,1,94213289,95.02905607223511,1741107382228503,Balanced Dollar,0.2235202,bnUSD,0,1,2025-03-04
cx88fd7df7ddff82f7cc735c871dc519838cb235bb,hx7497c286aa521b09b2b54d78cde3fa4573c0e157,cx21e94c08c03daee80c25d8ee3ea22a20786ec231,0x526cb07031e404000,0x5ab71b7c484dcbe292e7eb5598851e7b34a2e88b53fb39311329ea66927d2d37,0,94213289,95.02905607223511,1741107382228503,Balanced Dollar,0.2235202,bnUSD,0,1,2025-03-04
cx2609b924e33ef00b648a409245c7ea394c467824,cx21e94c08c03daee80c25d8ee3ea22a20786ec231,hx970eda4988e547df0de8324226fdf3e8ebc9734f,0x199494c4662b7380005,0x8be38f0c8836d3b917c10b0ba431c0a0217019eff9299c2f3062b3884a417250,6,94213288,7550.0,1741107380064963,Staked ICX,0.17273895,sICX,0,1,2025-03-04
cx88fd7df7ddff82f7cc735c871dc519838cb235bb,cxa0af3165c08318e988cb30993b3048335b94af6c,cx5faae53c4dbd1fbe4a2eb4aab6565030f10da5c6,0x15cedb5a70657f51,0x8be38f0c8836d3b917c10b0ba431c0a0217019eff9299c2f3062b3884a417250,3,94213288,1.5714345014781212,1741107380064963,Balanced Dollar,0.17273895,bnUSD,0,1,2025-03-04
cx2609b924e33ef00b648a409245c7ea394c467824,cxa0af3165c08318e988cb30993b3048335b94af6c,cx21e94c08c03daee80c25d8ee3ea22a20786ec231,0x199494c4662b7380005,0x8be38f0c8836d3b917c10b0ba431c0a0217019eff9299c2f3062b3884a417250,2,94213288,7550.0,1741107380064963,Staked ICX,0.17273895,sICX,0,1,2025-03-04
cx88fd7df7ddff82f7cc735c871dc519838cb235bb,cx21e94c08c03daee80c25d8ee3ea22a20786ec231,cxa0af3165c08318e988cb30993b3048335b94af6c,0x38cab090da0850e353,0x8be38f0c8836d3b917c10b0ba431c0a0217019eff9299c2f3062b3884a417250,1,94213288,1047.6230009854141,1741107380064963,Balanced Dollar,0.17273895,bnUSD,0,1,2025-03-04
cx88fd7df7ddff82f7cc735c871dc519838cb235bb,hx970eda4988e547df0de8324226fdf3e8ebc9734f,cx21e94c08c03daee80c25d8ee3ea22a20786ec231,0x38cab090da0850e353,0x8be38f0c8836d3b917c10b0ba431c0a0217019eff9299c2f3062b3884a417250,0,94213288,1047.6230009854141,1741107380064963,Balanced Dollar,0.17273895,bnUSD,0,1,2025-03-04
cx66a031cc3bd305c76371fb586e93801b948254f0,cx21e94c08c03daee80c25d8ee3ea22a20786ec231,hx2debd9ec927cca1639da8d3518dd9dbf1cdfb357,0x1158da29795000a7f,0xd1e42c9983e34c006bc9884e220d1fdd71b2d7b047f5397e0ceacab3f38a360a,5,94213284,19.99982029214581,1741107372071127,Avalanche,0.0882975,AVAX,0,1,2025-03-04
cx88fd7df7ddff82f7cc735c871dc519838cb235bb,cxa0af3165c08318e988cb30993b3048335b94af6c,cx5faae53c4dbd1fbe4a2eb4aab6565030f10da5c6,0x82f50eb9509735c,0xd1e42c9983e34c006bc9884e220d1fdd71b2d7b047f5397e0ceacab3f38a360a,3,94213284,0.5897790489567855,1741107372071127,Balanced Dollar,0.0882975,bnUSD,0,1,2025-03-04
cx66a031cc3bd305c76371fb586e93801b948254f0,cxa0af3165c08318e988cb30993b3048335b94af6c,cx21e94c08c03daee80c25d8ee3ea22a20786ec231,0x1158da29795000a7f,0xd1e42c9983e34c006bc9884e220d1fdd71b2d7b047f5397e0ceacab3f38a360a,2,94213284,19.99982029214581,1741107372071127,Avalanche,0.0882975,AVAX,0,1,2025-03-04
cx88fd7df7ddff82f7cc735c871dc519838cb235bb,cx21e94c08c03daee80c25d8ee3ea22a20786ec231,cxa0af3165c08318e988cb30993b3048335b94af6c,0x15508d657ec89c6a40,0xd1e42c9983e34c006bc9884e220d1fdd71b2d7b047f5397e0ceacab3f38a360a,1,94213284,393.186032637857,1741107372071127,Balanced Dollar,0.0882975,bnUSD,0,1,2025-03-04
cx88fd7df7ddff82f7cc735c871dc519838cb235bb,hx2debd9ec927cca1639da8d3518dd9dbf1cdfb357,cx21e94c08c03daee80c25d8ee3ea22a20786ec231,0x15508d657ec89c6a40,0xd1e42c9983e34c006bc9884e220d1fdd71b2d7b047f5397e0ceacab3f38a360a,0,94213284,393.186032637857,1741107372071127,Balanced Dollar,0.0882975,bnUSD,0,1,2025-03-04
cx288d13e1b63563459a2ac6179f237711f6851cb5,cx21e94c08c03daee80c25d8ee3ea22a20786ec231,hx2debd9ec927cca1639da8d3518dd9dbf1cdfb357,0x30d970912cb6873,0x29003ccc1330c5d9c821def3e1a619fc4a9d69f1fd29f244a5cf08da422c762f,5,94213276,0.2199980220368426,1741107356057319,Ethereum,0.0884725,ETH,0,1,2025-03-04
cx88fd7df7ddff82f7cc735c871dc519838cb235bb,cxa0af3165c08318e988cb30993b3048335b94af6c,cx5faae53c4dbd1fbe4a2eb4aab6565030f10da5c6,0x9735975e4fede10,0x29003ccc1330c5d9c821def3e1a619fc4a9d69f1fd29f244a5cf08da422c762f,3,94213276,0.6809863315510308,1741107356057319,Balanced Dollar,0.0884725,bnUSD,0,1,2025-03-04
cx288d13e1b63563459a2ac6179f237711f6851cb5,cxa0af3165c08318e988cb30993b3048335b94af6c,cx21e94c08c03daee80c25d8ee3ea22a20786ec231,0x30d970912cb6873,0x29003ccc1330c5d9c821def3e1a619fc4a9d69f1fd29f244a5cf08da422c762f,2,94213276,0.2199980220368426,1741107356057319,Ethereum,0.0884725,ETH,0,1,2025-03-04
cx88fd7df7ddff82f7cc735c871dc519838cb235bb,cx21e94c08c03daee80c25d8ee3ea22a20786ec231,cxa0af3165c08318e988cb30993b3048335b94af6c,0x189c63a30457b79f00,0x29003ccc1330c5d9c821def3e1a619fc4a9d69f1fd29f244a5cf08da422c762f,1,94213276,453.9908877006872,1741107356057319,Balanced Dollar,0.0884725,bnUSD,0,1,2025-03-04
cx88fd7df7ddff82f7cc735c871dc519838cb235bb,hx2debd9ec927cca1639da8d3518dd9dbf1cdfb357,cx21e94c08c03daee80c25d8ee3ea22a20786ec231,0x189c63a30457b79f00,0x29003ccc1330c5d9c821def3e1a619fc4a9d69f1fd29f244a5cf08da422c762f,0,94213276,453.9908877006872,1741107356057319,Balanced Dollar,0.0884725,bnUSD,0,1,2025-03-04
cx518f64edcd35db9044a2de63fdc10abfd5f7d611,cx21e94c08c03daee80c25d8ee3ea22a20786ec231,hxd75467e3e4ce64e3424c747dfb71503017440433,0xefb65c8b,0x37a483d9e4129464f347b645c797bc7ed87063da5cf69df31577e7e91c17c254,9,94213272,402.1705867,1741107348245555,Stellar,0.1691909125,XLM,0,1,2025-03-04
cx2609b924e33ef00b648a409245c7ea394c467824,cxa0af3165c08318e988cb30993b3048335b94af6c,cx5faae53c4dbd1fbe4a2eb4aab6565030f10da5c6,0x1117339ec7056da2,0x37a483d9e4129464f347b645c797bc7ed87063da5cf69df31577e7e91c17c254,7,94213272,1.231509780145991,1741107348245555,Staked ICX,0.1691909125,sICX,0,1,2025-03-04
cx518f64edcd35db9044a2de63fdc10abfd5f7d611,cxa0af3165c08318e988cb30993b3048335b94af6c,cx21e94c08c03daee80c25d8ee3ea22a20786ec231,0xefb65c8b,0x37a483d9e4129464f347b645c797bc7ed87063da5cf69df31577e7e91c17c254,6,94213272,402.1705867,1741107348245555,Stellar,0.1691909125,XLM,0,1,2025-03-04
cx2609b924e33ef00b648a409245c7ea394c467824,cx21e94c08c03daee80c25d8ee3ea22a20786ec231,cxa0af3165c08318e988cb30993b3048335b94af6c,0x2c81c1182648cd824f,0x37a483d9e4129464f347b645c797bc7ed87063da5cf69df31577e7e91c17c254,5,94213272,821.0065200973274,1741107348245555,Staked ICX,0.1691909125,sICX,0,1,2025-03-04
cx88fd7df7ddff82f7cc735c871dc519838cb235bb,cxa0af3165c08318e988cb30993b3048335b94af6c,cx5faae53c4dbd1fbe4a2eb4aab6565030f10da5c6,0x25e44866b1c9818,0x37a483d9e4129464f347b645c797bc7ed87063da5cf69df31577e7e91c17c254,3,94213272,0.17064918,1741107348245555,Balanced Dollar,0.1691909125,bnUSD,0,1,2025-03-04
cx2609b924e33ef00b648a409245c7ea394c467824,cxa0af3165c08318e988cb30993b3048335b94af6c,cx21e94c08c03daee80c25d8ee3ea22a20786ec231,0x2c81c1182648cd824f,0x37a483d9e4129464f347b645c797bc7ed87063da5cf69df31577e7e91c17c254,2,94213272,821.0065200973274,1741107348245555,Staked ICX,0.1691909125,sICX,0,1,2025-03-04
cx88fd7df7ddff82f7cc735c871dc519838cb235bb,cx21e94c08c03daee80c25d8ee3ea22a20786ec231,cxa0af3165c08318e988cb30993b3048335b94af6c,0x62ad273619a76c000,0x37a483d9e4129464f347b645c797bc7ed87063da5cf69df31577e7e91c17c254,1,94213272,113.76612000000002,1741107348245555,Balanced Dollar,0.1691909125,bnUSD,0,1,2025-03-04
cx88fd7df7ddff82f7cc735c871dc519838cb235bb,hxd75467e3e4ce64e3424c747dfb71503017440433,cx21e94c08c03daee80c25d8ee3ea22a20786ec231,0x62ad273619a76c000,0x37a483d9e4129464f347b645c797bc7ed87063da5cf69df31577e7e91c17c254,0,94213272,113.76612000000002,1741107348245555,Balanced Dollar,0.1691909125,bnUSD,0,1,2025-03-04
cx65c9e3d4fea842e00add0d32a5b4c5e4e04c7a6b,cx21e94c08c03daee80c25d8ee3ea22a20786ec231,hx2debd9ec927cca1639da8d3518dd9dbf1cdfb357,0xb2cff4d0,0x6e52815550133c202c7c2742b22478f6a764a22dd8bed318f13091d3028db090,5,94213265,2.999973072,1741107334110836,Solana,0.07801055,SOL,0,1,2025-03-04
cx88fd7df7ddff82f7cc735c871dc519838cb235bb,cxa0af3165c08318e988cb30993b3048335b94af6c,cx5faae53c4dbd1fbe4a2eb4aab6565030f10da5c6,0x8897dbea1591ddd,0x6e52815550133c202c7c2742b22478f6a764a22dd8bed318f13091d3028db090,3,94213265,0.6151610818170137,1741107334110836,Balanced Dollar,0.07801055,bnUSD,0,1,2025-03-04
cx65c9e3d4fea842e00add0d32a5b4c5e4e04c7a6b,cxa0af3165c08318e988cb30993b3048335b94af6c,cx21e94c08c03daee80c25d8ee3ea22a20786ec231,0xb2cff4d0,0x6e52815550133c202c7c2742b22478f6a764a22dd8bed318f13091d3028db090,2,94213265,2.999973072,1741107334110836,Solana,0.07801055,SOL,0,1,2025-03-04
cx88fd7df7ddff82f7cc735c871dc519838cb235bb,cx21e94c08c03daee80c25d8ee3ea22a20786ec231,cxa0af3165c08318e988cb30993b3048335b94af6c,0x163b62206ed8131a30,0x6e52815550133c202c7c2742b22478f6a764a22dd8bed318f13091d3028db090,1,94213265,410.10738787800915,1741107334110836,Balanced Dollar,0.07801055,bnUSD,0,1,2025-03-04
cx88fd7df7ddff82f7cc735c871dc519838cb235bb,hx2debd9ec927cca1639da8d3518dd9dbf1cdfb357,cx21e94c08c03daee80c25d8ee3ea22a20786ec231,0x163b62206ed8131a30,0x6e52815550133c202c7c2742b22478f6a764a22dd8bed318f13091d3028db090,0,94213265,410.10738787800915,1741107334110836,Balanced Dollar,0.07801055,bnUSD,0,1,2025-03-04
cx4297f4b63262507623b6ad575d0d8dd2db980e4e,cx21e94c08c03daee80c25d8ee3ea22a20786ec231,hx2debd9ec927cca1639da8d3518dd9dbf1cdfb357,0x1a05473eb477acf3d,0x0a5870df85d41aca152fb436edafdfacf608efce5ae2c963778da885279de7d3,5,94213261,29.999730472175457,1741107326185314,Injective,0.088385925,INJ,0,1,2025-03-04
cx88fd7df7ddff82f7cc735c871dc519838cb235bb,cxa0af3165c08318e988cb30993b3048335b94af6c,cx5faae53c4dbd1fbe4a2eb4aab6565030f10da5c6,0x69f05813f27a1bc,0x0a5870df85d41aca152fb436edafdfacf608efce5ae2c963778da885279de7d3,3,94213261,0.4771061381930439,1741107326185314,Balanced Dollar,0.088385925,bnUSD,0,1,2025-03-04
cx4297f4b63262507623b6ad575d0d8dd2db980e4e,cxa0af3165c08318e988cb30993b3048335b94af6c,cx21e94c08c03daee80c25d8ee3ea22a20786ec231,0x1a05473eb477acf3d,0x0a5870df85d41aca152fb436edafdfacf608efce5ae2c963778da885279de7d3,2,94213261,29.999730472175457,1741107326185314,Injective,0.088385925,INJ,0,1,2025-03-04
cx88fd7df7ddff82f7cc735c871dc519838cb235bb,cx21e94c08c03daee80c25d8ee3ea22a20786ec231,cxa0af3165c08318e988cb30993b3048335b94af6c,0x113e1e55e9cc8a8440,0x0a5870df85d41aca152fb436edafdfacf608efce5ae2c963778da885279de7d3,1,94213261,318.0707587953626,1741107326185314,Balanced Dollar,0.088385925,bnUSD,0,1,2025-03-04
cx88fd7df7ddff82f7cc735c871dc519838cb235bb,hx2debd9ec927cca1639da8d3518dd9dbf1cdfb357,cx21e94c08c03daee80c25d8ee3ea22a20786ec231,0x113e1e55e9cc8a8440,0x0a5870df85d41aca152fb436edafdfacf608efce5ae2c963778da885279de7d3,0,94213261,318.0707587953626,1741107326185314,Balanced Dollar,0.088385925,bnUSD,0,1,2025-03-04
cx518f64edcd35db9044a2de63fdc10abfd5f7d611,cx21e94c08c03daee80c25d8ee3ea22a20786ec231,hxd75467e3e4ce64e3424c747dfb71503017440433,0xef7e4f24,0xa056a8144d37e98b9aba7c876ac1950e72a4b077b005eae48d059b22c08645e9,9,94213251,401.803242,1741107306042189,Stellar,0.1691909125,XLM,0,1,2025-03-04
cx2609b924e33ef00b648a409245c7ea394c467824,cxa0af3165c08318e988cb30993b3048335b94af6c,cx5faae53c4dbd1fbe4a2eb4aab6565030f10da5c6,0x110775bb41878795,0xa056a8144d37e98b9aba7c876ac1950e72a4b077b005eae48d059b22c08645e9,7,94213251,1.2270788706004847,1741107306042189,Staked ICX,0.1691909125,sICX,0,1,2025-03-04
cx518f64edcd35db9044a2de63fdc10abfd5f7d611,cxa0af3165c08318e988cb30993b3048335b94af6c,cx21e94c08c03daee80c25d8ee3ea22a20786ec231,0xef7e4f24,0xa056a8144d37e98b9aba7c876ac1950e72a4b077b005eae48d059b22c08645e9,6,94213251,401.803242,1741107306042189,Stellar,0.1691909125,XLM,0,1,2025-03-04
cx2609b924e33ef00b648a409245c7ea394c467824,cx21e94c08c03daee80c25d8ee3ea22a20786ec231,cxa0af3165c08318e988cb30993b3048335b94af6c,0x2c58c297a550f11596,0xa056a8144d37e98b9aba7c876ac1950e72a4b077b005eae48d059b22c08645e9,5,94213251,818.0525804003232,1741107306042189,Staked ICX,0.1691909125,sICX,0,1,2025-03-04
cx88fd7df7ddff82f7cc735c871dc519838cb235bb,cxa0af3165c08318e988cb30993b3048335b94af6c,cx5faae53c4dbd1fbe4a2eb4aab6565030f10da5c6,0x25becdbdca02018,0xa056a8144d37e98b9aba7c876ac1950e72a4b077b005eae48d059b22c08645e9,3,94213251,0.16998984000000003,1741107306042189,Balanced Dollar,0.1691909125,bnUSD,0,1,2025-03-04
cx2609b924e33ef00b648a409245c7ea394c467824,cxa0af3165c08318e988cb30993b3048335b94af6c,cx21e94c08c03daee80c25d8ee3ea22a20786ec231,0x2c58c297a550f11596,0xa056a8144d37e98b9aba7c876ac1950e72a4b077b005eae48d059b22c08645e9,2,94213251,818.0525804003232,1741107306042189,Staked ICX,0.1691909125,sICX,0,1,2025-03-04
cx88fd7df7ddff82f7cc735c871dc519838cb235bb,cx21e94c08c03daee80c25d8ee3ea22a20786ec231,cxa0af3165c08318e988cb30993b3048335b94af6c,0x624b8d1e3e0fe4000,0xa056a8144d37e98b9aba7c876ac1950e72a4b077b005eae48d059b22c08645e9,1,94213251,113.32656000000001,1741107306042189,Balanced Dollar,0.1691909125,bnUSD,0,1,2025-03-04
cx88fd7df7ddff82f7cc735c871dc519838cb235bb,hxd75467e3e4ce64e3424c747dfb71503017440433,cx21e94c08c03daee80c25d8ee3ea22a20786ec231,0x624b8d1e3e0fe4000,0xa056a8144d37e98b9aba7c876ac1950e72a4b077b005eae48d059b22c08645e9,0,94213251,113.32656000000001,1741107306042189,Balanced Dollar,0.1691909125,bnUSD,0,1,2025-03-04
cx07b184a37f03c6ab681fcbd0b45aec6dc3eafbeb,cx21e94c08c03daee80c25d8ee3ea22a20786ec231,hx2debd9ec927cca1639da8d3518dd9dbf1cdfb357,0x11c36ebfaecee1,0x5924d3d59237eabdf9452c1a969793ecf53cdf90472c6fd07e4a2503f001217c,5,94213248,0.004999955033804513,1741107300040424,Bitcoin,0.088287575,BTC,0,1,2025-03-04
cx88fd7df7ddff82f7cc735c871dc519838cb235bb,cxa0af3165c08318e988cb30993b3048335b94af6c,cx5faae53c4dbd1fbe4a2eb4aab6565030f10da5c6,0x8ab8ba085d56244,0x5924d3d59237eabdf9452c1a969793ecf53cdf90472c6fd07e4a2503f001217c,3,94213248,0.6247464948773279,1741107300040424,Balanced Dollar,0.088287575,bnUSD,0,1,2025-03-04
cx07b184a37f03c6ab681fcbd0b45aec6dc3eafbeb,cxa0af3165c08318e988cb30993b3048335b94af6c,cx21e94c08c03daee80c25d8ee3ea22a20786ec231,0x11c36ebfaecee1,0x5924d3d59237eabdf9452c1a969793ecf53cdf90472c6fd07e4a2503f001217c,2,94213248,0.004999955033804513,1741107300040424,Bitcoin,0.088287575,BTC,0,1,2025-03-04
cx88fd7df7ddff82f7cc735c871dc519838cb235bb,cx21e94c08c03daee80c25d8ee3ea22a20786ec231,cxa0af3165c08318e988cb30993b3048335b94af6c,0x169410f20731053bc0,0x5924d3d59237eabdf9452c1a969793ecf53cdf90472c6fd07e4a2503f001217c,1,94213248,416.49766325155196,1741107300040424,Balanced Dollar,0.088287575,bnUSD,0,1,2025-03-04
cx88fd7df7ddff82f7cc735c871dc519838cb235bb,hx2debd9ec927cca1639da8d3518dd9dbf1cdfb357,cx21e94c08c03daee80c25d8ee3ea22a20786ec231,0x169410f20731053bc0,0x5924d3d59237eabdf9452c1a969793ecf53cdf90472c6fd07e4a2503f001217c,0,94213248,416.49766325155196,1741107300040424,Balanced Dollar,0.088287575,bnUSD,0,1,2025-03-04
cx2d552c485ec8bcaa75aac02424e2aca6ffdb2f1b,cx21e94c08c03daee80c25d8ee3ea22a20786ec231,hx2debd9ec927cca1639da8d3518dd9dbf1cdfb357,0x9b6e09277047c95,0x3525f68ae22d1a519dcd5af56b365e22a1ab41b0d2f2fccee73f249d81c8561d,5,94213244,0.6999937117693206,1741107292210250,Binance Coin,0.088269025,BNB,0,1,2025-03-04
cx88fd7df7ddff82f7cc735c871dc519838cb235bb,cxa0af3165c08318e988cb30993b3048335b94af6c,cx5faae53c4dbd1fbe4a2eb4aab6565030f10da5c6,0x84337fdb8f0d06e,0x3525f68ae22d1a519dcd5af56b365e22a1ab41b0d2f2fccee73f249d81c8561d,3,94213244,0.5953811386120808,1741107292210250,Balanced Dollar,0.088269025,bnUSD,0,1,2025-03-04
cx2d552c485ec8bcaa75aac02424e2aca6ffdb2f1b,cxa0af3165c08318e988cb30993b3048335b94af6c,cx21e94c08c03daee80c25d8ee3ea22a20786ec231,0x9b6e09277047c95,0x3525f68ae22d1a519dcd5af56b365e22a1ab41b0d2f2fccee73f249d81c8561d,2,94213244,0.6999937117693206,1741107292210250,Binance Coin,0.088269025,BNB,0,1,2025-03-04
cx88fd7df7ddff82f7cc735c871dc519838cb235bb,cx21e94c08c03daee80c25d8ee3ea22a20786ec231,cxa0af3165c08318e988cb30993b3048335b94af6c,0x158461cf66f31ec920,0x3525f68ae22d1a519dcd5af56b365e22a1ab41b0d2f2fccee73f249d81c8561d,1,94213244,396.9207590747205,1741107292210250,Balanced Dollar,0.088269025,bnUSD,0,1,2025-03-04
cx88fd7df7ddff82f7cc735c871dc519838cb235bb,hx2debd9ec927cca1639da8d3518dd9dbf1cdfb357,cx21e94c08c03daee80c25d8ee3ea22a20786ec231,0x158461cf66f31ec920,0x3525f68ae22d1a519dcd5af56b365e22a1ab41b0d2f2fccee73f249d81c8561d,0,94213244,396.9207590747205,1741107292210250,Balanced Dollar,0.088269025,bnUSD,0,1,2025-03-04
cx4297f4b63262507623b6ad575d0d8dd2db980e4e,cx21e94c08c03daee80c25d8ee3ea22a20786ec231,hx2debd9ec927cca1639da8d3518dd9dbf1cdfb357,0x1a05473eb167d189b,0x06cc79de65f464f2897b9877da221c6272669cbb4c1921a5f59714a232803b57,5,94213240,29.999730471353523,1741107284090682,Injective,0.0883886125,INJ,0,1,2025-03-04
cx88fd7df7ddff82f7cc735c871dc519838cb235bb,cxa0af3165c08318e988cb30993b3048335b94af6c,cx5faae53c4dbd1fbe4a2eb4aab6565030f10da5c6,0x69919520426ade0,0x06cc79de65f464f2897b9877da221c6272669cbb4c1921a5f59714a232803b57,3,94213240,0.4754390757119544,1741107284090682,Balanced Dollar,0.0883886125,bnUSD,0,1,2025-03-04
cx4297f4b63262507623b6ad575d0d8dd2db980e4e,cxa0af3165c08318e988cb30993b3048335b94af6c,cx21e94c08c03daee80c25d8ee3ea22a20786ec231,0x1a05473eb167d189b,0x06cc79de65f464f2897b9877da221c6272669cbb4c1921a5f59714a232803b57,2,94213240,29.999730471353523,1741107284090682,Injective,0.0883886125,INJ,0,1,2025-03-04
cx88fd7df7ddff82f7cc735c871dc519838cb235bb,cx21e94c08c03daee80c25d8ee3ea22a20786ec231,cxa0af3165c08318e988cb30993b3048335b94af6c,0x112eb1f04024ba2200,0x06cc79de65f464f2897b9877da221c6272669cbb4c1921a5f59714a232803b57,1,94213240,316.9593838079696,1741107284090682,Balanced Dollar,0.0883886125,bnUSD,0,1,2025-03-04
cx88fd7df7ddff82f7cc735c871dc519838cb235bb,hx2debd9ec927cca1639da8d3518dd9dbf1cdfb357,cx21e94c08c03daee80c25d8ee3ea22a20786ec231,0x112eb1f04024ba2200,0x06cc79de65f464f2897b9877da221c6272669cbb4c1921a5f59714a232803b57,0,94213240,316.9593838079696,1741107284090682,Balanced Dollar,0.0883886125,bnUSD,0,1,2025-03-04
cx66a031cc3bd305c76371fb586e93801b948254f0,cx21e94c08c03daee80c25d8ee3ea22a20786ec231,hx2debd9ec927cca1639da8d3518dd9dbf1cdfb357,0x1158da29778d1ae35,0x12b8b9376929ebcddf9c604d388e3560e2093299e73255007c165341fccbf303,5,94213236,19.99982029167301,1741107276164010,Avalanche,0.0882961875,AVAX,0,1,2025-03-04
cx88fd7df7ddff82f7cc735c871dc519838cb235bb,cxa0af3165c08318e988cb30993b3048335b94af6c,cx5faae53c4dbd1fbe4a2eb4aab6565030f10da5c6,0x828853d9c9d872d,0x12b8b9376929ebcddf9c604d388e3560e2093299e73255007c165341fccbf303,3,94213236,0.5878662510389184,1741107276164010,Balanced Dollar,0.0882961875,bnUSD,0,1,2025-03-04
cx66a031cc3bd305c76371fb586e93801b948254f0,cxa0af3165c08318e988cb30993b3048335b94af6c,cx21e94c08c03daee80c25d8ee3ea22a20786ec231,0x1158da29778d1ae35,0x12b8b9376929ebcddf9c604d388e3560e2093299e73255007c165341fccbf303,2,94213236,19.99982029167301,1741107276164010,Avalanche,0.0882961875,AVAX,0,1,2025-03-04
cx88fd7df7ddff82f7cc735c871dc519838cb235bb,cx21e94c08c03daee80c25d8ee3ea22a20786ec231,cxa0af3165c08318e988cb30993b3048335b94af6c,0x153edafb1d2f900530,0x12b8b9376929ebcddf9c604d388e3560e2093299e73255007c165341fccbf303,1,94213236,391.91083402594563,1741107276164010,Balanced Dollar,0.0882961875,bnUSD,0,1,2025-03-04
cx88fd7df7ddff82f7cc735c871dc519838cb235bb,hx2debd9ec927cca1639da8d3518dd9dbf1cdfb357,cx21e94c08c03daee80c25d8ee3ea22a20786ec231,0x153edafb1d2f900530,0x12b8b9376929ebcddf9c604d388e3560e2093299e73255007c165341fccbf303,0,94213236,391.91083402594563,1741107276164010,Balanced Dollar,0.0882961875,bnUSD,0,1,2025-03-04
cx88fd7df7ddff82f7cc735c871dc519838cb235bb,cxa0af3165c08318e988cb30993b3048335b94af6c,cx5faae53c4dbd1fbe4a2eb4aab6565030f10da5c6,0xae1286f05d33db2,0xd0b41c8d9baabf056bc7ba71a0fb7e27f459d1840c9af2f6f9614701fc2baf70,2,94213201,0.7839522674433879,1741107206009850,Balanced Dollar,0.0705547125,bnUSD,0,2,2025-03-04
cx2609b924e33ef00b648a409245c7ea394c467824,cxa0af3165c08318e988cb30993b3048335b94af6c,hxc1718c79947e0f673296218b5b23adbd9a3b38a8,0xccab5c6f4a7b084a9b,0xd0b41c8d9baabf056bc7ba71a0fb7e27f459d1840c9af2f6f9614701fc2baf70,1,94213201,3775.483657680774,1741107206009850,Staked ICX,0.0705547125,sICX,0,2,2025-03-04
cx88fd7df7ddff82f7cc735c871dc519838cb235bb,hxc1718c79947e0f673296218b5b23adbd9a3b38a8,cxa0af3165c08318e988cb30993b3048335b94af6c,0x1c5503f67480c60000,0xd0b41c8d9baabf056bc7ba71a0fb7e27f459d1840c9af2f6f9614701fc2baf70,0,94213201,522.6348449622585,1741107206009850,Balanced Dollar,0.0705547125,bnUSD,0,2,2025-03-04
cx88fd7df7ddff82f7cc735c871dc519838cb235bb,cxd82fb5d3effecd8c9071a4bba3856ad7222c4b91,hxc1718c79947e0f673296218b5b23adbd9a3b38a8,0x1c5503f67480c60000,0x1365ae688ed4046ff7e70d4d4322cdb48b6ed1058fcb0fa648711a420adca121,0,94213201,522.6348449622585,1741107206009850,Balanced Dollar,0.02068825,bnUSD,0,1,2025-03-04
cx88fd7df7ddff82f7cc735c871dc519838cb235bb,cxa0af3165c08318e988cb30993b3048335b94af6c,cx5faae53c4dbd1fbe4a2eb4aab6565030f10da5c6,0xaddbda764039999,0xee188c295923c61b2ad9e4fea1b62971c62434b045e5a8f495db5088f071659a,2,94213198,0.7829904368674799,1741107200008873,Balanced Dollar,0.0705547125,bnUSD,0,2,2025-03-04
cx2609b924e33ef00b648a409245c7ea394c467824,cxa0af3165c08318e988cb30993b3048335b94af6c,hxc1718c79947e0f673296218b5b23adbd9a3b38a8,0xccab617b2324d5e714,0xee188c295923c61b2ad9e4fea1b62971c62434b045e5a8f495db5088f071659a,1,94213198,3775.4850780808474,1741107200008873,Staked ICX,0.0705547125,sICX,0,2,2025-03-04
cx88fd7df7ddff82f7cc735c871dc519838cb235bb,hxc1718c79947e0f673296218b5b23adbd9a3b38a8,cxa0af3165c08318e988cb30993b3048335b94af6c,0x1c4c1de3e9c9600000,0xee188c295923c61b2ad9e4fea1b62971c62434b045e5a8f495db5088f071659a,0,94213198,521.99362457832,1741107200008873,Balanced Dollar,0.0705547125,bnUSD,0,2,2025-03-04
cx88fd7df7ddff82f7cc735c871dc519838cb235bb,cxd82fb5d3effecd8c9071a4bba3856ad7222c4b91,hxc1718c79947e0f673296218b5b23adbd9a3b38a8,0x1c4c1de3e9c9600000,0x5792aac01bad0341e34e5c3b3c092be5d4cf519a9e5fc89262f6262d937eea1b,0,94213198,521.99362457832,1741107200008873,Balanced Dollar,0.02068825,bnUSD,0,1,2025-03-04
cx66a031cc3bd305c76371fb586e93801b948254f0,cx21e94c08c03daee80c25d8ee3ea22a20786ec231,hx2debd9ec927cca1639da8d3518dd9dbf1cdfb357,0x1158da2975cc7c2d3,0x1235ca12cc2d34cca42a9b2f2abb4cb349e8dc8bbd6718338a84a099f57189b1,5,94213194,19.999820291202596,1741107192197918,Avalanche,0.0882961875,AVAX,0,1,2025-03-04
cx88fd7df7ddff82f7cc735c871dc519838cb235bb,cxa0af3165c08318e988cb30993b3048335b94af6c,cx5faae53c4dbd1fbe4a2eb4aab6565030f10da5c6,0x821c20233a7ffdc,0x1235ca12cc2d34cca42a9b2f2abb4cb349e8dc8bbd6718338a84a099f57189b1,3,94213194,0.5859627412472463,1741107192197918,Balanced Dollar,0.0882961875,bnUSD,0,1,2025-03-04
cx66a031cc3bd305c76371fb586e93801b948254f0,cxa0af3165c08318e988cb30993b3048335b94af6c,cx21e94c08c03daee80c25d8ee3ea22a20786ec231,0x1158da2975cc7c2d3,0x1235ca12cc2d34cca42a9b2f2abb4cb349e8dc8bbd6718338a84a099f57189b1,2,94213194,19.999820291202596,1741107192197918,Avalanche,0.0882961875,AVAX,0,1,2025-03-04
cx88fd7df7ddff82f7cc735c871dc519838cb235bb,cx21e94c08c03daee80c25d8ee3ea22a20786ec231,cxa0af3165c08318e988cb30993b3048335b94af6c,0x152d3e9066857fa240,0x1235ca12cc2d34cca42a9b2f2abb4cb349e8dc8bbd6718338a84a099f57189b1,1,94213194,390.6418274981642,1741107192197918,Balanced Dollar,0.0882961875,bnUSD,0,1,2025-03-04
cx88fd7df7ddff82f7cc735c871dc519838cb235bb,hx2debd9ec927cca1639da8d3518dd9dbf1cdfb357,cx21e94c08c03daee80c25d8ee3ea22a20786ec231,0x152d3e9066857fa240,0x1235ca12cc2d34cca42a9b2f2abb4cb349e8dc8bbd6718338a84a099f57189b1,0,94213194,390.6418274981642,1741107192197918,Balanced Dollar,0.0882961875,bnUSD,0,1,2025-03-04
cxf61cd5a45dc9f91c15aa65831a30a90d59a09619,cx9345f80d6c98357ccbb70392b14162199c2c5f66,cxd82fb5d3effecd8c9071a4bba3856ad7222c4b91,0x37c82d5f47a7de0,0x5633a77ad1ff449c1174b67f4f62186f76020b1a2bb59426e0ffd803745d6ef1,4,94213129,0.2512195346672184,1741107061977295,Balance Token,0.1302303,BALN,0,1,2025-03-04
cx2609b924e33ef00b648a409245c7ea394c467824,cx9345f80d6c98357ccbb70392b14162199c2c5f66,cxd82fb5d3effecd8c9071a4bba3856ad7222c4b91,0x3d5c3570a23eea5e,0x5633a77ad1ff449c1174b67f4f62186f76020b1a2bb59426e0ffd803745d6ef1,3,94213129,4.421467692045626,1741107061977295,Staked ICX,0.1302303,sICX,0,1,2025-03-04
cx88fd7df7ddff82f7cc735c871dc519838cb235bb,hx0000000000000000000000000000000000000000,cx5faae53c4dbd1fbe4a2eb4aab6565030f10da5c6,0x0,0x5633a77ad1ff449c1174b67f4f62186f76020b1a2bb59426e0ffd803745d6ef1,2,94213129,0.0,1741107061977295,Balanced Dollar,0.1302303,bnUSD,0,1,2025-03-04
cx88fd7df7ddff82f7cc735c871dc519838cb235bb,hx0000000000000000000000000000000000000000,cxd82fb5d3effecd8c9071a4bba3856ad7222c4b91,0x9c41d519ef4e49e,0x5633a77ad1ff449c1174b67f4f62186f76020b1a2bb59426e0ffd803745d6ef1,1,94213129,0.7037196781730459,1741107061977295,Balanced Dollar,0.1302303,bnUSD,0,1,2025-03-04
cx88fd7df7ddff82f7cc735c871dc519838cb235bb,hxd75467e3e4ce64e3424c747dfb71503017440433,cxd82fb5d3effecd8c9071a4bba3856ad7222c4b91,0x60346e9c3d27ac0000,0x5633a77ad1ff449c1174b67f4f62186f76020b1a2bb59426e0ffd803745d6ef1,0,94213129,1774.66556,1741107061977295,Balanced Dollar,0.1302303,bnUSD,0,1,2025-03-04
cx518f64edcd35db9044a2de63fdc10abfd5f7d611,cx21e94c08c03daee80c25d8ee3ea22a20786ec231,hxd75467e3e4ce64e3424c747dfb71503017440433,0xefc605c8,0xd0bc00ce9ab0a64b45b02df76bcc4c6295c9a34b08ca47ffcfe3c77407e379f2,9,94213124,402.2732232,1741107051961746,Stellar,0.169192225,XLM,0,2,2025-03-04
cx2609b924e33ef00b648a409245c7ea394c467824,cxa0af3165c08318e988cb30993b3048335b94af6c,cx5faae53c4dbd1fbe4a2eb4aab6565030f10da5c6,0x1100d8819795d4e2,0xd0bc00ce9ab0a64b45b02df76bcc4c6295c9a34b08ca47ffcfe3c77407e379f2,7,94213124,1.2252171497503348,1741107051961746,Staked ICX,0.169192225,sICX,0,2,2025-03-04
cx518f64edcd35db9044a2de63fdc10abfd5f7d611,cxa0af3165c08318e988cb30993b3048335b94af6c,cx21e94c08c03daee80c25d8ee3ea22a20786ec231,0xefc605c8,0xd0bc00ce9ab0a64b45b02df76bcc4c6295c9a34b08ca47ffcfe3c77407e379f2,6,94213124,402.2732232,1741107051961746,Stellar,0.169192225,XLM,0,2,2025-03-04
cx2609b924e33ef00b648a409245c7ea394c467824,cx21e94c08c03daee80c25d8ee3ea22a20786ec231,cxa0af3165c08318e988cb30993b3048335b94af6c,0x2c478926d0162fb994,0xd0bc00ce9ab0a64b45b02df76bcc4c6295c9a34b08ca47ffcfe3c77407e379f2,5,94213124,816.8114331668897,1741107051961746,Staked ICX,0.169192225,sICX,0,2,2025-03-04
cx88fd7df7ddff82f7cc735c871dc519838cb235bb,cxa0af3165c08318e988cb30993b3048335b94af6c,cx5faae53c4dbd1fbe4a2eb4aab6565030f10da5c6,0x2595ead6fbb4000,0xd0bc00ce9ab0a64b45b02df76bcc4c6295c9a34b08ca47ffcfe3c77407e379f2,3,94213124,0.16927056,1741107051961746,Balanced Dollar,0.169192225,bnUSD,0,2,2025-03-04
cx2609b924e33ef00b648a409245c7ea394c467824,cxa0af3165c08318e988cb30993b3048335b94af6c,cx21e94c08c03daee80c25d8ee3ea22a20786ec231,0x2c478926d0162fb994,0xd0bc00ce9ab0a64b45b02df76bcc4c6295c9a34b08ca47ffcfe3c77407e379f2,2,94213124,816.8114331668897,1741107051961746,Staked ICX,0.169192225,sICX,0,2,2025-03-04
cx88fd7df7ddff82f7cc735c871dc519838cb235bb,cx21e94c08c03daee80c25d8ee3ea22a20786ec231,cxa0af3165c08318e988cb30993b3048335b94af6c,0x61e1138fda24c0000,0xd0bc00ce9ab0a64b45b02df76bcc4c6295c9a34b08ca47ffcfe3c77407e379f2,1,94213124,112.84704,1741107051961746,Balanced Dollar,0.169192225,bnUSD,0,2,2025-03-04
cx88fd7df7ddff82f7cc735c871dc519838cb235bb,hxd75467e3e4ce64e3424c747dfb71503017440433,cx21e94c08c03daee80c25d8ee3ea22a20786ec231,0x61e1138fda24c0000,0xd0bc00ce9ab0a64b45b02df76bcc4c6295c9a34b08ca47ffcfe3c77407e379f2,0,94213124,112.84704,1741107051961746,Balanced Dollar,0.169192225,bnUSD,0,2,2025-03-04
cx66a031cc3bd305c76371fb586e93801b948254f0,cx21e94c08c03daee80c25d8ee3ea22a20786ec231,hx2debd9ec927cca1639da8d3518dd9dbf1cdfb357,0x1158da29740ac2117,0x3e28cf0f7c2197812d8c71091cddd04cd6776c06c35884540f6c9ff4d4c0e3ca,5,94213124,19.999820290731023,1741107051961746,Avalanche,0.088298875,AVAX,0,1,2025-03-04
cx88fd7df7ddff82f7cc735c871dc519838cb235bb,cxa0af3165c08318e988cb30993b3048335b94af6c,cx5faae53c4dbd1fbe4a2eb4aab6565030f10da5c6,0x81b072b6013ee84,0x3e28cf0f7c2197812d8c71091cddd04cd6776c06c35884540f6c9ff4d4c0e3ca,3,94213124,0.5840684595515183,1741107051961746,Balanced Dollar,0.088298875,bnUSD,0,1,2025-03-04
cx66a031cc3bd305c76371fb586e93801b948254f0,cxa0af3165c08318e988cb30993b3048335b94af6c,cx21e94c08c03daee80c25d8ee3ea22a20786ec231,0x1158da29740ac2117,0x3e28cf0f7c2197812d8c71091cddd04cd6776c06c35884540f6c9ff4d4c0e3ca,2,94213124,19.999820290731023,1741107051961746,Avalanche,0.088298875,AVAX,0,1,2025-03-04
cx88fd7df7ddff82f7cc735c871dc519838cb235bb,cx21e94c08c03daee80c25d8ee3ea22a20786ec231,cxa0af3165c08318e988cb30993b3048335b94af6c,0x151bb800f4de9277c0,0x3e28cf0f7c2197812d8c71091cddd04cd6776c06c35884540f6c9ff4d4c0e3ca,1,94213124,389.37897303434556,1741107051961746,Balanced Dollar,0.088298875,bnUSD,0,1,2025-03-04
cx88fd7df7ddff82f7cc735c871dc519838cb235bb,hx2debd9ec927cca1639da8d3518dd9dbf1cdfb357,cx21e94c08c03daee80c25d8ee3ea22a20786ec231,0x151bb800f4de9277c0,0x3e28cf0f7c2197812d8c71091cddd04cd6776c06c35884540f6c9ff4d4c0e3ca,0,94213124,389.37897303434556,1741107051961746,Balanced Dollar,0.088298875,bnUSD,0,1,2025-03-04
cx2609b924e33ef00b648a409245c7ea394c467824,hx247e7c6b63c63d5b04c539373a0fbcffbdedd358,cx66d4d90f5f113eba575bf793570135f9b10cece1,0x2d093a6141128f895,0x6c491efd74625aac0015e1bbd2c4ee0dd5b3f80318f8829eca6eb16ebb0e20a1,1,94213123,51.923027134002034,1741107049962958,Staked ICX,0.0952468125,sICX,0,1,2025-03-04
cx65c9e3d4fea842e00add0d32a5b4c5e4e04c7a6b,cx21e94c08c03daee80c25d8ee3ea22a20786ec231,hx2debd9ec927cca1639da8d3518dd9dbf1cdfb357,0xb2cff4d0,0xdd070fe4440e2301fd0548f5e0e35626b161d05100b9c13c96eea573dc87f96a,5,94213120,2.999973072,1741107044088024,Solana,0.0780132375,SOL,0,1,2025-03-04
cx88fd7df7ddff82f7cc735c871dc519838cb235bb,cxa0af3165c08318e988cb30993b3048335b94af6c,cx5faae53c4dbd1fbe4a2eb4aab6565030f10da5c6,0x87de7a1b679fffc,0xdd070fe4440e2301fd0548f5e0e35626b161d05100b9c13c96eea573dc87f96a,3,94213120,0.611899806129455,1741107044088024,Balanced Dollar,0.0780132375,bnUSD,0,1,2025-03-04
cx65c9e3d4fea842e00add0d32a5b4c5e4e04c7a6b,cxa0af3165c08318e988cb30993b3048335b94af6c,cx21e94c08c03daee80c25d8ee3ea22a20786ec231,0xb2cff4d0,0xdd070fe4440e2301fd0548f5e0e35626b161d05100b9c13c96eea573dc87f96a,2,94213120,2.999973072,1741107044088024,Solana,0.0780132375,SOL,0,1,2025-03-04
cx88fd7df7ddff82f7cc735c871dc519838cb235bb,cx21e94c08c03daee80c25d8ee3ea22a20786ec231,cxa0af3165c08318e988cb30993b3048335b94af6c,0x161d35dfcb330aa040,0xdd070fe4440e2301fd0548f5e0e35626b161d05100b9c13c96eea573dc87f96a,1,94213120,407.9332040863034,1741107044088024,Balanced Dollar,0.0780132375,bnUSD,0,1,2025-03-04
cx88fd7df7ddff82f7cc735c871dc519838cb235bb,hx2debd9ec927cca1639da8d3518dd9dbf1cdfb357,cx21e94c08c03daee80c25d8ee3ea22a20786ec231,0x161d35dfcb330aa040,0xdd070fe4440e2301fd0548f5e0e35626b161d05100b9c13c96eea573dc87f96a,0,94213120,407.9332040863034,1741107044088024,Balanced Dollar,0.0780132375,bnUSD,0,1,2025-03-04
cxf61cd5a45dc9f91c15aa65831a30a90d59a09619,cx10d59e8103ab44635190bd4139dbfd682fa2d07e,hx247e7c6b63c63d5b04c539373a0fbcffbdedd358,0x38b71a1e01bfaea,0x7d3e43acb5c8e9f4bdf18b5a86e22be565bf82149b3bf1423f2324636b09fda3,3,94213113,0.25542274394016845,1741107029952089,Balance Token,0.09086185,BALN,0,1,2025-03-04
cx2609b924e33ef00b648a409245c7ea394c467824,cx10d59e8103ab44635190bd4139dbfd682fa2d07e,hx247e7c6b63c63d5b04c539373a0fbcffbdedd358,0x932d73c605875c8d,0x7d3e43acb5c8e9f4bdf18b5a86e22be565bf82149b3bf1423f2324636b09fda3,1,94213113,10.605259991860862,1741107029952089,Staked ICX,0.09086185,sICX,0,1,2025-03-04
cx518f64edcd35db9044a2de63fdc10abfd5f7d611,cx21e94c08c03daee80c25d8ee3ea22a20786ec231,hxd75467e3e4ce64e3424c747dfb71503017440433,0xefb72bd2,0x8292e890b34ae0aaf13cc091cbfc9b3db05b2d668a49cfb59e5084ba9e40c783,9,94213111,402.175893,1741107026090845,Stellar,0.169192225,XLM,0,1,2025-03-04
cx2609b924e33ef00b648a409245c7ea394c467824,cxa0af3165c08318e988cb30993b3048335b94af6c,cx5faae53c4dbd1fbe4a2eb4aab6565030f10da5c6,0x10f41faca0455162,0x8292e890b34ae0aaf13cc091cbfc9b3db05b2d668a49cfb59e5084ba9e40c783,7,94213111,1.2216362252079804,1741107026090845,Staked ICX,0.169192225,sICX,0,1,2025-03-04
cx518f64edcd35db9044a2de63fdc10abfd5f7d611,cxa0af3165c08318e988cb30993b3048335b94af6c,cx21e94c08c03daee80c25d8ee3ea22a20786ec231,0xefb72bd2,0x8292e890b34ae0aaf13cc091cbfc9b3db05b2d668a49cfb59e5084ba9e40c783,6,94213111,402.175893,1741107026090845,Stellar,0.169192225,XLM,0,1,2025-03-04
cx2609b924e33ef00b648a409245c7ea394c467824,cx21e94c08c03daee80c25d8ee3ea22a20786ec231,cxa0af3165c08318e988cb30993b3048335b94af6c,0x2c2667d18c09d946c7,0x8292e890b34ae0aaf13cc091cbfc9b3db05b2d668a49cfb59e5084ba9e40c783,5,94213111,814.4241501386535,1741107026090845,Staked ICX,0.169192225,sICX,0,1,2025-03-04
cx88fd7df7ddff82f7cc735c871dc519838cb235bb,cxa0af3165c08318e988cb30993b3048335b94af6c,cx5faae53c4dbd1fbe4a2eb4aab6565030f10da5c6,0x257740a9e0f9800,0x8292e890b34ae0aaf13cc091cbfc9b3db05b2d668a49cfb59e5084ba9e40c783,3,94213111,0.1687311,1741107026090845,Balanced Dollar,0.169192225,bnUSD,0,1,2025-03-04
cx2609b924e33ef00b648a409245c7ea394c467824,cxa0af3165c08318e988cb30993b3048335b94af6c,cx21e94c08c03daee80c25d8ee3ea22a20786ec231,0x2c2667d18c09d946c7,0x8292e890b34ae0aaf13cc091cbfc9b3db05b2d668a49cfb59e5084ba9e40c783,2,94213111,814.4241501386535,1741107026090845,Staked ICX,0.169192225,sICX,0,1,2025-03-04
cx88fd7df7ddff82f7cc735c871dc519838cb235bb,cx21e94c08c03daee80c25d8ee3ea22a20786ec231,cxa0af3165c08318e988cb30993b3048335b94af6c,0x619138650f3468000,0x8292e890b34ae0aaf13cc091cbfc9b3db05b2d668a49cfb59e5084ba9e40c783,1,94213111,112.4874,1741107026090845,Balanced Dollar,0.169192225,bnUSD,0,1,2025-03-04
cx88fd7df7ddff82f7cc735c871dc519838cb235bb,hxd75467e3e4ce64e3424c747dfb71503017440433,cx21e94c08c03daee80c25d8ee3ea22a20786ec231,0x619138650f3468000,0x8292e890b34ae0aaf13cc091cbfc9b3db05b2d668a49cfb59e5084ba9e40c783,0,94213111,112.4874,1741107026090845,Balanced Dollar,0.169192225,bnUSD,0,1,2025-03-04
cx2d552c485ec8bcaa75aac02424e2aca6ffdb2f1b,cx21e94c08c03daee80c25d8ee3ea22a20786ec231,hx2debd9ec927cca1639da8d3518dd9dbf1cdfb357,0x9b6e09275b4d10b,0x80733b4f3cfda3552cdb4bf6e11fe5bc462ca6da7ad2745b8c6575eecd449159,5,94213093,0.6999937117473222,1741106989938841,Binance Coin,0.0882717125,BNB,0,1,2025-03-04
cx88fd7df7ddff82f7cc735c871dc519838cb235bb,cxa0af3165c08318e988cb30993b3048335b94af6c,cx5faae53c4dbd1fbe4a2eb4aab6565030f10da5c6,0x83b5311fc1f8034,0x80733b4f3cfda3552cdb4bf6e11fe5bc462ca6da7ad2745b8c6575eecd449159,3,94213093,0.5931591126388245,1741106989938841,Balanced Dollar,0.0882717125,bnUSD,0,1,2025-03-04
cx2d552c485ec8bcaa75aac02424e2aca6ffdb2f1b,cxa0af3165c08318e988cb30993b3048335b94af6c,cx21e94c08c03daee80c25d8ee3ea22a20786ec231,0x9b6e09275b4d10b,0x80733b4f3cfda3552cdb4bf6e11fe5bc462ca6da7ad2745b8c6575eecd449159,2,94213093,0.6999937117473222,1741106989938841,Binance Coin,0.0882717125,BNB,0,1,2025-03-04
cx88fd7df7ddff82f7cc735c871dc519838cb235bb,cx21e94c08c03daee80c25d8ee3ea22a20786ec231,cxa0af3165c08318e988cb30993b3048335b94af6c,0x156fd2fed5e75ddcc0,0x80733b4f3cfda3552cdb4bf6e11fe5bc462ca6da7ad2745b8c6575eecd449159,1,94213093,395.439408425883,1741106989938841,Balanced Dollar,0.0882717125,bnUSD,0,1,2025-03-04
cx88fd7df7ddff82f7cc735c871dc519838cb235bb,hx2debd9ec927cca1639da8d3518dd9dbf1cdfb357,cx21e94c08c03daee80c25d8ee3ea22a20786ec231,0x156fd2fed5e75ddcc0,0x80733b4f3cfda3552cdb4bf6e11fe5bc462ca6da7ad2745b8c6575eecd449159,0,94213093,395.439408425883,1741106989938841,Balanced Dollar,0.0882717125,bnUSD,0,1,2025-03-04
cx2609b924e33ef00b648a409245c7ea394c467824,hx247e7c6b63c63d5b04c539373a0fbcffbdedd358,cxa0af3165c08318e988cb30993b3048335b94af6c,0x33957139053d9f2a3e5,0x514b5c411c4f9f23c06b57b06e80fdd0d596bfbe22a658b58e2adcca81dc0878,0,94213087,15224.83837820605,1741106978071527,Staked ICX,0.0312428625,sICX,0,1,2025-03-04
cx3975b43d260fb8ec802cef6e60c2f4d07486f11d,hx247e7c6b63c63d5b04c539373a0fbcffbdedd358,cxa0af3165c08318e988cb30993b3048335b94af6c,0x43b6c3f7c74812e7a18,0x978fb5cbd68008365618b572625ff8946f57ad2778d85c9bdeb906a16d2ce522,1,94213085,19985.623921746897,1741106973933960,Wrapped ICX,0.0165812125,wICX,0,1,2025-03-04
cx3975b43d260fb8ec802cef6e60c2f4d07486f11d,hx0000000000000000000000000000000000000000,hx247e7c6b63c63d5b04c539373a0fbcffbdedd358,0x43b6c3f7c74812e7a18,0x978fb5cbd68008365618b572625ff8946f57ad2778d85c9bdeb906a16d2ce522,0,94213085,19985.623921746897,1741106973933960,Wrapped ICX,0.0165812125,wICX,0,1,2025-03-04
cx2609b924e33ef00b648a409245c7ea394c467824,cx21e94c08c03daee80c25d8ee3ea22a20786ec231,hx2debd9ec927cca1639da8d3518dd9dbf1cdfb357,0x6c6b536df49acb498d,0x408dc9586e2a87df9ea1b7141d61687c388bbf8d0cbd75b59db2641a36bf2454,5,94213084,1999.9820058430932,1741106971929427,Staked ICX,0.1127006875,sICX,0,1,2025-03-04
cx88fd7df7ddff82f7cc735c871dc519838cb235bb,cxa0af3165c08318e988cb30993b3048335b94af6c,cx5faae53c4dbd1fbe4a2eb4aab6565030f10da5c6,0x5bf679a90f77e32,0x408dc9586e2a87df9ea1b7141d61687c388bbf8d0cbd75b59db2641a36bf2454,3,94213084,0.4141636042961383,1741106971929427,Balanced Dollar,0.1127006875,bnUSD,0,1,2025-03-04
cx2609b924e33ef00b648a409245c7ea394c467824,cxa0af3165c08318e988cb30993b3048335b94af6c,cx21e94c08c03daee80c25d8ee3ea22a20786ec231,0x6c6b536df49acb498d,0x408dc9586e2a87df9ea1b7141d61687c388bbf8d0cbd75b59db2641a36bf2454,2,94213084,1999.9820058430932,1741106971929427,Staked ICX,0.1127006875,sICX,0,1,2025-03-04
cx88fd7df7ddff82f7cc735c871dc519838cb235bb,cx21e94c08c03daee80c25d8ee3ea22a20786ec231,cxa0af3165c08318e988cb30993b3048335b94af6c,0xef7c877d984834ce0,0x408dc9586e2a87df9ea1b7141d61687c388bbf8d0cbd75b59db2641a36bf2454,1,94213084,276.10906953075886,1741106971929427,Balanced Dollar,0.1127006875,bnUSD,0,1,2025-03-04
cx88fd7df7ddff82f7cc735c871dc519838cb235bb,hx2debd9ec927cca1639da8d3518dd9dbf1cdfb357,cx21e94c08c03daee80c25d8ee3ea22a20786ec231,0xef7c877d984834ce0,0x408dc9586e2a87df9ea1b7141d61687c388bbf8d0cbd75b59db2641a36bf2454,0,94213084,276.10906953075886,1741106971929427,Balanced Dollar,0.1127006875,bnUSD,0,1,2025-03-04
cx2609b924e33ef00b648a409245c7ea394c467824,cx21e94c08c03daee80c25d8ee3ea22a20786ec231,hx2debd9ec927cca1639da8d3518dd9dbf1cdfb357,0x6c6b536df43908dfb2,0x9ebfad3ac67e483d5980d6a7114b68bf567bd7f0fbb4ecc2f29f3d4f422e6a57,5,94213045,1999.9820058414532,1741106894039168,Staked ICX,0.1127195,sICX,0,1,2025-03-04
cx88fd7df7ddff82f7cc735c871dc519838cb235bb,cxa0af3165c08318e988cb30993b3048335b94af6c,cx5faae53c4dbd1fbe4a2eb4aab6565030f10da5c6,0x5be72f07fef30fc,0x9ebfad3ac67e483d5980d6a7114b68bf567bd7f0fbb4ecc2f29f3d4f422e6a57,3,94213045,0.4138945930287639,1741106894039168,Balanced Dollar,0.1127195,bnUSD,0,1,2025-03-04
cx2609b924e33ef00b648a409245c7ea394c467824,cxa0af3165c08318e988cb30993b3048335b94af6c,cx21e94c08c03daee80c25d8ee3ea22a20786ec231,0x6c6b536df43908dfb2,0x9ebfad3ac67e483d5980d6a7114b68bf567bd7f0fbb4ecc2f29f3d4f422e6a57,2,94213045,1999.9820058414532,1741106894039168,Staked ICX,0.1127195,sICX,0,1,2025-03-04
cx88fd7df7ddff82f7cc735c871dc519838cb235bb,cx21e94c08c03daee80c25d8ee3ea22a20786ec231,cxa0af3165c08318e988cb30993b3048335b94af6c,0xef54b524d298f9040,0x9ebfad3ac67e483d5980d6a7114b68bf567bd7f0fbb4ecc2f29f3d4f422e6a57,1,94213045,275.9297286858426,1741106894039168,Balanced Dollar,0.1127195,bnUSD,0,1,2025-03-04
cx88fd7df7ddff82f7cc735c871dc519838cb235bb,hx2debd9ec927cca1639da8d3518dd9dbf1cdfb357,cx21e94c08c03daee80c25d8ee3ea22a20786ec231,0xef54b524d298f9040,0x9ebfad3ac67e483d5980d6a7114b68bf567bd7f0fbb4ecc2f29f3d4f422e6a57,0,94213045,275.9297286858426,1741106894039168,Balanced Dollar,0.1127195,bnUSD,0,1,2025-03-04
cx2609b924e33ef00b648a409245c7ea394c467824,cx21e94c08c03daee80c25d8ee3ea22a20786ec231,hx247e7c6b63c63d5b04c539373a0fbcffbdedd358,0x52630168173d0c29fe,0xa58b2c9156f62587291a7e7401a415831033807a67eb59cdbf9608a941930846,6,94213043,1519.7671117779325,1741106889898884,Staked ICX,0.091660075,sICX,0,1,2025-03-04
cx2609b924e33ef00b648a409245c7ea394c467824,cxa0af3165c08318e988cb30993b3048335b94af6c,cx5faae53c4dbd1fbe4a2eb4aab6565030f10da5c6,0x1fb744161d9d1a61,0xa58b2c9156f62587291a7e7401a415831033807a67eb59cdbf9608a941930846,4,94213043,2.2853701976906207,1741106889898884,Staked ICX,0.091660075,sICX,0,1,2025-03-04
cx2609b924e33ef00b648a409245c7ea394c467824,cxa0af3165c08318e988cb30993b3048335b94af6c,cx21e94c08c03daee80c25d8ee3ea22a20786ec231,0x52630168173d0c29fe,0xa58b2c9156f62587291a7e7401a415831033807a67eb59cdbf9608a941930846,3,94213043,1519.7671117779325,1741106889898884,Staked ICX,0.091660075,sICX,0,1,2025-03-04
cx3975b43d260fb8ec802cef6e60c2f4d07486f11d,cx21e94c08c03daee80c25d8ee3ea22a20786ec231,cxa0af3165c08318e988cb30993b3048335b94af6c,0x6c6b935b8bbd400000,0xa58b2c9156f62587291a7e7401a415831033807a67eb59cdbf9608a941930846,2,94213043,2000.0,1741106889898884,Wrapped ICX,0.091660075,wICX,0,1,2025-03-04
cx3975b43d260fb8ec802cef6e60c2f4d07486f11d,hx247e7c6b63c63d5b04c539373a0fbcffbdedd358,cx21e94c08c03daee80c25d8ee3ea22a20786ec231,0x6c6b935b8bbd400000,0xa58b2c9156f62587291a7e7401a415831033807a67eb59cdbf9608a941930846,1,94213043,2000.0,1741106889898884,Wrapped ICX,0.091660075,wICX,0,1,2025-03-04
cx3975b43d260fb8ec802cef6e60c2f4d07486f11d,hx0000000000000000000000000000000000000000,hx247e7c6b63c63d5b04c539373a0fbcffbdedd358,0x6c6b935b8bbd400000,0xa58b2c9156f62587291a7e7401a415831033807a67eb59cdbf9608a941930846,0,94213043,2000.0,1741106889898884,Wrapped ICX,0.091660075,wICX,0,1,2025-03-04
cx2609b924e33ef00b648a409245c7ea394c467824,cx21e94c08c03daee80c25d8ee3ea22a20786ec231,hx2debd9ec927cca1639da8d3518dd9dbf1cdfb357,0x6c6b536df391fc6e59,0x19f7833db5d3ca88542cf2782ce3df82186a814e38784c68518113e03d5f3826,10,94213041,1999.9820058386506,1741106885895687,Staked ICX,0.154835025,sICX,0,1,2025-03-04
cx88fd7df7ddff82f7cc735c871dc519838cb235bb,cx203d9cd2a669be67177e997b8948ce2c35caffae,cx835b300dcfe01f0bdb794e134a0c5628384f4367,0x981250053014dd23,0x19f7833db5d3ca88542cf2782ce3df82186a814e38784c68518113e03d5f3826,7,94213041,10.95790882655757,1741106885895687,Balanced Dollar,0.154835025,bnUSD,0,1,2025-03-04
cx88fd7df7ddff82f7cc735c871dc519838cb235bb,cx5faae53c4dbd1fbe4a2eb4aab6565030f10da5c6,cx203d9cd2a669be67177e997b8948ce2c35caffae,0xd93ebb75201dce32,0x19f7833db5d3ca88542cf2782ce3df82186a814e38784c68518113e03d5f3826,5,94213041,15.654155466510815,1741106885895687,Balanced Dollar,0.154835025,bnUSD,0,1,2025-03-04
cx88fd7df7ddff82f7cc735c871dc519838cb235bb,cx5faae53c4dbd1fbe4a2eb4aab6565030f10da5c6,cxdc30a0d3a1f131565c071272a20bc0b06fd4c17b,0xd93ebb75201dce31,0x19f7833db5d3ca88542cf2782ce3df82186a814e38784c68518113e03d5f3826,4,94213041,15.654155466510815,1741106885895687,Balanced Dollar,0.154835025,bnUSD,0,1,2025-03-04
cx88fd7df7ddff82f7cc735c871dc519838cb235bb,cxa0af3165c08318e988cb30993b3048335b94af6c,cx5faae53c4dbd1fbe4a2eb4aab6565030f10da5c6,0x5bd7e836c0a7cc0,0x19f7833db5d3ca88542cf2782ce3df82186a814e38784c68518113e03d5f3826,3,94213041,0.4136258437063958,1741106885895687,Balanced Dollar,0.154835025,bnUSD,0,1,2025-03-04
cx2609b924e33ef00b648a409245c7ea394c467824,cxa0af3165c08318e988cb30993b3048335b94af6c,cx21e94c08c03daee80c25d8ee3ea22a20786ec231,0x6c6b536df391fc6e59,0x19f7833db5d3ca88542cf2782ce3df82186a814e38784c68518113e03d5f3826,2,94213041,1999.9820058386506,1741106885895687,Staked ICX,0.154835025,sICX,0,1,2025-03-04
cx88fd7df7ddff82f7cc735c871dc519838cb235bb,cx21e94c08c03daee80c25d8ee3ea22a20786ec231,cxa0af3165c08318e988cb30993b3048335b94af6c,0xef2cecb9405fa3400,0x19f7833db5d3ca88542cf2782ce3df82186a814e38784c68518113e03d5f3826,1,94213041,275.75056247093056,1741106885895687,Balanced Dollar,0.154835025,bnUSD,0,1,2025-03-04
cx88fd7df7ddff82f7cc735c871dc519838cb235bb,hx2debd9ec927cca1639da8d3518dd9dbf1cdfb357,cx21e94c08c03daee80c25d8ee3ea22a20786ec231,0xef2cecb9405fa3400,0x19f7833db5d3ca88542cf2782ce3df82186a814e38784c68518113e03d5f3826,0,94213041,275.75056247093056,1741106885895687,Balanced Dollar,0.154835025,bnUSD,0,1,2025-03-04
cx2609b924e33ef00b648a409245c7ea394c467824,cx21e94c08c03daee80c25d8ee3ea22a20786ec231,hx247e7c6b63c63d5b04c539373a0fbcffbdedd358,0x52780aaaef694b3616,0x4f7c0c41516fc05a6f000a4ff8ec758e833b49daff3dea9b2ee78d628426729e,6,94213033,1521.2829280237422,1741106869854618,Staked ICX,0.0916627625,sICX,0,1,2025-03-04
cx2609b924e33ef00b648a409245c7ea394c467824,cxa0af3165c08318e988cb30993b3048335b94af6c,cx5faae53c4dbd1fbe4a2eb4aab6565030f10da5c6,0x1fbf5cb2829497f6,0x4f7c0c41516fc05a6f000a4ff8ec758e833b49daff3dea9b2ee78d628426729e,4,94213033,2.287649057492212,1741106869854618,Staked ICX,0.0916627625,sICX,0,1,2025-03-04
cx2609b924e33ef00b648a409245c7ea394c467824,cxa0af3165c08318e988cb30993b3048335b94af6c,cx21e94c08c03daee80c25d8ee3ea22a20786ec231,0x52780aaaef694b3616,0x4f7c0c41516fc05a6f000a4ff8ec758e833b49daff3dea9b2ee78d628426729e,3,94213033,1521.2829280237422,1741106869854618,Staked ICX,0.0916627625,sICX,0,1,2025-03-04
cx3975b43d260fb8ec802cef6e60c2f4d07486f11d,cx21e94c08c03daee80c25d8ee3ea22a20786ec231,cxa0af3165c08318e988cb30993b3048335b94af6c,0x6c6b935b8bbd400000,0x4f7c0c41516fc05a6f000a4ff8ec758e833b49daff3dea9b2ee78d628426729e,2,94213033,2000.0,1741106869854618,Wrapped ICX,0.0916627625,wICX,0,1,2025-03-04
cx3975b43d260fb8ec802cef6e60c2f4d07486f11d,hx247e7c6b63c63d5b04c539373a0fbcffbdedd358,cx21e94c08c03daee80c25d8ee3ea22a20786ec231,0x6c6b935b8bbd400000,0x4f7c0c41516fc05a6f000a4ff8ec758e833b49daff3dea9b2ee78d628426729e,1,94213033,2000.0,1741106869854618,Wrapped ICX,0.0916627625,wICX,0,1,2025-03-04
cx3975b43d260fb8ec802cef6e60c2f4d07486f11d,hx0000000000000000000000000000000000000000,hx247e7c6b63c63d5b04c539373a0fbcffbdedd358,0x6c6b935b8bbd400000,0x4f7c0c41516fc05a6f000a4ff8ec758e833b49daff3dea9b2ee78d628426729e,0,94213033,2000.0,1741106869854618,Wrapped ICX,0.0916627625,wICX,0,1,2025-03-04
cx2609b924e33ef00b648a409245c7ea394c467824,cx21e94c08c03daee80c25d8ee3ea22a20786ec231,hx2debd9ec927cca1639da8d3518dd9dbf1cdfb357,0x6c6b536df35b3e3588,0x43e26f1a4243939575e4002c0d3c21caa8c74167b494a949b2e5bdac61103e04,5,94213026,1999.9820058377322,1741106855850107,Staked ICX,0.112702,sICX,0,1,2025-03-04
cx88fd7df7ddff82f7cc735c871dc519838cb235bb,cxa0af3165c08318e988cb30993b3048335b94af6c,cx5faae53c4dbd1fbe4a2eb4aab6565030f10da5c6,0x5bc8a5341100573,0x43e26f1a4243939575e4002c0d3c21caa8c74167b494a949b2e5bdac61103e04,3,94213026,0.41335735598973067,1741106855850107,Balanced Dollar,0.112702,bnUSD,0,1,2025-03-04
cx2609b924e33ef00b648a409245c7ea394c467824,cxa0af3165c08318e988cb30993b3048335b94af6c,cx21e94c08c03daee80c25d8ee3ea22a20786ec231,0x6c6b536df35b3e3588,0x43e26f1a4243939575e4002c0d3c21caa8c74167b494a949b2e5bdac61103e04,2,94213026,1999.9820058377322,1741106855850107,Staked ICX,0.112702,sICX,0,1,2025-03-04
cx88fd7df7ddff82f7cc735c871dc519838cb235bb,cx21e94c08c03daee80c25d8ee3ea22a20786ec231,cxa0af3165c08318e988cb30993b3048335b94af6c,0xef052e3796f0e30d0,0x43e26f1a4243939575e4002c0d3c21caa8c74167b494a949b2e5bdac61103e04,1,94213026,275.57157065982045,1741106855850107,Balanced Dollar,0.112702,bnUSD,0,1,2025-03-04
cx88fd7df7ddff82f7cc735c871dc519838cb235bb,hx2debd9ec927cca1639da8d3518dd9dbf1cdfb357,cx21e94c08c03daee80c25d8ee3ea22a20786ec231,0xef052e3796f0e30d0,0x43e26f1a4243939575e4002c0d3c21caa8c74167b494a949b2e5bdac61103e04,0,94213026,275.57157065982045,1741106855850107,Balanced Dollar,0.112702,bnUSD,0,1,2025-03-04
cx2609b924e33ef00b648a409245c7ea394c467824,cx21e94c08c03daee80c25d8ee3ea22a20786ec231,hx247e7c6b63c63d5b04c539373a0fbcffbdedd358,0x528d1bfde3e02edae6,0x7bc4dc8d075dac6cc475b6340044608f6edece8afadf057d1dff06f7002f39e3,6,94213024,1522.801013783063,1741106851848732,Staked ICX,0.0916587625,sICX,0,1,2025-03-04
cx2609b924e33ef00b648a409245c7ea394c467824,cxa0af3165c08318e988cb30993b3048335b94af6c,cx5faae53c4dbd1fbe4a2eb4aab6565030f10da5c6,0x1fc778691d58401b,0x7bc4dc8d075dac6cc475b6340044608f6edece8afadf057d1dff06f7002f39e3,4,94213024,2.289931328400409,1741106851848732,Staked ICX,0.0916587625,sICX,0,1,2025-03-04
cx2609b924e33ef00b648a409245c7ea394c467824,cxa0af3165c08318e988cb30993b3048335b94af6c,cx21e94c08c03daee80c25d8ee3ea22a20786ec231,0x528d1bfde3e02edae6,0x7bc4dc8d075dac6cc475b6340044608f6edece8afadf057d1dff06f7002f39e3,3,94213024,1522.801013783063,1741106851848732,Staked ICX,0.0916587625,sICX,0,1,2025-03-04
cx3975b43d260fb8ec802cef6e60c2f4d07486f11d,cx21e94c08c03daee80c25d8ee3ea22a20786ec231,cxa0af3165c08318e988cb30993b3048335b94af6c,0x6c6b935b8bbd400000,0x7bc4dc8d075dac6cc475b6340044608f6edece8afadf057d1dff06f7002f39e3,2,94213024,2000.0,1741106851848732,Wrapped ICX,0.0916587625,wICX,0,1,2025-03-04
cx3975b43d260fb8ec802cef6e60c2f4d07486f11d,hx247e7c6b63c63d5b04c539373a0fbcffbdedd358,cx21e94c08c03daee80c25d8ee3ea22a20786ec231,0x6c6b935b8bbd400000,0x7bc4dc8d075dac6cc475b6340044608f6edece8afadf057d1dff06f7002f39e3,1,94213024,2000.0,1741106851848732,Wrapped ICX,0.0916587625,wICX,0,1,2025-03-04
cx3975b43d260fb8ec802cef6e60c2f4d07486f11d,hx0000000000000000000000000000000000000000,hx247e7c6b63c63d5b04c539373a0fbcffbdedd358,0x6c6b935b8bbd400000,0x7bc4dc8d075dac6cc475b6340044608f6edece8afadf057d1dff06f7002f39e3,0,94213024,2000.0,1741106851848732,Wrapped ICX,0.0916587625,wICX,0,1,2025-03-04
cx2609b924e33ef00b648a409245c7ea394c467824,cx21e94c08c03daee80c25d8ee3ea22a20786ec231,hx2debd9ec927cca1639da8d3518dd9dbf1cdfb357,0x6c6b536df2d3081a3f,0x8db6a73c0cd2f3729db6dca1625e0a4d835ab83dfcf4d59ac30bd664e3362531,5,94213020,1999.982005835447,1741106844028477,Staked ICX,0.112702,sICX,0,1,2025-03-04
cx88fd7df7ddff82f7cc735c871dc519838cb235bb,cxa0af3165c08318e988cb30993b3048335b94af6c,cx5faae53c4dbd1fbe4a2eb4aab6565030f10da5c6,0x5bb965feabaf8c8,0x8db6a73c0cd2f3729db6dca1625e0a4d835ab83dfcf4d59ac30bd664e3362531,3,94213020,0.4130891295387138,1741106844028477,Balanced Dollar,0.112702,bnUSD,0,1,2025-03-04
cx2609b924e33ef00b648a409245c7ea394c467824,cxa0af3165c08318e988cb30993b3048335b94af6c,cx21e94c08c03daee80c25d8ee3ea22a20786ec231,0x6c6b536df2d3081a3f,0x8db6a73c0cd2f3729db6dca1625e0a4d835ab83dfcf4d59ac30bd664e3362531,2,94213020,1999.982005835447,1741106844028477,Staked ICX,0.112702,sICX,0,1,2025-03-04
cx88fd7df7ddff82f7cc735c871dc519838cb235bb,cx21e94c08c03daee80c25d8ee3ea22a20786ec231,cxa0af3165c08318e988cb30993b3048335b94af6c,0xeedd799c89c3d3380,0x8db6a73c0cd2f3729db6dca1625e0a4d835ab83dfcf4d59ac30bd664e3362531,1,94213020,275.3927530258092,1741106844028477,Balanced Dollar,0.112702,bnUSD,0,1,2025-03-04
cx88fd7df7ddff82f7cc735c871dc519838cb235bb,hx2debd9ec927cca1639da8d3518dd9dbf1cdfb357,cx21e94c08c03daee80c25d8ee3ea22a20786ec231,0xeedd799c89c3d3380,0x8db6a73c0cd2f3729db6dca1625e0a4d835ab83dfcf4d59ac30bd664e3362531,0,94213020,275.3927530258092,1741106844028477,Balanced Dollar,0.112702,bnUSD,0,1,2025-03-04
cx2609b924e33ef00b648a409245c7ea394c467824,cx21e94c08c03daee80c25d8ee3ea22a20786ec231,hx2debd9ec927cca1639da8d3518dd9dbf1cdfb357,0x6c6b536df26f735784,0xdf95b8333a819da44147c185fbbb1854290b9e04d0a0b3c94501e7bee577654d,5,94213016,1999.9820058337762,1741106835844687,Staked ICX,0.112702,sICX,0,2,2025-03-04
cx88fd7df7ddff82f7cc735c871dc519838cb235bb,cxa0af3165c08318e988cb30993b3048335b94af6c,cx5faae53c4dbd1fbe4a2eb4aab6565030f10da5c6,0x5baa2a954df6b63,0xdf95b8333a819da44147c185fbbb1854290b9e04d0a0b3c94501e7bee577654d,3,94213016,0.4128211640149226,1741106835844687,Balanced Dollar,0.112702,bnUSD,0,2,2025-03-04
cx2609b924e33ef00b648a409245c7ea394c467824,cxa0af3165c08318e988cb30993b3048335b94af6c,cx21e94c08c03daee80c25d8ee3ea22a20786ec231,0x6c6b536df26f735784,0xdf95b8333a819da44147c185fbbb1854290b9e04d0a0b3c94501e7bee577654d,2,94213016,1999.9820058337762,1741106835844687,Staked ICX,0.112702,sICX,0,2,2025-03-04
cx88fd7df7ddff82f7cc735c871dc519838cb235bb,cx21e94c08c03daee80c25d8ee3ea22a20786ec231,cxa0af3165c08318e988cb30993b3048335b94af6c,0xeeb5cee4d05d251d0,0xdf95b8333a819da44147c185fbbb1854290b9e04d0a0b3c94501e7bee577654d,1,94213016,275.21410934328173,1741106835844687,Balanced Dollar,0.112702,bnUSD,0,2,2025-03-04
cx88fd7df7ddff82f7cc735c871dc519838cb235bb,hx2debd9ec927cca1639da8d3518dd9dbf1cdfb357,cx21e94c08c03daee80c25d8ee3ea22a20786ec231,0xeeb5cee4d05d251d0,0xdf95b8333a819da44147c185fbbb1854290b9e04d0a0b3c94501e7bee577654d,0,94213016,275.21410934328173,1741106835844687,Balanced Dollar,0.112702,bnUSD,0,2,2025-03-04
cx2609b924e33ef00b648a409245c7ea394c467824,cx21e94c08c03daee80c25d8ee3ea22a20786ec231,hx247e7c6b63c63d5b04c539373a0fbcffbdedd358,0x52a235651428764882,0xdbc94b259eb7974927c7463f6cccbf6ca4b5400d53009785f654419a1dff3078,6,94213015,1524.3213735893457,1741106833940408,Staked ICX,0.0916587625,sICX,0,1,2025-03-04
cx2609b924e33ef00b648a409245c7ea394c467824,cxa0af3165c08318e988cb30993b3048335b94af6c,cx5faae53c4dbd1fbe4a2eb4aab6565030f10da5c6,0x1fcf973b83f0ea09,0xdbc94b259eb7974927c7463f6cccbf6ca4b5400d53009785f654419a1dff3078,4,94213015,2.2922170172273404,1741106833940408,Staked ICX,0.0916587625,sICX,0,1,2025-03-04
cx2609b924e33ef00b648a409245c7ea394c467824,cxa0af3165c08318e988cb30993b3048335b94af6c,cx21e94c08c03daee80c25d8ee3ea22a20786ec231,0x52a235651428764882,0xdbc94b259eb7974927c7463f6cccbf6ca4b5400d53009785f654419a1dff3078,3,94213015,1524.3213735893457,1741106833940408,Staked ICX,0.0916587625,sICX,0,1,2025-03-04
cx3975b43d260fb8ec802cef6e60c2f4d07486f11d,cx21e94c08c03daee80c25d8ee3ea22a20786ec231,cxa0af3165c08318e988cb30993b3048335b94af6c,0x6c6b935b8bbd400000,0xdbc94b259eb7974927c7463f6cccbf6ca4b5400d53009785f654419a1dff3078,2,94213015,2000.0,1741106833940408,Wrapped ICX,0.0916587625,wICX,0,1,2025-03-04
cx3975b43d260fb8ec802cef6e60c2f4d07486f11d,hx247e7c6b63c63d5b04c539373a0fbcffbdedd358,cx21e94c08c03daee80c25d8ee3ea22a20786ec231,0x6c6b935b8bbd400000,0xdbc94b259eb7974927c7463f6cccbf6ca4b5400d53009785f654419a1dff3078,1,94213015,2000.0,1741106833940408,Wrapped ICX,0.0916587625,wICX,0,1,2025-03-04
cx3975b43d260fb8ec802cef6e60c2f4d07486f11d,hx0000000000000000000000000000000000000000,hx247e7c6b63c63d5b04c539373a0fbcffbdedd358,0x6c6b935b8bbd400000,0xdbc94b259eb7974927c7463f6cccbf6ca4b5400d53009785f654419a1dff3078,0,94213015,2000.0,1741106833940408,Wrapped ICX,0.0916587625,wICX,0,1,2025-03-04
cx2609b924e33ef00b648a409245c7ea394c467824,cx21e94c08c03daee80c25d8ee3ea22a20786ec231,hx247e7c6b63c63d5b04c539373a0fbcffbdedd358,0x52b756e4a26bf8fa8c,0x26efa3e52e73c14332abefc2f4bbe072e9b45c748ac5681e75d999964e3a937a,6,94213006,1525.8440119873685,1741106815840689,Staked ICX,0.0916587625,sICX,0,1,2025-03-04
cx2609b924e33ef00b648a409245c7ea394c467824,cxa0af3165c08318e988cb30993b3048335b94af6c,cx5faae53c4dbd1fbe4a2eb4aab6565030f10da5c6,0x1fd7b92b4d6b0d87,0x26efa3e52e73c14332abefc2f4bbe072e9b45c748ac5681e75d999964e3a937a,4,94213006,2.2945061308021506,1741106815840689,Staked ICX,0.0916587625,sICX,0,1,2025-03-04
cx2609b924e33ef00b648a409245c7ea394c467824,cxa0af3165c08318e988cb30993b3048335b94af6c,cx21e94c08c03daee80c25d8ee3ea22a20786ec231,0x52b756e4a26bf8fa8c,0x26efa3e52e73c14332abefc2f4bbe072e9b45c748ac5681e75d999964e3a937a,3,94213006,1525.8440119873685,1741106815840689,Staked ICX,0.0916587625,sICX,0,1,2025-03-04
cx3975b43d260fb8ec802cef6e60c2f4d07486f11d,cx21e94c08c03daee80c25d8ee3ea22a20786ec231,cxa0af3165c08318e988cb30993b3048335b94af6c,0x6c6b935b8bbd400000,0x26efa3e52e73c14332abefc2f4bbe072e9b45c748ac5681e75d999964e3a937a,2,94213006,2000.0,1741106815840689,Wrapped ICX,0.0916587625,wICX,0,1,2025-03-04
cx3975b43d260fb8ec802cef6e60c2f4d07486f11d,hx247e7c6b63c63d5b04c539373a0fbcffbdedd358,cx21e94c08c03daee80c25d8ee3ea22a20786ec231,0x6c6b935b8bbd400000,0x26efa3e52e73c14332abefc2f4bbe072e9b45c748ac5681e75d999964e3a937a,1,94213006,2000.0,1741106815840689,Wrapped ICX,0.0916587625,wICX,0,1,2025-03-04
cx3975b43d260fb8ec802cef6e60c2f4d07486f11d,hx0000000000000000000000000000000000000000,hx247e7c6b63c63d5b04c539373a0fbcffbdedd358,0x6c6b935b8bbd400000,0x26efa3e52e73c14332abefc2f4bbe072e9b45c748ac5681e75d999964e3a937a,0,94213006,2000.0,1741106815840689,Wrapped ICX,0.0916587625,wICX,0,1,2025-03-04
cx88fd7df7ddff82f7cc735c871dc519838cb235bb,cxd82fb5d3effecd8c9071a4bba3856ad7222c4b91,hxd75467e3e4ce64e3424c747dfb71503017440433,0x6c6b935b8bbd400000,0x076ea8a675d55fa60fb367e1af649481ffbe5ecc544ab95c11ee0690552f75f6,0,94213005,2000.0,1741106813837816,Balanced Dollar,0.02069225,bnUSD,0,1,2025-03-04
cx2609b924e33ef00b648a409245c7ea394c467824,cx21e94c08c03daee80c25d8ee3ea22a20786ec231,hx247e7c6b63c63d5b04c539373a0fbcffbdedd358,0x52cc8080b379ad2362,0x8626c052b05214863e8a7305857e28f5af64257fe37fa62b5c89ae7bf84ab08b,6,94212996,1527.3689335332683,1741106795852032,Staked ICX,0.091677575,sICX,0,1,2025-03-04
cx2609b924e33ef00b648a409245c7ea394c467824,cxa0af3165c08318e988cb30993b3048335b94af6c,cx5faae53c4dbd1fbe4a2eb4aab6565030f10da5c6,0x1fdfde3a11d78a39,0x8626c052b05214863e8a7305857e28f5af64257fe37fa62b5c89ae7bf84ab08b,4,94212996,2.29679867597105,1741106795852032,Staked ICX,0.091677575,sICX,0,1,2025-03-04
cx2609b924e33ef00b648a409245c7ea394c467824,cxa0af3165c08318e988cb30993b3048335b94af6c,cx21e94c08c03daee80c25d8ee3ea22a20786ec231,0x52cc8080b379ad2362,0x8626c052b05214863e8a7305857e28f5af64257fe37fa62b5c89ae7bf84ab08b,3,94212996,1527.3689335332683,1741106795852032,Staked ICX,0.091677575,sICX,0,1,2025-03-04
cx3975b43d260fb8ec802cef6e60c2f4d07486f11d,cx21e94c08c03daee80c25d8ee3ea22a20786ec231,cxa0af3165c08318e988cb30993b3048335b94af6c,0x6c6b935b8bbd400000,0x8626c052b05214863e8a7305857e28f5af64257fe37fa62b5c89ae7bf84ab08b,2,94212996,2000.0,1741106795852032,Wrapped ICX,0.091677575,wICX,0,1,2025-03-04
cx3975b43d260fb8ec802cef6e60c2f4d07486f11d,hx247e7c6b63c63d5b04c539373a0fbcffbdedd358,cx21e94c08c03daee80c25d8ee3ea22a20786ec231,0x6c6b935b8bbd400000,0x8626c052b05214863e8a7305857e28f5af64257fe37fa62b5c89ae7bf84ab08b,1,94212996,2000.0,1741106795852032,Wrapped ICX,0.091677575,wICX,0,1,2025-03-04
cx3975b43d260fb8ec802cef6e60c2f4d07486f11d,hx0000000000000000000000000000000000000000,hx247e7c6b63c63d5b04c539373a0fbcffbdedd358,0x6c6b935b8bbd400000,0x8626c052b05214863e8a7305857e28f5af64257fe37fa62b5c89ae7bf84ab08b,0,94212996,2000.0,1741106795852032,Wrapped ICX,0.091677575,wICX,0,1,2025-03-04
cx2609b924e33ef00b648a409245c7ea394c467824,cx21e94c08c03daee80c25d8ee3ea22a20786ec231,hx247e7c6b63c63d5b04c539373a0fbcffbdedd358,0x52e1b23d6ec7afe805,0x786eeb52f75035ab4e4649adc54aa49f2fb81234cdcd51e1a5424e6b83b1c25e,13,94212988,1528.8961427945774,1741106779829364,Staked ICX,0.2907827375,sICX,0,1,2025-03-04
cx2609b924e33ef00b648a409245c7ea394c467824,cx203d9cd2a669be67177e997b8948ce2c35caffae,cx835b300dcfe01f0bdb794e134a0c5628384f4367,0x63a24cd47757ec98,0x786eeb52f75035ab4e4649adc54aa49f2fb81234cdcd51e1a5424e6b83b1c25e,10,94212988,7.179385231401021,1741106779829364,Staked ICX,0.2907827375,sICX,0,1,2025-03-04
cx2609b924e33ef00b648a409245c7ea394c467824,cx5faae53c4dbd1fbe4a2eb4aab6565030f10da5c6,cx203d9cd2a669be67177e997b8948ce2c35caffae,0x8e55925418347690,0x786eeb52f75035ab4e4649adc54aa49f2fb81234cdcd51e1a5424e6b83b1c25e,7,94212988,10.256264616287172,1741106779829364,Staked ICX,0.2907827375,sICX,0,1,2025-03-04
cx2609b924e33ef00b648a409245c7ea394c467824,cx5faae53c4dbd1fbe4a2eb4aab6565030f10da5c6,cxdc30a0d3a1f131565c071272a20bc0b06fd4c17b,0x8e5592541834768f,0x786eeb52f75035ab4e4649adc54aa49f2fb81234cdcd51e1a5424e6b83b1c25e,5,94212988,10.256264616287172,1741106779829364,Staked ICX,0.2907827375,sICX,0,1,2025-03-04
cx2609b924e33ef00b648a409245c7ea394c467824,cxa0af3165c08318e988cb30993b3048335b94af6c,cx5faae53c4dbd1fbe4a2eb4aab6565030f10da5c6,0x1fe806696a4c6fa7,0x786eeb52f75035ab4e4649adc54aa49f2fb81234cdcd51e1a5424e6b83b1c25e,4,94212988,2.2990946595973654,1741106779829364,Staked ICX,0.2907827375,sICX,0,1,2025-03-04
cx2609b924e33ef00b648a409245c7ea394c467824,cxa0af3165c08318e988cb30993b3048335b94af6c,cx21e94c08c03daee80c25d8ee3ea22a20786ec231,0x52e1b23d6ec7afe805,0x786eeb52f75035ab4e4649adc54aa49f2fb81234cdcd51e1a5424e6b83b1c25e,3,94212988,1528.8961427945774,1741106779829364,Staked ICX,0.2907827375,sICX,0,1,2025-03-04
cx3975b43d260fb8ec802cef6e60c2f4d07486f11d,cx21e94c08c03daee80c25d8ee3ea22a20786ec231,cxa0af3165c08318e988cb30993b3048335b94af6c,0x6c6b935b8bbd400000,0x786eeb52f75035ab4e4649adc54aa49f2fb81234cdcd51e1a5424e6b83b1c25e,2,94212988,2000.0,1741106779829364,Wrapped ICX,0.2907827375,wICX,0,1,2025-03-04
cx3975b43d260fb8ec802cef6e60c2f4d07486f11d,hx247e7c6b63c63d5b04c539373a0fbcffbdedd358,cx21e94c08c03daee80c25d8ee3ea22a20786ec231,0x6c6b935b8bbd400000,0x786eeb52f75035ab4e4649adc54aa49f2fb81234cdcd51e1a5424e6b83b1c25e,1,94212988,2000.0,1741106779829364,Wrapped ICX,0.2907827375,wICX,0,1,2025-03-04
cx3975b43d260fb8ec802cef6e60c2f4d07486f11d,hx0000000000000000000000000000000000000000,hx247e7c6b63c63d5b04c539373a0fbcffbdedd358,0x6c6b935b8bbd400000,0x786eeb52f75035ab4e4649adc54aa49f2fb81234cdcd51e1a5424e6b83b1c25e,0,94212988,2000.0,1741106779829364,Wrapped ICX,0.2907827375,wICX,0,1,2025-03-04
cx2609b924e33ef00b648a409245c7ea394c467824,cx21e94c08c03daee80c25d8ee3ea22a20786ec231,hx247e7c6b63c63d5b04c539373a0fbcffbdedd358,0x52f6ec1efe754f6e8f,0xaf8b30ff96f47c34626e4f7743c626c9cf560f6b1ae02dfb6d93a5b49dabaa5f,6,94212979,1530.4256443502559,1741106761824146,Staked ICX,0.091660075,sICX,0,2,2025-03-04
cx2609b924e33ef00b648a409245c7ea394c467824,cxa0af3165c08318e988cb30993b3048335b94af6c,cx5faae53c4dbd1fbe4a2eb4aab6565030f10da5c6,0x1ff031baf0e5c5f4,0xaf8b30ff96f47c34626e4f7743c626c9cf560f6b1ae02dfb6d93a5b49dabaa5f,4,94212979,2.301394088561592,1741106761824146,Staked ICX,0.091660075,sICX,0,2,2025-03-04
cx2609b924e33ef00b648a409245c7ea394c467824,cxa0af3165c08318e988cb30993b3048335b94af6c,cx21e94c08c03daee80c25d8ee3ea22a20786ec231,0x52f6ec1efe754f6e8f,0xaf8b30ff96f47c34626e4f7743c626c9cf560f6b1ae02dfb6d93a5b49dabaa5f,3,94212979,1530.4256443502559,1741106761824146,Staked ICX,0.091660075,sICX,0,2,2025-03-04
cx3975b43d260fb8ec802cef6e60c2f4d07486f11d,cx21e94c08c03daee80c25d8ee3ea22a20786ec231,cxa0af3165c08318e988cb30993b3048335b94af6c,0x6c6b935b8bbd400000,0xaf8b30ff96f47c34626e4f7743c626c9cf560f6b1ae02dfb6d93a5b49dabaa5f,2,94212979,2000.0,1741106761824146,Wrapped ICX,0.091660075,wICX,0,2,2025-03-04
cx3975b43d260fb8ec802cef6e60c2f4d07486f11d,hx247e7c6b63c63d5b04c539373a0fbcffbdedd358,cx21e94c08c03daee80c25d8ee3ea22a20786ec231,0x6c6b935b8bbd400000,0xaf8b30ff96f47c34626e4f7743c626c9cf560f6b1ae02dfb6d93a5b49dabaa5f,1,94212979,2000.0,1741106761824146,Wrapped ICX,0.091660075,wICX,0,2,2025-03-04
cx3975b43d260fb8ec802cef6e60c2f4d07486f11d,hx0000000000000000000000000000000000000000,hx247e7c6b63c63d5b04c539373a0fbcffbdedd358,0x6c6b935b8bbd400000,0xaf8b30ff96f47c34626e4f7743c626c9cf560f6b1ae02dfb6d93a5b49dabaa5f,0,94212979,2000.0,1741106761824146,Wrapped ICX,0.091660075,wICX,0,2,2025-03-04
cxf61cd5a45dc9f91c15aa65831a30a90d59a09619,cx9345f80d6c98357ccbb70392b14162199c2c5f66,cxd82fb5d3effecd8c9071a4bba3856ad7222c4b91,0x382760dfea444b0,0xf8c17c82ca6289f3bbac990dd2c0ccba8c49547fd923536f13380730ea5f8202,4,94212979,0.25289433156499985,1741106761824146,Balance Token,0.1302328625,BALN,0,1,2025-03-04
cx2609b924e33ef00b648a409245c7ea394c467824,cx9345f80d6c98357ccbb70392b14162199c2c5f66,cxd82fb5d3effecd8c9071a4bba3856ad7222c4b91,0x3dc4ee1dc20c228b,0xf8c17c82ca6289f3bbac990dd2c0ccba8c49547fd923536f13380730ea5f8202,3,94212979,4.4509441433259305,1741106761824146,Staked ICX,0.1302328625,sICX,0,1,2025-03-04
cx88fd7df7ddff82f7cc735c871dc519838cb235bb,hx0000000000000000000000000000000000000000,cx5faae53c4dbd1fbe4a2eb4aab6565030f10da5c6,0x0,0xf8c17c82ca6289f3bbac990dd2c0ccba8c49547fd923536f13380730ea5f8202,2,94212979,0.0,1741106761824146,Balanced Dollar,0.1302328625,bnUSD,0,1,2025-03-04
cx88fd7df7ddff82f7cc735c871dc519838cb235bb,hx0000000000000000000000000000000000000000,cxd82fb5d3effecd8c9071a4bba3856ad7222c4b91,0x9d46cc3362375a8,0xf8c17c82ca6289f3bbac990dd2c0ccba8c49547fd923536f13380730ea5f8202,1,94212979,0.7083106270867265,1741106761824146,Balanced Dollar,0.1302328625,bnUSD,0,1,2025-03-04
cx88fd7df7ddff82f7cc735c871dc519838cb235bb,hxd75467e3e4ce64e3424c747dfb71503017440433,cxd82fb5d3effecd8c9071a4bba3856ad7222c4b91,0x8ac13dde19ce000000,0xf8c17c82ca6289f3bbac990dd2c0ccba8c49547fd923536f13380730ea5f8202,0,94212979,2559.5752119972294,1741106761824146,Balanced Dollar,0.1302328625,bnUSD,0,1,2025-03-04
cx2609b924e33ef00b648a409245c7ea394c467824,cx21e94c08c03daee80c25d8ee3ea22a20786ec231,hx2debd9ec927cca1639da8d3518dd9dbf1cdfb357,0x6c6b536df1fd62c5e1,0xbddc7f2251d42b067ea7f2a4434252e2452099b59bbe6e13ccdc5250fe2d2493,5,94212976,1999.9820058318626,1741106755821151,Staked ICX,0.112702,sICX,0,1,2025-03-04
cx88fd7df7ddff82f7cc735c871dc519838cb235bb,cxa0af3165c08318e988cb30993b3048335b94af6c,cx5faae53c4dbd1fbe4a2eb4aab6565030f10da5c6,0x5b9af2f6b50deb8,0xbddc7f2251d42b067ea7f2a4434252e2452099b59bbe6e13ccdc5250fe2d2493,3,94212976,0.41255345907989677,1741106755821151,Balanced Dollar,0.112702,bnUSD,0,1,2025-03-04
cx2609b924e33ef00b648a409245c7ea394c467824,cxa0af3165c08318e988cb30993b3048335b94af6c,cx21e94c08c03daee80c25d8ee3ea22a20786ec231,0x6c6b536df1fd62c5e1,0xbddc7f2251d42b067ea7f2a4434252e2452099b59bbe6e13ccdc5250fe2d2493,2,94212976,1999.9820058318626,1741106755821151,Staked ICX,0.112702,sICX,0,1,2025-03-04
cx88fd7df7ddff82f7cc735c871dc519838cb235bb,cx21e94c08c03daee80c25d8ee3ea22a20786ec231,cxa0af3165c08318e988cb30993b3048335b94af6c,0xee8e2e0d222995480,0xbddc7f2251d42b067ea7f2a4434252e2452099b59bbe6e13ccdc5250fe2d2493,1,94212976,275.03563938659784,1741106755821151,Balanced Dollar,0.112702,bnUSD,0,1,2025-03-04
cx88fd7df7ddff82f7cc735c871dc519838cb235bb,hx2debd9ec927cca1639da8d3518dd9dbf1cdfb357,cx21e94c08c03daee80c25d8ee3ea22a20786ec231,0xee8e2e0d222995480,0xbddc7f2251d42b067ea7f2a4434252e2452099b59bbe6e13ccdc5250fe2d2493,0,94212976,275.03563938659784,1741106755821151,Balanced Dollar,0.112702,bnUSD,0,1,2025-03-04
cx518f64edcd35db9044a2de63fdc10abfd5f7d611,cx21e94c08c03daee80c25d8ee3ea22a20786ec231,hxd75467e3e4ce64e3424c747dfb71503017440433,0xf0253fef,0x3debab3b1eb35939935be4f8b350762e23ed70179185c27f351d65ceef981dd7,9,94212974,402.8973039,1741106751821194,Stellar,0.1691935375,XLM,0,1,2025-03-04
cx2609b924e33ef00b648a409245c7ea394c467824,cxa0af3165c08318e988cb30993b3048335b94af6c,cx5faae53c4dbd1fbe4a2eb4aab6565030f10da5c6,0x10f041cffc99b781,0x3debab3b1eb35939935be4f8b350762e23ed70179185c27f351d65ceef981dd7,7,94212974,1.2205478605693725,1741106751821194,Staked ICX,0.1691935375,sICX,0,1,2025-03-04
cx518f64edcd35db9044a2de63fdc10abfd5f7d611,cxa0af3165c08318e988cb30993b3048335b94af6c,cx21e94c08c03daee80c25d8ee3ea22a20786ec231,0xf0253fef,0x3debab3b1eb35939935be4f8b350762e23ed70179185c27f351d65ceef981dd7,6,94212974,402.8973039,1741106751821194,Stellar,0.1691935375,XLM,0,1,2025-03-04
cx2609b924e33ef00b648a409245c7ea394c467824,cx21e94c08c03daee80c25d8ee3ea22a20786ec231,cxa0af3165c08318e988cb30993b3048335b94af6c,0x2c1c560da1d04de1d3,0x3debab3b1eb35939935be4f8b350762e23ed70179185c27f351d65ceef981dd7,5,94212974,813.698573712915,1741106751821194,Staked ICX,0.1691935375,sICX,0,1,2025-03-04
cx88fd7df7ddff82f7cc735c871dc519838cb235bb,cxa0af3165c08318e988cb30993b3048335b94af6c,cx5faae53c4dbd1fbe4a2eb4aab6565030f10da5c6,0x2540bccb7891800,0x3debab3b1eb35939935be4f8b350762e23ed70179185c27f351d65ceef981dd7,3,94212974,0.16777206,1741106751821194,Balanced Dollar,0.1691935375,bnUSD,0,1,2025-03-04
cx2609b924e33ef00b648a409245c7ea394c467824,cxa0af3165c08318e988cb30993b3048335b94af6c,cx21e94c08c03daee80c25d8ee3ea22a20786ec231,0x2c1c560da1d04de1d3,0x3debab3b1eb35939935be4f8b350762e23ed70179185c27f351d65ceef981dd7,2,94212974,813.698573712915,1741106751821194,Staked ICX,0.1691935375,sICX,0,1,2025-03-04
cx88fd7df7ddff82f7cc735c871dc519838cb235bb,cx21e94c08c03daee80c25d8ee3ea22a20786ec231,cxa0af3165c08318e988cb30993b3048335b94af6c,0x610340fc89fae8000,0x3debab3b1eb35939935be4f8b350762e23ed70179185c27f351d65ceef981dd7,1,94212974,111.84804,1741106751821194,Balanced Dollar,0.1691935375,bnUSD,0,1,2025-03-04
cx88fd7df7ddff82f7cc735c871dc519838cb235bb,hxd75467e3e4ce64e3424c747dfb71503017440433,cx21e94c08c03daee80c25d8ee3ea22a20786ec231,0x610340fc89fae8000,0x3debab3b1eb35939935be4f8b350762e23ed70179185c27f351d65ceef981dd7,0,94212974,111.84804,1741106751821194,Balanced Dollar,0.1691935375,bnUSD,0,1,2025-03-04
cx2609b924e33ef00b648a409245c7ea394c467824,cx21e94c08c03daee80c25d8ee3ea22a20786ec231,hx2debd9ec927cca1639da8d3518dd9dbf1cdfb357,0x6c6b536df14e1675ba,0xcaf259c63332f372ebe6d4b6e6b48a94facbe617157d1ddb82324c146ce7d0ce,5,94212971,1999.9820058289215,1741106745819324,Staked ICX,0.112702,sICX,0,1,2025-03-04
cx88fd7df7ddff82f7cc735c871dc519838cb235bb,cxa0af3165c08318e988cb30993b3048335b94af6c,cx5faae53c4dbd1fbe4a2eb4aab6565030f10da5c6,0x5b8590cf7ada7da,0xcaf259c63332f372ebe6d4b6e6b48a94facbe617157d1ddb82324c146ce7d0ce,3,94212971,0.41217727813423305,1741106745819324,Balanced Dollar,0.112702,bnUSD,0,1,2025-03-04
cx2609b924e33ef00b648a409245c7ea394c467824,cxa0af3165c08318e988cb30993b3048335b94af6c,cx21e94c08c03daee80c25d8ee3ea22a20786ec231,0x6c6b536df14e1675ba,0xcaf259c63332f372ebe6d4b6e6b48a94facbe617157d1ddb82324c146ce7d0ce,2,94212971,1999.9820058289215,1741106745819324,Staked ICX,0.112702,sICX,0,1,2025-03-04
cx88fd7df7ddff82f7cc735c871dc519838cb235bb,cx21e94c08c03daee80c25d8ee3ea22a20786ec231,cxa0af3165c08318e988cb30993b3048335b94af6c,0xee567e71a543a7260,0xcaf259c63332f372ebe6d4b6e6b48a94facbe617157d1ddb82324c146ce7d0ce,1,94212971,274.7848520894887,1741106745819324,Balanced Dollar,0.112702,bnUSD,0,1,2025-03-04
cx88fd7df7ddff82f7cc735c871dc519838cb235bb,hx2debd9ec927cca1639da8d3518dd9dbf1cdfb357,cx21e94c08c03daee80c25d8ee3ea22a20786ec231,0xee567e71a543a7260,0xcaf259c63332f372ebe6d4b6e6b48a94facbe617157d1ddb82324c146ce7d0ce,0,94212971,274.7848520894887,1741106745819324,Balanced Dollar,0.112702,bnUSD,0,1,2025-03-04
cx2609b924e33ef00b648a409245c7ea394c467824,cx21e94c08c03daee80c25d8ee3ea22a20786ec231,hx247e7c6b63c63d5b04c539373a0fbcffbdedd358,0x530c2e298f4d16c115,0x658b7075ac60fdcbb03cf9b8bb4f2a838b92449f1454dcfda39e5c2068edb7e4,6,94212968,1531.957442790727,1741106739816859,Staked ICX,0.0916627625,sICX,0,1,2025-03-04
cx2609b924e33ef00b648a409245c7ea394c467824,cxa0af3165c08318e988cb30993b3048335b94af6c,cx5faae53c4dbd1fbe4a2eb4aab6565030f10da5c6,0x1ff8603040c6574c,0x658b7075ac60fdcbb03cf9b8bb4f2a838b92449f1454dcfda39e5c2068edb7e4,4,94212968,2.303696969761446,1741106739816859,Staked ICX,0.0916627625,sICX,0,1,2025-03-04
cx2609b924e33ef00b648a409245c7ea394c467824,cxa0af3165c08318e988cb30993b3048335b94af6c,cx21e94c08c03daee80c25d8ee3ea22a20786ec231,0x530c2e298f4d16c115,0x658b7075ac60fdcbb03cf9b8bb4f2a838b92449f1454dcfda39e5c2068edb7e4,3,94212968,1531.957442790727,1741106739816859,Staked ICX,0.0916627625,sICX,0,1,2025-03-04
cx3975b43d260fb8ec802cef6e60c2f4d07486f11d,cx21e94c08c03daee80c25d8ee3ea22a20786ec231,cxa0af3165c08318e988cb30993b3048335b94af6c,0x6c6b935b8bbd400000,0x658b7075ac60fdcbb03cf9b8bb4f2a838b92449f1454dcfda39e5c2068edb7e4,2,94212968,2000.0,1741106739816859,Wrapped ICX,0.0916627625,wICX,0,1,2025-03-04
cx3975b43d260fb8ec802cef6e60c2f4d07486f11d,hx247e7c6b63c63d5b04c539373a0fbcffbdedd358,cx21e94c08c03daee80c25d8ee3ea22a20786ec231,0x6c6b935b8bbd400000,0x658b7075ac60fdcbb03cf9b8bb4f2a838b92449f1454dcfda39e5c2068edb7e4,1,94212968,2000.0,1741106739816859,Wrapped ICX,0.0916627625,wICX,0,1,2025-03-04
cx3975b43d260fb8ec802cef6e60c2f4d07486f11d,hx0000000000000000000000000000000000000000,hx247e7c6b63c63d5b04c539373a0fbcffbdedd358,0x6c6b935b8bbd400000,0x658b7075ac60fdcbb03cf9b8bb4f2a838b92449f1454dcfda39e5c2068edb7e4,0,94212968,2000.0,1741106739816859,Wrapped ICX,0.0916627625,wICX,0,1,2025-03-04
cx88fd7df7ddff82f7cc735c871dc519838cb235bb,cxa0ffa71e76299fbc9005ba7000ccad86f7f22971,hxd75467e3e4ce64e3424c747dfb71503017440433,0xe22220728b3ba1b1bb,0x340f2d19ed5f5adec72f7d119156dd9b13e8c960ff7041ade44b662af8fa700b,8,94212963,4171.423251997229,1741106729813879,Balanced Dollar,0.1535142875,bnUSD,0,1,2025-03-04
cx65c9e3d4fea842e00add0d32a5b4c5e4e04c7a6b,cx66d4d90f5f113eba575bf793570135f9b10cece1,cx835b300dcfe01f0bdb794e134a0c5628384f4367,0x1c1eb4,0x340f2d19ed5f5adec72f7d119156dd9b13e8c960ff7041ade44b662af8fa700b,5,94212963,0.001842868,1741106729813879,Solana,0.1535142875,SOL,0,1,2025-03-04
cx65c9e3d4fea842e00add0d32a5b4c5e4e04c7a6b,cxa0ffa71e76299fbc9005ba7000ccad86f7f22971,hxd75467e3e4ce64e3424c747dfb71503017440433,0xadfdfaf,0x340f2d19ed5f5adec72f7d119156dd9b13e8c960ff7041ade44b662af8fa700b,3,94212963,0.182443951,1741106729813879,Solana,0.1535142875,SOL,0,1,2025-03-04
cx65c9e3d4fea842e00add0d32a5b4c5e4e04c7a6b,cx66d4d90f5f113eba575bf793570135f9b10cece1,cxa0ffa71e76299fbc9005ba7000ccad86f7f22971,0xadfdfaf,0x340f2d19ed5f5adec72f7d119156dd9b13e8c960ff7041ade44b662af8fa700b,2,94212963,0.182443951,1741106729813879,Solana,0.1535142875,SOL,0,1,2025-03-04
cx88fd7df7ddff82f7cc735c871dc519838cb235bb,cxa0ffa71e76299fbc9005ba7000ccad86f7f22971,hx0000000000000000000000000000000000000000,0x140aa75e7ebce4e45,0x340f2d19ed5f5adec72f7d119156dd9b13e8c960ff7041ade44b662af8fa700b,1,94212963,23.106410477131814,1741106729813879,Balanced Dollar,0.1535142875,bnUSD,0,1,2025-03-04
cx88fd7df7ddff82f7cc735c871dc519838cb235bb,hxd75467e3e4ce64e3424c747dfb71503017440433,cxa0ffa71e76299fbc9005ba7000ccad86f7f22971,0xe362cae87327700000,0x340f2d19ed5f5adec72f7d119156dd9b13e8c960ff7041ade44b662af8fa700b,0,94212963,4194.529662474361,1741106729813879,Balanced Dollar,0.1535142875,bnUSD,0,1,2025-03-04
cx2609b924e33ef00b648a409245c7ea394c467824,cx21e94c08c03daee80c25d8ee3ea22a20786ec231,hx247e7c6b63c63d5b04c539373a0fbcffbdedd358,0x5321786150c6db86da,0x2f042d6ddfa38ea883d62b23c47eec6a7cce326b94c668f02d5cb2e0e3a29f42,6,94212960,1533.4915427179112,1741106723811138,Staked ICX,0.0916802625,sICX,0,5,2025-03-04
cx2609b924e33ef00b648a409245c7ea394c467824,cxa0af3165c08318e988cb30993b3048335b94af6c,cx5faae53c4dbd1fbe4a2eb4aab6565030f10da5c6,0x200091caf6187a05,0x2f042d6ddfa38ea883d62b23c47eec6a7cce326b94c668f02d5cb2e0e3a29f42,4,94212960,2.3060033101119144,1741106723811138,Staked ICX,0.0916802625,sICX,0,5,2025-03-04
cx2609b924e33ef00b648a409245c7ea394c467824,cxa0af3165c08318e988cb30993b3048335b94af6c,cx21e94c08c03daee80c25d8ee3ea22a20786ec231,0x5321786150c6db86da,0x2f042d6ddfa38ea883d62b23c47eec6a7cce326b94c668f02d5cb2e0e3a29f42,3,94212960,1533.4915427179112,1741106723811138,Staked ICX,0.0916802625,sICX,0,5,2025-03-04
cx3975b43d260fb8ec802cef6e60c2f4d07486f11d,cx21e94c08c03daee80c25d8ee3ea22a20786ec231,cxa0af3165c08318e988cb30993b3048335b94af6c,0x6c6b935b8bbd400000,0x2f042d6ddfa38ea883d62b23c47eec6a7cce326b94c668f02d5cb2e0e3a29f42,2,94212960,2000.0,1741106723811138,Wrapped ICX,0.0916802625,wICX,0,5,2025-03-04
cx3975b43d260fb8ec802cef6e60c2f4d07486f11d,hx247e7c6b63c63d5b04c539373a0fbcffbdedd358,cx21e94c08c03daee80c25d8ee3ea22a20786ec231,0x6c6b935b8bbd400000,0x2f042d6ddfa38ea883d62b23c47eec6a7cce326b94c668f02d5cb2e0e3a29f42,1,94212960,2000.0,1741106723811138,Wrapped ICX,0.0916802625,wICX,0,5,2025-03-04
cx3975b43d260fb8ec802cef6e60c2f4d07486f11d,hx0000000000000000000000000000000000000000,hx247e7c6b63c63d5b04c539373a0fbcffbdedd358,0x6c6b935b8bbd400000,0x2f042d6ddfa38ea883d62b23c47eec6a7cce326b94c668f02d5cb2e0e3a29f42,0,94212960,2000.0,1741106723811138,Wrapped ICX,0.0916802625,wICX,0,5,2025-03-04
cx88fd7df7ddff82f7cc735c871dc519838cb235bb,cxa0af3165c08318e988cb30993b3048335b94af6c,hx4dc7903504bb800a462378348a42f53742759e0b,0x32edbce80994b7a,0x522bb6495bfc24e36cb8288b8781071d85b0b5223ddc65f55fe0d7aca99a8eaa,3,94212960,0.22936231100974988,1741106723811138,Balanced Dollar,0.0347549,bnUSD,0,3,2025-03-04
cx288d13e1b63563459a2ac6179f237711f6851cb5,hx4dc7903504bb800a462378348a42f53742759e0b,cxa0af3165c08318e988cb30993b3048335b94af6c,0x8371681291df48,0x224b5eef6b9ef4e5a1cfa1b34cc605583869a81dd886c3cb878e0a186661f7b9,0,94212960,0.03699791375118318,1741106723811138,Ethereum,0.0216417,ETH,0,2,2025-03-04
cx88fd7df7ddff82f7cc735c871dc519838cb235bb,hx4dc7903504bb800a462378348a42f53742759e0b,cxa0af3165c08318e988cb30993b3048335b94af6c,0x4227a748c27780000,0x08f71f48f628a9cc87e391f0a036f3bb01bb8b904a830d139cdc8c59eb1cbe42,0,94212960,76.27140258459288,1741106723811138,Balanced Dollar,0.02221895,bnUSD,0,1,2025-03-04
cx288d13e1b63563459a2ac6179f237711f6851cb5,cx21e94c08c03daee80c25d8ee3ea22a20786ec231,hx4dc7903504bb800a462378348a42f53742759e0b,0x83823b0315f833,0xaa504f7ade18211e0cc6693fde1a4e5c85131b61c0be66993257fdff22b6f1aa,13,94212958,0.037016411915548726,1741106719809957,Ethereum,0.2357294,ETH,0,2,2025-03-04
cx88fd7df7ddff82f7cc735c871dc519838cb235bb,cxa0af3165c08318e988cb30993b3048335b94af6c,cx5faae53c4dbd1fbe4a2eb4aab6565030f10da5c6,0x19695e1dad3f327,0xaa504f7ade18211e0cc6693fde1a4e5c85131b61c0be66993257fdff22b6f1aa,11,94212958,0.11444363781603,1741106719809957,Balanced Dollar,0.2357294,bnUSD,0,2,2025-03-04
cx288d13e1b63563459a2ac6179f237711f6851cb5,cxa0af3165c08318e988cb30993b3048335b94af6c,cx21e94c08c03daee80c25d8ee3ea22a20786ec231,0x83823b0315f833,0xaa504f7ade18211e0cc6693fde1a4e5c85131b61c0be66993257fdff22b6f1aa,10,94212958,0.037016411915548726,1741106719809957,Ethereum,0.2357294,ETH,0,2,2025-03-04
cx88fd7df7ddff82f7cc735c871dc519838cb235bb,cx21e94c08c03daee80c25d8ee3ea22a20786ec231,cxa0af3165c08318e988cb30993b3048335b94af6c,0x422d0fc29dd493770,0xaa504f7ade18211e0cc6693fde1a4e5c85131b61c0be66993257fdff22b6f1aa,9,94212958,76.29575854401999,1741106719809957,Balanced Dollar,0.2357294,bnUSD,0,2,2025-03-04
cx88fd7df7ddff82f7cc735c871dc519838cb235bb,cxa0af3165c08318e988cb30993b3048335b94af6c,cx5faae53c4dbd1fbe4a2eb4aab6565030f10da5c6,0x197c5a221549941,0xaa504f7ade18211e0cc6693fde1a4e5c85131b61c0be66993257fdff22b6f1aa,7,94212958,0.1147776156558032,1741106719809957,Balanced Dollar,0.2357294,bnUSD,0,2,2025-03-04
cx88fd7df7ddff82f7cc735c871dc519838cb235bb,cxa0af3165c08318e988cb30993b3048335b94af6c,cx21e94c08c03daee80c25d8ee3ea22a20786ec231,0x422d0fc29dd493770,0xaa504f7ade18211e0cc6693fde1a4e5c85131b61c0be66993257fdff22b6f1aa,6,94212958,76.29575854401999,1741106719809957,Balanced Dollar,0.2357294,bnUSD,0,2,2025-03-04
cx2609b924e33ef00b648a409245c7ea394c467824,cx21e94c08c03daee80c25d8ee3ea22a20786ec231,cxa0af3165c08318e988cb30993b3048335b94af6c,0x1e4ab2e3acb0bc0bce,0xaa504f7ade18211e0cc6693fde1a4e5c85131b61c0be66993257fdff22b6f1aa,5,94212958,558.7849370467867,1741106719809957,Staked ICX,0.2357294,sICX,0,2,2025-03-04
cx2609b924e33ef00b648a409245c7ea394c467824,hx0000000000000000000000000000000000000000,cx21e94c08c03daee80c25d8ee3ea22a20786ec231,0x1e4ab2e3acb0bc0bce,0xaa504f7ade18211e0cc6693fde1a4e5c85131b61c0be66993257fdff22b6f1aa,3,94212958,558.7849370467867,1741106719809957,Staked ICX,0.2357294,sICX,0,2,2025-03-04
cx88fd7df7ddff82f7cc735c871dc519838cb235bb,cx21e94c08c03daee80c25d8ee3ea22a20786ec231,hx4dc7903504bb800a462378348a42f53742759e0b,0x42302021dd56cd372,0x2e14e4f2426b98c1390c849b3459a48b2f850eab545070571023c3164bbd0f78,9,94212958,76.3095573632771,1741106719809957,Balanced Dollar,0.1781129125,bnUSD,0,1,2025-03-04
cx88fd7df7ddff82f7cc735c871dc519838cb235bb,cxa0af3165c08318e988cb30993b3048335b94af6c,cx5faae53c4dbd1fbe4a2eb4aab6565030f10da5c6,0x197d883282fcda6,0x2e14e4f2426b98c1390c849b3459a48b2f850eab545070571023c3164bbd0f78,7,94212958,0.11479837334777386,1741106719809957,Balanced Dollar,0.1781129125,bnUSD,0,1,2025-03-04
cx88fd7df7ddff82f7cc735c871dc519838cb235bb,cxa0af3165c08318e988cb30993b3048335b94af6c,cx21e94c08c03daee80c25d8ee3ea22a20786ec231,0x42302021dd56cd372,0x2e14e4f2426b98c1390c849b3459a48b2f850eab545070571023c3164bbd0f78,6,94212958,76.3095573632771,1741106719809957,Balanced Dollar,0.1781129125,bnUSD,0,1,2025-03-04
cx2609b924e33ef00b648a409245c7ea394c467824,cx21e94c08c03daee80c25d8ee3ea22a20786ec231,cxa0af3165c08318e988cb30993b3048335b94af6c,0x1e4ab2e3acb0bc0bce,0x2e14e4f2426b98c1390c849b3459a48b2f850eab545070571023c3164bbd0f78,5,94212958,558.7849370467867,1741106719809957,Staked ICX,0.1781129125,sICX,0,1,2025-03-04
cx2609b924e33ef00b648a409245c7ea394c467824,hx0000000000000000000000000000000000000000,cx21e94c08c03daee80c25d8ee3ea22a20786ec231,0x1e4ab2e3acb0bc0bce,0x2e14e4f2426b98c1390c849b3459a48b2f850eab545070571023c3164bbd0f78,3,94212958,558.7849370467867,1741106719809957,Staked ICX,0.1781129125,sICX,0,1,2025-03-04
cx88fd7df7ddff82f7cc735c871dc519838cb235bb,cxa0af3165c08318e988cb30993b3048335b94af6c,cx5faae53c4dbd1fbe4a2eb4aab6565030f10da5c6,0x19d18a0a83237f5,0x3416fd46c035fca8a073bac028effbd2ffe3875498b96897a80449feef0277be,2,94212944,0.11627624367719833,1741106692003250,Balanced Dollar,0.0569125875,bnUSD,0,1,2025-03-04
cx88fd7df7ddff82f7cc735c871dc519838cb235bb,cxa0af3165c08318e988cb30993b3048335b94af6c,hxd75467e3e4ce64e3424c747dfb71503017440433,0x430e4002db4a30291,0x3416fd46c035fca8a073bac028effbd2ffe3875498b96897a80449feef0277be,1,94212944,77.30991729965288,1741106692003250,Balanced Dollar,0.0569125875,bnUSD,0,1,2025-03-04
cx66a031cc3bd305c76371fb586e93801b948254f0,hxd75467e3e4ce64e3424c747dfb71503017440433,cxa0af3165c08318e988cb30993b3048335b94af6c,0x3782dace9d900000,0x3416fd46c035fca8a073bac028effbd2ffe3875498b96897a80449feef0277be,0,94212944,4.0,1741106692003250,Avalanche,0.0569125875,AVAX,0,1,2025-03-04
cx88fd7df7ddff82f7cc735c871dc519838cb235bb,cxa0af3165c08318e988cb30993b3048335b94af6c,cx5faae53c4dbd1fbe4a2eb4aab6565030f10da5c6,0x14878ee81b9a6ab,0x8643cb5d398f651f48140edee5ff1f52ff4f47d979e728a98c31670f2a215a26,2,94212941,0.09245675813507243,1741106685793591,Balanced Dollar,0.0569765875,bnUSD,0,1,2025-03-04
cx88fd7df7ddff82f7cc735c871dc519838cb235bb,cxa0af3165c08318e988cb30993b3048335b94af6c,hxd75467e3e4ce64e3424c747dfb71503017440433,0x354f347693b66a476,0x8643cb5d398f651f48140edee5ff1f52ff4f47d979e728a98c31670f2a215a26,1,94212941,61.46154705694901,1741106685793591,Balanced Dollar,0.0569765875,bnUSD,0,1,2025-03-04
cx288d13e1b63563459a2ac6179f237711f6851cb5,hxd75467e3e4ce64e3424c747dfb71503017440433,cxa0af3165c08318e988cb30993b3048335b94af6c,0x6a94d74f430000,0x8643cb5d398f651f48140edee5ff1f52ff4f47d979e728a98c31670f2a215a26,0,94212941,0.03,1741106685793591,Ethereum,0.0569765875,ETH,0,1,2025-03-04
cx2609b924e33ef00b648a409245c7ea394c467824,cx21e94c08c03daee80c25d8ee3ea22a20786ec231,hx2debd9ec927cca1639da8d3518dd9dbf1cdfb357,0x6c6b536df142b9d332,0x3b53680738dce4c2a1c4ef274230a5e7cbeaa18801dbfab5f8f2e4a98ae4e0db,5,94212924,1999.982005828731,1741106651778237,Staked ICX,0.112702,sICX,0,1,2025-03-04
cx88fd7df7ddff82f7cc735c871dc519838cb235bb,cxa0af3165c08318e988cb30993b3048335b94af6c,cx5faae53c4dbd1fbe4a2eb4aab6565030f10da5c6,0x5b7eda50f2d9fb5,0x3b53680738dce4c2a1c4ef274230a5e7cbeaa18801dbfab5f8f2e4a98ae4e0db,3,94212924,0.41205918410772474,1741106651778237,Balanced Dollar,0.112702,bnUSD,0,1,2025-03-04
cx2609b924e33ef00b648a409245c7ea394c467824,cxa0af3165c08318e988cb30993b3048335b94af6c,cx21e94c08c03daee80c25d8ee3ea22a20786ec231,0x6c6b536df142b9d332,0x3b53680738dce4c2a1c4ef274230a5e7cbeaa18801dbfab5f8f2e4a98ae4e0db,2,94212924,1999.982005828731,1741106651778237,Staked ICX,0.112702,sICX,0,1,2025-03-04
cx88fd7df7ddff82f7cc735c871dc519838cb235bb,cx21e94c08c03daee80c25d8ee3ea22a20786ec231,cxa0af3165c08318e988cb30993b3048335b94af6c,0xee450332cdc253cb0,0x3b53680738dce4c2a1c4ef274230a5e7cbeaa18801dbfab5f8f2e4a98ae4e0db,1,94212924,274.70612273848315,1741106651778237,Balanced Dollar,0.112702,bnUSD,0,1,2025-03-04
cx88fd7df7ddff82f7cc735c871dc519838cb235bb,hx2debd9ec927cca1639da8d3518dd9dbf1cdfb357,cx21e94c08c03daee80c25d8ee3ea22a20786ec231,0xee450332cdc253cb0,0x3b53680738dce4c2a1c4ef274230a5e7cbeaa18801dbfab5f8f2e4a98ae4e0db,0,94212924,274.70612273848315,1741106651778237,Balanced Dollar,0.112702,bnUSD,0,1,2025-03-04
cx88fd7df7ddff82f7cc735c871dc519838cb235bb,cxa0af3165c08318e988cb30993b3048335b94af6c,cx5faae53c4dbd1fbe4a2eb4aab6565030f10da5c6,0x1489082ca65393f,0x1bfac15de29de073e022218ab7806ad4fee8cfb1665dcce5a554d7fbb4445fd0,2,94212918,0.09248268377687481,1741106639774519,Balanced Dollar,0.0569765875,bnUSD,0,5,2025-03-04
cx88fd7df7ddff82f7cc735c871dc519838cb235bb,cxa0af3165c08318e988cb30993b3048335b94af6c,hxd75467e3e4ce64e3424c747dfb71503017440433,0x35530830a91151357,0x1bfac15de29de073e022218ab7806ad4fee8cfb1665dcce5a554d7fbb4445fd0,1,94212918,61.47878259464163,1741106639774519,Balanced Dollar,0.0569765875,bnUSD,0,5,2025-03-04
cx288d13e1b63563459a2ac6179f237711f6851cb5,hxd75467e3e4ce64e3424c747dfb71503017440433,cxa0af3165c08318e988cb30993b3048335b94af6c,0x6a94d74f430000,0x1bfac15de29de073e022218ab7806ad4fee8cfb1665dcce5a554d7fbb4445fd0,0,94212918,0.03,1741106639774519,Ethereum,0.0569765875,ETH,0,5,2025-03-04
cx65c9e3d4fea842e00add0d32a5b4c5e4e04c7a6b,hx0000000000000000000000000000000000000000,hxd75467e3e4ce64e3424c747dfb71503017440433,0xb263b18a,0x5bcede78aa04c016d880d82d555f946d05fe1549e70f0f17c46187a84fe468e9,1,94212915,2.992877962,1741106633869390,Solana,0.022660075,SOL,0,1,2025-03-04
cx88fd7df7ddff82f7cc735c871dc519838cb235bb,cxa0af3165c08318e988cb30993b3048335b94af6c,cx5faae53c4dbd1fbe4a2eb4aab6565030f10da5c6,0x19d5ceefd8ad30e,0xb2b0d772872ae209baaefffce401a6c780e3e19623a6573c3bed03b4a2af7b39,2,94212914,0.11635134690720642,1741106631969371,Balanced Dollar,0.0569125875,bnUSD,0,1,2025-03-04
cx88fd7df7ddff82f7cc735c871dc519838cb235bb,cxa0af3165c08318e988cb30993b3048335b94af6c,hxd75467e3e4ce64e3424c747dfb71503017440433,0x431956ee92b75512e,0xb2b0d772872ae209baaefffce401a6c780e3e19623a6573c3bed03b4a2af7b39,1,94212914,77.3598601219621,1741106631969371,Balanced Dollar,0.0569125875,bnUSD,0,1,2025-03-04
cx66a031cc3bd305c76371fb586e93801b948254f0,hxd75467e3e4ce64e3424c747dfb71503017440433,cxa0af3165c08318e988cb30993b3048335b94af6c,0x3782dace9d900000,0xb2b0d772872ae209baaefffce401a6c780e3e19623a6573c3bed03b4a2af7b39,0,94212914,4.0,1741106631969371,Avalanche,0.0569125875,AVAX,0,1,2025-03-04
cx88fd7df7ddff82f7cc735c871dc519838cb235bb,cxa0af3165c08318e988cb30993b3048335b94af6c,cx5faae53c4dbd1fbe4a2eb4aab6565030f10da5c6,0x19da14e467527fc,0x863dea0e0f466e04e05ed452446a11cf59d06ab1572d7c256e145347778d060f,2,94212885,0.11642652294310502,1741106573757127,Balanced Dollar,0.0569125875,bnUSD,0,1,2025-03-04
cx88fd7df7ddff82f7cc735c871dc519838cb235bb,cxa0af3165c08318e988cb30993b3048335b94af6c,hxd75467e3e4ce64e3424c747dfb71503017440433,0x4324709aefb205c27,0x863dea0e0f466e04e05ed452446a11cf59d06ab1572d7c256e145347778d060f,1,94212885,77.40985136722323,1741106573757127,Balanced Dollar,0.0569125875,bnUSD,0,1,2025-03-04
cx66a031cc3bd305c76371fb586e93801b948254f0,hxd75467e3e4ce64e3424c747dfb71503017440433,cxa0af3165c08318e988cb30993b3048335b94af6c,0x3782dace9d900000,0x863dea0e0f466e04e05ed452446a11cf59d06ab1572d7c256e145347778d060f,0,94212885,4.0,1741106573757127,Avalanche,0.0569125875,AVAX,0,1,2025-03-04
cx88fd7df7ddff82f7cc735c871dc519838cb235bb,cxa0af3165c08318e988cb30993b3048335b94af6c,cx5faae53c4dbd1fbe4a2eb4aab6565030f10da5c6,0x148a8199d497f05,0x223fa5035bbed94160565e2b43bab2fe2ba5a9a5ca4a85102bb14a5405d2da70,2,94212880,0.09250862032758349,1741106563750636,Balanced Dollar,0.0569765875,bnUSD,0,1,2025-03-04
cx88fd7df7ddff82f7cc735c871dc519838cb235bb,cxa0af3165c08318e988cb30993b3048335b94af6c,hxd75467e3e4ce64e3424c747dfb71503017440433,0x3556dc54494a74f4b,0x223fa5035bbed94160565e2b43bab2fe2ba5a9a5ca4a85102bb14a5405d2da70,1,94212880,61.49602538515643,1741106563750636,Balanced Dollar,0.0569765875,bnUSD,0,1,2025-03-04
cx288d13e1b63563459a2ac6179f237711f6851cb5,hxd75467e3e4ce64e3424c747dfb71503017440433,cxa0af3165c08318e988cb30993b3048335b94af6c,0x6a94d74f430000,0x223fa5035bbed94160565e2b43bab2fe2ba5a9a5ca4a85102bb14a5405d2da70,0,94212880,0.03,1741106563750636,Ethereum,0.0569765875,ETH,0,1,2025-03-04
cx88fd7df7ddff82f7cc735c871dc519838cb235bb,cxa0af3165c08318e988cb30993b3048335b94af6c,cx5faae53c4dbd1fbe4a2eb4aab6565030f10da5c6,0x148bfb2fac3e1b1,0x33ec744ccedcad53e866f2b6aeb0940e72817fb37aa484be1c4d38229ddea8ee,2,94212863,0.09253456779332037,1741106529738588,Balanced Dollar,0.0569765875,bnUSD,0,1,2025-03-04
cx88fd7df7ddff82f7cc735c871dc519838cb235bb,cxa0af3165c08318e988cb30993b3048335b94af6c,hxd75467e3e4ce64e3424c747dfb71503017440433,0x355ab0e1838bb98e3,0x33ec744ccedcad53e866f2b6aeb0940e72817fb37aa484be1c4d38229ddea8ee,1,94212863,61.51327543256387,1741106529738588,Balanced Dollar,0.0569765875,bnUSD,0,1,2025-03-04
cx288d13e1b63563459a2ac6179f237711f6851cb5,hxd75467e3e4ce64e3424c747dfb71503017440433,cxa0af3165c08318e988cb30993b3048335b94af6c,0x6a94d74f430000,0x33ec744ccedcad53e866f2b6aeb0940e72817fb37aa484be1c4d38229ddea8ee,0,94212863,0.03,1741106529738588,Ethereum,0.0569765875,ETH,0,1,2025-03-04
cx88fd7df7ddff82f7cc735c871dc519838cb235bb,cxa0af3165c08318e988cb30993b3048335b94af6c,cx5faae53c4dbd1fbe4a2eb4aab6565030f10da5c6,0x19de5be888dc9a8,0x357edd84633b577f9548e543699759c13b1202079e190149c642a06151e76a7c,2,94212860,0.11650177187904145,1741106523734683,Balanced Dollar,0.0569125875,bnUSD,0,1,2025-03-04
cx88fd7df7ddff82f7cc735c871dc519838cb235bb,cxa0af3165c08318e988cb30993b3048335b94af6c,hxd75467e3e4ce64e3424c747dfb71503017440433,0x432f8d08db883404f,0x357edd84633b577f9548e543699759c13b1202079e190149c642a06151e76a7c,1,94212860,77.45989109806342,1741106523734683,Balanced Dollar,0.0569125875,bnUSD,0,1,2025-03-04
cx66a031cc3bd305c76371fb586e93801b948254f0,hxd75467e3e4ce64e3424c747dfb71503017440433,cxa0af3165c08318e988cb30993b3048335b94af6c,0x3782dace9d900000,0x357edd84633b577f9548e543699759c13b1202079e190149c642a06151e76a7c,0,94212860,4.0,1741106523734683,Avalanche,0.0569125875,AVAX,0,1,2025-03-04
cx88fd7df7ddff82f7cc735c871dc519838cb235bb,cxa0af3165c08318e988cb30993b3048335b94af6c,cx5faae53c4dbd1fbe4a2eb4aab6565030f10da5c6,0x19e2a3fc9739dad,0xc965dd5c2c7dd2b8d5c6b1410cd004a944b0f45e08bc016371b2c96e04d3877b,2,94212840,0.11657709380931525,1741106483819694,Balanced Dollar,0.0569125875,bnUSD,0,1,2025-03-04
cx88fd7df7ddff82f7cc735c871dc519838cb235bb,cxa0af3165c08318e988cb30993b3048335b94af6c,hxd75467e3e4ce64e3424c747dfb71503017440433,0x433aac393fe86a27b,0xc965dd5c2c7dd2b8d5c6b1410cd004a944b0f45e08bc016371b2c96e04d3877b,1,94212840,77.50997937721118,1741106483819694,Balanced Dollar,0.0569125875,bnUSD,0,1,2025-03-04
cx66a031cc3bd305c76371fb586e93801b948254f0,hxd75467e3e4ce64e3424c747dfb71503017440433,cxa0af3165c08318e988cb30993b3048335b94af6c,0x3782dace9d900000,0xc965dd5c2c7dd2b8d5c6b1410cd004a944b0f45e08bc016371b2c96e04d3877b,0,94212840,4.0,1741106483819694,Avalanche,0.0569125875,AVAX,0,1,2025-03-04
cx88fd7df7ddff82f7cc735c871dc519838cb235bb,cxa0af3165c08318e988cb30993b3048335b94af6c,cx5faae53c4dbd1fbe4a2eb4aab6565030f10da5c6,0x148d74ee331dbbf,0x3f590fcd9f1a972aff7fbf187baf534d63ae785965fd64e8e15a89351fb39ff6,2,94212836,0.09256052618021164,1741106475753680,Balanced Dollar,0.0569765875,bnUSD,0,1,2025-03-04
cx88fd7df7ddff82f7cc735c871dc519838cb235bb,cxa0af3165c08318e988cb30993b3048335b94af6c,hxd75467e3e4ce64e3424c747dfb71503017440433,0x355e85d86701bc592,0x3f590fcd9f1a972aff7fbf187baf534d63ae785965fd64e8e15a89351fb39ff6,1,94212836,61.53053274093727,1741106475753680,Balanced Dollar,0.0569765875,bnUSD,0,1,2025-03-04
cx288d13e1b63563459a2ac6179f237711f6851cb5,hxd75467e3e4ce64e3424c747dfb71503017440433,cxa0af3165c08318e988cb30993b3048335b94af6c,0x6a94d74f430000,0x3f590fcd9f1a972aff7fbf187baf534d63ae785965fd64e8e15a89351fb39ff6,0,94212836,0.03,1741106475753680,Ethereum,0.0569765875,ETH,0,1,2025-03-04
cx88fd7df7ddff82f7cc735c871dc519838cb235bb,cxd82fb5d3effecd8c9071a4bba3856ad7222c4b91,hxd75467e3e4ce64e3424c747dfb71503017440433,0x6c6b935b8bbd400000,0xdb109a171f67d4ff80cc20fe22c246171ab4726abf35fcfb102d024da4464946,0,94212834,2000.0,1741106471716760,Balanced Dollar,0.02069225,bnUSD,0,1,2025-03-04
cxf61cd5a45dc9f91c15aa65831a30a90d59a09619,cx9345f80d6c98357ccbb70392b14162199c2c5f66,cxd82fb5d3effecd8c9071a4bba3856ad7222c4b91,0x3768f9dea50b710,0x2c70df0c50e4b393ab6676343e15042eb5b7970e3a9dd5812d2f50cbaf7bfba0,4,94212828,0.24954473776943695,1741106459712779,Balance Token,0.1302328625,BALN,0,1,2025-03-04
cx2609b924e33ef00b648a409245c7ea394c467824,cx9345f80d6c98357ccbb70392b14162199c2c5f66,cxd82fb5d3effecd8c9071a4bba3856ad7222c4b91,0x3cf37cc38271b231,0x2c70df0c50e4b393ab6676343e15042eb5b7970e3a9dd5812d2f50cbaf7bfba0,3,94212828,4.391991240765321,1741106459712779,Staked ICX,0.1302328625,sICX,0,1,2025-03-04
cx88fd7df7ddff82f7cc735c871dc519838cb235bb,hx0000000000000000000000000000000000000000,cx5faae53c4dbd1fbe4a2eb4aab6565030f10da5c6,0x0,0x2c70df0c50e4b393ab6676343e15042eb5b7970e3a9dd5812d2f50cbaf7bfba0,2,94212828,0.0,1741106459712779,Balanced Dollar,0.1302328625,bnUSD,0,1,2025-03-04
cx88fd7df7ddff82f7cc735c871dc519838cb235bb,hx0000000000000000000000000000000000000000,cxd82fb5d3effecd8c9071a4bba3856ad7222c4b91,0x9b2ff8b184128b7,0x2c70df0c50e4b393ab6676343e15042eb5b7970e3a9dd5812d2f50cbaf7bfba0,1,94212828,0.6989018650683086,1741106459712779,Balanced Dollar,0.1302328625,bnUSD,0,1,2025-03-04
cx88fd7df7ddff82f7cc735c871dc519838cb235bb,hxd75467e3e4ce64e3424c747dfb71503017440433,cxd82fb5d3effecd8c9071a4bba3856ad7222c4b91,0xa5c62cfd13ecb80000,0x2c70df0c50e4b393ab6676343e15042eb5b7970e3a9dd5812d2f50cbaf7bfba0,0,94212828,3057.9928389425786,1741106459712779,Balanced Dollar,0.1302328625,bnUSD,0,1,2025-03-04
cx88fd7df7ddff82f7cc735c871dc519838cb235bb,cxa0af3165c08318e988cb30993b3048335b94af6c,cx5faae53c4dbd1fbe4a2eb4aab6565030f10da5c6,0x148eeed56f0f878,0xdc718e1cbef08ebd5758d660af3c8d791389c9f64a8b8b466fe1ef1507a0f846,2,94212813,0.09258649549438783,1741106429701983,Balanced Dollar,0.0569765875,bnUSD,0,1,2025-03-04
cx88fd7df7ddff82f7cc735c871dc519838cb235bb,cxa0af3165c08318e988cb30993b3048335b94af6c,hxd75467e3e4ce64e3424c747dfb71503017440433,0x35625b3902dbd4916,0xdc718e1cbef08ebd5758d660af3c8d791389c9f64a8b8b466fe1ef1507a0f846,1,94212813,61.54779731435279,1741106429701983,Balanced Dollar,0.0569765875,bnUSD,0,1,2025-03-04
cx288d13e1b63563459a2ac6179f237711f6851cb5,hxd75467e3e4ce64e3424c747dfb71503017440433,cxa0af3165c08318e988cb30993b3048335b94af6c,0x6a94d74f430000,0xdc718e1cbef08ebd5758d660af3c8d791389c9f64a8b8b466fe1ef1507a0f846,0,94212813,0.03,1741106429701983,Ethereum,0.0569765875,ETH,0,1,2025-03-04
cx88fd7df7ddff82f7cc735c871dc519838cb235bb,cxa0af3165c08318e988cb30993b3048335b94af6c,cx5faae53c4dbd1fbe4a2eb4aab6565030f10da5c6,0xd82a8f226f10c8,0x1a92cedf6877eefbe2945170f9dd146426e34768c5171ccd71f2ff03482b1b25,2,94212810,0.06084538921589575,1741106423704946,Balanced Dollar,0.0473681375,bnUSD,0,1,2025-03-04
cx88fd7df7ddff82f7cc735c871dc519838cb235bb,cxa0af3165c08318e988cb30993b3048335b94af6c,hxd75467e3e4ce64e3424c747dfb71503017440433,0x2316490e97c3314a2,0x1a92cedf6877eefbe2945170f9dd146426e34768c5171ccd71f2ff03482b1b25,1,94212810,40.45261708543414,1741106423704946,Balanced Dollar,0.0473681375,bnUSD,0,1,2025-03-04
cx65c9e3d4fea842e00add0d32a5b4c5e4e04c7a6b,hxd75467e3e4ce64e3424c747dfb71503017440433,cxa0af3165c08318e988cb30993b3048335b94af6c,0x11e1a300,0x1a92cedf6877eefbe2945170f9dd146426e34768c5171ccd71f2ff03482b1b25,0,94212810,0.3,1741106423704946,Solana,0.0473681375,SOL,0,1,2025-03-04
cx88fd7df7ddff82f7cc735c871dc519838cb235bb,cxa0af3165c08318e988cb30993b3048335b94af6c,cx5faae53c4dbd1fbe4a2eb4aab6565030f10da5c6,0x19e6ed20ec7dd7e,0x458e15ec6f43be4bd4c8feafde3b23972ab2f56a3bce158239a2531c8882a39f,2,94212806,0.11665248882837849,1741106415702709,Balanced Dollar,0.0569125875,bnUSD,0,1,2025-03-04
cx88fd7df7ddff82f7cc735c871dc519838cb235bb,cxa0af3165c08318e988cb30993b3048335b94af6c,hxd75467e3e4ce64e3424c747dfb71503017440433,0x4345ce2d06e1fafa6,0x458e15ec6f43be4bd4c8feafde3b23972ab2f56a3bce158239a2531c8882a39f,1,94212806,77.56011626749648,1741106415702709,Balanced Dollar,0.0569125875,bnUSD,0,1,2025-03-04
cx66a031cc3bd305c76371fb586e93801b948254f0,hxd75467e3e4ce64e3424c747dfb71503017440433,cxa0af3165c08318e988cb30993b3048335b94af6c,0x3782dace9d900000,0x458e15ec6f43be4bd4c8feafde3b23972ab2f56a3bce158239a2531c8882a39f,0,94212806,4.0,1741106415702709,Avalanche,0.0569125875,AVAX,0,1,2025-03-04
cx88fd7df7ddff82f7cc735c871dc519838cb235bb,cxa0af3165c08318e988cb30993b3048335b94af6c,cx5faae53c4dbd1fbe4a2eb4aab6565030f10da5c6,0x19eb3755e2e1790,0xb882e02f60770a66ee306ec03aa0b6ac28ed12b58d2ec9a0f6dbd2b790ab50f4,2,94212788,0.11672795703083612,1741106379685567,Balanced Dollar,0.0569125875,bnUSD,0,1,2025-03-04
cx88fd7df7ddff82f7cc735c871dc519838cb235bb,cxa0af3165c08318e988cb30993b3048335b94af6c,hxd75467e3e4ce64e3424c747dfb71503017440433,0x4350f2e51ae531ede,0xb882e02f60770a66ee306ec03aa0b6ac28ed12b58d2ec9a0f6dbd2b790ab50f4,1,94212788,77.61030183185096,1741106379685567,Balanced Dollar,0.0569125875,bnUSD,0,1,2025-03-04
cx66a031cc3bd305c76371fb586e93801b948254f0,hxd75467e3e4ce64e3424c747dfb71503017440433,cxa0af3165c08318e988cb30993b3048335b94af6c,0x3782dace9d900000,0xb882e02f60770a66ee306ec03aa0b6ac28ed12b58d2ec9a0f6dbd2b790ab50f4,0,94212788,4.0,1741106379685567,Avalanche,0.0569125875,AVAX,0,1,2025-03-04
cx88fd7df7ddff82f7cc735c871dc519838cb235bb,cxa0af3165c08318e988cb30993b3048335b94af6c,cx5faae53c4dbd1fbe4a2eb4aab6565030f10da5c6,0xd847dd65d2eeff,0xa6099d056f34f3d7bf18e07ee21bc966909a5039d6d82e1937929b192f0c485a,2,94212785,0.060877611191168766,1741106373688680,Balanced Dollar,0.0473681375,bnUSD,0,1,2025-03-04
cx88fd7df7ddff82f7cc735c871dc519838cb235bb,cxa0af3165c08318e988cb30993b3048335b94af6c,hxd75467e3e4ce64e3424c747dfb71503017440433,0x231b0af307a0baf01,0xa6099d056f34f3d7bf18e07ee21bc966909a5039d6d82e1937929b192f0c485a,1,94212785,40.474042473919525,1741106373688680,Balanced Dollar,0.0473681375,bnUSD,0,1,2025-03-04
cx65c9e3d4fea842e00add0d32a5b4c5e4e04c7a6b,hxd75467e3e4ce64e3424c747dfb71503017440433,cxa0af3165c08318e988cb30993b3048335b94af6c,0x11e1a300,0xa6099d056f34f3d7bf18e07ee21bc966909a5039d6d82e1937929b192f0c485a,0,94212785,0.3,1741106373688680,Solana,0.0473681375,SOL,0,1,2025-03-04
cx88fd7df7ddff82f7cc735c871dc519838cb235bb,cxa0af3165c08318e988cb30993b3048335b94af6c,cx5faae53c4dbd1fbe4a2eb4aab6565030f10da5c6,0x149068e565ed3f2,0x4453abc195ea92ec28dd4dad5f32bf895c9f02e235574be94ab09511dc6f61c2,2,94212781,0.09261247574198372,1741106365683504,Balanced Dollar,0.0569765875,bnUSD,0,1,2025-03-04
cx88fd7df7ddff82f7cc735c871dc519838cb235bb,cxa0af3165c08318e988cb30993b3048335b94af6c,hxd75467e3e4ce64e3424c747dfb71503017440433,0x35663103664c13eda,0x4453abc195ea92ec28dd4dad5f32bf895c9f02e235574be94ab09511dc6f61c2,1,94212781,61.56506915688948,1741106365683504,Balanced Dollar,0.0569765875,bnUSD,0,1,2025-03-04
cx288d13e1b63563459a2ac6179f237711f6851cb5,hxd75467e3e4ce64e3424c747dfb71503017440433,cxa0af3165c08318e988cb30993b3048335b94af6c,0x6a94d74f430000,0x4453abc195ea92ec28dd4dad5f32bf895c9f02e235574be94ab09511dc6f61c2,0,94212781,0.03,1741106365683504,Ethereum,0.0569765875,ETH,0,1,2025-03-04
cx2609b924e33ef00b648a409245c7ea394c467824,hx0000000000000000000000000000000000000000,cx66d4d90f5f113eba575bf793570135f9b10cece1,0x51db8a240daebd8968,0x6563341ae2620bc8616a8818ca8688f62a41399ae090c286578f0432b0a30325,3,94212780,1510.0057662527508,1741106363684629,Staked ICX,0.10911915,sICX,0,1,2025-03-04
cx88fd7df7ddff82f7cc735c871dc519838cb235bb,cxa0af3165c08318e988cb30993b3048335b94af6c,cx5faae53c4dbd1fbe4a2eb4aab6565030f10da5c6,0x19ef829bd4c3080,0xa6c16d1afea39b5090a626ceee0270ccf1594b975e0a38b14004924118d454fb,2,94212764,0.11680349851144614,1741106331863067,Balanced Dollar,0.0569125875,bnUSD,0,1,2025-03-04
cx88fd7df7ddff82f7cc735c871dc519838cb235bb,cxa0af3165c08318e988cb30993b3048335b94af6c,hxd75467e3e4ce64e3424c747dfb71503017440433,0x435c1a6266c3834e9,0xa6c16d1afea39b5090a626ceee0270ccf1594b975e0a38b14004924118d454fb,1,94212764,77.66053613330813,1741106331863067,Balanced Dollar,0.0569125875,bnUSD,0,1,2025-03-04
cx66a031cc3bd305c76371fb586e93801b948254f0,hxd75467e3e4ce64e3424c747dfb71503017440433,cxa0af3165c08318e988cb30993b3048335b94af6c,0x3782dace9d900000,0xa6c16d1afea39b5090a626ceee0270ccf1594b975e0a38b14004924118d454fb,0,94212764,4.0,1741106331863067,Avalanche,0.0569125875,AVAX,0,1,2025-03-04
cx88fd7df7ddff82f7cc735c871dc519838cb235bb,cxa0af3165c08318e988cb30993b3048335b94af6c,cx5faae53c4dbd1fbe4a2eb4aab6565030f10da5c6,0x1491e31e1d91b15,0x219eedc24eca80183851672b23c14175effd2c1b55470c457fd378388e31749b,2,94212759,0.09263846692913845,1741106321668416,Balanced Dollar,0.0569765875,bnUSD,0,1,2025-03-04
cx88fd7df7ddff82f7cc735c871dc519838cb235bb,cxa0af3165c08318e988cb30993b3048335b94af6c,hxd75467e3e4ce64e3424c747dfb71503017440433,0x356a0737a08747364,0x219eedc24eca80183851672b23c14175effd2c1b55470c457fd378388e31749b,1,94212759,61.58234827262922,1741106321668416,Balanced Dollar,0.0569765875,bnUSD,0,1,2025-03-04
cx288d13e1b63563459a2ac6179f237711f6851cb5,hxd75467e3e4ce64e3424c747dfb71503017440433,cxa0af3165c08318e988cb30993b3048335b94af6c,0x6a94d74f430000,0x219eedc24eca80183851672b23c14175effd2c1b55470c457fd378388e31749b,0,94212759,0.03,1741106321668416,Ethereum,0.0569765875,ETH,0,1,2025-03-04
cx88fd7df7ddff82f7cc735c871dc519838cb235bb,cxa0af3165c08318e988cb30993b3048335b94af6c,cx5faae53c4dbd1fbe4a2eb4aab6565030f10da5c6,0xd865319fa03ff3,0x1d471c7a12a2124cab94194d5082f9c44a22eadfc7e3e5badd4a94937d5b8020,2,94212756,0.06090985877538405,1741106315670538,Balanced Dollar,0.0473681375,bnUSD,0,2,2025-03-04
cx88fd7df7ddff82f7cc735c871dc519838cb235bb,cxa0af3165c08318e988cb30993b3048335b94af6c,hxd75467e3e4ce64e3424c747dfb71503017440433,0x231fcdcf4ad0e7b70,0x1d471c7a12a2124cab94194d5082f9c44a22eadfc7e3e5badd4a94937d5b8020,1,94212756,40.49548489284219,1741106315670538,Balanced Dollar,0.0473681375,bnUSD,0,2,2025-03-04
cx65c9e3d4fea842e00add0d32a5b4c5e4e04c7a6b,hxd75467e3e4ce64e3424c747dfb71503017440433,cxa0af3165c08318e988cb30993b3048335b94af6c,0x11e1a300,0x1d471c7a12a2124cab94194d5082f9c44a22eadfc7e3e5badd4a94937d5b8020,0,94212756,0.3,1741106315670538,Solana,0.0473681375,SOL,0,2,2025-03-04
cx88fd7df7ddff82f7cc735c871dc519838cb235bb,cxa0af3165c08318e988cb30993b3048335b94af6c,cx5faae53c4dbd1fbe4a2eb4aab6565030f10da5c6,0x135d482bec4143,0x5e2c2dca068d1d3cd36a5ad534416994e2c57824ecc2ded81e40742405b491b9,2,94212756,0.005450589113434435,1741106315670538,Balanced Dollar,0.056862925,bnUSD,0,1,2025-03-04
cx88fd7df7ddff82f7cc735c871dc519838cb235bb,cxa0af3165c08318e988cb30993b3048335b94af6c,hx06efa9167ece33af37f7153dc53bce2775f812f2,0x32471e4f34f78e0b,0x5e2c2dca068d1d3cd36a5ad534416994e2c57824ecc2ded81e40742405b491b9,1,94212756,3.6228977507827422,1741106315670538,Balanced Dollar,0.056862925,bnUSD,0,1,2025-03-04
cx4297f4b63262507623b6ad575d0d8dd2db980e4e,hx06efa9167ece33af37f7153dc53bce2775f812f2,cxa0af3165c08318e988cb30993b3048335b94af6c,0x4cbb16ac6a0cd28,0x5e2c2dca068d1d3cd36a5ad534416994e2c57824ecc2ded81e40742405b491b9,0,94212756,0.3455648685810517,1741106315670538,Injective,0.056862925,INJ,0,1,2025-03-04
cx88fd7df7ddff82f7cc735c871dc519838cb235bb,cxbf469921730ed3c3c8c1924fc482d369f8795fe2,hx385a695da4288bf7d70df14d1201e832c2bcf2a6,0x7a2e8d0bffd960000,0x98c7c53b9919a62bb55e315e3463affc8a4aa8ac598fc207c3bcf159034a7321,1,94212754,140.86607046771985,1741106311667156,Balanced Dollar,0.0417461375,bnUSD,0,2,2025-03-04
cx88fd7df7ddff82f7cc735c871dc519838cb235bb,hx385a695da4288bf7d70df14d1201e832c2bcf2a6,cxbf469921730ed3c3c8c1924fc482d369f8795fe2,0x7a2e8d0bffd960000,0x98c7c53b9919a62bb55e315e3463affc8a4aa8ac598fc207c3bcf159034a7321,0,94212754,140.86607046771985,1741106311667156,Balanced Dollar,0.0417461375,bnUSD,0,2,2025-03-04
cx4297f4b63262507623b6ad575d0d8dd2db980e4e,cx66d4d90f5f113eba575bf793570135f9b10cece1,cx835b300dcfe01f0bdb794e134a0c5628384f4367,0xc66a3fcd5aa27,0x7cc630b438b0383b41f78c1f848f1893bf0478eeada51867f6ae53b30e7b35d9,3,94212754,0.003490554228091431,1741106311667156,Injective,0.0928051,INJ,0,1,2025-03-04
cx4297f4b63262507623b6ad575d0d8dd2db980e4e,cx66d4d90f5f113eba575bf793570135f9b10cece1,hx06efa9167ece33af37f7153dc53bce2775f812f2,0x4cbb16ac6a0cd28,0x7cc630b438b0383b41f78c1f848f1893bf0478eeada51867f6ae53b30e7b35d9,1,94212754,0.3455648685810517,1741106311667156,Injective,0.0928051,INJ,0,1,2025-03-04
cx88fd7df7ddff82f7cc735c871dc519838cb235bb,hx06efa9167ece33af37f7153dc53bce2775f812f2,hx0000000000000000000000000000000000000000,0x2eeb7a9752c5b4d8,0x7cc630b438b0383b41f78c1f848f1893bf0478eeada51867f6ae53b30e7b35d9,0,94212754,3.380930735619028,1741106311667156,Balanced Dollar,0.0928051,bnUSD,0,1,2025-03-04
cx88fd7df7ddff82f7cc735c871dc519838cb235bb,cxa0af3165c08318e988cb30993b3048335b94af6c,cx5faae53c4dbd1fbe4a2eb4aab6565030f10da5c6,0x14935d7f9bd8ba0,0x4f7fe071c66faa1f9b930ea55002bcd048f75836bd4a1eb559065c3dd009f1aa,2,94212735,0.09266446906199542,1741106273651851,Balanced Dollar,0.0569765875,bnUSD,0,2,2025-03-04
cx88fd7df7ddff82f7cc735c871dc519838cb235bb,cxa0af3165c08318e988cb30993b3048335b94af6c,hxd75467e3e4ce64e3424c747dfb71503017440433,0x356dddd5c0c4f6dc2,0x4f7fe071c66faa1f9b930ea55002bcd048f75836bd4a1eb559065c3dd009f1aa,1,94212735,61.59963466565677,1741106273651851,Balanced Dollar,0.0569765875,bnUSD,0,2,2025-03-04
cx288d13e1b63563459a2ac6179f237711f6851cb5,hxd75467e3e4ce64e3424c747dfb71503017440433,cxa0af3165c08318e988cb30993b3048335b94af6c,0x6a94d74f430000,0x4f7fe071c66faa1f9b930ea55002bcd048f75836bd4a1eb559065c3dd009f1aa,0,94212735,0.03,1741106273651851,Ethereum,0.0569765875,ETH,0,2,2025-03-04
cx66a031cc3bd305c76371fb586e93801b948254f0,hx0000000000000000000000000000000000000000,hxd75467e3e4ce64e3424c747dfb71503017440433,0x2705b9f606b5daaa0,0x7db74d3f613306000592cae3cc71e9188ad91835b5b3206035373d13cc7e63f6,1,94212732,44.98972813901468,1741106267842779,Avalanche,0.0237590375,AVAX,0,2,2025-03-04
cx88fd7df7ddff82f7cc735c871dc519838cb235bb,cxa0af3165c08318e988cb30993b3048335b94af6c,cx5faae53c4dbd1fbe4a2eb4aab6565030f10da5c6,0xd8828bd17542df,0xeb9a5e01b04f4b43aece73f103e0a534098f011906dff9bc766901d4a1f64c01,2,94212732,0.060942131995689694,1741106267842779,Balanced Dollar,0.0473681375,bnUSD,0,1,2025-03-04
cx88fd7df7ddff82f7cc735c871dc519838cb235bb,cxa0af3165c08318e988cb30993b3048335b94af6c,hxd75467e3e4ce64e3424c747dfb71503017440433,0x232491a3a497a38c5,0xeb9a5e01b04f4b43aece73f103e0a534098f011906dff9bc766901d4a1f64c01,1,94212732,40.51694436025855,1741106267842779,Balanced Dollar,0.0473681375,bnUSD,0,1,2025-03-04
cx65c9e3d4fea842e00add0d32a5b4c5e4e04c7a6b,hxd75467e3e4ce64e3424c747dfb71503017440433,cxa0af3165c08318e988cb30993b3048335b94af6c,0x11e1a300,0xeb9a5e01b04f4b43aece73f103e0a534098f011906dff9bc766901d4a1f64c01,0,94212732,0.3,1741106267842779,Solana,0.0473681375,SOL,0,1,2025-03-04
cx88fd7df7ddff82f7cc735c871dc519838cb235bb,cxa0af3165c08318e988cb30993b3048335b94af6c,cx5faae53c4dbd1fbe4a2eb4aab6565030f10da5c6,0x1494d809e69f42a,0x27bff2b0fa2b3110e589ae7001eb28945d043d9aac4e7e9634d2fdab3710aaae,2,94212713,0.09269048214670238,1741106229636478,Balanced Dollar,0.0569765875,bnUSD,0,1,2025-03-04
cx88fd7df7ddff82f7cc735c871dc519838cb235bb,cxa0af3165c08318e988cb30993b3048335b94af6c,hxd75467e3e4ce64e3424c747dfb71503017440433,0x3571b4ddd63f678f5,0x27bff2b0fa2b3110e589ae7001eb28945d043d9aac4e7e9634d2fdab3710aaae,1,94212713,61.61692834005978,1741106229636478,Balanced Dollar,0.0569765875,bnUSD,0,1,2025-03-04
cx288d13e1b63563459a2ac6179f237711f6851cb5,hxd75467e3e4ce64e3424c747dfb71503017440433,cxa0af3165c08318e988cb30993b3048335b94af6c,0x6a94d74f430000,0x27bff2b0fa2b3110e589ae7001eb28945d043d9aac4e7e9634d2fdab3710aaae,0,94212713,0.03,1741106229636478,Ethereum,0.0569765875,ETH,0,1,2025-03-04
cx88fd7df7ddff82f7cc735c871dc519838cb235bb,cxa0af3165c08318e988cb30993b3048335b94af6c,cx5faae53c4dbd1fbe4a2eb4aab6565030f10da5c6,0x41611b70983a3b,0x39c1e0462da80fad167b88a2b04910151fc313f1efd4beac0377747720c66599,2,94212709,0.018402643967228474,1741106221633909,Balanced Dollar,0.0705610625,bnUSD,0,1,2025-03-04
cx88fd7df7ddff82f7cc735c871dc519838cb235bb,cxa0af3165c08318e988cb30993b3048335b94af6c,hx06efa9167ece33af37f7153dc53bce2775f812f2,0xa9c016a7b5fbdd41,0x39c1e0462da80fad167b88a2b04910151fc313f1efd4beac0377747720c66599,1,94212709,12.2318014975068,1741106221633909,Balanced Dollar,0.0705610625,bnUSD,0,1,2025-03-04
cx2609b924e33ef00b648a409245c7ea394c467824,hx06efa9167ece33af37f7153dc53bce2775f812f2,cxa0af3165c08318e988cb30993b3048335b94af6c,0x4dbb0db17033d7cc3,0x39c1e0462da80fad167b88a2b04910151fc313f1efd4beac0377747720c66599,0,94212709,89.6173698769306,1741106221633909,Staked ICX,0.0705610625,sICX,0,1,2025-03-04
cx88fd7df7ddff82f7cc735c871dc519838cb235bb,cxa0af3165c08318e988cb30993b3048335b94af6c,cx5faae53c4dbd1fbe4a2eb4aab6565030f10da5c6,0x279486f0ba70f3c,0xd59c1e49eec3a5b1a2757eab85f228ed85158ef9d62b7f2c4bd2c20ca60e793b,2,94212708,0.17825330203191275,1741106219634209,Balanced Dollar,0.0473865625,bnUSD,0,1,2025-03-04
cx88fd7df7ddff82f7cc735c871dc519838cb235bb,cxa0af3165c08318e988cb30993b3048335b94af6c,hxd75467e3e4ce64e3424c747dfb71503017440433,0x66d18addbac6256b9,0xd59c1e49eec3a5b1a2757eab85f228ed85158ef9d62b7f2c4bd2c20ca60e793b,1,94212708,118.54168875083408,1741106219634209,Balanced Dollar,0.0473865625,bnUSD,0,1,2025-03-04
cx508002ec116fbf3ab406329c0df28e70d7e75fb3,hxd75467e3e4ce64e3424c747dfb71503017440433,cxa0af3165c08318e988cb30993b3048335b94af6c,0xba43b7400,0xd59c1e49eec3a5b1a2757eab85f228ed85158ef9d62b7f2c4bd2c20ca60e793b,0,94212708,50.0,1741106219634209,Sui,0.0473865625,SUI,0,1,2025-03-04
cx88fd7df7ddff82f7cc735c871dc519838cb235bb,cxbf469921730ed3c3c8c1924fc482d369f8795fe2,hx385a695da4288bf7d70df14d1201e832c2bcf2a6,0xbd3bf8d43e4300949,0x3ff77eb18470ac2b48f974870cebf708f2c6726ab26b9f096d50cdbfc6643dfa,13,94212707,218.17225419609028,1741106217815733,Balanced Dollar,0.34514905,bnUSD,0,5,2025-03-04
cx2609b924e33ef00b648a409245c7ea394c467824,cx66d4d90f5f113eba575bf793570135f9b10cece1,cx835b300dcfe01f0bdb794e134a0c5628384f4367,0x9abb7c3dd7a7e9a,0x3ff77eb18470ac2b48f974870cebf708f2c6726ab26b9f096d50cdbfc6643dfa,10,94212707,0.6968526192211719,1741106217815733,Staked ICX,0.34514905,sICX,0,5,2025-03-04
cx88fd7df7ddff82f7cc735c871dc519838cb235bb,cxa0af3165c08318e988cb30993b3048335b94af6c,cx5faae53c4dbd1fbe4a2eb4aab6565030f10da5c6,0x3254c70f0fb070,0x3ff77eb18470ac2b48f974870cebf708f2c6726ab26b9f096d50cdbfc6643dfa,6,94212707,0.014166962763444335,1741106217815733,Balanced Dollar,0.34514905,bnUSD,0,5,2025-03-04
cx88fd7df7ddff82f7cc735c871dc519838cb235bb,cxa0af3165c08318e988cb30993b3048335b94af6c,cxbf469921730ed3c3c8c1924fc482d369f8795fe2,0x82add1d17c6e0da6,0x3ff77eb18470ac2b48f974870cebf708f2c6726ab26b9f096d50cdbfc6643dfa,5,94212707,9.416413093567533,1741106217815733,Balanced Dollar,0.34514905,bnUSD,0,5,2025-03-04
cx2609b924e33ef00b648a409245c7ea394c467824,cxbf469921730ed3c3c8c1924fc482d369f8795fe2,cxa0af3165c08318e988cb30993b3048335b94af6c,0x3bd6810bea65ef5ec,0x3ff77eb18470ac2b48f974870cebf708f2c6726ab26b9f096d50cdbfc6643dfa,4,94212707,68.98840930289602,1741106217815733,Staked ICX,0.34514905,sICX,0,5,2025-03-04
cx2609b924e33ef00b648a409245c7ea394c467824,cx66d4d90f5f113eba575bf793570135f9b10cece1,cxbf469921730ed3c3c8c1924fc482d369f8795fe2,0x3bd6810bea65ef5ec,0x3ff77eb18470ac2b48f974870cebf708f2c6726ab26b9f096d50cdbfc6643dfa,3,94212707,68.98840930289602,1741106217815733,Staked ICX,0.34514905,sICX,0,5,2025-03-04
cx88fd7df7ddff82f7cc735c871dc519838cb235bb,cxbf469921730ed3c3c8c1924fc482d369f8795fe2,hx0000000000000000000000000000000000000000,0x7d75007b6113845d,0x3ff77eb18470ac2b48f974870cebf708f2c6726ab26b9f096d50cdbfc6643dfa,1,94212707,9.040132356925785,1741106217815733,Balanced Dollar,0.34514905,bnUSD,0,5,2025-03-04
cx88fd7df7ddff82f7cc735c871dc519838cb235bb,hx385a695da4288bf7d70df14d1201e832c2bcf2a6,cxbf469921730ed3c3c8c1924fc482d369f8795fe2,0xbce86bbedc8d58000,0x3ff77eb18470ac2b48f974870cebf708f2c6726ab26b9f096d50cdbfc6643dfa,0,94212707,217.79597345944853,1741106217815733,Balanced Dollar,0.34514905,bnUSD,0,5,2025-03-04
cx88fd7df7ddff82f7cc735c871dc519838cb235bb,cxbf469921730ed3c3c8c1924fc482d369f8795fe2,hx385a695da4288bf7d70df14d1201e832c2bcf2a6,0x12580dff915a6b96a,0x9357a2d87a83a73a9c64c43fddb238cf46b1659ca6400625e0d52c64926c4076,14,94212707,21.14915011103495,1741106217815733,Balanced Dollar,0.34600345,bnUSD,0,4,2025-03-04
cx2609b924e33ef00b648a409245c7ea394c467824,cx66d4d90f5f113eba575bf793570135f9b10cece1,cx835b300dcfe01f0bdb794e134a0c5628384f4367,0x15b83b11dd5d0e8b,0x9357a2d87a83a73a9c64c43fddb238cf46b1659ca6400625e0d52c64926c4076,11,94212707,1.5650658184255934,1741106217815733,Staked ICX,0.34600345,sICX,0,4,2025-03-04
cx88fd7df7ddff82f7cc735c871dc519838cb235bb,cxa0af3165c08318e988cb30993b3048335b94af6c,cx5faae53c4dbd1fbe4a2eb4aab6565030f10da5c6,0x710aa6f16b98b1,0x9357a2d87a83a73a9c64c43fddb238cf46b1659ca6400625e0d52c64926c4076,7,94212707,0.03181838449951352,1741106217815733,Balanced Dollar,0.34600345,bnUSD,0,4,2025-03-04
cx88fd7df7ddff82f7cc735c871dc519838cb235bb,cxa0af3165c08318e988cb30993b3048335b94af6c,cxbf469921730ed3c3c8c1924fc482d369f8795fe2,0x12580dff915a6b96a,0x9357a2d87a83a73a9c64c43fddb238cf46b1659ca6400625e0d52c64926c4076,6,94212707,21.14915011103495,1741106217815733,Balanced Dollar,0.34600345,bnUSD,0,4,2025-03-04
cx2609b924e33ef00b648a409245c7ea394c467824,cxbf469921730ed3c3c8c1924fc482d369f8795fe2,cxa0af3165c08318e988cb30993b3048335b94af6c,0x8663ed7e89afca018,0x9357a2d87a83a73a9c64c43fddb238cf46b1659ca6400625e0d52c64926c4076,5,94212707,154.94151602413376,1741106217815733,Staked ICX,0.34600345,sICX,0,4,2025-03-04
cx2609b924e33ef00b648a409245c7ea394c467824,cx66d4d90f5f113eba575bf793570135f9b10cece1,cxbf469921730ed3c3c8c1924fc482d369f8795fe2,0x8663ed7e89afca018,0x9357a2d87a83a73a9c64c43fddb238cf46b1659ca6400625e0d52c64926c4076,4,94212707,154.94151602413376,1741106217815733,Staked ICX,0.34600345,sICX,0,4,2025-03-04
cx88fd7df7ddff82f7cc735c871dc519838cb235bb,cxbf469921730ed3c3c8c1924fc482d369f8795fe2,hx0000000000000000000000000000000000000000,0x119c3c86b8e05a000,0x9357a2d87a83a73a9c64c43fddb238cf46b1659ca6400625e0d52c64926c4076,1,94212707,20.303291909386118,1741106217815733,Balanced Dollar,0.34600345,bnUSD,0,4,2025-03-04
cx88fd7df7ddff82f7cc735c871dc519838cb235bb,hx385a695da4288bf7d70df14d1201e832c2bcf2a6,cxbf469921730ed3c3c8c1924fc482d369f8795fe2,0x119c3c86b8e05a000,0x9357a2d87a83a73a9c64c43fddb238cf46b1659ca6400625e0d52c64926c4076,0,94212707,20.303291909386118,1741106217815733,Balanced Dollar,0.34600345,bnUSD,0,4,2025-03-04
cx88fd7df7ddff82f7cc735c871dc519838cb235bb,cxbf469921730ed3c3c8c1924fc482d369f8795fe2,hx385a695da4288bf7d70df14d1201e832c2bcf2a6,0x3fd1734bac9043854,0x1b3ffdd504da8cb49deda72ebbc57a62cb94394bad19a02255a7d2b0ecda370b,14,94212707,73.57733541402983,1741106217815733,Balanced Dollar,0.3459978625,bnUSD,0,3,2025-03-04
cx2609b924e33ef00b648a409245c7ea394c467824,cx66d4d90f5f113eba575bf793570135f9b10cece1,cx835b300dcfe01f0bdb794e134a0c5628384f4367,0x4b8db8c3e73e14b4,0x1b3ffdd504da8cb49deda72ebbc57a62cb94394bad19a02255a7d2b0ecda370b,11,94212707,5.444210676098536,1741106217815733,Staked ICX,0.3459978625,sICX,0,3,2025-03-04
cx88fd7df7ddff82f7cc735c871dc519838cb235bb,cxa0af3165c08318e988cb30993b3048335b94af6c,cx5faae53c4dbd1fbe4a2eb4aab6565030f10da5c6,0x1893e8c1735825f,0x1b3ffdd504da8cb49deda72ebbc57a62cb94394bad19a02255a7d2b0ecda370b,7,94212707,0.11068843725301411,1741106217815733,Balanced Dollar,0.3459978625,bnUSD,0,3,2025-03-04
cx88fd7df7ddff82f7cc735c871dc519838cb235bb,cxa0af3165c08318e988cb30993b3048335b94af6c,cxbf469921730ed3c3c8c1924fc482d369f8795fe2,0x3fd1734bac9043854,0x1b3ffdd504da8cb49deda72ebbc57a62cb94394bad19a02255a7d2b0ecda370b,6,94212707,73.57733541402983,1741106217815733,Balanced Dollar,0.3459978625,bnUSD,0,3,2025-03-04
cx2609b924e33ef00b648a409245c7ea394c467824,cxbf469921730ed3c3c8c1924fc482d369f8795fe2,cxa0af3165c08318e988cb30993b3048335b94af6c,0x1d37ce73c26d0201e2,0x1b3ffdd504da8cb49deda72ebbc57a62cb94394bad19a02255a7d2b0ecda370b,5,94212707,538.9768569337551,1741106217815733,Staked ICX,0.3459978625,sICX,0,3,2025-03-04
cx2609b924e33ef00b648a409245c7ea394c467824,cx66d4d90f5f113eba575bf793570135f9b10cece1,cxbf469921730ed3c3c8c1924fc482d369f8795fe2,0x1d37ce73c26d0201e2,0x1b3ffdd504da8cb49deda72ebbc57a62cb94394bad19a02255a7d2b0ecda370b,4,94212707,538.9768569337551,1741106217815733,Staked ICX,0.3459978625,sICX,0,3,2025-03-04
cx88fd7df7ddff82f7cc735c871dc519838cb235bb,cxbf469921730ed3c3c8c1924fc482d369f8795fe2,hx0000000000000000000000000000000000000000,0x3d4245cd81707c000,0x1b3ffdd504da8cb49deda72ebbc57a62cb94394bad19a02255a7d2b0ecda370b,1,94212707,70.62667733950003,1741106217815733,Balanced Dollar,0.3459978625,bnUSD,0,3,2025-03-04
cx88fd7df7ddff82f7cc735c871dc519838cb235bb,hx385a695da4288bf7d70df14d1201e832c2bcf2a6,cxbf469921730ed3c3c8c1924fc482d369f8795fe2,0x3d4245cd81707c000,0x1b3ffdd504da8cb49deda72ebbc57a62cb94394bad19a02255a7d2b0ecda370b,0,94212707,70.62667733950003,1741106217815733,Balanced Dollar,0.3459978625,bnUSD,0,3,2025-03-04
cx88fd7df7ddff82f7cc735c871dc519838cb235bb,cxbf469921730ed3c3c8c1924fc482d369f8795fe2,hx385a695da4288bf7d70df14d1201e832c2bcf2a6,0x7863f957c67178000,0x5dcf40c1f8e5d29fdb1db994b8b154cd60b789991de4b4821b0a5494accf4a94,1,94212707,138.80082340212005,1741106217815733,Balanced Dollar,0.045417475,bnUSD,0,2,2025-03-04
cx88fd7df7ddff82f7cc735c871dc519838cb235bb,hx385a695da4288bf7d70df14d1201e832c2bcf2a6,cxbf469921730ed3c3c8c1924fc482d369f8795fe2,0x7863f957c67178000,0x5dcf40c1f8e5d29fdb1db994b8b154cd60b789991de4b4821b0a5494accf4a94,0,94212707,138.80082340212005,1741106217815733,Balanced Dollar,0.045417475,bnUSD,0,2,2025-03-04
cx2609b924e33ef00b648a409245c7ea394c467824,cx66d4d90f5f113eba575bf793570135f9b10cece1,cx835b300dcfe01f0bdb794e134a0c5628384f4367,0xc90023689154ed6,0x3fc6a6e5d6a8c63d553222db4b17d771a35669b414a9227caa48ef1f2c36861e,5,94212707,0.9052259583528343,1741106217815733,Staked ICX,0.2543479125,sICX,0,1,2025-03-04
cx2609b924e33ef00b648a409245c7ea394c467824,cx66d4d90f5f113eba575bf793570135f9b10cece1,hx06efa9167ece33af37f7153dc53bce2775f812f2,0x4dbb0db17033d7cc3,0x3fc6a6e5d6a8c63d553222db4b17d771a35669b414a9227caa48ef1f2c36861e,2,94212707,89.6173698769306,1741106217815733,Staked ICX,0.2543479125,sICX,0,1,2025-03-04
cx88fd7df7ddff82f7cc735c871dc519838cb235bb,hx06efa9167ece33af37f7153dc53bce2775f812f2,hx0000000000000000000000000000000000000000,0xa2f8a63ef2b227f3,0x3fc6a6e5d6a8c63d553222db4b17d771a35669b414a9227caa48ef1f2c36861e,0,94212707,11.743318817658514,1741106217815733,Balanced Dollar,0.2543479125,bnUSD,0,1,2025-03-04
cx88fd7df7ddff82f7cc735c871dc519838cb235bb,cxa0af3165c08318e988cb30993b3048335b94af6c,cx5faae53c4dbd1fbe4a2eb4aab6565030f10da5c6,0x1c1612fd55f72d5,0x6bf640a1abaf6584be2bb2d939e45e9a3671958475e61aaf6148eb52447f1209,2,94212703,0.12648912261424405,1741106209629643,Balanced Dollar,0.0569108375,bnUSD,0,1,2025-03-04
cx88fd7df7ddff82f7cc735c871dc519838cb235bb,cxa0af3165c08318e988cb30993b3048335b94af6c,hxd75467e3e4ce64e3424c747dfb71503017440433,0x48f370f59ad96489c,0x6bf640a1abaf6584be2bb2d939e45e9a3671958475e61aaf6148eb52447f1209,1,94212703,84.1067102438198,1741106209629643,Balanced Dollar,0.0569108375,bnUSD,0,1,2025-03-04
cx2d552c485ec8bcaa75aac02424e2aca6ffdb2f1b,hxd75467e3e4ce64e3424c747dfb71503017440433,cxa0af3165c08318e988cb30993b3048335b94af6c,0x214e8348c4f0000,0x6bf640a1abaf6584be2bb2d939e45e9a3671958475e61aaf6148eb52447f1209,0,94212703,0.15,1741106209629643,Binance Coin,0.0569108375,BNB,0,1,2025-03-04
cx88fd7df7ddff82f7cc735c871dc519838cb235bb,cxa0af3165c08318e988cb30993b3048335b94af6c,cx5faae53c4dbd1fbe4a2eb4aab6565030f10da5c6,0xd89febfcf0c391,0x11885676cc564ff0ed235e5970d1a42b325c556e1900d906866dbcbedbe6d77f,2,94212700,0.06097443087926978,1741106203839977,Balanced Dollar,0.0473681375,bnUSD,0,1,2025-03-04
cx88fd7df7ddff82f7cc735c871dc519838cb235bb,cxa0af3165c08318e988cb30993b3048335b94af6c,hxd75467e3e4ce64e3424c747dfb71503017440433,0x23295670584faeb03,0x11885676cc564ff0ed235e5970d1a42b325c556e1900d906866dbcbedbe6d77f,1,94212700,40.53842089424892,1741106203839977,Balanced Dollar,0.0473681375,bnUSD,0,1,2025-03-04
cx65c9e3d4fea842e00add0d32a5b4c5e4e04c7a6b,hxd75467e3e4ce64e3424c747dfb71503017440433,cxa0af3165c08318e988cb30993b3048335b94af6c,0x11e1a300,0x11885676cc564ff0ed235e5970d1a42b325c556e1900d906866dbcbedbe6d77f,0,94212700,0.3,1741106203839977,Solana,0.0473681375,SOL,0,1,2025-03-04
cx88fd7df7ddff82f7cc735c871dc519838cb235bb,cxa0af3165c08318e988cb30993b3048335b94af6c,cx5faae53c4dbd1fbe4a2eb4aab6565030f10da5c6,0xd8bd5223b21aa2,0x4e08d6477e59ec48042235e222f34e82eb8de687bca1397b8b10dde5fe7d38e2,2,94212691,0.06100675545334442,1741106185622000,Balanced Dollar,0.0473681375,bnUSD,0,1,2025-03-04
cx88fd7df7ddff82f7cc735c871dc519838cb235bb,cxa0af3165c08318e988cb30993b3048335b94af6c,hxd75467e3e4ce64e3424c747dfb71503017440433,0x232e1c35a96aa7024,0x4e08d6477e59ec48042235e222f34e82eb8de687bca1397b8b10dde5fe7d38e2,1,94212691,40.55991451291762,1741106185622000,Balanced Dollar,0.0473681375,bnUSD,0,1,2025-03-04
cx65c9e3d4fea842e00add0d32a5b4c5e4e04c7a6b,hxd75467e3e4ce64e3424c747dfb71503017440433,cxa0af3165c08318e988cb30993b3048335b94af6c,0x11e1a300,0x4e08d6477e59ec48042235e222f34e82eb8de687bca1397b8b10dde5fe7d38e2,0,94212691,0.3,1741106185622000,Solana,0.0473681375,SOL,0,1,2025-03-04
cx2609b924e33ef00b648a409245c7ea394c467824,hx247e7c6b63c63d5b04c539373a0fbcffbdedd358,cx66d4d90f5f113eba575bf793570135f9b10cece1,0x688fd9bfca595616579,0x5c6e8f639ec3df35d1ed1480088cd179777927ab1dc6801b410376ce62ca348a,1,94212687,30861.23056894346,1741106177819090,Staked ICX,0.095263875,sICX,0,4,2025-03-04
cx88fd7df7ddff82f7cc735c871dc519838cb235bb,cxa0af3165c08318e988cb30993b3048335b94af6c,cx5faae53c4dbd1fbe4a2eb4aab6565030f10da5c6,0x1c1bd1b8e4bc70f,0xe1bf121778a2437709b153999376e1f4bdf47f7ad09c5c3cbaca70b5cc0a1704,2,94212687,0.12659019059218204,1741106177819090,Balanced Dollar,0.0569108375,bnUSD,0,3,2025-03-04
cx88fd7df7ddff82f7cc735c871dc519838cb235bb,cxa0af3165c08318e988cb30993b3048335b94af6c,hxd75467e3e4ce64e3424c747dfb71503017440433,0x49025dcb0c85386b3,0xe1bf121778a2437709b153999376e1f4bdf47f7ad09c5c3cbaca70b5cc0a1704,1,94212687,84.17392706227139,1741106177819090,Balanced Dollar,0.0569108375,bnUSD,0,3,2025-03-04
cx2d552c485ec8bcaa75aac02424e2aca6ffdb2f1b,hxd75467e3e4ce64e3424c747dfb71503017440433,cxa0af3165c08318e988cb30993b3048335b94af6c,0x214e8348c4f0000,0xe1bf121778a2437709b153999376e1f4bdf47f7ad09c5c3cbaca70b5cc0a1704,0,94212687,0.15,1741106177819090,Binance Coin,0.0569108375,BNB,0,3,2025-03-04
cx288d13e1b63563459a2ac6179f237711f6851cb5,hx0000000000000000000000000000000000000000,hxd75467e3e4ce64e3424c747dfb71503017440433,0x6eea41f12d5b2c0,0xfb17d73f84205f57f01a9113fc2b841e5b16c16bd92ab733d5dcf222bc1d6dee,1,94212684,0.49951706205164,1741106171617767,Ethereum,0.0230416875,ETH,0,1,2025-03-04
cx88fd7df7ddff82f7cc735c871dc519838cb235bb,cxa0af3165c08318e988cb30993b3048335b94af6c,cx5faae53c4dbd1fbe4a2eb4aab6565030f10da5c6,0x1c21923800ca210,0x1ffa507a2d3f84e8cd6b20b0766f140b9e48134d0616ed53e7ccff13bbdbff79,2,94212681,0.12669137978265652,1741106165615755,Balanced Dollar,0.0569108375,bnUSD,0,2,2025-03-04
cx88fd7df7ddff82f7cc735c871dc519838cb235bb,cxa0af3165c08318e988cb30993b3048335b94af6c,hxd75467e3e4ce64e3424c747dfb71503017440433,0x49114f35d1df93ccc,0x1ffa507a2d3f84e8cd6b20b0766f140b9e48134d0616ed53e7ccff13bbdbff79,1,94212681,84.24122451113236,1741106165615755,Balanced Dollar,0.0569108375,bnUSD,0,2,2025-03-04
cx2d552c485ec8bcaa75aac02424e2aca6ffdb2f1b,hxd75467e3e4ce64e3424c747dfb71503017440433,cxa0af3165c08318e988cb30993b3048335b94af6c,0x214e8348c4f0000,0x1ffa507a2d3f84e8cd6b20b0766f140b9e48134d0616ed53e7ccff13bbdbff79,0,94212681,0.15,1741106165615755,Binance Coin,0.0569108375,BNB,0,2,2025-03-04
cxf61cd5a45dc9f91c15aa65831a30a90d59a09619,cx9345f80d6c98357ccbb70392b14162199c2c5f66,cxd82fb5d3effecd8c9071a4bba3856ad7222c4b91,0x1dc01832d0e210,0x32c8c3527c1a0cd089e126d42d075bb42e8c660a2e7b610377c25b106d773d1d,4,94212679,0.00837398448890728,1741106161616269,Balance Token,0.1302147375,BALN,0,1,2025-03-04
cx2609b924e33ef00b648a409245c7ea394c467824,cx9345f80d6c98357ccbb70392b14162199c2c5f66,cxd82fb5d3effecd8c9071a4bba3856ad7222c4b91,0x20b9b619f0218e1,0x32c8c3527c1a0cd089e126d42d075bb42e8c660a2e7b610377c25b106d773d1d,3,94212679,0.14738225640152086,1741106161616269,Staked ICX,0.1302147375,sICX,0,1,2025-03-04
cx88fd7df7ddff82f7cc735c871dc519838cb235bb,hx0000000000000000000000000000000000000000,cx5faae53c4dbd1fbe4a2eb4aab6565030f10da5c6,0x0,0x32c8c3527c1a0cd089e126d42d075bb42e8c660a2e7b610377c25b106d773d1d,2,94212679,0.0,1741106161616269,Balanced Dollar,0.1302147375,bnUSD,0,1,2025-03-04
cx88fd7df7ddff82f7cc735c871dc519838cb235bb,hx0000000000000000000000000000000000000000,cxd82fb5d3effecd8c9071a4bba3856ad7222c4b91,0x5358adb123fab2,0x32c8c3527c1a0cd089e126d42d075bb42e8c660a2e7b610377c25b106d773d1d,1,94212679,0.023459926091496115,1741106161616269,Balanced Dollar,0.1302147375,bnUSD,0,1,2025-03-04
cx88fd7df7ddff82f7cc735c871dc519838cb235bb,hxc1718c79947e0f673296218b5b23adbd9a3b38a8,cxd82fb5d3effecd8c9071a4bba3856ad7222c4b91,0x1be9cd57f188f80000,0x32c8c3527c1a0cd089e126d42d075bb42e8c660a2e7b610377c25b106d773d1d,0,94212679,514.9093084661175,1741106161616269,Balanced Dollar,0.1302147375,bnUSD,0,1,2025-03-04
cx88fd7df7ddff82f7cc735c871dc519838cb235bb,cxbf469921730ed3c3c8c1924fc482d369f8795fe2,hx385a695da4288bf7d70df14d1201e832c2bcf2a6,0x6c6b935b8bbd400000,0xdaf955bc826ace46edcfa0241f58f2e73aef6dfd471c4cc80ecf6cb693ba8ae5,1,94212678,2000.0,1741106159613819,Balanced Dollar,0.0436180375,bnUSD,0,5,2025-03-04
cx88fd7df7ddff82f7cc735c871dc519838cb235bb,hx385a695da4288bf7d70df14d1201e832c2bcf2a6,cxbf469921730ed3c3c8c1924fc482d369f8795fe2,0x6c6b935b8bbd400000,0xdaf955bc826ace46edcfa0241f58f2e73aef6dfd471c4cc80ecf6cb693ba8ae5,0,94212678,2000.0,1741106159613819,Balanced Dollar,0.0436180375,bnUSD,0,5,2025-03-04
cx88fd7df7ddff82f7cc735c871dc519838cb235bb,cxbf469921730ed3c3c8c1924fc482d369f8795fe2,hx385a695da4288bf7d70df14d1201e832c2bcf2a6,0x80a6d2cf426ce1338,0x4675105bd6412991a4738c6add229a93e81c57ec61bce02d3762a3453ff37cc7,11,94212678,148.32525872965184,1741106159613819,Balanced Dollar,0.1704932625,bnUSD,0,4,2025-03-04
cx4297f4b63262507623b6ad575d0d8dd2db980e4e,cx66d4d90f5f113eba575bf793570135f9b10cece1,cx835b300dcfe01f0bdb794e134a0c5628384f4367,0x1987e2fffd84ab,0x4675105bd6412991a4738c6add229a93e81c57ec61bce02d3762a3453ff37cc7,8,94212678,0.007186283444929707,1741106159613819,Injective,0.1704932625,INJ,0,4,2025-03-04
cx88fd7df7ddff82f7cc735c871dc519838cb235bb,cxa0af3165c08318e988cb30993b3048335b94af6c,cx5faae53c4dbd1fbe4a2eb4aab6565030f10da5c6,0x27de5d195be5b1,0x4675105bd6412991a4738c6add229a93e81c57ec61bce02d3762a3453ff37cc7,5,94212678,0.011222015530493361,1741106159613819,Balanced Dollar,0.1704932625,bnUSD,0,4,2025-03-04
cx88fd7df7ddff82f7cc735c871dc519838cb235bb,cxa0af3165c08318e988cb30993b3048335b94af6c,cxbf469921730ed3c3c8c1924fc482d369f8795fe2,0x67846e968c2a3b5f,0x4675105bd6412991a4738c6add229a93e81c57ec61bce02d3762a3453ff37cc7,4,94212678,7.459208475708111,1741106159613819,Balanced Dollar,0.1704932625,bnUSD,0,4,2025-03-04
cx4297f4b63262507623b6ad575d0d8dd2db980e4e,cxbf469921730ed3c3c8c1924fc482d369f8795fe2,cxa0af3165c08318e988cb30993b3048335b94af6c,0x9df8cc8ff0a4e3c,0x4675105bd6412991a4738c6add229a93e81c57ec61bce02d3762a3453ff37cc7,3,94212678,0.711442061048041,1741106159613819,Injective,0.1704932625,INJ,0,4,2025-03-04
cx4297f4b63262507623b6ad575d0d8dd2db980e4e,cx66d4d90f5f113eba575bf793570135f9b10cece1,cxbf469921730ed3c3c8c1924fc482d369f8795fe2,0x9df8cc8ff0a4e3c,0x4675105bd6412991a4738c6add229a93e81c57ec61bce02d3762a3453ff37cc7,2,94212678,0.711442061048041,1741106159613819,Injective,0.1704932625,INJ,0,4,2025-03-04
cx88fd7df7ddff82f7cc735c871dc519838cb235bb,cxbf469921730ed3c3c8c1924fc482d369f8795fe2,hx0000000000000000000000000000000000000000,0x60d8180532b8a827,0x4675105bd6412991a4738c6add229a93e81c57ec61bce02d3762a3453ff37cc7,1,94212678,6.9783540332154494,1741106159613819,Balanced Dollar,0.1704932625,bnUSD,0,4,2025-03-04
cx88fd7df7ddff82f7cc735c871dc519838cb235bb,hx385a695da4288bf7d70df14d1201e832c2bcf2a6,cxbf469921730ed3c3c8c1924fc482d369f8795fe2,0x803c0d662cd5c8000,0x4675105bd6412991a4738c6add229a93e81c57ec61bce02d3762a3453ff37cc7,0,94212678,147.84440428715916,1741106159613819,Balanced Dollar,0.1704932625,bnUSD,0,4,2025-03-04
cx88fd7df7ddff82f7cc735c871dc519838cb235bb,cxa0af3165c08318e988cb30993b3048335b94af6c,cx5faae53c4dbd1fbe4a2eb4aab6565030f10da5c6,0xd8dabe47592db3,0x151906931cb71d4a6da1a3e1c5aeb794189c9318dee61c13c2840c46171ef0d3,2,94212678,0.061039105745169846,1741106159613819,Balanced Dollar,0.04736545,bnUSD,0,3,2025-03-04
cx88fd7df7ddff82f7cc735c871dc519838cb235bb,cxa0af3165c08318e988cb30993b3048335b94af6c,hxd75467e3e4ce64e3424c747dfb71503017440433,0x2332e2f3db7111536,0x151906931cb71d4a6da1a3e1c5aeb794189c9318dee61c13c2840c46171ef0d3,1,94212678,40.58142523439298,1741106159613819,Balanced Dollar,0.04736545,bnUSD,0,3,2025-03-04
cx65c9e3d4fea842e00add0d32a5b4c5e4e04c7a6b,hxd75467e3e4ce64e3424c747dfb71503017440433,cxa0af3165c08318e988cb30993b3048335b94af6c,0x11e1a300,0x151906931cb71d4a6da1a3e1c5aeb794189c9318dee61c13c2840c46171ef0d3,0,94212678,0.3,1741106159613819,Solana,0.04736545,SOL,0,3,2025-03-04
cx88fd7df7ddff82f7cc735c871dc519838cb235bb,cxa0af3165c08318e988cb30993b3048335b94af6c,cx5faae53c4dbd1fbe4a2eb4aab6565030f10da5c6,0xac2c7929414e52b,0x3b8370e53073a52e609fa5608cfd355e3ffcea0c758c8bc0e421b3314e9c1a83,2,94212676,0.7754015182246966,1741106155611773,Balanced Dollar,0.0705809875,bnUSD,0,1,2025-03-04
cx88fd7df7ddff82f7cc735c871dc519838cb235bb,cxa0af3165c08318e988cb30993b3048335b94af6c,hxc1718c79947e0f673296218b5b23adbd9a3b38a8,0x1bf4c2148c74c9f918,0x3b8370e53073a52e609fa5608cfd355e3ffcea0c758c8bc0e421b3314e9c1a83,1,94212676,515.6987716743815,1741106155611773,Balanced Dollar,0.0705809875,bnUSD,0,1,2025-03-04
cx2609b924e33ef00b648a409245c7ea394c467824,hxc1718c79947e0f673296218b5b23adbd9a3b38a8,cxa0af3165c08318e988cb30993b3048335b94af6c,0xcca4d36dd072200000,0x3b8370e53073a52e609fa5608cfd355e3ffcea0c758c8bc0e421b3314e9c1a83,0,94212676,3775.01274842109,1741106155611773,Staked ICX,0.0705809875,sICX,0,1,2025-03-04
cxf61cd5a45dc9f91c15aa65831a30a90d59a09619,cx9345f80d6c98357ccbb70392b14162199c2c5f66,cxd82fb5d3effecd8c9071a4bba3856ad7222c4b91,0x23b3503cfaa8e0,0x9318fd0a6c8030351113e129a127a8f59595978e6eabf4400857e671ee5ff0e5,4,94212674,0.010048781386688736,1741106151610423,Balance Token,0.1302147375,BALN,0,1,2025-03-04
cx2609b924e33ef00b648a409245c7ea394c467824,cx9345f80d6c98357ccbb70392b14162199c2c5f66,cxd82fb5d3effecd8c9071a4bba3856ad7222c4b91,0x274540ebecf510e,0x9318fd0a6c8030351113e129a127a8f59595978e6eabf4400857e671ee5ff0e5,3,94212674,0.17685870768182504,1741106151610423,Staked ICX,0.1302147375,sICX,0,1,2025-03-04
cx88fd7df7ddff82f7cc735c871dc519838cb235bb,hx0000000000000000000000000000000000000000,cx5faae53c4dbd1fbe4a2eb4aab6565030f10da5c6,0x0,0x9318fd0a6c8030351113e129a127a8f59595978e6eabf4400857e671ee5ff0e5,2,94212674,0.0,1741106151610423,Balanced Dollar,0.1302147375,bnUSD,0,1,2025-03-04
cx88fd7df7ddff82f7cc735c871dc519838cb235bb,hx0000000000000000000000000000000000000000,cxd82fb5d3effecd8c9071a4bba3856ad7222c4b91,0x63fb16aed511a9,0x9318fd0a6c8030351113e129a127a8f59595978e6eabf4400857e671ee5ff0e5,1,94212674,0.028142097535406505,1741106151610423,Balanced Dollar,0.1302147375,bnUSD,0,1,2025-03-04
cx88fd7df7ddff82f7cc735c871dc519838cb235bb,hxc1718c79947e0f673296218b5b23adbd9a3b38a8,cxd82fb5d3effecd8c9071a4bba3856ad7222c4b91,0x1bf0c1477f2ccd0000,0x9318fd0a6c8030351113e129a127a8f59595978e6eabf4400857e671ee5ff0e5,0,94212674,515.4103158413038,1741106151610423,Balanced Dollar,0.1302147375,bnUSD,0,1,2025-03-04
cx88fd7df7ddff82f7cc735c871dc519838cb235bb,cxa0af3165c08318e988cb30993b3048335b94af6c,cx5faae53c4dbd1fbe4a2eb4aab6565030f10da5c6,0xac625e018d93655,0x89d9ff53be042ce8884de65c2aa4842f29be6aacb5bb1862e91bf9952e2085f9,2,94212672,0.7763496301877797,1741106147805216,Balanced Dollar,0.0705809875,bnUSD,0,2,2025-03-04
cx88fd7df7ddff82f7cc735c871dc519838cb235bb,cxa0af3165c08318e988cb30993b3048335b94af6c,hxc1718c79947e0f673296218b5b23adbd9a3b38a8,0x1bfd82fab7b2a8eabc,0x89d9ff53be042ce8884de65c2aa4842f29be6aacb5bb1862e91bf9952e2085f9,1,94212672,516.3295286956094,1741106147805216,Balanced Dollar,0.0705809875,bnUSD,0,2,2025-03-04
cx2609b924e33ef00b648a409245c7ea394c467824,hxc1718c79947e0f673296218b5b23adbd9a3b38a8,cxa0af3165c08318e988cb30993b3048335b94af6c,0xcca4d36dd072200000,0x89d9ff53be042ce8884de65c2aa4842f29be6aacb5bb1862e91bf9952e2085f9,0,94212672,3775.01274842109,1741106147805216,Staked ICX,0.0705809875,sICX,0,2,2025-03-04
cx2609b924e33ef00b648a409245c7ea394c467824,cxa0af3165c08318e988cb30993b3048335b94af6c,hx247e7c6b63c63d5b04c539373a0fbcffbdedd358,0x6842312ee250fb60d62,0xed8368a6b9fa53495d24b4d0763ea2b9f95bc6ba4e8ac95bb14a9bef2876a191,6,94212672,30771.696459131384,1741106147805216,Staked ICX,0.0582588375,sICX,0,1,2025-03-04
cx3975b43d260fb8ec802cef6e60c2f4d07486f11d,hx247e7c6b63c63d5b04c539373a0fbcffbdedd358,hx0000000000000000000000000000000000000000,0x877ff1b612d50c96950,0xed8368a6b9fa53495d24b4d0763ea2b9f95bc6ba4e8ac95bb14a9bef2876a191,3,94212672,39992.4768008799,1741106147805216,Wrapped ICX,0.0582588375,wICX,0,1,2025-03-04
cx3975b43d260fb8ec802cef6e60c2f4d07486f11d,cxa0af3165c08318e988cb30993b3048335b94af6c,hx247e7c6b63c63d5b04c539373a0fbcffbdedd358,0x877ff1b612d50c96950,0xed8368a6b9fa53495d24b4d0763ea2b9f95bc6ba4e8ac95bb14a9bef2876a191,2,94212672,39992.4768008799,1741106147805216,Wrapped ICX,0.0582588375,wICX,0,1,2025-03-04
cx88fd7df7ddff82f7cc735c871dc519838cb235bb,cxa0ffa71e76299fbc9005ba7000ccad86f7f22971,hxd75467e3e4ce64e3424c747dfb71503017440433,0x49dd6cee4469bf5ae7,0x50cc3328a9c8fc6fc7eb5bb1f2528f87a9556dab92518bd629fff4a4bfaa5e5a,8,94212670,1362.5677069382634,1741106143803226,Balanced Dollar,0.157624125,bnUSD,0,1,2025-03-04
cx508002ec116fbf3ab406329c0df28e70d7e75fb3,cx66d4d90f5f113eba575bf793570135f9b10cece1,cx835b300dcfe01f0bdb794e134a0c5628384f4367,0x26156bb8,0x50cc3328a9c8fc6fc7eb5bb1f2528f87a9556dab92518bd629fff4a4bfaa5e5a,5,94212670,0.63893804,1741106143803226,Sui,0.157624125,SUI,0,1,2025-03-04
cx508002ec116fbf3ab406329c0df28e70d7e75fb3,cxa0ffa71e76299fbc9005ba7000ccad86f7f22971,hxd75467e3e4ce64e3424c747dfb71503017440433,0xeba48a82b,0x50cc3328a9c8fc6fc7eb5bb1f2528f87a9556dab92518bd629fff4a4bfaa5e5a,3,94212670,63.254865963,1741106143803226,Sui,0.157624125,SUI,0,1,2025-03-04
cx508002ec116fbf3ab406329c0df28e70d7e75fb3,cx66d4d90f5f113eba575bf793570135f9b10cece1,cxa0ffa71e76299fbc9005ba7000ccad86f7f22971,0xeba48a82b,0x50cc3328a9c8fc6fc7eb5bb1f2528f87a9556dab92518bd629fff4a4bfaa5e5a,2,94212670,63.254865963,1741106143803226,Sui,0.157624125,SUI,0,1,2025-03-04
cx88fd7df7ddff82f7cc735c871dc519838cb235bb,cxa0ffa71e76299fbc9005ba7000ccad86f7f22971,hx0000000000000000000000000000000000000000,0x773419664642ca519,0x50cc3328a9c8fc6fc7eb5bb1f2528f87a9556dab92518bd629fff4a4bfaa5e5a,1,94212670,137.43229306173632,1741106143803226,Balanced Dollar,0.157624125,bnUSD,0,1,2025-03-04
cx88fd7df7ddff82f7cc735c871dc519838cb235bb,hxd75467e3e4ce64e3424c747dfb71503017440433,cxa0ffa71e76299fbc9005ba7000ccad86f7f22971,0x5150ae84a8cdec0000,0x50cc3328a9c8fc6fc7eb5bb1f2528f87a9556dab92518bd629fff4a4bfaa5e5a,0,94212670,1499.9999999999998,1741106143803226,Balanced Dollar,0.157624125,bnUSD,0,1,2025-03-04
cx88fd7df7ddff82f7cc735c871dc519838cb235bb,cxd82fb5d3effecd8c9071a4bba3856ad7222c4b91,hxd75467e3e4ce64e3424c747dfb71503017440433,0x6c6b935b8bbd400000,0xa61cfb61aceee70d6f99279520764b8529936d7b9eddb6e8943ed683e9502539,0,94212669,2000.0,1741106141824922,Balanced Dollar,0.02069225,bnUSD,0,1,2025-03-04
cxf61cd5a45dc9f91c15aa65831a30a90d59a09619,cx9345f80d6c98357ccbb70392b14162199c2c5f66,cxd82fb5d3effecd8c9071a4bba3856ad7222c4b91,0x11d9a81e7d5470,0x56fd3ec33deda4153d0d8b00b5b4517736d0345c21428c7f061e6b98b9c1841d,4,94212668,0.005024390693344368,1741106139607616,Balance Token,0.1302147375,BALN,0,1,2025-03-04
cx2609b924e33ef00b648a409245c7ea394c467824,cx9345f80d6c98357ccbb70392b14162199c2c5f66,cxd82fb5d3effecd8c9071a4bba3856ad7222c4b91,0x13a2a075f67a887,0x56fd3ec33deda4153d0d8b00b5b4517736d0345c21428c7f061e6b98b9c1841d,3,94212668,0.08842935384091252,1741106139607616,Staked ICX,0.1302147375,sICX,0,1,2025-03-04
cx88fd7df7ddff82f7cc735c871dc519838cb235bb,hx0000000000000000000000000000000000000000,cx5faae53c4dbd1fbe4a2eb4aab6565030f10da5c6,0x0,0x56fd3ec33deda4153d0d8b00b5b4517736d0345c21428c7f061e6b98b9c1841d,2,94212668,0.0,1741106139607616,Balanced Dollar,0.1302147375,bnUSD,0,1,2025-03-04
cx88fd7df7ddff82f7cc735c871dc519838cb235bb,hx0000000000000000000000000000000000000000,cxd82fb5d3effecd8c9071a4bba3856ad7222c4b91,0x3137ef51677f2a,0x56fd3ec33deda4153d0d8b00b5b4517736d0345c21428c7f061e6b98b9c1841d,1,94212668,0.013853774861270826,1741106139607616,Balanced Dollar,0.1302147375,bnUSD,0,1,2025-03-04
cx88fd7df7ddff82f7cc735c871dc519838cb235bb,hxc1718c79947e0f673296218b5b23adbd9a3b38a8,cxd82fb5d3effecd8c9071a4bba3856ad7222c4b91,0x1bf7b4f136e4b30000,0x56fd3ec33deda4153d0d8b00b5b4517736d0345c21428c7f061e6b98b9c1841d,0,94212668,515.9112464314014,1741106139607616,Balanced Dollar,0.1302147375,bnUSD,0,1,2025-03-04
cx88fd7df7ddff82f7cc735c871dc519838cb235bb,cxa0af3165c08318e988cb30993b3048335b94af6c,cx5faae53c4dbd1fbe4a2eb4aab6565030f10da5c6,0xac985c2d7bd5e44,0x10c72a36c6c43a896538a3fcb5cdd13c0b7371b7cc8f631b4ef2157ab8779ff6,2,94212666,0.7772994825877827,1741106135613010,Balanced Dollar,0.0705809875,bnUSD,0,1,2025-03-04
cx88fd7df7ddff82f7cc735c871dc519838cb235bb,cxa0af3165c08318e988cb30993b3048335b94af6c,hxc1718c79947e0f673296218b5b23adbd9a3b38a8,0x1c0647fe49ca56d686,0x10c72a36c6c43a896538a3fcb5cdd13c0b7371b7cc8f631b4ef2157ab8779ff6,1,94212666,516.9614439443222,1741106135613010,Balanced Dollar,0.0705809875,bnUSD,0,1,2025-03-04
cx2609b924e33ef00b648a409245c7ea394c467824,hxc1718c79947e0f673296218b5b23adbd9a3b38a8,cxa0af3165c08318e988cb30993b3048335b94af6c,0xcca4d36dd072200000,0x10c72a36c6c43a896538a3fcb5cdd13c0b7371b7cc8f631b4ef2157ab8779ff6,0,94212666,3775.01274842109,1741106135613010,Staked ICX,0.0705809875,sICX,0,1,2025-03-04
cx88fd7df7ddff82f7cc735c871dc519838cb235bb,hxd75467e3e4ce64e3424c747dfb71503017440433,cxd82fb5d3effecd8c9071a4bba3856ad7222c4b91,0x9f2b8f6c941fc00000,0xd23feec67823e73e91a3bfdf888e492dfaf18fcfa25ea144a1b286bff1ee1804,0,94212665,2936.171154568563,1741106133699101,Balanced Dollar,0.0518062375,bnUSD,0,2,2025-03-04
cxf61cd5a45dc9f91c15aa65831a30a90d59a09619,cx9345f80d6c98357ccbb70392b14162199c2c5f66,cxd82fb5d3effecd8c9071a4bba3856ad7222c4b91,0x17cce028a71b40,0xc7dd1e9b4e0e46058db23f2c8af9c12dc786818fe6cfb7b115ca2524dd3596a0,4,94212665,0.006699187591125824,1741106133699101,Balance Token,0.1302147375,BALN,0,1,2025-03-04
cx2609b924e33ef00b648a409245c7ea394c467824,cx9345f80d6c98357ccbb70392b14162199c2c5f66,cxd82fb5d3effecd8c9071a4bba3856ad7222c4b91,0x1a2e2b47f34e0b4,0xc7dd1e9b4e0e46058db23f2c8af9c12dc786818fe6cfb7b115ca2524dd3596a0,3,94212665,0.11790580512121669,1741106133699101,Staked ICX,0.1302147375,sICX,0,1,2025-03-04
cx88fd7df7ddff82f7cc735c871dc519838cb235bb,hx0000000000000000000000000000000000000000,cx5faae53c4dbd1fbe4a2eb4aab6565030f10da5c6,0x0,0xc7dd1e9b4e0e46058db23f2c8af9c12dc786818fe6cfb7b115ca2524dd3596a0,2,94212665,0.0,1741106133699101,Balanced Dollar,0.1302147375,bnUSD,0,1,2025-03-04
cx88fd7df7ddff82f7cc735c871dc519838cb235bb,hx0000000000000000000000000000000000000000,cxd82fb5d3effecd8c9071a4bba3856ad7222c4b91,0x432dd841526ca0,0xc7dd1e9b4e0e46058db23f2c8af9c12dc786818fe6cfb7b115ca2524dd3596a0,1,94212665,0.018909230271720607,1741106133699101,Balanced Dollar,0.1302147375,bnUSD,0,1,2025-03-04
cx88fd7df7ddff82f7cc735c871dc519838cb235bb,hxc1718c79947e0f673296218b5b23adbd9a3b38a8,cxd82fb5d3effecd8c9071a4bba3856ad7222c4b91,0x1c05b450523a6f0000,0xc7dd1e9b4e0e46058db23f2c8af9c12dc786818fe6cfb7b115ca2524dd3596a0,0,94212665,516.9198758439629,1741106133699101,Balanced Dollar,0.1302147375,bnUSD,0,1,2025-03-04
cx88fd7df7ddff82f7cc735c871dc519838cb235bb,cxa0af3165c08318e988cb30993b3048335b94af6c,cx5faae53c4dbd1fbe4a2eb4aab6565030f10da5c6,0xacce73bced9abfb,0xf1586c448b9347025e0ab30140e7592941ce5f0d834eba9040ecc6966782e3c1,2,94212662,0.7782510796877118,1741106127789435,Balanced Dollar,0.0705809875,bnUSD,0,1,2025-03-04
cx88fd7df7ddff82f7cc735c871dc519838cb235bb,cxa0af3165c08318e988cb30993b3048335b94af6c,hxc1718c79947e0f673296218b5b23adbd9a3b38a8,0x1c0f1121d777089947,0xf1586c448b9347025e0ab30140e7592941ce5f0d834eba9040ecc6966782e3c1,1,94212662,517.5945202583392,1741106127789435,Balanced Dollar,0.0705809875,bnUSD,0,1,2025-03-04
cx2609b924e33ef00b648a409245c7ea394c467824,hxc1718c79947e0f673296218b5b23adbd9a3b38a8,cxa0af3165c08318e988cb30993b3048335b94af6c,0xcca4d36dd072200000,0xf1586c448b9347025e0ab30140e7592941ce5f0d834eba9040ecc6966782e3c1,0,94212662,3775.01274842109,1741106127789435,Staked ICX,0.0705809875,sICX,0,1,2025-03-04
cxf61cd5a45dc9f91c15aa65831a30a90d59a09619,cx9345f80d6c98357ccbb70392b14162199c2c5f66,cxd82fb5d3effecd8c9071a4bba3856ad7222c4b91,0x11d9a81e7d5470,0x5b2e1fe7176e68810b59df319dcd72edb82ba35b1e3674e5d26562a729dae29f,4,94212661,0.005024390693344368,1741106125634478,Balance Token,0.1302147375,BALN,0,2,2025-03-04
cx2609b924e33ef00b648a409245c7ea394c467824,cx9345f80d6c98357ccbb70392b14162199c2c5f66,cxd82fb5d3effecd8c9071a4bba3856ad7222c4b91,0x13a2a075f67a887,0x5b2e1fe7176e68810b59df319dcd72edb82ba35b1e3674e5d26562a729dae29f,3,94212661,0.08842935384091252,1741106125634478,Staked ICX,0.1302147375,sICX,0,2,2025-03-04
cx88fd7df7ddff82f7cc735c871dc519838cb235bb,hx0000000000000000000000000000000000000000,cx5faae53c4dbd1fbe4a2eb4aab6565030f10da5c6,0x0,0x5b2e1fe7176e68810b59df319dcd72edb82ba35b1e3674e5d26562a729dae29f,2,94212661,0.0,1741106125634478,Balanced Dollar,0.1302147375,bnUSD,0,2,2025-03-04
cx88fd7df7ddff82f7cc735c871dc519838cb235bb,hx0000000000000000000000000000000000000000,cxd82fb5d3effecd8c9071a4bba3856ad7222c4b91,0x323d66211b90fb,0x5b2e1fe7176e68810b59df319dcd72edb82ba35b1e3674e5d26562a729dae29f,1,94212661,0.014141257686946043,1741106125634478,Balanced Dollar,0.1302147375,bnUSD,0,2,2025-03-04
cx88fd7df7ddff82f7cc735c871dc519838cb235bb,hxc1718c79947e0f673296218b5b23adbd9a3b38a8,cxd82fb5d3effecd8c9071a4bba3856ad7222c4b91,0x1c13a6f2843ed00000,0x5b2e1fe7176e68810b59df319dcd72edb82ba35b1e3674e5d26562a729dae29f,0,94212661,517.9249198465254,1741106125634478,Balanced Dollar,0.1302147375,bnUSD,0,2,2025-03-04
cx88fd7df7ddff82f7cc735c871dc519838cb235bb,cxa0af3165c08318e988cb30993b3048335b94af6c,cx5faae53c4dbd1fbe4a2eb4aab6565030f10da5c6,0x1c27547b6312ca3,0xa96315091de554ba9d408ea6f4dedd139f684ebb4865640c2a566ec862f6ca7d,2,94212660,0.126792690379599,1741106123604897,Balanced Dollar,0.0569108375,bnUSD,0,1,2025-03-04
cx88fd7df7ddff82f7cc735c871dc519838cb235bb,cxa0af3165c08318e988cb30993b3048335b94af6c,hxd75467e3e4ce64e3424c747dfb71503017440433,0x49204537cb93e64d5,0xa96315091de554ba9d408ea6f4dedd139f684ebb4865640c2a566ec862f6ca7d,1,94212660,84.30860271943145,1741106123604897,Balanced Dollar,0.0569108375,bnUSD,0,1,2025-03-04
cx2d552c485ec8bcaa75aac02424e2aca6ffdb2f1b,hxd75467e3e4ce64e3424c747dfb71503017440433,cxa0af3165c08318e988cb30993b3048335b94af6c,0x214e8348c4f0000,0xa96315091de554ba9d408ea6f4dedd139f684ebb4865640c2a566ec862f6ca7d,0,94212660,0.15,1741106123604897,Binance Coin,0.0569108375,BNB,0,1,2025-03-04
cx88fd7df7ddff82f7cc735c871dc519838cb235bb,cxa0af3165c08318e988cb30993b3048335b94af6c,cx5faae53c4dbd1fbe4a2eb4aab6565030f10da5c6,0xad04a4bfd0dbab5,0x36bde07f90c2c2c97c15969e0ee9cf8e4c68bf71e582880c1faffe61f44800ac,2,94212659,0.7792044257636338,1741106121601381,Balanced Dollar,0.0705809875,bnUSD,0,1,2025-03-04
cx88fd7df7ddff82f7cc735c871dc519838cb235bb,cxa0af3165c08318e988cb30993b3048335b94af6c,hxc1718c79947e0f673296218b5b23adbd9a3b38a8,0x1c17de67f77a594e9a,0x36bde07f90c2c2c97c15969e0ee9cf8e4c68bf71e582880c1faffe61f44800ac,1,94212659,518.2287604841769,1741106121601381,Balanced Dollar,0.0705809875,bnUSD,0,1,2025-03-04
cx2609b924e33ef00b648a409245c7ea394c467824,hxc1718c79947e0f673296218b5b23adbd9a3b38a8,cxa0af3165c08318e988cb30993b3048335b94af6c,0xcca4d36dd072200000,0x36bde07f90c2c2c97c15969e0ee9cf8e4c68bf71e582880c1faffe61f44800ac,0,94212659,3775.01274842109,1741106121601381,Staked ICX,0.0705809875,sICX,0,1,2025-03-04
cxf61cd5a45dc9f91c15aa65831a30a90d59a09619,cx9345f80d6c98357ccbb70392b14162199c2c5f66,cxd82fb5d3effecd8c9071a4bba3856ad7222c4b91,0x11d9a81e7d5470,0x30f85514fede9696d50fc852ae421bf526af63d0a80ad151ec53e17c8f4b98fd,4,94212658,0.005024390693344368,1741106119603354,Balance Token,0.1302147375,BALN,0,1,2025-03-04
cx2609b924e33ef00b648a409245c7ea394c467824,cx9345f80d6c98357ccbb70392b14162199c2c5f66,cxd82fb5d3effecd8c9071a4bba3856ad7222c4b91,0x13a2a075f67a887,0x30f85514fede9696d50fc852ae421bf526af63d0a80ad151ec53e17c8f4b98fd,3,94212658,0.08842935384091252,1741106119603354,Staked ICX,0.1302147375,sICX,0,1,2025-03-04
cx88fd7df7ddff82f7cc735c871dc519838cb235bb,hx0000000000000000000000000000000000000000,cx5faae53c4dbd1fbe4a2eb4aab6565030f10da5c6,0x0,0x30f85514fede9696d50fc852ae421bf526af63d0a80ad151ec53e17c8f4b98fd,2,94212658,0.0,1741106119603354,Balanced Dollar,0.1302147375,bnUSD,0,1,2025-03-04
cx88fd7df7ddff82f7cc735c871dc519838cb235bb,hx0000000000000000000000000000000000000000,cxd82fb5d3effecd8c9071a4bba3856ad7222c4b91,0x320472be86a6ba,0x30f85514fede9696d50fc852ae421bf526af63d0a80ad151ec53e17c8f4b98fd,1,94212658,0.014078639704811194,1741106119603354,Balanced Dollar,0.1302147375,bnUSD,0,1,2025-03-04
cx88fd7df7ddff82f7cc735c871dc519838cb235bb,hxc1718c79947e0f673296218b5b23adbd9a3b38a8,cxd82fb5d3effecd8c9071a4bba3856ad7222c4b91,0x1c0c7e207355860000,0x30f85514fede9696d50fc852ae421bf526af63d0a80ad151ec53e17c8f4b98fd,0,94212658,517.4090267191162,1741106119603354,Balanced Dollar,0.1302147375,bnUSD,0,1,2025-03-04
cx88fd7df7ddff82f7cc735c871dc519838cb235bb,cx21e94c08c03daee80c25d8ee3ea22a20786ec231,hx2debd9ec927cca1639da8d3518dd9dbf1cdfb357,0xee5d1956caa472fbc,0x994ebf846b9fdab7caafb7f751020b83057798ec2b5d09ea4fd016eef22499cd,5,94212657,274.81459863069756,1741106117790588,Balanced Dollar,0.112703225,bnUSD,0,1,2025-03-04
cx88fd7df7ddff82f7cc735c871dc519838cb235bb,cxa0af3165c08318e988cb30993b3048335b94af6c,cx5faae53c4dbd1fbe4a2eb4aab6565030f10da5c6,0x5bc6f9a7e41f823,0x994ebf846b9fdab7caafb7f751020b83057798ec2b5d09ea4fd016eef22499cd,3,94212657,0.4133279751451423,1741106117790588,Balanced Dollar,0.112703225,bnUSD,0,1,2025-03-04
cx88fd7df7ddff82f7cc735c871dc519838cb235bb,cxa0af3165c08318e988cb30993b3048335b94af6c,cx21e94c08c03daee80c25d8ee3ea22a20786ec231,0xee5d1956caa472fbc,0x994ebf846b9fdab7caafb7f751020b83057798ec2b5d09ea4fd016eef22499cd,2,94212657,274.81459863069756,1741106117790588,Balanced Dollar,0.112703225,bnUSD,0,1,2025-03-04
cx2609b924e33ef00b648a409245c7ea394c467824,cx21e94c08c03daee80c25d8ee3ea22a20786ec231,cxa0af3165c08318e988cb30993b3048335b94af6c,0x6c6b935b8bbd400000,0x994ebf846b9fdab7caafb7f751020b83057798ec2b5d09ea4fd016eef22499cd,1,94212657,2000.0,1741106117790588,Staked ICX,0.112703225,sICX,0,1,2025-03-04
cx2609b924e33ef00b648a409245c7ea394c467824,hx2debd9ec927cca1639da8d3518dd9dbf1cdfb357,cx21e94c08c03daee80c25d8ee3ea22a20786ec231,0x6c6b935b8bbd400000,0x994ebf846b9fdab7caafb7f751020b83057798ec2b5d09ea4fd016eef22499cd,0,94212657,2000.0,1741106117790588,Staked ICX,0.112703225,sICX,0,1,2025-03-04
cx88fd7df7ddff82f7cc735c871dc519838cb235bb,cxa0af3165c08318e988cb30993b3048335b94af6c,cx5faae53c4dbd1fbe4a2eb4aab6565030f10da5c6,0xad57bd10c79b86b,0x180a8fa8b46aa02c5b82635675503904bd2e4bee2d9cb950c1f2ba22102ecd7e,2,94212655,0.780666248206334,1741106113598936,Balanced Dollar,0.0705809875,bnUSD,0,2,2025-03-04
cx88fd7df7ddff82f7cc735c871dc519838cb235bb,cxa0af3165c08318e988cb30993b3048335b94af6c,hxc1718c79947e0f673296218b5b23adbd9a3b38a8,0x1c255d7ced055babab,0x180a8fa8b46aa02c5b82635675503904bd2e4bee2d9cb950c1f2ba22102ecd7e,1,94212655,519.2012795735438,1741106113598936,Balanced Dollar,0.0705809875,bnUSD,0,2,2025-03-04
cx2609b924e33ef00b648a409245c7ea394c467824,hxc1718c79947e0f673296218b5b23adbd9a3b38a8,cxa0af3165c08318e988cb30993b3048335b94af6c,0xcca4d36dd072200000,0x180a8fa8b46aa02c5b82635675503904bd2e4bee2d9cb950c1f2ba22102ecd7e,0,94212655,3775.01274842109,1741106113598936,Staked ICX,0.0705809875,sICX,0,2,2025-03-04
cxf61cd5a45dc9f91c15aa65831a30a90d59a09619,cx9345f80d6c98357ccbb70392b14162199c2c5f66,cxd82fb5d3effecd8c9071a4bba3856ad7222c4b91,0x1f3ce6355b53c40,0x84fdf3688c8ae4100ded41ce422f0ac80c1eba06294455dd07884749fcdcb8a4,4,94212655,0.1406829394136423,1741106113598936,Balance Token,0.1302343,BALN,0,1,2025-03-04
cx2609b924e33ef00b648a409245c7ea394c467824,cx9345f80d6c98357ccbb70392b14162199c2c5f66,cxd82fb5d3effecd8c9071a4bba3856ad7222c4b91,0x225c98ce6f566ec4,0x84fdf3688c8ae4100ded41ce422f0ac80c1eba06294455dd07884749fcdcb8a4,3,94212655,2.4760219075455505,1741106113598936,Staked ICX,0.1302343,sICX,0,1,2025-03-04
cx88fd7df7ddff82f7cc735c871dc519838cb235bb,hx0000000000000000000000000000000000000000,cx5faae53c4dbd1fbe4a2eb4aab6565030f10da5c6,0x0,0x84fdf3688c8ae4100ded41ce422f0ac80c1eba06294455dd07884749fcdcb8a4,2,94212655,0.0,1741106113598936,Balanced Dollar,0.1302343,bnUSD,0,1,2025-03-04
cx88fd7df7ddff82f7cc735c871dc519838cb235bb,hx0000000000000000000000000000000000000000,cxd82fb5d3effecd8c9071a4bba3856ad7222c4b91,0x577ca8da7190ea6,0x84fdf3688c8ae4100ded41ce422f0ac80c1eba06294455dd07884749fcdcb8a4,1,94212655,0.3940062021608445,1741106113598936,Balanced Dollar,0.1302343,bnUSD,0,1,2025-03-04
cx88fd7df7ddff82f7cc735c871dc519838cb235bb,hxc1718c79947e0f673296218b5b23adbd9a3b38a8,cxd82fb5d3effecd8c9071a4bba3856ad7222c4b91,0x1c1a8116a436660000,0x84fdf3688c8ae4100ded41ce422f0ac80c1eba06294455dd07884749fcdcb8a4,0,94212655,518.4186666753924,1741106113598936,Balanced Dollar,0.1302343,bnUSD,0,1,2025-03-04
cx88fd7df7ddff82f7cc735c871dc519838cb235bb,cxa0af3165c08318e988cb30993b3048335b94af6c,cx5faae53c4dbd1fbe4a2eb4aab6565030f10da5c6,0xad8e2ebde2aafa1,0x88eef2b5fd9093686b193d439332f3ae12625fe8abf403ed04e12380d943697d,2,94212652,0.7816240380213124,1741106107596475,Balanced Dollar,0.0705809875,bnUSD,0,1,2025-03-04
cx88fd7df7ddff82f7cc735c871dc519838cb235bb,cxa0af3165c08318e988cb30993b3048335b94af6c,hxc1718c79947e0f673296218b5b23adbd9a3b38a8,0x1c2e3544a332d27737,0x88eef2b5fd9093686b193d439332f3ae12625fe8abf403ed04e12380d943697d,1,94212652,519.8384770311008,1741106107596475,Balanced Dollar,0.0705809875,bnUSD,0,1,2025-03-04
cx2609b924e33ef00b648a409245c7ea394c467824,hxc1718c79947e0f673296218b5b23adbd9a3b38a8,cxa0af3165c08318e988cb30993b3048335b94af6c,0xcca4d36dd072200000,0x88eef2b5fd9093686b193d439332f3ae12625fe8abf403ed04e12380d943697d,0,94212652,3775.01274842109,1741106107596475,Staked ICX,0.0705809875,sICX,0,1,2025-03-04
cx88fd7df7ddff82f7cc735c871dc519838cb235bb,cxa0af3165c08318e988cb30993b3048335b94af6c,cx5faae53c4dbd1fbe4a2eb4aab6565030f10da5c6,0x19f3cef31ca6441,0xd5d55e301ef0f2b5ef23489807b271ff94b1bc77da13870e1c713cad9b1b47a7,2,94212642,0.11687911336512007,1741106087780269,Balanced Dollar,0.056911275,bnUSD,0,1,2025-03-04
cx88fd7df7ddff82f7cc735c871dc519838cb235bb,cxa0af3165c08318e988cb30993b3048335b94af6c,hxd75467e3e4ce64e3424c747dfb71503017440433,0x436744a5d5afbc9ac,0xd5d55e301ef0f2b5ef23489807b271ff94b1bc77da13870e1c713cad9b1b47a7,1,94212642,77.71081923500361,1741106087780269,Balanced Dollar,0.056911275,bnUSD,0,1,2025-03-04
cx66a031cc3bd305c76371fb586e93801b948254f0,hxd75467e3e4ce64e3424c747dfb71503017440433,cxa0af3165c08318e988cb30993b3048335b94af6c,0x3782dace9d900000,0xd5d55e301ef0f2b5ef23489807b271ff94b1bc77da13870e1c713cad9b1b47a7,0,94212642,4.0,1741106087780269,Avalanche,0.056911275,AVAX,0,1,2025-03-04
cx88fd7df7ddff82f7cc735c871dc519838cb235bb,cxa0af3165c08318e988cb30993b3048335b94af6c,cx5faae53c4dbd1fbe4a2eb4aab6565030f10da5c6,0xd8f83069866fa1,0x62914fb694ee7128c3b48c10f3b04b05627f8859e52e6ca20ae66333633bbc11,2,94212638,0.06107148178203843,1741106079586554,Balanced Dollar,0.04736945,bnUSD,0,1,2025-03-04
cx88fd7df7ddff82f7cc735c871dc519838cb235bb,cxa0af3165c08318e988cb30993b3048335b94af6c,hxd75467e3e4ce64e3424c747dfb71503017440433,0x2337aaab320262bae,0x62914fb694ee7128c3b48c10f3b04b05627f8859e52e6ca20ae66333633bbc11,1,94212638,40.60295307682737,1741106079586554,Balanced Dollar,0.04736945,bnUSD,0,1,2025-03-04
cx65c9e3d4fea842e00add0d32a5b4c5e4e04c7a6b,hxd75467e3e4ce64e3424c747dfb71503017440433,cxa0af3165c08318e988cb30993b3048335b94af6c,0x11e1a300,0x62914fb694ee7128c3b48c10f3b04b05627f8859e52e6ca20ae66333633bbc11,0,94212638,0.3,1741106079586554,Solana,0.04736945,SOL,0,1,2025-03-04
cx88fd7df7ddff82f7cc735c871dc519838cb235bb,hx40c9ad7c54c30cd97c3f6c79d4ca92acc702446a,hx0000000000000000000000000000000000000000,0x412853a766728add42,0xf5be3378df5f1641900960e2b3127f98b7b0b615e1bfc41185e44e2cddd3f4c6,0,94212636,1201.9442150341551,1741106075625736,Balanced Dollar,0.0606816375,bnUSD,0,1,2025-03-04
cx88fd7df7ddff82f7cc735c871dc519838cb235bb,cxa0af3165c08318e988cb30993b3048335b94af6c,cx5faae53c4dbd1fbe4a2eb4aab6565030f10da5c6,0x19f81c5c1534741,0x0252971188bf5071600928ee87234dd45a899278ed7a65ea5862bfe416e57ef1,2,94212620,0.11695480168692307,1741106043767673,Balanced Dollar,0.0569085875,bnUSD,0,1,2025-03-04
cx88fd7df7ddff82f7cc735c871dc519838cb235bb,cxa0af3165c08318e988cb30993b3048335b94af6c,hxd75467e3e4ce64e3424c747dfb71503017440433,0x437271b0533e34f57,0x0252971188bf5071600928ee87234dd45a899278ed7a65ea5862bfe416e57ef1,1,94212620,77.76115120017528,1741106043767673,Balanced Dollar,0.0569085875,bnUSD,0,1,2025-03-04
cx66a031cc3bd305c76371fb586e93801b948254f0,hxd75467e3e4ce64e3424c747dfb71503017440433,cxa0af3165c08318e988cb30993b3048335b94af6c,0x3782dace9d900000,0x0252971188bf5071600928ee87234dd45a899278ed7a65ea5862bfe416e57ef1,0,94212620,4.0,1741106043767673,Avalanche,0.0569085875,AVAX,0,1,2025-03-04
cx88fd7df7ddff82f7cc735c871dc519838cb235bb,cxa0af3165c08318e988cb30993b3048335b94af6c,cx5faae53c4dbd1fbe4a2eb4aab6565030f10da5c6,0xd915a88bdae0c4,0x5334f92a223f8d7fb7927d808a1cd511041165d5e575dd23e18eb8db8fb389ca,2,94212616,0.06110388359127879,1741106035573597,Balanced Dollar,0.04736945,bnUSD,0,1,2025-03-04
cx88fd7df7ddff82f7cc735c871dc519838cb235bb,cxa0af3165c08318e988cb30993b3048335b94af6c,hxd75467e3e4ce64e3424c747dfb71503017440433,0x233c735bf0d509f18,0x5334f92a223f8d7fb7927d808a1cd511041165d5e575dd23e18eb8db8fb389ca,1,94212616,40.624498058397265,1741106035573597,Balanced Dollar,0.04736945,bnUSD,0,1,2025-03-04
cx65c9e3d4fea842e00add0d32a5b4c5e4e04c7a6b,hxd75467e3e4ce64e3424c747dfb71503017440433,cxa0af3165c08318e988cb30993b3048335b94af6c,0x11e1a300,0x5334f92a223f8d7fb7927d808a1cd511041165d5e575dd23e18eb8db8fb389ca,0,94212616,0.3,1741106035573597,Solana,0.04736945,SOL,0,1,2025-03-04
cx2609b924e33ef00b648a409245c7ea394c467824,hx0000000000000000000000000000000000000000,cx66d4d90f5f113eba575bf793570135f9b10cece1,0x2e6919b6309ad107be,0xebed51a3c1841045db8004a7e4204d60268c7509ed48962752fd252fb3b2bbd5,3,94212606,856.1235119589116,1741106015581100,Staked ICX,0.1091167125,sICX,0,3,2025-03-04
cx88fd7df7ddff82f7cc735c871dc519838cb235bb,cxa0af3165c08318e988cb30993b3048335b94af6c,cx5faae53c4dbd1fbe4a2eb4aab6565030f10da5c6,0x9cb04aaa0a757,0x1a1909e735642ef9dfe4ddf978e151943767c450dbcaac062faf5c8d61e3f4f9,2,94212606,0.002756495693358935,1741106015581100,Balanced Dollar,0.056862925,bnUSD,0,2,2025-03-04
cx88fd7df7ddff82f7cc735c871dc519838cb235bb,cxa0af3165c08318e988cb30993b3048335b94af6c,hx06efa9167ece33af37f7153dc53bce2775f812f2,0x196d2c64fb07af90,0x1a1909e735642ef9dfe4ddf978e151943767c450dbcaac062faf5c8d61e3f4f9,1,94212606,1.8321694356295966,1741106015581100,Balanced Dollar,0.056862925,bnUSD,0,2,2025-03-04
cx4297f4b63262507623b6ad575d0d8dd2db980e4e,hx06efa9167ece33af37f7153dc53bce2775f812f2,cxa0af3165c08318e988cb30993b3048335b94af6c,0x26ccc476bb1d961,0x1a1909e735642ef9dfe4ddf978e151943767c450dbcaac062faf5c8d61e3f4f9,0,94212606,0.17473909268216867,1741106015581100,Injective,0.056862925,INJ,0,2,2025-03-04
cx88fd7df7ddff82f7cc735c871dc519838cb235bb,cxa0af3165c08318e988cb30993b3048335b94af6c,cx5faae53c4dbd1fbe4a2eb4aab6565030f10da5c6,0xe1fe5871ac36e,0x796d833722f6b59d9b1ba04c0a47c17492000aa7bb9e3c370f347e75656ab191,2,94212606,0.00397572034859915,1741106015581100,Balanced Dollar,0.0705437,bnUSD,0,1,2025-03-04
cx88fd7df7ddff82f7cc735c871dc519838cb235bb,cxa0af3165c08318e988cb30993b3048335b94af6c,hx06efa9167ece33af37f7153dc53bce2775f812f2,0x24ac2d6ee9b1355a,0x796d833722f6b59d9b1ba04c0a47c17492000aa7bb9e3c370f347e75656ab191,1,94212606,2.6425370357499958,1741106015581100,Balanced Dollar,0.0705437,bnUSD,0,1,2025-03-04
cx2609b924e33ef00b648a409245c7ea394c467824,hx06efa9167ece33af37f7153dc53bce2775f812f2,cxa0af3165c08318e988cb30993b3048335b94af6c,0x10a26095ce1a8f6ff,0x796d833722f6b59d9b1ba04c0a47c17492000aa7bb9e3c370f347e75656ab191,0,94212606,19.178026357731422,1741106015581100,Staked ICX,0.0705437,sICX,0,1,2025-03-04
cx88fd7df7ddff82f7cc735c871dc519838cb235bb,cxbf469921730ed3c3c8c1924fc482d369f8795fe2,hx385a695da4288bf7d70df14d1201e832c2bcf2a6,0x81ba8b2b78f778000,0x4fb4a98ecf1f1263ff3ca7bb9ed1b6f0d9c55d0a075ec75b0878e14219a697db,1,94212604,149.5669919262436,1741106011573040,Balanced Dollar,0.0417461375,bnUSD,0,4,2025-03-04
cx88fd7df7ddff82f7cc735c871dc519838cb235bb,hx385a695da4288bf7d70df14d1201e832c2bcf2a6,cxbf469921730ed3c3c8c1924fc482d369f8795fe2,0x81ba8b2b78f778000,0x4fb4a98ecf1f1263ff3ca7bb9ed1b6f0d9c55d0a075ec75b0878e14219a697db,0,94212604,149.5669919262436,1741106011573040,Balanced Dollar,0.0417461375,bnUSD,0,4,2025-03-04
cx4297f4b63262507623b6ad575d0d8dd2db980e4e,cx66d4d90f5f113eba575bf793570135f9b10cece1,cx835b300dcfe01f0bdb794e134a0c5628384f4367,0x6454bb61911b5,0x707f8c793ce26b807ef8d1a18b6b8cef69ac877d48075da56ab6dfd188958e3a,3,94212604,0.001765041340223925,1741106011573040,Injective,0.0924461375,INJ,0,3,2025-03-04
cx4297f4b63262507623b6ad575d0d8dd2db980e4e,cx66d4d90f5f113eba575bf793570135f9b10cece1,hx06efa9167ece33af37f7153dc53bce2775f812f2,0x26ccc476bb1d961,0x707f8c793ce26b807ef8d1a18b6b8cef69ac877d48075da56ab6dfd188958e3a,1,94212604,0.17473909268216867,1741106011573040,Injective,0.0924461375,INJ,0,3,2025-03-04
cx88fd7df7ddff82f7cc735c871dc519838cb235bb,hx06efa9167ece33af37f7153dc53bce2775f812f2,hx0000000000000000000000000000000000000000,0x17e7e182701cc01c,0x707f8c793ce26b807ef8d1a18b6b8cef69ac877d48075da56ab6dfd188958e3a,0,94212604,1.7225933328354346,1741106011573040,Balanced Dollar,0.0924461375,bnUSD,0,3,2025-03-04
cx88fd7df7ddff82f7cc735c871dc519838cb235bb,cxbf469921730ed3c3c8c1924fc482d369f8795fe2,hx385a695da4288bf7d70df14d1201e832c2bcf2a6,0x7a970813f65878000,0x2d08659d361925872a8fa57c4a22c38706a647eabbf20e6862d94245a7ade833,1,94212604,141.33660921505458,1741106011573040,Balanced Dollar,0.045417475,bnUSD,0,2,2025-03-04
cx88fd7df7ddff82f7cc735c871dc519838cb235bb,hx385a695da4288bf7d70df14d1201e832c2bcf2a6,cxbf469921730ed3c3c8c1924fc482d369f8795fe2,0x7a970813f65878000,0x2d08659d361925872a8fa57c4a22c38706a647eabbf20e6862d94245a7ade833,0,94212604,141.33660921505458,1741106011573040,Balanced Dollar,0.045417475,bnUSD,0,2,2025-03-04
cx2609b924e33ef00b648a409245c7ea394c467824,cx66d4d90f5f113eba575bf793570135f9b10cece1,cx835b300dcfe01f0bdb794e134a0c5628384f4367,0x2b038fbc438027e,0xd60b786aa26185decb8a5af853652e14895f9ebbd845b5f8b7f6a19e037b1d3c,5,94212604,0.19371743795688307,1741106011573040,Staked ICX,0.2543368625,sICX,0,1,2025-03-04
cx2609b924e33ef00b648a409245c7ea394c467824,cx66d4d90f5f113eba575bf793570135f9b10cece1,hx06efa9167ece33af37f7153dc53bce2775f812f2,0x10a26095ce1a8f6ff,0xd60b786aa26185decb8a5af853652e14895f9ebbd845b5f8b7f6a19e037b1d3c,2,94212604,19.178026357731422,1741106011573040,Staked ICX,0.2543368625,sICX,0,1,2025-03-04
cx88fd7df7ddff82f7cc735c871dc519838cb235bb,hx06efa9167ece33af37f7153dc53bce2775f812f2,hx0000000000000000000000000000000000000000,0x23310126d4130c61,0xd60b786aa26185decb8a5af853652e14895f9ebbd845b5f8b7f6a19e037b1d3c,0,94212604,2.535809331464703,1741106011573040,Balanced Dollar,0.2543368625,bnUSD,0,1,2025-03-04
cx88fd7df7ddff82f7cc735c871dc519838cb235bb,cxa0af3165c08318e988cb30993b3048335b94af6c,cx5faae53c4dbd1fbe4a2eb4aab6565030f10da5c6,0xd93326aff80f25,0xb59552c73478408561bac0e32fff9f94ffb18628fb44407dd53d59758cb32232,2,94212595,0.06113631120025578,1741105993746379,Balanced Dollar,0.04736945,bnUSD,0,1,2025-03-04
cx88fd7df7ddff82f7cc735c871dc519838cb235bb,cxa0af3165c08318e988cb30993b3048335b94af6c,hxd75467e3e4ce64e3424c747dfb71503017440433,0x23413d065bb678afa,0xb59552c73478408561bac0e32fff9f94ffb18628fb44407dd53d59758cb32232,1,94212595,40.64606019730326,1741105993746379,Balanced Dollar,0.04736945,bnUSD,0,1,2025-03-04
cx65c9e3d4fea842e00add0d32a5b4c5e4e04c7a6b,hxd75467e3e4ce64e3424c747dfb71503017440433,cxa0af3165c08318e988cb30993b3048335b94af6c,0x11e1a300,0xb59552c73478408561bac0e32fff9f94ffb18628fb44407dd53d59758cb32232,0,94212595,0.3,1741105993746379,Solana,0.04736945,SOL,0,1,2025-03-04
cx88fd7df7ddff82f7cc735c871dc519838cb235bb,cx21e94c08c03daee80c25d8ee3ea22a20786ec231,hx7497c286aa521b09b2b54d78cde3fa4573c0e157,0x15e25fdd1b3bebfa7c,0x58a29a3b560b693d1b67c34889c58297092ed6965297c841c26f2c2e27fa35d1,13,94212594,403.693625032299,1741105991809173,Balanced Dollar,0.22355425,bnUSD,0,1,2025-03-04
cx88fd7df7ddff82f7cc735c871dc519838cb235bb,cxa0af3165c08318e988cb30993b3048335b94af6c,cx5faae53c4dbd1fbe4a2eb4aab6565030f10da5c6,0x86cc1db26e313d5,0x58a29a3b560b693d1b67c34889c58297092ed6965297c841c26f2c2e27fa35d1,11,94212594,0.6070731967825889,1741105991809173,Balanced Dollar,0.22355425,bnUSD,0,1,2025-03-04
cx88fd7df7ddff82f7cc735c871dc519838cb235bb,cxa0af3165c08318e988cb30993b3048335b94af6c,cx21e94c08c03daee80c25d8ee3ea22a20786ec231,0x15e25fdd1b3bebfa7c,0x58a29a3b560b693d1b67c34889c58297092ed6965297c841c26f2c2e27fa35d1,10,94212594,403.693625032299,1741105991809173,Balanced Dollar,0.22355425,bnUSD,0,1,2025-03-04
cx2609b924e33ef00b648a409245c7ea394c467824,cx21e94c08c03daee80c25d8ee3ea22a20786ec231,cxa0af3165c08318e988cb30993b3048335b94af6c,0x9ebf505f457a7d5c53,0x58a29a3b560b693d1b67c34889c58297092ed6965297c841c26f2c2e27fa35d1,9,94212594,2928.371186857503,1741105991809173,Staked ICX,0.22355425,sICX,0,1,2025-03-04
cx2609b924e33ef00b648a409245c7ea394c467824,cxa0af3165c08318e988cb30993b3048335b94af6c,cx5faae53c4dbd1fbe4a2eb4aab6565030f10da5c6,0x3cff36e2c7ae70f2,0x58a29a3b560b693d1b67c34889c58297092ed6965297c841c26f2c2e27fa35d1,7,94212594,4.3952921089775,1741105991809173,Staked ICX,0.22355425,sICX,0,1,2025-03-04
cx2609b924e33ef00b648a409245c7ea394c467824,cxa0af3165c08318e988cb30993b3048335b94af6c,cx21e94c08c03daee80c25d8ee3ea22a20786ec231,0x9ebf505f457a7d5c53,0x58a29a3b560b693d1b67c34889c58297092ed6965297c841c26f2c2e27fa35d1,6,94212594,2928.371186857503,1741105991809173,Staked ICX,0.22355425,sICX,0,1,2025-03-04
cxf61cd5a45dc9f91c15aa65831a30a90d59a09619,cx21e94c08c03daee80c25d8ee3ea22a20786ec231,cxa0af3165c08318e988cb30993b3048335b94af6c,0xbe6c0fb5ec9502bc40,0x58a29a3b560b693d1b67c34889c58297092ed6965297c841c26f2c2e27fa35d1,5,94212594,3512.6680163132787,1741105991809173,Balance Token,0.22355425,BALN,0,1,2025-03-04
cx88fd7df7ddff82f7cc735c871dc519838cb235bb,cxa0af3165c08318e988cb30993b3048335b94af6c,cx5faae53c4dbd1fbe4a2eb4aab6565030f10da5c6,0x85608feadfe3b85,0x58a29a3b560b693d1b67c34889c58297092ed6965297c841c26f2c2e27fa35d1,3,94212594,0.600677490234375,1741105991809173,Balanced Dollar,0.22355425,bnUSD,0,1,2025-03-04
cxf61cd5a45dc9f91c15aa65831a30a90d59a09619,cxa0af3165c08318e988cb30993b3048335b94af6c,cx21e94c08c03daee80c25d8ee3ea22a20786ec231,0xbe6c0fb5ec9502bc40,0x58a29a3b560b693d1b67c34889c58297092ed6965297c841c26f2c2e27fa35d1,2,94212594,3512.6680163132787,1741105991809173,Balance Token,0.22355425,BALN,0,1,2025-03-04
cx88fd7df7ddff82f7cc735c871dc519838cb235bb,cx21e94c08c03daee80c25d8ee3ea22a20786ec231,cxa0af3165c08318e988cb30993b3048335b94af6c,0x15b562173a70bb0000,0x58a29a3b560b693d1b67c34889c58297092ed6965297c841c26f2c2e27fa35d1,1,94212594,400.45166015625006,1741105991809173,Balanced Dollar,0.22355425,bnUSD,0,1,2025-03-04
cx88fd7df7ddff82f7cc735c871dc519838cb235bb,hx7497c286aa521b09b2b54d78cde3fa4573c0e157,cx21e94c08c03daee80c25d8ee3ea22a20786ec231,0x15b562173a70bb0000,0x58a29a3b560b693d1b67c34889c58297092ed6965297c841c26f2c2e27fa35d1,0,94212594,400.45166015625006,1741105991809173,Balanced Dollar,0.22355425,bnUSD,0,1,2025-03-04
cx88fd7df7ddff82f7cc735c871dc519838cb235bb,cx21e94c08c03daee80c25d8ee3ea22a20786ec231,hx40c9ad7c54c30cd97c3f6c79d4ca92acc702446a,0x4128470d5b354152f5,0x7ba99b79c406c56553f956cd75b474e078cabbeb1e90c67da6ea91cb3cfeb364,5,94212593,1201.940667961371,1741105989563489,Balanced Dollar,0.078338025,bnUSD,0,2,2025-03-04
cx88fd7df7ddff82f7cc735c871dc519838cb235bb,cxa0af3165c08318e988cb30993b3048335b94af6c,cx5faae53c4dbd1fbe4a2eb4aab6565030f10da5c6,0x18c700672e2e9837,0x7ba99b79c406c56553f956cd75b474e078cabbeb1e90c67da6ea91cb3cfeb364,3,94212593,1.785396220432128,1741105989563489,Balanced Dollar,0.078338025,bnUSD,0,2,2025-03-04
cx88fd7df7ddff82f7cc735c871dc519838cb235bb,cxa0af3165c08318e988cb30993b3048335b94af6c,cx21e94c08c03daee80c25d8ee3ea22a20786ec231,0x4128470d5b354152f5,0x7ba99b79c406c56553f956cd75b474e078cabbeb1e90c67da6ea91cb3cfeb364,2,94212593,1201.940667961371,1741105989563489,Balanced Dollar,0.078338025,bnUSD,0,2,2025-03-04
cxf61cd5a45dc9f91c15aa65831a30a90d59a09619,cx21e94c08c03daee80c25d8ee3ea22a20786ec231,cxa0af3165c08318e988cb30993b3048335b94af6c,0x23a19b06e152aca7fdc,0x7ba99b79c406c56553f956cd75b474e078cabbeb1e90c67da6ea91cb3cfeb364,1,94212593,10516.495222498485,1741105989563489,Balance Token,0.078338025,BALN,0,2,2025-03-04
cxf61cd5a45dc9f91c15aa65831a30a90d59a09619,hx40c9ad7c54c30cd97c3f6c79d4ca92acc702446a,cx21e94c08c03daee80c25d8ee3ea22a20786ec231,0x23a19b06e152aca7fdc,0x7ba99b79c406c56553f956cd75b474e078cabbeb1e90c67da6ea91cb3cfeb364,0,94212593,10516.495222498485,1741105989563489,Balance Token,0.078338025,BALN,0,2,2025-03-04
cx88fd7df7ddff82f7cc735c871dc519838cb235bb,cxa0af3165c08318e988cb30993b3048335b94af6c,cx5faae53c4dbd1fbe4a2eb4aab6565030f10da5c6,0x19fc6ad7193c798,0x671dd0b42a4fb8cf890a5bba05d21675c117de92ae49addb002e75fcdfd0d550,2,94212590,0.11703056357207439,1741105983649768,Balanced Dollar,0.0569125875,bnUSD,0,1,2025-03-04
cx88fd7df7ddff82f7cc735c871dc519838cb235bb,cxa0af3165c08318e988cb30993b3048335b94af6c,hxd75467e3e4ce64e3424c747dfb71503017440433,0x437da182cb64fdb49,0x671dd0b42a4fb8cf890a5bba05d21675c117de92ae49addb002e75fcdfd0d550,1,94212590,77.81153209216347,1741105983649768,Balanced Dollar,0.0569125875,bnUSD,0,1,2025-03-04
cx66a031cc3bd305c76371fb586e93801b948254f0,hxd75467e3e4ce64e3424c747dfb71503017440433,cxa0af3165c08318e988cb30993b3048335b94af6c,0x3782dace9d900000,0x671dd0b42a4fb8cf890a5bba05d21675c117de92ae49addb002e75fcdfd0d550,0,94212590,4.0,1741105983649768,Avalanche,0.0569125875,AVAX,0,1,2025-03-04
cx7baf94bd53b505353285ee4c4c050f9703581703,hx8026678e3d08ba3203ce6161ee8e9e3b9793491f,hx8026678e3d08ba3203ce6161ee8e9e3b9793491f,0x0,0x03814602ab1e7cd6a2bc930382a4eb05c2723cca0a22c943ed815180f061526f,0,94212586,0.0,1741105975680557,unknown_token,0.073035075,$unknown,31,1,2025-03-04
cxf61cd5a45dc9f91c15aa65831a30a90d59a09619,cx10d59e8103ab44635190bd4139dbfd682fa2d07e,hx247e7c6b63c63d5b04c539373a0fbcffbdedd358,0x1e7e95069fb5d9fd,0x12ae8cb8cd5b38cbd0fde955d8eb9410b653f1681603c766da669445dee88d45,3,94212585,2.197357523885218,1741105973562343,Balance Token,0.0910377875,BALN,0,1,2025-03-04
cx2609b924e33ef00b648a409245c7ea394c467824,cx10d59e8103ab44635190bd4139dbfd682fa2d07e,hx247e7c6b63c63d5b04c539373a0fbcffbdedd358,0x4da890e8085ab5817,0x12ae8cb8cd5b38cbd0fde955d8eb9410b653f1681603c766da669445dee88d45,1,94212585,89.53410981207706,1741105973562343,Staked ICX,0.0910377875,sICX,0,1,2025-03-04
cx88fd7df7ddff82f7cc735c871dc519838cb235bb,cxa0af3165c08318e988cb30993b3048335b94af6c,cx5faae53c4dbd1fbe4a2eb4aab6565030f10da5c6,0x1a00ba6483b2e31,0x36f0c94e0da3fd2dc02451e1940ff23699ad9f62bd962e79b72938e23c080a7f,2,94212577,0.11710639911594757,1741105957552058,Balanced Dollar,0.0569125875,bnUSD,0,1,2025-03-04
cx88fd7df7ddff82f7cc735c871dc519838cb235bb,cxa0af3165c08318e988cb30993b3048335b94af6c,hxd75467e3e4ce64e3424c747dfb71503017440433,0x4388d41e2a7c130c4,0x36f0c94e0da3fd2dc02451e1940ff23699ad9f62bd962e79b72938e23c080a7f,1,94212577,77.86196197441124,1741105957552058,Balanced Dollar,0.0569125875,bnUSD,0,1,2025-03-04
cx66a031cc3bd305c76371fb586e93801b948254f0,hxd75467e3e4ce64e3424c747dfb71503017440433,cxa0af3165c08318e988cb30993b3048335b94af6c,0x3782dace9d900000,0x36f0c94e0da3fd2dc02451e1940ff23699ad9f62bd962e79b72938e23c080a7f,0,94212577,4.0,1741105957552058,Avalanche,0.0569125875,AVAX,0,1,2025-03-04
cxf61cd5a45dc9f91c15aa65831a30a90d59a09619,cx9345f80d6c98357ccbb70392b14162199c2c5f66,cxd82fb5d3effecd8c9071a4bba3856ad7222c4b91,0xb2809130e54c60,0x1acc80f1739b5328611f2bc2dbf1f1dce225f8de0d7c7d42b1bf49ad6fcc97d4,4,94212571,0.05024390693344368,1741105945558679,Balance Token,0.1302224875,BALN,0,1,2025-03-04
cx2609b924e33ef00b648a409245c7ea394c467824,cx9345f80d6c98357ccbb70392b14162199c2c5f66,cxd82fb5d3effecd8c9071a4bba3856ad7222c4b91,0xc45a449ba0c9546,0x1acc80f1739b5328611f2bc2dbf1f1dce225f8de0d7c7d42b1bf49ad6fcc97d4,3,94212571,0.8842935384091252,1741105945558679,Staked ICX,0.1302224875,sICX,0,1,2025-03-04
cx88fd7df7ddff82f7cc735c871dc519838cb235bb,hx0000000000000000000000000000000000000000,cx5faae53c4dbd1fbe4a2eb4aab6565030f10da5c6,0x0,0x1acc80f1739b5328611f2bc2dbf1f1dce225f8de0d7c7d42b1bf49ad6fcc97d4,2,94212571,0.0,1741105945558679,Balanced Dollar,0.1302224875,bnUSD,0,1,2025-03-04
cx88fd7df7ddff82f7cc735c871dc519838cb235bb,hx0000000000000000000000000000000000000000,cxd82fb5d3effecd8c9071a4bba3856ad7222c4b91,0x1f42f6e08b1aeea,0x1acc80f1739b5328611f2bc2dbf1f1dce225f8de0d7c7d42b1bf49ad6fcc97d4,1,94212571,0.1407896379940984,1741105945558679,Balanced Dollar,0.1302224875,bnUSD,0,1,2025-03-04
cx88fd7df7ddff82f7cc735c871dc519838cb235bb,hxc1718c79947e0f673296218b5b23adbd9a3b38a8,cxd82fb5d3effecd8c9071a4bba3856ad7222c4b91,0x1c2f7af80127ae0000,0x1acc80f1739b5328611f2bc2dbf1f1dce225f8de0d7c7d42b1bf49ad6fcc97d4,0,94212571,519.9301536146531,1741105945558679,Balanced Dollar,0.1302224875,bnUSD,0,1,2025-03-04
cx88fd7df7ddff82f7cc735c871dc519838cb235bb,cxa0af3165c08318e988cb30993b3048335b94af6c,cx5faae53c4dbd1fbe4a2eb4aab6565030f10da5c6,0xadef62a1bcecd5c,0xa563128aa7800462f4faac5d2b0b15959704e13b1754aececcfbd8e536c3d079,2,94212569,0.7833340459246422,1741105941755413,Balanced Dollar,0.0705809875,bnUSD,0,1,2025-03-04
cx88fd7df7ddff82f7cc735c871dc519838cb235bb,cxa0af3165c08318e988cb30993b3048335b94af6c,hxc1718c79947e0f673296218b5b23adbd9a3b38a8,0x1c3dfef40e676e211d,0xa563128aa7800462f4faac5d2b0b15959704e13b1754aececcfbd8e536c3d079,1,94212569,520.9761102869676,1741105941755413,Balanced Dollar,0.0705809875,bnUSD,0,1,2025-03-04
cx2609b924e33ef00b648a409245c7ea394c467824,hxc1718c79947e0f673296218b5b23adbd9a3b38a8,cxa0af3165c08318e988cb30993b3048335b94af6c,0xcca4d36dd072200000,0xa563128aa7800462f4faac5d2b0b15959704e13b1754aececcfbd8e536c3d079,0,94212569,3775.01274842109,1741105941755413,Staked ICX,0.0705809875,sICX,0,1,2025-03-04
cx88fd7df7ddff82f7cc735c871dc519838cb235bb,cxa0af3165c08318e988cb30993b3048335b94af6c,cx5faae53c4dbd1fbe4a2eb4aab6565030f10da5c6,0x149652bd03c3428,0xd7e15cdc6e5a05681c48ffb794cadccc2dff03708e3521a1b6acf55e5c36afca,2,94212568,0.09271650618941137,1741105939550022,Balanced Dollar,0.0569725875,bnUSD,0,1,2025-03-04
cx88fd7df7ddff82f7cc735c871dc519838cb235bb,cxa0af3165c08318e988cb30993b3048335b94af6c,hxd75467e3e4ce64e3424c747dfb71503017440433,0x35758c4ff0339ad68,0xd7e15cdc6e5a05681c48ffb794cadccc2dff03708e3521a1b6acf55e5c36afca,1,94212568,61.63422929992874,1741105939550022,Balanced Dollar,0.0569725875,bnUSD,0,1,2025-03-04
cx288d13e1b63563459a2ac6179f237711f6851cb5,hxd75467e3e4ce64e3424c747dfb71503017440433,cxa0af3165c08318e988cb30993b3048335b94af6c,0x6a94d74f430000,0xd7e15cdc6e5a05681c48ffb794cadccc2dff03708e3521a1b6acf55e5c36afca,0,94212568,0.03,1741105939550022,Ethereum,0.0569725875,ETH,0,1,2025-03-04
cx65c9e3d4fea842e00add0d32a5b4c5e4e04c7a6b,hx0000000000000000000000000000000000000000,hxd75467e3e4ce64e3424c747dfb71503017440433,0xb263b188,0xcae5d3a21a014e179f7fd51235f2841b48c3b277cce5aa487cdc10ba4d79e28e,1,94212561,2.99287796,1741105925582313,Solana,0.022660075,SOL,0,1,2025-03-04
cx88fd7df7ddff82f7cc735c871dc519838cb235bb,cxa0af3165c08318e988cb30993b3048335b94af6c,cx5faae53c4dbd1fbe4a2eb4aab6565030f10da5c6,0x1a050b04afb1ff9,0x72734437ed1f345fb89505d966610a8cb34baf7a0bcaf8caa17aaae70cf94eab,2,94212558,0.11718230841407078,1741105919546556,Balanced Dollar,0.0569125875,bnUSD,0,1,2025-03-04
cx88fd7df7ddff82f7cc735c871dc519838cb235bb,cxa0af3165c08318e988cb30993b3048335b94af6c,hxd75467e3e4ce64e3424c747dfb71503017440433,0x439409835d3d8cd5d,0x72734437ed1f345fb89505d966610a8cb34baf7a0bcaf8caa17aaae70cf94eab,1,94212558,77.91244091046447,1741105919546556,Balanced Dollar,0.0569125875,bnUSD,0,1,2025-03-04
cx66a031cc3bd305c76371fb586e93801b948254f0,hxd75467e3e4ce64e3424c747dfb71503017440433,cxa0af3165c08318e988cb30993b3048335b94af6c,0x3782dace9d900000,0x72734437ed1f345fb89505d966610a8cb34baf7a0bcaf8caa17aaae70cf94eab,0,94212558,4.0,1741105919546556,Avalanche,0.0569125875,AVAX,0,1,2025-03-04
cx2609b924e33ef00b648a409245c7ea394c467824,cxa0af3165c08318e988cb30993b3048335b94af6c,hx9092a3fc19763f078f069b5406c4433f37b7ea56,0x3085fb1291f9dada9d9,0x8aa2ad197937ad17908aa2e6d7882be14ea93766d8c8748fa1177a0100027784,7,94212556,14321.568738918859,1741105915544879,Staked ICX,0.1206200625,sICX,0,1,2025-03-04
cx3975b43d260fb8ec802cef6e60c2f4d07486f11d,hx9092a3fc19763f078f069b5406c4433f37b7ea56,hx0000000000000000000000000000000000000000,0x3f103e792b18f5e42a0,0x8aa2ad197937ad17908aa2e6d7882be14ea93766d8c8748fa1177a0100027784,3,94212556,18613.046125165984,1741105915544879,Wrapped ICX,0.1206200625,wICX,0,1,2025-03-04
cx3975b43d260fb8ec802cef6e60c2f4d07486f11d,cxa0af3165c08318e988cb30993b3048335b94af6c,hx9092a3fc19763f078f069b5406c4433f37b7ea56,0x3f103e792b18f5e42a0,0x8aa2ad197937ad17908aa2e6d7882be14ea93766d8c8748fa1177a0100027784,2,94212556,18613.046125165984,1741105915544879,Wrapped ICX,0.1206200625,wICX,0,1,2025-03-04
cxf61cd5a45dc9f91c15aa65831a30a90d59a09619,cx9345f80d6c98357ccbb70392b14162199c2c5f66,cxd82fb5d3effecd8c9071a4bba3856ad7222c4b91,0x88da08e9c0dcb0,0x9a668124676d7817d650fef164f754f6f5455f054c5eb286a7cb06cecbf9bc16,4,94212541,0.038520328648973486,1741105885532690,Balance Token,0.1302224875,BALN,0,1,2025-03-04
cx2609b924e33ef00b648a409245c7ea394c467824,cx9345f80d6c98357ccbb70392b14162199c2c5f66,cxd82fb5d3effecd8c9071a4bba3856ad7222c4b91,0x968978ddb700c0b,0x9a668124676d7817d650fef164f754f6f5455f054c5eb286a7cb06cecbf9bc16,3,94212541,0.677958379446996,1741105885532690,Staked ICX,0.1302224875,sICX,0,1,2025-03-04
cx88fd7df7ddff82f7cc735c871dc519838cb235bb,hx0000000000000000000000000000000000000000,cx5faae53c4dbd1fbe4a2eb4aab6565030f10da5c6,0x0,0x9a668124676d7817d650fef164f754f6f5455f054c5eb286a7cb06cecbf9bc16,2,94212541,0.0,1741105885532690,Balanced Dollar,0.1302224875,bnUSD,0,1,2025-03-04
cx88fd7df7ddff82f7cc735c871dc519838cb235bb,hx0000000000000000000000000000000000000000,cxd82fb5d3effecd8c9071a4bba3856ad7222c4b91,0x17f667e82b0043d,0x9a668124676d7817d650fef164f754f6f5455f054c5eb286a7cb06cecbf9bc16,1,94212541,0.10791760962466719,1741105885532690,Balanced Dollar,0.1302224875,bnUSD,0,1,2025-03-04
cx88fd7df7ddff82f7cc735c871dc519838cb235bb,hxc1718c79947e0f673296218b5b23adbd9a3b38a8,cxd82fb5d3effecd8c9071a4bba3856ad7222c4b91,0x1c3d7a08a21cf40000,0x9a668124676d7817d650fef164f754f6f5455f054c5eb286a7cb06cecbf9bc16,0,94212541,520.9386967397032,1741105885532690,Balanced Dollar,0.1302224875,bnUSD,0,1,2025-03-04
cx88fd7df7ddff82f7cc735c871dc519838cb235bb,cxa0af3165c08318e988cb30993b3048335b94af6c,cx5faae53c4dbd1fbe4a2eb4aab6565030f10da5c6,0xae261bda7ef5a63,0x4ab8a61aae1b87742395e6881f3eb0e25c49a8820869f4beaf53531339b0e05c,2,94212539,0.7842967523100821,1741105881725486,Balanced Dollar,0.0705809875,bnUSD,0,1,2025-03-04
cx88fd7df7ddff82f7cc735c871dc519838cb235bb,cxa0af3165c08318e988cb30993b3048335b94af6c,hxc1718c79947e0f673296218b5b23adbd9a3b38a8,0x1c46e25b8b0758b9e3,0x4ab8a61aae1b87742395e6881f3eb0e25c49a8820869f4beaf53531339b0e05c,1,94212539,521.6165796439409,1741105881725486,Balanced Dollar,0.0705809875,bnUSD,0,1,2025-03-04
cx2609b924e33ef00b648a409245c7ea394c467824,hxc1718c79947e0f673296218b5b23adbd9a3b38a8,cxa0af3165c08318e988cb30993b3048335b94af6c,0xcca4d36dd072200000,0x4ab8a61aae1b87742395e6881f3eb0e25c49a8820869f4beaf53531339b0e05c,0,94212539,3775.01274842109,1741105881725486,Staked ICX,0.0705809875,sICX,0,1,2025-03-04
cx88fd7df7ddff82f7cc735c871dc519838cb235bb,cxa0af3165c08318e988cb30993b3048335b94af6c,cx5faae53c4dbd1fbe4a2eb4aab6565030f10da5c6,0x1497cd98f923bf0,0x207fde70df40d6361318dfc4e3618e10d305965ae590c48f70af8daa73d0a22d,2,94212533,0.09274254119627877,1741105869528411,Balanced Dollar,0.0569765875,bnUSD,0,1,2025-03-04
cx88fd7df7ddff82f7cc735c871dc519838cb235bb,cxa0af3165c08318e988cb30993b3048335b94af6c,hxd75467e3e4ce64e3424c747dfb71503017440433,0x3579642c1de14fa5e,0x207fde70df40d6361318dfc4e3618e10d305965ae590c48f70af8daa73d0a22d,1,94212533,61.65153754935702,1741105869528411,Balanced Dollar,0.0569765875,bnUSD,0,1,2025-03-04
cx288d13e1b63563459a2ac6179f237711f6851cb5,hxd75467e3e4ce64e3424c747dfb71503017440433,cxa0af3165c08318e988cb30993b3048335b94af6c,0x6a94d74f430000,0x207fde70df40d6361318dfc4e3618e10d305965ae590c48f70af8daa73d0a22d,0,94212533,0.03,1741105869528411,Ethereum,0.0569765875,ETH,0,1,2025-03-04
cx88fd7df7ddff82f7cc735c871dc519838cb235bb,cxa0af3165c08318e988cb30993b3048335b94af6c,cx5faae53c4dbd1fbe4a2eb4aab6565030f10da5c6,0x1a095cb7f879f09,0xb6dac62dd3cd295511cf5013be4f79f46f48804ad3a4b94b086f00a2b41569f4,2,94212529,0.11725829156212711,1741105861529726,Balanced Dollar,0.0569125875,bnUSD,0,1,2025-03-04
cx88fd7df7ddff82f7cc735c871dc519838cb235bb,cxa0af3165c08318e988cb30993b3048335b94af6c,hxd75467e3e4ce64e3424c747dfb71503017440433,0x439f41b350c5cf731,0xb6dac62dd3cd295511cf5013be4f79f46f48804ad3a4b94b086f00a2b41569f4,1,94212529,77.96296896397213,1741105861529726,Balanced Dollar,0.0569125875,bnUSD,0,1,2025-03-04
cx66a031cc3bd305c76371fb586e93801b948254f0,hxd75467e3e4ce64e3424c747dfb71503017440433,cxa0af3165c08318e988cb30993b3048335b94af6c,0x3782dace9d900000,0xb6dac62dd3cd295511cf5013be4f79f46f48804ad3a4b94b086f00a2b41569f4,0,94212529,4.0,1741105861529726,Avalanche,0.0569125875,AVAX,0,1,2025-03-04
cx88fd7df7ddff82f7cc735c871dc519838cb235bb,cxa0af3165c08318e988cb30993b3048335b94af6c,hx4dc7903504bb800a462378348a42f53742759e0b,0x1232da6319450d5,0x6a361ace90442e6ff56a06f2da9833a38664b0ac31cee7fce7e830a0821d4a35,3,94212524,0.08195941004242556,1741105851525096,Balanced Dollar,0.0347549,bnUSD,0,3,2025-03-04
cx2d552c485ec8bcaa75aac02424e2aca6ffdb2f1b,hx4dc7903504bb800a462378348a42f53742759e0b,cxa0af3165c08318e988cb30993b3048335b94af6c,0xaf7622972118c8,0xcc8289eec9efecd76b1a31d6b80f399599e5c94b4c0083bff16e762af96008ea,0,94212524,0.04938801186085908,1741105851525096,Binance Coin,0.02160545,BNB,0,2,2025-03-04
cx88fd7df7ddff82f7cc735c871dc519838cb235bb,hx4dc7903504bb800a462378348a42f53742759e0b,cxa0af3165c08318e988cb30993b3048335b94af6c,0x183aecd4d6517b000,0x83b403f81048ef0c7ec6e6a7656fc3ec76a45cb67b90e5542e0df4e447f756f7,0,94212524,27.935491270917993,1741105851525096,Balanced Dollar,0.02221895,bnUSD,0,1,2025-03-04
cx88fd7df7ddff82f7cc735c871dc519838cb235bb,cxa0af3165c08318e988cb30993b3048335b94af6c,cx5faae53c4dbd1fbe4a2eb4aab6565030f10da5c6,0xb22731a094563,0x817433a232b52c0218337973eacbfe2beba487c3a7178e5734c6601addbe1475,2,94212523,0.003134102497215843,1741105849525591,Balanced Dollar,0.0705412,bnUSD,0,2,2025-03-04
cx88fd7df7ddff82f7cc735c871dc519838cb235bb,cxa0af3165c08318e988cb30993b3048335b94af6c,hx06efa9167ece33af37f7153dc53bce2775f812f2,0x1ce8cb7f0d6f2a31,0x817433a232b52c0218337973eacbfe2beba487c3a7178e5734c6601addbe1475,1,94212523,2.083138574205529,1741105849525591,Balanced Dollar,0.0705412,bnUSD,0,2,2025-03-04
cx2609b924e33ef00b648a409245c7ea394c467824,hx06efa9167ece33af37f7153dc53bce2775f812f2,cxa0af3165c08318e988cb30993b3048335b94af6c,0xd117a2e994c78b38,0x817433a232b52c0218337973eacbfe2beba487c3a7178e5734c6601addbe1475,0,94212523,15.066690202498469,1741105849525591,Staked ICX,0.0705412,sICX,0,2,2025-03-04
cx88fd7df7ddff82f7cc735c871dc519838cb235bb,cxa0af3165c08318e988cb30993b3048335b94af6c,cx5faae53c4dbd1fbe4a2eb4aab6565030f10da5c6,0x58d628511d8eb5,0x61708b75e63cd6b26bacb124b1c2bac7a8530a0ee85e9a8bccdc8efd0bee4c2d,2,94212523,0.025005266598465206,1741105849525591,Balanced Dollar,0.0568802875,bnUSD,0,1,2025-03-04
cx88fd7df7ddff82f7cc735c871dc519838cb235bb,cxa0af3165c08318e988cb30993b3048335b94af6c,hx06efa9167ece33af37f7153dc53bce2775f812f2,0xe6ac2488ecde25b5,0x61708b75e63cd6b26bacb124b1c2bac7a8530a0ee85e9a8bccdc8efd0bee4c2d,1,94212523,16.62170049522579,1741105849525591,Balanced Dollar,0.0568802875,bnUSD,0,1,2025-03-04
cx4297f4b63262507623b6ad575d0d8dd2db980e4e,hx06efa9167ece33af37f7153dc53bce2775f812f2,cxa0af3165c08318e988cb30993b3048335b94af6c,0x15ff63bdf4b76e34,0x61708b75e63cd6b26bacb124b1c2bac7a8530a0ee85e9a8bccdc8efd0bee4c2d,0,94212523,1.5850952613633347,1741105849525591,Injective,0.0568802875,INJ,0,1,2025-03-04
cx2d552c485ec8bcaa75aac02424e2aca6ffdb2f1b,cx21e94c08c03daee80c25d8ee3ea22a20786ec231,hx4dc7903504bb800a462378348a42f53742759e0b,0xaf8c99d9e5e1f6,0x5a6ac87333dd7de657d85dffde4fc875667f34291eb81d93a84d8b00104ca2ad,13,94212522,0.04941271333797119,1741105847714628,Binance Coin,0.23553815,BNB,0,2,2025-03-04
cx88fd7df7ddff82f7cc735c871dc519838cb235bb,cxa0af3165c08318e988cb30993b3048335b94af6c,cx5faae53c4dbd1fbe4a2eb4aab6565030f10da5c6,0x94ef53b4215011,0x5a6ac87333dd7de657d85dffde4fc875667f34291eb81d93a84d8b00104ca2ad,11,94212522,0.04192143933658318,1741105847714628,Balanced Dollar,0.23553815,bnUSD,0,2,2025-03-04
cx2d552c485ec8bcaa75aac02424e2aca6ffdb2f1b,cxa0af3165c08318e988cb30993b3048335b94af6c,cx21e94c08c03daee80c25d8ee3ea22a20786ec231,0xaf8c99d9e5e1f6,0x5a6ac87333dd7de657d85dffde4fc875667f34291eb81d93a84d8b00104ca2ad,10,94212522,0.04941271333797119,1741105847714628,Binance Coin,0.23553815,BNB,0,2,2025-03-04
cx88fd7df7ddff82f7cc735c871dc519838cb235bb,cx21e94c08c03daee80c25d8ee3ea22a20786ec231,cxa0af3165c08318e988cb30993b3048335b94af6c,0x183d9e9fa6c15d989,0x5a6ac87333dd7de657d85dffde4fc875667f34291eb81d93a84d8b00104ca2ad,9,94212522,27.94762622438879,1741105847714628,Balanced Dollar,0.23553815,bnUSD,0,2,2025-03-04
cx88fd7df7ddff82f7cc735c871dc519838cb235bb,cxa0af3165c08318e988cb30993b3048335b94af6c,cx5faae53c4dbd1fbe4a2eb4aab6565030f10da5c6,0x9560cb2535395c,0x5a6ac87333dd7de657d85dffde4fc875667f34291eb81d93a84d8b00104ca2ad,7,94212522,0.042046197148760414,1741105847714628,Balanced Dollar,0.23553815,bnUSD,0,2,2025-03-04
cx88fd7df7ddff82f7cc735c871dc519838cb235bb,cxa0af3165c08318e988cb30993b3048335b94af6c,cx21e94c08c03daee80c25d8ee3ea22a20786ec231,0x183d9e9fa6c15d989,0x5a6ac87333dd7de657d85dffde4fc875667f34291eb81d93a84d8b00104ca2ad,6,94212522,27.94762622438879,1741105847714628,Balanced Dollar,0.23553815,bnUSD,0,2,2025-03-04
cx2609b924e33ef00b648a409245c7ea394c467824,cx21e94c08c03daee80c25d8ee3ea22a20786ec231,cxa0af3165c08318e988cb30993b3048335b94af6c,0xaf51b7799647fc3b6,0x5a6ac87333dd7de657d85dffde4fc875667f34291eb81d93a84d8b00104ca2ad,5,94212522,202.12928260145884,1741105847714628,Staked ICX,0.23553815,sICX,0,2,2025-03-04
cx2609b924e33ef00b648a409245c7ea394c467824,hx0000000000000000000000000000000000000000,cx21e94c08c03daee80c25d8ee3ea22a20786ec231,0xaf51b7799647fc3b6,0x5a6ac87333dd7de657d85dffde4fc875667f34291eb81d93a84d8b00104ca2ad,3,94212522,202.12928260145884,1741105847714628,Staked ICX,0.23553815,sICX,0,2,2025-03-04
cx88fd7df7ddff82f7cc735c871dc519838cb235bb,cx21e94c08c03daee80c25d8ee3ea22a20786ec231,hx4dc7903504bb800a462378348a42f53742759e0b,0x183e0733f76d4fa9f,0xc28e1db90a990eae13e4c8941f321d566b2ddcb4c6ee744d527675d29e9bb781,9,94212522,27.949466003875102,1741105847714628,Balanced Dollar,0.178041425,bnUSD,0,1,2025-03-04
cx88fd7df7ddff82f7cc735c871dc519838cb235bb,cxa0af3165c08318e988cb30993b3048335b94af6c,cx5faae53c4dbd1fbe4a2eb4aab6565030f10da5c6,0x95634f951c620c,0xc28e1db90a990eae13e4c8941f321d566b2ddcb4c6ee744d527675d29e9bb781,7,94212522,0.042048964985119244,1741105847714628,Balanced Dollar,0.178041425,bnUSD,0,1,2025-03-04
cx88fd7df7ddff82f7cc735c871dc519838cb235bb,cxa0af3165c08318e988cb30993b3048335b94af6c,cx21e94c08c03daee80c25d8ee3ea22a20786ec231,0x183e0733f76d4fa9f,0xc28e1db90a990eae13e4c8941f321d566b2ddcb4c6ee744d527675d29e9bb781,6,94212522,27.949466003875102,1741105847714628,Balanced Dollar,0.178041425,bnUSD,0,1,2025-03-04
cx2609b924e33ef00b648a409245c7ea394c467824,cx21e94c08c03daee80c25d8ee3ea22a20786ec231,cxa0af3165c08318e988cb30993b3048335b94af6c,0xaf51b7799647fc3b6,0xc28e1db90a990eae13e4c8941f321d566b2ddcb4c6ee744d527675d29e9bb781,5,94212522,202.12928260145884,1741105847714628,Staked ICX,0.178041425,sICX,0,1,2025-03-04
cx2609b924e33ef00b648a409245c7ea394c467824,hx0000000000000000000000000000000000000000,cx21e94c08c03daee80c25d8ee3ea22a20786ec231,0xaf51b7799647fc3b6,0xc28e1db90a990eae13e4c8941f321d566b2ddcb4c6ee744d527675d29e9bb781,3,94212522,202.12928260145884,1741105847714628,Staked ICX,0.178041425,sICX,0,1,2025-03-04
cx88fd7df7ddff82f7cc735c871dc519838cb235bb,cxbf469921730ed3c3c8c1924fc482d369f8795fe2,hx385a695da4288bf7d70df14d1201e832c2bcf2a6,0x8f4c746a19a290000,0x37349583977b3ab4de8b5b90a4227a9392d89d623ef1a35b420b2cac80bfe8fa,1,94212521,165.2120967151863,1741105845524589,Balanced Dollar,0.0417461375,bnUSD,0,4,2025-03-04
cx88fd7df7ddff82f7cc735c871dc519838cb235bb,hx385a695da4288bf7d70df14d1201e832c2bcf2a6,cxbf469921730ed3c3c8c1924fc482d369f8795fe2,0x8f4c746a19a290000,0x37349583977b3ab4de8b5b90a4227a9392d89d623ef1a35b420b2cac80bfe8fa,0,94212521,165.2120967151863,1741105845524589,Balanced Dollar,0.0417461375,bnUSD,0,4,2025-03-04
cx88fd7df7ddff82f7cc735c871dc519838cb235bb,cxbf469921730ed3c3c8c1924fc482d369f8795fe2,hx385a695da4288bf7d70df14d1201e832c2bcf2a6,0x7c523a3b01b22c000,0xeed359330be0436518db2a80cbcaa550af78ea1f640c1e9ddf212e1113d0f020,1,94212521,143.33258614238838,1741105845524589,Balanced Dollar,0.045417475,bnUSD,0,3,2025-03-04
cx88fd7df7ddff82f7cc735c871dc519838cb235bb,hx385a695da4288bf7d70df14d1201e832c2bcf2a6,cxbf469921730ed3c3c8c1924fc482d369f8795fe2,0x7c523a3b01b22c000,0xeed359330be0436518db2a80cbcaa550af78ea1f640c1e9ddf212e1113d0f020,0,94212521,143.33258614238838,1741105845524589,Balanced Dollar,0.045417475,bnUSD,0,3,2025-03-04
cx4297f4b63262507623b6ad575d0d8dd2db980e4e,cx66d4d90f5f113eba575bf793570135f9b10cece1,cx835b300dcfe01f0bdb794e134a0c5628384f4367,0x38e1fa29427fd1,0xeb94d90fa84ed587b2d89b64c90ba25b0ee35bbcfff9f9dc68fbc1880dc7a0b3,3,94212521,0.01601106324609429,1741105845524589,Injective,0.0924541375,INJ,0,2,2025-03-04
cx4297f4b63262507623b6ad575d0d8dd2db980e4e,cx66d4d90f5f113eba575bf793570135f9b10cece1,hx06efa9167ece33af37f7153dc53bce2775f812f2,0x15ff63bdf4b76e34,0xeb94d90fa84ed587b2d89b64c90ba25b0ee35bbcfff9f9dc68fbc1880dc7a0b3,1,94212521,1.5850952613633347,1741105845524589,Injective,0.0924541375,INJ,0,2,2025-03-04
cx88fd7df7ddff82f7cc735c871dc519838cb235bb,hx06efa9167ece33af37f7153dc53bce2775f812f2,hx0000000000000000000000000000000000000000,0xd91e9d9a65ece83b,0xeb94d90fa84ed587b2d89b64c90ba25b0ee35bbcfff9f9dc68fbc1880dc7a0b3,0,94212521,15.645115441992232,1741105845524589,Balanced Dollar,0.0924541375,bnUSD,0,2,2025-03-04
cx2609b924e33ef00b648a409245c7ea394c467824,cx66d4d90f5f113eba575bf793570135f9b10cece1,cx835b300dcfe01f0bdb794e134a0c5628384f4367,0x21caee5ea3ae78c,0x8207c0db5ee8731218f1e1a3facbfb309aa881588d05fc0f1f6278468ce6af94,5,94212521,0.15218878992422696,1741105845524589,Staked ICX,0.2543466625,sICX,0,1,2025-03-04
cx2609b924e33ef00b648a409245c7ea394c467824,cx66d4d90f5f113eba575bf793570135f9b10cece1,hx06efa9167ece33af37f7153dc53bce2775f812f2,0xd117a2e994c78b38,0x8207c0db5ee8731218f1e1a3facbfb309aa881588d05fc0f1f6278468ce6af94,2,94212521,15.066690202498469,1741105845524589,Staked ICX,0.2543466625,sICX,0,1,2025-03-04
cx88fd7df7ddff82f7cc735c871dc519838cb235bb,hx06efa9167ece33af37f7153dc53bce2775f812f2,hx0000000000000000000000000000000000000000,0x1bb32b273d8b1262,0x8207c0db5ee8731218f1e1a3facbfb309aa881588d05fc0f1f6278468ce6af94,0,94212521,1.995986507391505,1741105845524589,Balanced Dollar,0.2543466625,bnUSD,0,1,2025-03-04
cxf61cd5a45dc9f91c15aa65831a30a90d59a09619,cx9345f80d6c98357ccbb70392b14162199c2c5f66,cxd82fb5d3effecd8c9071a4bba3856ad7222c4b91,0xb2809130e54c60,0xa70f1247a27bbd8e23e37fc996d0fc900901bc3f6c7a0124d088fe2c99d17a99,4,94212518,0.05024390693344368,1741105839521765,Balance Token,0.1302224875,BALN,0,1,2025-03-04
cx2609b924e33ef00b648a409245c7ea394c467824,cx9345f80d6c98357ccbb70392b14162199c2c5f66,cxd82fb5d3effecd8c9071a4bba3856ad7222c4b91,0xc45a449ba0c9546,0xa70f1247a27bbd8e23e37fc996d0fc900901bc3f6c7a0124d088fe2c99d17a99,3,94212518,0.8842935384091252,1741105839521765,Staked ICX,0.1302224875,sICX,0,1,2025-03-04
cx88fd7df7ddff82f7cc735c871dc519838cb235bb,hx0000000000000000000000000000000000000000,cx5faae53c4dbd1fbe4a2eb4aab6565030f10da5c6,0x0,0xa70f1247a27bbd8e23e37fc996d0fc900901bc3f6c7a0124d088fe2c99d17a99,2,94212518,0.0,1741105839521765,Balanced Dollar,0.1302224875,bnUSD,0,1,2025-03-04
cx88fd7df7ddff82f7cc735c871dc519838cb235bb,hx0000000000000000000000000000000000000000,cxd82fb5d3effecd8c9071a4bba3856ad7222c4b91,0x1f42308e78dd389,0xa70f1247a27bbd8e23e37fc996d0fc900901bc3f6c7a0124d088fe2c99d17a99,1,94212518,0.14077600950687016,1741105839521765,Balanced Dollar,0.1302224875,bnUSD,0,1,2025-03-04
cx88fd7df7ddff82f7cc735c871dc519838cb235bb,hxc1718c79947e0f673296218b5b23adbd9a3b38a8,cxd82fb5d3effecd8c9071a4bba3856ad7222c4b91,0x1c3d5db3c6ce420000,0xa70f1247a27bbd8e23e37fc996d0fc900901bc3f6c7a0124d088fe2c99d17a99,0,94212518,520.9307221394605,1741105839521765,Balanced Dollar,0.1302224875,bnUSD,0,1,2025-03-04
cx88fd7df7ddff82f7cc735c871dc519838cb235bb,cxa0af3165c08318e988cb30993b3048335b94af6c,cx5faae53c4dbd1fbe4a2eb4aab6565030f10da5c6,0xae630786485de94,0xb9949293cc8f4a6ad742a07e2a63e3d55a1f1a45054ca858c35564de1a2d6fe9,2,94212516,0.7853684786634338,1741105835520403,Balanced Dollar,0.0705809875,bnUSD,0,1,2025-03-04
cx88fd7df7ddff82f7cc735c871dc519838cb235bb,cxa0af3165c08318e988cb30993b3048335b94af6c,hxc1718c79947e0f673296218b5b23adbd9a3b38a8,0x1c50c76ffcaadb2b3f,0xb9949293cc8f4a6ad742a07e2a63e3d55a1f1a45054ca858c35564de1a2d6fe9,1,94212516,522.329578238256,1741105835520403,Balanced Dollar,0.0705809875,bnUSD,0,1,2025-03-04
cx2609b924e33ef00b648a409245c7ea394c467824,hxc1718c79947e0f673296218b5b23adbd9a3b38a8,cxa0af3165c08318e988cb30993b3048335b94af6c,0xcca4d36dd072200000,0xb9949293cc8f4a6ad742a07e2a63e3d55a1f1a45054ca858c35564de1a2d6fe9,0,94212516,3775.01274842109,1741105835520403,Staked ICX,0.0705809875,sICX,0,1,2025-03-04
cx88fd7df7ddff82f7cc735c871dc519838cb235bb,cxa0af3165c08318e988cb30993b3048335b94af6c,cx5faae53c4dbd1fbe4a2eb4aab6565030f10da5c6,0x1a0daf7eb970bd6,0x77e9681a9dfcd969540a4d63a453366bad1c3f19199bdc99347b42316b110081,2,94212509,0.1173343486559549,1741105821513680,Balanced Dollar,0.0569125875,bnUSD,0,2,2025-03-04
cx88fd7df7ddff82f7cc735c871dc519838cb235bb,cxa0af3165c08318e988cb30993b3048335b94af6c,hxd75467e3e4ce64e3424c747dfb71503017440433,0x43aa7caef293bcceb,0x77e9681a9dfcd969540a4d63a453366bad1c3f19199bdc99347b42316b110081,1,94212509,78.01354619868648,1741105821513680,Balanced Dollar,0.0569125875,bnUSD,0,2,2025-03-04
cx66a031cc3bd305c76371fb586e93801b948254f0,hxd75467e3e4ce64e3424c747dfb71503017440433,cxa0af3165c08318e988cb30993b3048335b94af6c,0x3782dace9d900000,0x77e9681a9dfcd969540a4d63a453366bad1c3f19199bdc99347b42316b110081,0,94212509,4.0,1741105821513680,Avalanche,0.0569125875,AVAX,0,2,2025-03-04
cx88fd7df7ddff82f7cc735c871dc519838cb235bb,cxa0af3165c08318e988cb30993b3048335b94af6c,cx5faae53c4dbd1fbe4a2eb4aab6565030f10da5c6,0x1499489dcca0cbc,0x46844866aa0a4cb5f639a052bf6e21d50500a8312709565e5579779a8b40cecd,2,94212504,0.09276858717346527,1741105811510252,Balanced Dollar,0.0569765875,bnUSD,0,1,2025-03-04
cx88fd7df7ddff82f7cc735c871dc519838cb235bb,cxa0af3165c08318e988cb30993b3048335b94af6c,hxd75467e3e4ce64e3424c747dfb71503017440433,0x357d3c726e8b02f6c,0x46844866aa0a4cb5f639a052bf6e21d50500a8312709565e5579779a8b40cecd,1,94212504,61.66885309244088,1741105811510252,Balanced Dollar,0.0569765875,bnUSD,0,1,2025-03-04
cx288d13e1b63563459a2ac6179f237711f6851cb5,hxd75467e3e4ce64e3424c747dfb71503017440433,cxa0af3165c08318e988cb30993b3048335b94af6c,0x6a94d74f430000,0x46844866aa0a4cb5f639a052bf6e21d50500a8312709565e5579779a8b40cecd,0,94212504,0.03,1741105811510252,Ethereum,0.0569765875,ETH,0,1,2025-03-04
cx88fd7df7ddff82f7cc735c871dc519838cb235bb,cxd82fb5d3effecd8c9071a4bba3856ad7222c4b91,hxd75467e3e4ce64e3424c747dfb71503017440433,0x6c6b935b8bbd400000,0x8ffbd5f37988e52a06ad13dbac18259a90ef677978b658ea6f692d3a5c3e6dd9,0,94212494,2000.0,1741105791709803,Balanced Dollar,0.02069225,bnUSD,0,1,2025-03-04
cxf61cd5a45dc9f91c15aa65831a30a90d59a09619,cx9345f80d6c98357ccbb70392b14162199c2c5f66,cxd82fb5d3effecd8c9071a4bba3856ad7222c4b91,0x11d9a81e7d5470,0x3f967b286086fd5739c179a6a1014035b24b6cd55d94689e2700781f282c0350,4,94212488,0.005024390693344368,1741105779501868,Balance Token,0.13021205,BALN,0,1,2025-03-04
cx2609b924e33ef00b648a409245c7ea394c467824,cx9345f80d6c98357ccbb70392b14162199c2c5f66,cxd82fb5d3effecd8c9071a4bba3856ad7222c4b91,0x13a2a075f67a887,0x3f967b286086fd5739c179a6a1014035b24b6cd55d94689e2700781f282c0350,3,94212488,0.08842935384091252,1741105779501868,Staked ICX,0.13021205,sICX,0,1,2025-03-04
cx88fd7df7ddff82f7cc735c871dc519838cb235bb,hx0000000000000000000000000000000000000000,cx5faae53c4dbd1fbe4a2eb4aab6565030f10da5c6,0x0,0x3f967b286086fd5739c179a6a1014035b24b6cd55d94689e2700781f282c0350,2,94212488,0.0,1741105779501868,Balanced Dollar,0.13021205,bnUSD,0,1,2025-03-04
cx88fd7df7ddff82f7cc735c871dc519838cb235bb,hx0000000000000000000000000000000000000000,cxd82fb5d3effecd8c9071a4bba3856ad7222c4b91,0x3205cf601385ce,0x3f967b286086fd5739c179a6a1014035b24b6cd55d94689e2700781f282c0350,1,94212488,0.014080137063794126,1741105779501868,Balanced Dollar,0.13021205,bnUSD,0,1,2025-03-04
cx88fd7df7ddff82f7cc735c871dc519838cb235bb,hxd75467e3e4ce64e3424c747dfb71503017440433,cxd82fb5d3effecd8c9071a4bba3856ad7222c4b91,0x5e7f44b2c642940000,0x3f967b286086fd5739c179a6a1014035b24b6cd55d94689e2700781f282c0350,0,94212488,1743.1645942345212,1741105779501868,Balanced Dollar,0.13021205,bnUSD,0,1,2025-03-04
cx88fd7df7ddff82f7cc735c871dc519838cb235bb,cx21e94c08c03daee80c25d8ee3ea22a20786ec231,hxd75467e3e4ce64e3424c747dfb71503017440433,0x6071247ecdfeed282,0x772874ab097f3ce2779df4459bd998871b08c44cf34f849469955027a1fad247,9,94212486,111.19001323279842,1741105775525358,Balanced Dollar,0.1700008375,bnUSD,0,1,2025-03-04
cx88fd7df7ddff82f7cc735c871dc519838cb235bb,cxa0af3165c08318e988cb30993b3048335b94af6c,cx5faae53c4dbd1fbe4a2eb4aab6565030f10da5c6,0x2523e9c070a1afd,0x772874ab097f3ce2779df4459bd998871b08c44cf34f849469955027a1fad247,7,94212486,0.16726497602005272,1741105775525358,Balanced Dollar,0.1700008375,bnUSD,0,1,2025-03-04
cx88fd7df7ddff82f7cc735c871dc519838cb235bb,cxa0af3165c08318e988cb30993b3048335b94af6c,cx21e94c08c03daee80c25d8ee3ea22a20786ec231,0x6071247ecdfeed282,0x772874ab097f3ce2779df4459bd998871b08c44cf34f849469955027a1fad247,6,94212486,111.19001323279842,1741105775525358,Balanced Dollar,0.1700008375,bnUSD,0,1,2025-03-04
cx2609b924e33ef00b648a409245c7ea394c467824,cx21e94c08c03daee80c25d8ee3ea22a20786ec231,cxa0af3165c08318e988cb30993b3048335b94af6c,0x2b87e13c7b4be3b679,0x772874ab097f3ce2779df4459bd998871b08c44cf34f849469955027a1fad247,5,94212486,803.0011687346428,1741105775525358,Staked ICX,0.1700008375,sICX,0,1,2025-03-04
cx2609b924e33ef00b648a409245c7ea394c467824,cxa0af3165c08318e988cb30993b3048335b94af6c,cx5faae53c4dbd1fbe4a2eb4aab6565030f10da5c6,0x10be6a64456b6adc,0x772874ab097f3ce2779df4459bd998871b08c44cf34f849469955027a1fad247,3,94212486,1.206518729075813,1741105775525358,Staked ICX,0.1700008375,sICX,0,1,2025-03-04
cx2609b924e33ef00b648a409245c7ea394c467824,cxa0af3165c08318e988cb30993b3048335b94af6c,cx21e94c08c03daee80c25d8ee3ea22a20786ec231,0x2b87e13c7b4be3b679,0x772874ab097f3ce2779df4459bd998871b08c44cf34f849469955027a1fad247,2,94212486,803.0011687346428,1741105775525358,Staked ICX,0.1700008375,sICX,0,1,2025-03-04
cx518f64edcd35db9044a2de63fdc10abfd5f7d611,cx21e94c08c03daee80c25d8ee3ea22a20786ec231,cxa0af3165c08318e988cb30993b3048335b94af6c,0xee6b2800,0x772874ab097f3ce2779df4459bd998871b08c44cf34f849469955027a1fad247,1,94212486,400.0,1741105775525358,Stellar,0.1700008375,XLM,0,1,2025-03-04
cx518f64edcd35db9044a2de63fdc10abfd5f7d611,hxd75467e3e4ce64e3424c747dfb71503017440433,cx21e94c08c03daee80c25d8ee3ea22a20786ec231,0xee6b2800,0x772874ab097f3ce2779df4459bd998871b08c44cf34f849469955027a1fad247,0,94212486,400.0,1741105775525358,Stellar,0.1700008375,XLM,0,1,2025-03-04
cxf61cd5a45dc9f91c15aa65831a30a90d59a09619,cx9345f80d6c98357ccbb70392b14162199c2c5f66,cxd82fb5d3effecd8c9071a4bba3856ad7222c4b91,0x1dc01832d0e210,0xa6b9632671e96ae96a0abce9d55ed7e4e41ee0ba603abb6aa1fd0eeb260abcfd,4,94212485,0.00837398448890728,1741105773498797,Balance Token,0.1302147375,BALN,0,1,2025-03-04
cx2609b924e33ef00b648a409245c7ea394c467824,cx9345f80d6c98357ccbb70392b14162199c2c5f66,cxd82fb5d3effecd8c9071a4bba3856ad7222c4b91,0x20b9b619f0218e1,0xa6b9632671e96ae96a0abce9d55ed7e4e41ee0ba603abb6aa1fd0eeb260abcfd,3,94212485,0.14738225640152086,1741105773498797,Staked ICX,0.1302147375,sICX,0,1,2025-03-04
cx88fd7df7ddff82f7cc735c871dc519838cb235bb,hx0000000000000000000000000000000000000000,cx5faae53c4dbd1fbe4a2eb4aab6565030f10da5c6,0x0,0xa6b9632671e96ae96a0abce9d55ed7e4e41ee0ba603abb6aa1fd0eeb260abcfd,2,94212485,0.0,1741105773498797,Balanced Dollar,0.1302147375,bnUSD,0,1,2025-03-04
cx88fd7df7ddff82f7cc735c871dc519838cb235bb,hx0000000000000000000000000000000000000000,cxd82fb5d3effecd8c9071a4bba3856ad7222c4b91,0x535adde69b16b5,0xa6b9632671e96ae96a0abce9d55ed7e4e41ee0ba603abb6aa1fd0eeb260abcfd,1,94212485,0.02346233217018028,1741105773498797,Balanced Dollar,0.1302147375,bnUSD,0,1,2025-03-04
cx88fd7df7ddff82f7cc735c871dc519838cb235bb,hxc1718c79947e0f673296218b5b23adbd9a3b38a8,cxd82fb5d3effecd8c9071a4bba3856ad7222c4b91,0x1c5264b6791ea30000,0xa6b9632671e96ae96a0abce9d55ed7e4e41ee0ba603abb6aa1fd0eeb260abcfd,0,94212485,522.4459049039699,1741105773498797,Balanced Dollar,0.1302147375,bnUSD,0,1,2025-03-04
cx88fd7df7ddff82f7cc735c871dc519838cb235bb,cxa0af3165c08318e988cb30993b3048335b94af6c,cx5faae53c4dbd1fbe4a2eb4aab6565030f10da5c6,0xaea5aa543a5eb0a,0xf46541241e185f47747310611db19622900366c93e4c8c6e2cd71ac6d15131b2,2,94212483,0.7865407507806236,1741105769497273,Balanced Dollar,0.0705809875,bnUSD,0,2,2025-03-04
cx88fd7df7ddff82f7cc735c871dc519838cb235bb,cxa0af3165c08318e988cb30993b3048335b94af6c,hxc1718c79947e0f673296218b5b23adbd9a3b38a8,0x1c5b9a2a075e7393bb,0xf46541241e185f47747310611db19622900366c93e4c8c6e2cd71ac6d15131b2,1,94212483,523.1094684788701,1741105769497273,Balanced Dollar,0.0705809875,bnUSD,0,2,2025-03-04
cx2609b924e33ef00b648a409245c7ea394c467824,hxc1718c79947e0f673296218b5b23adbd9a3b38a8,cxa0af3165c08318e988cb30993b3048335b94af6c,0xcca4d36dd072200000,0xf46541241e185f47747310611db19622900366c93e4c8c6e2cd71ac6d15131b2,0,94212483,3775.01274842109,1741105769497273,Staked ICX,0.0705809875,sICX,0,2,2025-03-04
cx88fd7df7ddff82f7cc735c871dc519838cb235bb,cx21e94c08c03daee80c25d8ee3ea22a20786ec231,hx2debd9ec927cca1639da8d3518dd9dbf1cdfb357,0x155f0cb2692bd59807,0xaeea1a9f95821b9c52fdf8a0b5baca999c7dabd86d971146d2c47bd86f232998,5,94212483,394.230670846001,1741105769497273,Balanced Dollar,0.088315925,bnUSD,0,1,2025-03-04
cx88fd7df7ddff82f7cc735c871dc519838cb235bb,cxa0af3165c08318e988cb30993b3048335b94af6c,cx5faae53c4dbd1fbe4a2eb4aab6565030f10da5c6,0x83744e537b16e45,0xaeea1a9f95821b9c52fdf8a0b5baca999c7dabd86d971146d2c47bd86f232998,3,94212483,0.5920176272950841,1741105769497273,Balanced Dollar,0.088315925,bnUSD,0,1,2025-03-04
cx88fd7df7ddff82f7cc735c871dc519838cb235bb,cxa0af3165c08318e988cb30993b3048335b94af6c,cx21e94c08c03daee80c25d8ee3ea22a20786ec231,0x155f0cb2692bd59807,0xaeea1a9f95821b9c52fdf8a0b5baca999c7dabd86d971146d2c47bd86f232998,2,94212483,394.230670846001,1741105769497273,Balanced Dollar,0.088315925,bnUSD,0,1,2025-03-04
cx2d552c485ec8bcaa75aac02424e2aca6ffdb2f1b,cx21e94c08c03daee80c25d8ee3ea22a20786ec231,cxa0af3165c08318e988cb30993b3048335b94af6c,0x9b6e64a8ec60000,0xaeea1a9f95821b9c52fdf8a0b5baca999c7dabd86d971146d2c47bd86f232998,1,94212483,0.7,1741105769497273,Binance Coin,0.088315925,BNB,0,1,2025-03-04
cx2d552c485ec8bcaa75aac02424e2aca6ffdb2f1b,hx2debd9ec927cca1639da8d3518dd9dbf1cdfb357,cx21e94c08c03daee80c25d8ee3ea22a20786ec231,0x9b6e64a8ec60000,0xaeea1a9f95821b9c52fdf8a0b5baca999c7dabd86d971146d2c47bd86f232998,0,94212483,0.7,1741105769497273,Binance Coin,0.088315925,BNB,0,1,2025-03-04
cx88fd7df7ddff82f7cc735c871dc519838cb235bb,cxa0af3165c08318e988cb30993b3048335b94af6c,cx5faae53c4dbd1fbe4a2eb4aab6565030f10da5c6,0x1a1203594e2265c,0x2f9e4bbddd810f5c1ead2a222e0f8520fe0c5c58126539f9caca9046c9260997,2,94212480,0.11741047979154799,1741105763495624,Balanced Dollar,0.0569125875,bnUSD,0,2,2025-03-04
cx88fd7df7ddff82f7cc735c871dc519838cb235bb,cxa0af3165c08318e988cb30993b3048335b94af6c,hxd75467e3e4ce64e3424c747dfb71503017440433,0x43b5ba773088e5784,0x2f9e4bbddd810f5c1ead2a222e0f8520fe0c5c58126539f9caca9046c9260997,1,94212480,78.06417267846325,1741105763495624,Balanced Dollar,0.0569125875,bnUSD,0,2,2025-03-04
cx66a031cc3bd305c76371fb586e93801b948254f0,hxd75467e3e4ce64e3424c747dfb71503017440433,cxa0af3165c08318e988cb30993b3048335b94af6c,0x3782dace9d900000,0x2f9e4bbddd810f5c1ead2a222e0f8520fe0c5c58126539f9caca9046c9260997,0,94212480,4.0,1741105763495624,Avalanche,0.0569125875,AVAX,0,2,2025-03-04
cxf61cd5a45dc9f91c15aa65831a30a90d59a09619,cx9345f80d6c98357ccbb70392b14162199c2c5f66,cxd82fb5d3effecd8c9071a4bba3856ad7222c4b91,0x117a749ddab8030,0x3131e755e70a9332e5a562a92508fa831be9c3f7dec7fd98bc0422d016c108d5,4,94212480,0.07871545419572844,1741105763495624,Balance Token,0.13046005,BALN,0,1,2025-03-04
cx2609b924e33ef00b648a409245c7ea394c467824,cx9345f80d6c98357ccbb70392b14162199c2c5f66,cxd82fb5d3effecd8c9071a4bba3856ad7222c4b91,0x1339e7c8d6ad5043,0x3131e755e70a9332e5a562a92508fa831be9c3f7dec7fd98bc0422d016c108d5,3,94212480,1.385393210174296,1741105763495624,Staked ICX,0.13046005,sICX,0,1,2025-03-04
cx88fd7df7ddff82f7cc735c871dc519838cb235bb,hx0000000000000000000000000000000000000000,cx5faae53c4dbd1fbe4a2eb4aab6565030f10da5c6,0x0,0x3131e755e70a9332e5a562a92508fa831be9c3f7dec7fd98bc0422d016c108d5,2,94212480,0.0,1741105763495624,Balanced Dollar,0.13046005,bnUSD,0,1,2025-03-04
cx88fd7df7ddff82f7cc735c871dc519838cb235bb,hx0000000000000000000000000000000000000000,cxd82fb5d3effecd8c9071a4bba3856ad7222c4b91,0x30f8c428b40b17c,0x3131e755e70a9332e5a562a92508fa831be9c3f7dec7fd98bc0422d016c108d5,1,94212480,0.2205491241964466,1741105763495624,Balanced Dollar,0.13046005,bnUSD,0,1,2025-03-04
cx88fd7df7ddff82f7cc735c871dc519838cb235bb,hxc1718c79947e0f673296218b5b23adbd9a3b38a8,cxd82fb5d3effecd8c9071a4bba3856ad7222c4b91,0x1c595862eb56960000,0x3131e755e70a9332e5a562a92508fa831be9c3f7dec7fd98bc0422d016c108d5,0,94212480,522.9468384941031,1741105763495624,Balanced Dollar,0.13046005,bnUSD,0,1,2025-03-04
cx88fd7df7ddff82f7cc735c871dc519838cb235bb,cxa0af3165c08318e988cb30993b3048335b94af6c,cx5faae53c4dbd1fbe4a2eb4aab6565030f10da5c6,0xaedcb9b5deca7b6,0xee737ed00aea051691317263806598a3c84379935e0033d250b5e844d3f89531,2,94212477,0.7875093780158647,1741105757493342,Balanced Dollar,0.0705809875,bnUSD,0,2,2025-03-04
cx88fd7df7ddff82f7cc735c871dc519838cb235bb,cxa0af3165c08318e988cb30993b3048335b94af6c,hxc1718c79947e0f673296218b5b23adbd9a3b38a8,0x1c648b9124b602b1d1,0xee737ed00aea051691317263806598a3c84379935e0033d250b5e844d3f89531,1,94212477,523.7538780762815,1741105757493342,Balanced Dollar,0.0705809875,bnUSD,0,2,2025-03-04
cx2609b924e33ef00b648a409245c7ea394c467824,hxc1718c79947e0f673296218b5b23adbd9a3b38a8,cxa0af3165c08318e988cb30993b3048335b94af6c,0xcca4d36dd072200000,0xee737ed00aea051691317263806598a3c84379935e0033d250b5e844d3f89531,0,94212477,3775.01274842109,1741105757493342,Staked ICX,0.0705809875,sICX,0,2,2025-03-04
cx88fd7df7ddff82f7cc735c871dc519838cb235bb,cxa0af3165c08318e988cb30993b3048335b94af6c,cx5faae53c4dbd1fbe4a2eb4aab6565030f10da5c6,0x149ac3cb841b8ac,0xa2c5ba9569852bbe446c9f26620ba284af489d35285f4f42b0bf1dee69d1d4a0,2,94212477,0.09279464412713592,1741105757493342,Balanced Dollar,0.0569765875,bnUSD,0,1,2025-03-04
cx88fd7df7ddff82f7cc735c871dc519838cb235bb,cxa0af3165c08318e988cb30993b3048335b94af6c,hxd75467e3e4ce64e3424c747dfb71503017440433,0x35811522f175f05ed,0xa2c5ba9569852bbe446c9f26620ba284af489d35285f4f42b0bf1dee69d1d4a0,1,94212477,61.686175933279436,1741105757493342,Balanced Dollar,0.0569765875,bnUSD,0,1,2025-03-04
cx288d13e1b63563459a2ac6179f237711f6851cb5,hxd75467e3e4ce64e3424c747dfb71503017440433,cxa0af3165c08318e988cb30993b3048335b94af6c,0x6a94d74f430000,0xa2c5ba9569852bbe446c9f26620ba284af489d35285f4f42b0bf1dee69d1d4a0,0,94212477,0.03,1741105757493342,Ethereum,0.0569765875,ETH,0,1,2025-03-04
cx88fd7df7ddff82f7cc735c871dc519838cb235bb,cx21e94c08c03daee80c25d8ee3ea22a20786ec231,hx2debd9ec927cca1639da8d3518dd9dbf1cdfb357,0x15738c0569a1b31d5a,0xeb3a38eea87a8c660f6e47dc0f5d5870077a36a8c2582624c8612e15d93f2a63,5,94212470,395.70766131024436,1741105743673745,Balanced Dollar,0.0883226125,bnUSD,0,1,2025-03-04
cx88fd7df7ddff82f7cc735c871dc519838cb235bb,cxa0af3165c08318e988cb30993b3048335b94af6c,cx5faae53c4dbd1fbe4a2eb4aab6565030f10da5c6,0x83f24439ef3e25e,0xeb3a38eea87a8c660f6e47dc0f5d5870077a36a8c2582624c8612e15d93f2a63,3,94212470,0.5942335486843869,1741105743673745,Balanced Dollar,0.0883226125,bnUSD,0,1,2025-03-04
cx88fd7df7ddff82f7cc735c871dc519838cb235bb,cxa0af3165c08318e988cb30993b3048335b94af6c,cx21e94c08c03daee80c25d8ee3ea22a20786ec231,0x15738c0569a1b31d5a,0xeb3a38eea87a8c660f6e47dc0f5d5870077a36a8c2582624c8612e15d93f2a63,2,94212470,395.70766131024436,1741105743673745,Balanced Dollar,0.0883226125,bnUSD,0,1,2025-03-04
cx2d552c485ec8bcaa75aac02424e2aca6ffdb2f1b,cx21e94c08c03daee80c25d8ee3ea22a20786ec231,cxa0af3165c08318e988cb30993b3048335b94af6c,0x9b6e64a8ec60000,0xeb3a38eea87a8c660f6e47dc0f5d5870077a36a8c2582624c8612e15d93f2a63,1,94212470,0.7,1741105743673745,Binance Coin,0.0883226125,BNB,0,1,2025-03-04
cx2d552c485ec8bcaa75aac02424e2aca6ffdb2f1b,hx2debd9ec927cca1639da8d3518dd9dbf1cdfb357,cx21e94c08c03daee80c25d8ee3ea22a20786ec231,0x9b6e64a8ec60000,0xeb3a38eea87a8c660f6e47dc0f5d5870077a36a8c2582624c8612e15d93f2a63,0,94212470,0.7,1741105743673745,Binance Coin,0.0883226125,BNB,0,1,2025-03-04
cx88fd7df7ddff82f7cc735c871dc519838cb235bb,cxa0af3165c08318e988cb30993b3048335b94af6c,hx4dc7903504bb800a462378348a42f53742759e0b,0x38b3b82be892e39,0x4939123e6bdcca97c293a8f848b9edf071328426c6089d6432cf32f9564433ca,3,94212457,0.2553632366050136,1741105717667618,Balanced Dollar,0.0347539,bnUSD,0,3,2025-03-04
cx07b184a37f03c6ab681fcbd0b45aec6dc3eafbeb,hx4dc7903504bb800a462378348a42f53742759e0b,cxa0af3165c08318e988cb30993b3048335b94af6c,0x3944413ac3f86,0x75149bad4544fe1d12787f13aa2c61596df3cfa6423dc4c787933d83146033cf,0,94212457,0.001007445038874502,1741105717667618,Bitcoin,0.0215962625,BTC,0,2,2025-03-04
cx88fd7df7ddff82f7cc735c871dc519838cb235bb,hx4dc7903504bb800a462378348a42f53742759e0b,cxa0af3165c08318e988cb30993b3048335b94af6c,0x48bced8592d818000,0x9b1d5ea46629c60bff7ae498f428eaaafcfae5fde1cacee9cf00f1839d3b6a62,0,94212457,83.86120358883973,1741105717667618,Balanced Dollar,0.02221895,bnUSD,0,1,2025-03-04
cx88fd7df7ddff82f7cc735c871dc519838cb235bb,cxa0af3165c08318e988cb30993b3048335b94af6c,cx5faae53c4dbd1fbe4a2eb4aab6565030f10da5c6,0x166f715e512887,0x2d3cf00064405bb11d7809456215a99e08cc65212b125f06b4f76127df0a9c33,2,94212456,0.006314982191999111,1741105715480487,Balanced Dollar,0.0568616125,bnUSD,0,1,2025-03-04
cx88fd7df7ddff82f7cc735c871dc519838cb235bb,cxa0af3165c08318e988cb30993b3048335b94af6c,hx06efa9167ece33af37f7153dc53bce2775f812f2,0x3a405bf066281870,0x2d3cf00064405bb11d7809456215a99e08cc65212b125f06b4f76127df0a9c33,1,94212456,4.197455940773485,1741105715480487,Balanced Dollar,0.0568616125,bnUSD,0,1,2025-03-04
cx4297f4b63262507623b6ad575d0d8dd2db980e4e,hx06efa9167ece33af37f7153dc53bce2775f812f2,cxa0af3165c08318e988cb30993b3048335b94af6c,0x58dec624e87eef0,0x2d3cf00064405bb11d7809456215a99e08cc65212b125f06b4f76127df0a9c33,0,94212456,0.4002358488743237,1741105715480487,Injective,0.0568616125,INJ,0,1,2025-03-04
cx07b184a37f03c6ab681fcbd0b45aec6dc3eafbeb,cx21e94c08c03daee80c25d8ee3ea22a20786ec231,hx4dc7903504bb800a462378348a42f53742759e0b,0x394b9591d6e96,0x271e710da92111ce0fb8d5d40fe03095f2a04f2d23c9bbf13c4c51cb2cc5412e,13,94212455,0.001007948715093654,1741105713479952,Bitcoin,0.2355709875,BTC,0,2,2025-03-04
cx88fd7df7ddff82f7cc735c871dc519838cb235bb,cxa0af3165c08318e988cb30993b3048335b94af6c,cx5faae53c4dbd1fbe4a2eb4aab6565030f10da5c6,0x1bf09a500c8eced,0x271e710da92111ce0fb8d5d40fe03095f2a04f2d23c9bbf13c4c51cb2cc5412e,11,94212455,0.12582991887708492,1741105713479952,Balanced Dollar,0.2355709875,bnUSD,0,2,2025-03-04
cx07b184a37f03c6ab681fcbd0b45aec6dc3eafbeb,cxa0af3165c08318e988cb30993b3048335b94af6c,cx21e94c08c03daee80c25d8ee3ea22a20786ec231,0x394b9591d6e96,0x271e710da92111ce0fb8d5d40fe03095f2a04f2d23c9bbf13c4c51cb2cc5412e,10,94212455,0.001007948715093654,1741105713479952,Bitcoin,0.2355709875,BTC,0,2,2025-03-04
cx88fd7df7ddff82f7cc735c871dc519838cb235bb,cx21e94c08c03daee80c25d8ee3ea22a20786ec231,cxa0af3165c08318e988cb30993b3048335b94af6c,0x48c291db20b3e545d,0x271e710da92111ce0fb8d5d40fe03095f2a04f2d23c9bbf13c4c51cb2cc5412e,9,94212455,83.88661258472327,1741105713479952,Balanced Dollar,0.2355709875,bnUSD,0,2,2025-03-04
cx88fd7df7ddff82f7cc735c871dc519838cb235bb,cxa0af3165c08318e988cb30993b3048335b94af6c,cx5faae53c4dbd1fbe4a2eb4aab6565030f10da5c6,0x1c056ada4bcd354,0x271e710da92111ce0fb8d5d40fe03095f2a04f2d23c9bbf13c4c51cb2cc5412e,7,94212455,0.12619609335954313,1741105713479952,Balanced Dollar,0.2355709875,bnUSD,0,2,2025-03-04
cx88fd7df7ddff82f7cc735c871dc519838cb235bb,cxa0af3165c08318e988cb30993b3048335b94af6c,cx21e94c08c03daee80c25d8ee3ea22a20786ec231,0x48c291db20b3e545d,0x271e710da92111ce0fb8d5d40fe03095f2a04f2d23c9bbf13c4c51cb2cc5412e,6,94212455,83.88661258472327,1741105713479952,Balanced Dollar,0.2355709875,bnUSD,0,2,2025-03-04
cx2609b924e33ef00b648a409245c7ea394c467824,cx21e94c08c03daee80c25d8ee3ea22a20786ec231,cxa0af3165c08318e988cb30993b3048335b94af6c,0x20c0d4e2b7083b7edc,0x271e710da92111ce0fb8d5d40fe03095f2a04f2d23c9bbf13c4c51cb2cc5412e,5,94212455,604.1907903847955,1741105713479952,Staked ICX,0.2355709875,sICX,0,2,2025-03-04
cx2609b924e33ef00b648a409245c7ea394c467824,hx0000000000000000000000000000000000000000,cx21e94c08c03daee80c25d8ee3ea22a20786ec231,0x20c0d4e2b7083b7edc,0x271e710da92111ce0fb8d5d40fe03095f2a04f2d23c9bbf13c4c51cb2cc5412e,3,94212455,604.1907903847955,1741105713479952,Staked ICX,0.2355709875,sICX,0,2,2025-03-04
cx88fd7df7ddff82f7cc735c871dc519838cb235bb,cx21e94c08c03daee80c25d8ee3ea22a20786ec231,hx4dc7903504bb800a462378348a42f53742759e0b,0x48c63e315f81353eb,0x2adcb3c6ff159de3bfb25938e14c92a7ba46a356c8fb17ad580f557b64412b17,9,94212455,83.90315516633831,1741105713479952,Balanced Dollar,0.1780336625,bnUSD,0,1,2025-03-04
cx88fd7df7ddff82f7cc735c871dc519838cb235bb,cxa0af3165c08318e988cb30993b3048335b94af6c,cx5faae53c4dbd1fbe4a2eb4aab6565030f10da5c6,0x1c06d4f999d85fe,0x2adcb3c6ff159de3bfb25938e14c92a7ba46a356c8fb17ad580f557b64412b17,7,94212455,0.12622097821345535,1741105713479952,Balanced Dollar,0.1780336625,bnUSD,0,1,2025-03-04
cx88fd7df7ddff82f7cc735c871dc519838cb235bb,cxa0af3165c08318e988cb30993b3048335b94af6c,cx21e94c08c03daee80c25d8ee3ea22a20786ec231,0x48c63e315f81353eb,0x2adcb3c6ff159de3bfb25938e14c92a7ba46a356c8fb17ad580f557b64412b17,6,94212455,83.90315516633831,1741105713479952,Balanced Dollar,0.1780336625,bnUSD,0,1,2025-03-04
cx2609b924e33ef00b648a409245c7ea394c467824,cx21e94c08c03daee80c25d8ee3ea22a20786ec231,cxa0af3165c08318e988cb30993b3048335b94af6c,0x20c0d4e2b7083b7edc,0x2adcb3c6ff159de3bfb25938e14c92a7ba46a356c8fb17ad580f557b64412b17,5,94212455,604.1907903847955,1741105713479952,Staked ICX,0.1780336625,sICX,0,1,2025-03-04
cx2609b924e33ef00b648a409245c7ea394c467824,hx0000000000000000000000000000000000000000,cx21e94c08c03daee80c25d8ee3ea22a20786ec231,0x20c0d4e2b7083b7edc,0x2adcb3c6ff159de3bfb25938e14c92a7ba46a356c8fb17ad580f557b64412b17,3,94212455,604.1907903847955,1741105713479952,Staked ICX,0.1780336625,sICX,0,1,2025-03-04
cx88fd7df7ddff82f7cc735c871dc519838cb235bb,cxbf469921730ed3c3c8c1924fc482d369f8795fe2,hx385a695da4288bf7d70df14d1201e832c2bcf2a6,0x92c282de31f0a0000,0x03689561082ca70f5014770184ae6effadb9db375d7df98c206b2b4bf8524ffa,1,94212454,169.2025402536248,1741105711478436,Balanced Dollar,0.0417461375,bnUSD,0,2,2025-03-04
cx88fd7df7ddff82f7cc735c871dc519838cb235bb,hx385a695da4288bf7d70df14d1201e832c2bcf2a6,cxbf469921730ed3c3c8c1924fc482d369f8795fe2,0x92c282de31f0a0000,0x03689561082ca70f5014770184ae6effadb9db375d7df98c206b2b4bf8524ffa,0,94212454,169.2025402536248,1741105711478436,Balanced Dollar,0.0417461375,bnUSD,0,2,2025-03-04
cx4297f4b63262507623b6ad575d0d8dd2db980e4e,cx66d4d90f5f113eba575bf793570135f9b10cece1,cx835b300dcfe01f0bdb794e134a0c5628384f4367,0xe5ce48c6dfaa7,0xf77acdce2b0265c88c944cee0e9712dc5c29f404f1c52de05578101be6e8b091,3,94212454,0.004042786352265895,1741105711478436,Injective,0.0928051,INJ,0,1,2025-03-04
cx4297f4b63262507623b6ad575d0d8dd2db980e4e,cx66d4d90f5f113eba575bf793570135f9b10cece1,hx06efa9167ece33af37f7153dc53bce2775f812f2,0x58dec624e87eef0,0xf77acdce2b0265c88c944cee0e9712dc5c29f404f1c52de05578101be6e8b091,1,94212454,0.4002358488743237,1741105711478436,Injective,0.0928051,INJ,0,1,2025-03-04
cx88fd7df7ddff82f7cc735c871dc519838cb235bb,hx06efa9167ece33af37f7153dc53bce2775f812f2,hx0000000000000000000000000000000000000000,0x3760f3b1ca09faab,0xf77acdce2b0265c88c944cee0e9712dc5c29f404f1c52de05578101be6e8b091,0,94212454,3.990457214774672,1741105711478436,Balanced Dollar,0.0928051,bnUSD,0,1,2025-03-04
cx88fd7df7ddff82f7cc735c871dc519838cb235bb,cxa0af3165c08318e988cb30993b3048335b94af6c,cx5faae53c4dbd1fbe4a2eb4aab6565030f10da5c6,0x1a1658481240f51,0x20d9b9534e3eb06a521f8b407912465bc898250080e7f10676535a05d590ee8c,2,94212450,0.11748668506505608,1741105703734451,Balanced Dollar,0.056911275,bnUSD,0,1,2025-03-04
cx88fd7df7ddff82f7cc735c871dc519838cb235bb,cxa0af3165c08318e988cb30993b3048335b94af6c,hxd75467e3e4ce64e3424c747dfb71503017440433,0x43c0fb0cf8e9b9dda,0x20d9b9534e3eb06a521f8b407912465bc898250080e7f10676535a05d590ee8c,1,94212450,78.11484846726182,1741105703734451,Balanced Dollar,0.056911275,bnUSD,0,1,2025-03-04
cx66a031cc3bd305c76371fb586e93801b948254f0,hxd75467e3e4ce64e3424c747dfb71503017440433,cxa0af3165c08318e988cb30993b3048335b94af6c,0x3782dace9d900000,0x20d9b9534e3eb06a521f8b407912465bc898250080e7f10676535a05d590ee8c,0,94212450,4.0,1741105703734451,Avalanche,0.056911275,AVAX,0,1,2025-03-04
cx88fd7df7ddff82f7cc735c871dc519838cb235bb,cxa0af3165c08318e988cb30993b3048335b94af6c,cx5faae53c4dbd1fbe4a2eb4aab6565030f10da5c6,0x149c3f2225762d0,0x109422c8673e1409ee84725e294cef7adad94b2f82ac213857c80e2478d79fc1,2,94212445,0.09282071206346004,1741105693638093,Balanced Dollar,0.056975275,bnUSD,0,1,2025-03-04
cx88fd7df7ddff82f7cc735c871dc519838cb235bb,cxa0af3165c08318e988cb30993b3048335b94af6c,hxd75467e3e4ce64e3424c747dfb71503017440433,0x3584ee3db5ea12a84,0x109422c8673e1409ee84725e294cef7adad94b2f82ac213857c80e2478d79fc1,1,94212445,61.70350607597471,1741105693638093,Balanced Dollar,0.056975275,bnUSD,0,1,2025-03-04
cx288d13e1b63563459a2ac6179f237711f6851cb5,hxd75467e3e4ce64e3424c747dfb71503017440433,cxa0af3165c08318e988cb30993b3048335b94af6c,0x6a94d74f430000,0x109422c8673e1409ee84725e294cef7adad94b2f82ac213857c80e2478d79fc1,0,94212445,0.03,1741105693638093,Ethereum,0.056975275,ETH,0,1,2025-03-04
cx88fd7df7ddff82f7cc735c871dc519838cb235bb,cxa0af3165c08318e988cb30993b3048335b94af6c,cx5faae53c4dbd1fbe4a2eb4aab6565030f10da5c6,0x149dbaa1b693f24,0x6dc7e445fb492646401213668e3741a596f7f59ae3db44f6a85e02ca96eeb3db,2,94212434,0.09284679098861136,1741105671465390,Balanced Dollar,0.056975275,bnUSD,0,1,2025-03-04
cx88fd7df7ddff82f7cc735c871dc519838cb235bb,cxa0af3165c08318e988cb30993b3048335b94af6c,hxd75467e3e4ce64e3424c747dfb71503017440433,0x3588c7c2cb3224691,0x6dc7e445fb492646401213668e3741a596f7f59ae3db44f6a85e02ca96eeb3db,1,94212434,61.720843524631576,1741105671465390,Balanced Dollar,0.056975275,bnUSD,0,1,2025-03-04
cx288d13e1b63563459a2ac6179f237711f6851cb5,hxd75467e3e4ce64e3424c747dfb71503017440433,cxa0af3165c08318e988cb30993b3048335b94af6c,0x6a94d74f430000,0x6dc7e445fb492646401213668e3741a596f7f59ae3db44f6a85e02ca96eeb3db,0,94212434,0.03,1741105671465390,Ethereum,0.056975275,ETH,0,1,2025-03-04
cxf61cd5a45dc9f91c15aa65831a30a90d59a09619,cx9345f80d6c98357ccbb70392b14162199c2c5f66,cxd82fb5d3effecd8c9071a4bba3856ad7222c4b91,0x3b803065a1c420,0x12a85575bd517d6bd919071d2df22aa8b1adc6460c019632cf3c8b78d19028df,4,94212433,0.01674796897781456,1741105669464426,Balance Token,0.1302188,BALN,0,1,2025-03-04
cx2609b924e33ef00b648a409245c7ea394c467824,cx9345f80d6c98357ccbb70392b14162199c2c5f66,cxd82fb5d3effecd8c9071a4bba3856ad7222c4b91,0x41736c33e0431c2,0x12a85575bd517d6bd919071d2df22aa8b1adc6460c019632cf3c8b78d19028df,3,94212433,0.2947645128030417,1741105669464426,Staked ICX,0.1302188,sICX,0,1,2025-03-04
cx88fd7df7ddff82f7cc735c871dc519838cb235bb,hx0000000000000000000000000000000000000000,cx5faae53c4dbd1fbe4a2eb4aab6565030f10da5c6,0x0,0x12a85575bd517d6bd919071d2df22aa8b1adc6460c019632cf3c8b78d19028df,2,94212433,0.0,1741105669464426,Balanced Dollar,0.1302188,bnUSD,0,1,2025-03-04
cx88fd7df7ddff82f7cc735c871dc519838cb235bb,hx0000000000000000000000000000000000000000,cxd82fb5d3effecd8c9071a4bba3856ad7222c4b91,0xa6b86286f07547,0x12a85575bd517d6bd919071d2df22aa8b1adc6460c019632cf3c8b78d19028df,1,94212433,0.046927579444180294,1741105669464426,Balanced Dollar,0.1302188,bnUSD,0,1,2025-03-04
cx88fd7df7ddff82f7cc735c871dc519838cb235bb,hx2795b422d55c51caa27f5c6397561e73d73e8bff,cxd82fb5d3effecd8c9071a4bba3856ad7222c4b91,0xb5aae6b405e5c8000,0x12a85575bd517d6bd919071d2df22aa8b1adc6460c019632cf3c8b78d19028df,0,94212433,209.44846284437145,1741105669464426,Balanced Dollar,0.1302188,bnUSD,0,1,2025-03-04
cx88fd7df7ddff82f7cc735c871dc519838cb235bb,cxa0af3165c08318e988cb30993b3048335b94af6c,cx5faae53c4dbd1fbe4a2eb4aab6565030f10da5c6,0x46128c58babc0be,0x56bba68d3a6bf236a6b50edbbe8a0e6288392aa5a3c090d9cec0ec4e23852943,2,94212431,0.31557827780960274,1741105665463804,Balanced Dollar,0.0569202125,bnUSD,0,1,2025-03-04
cx88fd7df7ddff82f7cc735c871dc519838cb235bb,cxa0af3165c08318e988cb30993b3048335b94af6c,hx2795b422d55c51caa27f5c6397561e73d73e8bff,0xb6251a7ffc4fb98b3,0x56bba68d3a6bf236a6b50edbbe8a0e6288392aa5a3c090d9cec0ec4e23852943,1,94212431,209.9988132165989,1741105665463804,Balanced Dollar,0.0569202125,bnUSD,0,1,2025-03-04
cx4297f4b63262507623b6ad575d0d8dd2db980e4e,hx2795b422d55c51caa27f5c6397561e73d73e8bff,cxa0af3165c08318e988cb30993b3048335b94af6c,0x1158e460913d00000,0x56bba68d3a6bf236a6b50edbbe8a0e6288392aa5a3c090d9cec0ec4e23852943,0,94212431,20.0,1741105665463804,Injective,0.0569202125,INJ,0,1,2025-03-04
cx88fd7df7ddff82f7cc735c871dc519838cb235bb,cx21e94c08c03daee80c25d8ee3ea22a20786ec231,hx2debd9ec927cca1639da8d3518dd9dbf1cdfb357,0xf10050ba4406f7dc0,0xf9da13cccb11930158d68c10f1c9d226511786de6bf48b7b5f6959b173eac46f,5,94212430,277.85550278521725,1741105663461721,Balanced Dollar,0.1127019125,bnUSD,0,1,2025-03-04
cx88fd7df7ddff82f7cc735c871dc519838cb235bb,cxa0af3165c08318e988cb30993b3048335b94af6c,cx5faae53c4dbd1fbe4a2eb4aab6565030f10da5c6,0x5ccae9514d0e64c,0xf9da13cccb11930158d68c10f1c9d226511786de6bf48b7b5f6959b173eac46f,3,94212430,0.4179008207612084,1741105663461721,Balanced Dollar,0.1127019125,bnUSD,0,1,2025-03-04
cx88fd7df7ddff82f7cc735c871dc519838cb235bb,cxa0af3165c08318e988cb30993b3048335b94af6c,cx21e94c08c03daee80c25d8ee3ea22a20786ec231,0xf10050ba4406f7dc0,0xf9da13cccb11930158d68c10f1c9d226511786de6bf48b7b5f6959b173eac46f,2,94212430,277.85550278521725,1741105663461721,Balanced Dollar,0.1127019125,bnUSD,0,1,2025-03-04
cx2609b924e33ef00b648a409245c7ea394c467824,cx21e94c08c03daee80c25d8ee3ea22a20786ec231,cxa0af3165c08318e988cb30993b3048335b94af6c,0x6c6b935b8bbd400000,0xf9da13cccb11930158d68c10f1c9d226511786de6bf48b7b5f6959b173eac46f,1,94212430,2000.0,1741105663461721,Staked ICX,0.1127019125,sICX,0,1,2025-03-04
cx2609b924e33ef00b648a409245c7ea394c467824,hx2debd9ec927cca1639da8d3518dd9dbf1cdfb357,cx21e94c08c03daee80c25d8ee3ea22a20786ec231,0x6c6b935b8bbd400000,0xf9da13cccb11930158d68c10f1c9d226511786de6bf48b7b5f6959b173eac46f,0,94212430,2000.0,1741105663461721,Staked ICX,0.1127019125,sICX,0,1,2025-03-04
cx88fd7df7ddff82f7cc735c871dc519838cb235bb,cxa0af3165c08318e988cb30993b3048335b94af6c,cx5faae53c4dbd1fbe4a2eb4aab6565030f10da5c6,0x1a1aae4b61a4952,0xf31e0558b6ae9fc2ae50426ab7964d1cabb036debe9b9de5dd3e229b56cb1f25,2,94212428,0.11756296457278498,1741105659459721,Balanced Dollar,0.056911275,bnUSD,0,1,2025-03-04
cx88fd7df7ddff82f7cc735c871dc519838cb235bb,cxa0af3165c08318e988cb30993b3048335b94af6c,hxd75467e3e4ce64e3424c747dfb71503017440433,0x43cc3e713a5dbba05,0xf31e0558b6ae9fc2ae50426ab7964d1cabb036debe9b9de5dd3e229b56cb1f25,1,94212428,78.1655736291455,1741105659459721,Balanced Dollar,0.056911275,bnUSD,0,1,2025-03-04
cx66a031cc3bd305c76371fb586e93801b948254f0,hxd75467e3e4ce64e3424c747dfb71503017440433,cxa0af3165c08318e988cb30993b3048335b94af6c,0x3782dace9d900000,0xf31e0558b6ae9fc2ae50426ab7964d1cabb036debe9b9de5dd3e229b56cb1f25,0,94212428,4.0,1741105659459721,Avalanche,0.056911275,AVAX,0,1,2025-03-04
cx88fd7df7ddff82f7cc735c871dc519838cb235bb,cx21e94c08c03daee80c25d8ee3ea22a20786ec231,hx2debd9ec927cca1639da8d3518dd9dbf1cdfb357,0x1890bb52bfdca1596c,0x9eea47ee118193547ba75b0625efe7a75ccb2502f54f1419e26db5a2eb9737e4,5,94212424,453.15087811512956,1741105651457578,Balanced Dollar,0.0885101125,bnUSD,0,1,2025-03-04
cx88fd7df7ddff82f7cc735c871dc519838cb235bb,cxa0af3165c08318e988cb30993b3048335b94af6c,cx5faae53c4dbd1fbe4a2eb4aab6565030f10da5c6,0x973a4607e3ec63c,0x9eea47ee118193547ba75b0625efe7a75ccb2502f54f1419e26db5a2eb9737e4,3,94212424,0.6810687030049357,1741105651457578,Balanced Dollar,0.0885101125,bnUSD,0,1,2025-03-04
cx88fd7df7ddff82f7cc735c871dc519838cb235bb,cxa0af3165c08318e988cb30993b3048335b94af6c,cx21e94c08c03daee80c25d8ee3ea22a20786ec231,0x1890bb52bfdca1596c,0x9eea47ee118193547ba75b0625efe7a75ccb2502f54f1419e26db5a2eb9737e4,2,94212424,453.15087811512956,1741105651457578,Balanced Dollar,0.0885101125,bnUSD,0,1,2025-03-04
cx288d13e1b63563459a2ac6179f237711f6851cb5,cx21e94c08c03daee80c25d8ee3ea22a20786ec231,cxa0af3165c08318e988cb30993b3048335b94af6c,0x30d98d59a960000,0x9eea47ee118193547ba75b0625efe7a75ccb2502f54f1419e26db5a2eb9737e4,1,94212424,0.22,1741105651457578,Ethereum,0.0885101125,ETH,0,1,2025-03-04
cx288d13e1b63563459a2ac6179f237711f6851cb5,hx2debd9ec927cca1639da8d3518dd9dbf1cdfb357,cx21e94c08c03daee80c25d8ee3ea22a20786ec231,0x30d98d59a960000,0x9eea47ee118193547ba75b0625efe7a75ccb2502f54f1419e26db5a2eb9737e4,0,94212424,0.22,1741105651457578,Ethereum,0.0885101125,ETH,0,1,2025-03-04
cxf61cd5a45dc9f91c15aa65831a30a90d59a09619,cx9345f80d6c98357ccbb70392b14162199c2c5f66,cxd82fb5d3effecd8c9071a4bba3856ad7222c4b91,0xcb6b0bdb743ce70,0x8706b6da6a513348490ca10c76f70b66de0446e076057f90faa8a5c86f058e03,4,94212423,0.9161139030864565,1741105649456857,Balance Token,0.1304521125,BALN,0,1,2025-03-04
cx2609b924e33ef00b648a409245c7ea394c467824,cx9345f80d6c98357ccbb70392b14162199c2c5f66,cxd82fb5d3effecd8c9071a4bba3856ad7222c4b91,0xdfc299eaf37f0827,0x8706b6da6a513348490ca10c76f70b66de0446e076057f90faa8a5c86f058e03,3,94212423,16.123618850326384,1741105649456857,Staked ICX,0.1304521125,sICX,0,1,2025-03-04
cx88fd7df7ddff82f7cc735c871dc519838cb235bb,hx0000000000000000000000000000000000000000,cx5faae53c4dbd1fbe4a2eb4aab6565030f10da5c6,0x0,0x8706b6da6a513348490ca10c76f70b66de0446e076057f90faa8a5c86f058e03,2,94212423,0.0,1741105649456857,Balanced Dollar,0.1304521125,bnUSD,0,1,2025-03-04
cx88fd7df7ddff82f7cc735c871dc519838cb235bb,hx0000000000000000000000000000000000000000,cxd82fb5d3effecd8c9071a4bba3856ad7222c4b91,0x239f83b3b253ff43,0x8706b6da6a513348490ca10c76f70b66de0446e076057f90faa8a5c86f058e03,1,94212423,2.566915120438706,1741105649456857,Balanced Dollar,0.1304521125,bnUSD,0,1,2025-03-04
cx88fd7df7ddff82f7cc735c871dc519838cb235bb,hx2795b422d55c51caa27f5c6397561e73d73e8bff,cxd82fb5d3effecd8c9071a4bba3856ad7222c4b91,0xb61ad3138fd528000,0x8706b6da6a513348490ca10c76f70b66de0446e076057f90faa8a5c86f058e03,0,94212423,209.95252072429298,1741105649456857,Balanced Dollar,0.1304521125,bnUSD,0,1,2025-03-04
cx88fd7df7ddff82f7cc735c871dc519838cb235bb,cxa0af3165c08318e988cb30993b3048335b94af6c,cx5faae53c4dbd1fbe4a2eb4aab6565030f10da5c6,0x463c5a5e4327b31,0x22408efc9049ad458888df94635f7e84d9a8a7d5a678a6c74e6f6ac928660921,2,94212421,0.316313715134856,1741105645456144,Balanced Dollar,0.0569282125,bnUSD,0,1,2025-03-04
cx88fd7df7ddff82f7cc735c871dc519838cb235bb,cxa0af3165c08318e988cb30993b3048335b94af6c,hx2795b422d55c51caa27f5c6397561e73d73e8bff,0xb691d55f1e46cd3a8,0x22408efc9049ad458888df94635f7e84d9a8a7d5a678a6c74e6f6ac928660921,1,94212421,210.48848945651991,1741105645456144,Balanced Dollar,0.0569282125,bnUSD,0,1,2025-03-04
cx4297f4b63262507623b6ad575d0d8dd2db980e4e,hx2795b422d55c51caa27f5c6397561e73d73e8bff,cxa0af3165c08318e988cb30993b3048335b94af6c,0x1158e460913d00000,0x22408efc9049ad458888df94635f7e84d9a8a7d5a678a6c74e6f6ac928660921,0,94212421,20.0,1741105645456144,Injective,0.0569282125,INJ,0,1,2025-03-04
cx88fd7df7ddff82f7cc735c871dc519838cb235bb,cx21e94c08c03daee80c25d8ee3ea22a20786ec231,hx2debd9ec927cca1639da8d3518dd9dbf1cdfb357,0x158828e59b4cd01e4a,0x7dea7b97ed7f9edc50bfbd690286c9df848527104f4746a14cbdcd57091997d0,5,94212420,397.1929697912986,1741105643641102,Balanced Dollar,0.0883186125,bnUSD,0,1,2025-03-04
cx88fd7df7ddff82f7cc735c871dc519838cb235bb,cxa0af3165c08318e988cb30993b3048335b94af6c,cx5faae53c4dbd1fbe4a2eb4aab6565030f10da5c6,0x8470ef8e5db77f0,0x7dea7b97ed7f9edc50bfbd690286c9df848527104f4746a14cbdcd57091997d0,3,94212420,0.5964619378209239,1741105643641102,Balanced Dollar,0.0883186125,bnUSD,0,1,2025-03-04
cx88fd7df7ddff82f7cc735c871dc519838cb235bb,cxa0af3165c08318e988cb30993b3048335b94af6c,cx21e94c08c03daee80c25d8ee3ea22a20786ec231,0x158828e59b4cd01e4a,0x7dea7b97ed7f9edc50bfbd690286c9df848527104f4746a14cbdcd57091997d0,2,94212420,397.1929697912986,1741105643641102,Balanced Dollar,0.0883186125,bnUSD,0,1,2025-03-04
cx2d552c485ec8bcaa75aac02424e2aca6ffdb2f1b,cx21e94c08c03daee80c25d8ee3ea22a20786ec231,cxa0af3165c08318e988cb30993b3048335b94af6c,0x9b6e64a8ec60000,0x7dea7b97ed7f9edc50bfbd690286c9df848527104f4746a14cbdcd57091997d0,1,94212420,0.7,1741105643641102,Binance Coin,0.0883186125,BNB,0,1,2025-03-04
cx2d552c485ec8bcaa75aac02424e2aca6ffdb2f1b,hx2debd9ec927cca1639da8d3518dd9dbf1cdfb357,cx21e94c08c03daee80c25d8ee3ea22a20786ec231,0x9b6e64a8ec60000,0x7dea7b97ed7f9edc50bfbd690286c9df848527104f4746a14cbdcd57091997d0,0,94212420,0.7,1741105643641102,Binance Coin,0.0883186125,BNB,0,1,2025-03-04
cx88fd7df7ddff82f7cc735c871dc519838cb235bb,cxa0af3165c08318e988cb30993b3048335b94af6c,cx5faae53c4dbd1fbe4a2eb4aab6565030f10da5c6,0x1a1f0563984ba16,0xb470e054760cb1afd153d1d9de0212544057a00d2fdd59c4b3d640cf7f3ec262,2,94212417,0.11763931841119694,1741105637655402,Balanced Dollar,0.056911275,bnUSD,0,1,2025-03-04
cx88fd7df7ddff82f7cc735c871dc519838cb235bb,cxa0af3165c08318e988cb30993b3048335b94af6c,hxd75467e3e4ce64e3424c747dfb71503017440433,0x43d784a4e3efaf081,0xb470e054760cb1afd153d1d9de0212544057a00d2fdd59c4b3d640cf7f3ec262,1,94212417,78.21634822828163,1741105637655402,Balanced Dollar,0.056911275,bnUSD,0,1,2025-03-04
cx66a031cc3bd305c76371fb586e93801b948254f0,hxd75467e3e4ce64e3424c747dfb71503017440433,cxa0af3165c08318e988cb30993b3048335b94af6c,0x3782dace9d900000,0xb470e054760cb1afd153d1d9de0212544057a00d2fdd59c4b3d640cf7f3ec262,0,94212417,4.0,1741105637655402,Avalanche,0.056911275,AVAX,0,1,2025-03-04
cx88fd7df7ddff82f7cc735c871dc519838cb235bb,cx21e94c08c03daee80c25d8ee3ea22a20786ec231,hx2debd9ec927cca1639da8d3518dd9dbf1cdfb357,0xf1289da2ef700b119,0xf219b8d0de84a535db70b98a9426932759fb780135d440c9783453a1d02841bf,5,94212416,278.0369997653827,1741105635451605,Balanced Dollar,0.1127019125,bnUSD,0,1,2025-03-04
cx88fd7df7ddff82f7cc735c871dc519838cb235bb,cxa0af3165c08318e988cb30993b3048335b94af6c,cx5faae53c4dbd1fbe4a2eb4aab6565030f10da5c6,0x5cda6cfbdd83a80,0xf219b8d0de84a535db70b98a9426932759fb780135d440c9783453a1d02841bf,3,94212416,0.4181737515888298,1741105635451605,Balanced Dollar,0.1127019125,bnUSD,0,1,2025-03-04
cx88fd7df7ddff82f7cc735c871dc519838cb235bb,cxa0af3165c08318e988cb30993b3048335b94af6c,cx21e94c08c03daee80c25d8ee3ea22a20786ec231,0xf1289da2ef700b119,0xf219b8d0de84a535db70b98a9426932759fb780135d440c9783453a1d02841bf,2,94212416,278.0369997653827,1741105635451605,Balanced Dollar,0.1127019125,bnUSD,0,1,2025-03-04
cx2609b924e33ef00b648a409245c7ea394c467824,cx21e94c08c03daee80c25d8ee3ea22a20786ec231,cxa0af3165c08318e988cb30993b3048335b94af6c,0x6c6b935b8bbd400000,0xf219b8d0de84a535db70b98a9426932759fb780135d440c9783453a1d02841bf,1,94212416,2000.0,1741105635451605,Staked ICX,0.1127019125,sICX,0,1,2025-03-04
cx2609b924e33ef00b648a409245c7ea394c467824,hx2debd9ec927cca1639da8d3518dd9dbf1cdfb357,cx21e94c08c03daee80c25d8ee3ea22a20786ec231,0x6c6b935b8bbd400000,0xf219b8d0de84a535db70b98a9426932759fb780135d440c9783453a1d02841bf,0,94212416,2000.0,1741105635451605,Staked ICX,0.1127019125,sICX,0,1,2025-03-04
cx66a031cc3bd305c76371fb586e93801b948254f0,hx0000000000000000000000000000000000000000,hxd75467e3e4ce64e3424c747dfb71503017440433,0x2705b35745e49af5e,0xafe24ae5489c8782eabfb3ec0c85fd474ae7027abdbd628e505c2998be0f7ddb,1,94212390,44.98961167646207,1741105583536194,Avalanche,0.0237590375,AVAX,0,1,2025-03-04
cx7baf94bd53b505353285ee4c4c050f9703581703,hx82d172596d107ef3eb2d6fa2c7e918ddbc56ec8f,hx0000000000000000000000000000000000000000,0x0,0x14e3585e99ffe92876a41d50cd9f2972470896c6db4786eea58f0dc1d2a0dd8b,6,94212378,0.0,1741105559425271,unknown_token,0.0651542125,$unknown,31,1,2025-03-04
cx7baf94bd53b505353285ee4c4c050f9703581703,hx82d172596d107ef3eb2d6fa2c7e918ddbc56ec8f,hx0000000000000000000000000000000000000000,0x0,0x14e3585e99ffe92876a41d50cd9f2972470896c6db4786eea58f0dc1d2a0dd8b,5,94212378,0.0,1741105559425271,unknown_token,0.0651542125,$unknown,32,1,2025-03-04
cx7baf94bd53b505353285ee4c4c050f9703581703,hx82d172596d107ef3eb2d6fa2c7e918ddbc56ec8f,hx0000000000000000000000000000000000000000,0x0,0x14e3585e99ffe92876a41d50cd9f2972470896c6db4786eea58f0dc1d2a0dd8b,4,94212378,0.0,1741105559425271,unknown_token,0.0651542125,$unknown,25,1,2025-03-04
cx53f8ccd5426534f82cf10cb742de033e51da72fc,hx82d172596d107ef3eb2d6fa2c7e918ddbc56ec8f,hx0000000000000000000000000000000000000000,0x0,0x14e3585e99ffe92876a41d50cd9f2972470896c6db4786eea58f0dc1d2a0dd8b,0,94212378,0.0,1741105559425271,unknown_token,0.0651542125,$unknown,3,1,2025-03-04
cx88fd7df7ddff82f7cc735c871dc519838cb235bb,cxa0af3165c08318e988cb30993b3048335b94af6c,cx5faae53c4dbd1fbe4a2eb4aab6565030f10da5c6,0x14aa1b5967f6fc7,0xfdb994a881c54a401d0d7ee5cd6f666531b5fdc98b47b660a8f516b46b8de1ea,2,94212370,0.09306454360060308,1741105543600936,Balanced Dollar,0.056975275,bnUSD,0,1,2025-03-04
cx88fd7df7ddff82f7cc735c871dc519838cb235bb,cxa0af3165c08318e988cb30993b3048335b94af6c,hxd75467e3e4ce64e3424c747dfb71503017440433,0x35a8ec9c49ecddb9b,0xfdb994a881c54a401d0d7ee5cd6f666531b5fdc98b47b660a8f516b46b8de1ea,1,94212370,61.865606977550144,1741105543600936,Balanced Dollar,0.056975275,bnUSD,0,1,2025-03-04
cx288d13e1b63563459a2ac6179f237711f6851cb5,hxd75467e3e4ce64e3424c747dfb71503017440433,cxa0af3165c08318e988cb30993b3048335b94af6c,0x6a94d74f430000,0xfdb994a881c54a401d0d7ee5cd6f666531b5fdc98b47b660a8f516b46b8de1ea,0,94212370,0.03,1741105543600936,Ethereum,0.056975275,ETH,0,1,2025-03-04
cx88fd7df7ddff82f7cc735c871dc519838cb235bb,cxa0af3165c08318e988cb30993b3048335b94af6c,cx5faae53c4dbd1fbe4a2eb4aab6565030f10da5c6,0x468b896fe4fb26,0xbb200c774aa498aaba67caf49bac2bc29b6696b2aeb815959862f242e5b5e8b7,2,94212369,0.019856670773803813,1741105541627985,Balanced Dollar,0.056878975,bnUSD,0,1,2025-03-04
cx88fd7df7ddff82f7cc735c871dc519838cb235bb,cxa0af3165c08318e988cb30993b3048335b94af6c,hx06efa9167ece33af37f7153dc53bce2775f812f2,0xb72c6162add8eccc,0xbb200c774aa498aaba67caf49bac2bc29b6696b2aeb815959862f242e5b5e8b7,1,94212369,13.199031684367446,1741105541627985,Balanced Dollar,0.056878975,bnUSD,0,1,2025-03-04
cx4297f4b63262507623b6ad575d0d8dd2db980e4e,hx06efa9167ece33af37f7153dc53bce2775f812f2,cxa0af3165c08318e988cb30993b3048335b94af6c,0x116212eea4c772d1,0xbb200c774aa498aaba67caf49bac2bc29b6696b2aeb815959862f242e5b5e8b7,0,94212369,1.2525844625384701,1741105541627985,Injective,0.056878975,INJ,0,1,2025-03-04
cx6139a27c15f1653471ffba0b4b88dc15de7e3267,hx82d172596d107ef3eb2d6fa2c7e918ddbc56ec8f,hx5b24217047526bd1c9475ddc7e10f93325dd2322,0x3d79694fcf7cf80000,0x1d8ade34a44043e1aa9a6bc69ae9db5d5be947d4eb8fdfb94695ac91c6e6f39f,0,94212368,1134.0,1741105539417374,GangstaBet Token,0.00303385,GBET,0,1,2025-03-04
cx88fd7df7ddff82f7cc735c871dc519838cb235bb,cxbf469921730ed3c3c8c1924fc482d369f8795fe2,hx385a695da4288bf7d70df14d1201e832c2bcf2a6,0x9d9e762e4c55c0000,0xe0d2d15c2bbde0f55c57651b07b3ef0d6226bcfb73335a27e6171d93f73caa07,1,94212367,181.7223240239397,1741105537617146,Balanced Dollar,0.0417461375,bnUSD,0,2,2025-03-04
cx88fd7df7ddff82f7cc735c871dc519838cb235bb,hx385a695da4288bf7d70df14d1201e832c2bcf2a6,cxbf469921730ed3c3c8c1924fc482d369f8795fe2,0x9d9e762e4c55c0000,0xe0d2d15c2bbde0f55c57651b07b3ef0d6226bcfb73335a27e6171d93f73caa07,0,94212367,181.7223240239397,1741105537617146,Balanced Dollar,0.0417461375,bnUSD,0,2,2025-03-04
cx4297f4b63262507623b6ad575d0d8dd2db980e4e,cx66d4d90f5f113eba575bf793570135f9b10cece1,cx835b300dcfe01f0bdb794e134a0c5628384f4367,0x2cf3430e97fe92,0xd54c790a4cadeb63bd001f88af123320871f742e0e98144cd53b95e1e0c437a3,3,94212367,0.012652368308469395,1741105537617146,Injective,0.0928131,INJ,0,1,2025-03-04
cx4297f4b63262507623b6ad575d0d8dd2db980e4e,cx66d4d90f5f113eba575bf793570135f9b10cece1,hx06efa9167ece33af37f7153dc53bce2775f812f2,0x116212eea4c772d1,0xd54c790a4cadeb63bd001f88af123320871f742e0e98144cd53b95e1e0c437a3,1,94212367,1.2525844625384701,1741105537617146,Injective,0.0928131,INJ,0,1,2025-03-04
cx88fd7df7ddff82f7cc735c871dc519838cb235bb,hx06efa9167ece33af37f7153dc53bce2775f812f2,hx0000000000000000000000000000000000000000,0xadbf9fd0c641025f,0xd54c790a4cadeb63bd001f88af123320871f742e0e98144cd53b95e1e0c437a3,0,94212367,12.519901208141432,1741105537617146,Balanced Dollar,0.0928131,bnUSD,0,1,2025-03-04
cx6139a27c15f1653471ffba0b4b88dc15de7e3267,hx0000000000000000000000000000000000000000,hx82d172596d107ef3eb2d6fa2c7e918ddbc56ec8f,0x3d79694fcf7cf80000,0xeffc852fcc3ce97a5e80431903fb2edd732848256fd545e07ed05050cbe88076,0,94212346,1134.0,1741105495398551,GangstaBet Token,0.0128164125,GBET,0,1,2025-03-04
cx88fd7df7ddff82f7cc735c871dc519838cb235bb,cx21e94c08c03daee80c25d8ee3ea22a20786ec231,hx2debd9ec927cca1639da8d3518dd9dbf1cdfb357,0xf150f4a8e6d38f933,0x17a1f1b71ca180367b2fe340cf6371b7df06280043da6338950ea2e357d46f2b,5,94212341,278.2186746806687,1741105485394214,Balanced Dollar,0.1127019125,bnUSD,0,1,2025-03-04
cx88fd7df7ddff82f7cc735c871dc519838cb235bb,cxa0af3165c08318e988cb30993b3048335b94af6c,cx5faae53c4dbd1fbe4a2eb4aab6565030f10da5c6,0x5ce9f48b0f3c340,0x17a1f1b71ca180367b2fe340cf6371b7df06280043da6338950ea2e357d46f2b,3,94212341,0.4184469499472618,1741105485394214,Balanced Dollar,0.1127019125,bnUSD,0,1,2025-03-04
cx88fd7df7ddff82f7cc735c871dc519838cb235bb,cxa0af3165c08318e988cb30993b3048335b94af6c,cx21e94c08c03daee80c25d8ee3ea22a20786ec231,0xf150f4a8e6d38f933,0x17a1f1b71ca180367b2fe340cf6371b7df06280043da6338950ea2e357d46f2b,2,94212341,278.2186746806687,1741105485394214,Balanced Dollar,0.1127019125,bnUSD,0,1,2025-03-04
cx2609b924e33ef00b648a409245c7ea394c467824,cx21e94c08c03daee80c25d8ee3ea22a20786ec231,cxa0af3165c08318e988cb30993b3048335b94af6c,0x6c6b935b8bbd400000,0x17a1f1b71ca180367b2fe340cf6371b7df06280043da6338950ea2e357d46f2b,1,94212341,2000.0,1741105485394214,Staked ICX,0.1127019125,sICX,0,1,2025-03-04
cx2609b924e33ef00b648a409245c7ea394c467824,hx2debd9ec927cca1639da8d3518dd9dbf1cdfb357,cx21e94c08c03daee80c25d8ee3ea22a20786ec231,0x6c6b935b8bbd400000,0x17a1f1b71ca180367b2fe340cf6371b7df06280043da6338950ea2e357d46f2b,0,94212341,2000.0,1741105485394214,Staked ICX,0.1127019125,sICX,0,1,2025-03-04
cx88fd7df7ddff82f7cc735c871dc519838cb235bb,cxa0af3165c08318e988cb30993b3048335b94af6c,cx5faae53c4dbd1fbe4a2eb4aab6565030f10da5c6,0x1a235d91125ab9a,0x9ab0e171e8d63d59ddb15ae9adb6f30c5a75b3dcb46cd20a36f7403d35e12ea0,2,94212340,0.117715746676911,1741105483501506,Balanced Dollar,0.0569099625,bnUSD,0,1,2025-03-04
cx88fd7df7ddff82f7cc735c871dc519838cb235bb,cxa0af3165c08318e988cb30993b3048335b94af6c,hxd75467e3e4ce64e3424c747dfb71503017440433,0x43e2cda8e50dcc922,0x9ab0e171e8d63d59ddb15ae9adb6f30c5a75b3dcb46cd20a36f7403d35e12ea0,1,94212340,78.26717232894187,1741105483501506,Balanced Dollar,0.0569099625,bnUSD,0,1,2025-03-04
cx66a031cc3bd305c76371fb586e93801b948254f0,hxd75467e3e4ce64e3424c747dfb71503017440433,cxa0af3165c08318e988cb30993b3048335b94af6c,0x3782dace9d900000,0x9ab0e171e8d63d59ddb15ae9adb6f30c5a75b3dcb46cd20a36f7403d35e12ea0,0,94212340,4.0,1741105483501506,Avalanche,0.0569099625,AVAX,0,1,2025-03-04
cx88fd7df7ddff82f7cc735c871dc519838cb235bb,cx21e94c08c03daee80c25d8ee3ea22a20786ec231,hx2debd9ec927cca1639da8d3518dd9dbf1cdfb357,0xf17955cf8d0dc5055,0x08573101ec64e78a896f81dddf3008e5fa0e1264da259426998e039bd150cefc,5,94212334,278.40052776377127,1741105471389151,Balanced Dollar,0.1127019125,bnUSD,0,2,2025-03-04
cx88fd7df7ddff82f7cc735c871dc519838cb235bb,cxa0af3165c08318e988cb30993b3048335b94af6c,cx5faae53c4dbd1fbe4a2eb4aab6565030f10da5c6,0x5cf980002fd270c,0x08573101ec64e78a896f81dddf3008e5fa0e1264da259426998e039bd150cefc,3,94212334,0.41872041618631245,1741105471389151,Balanced Dollar,0.1127019125,bnUSD,0,2,2025-03-04
cx88fd7df7ddff82f7cc735c871dc519838cb235bb,cxa0af3165c08318e988cb30993b3048335b94af6c,cx21e94c08c03daee80c25d8ee3ea22a20786ec231,0xf17955cf8d0dc5055,0x08573101ec64e78a896f81dddf3008e5fa0e1264da259426998e039bd150cefc,2,94212334,278.40052776377127,1741105471389151,Balanced Dollar,0.1127019125,bnUSD,0,2,2025-03-04
cx2609b924e33ef00b648a409245c7ea394c467824,cx21e94c08c03daee80c25d8ee3ea22a20786ec231,cxa0af3165c08318e988cb30993b3048335b94af6c,0x6c6b935b8bbd400000,0x08573101ec64e78a896f81dddf3008e5fa0e1264da259426998e039bd150cefc,1,94212334,2000.0,1741105471389151,Staked ICX,0.1127019125,sICX,0,2,2025-03-04
cx2609b924e33ef00b648a409245c7ea394c467824,hx2debd9ec927cca1639da8d3518dd9dbf1cdfb357,cx21e94c08c03daee80c25d8ee3ea22a20786ec231,0x6c6b935b8bbd400000,0x08573101ec64e78a896f81dddf3008e5fa0e1264da259426998e039bd150cefc,0,94212334,2000.0,1741105471389151,Staked ICX,0.1127019125,sICX,0,2,2025-03-04
cx88fd7df7ddff82f7cc735c871dc519838cb235bb,cxa0af3165c08318e988cb30993b3048335b94af6c,cx5faae53c4dbd1fbe4a2eb4aab6565030f10da5c6,0x1a27b6d42c1cd5a,0x3f935dc1793e6c808e7c372ad694578b83ce04709250a9dc0d8a320ab9e16982,2,94212334,0.11779224946670319,1741105471389151,Balanced Dollar,0.056907275,bnUSD,0,1,2025-03-04
cx88fd7df7ddff82f7cc735c871dc519838cb235bb,cxa0af3165c08318e988cb30993b3048335b94af6c,hxd75467e3e4ce64e3424c747dfb71503017440433,0x43ee197e2d89f29d4,0x3f935dc1793e6c808e7c372ad694578b83ce04709250a9dc0d8a320ab9e16982,1,94212334,78.31804599550235,1741105471389151,Balanced Dollar,0.056907275,bnUSD,0,1,2025-03-04
cx66a031cc3bd305c76371fb586e93801b948254f0,hxd75467e3e4ce64e3424c747dfb71503017440433,cxa0af3165c08318e988cb30993b3048335b94af6c,0x3782dace9d900000,0x3f935dc1793e6c808e7c372ad694578b83ce04709250a9dc0d8a320ab9e16982,0,94212334,4.0,1741105471389151,Avalanche,0.056907275,AVAX,0,1,2025-03-04
cx88fd7df7ddff82f7cc735c871dc519838cb235bb,cxa0af3165c08318e988cb30993b3048335b94af6c,cx5faae53c4dbd1fbe4a2eb4aab6565030f10da5c6,0x1a2c112d420357b,0xb4805358e499ec2ee14232f0e7f2f80cd88027ff6cd295e4c6042fbb13d3c02e,2,94212327,0.11786882687750694,1741105457384713,Balanced Dollar,0.056911275,bnUSD,0,1,2025-03-04
cx88fd7df7ddff82f7cc735c871dc519838cb235bb,cxa0af3165c08318e988cb30993b3048335b94af6c,hxd75467e3e4ce64e3424c747dfb71503017440433,0x43f96825ad99d732c,0xb4805358e499ec2ee14232f0e7f2f80cd88027ff6cd295e4c6042fbb13d3c02e,1,94212327,78.36896929244391,1741105457384713,Balanced Dollar,0.056911275,bnUSD,0,1,2025-03-04
cx66a031cc3bd305c76371fb586e93801b948254f0,hxd75467e3e4ce64e3424c747dfb71503017440433,cxa0af3165c08318e988cb30993b3048335b94af6c,0x3782dace9d900000,0xb4805358e499ec2ee14232f0e7f2f80cd88027ff6cd295e4c6042fbb13d3c02e,0,94212327,4.0,1741105457384713,Avalanche,0.056911275,AVAX,0,1,2025-03-04
cx88fd7df7ddff82f7cc735c871dc519838cb235bb,cx21e94c08c03daee80c25d8ee3ea22a20786ec231,hx2debd9ec927cca1639da8d3518dd9dbf1cdfb357,0xf1a1c11a4665d478e,0xc23c92d8f0202763b01f417057c34281f87aee6a40cbd4d445679eb679ca842e,5,94212324,278.582559247767,1741105451382130,Balanced Dollar,0.1127019125,bnUSD,0,1,2025-03-04
cx88fd7df7ddff82f7cc735c871dc519838cb235bb,cxa0af3165c08318e988cb30993b3048335b94af6c,cx5faae53c4dbd1fbe4a2eb4aab6565030f10da5c6,0x5d090f5c8d6c6a3,0xc23c92d8f0202763b01f417057c34281f87aee6a40cbd4d445679eb679ca842e,3,94212324,0.41899415065636214,1741105451382130,Balanced Dollar,0.1127019125,bnUSD,0,1,2025-03-04
cx88fd7df7ddff82f7cc735c871dc519838cb235bb,cxa0af3165c08318e988cb30993b3048335b94af6c,cx21e94c08c03daee80c25d8ee3ea22a20786ec231,0xf1a1c11a4665d478e,0xc23c92d8f0202763b01f417057c34281f87aee6a40cbd4d445679eb679ca842e,2,94212324,278.582559247767,1741105451382130,Balanced Dollar,0.1127019125,bnUSD,0,1,2025-03-04
cx2609b924e33ef00b648a409245c7ea394c467824,cx21e94c08c03daee80c25d8ee3ea22a20786ec231,cxa0af3165c08318e988cb30993b3048335b94af6c,0x6c6b935b8bbd400000,0xc23c92d8f0202763b01f417057c34281f87aee6a40cbd4d445679eb679ca842e,1,94212324,2000.0,1741105451382130,Staked ICX,0.1127019125,sICX,0,1,2025-03-04
cx2609b924e33ef00b648a409245c7ea394c467824,hx2debd9ec927cca1639da8d3518dd9dbf1cdfb357,cx21e94c08c03daee80c25d8ee3ea22a20786ec231,0x6c6b935b8bbd400000,0xc23c92d8f0202763b01f417057c34281f87aee6a40cbd4d445679eb679ca842e,0,94212324,2000.0,1741105451382130,Staked ICX,0.1127019125,sICX,0,1,2025-03-04
cx88fd7df7ddff82f7cc735c871dc519838cb235bb,cx21e94c08c03daee80c25d8ee3ea22a20786ec231,hx2debd9ec927cca1639da8d3518dd9dbf1cdfb357,0xf1ca368c788e86ce8,0xc0a2e24b015b48086a1eca05f2a42fb136bad45992933b9d2fd38b13989f5b23,5,94212319,278.7647693661138,1741105441581500,Balanced Dollar,0.1127019125,bnUSD,0,1,2025-03-04
cx88fd7df7ddff82f7cc735c871dc519838cb235bb,cxa0af3165c08318e988cb30993b3048335b94af6c,cx5faae53c4dbd1fbe4a2eb4aab6565030f10da5c6,0x5d18a2a176bc169,0xc0a2e24b015b48086a1eca05f2a42fb136bad45992933b9d2fd38b13989f5b23,3,94212319,0.4192681537083641,1741105441581500,Balanced Dollar,0.1127019125,bnUSD,0,1,2025-03-04
cx88fd7df7ddff82f7cc735c871dc519838cb235bb,cxa0af3165c08318e988cb30993b3048335b94af6c,cx21e94c08c03daee80c25d8ee3ea22a20786ec231,0xf1ca368c788e86ce8,0xc0a2e24b015b48086a1eca05f2a42fb136bad45992933b9d2fd38b13989f5b23,2,94212319,278.7647693661138,1741105441581500,Balanced Dollar,0.1127019125,bnUSD,0,1,2025-03-04
cx2609b924e33ef00b648a409245c7ea394c467824,cx21e94c08c03daee80c25d8ee3ea22a20786ec231,cxa0af3165c08318e988cb30993b3048335b94af6c,0x6c6b935b8bbd400000,0xc0a2e24b015b48086a1eca05f2a42fb136bad45992933b9d2fd38b13989f5b23,1,94212319,2000.0,1741105441581500,Staked ICX,0.1127019125,sICX,0,1,2025-03-04
cx2609b924e33ef00b648a409245c7ea394c467824,hx2debd9ec927cca1639da8d3518dd9dbf1cdfb357,cx21e94c08c03daee80c25d8ee3ea22a20786ec231,0x6c6b935b8bbd400000,0xc0a2e24b015b48086a1eca05f2a42fb136bad45992933b9d2fd38b13989f5b23,0,94212319,2000.0,1741105441581500,Staked ICX,0.1127019125,sICX,0,1,2025-03-04
cx6139a27c15f1653471ffba0b4b88dc15de7e3267,hxece3647d2e53b811f7bba6b0a5b1f36c271e637a,hx5b24217047526bd1c9475ddc7e10f93325dd2322,0x3e1ff1e03b55a80000,0xe14abdeb59eb0e85d53765498d70c7c1b65d1b40ece3a8e5575528ba0ca3c463,0,94212313,1146.0,1741105429375229,GangstaBet Token,0.00303385,GBET,0,1,2025-03-04
cx88fd7df7ddff82f7cc735c871dc519838cb235bb,cx21e94c08c03daee80c25d8ee3ea22a20786ec231,hx2debd9ec927cca1639da8d3518dd9dbf1cdfb357,0xf1f2b6298aa6fb856,0x057414c6bc4e386eeac468a6e4e51f25b2528506cf63abee151a8d5fb73e1258,5,94212311,278.94715835265157,1741105425426743,Balanced Dollar,0.1127019125,bnUSD,0,1,2025-03-04
cx88fd7df7ddff82f7cc735c871dc519838cb235bb,cxa0af3165c08318e988cb30993b3048335b94af6c,cx5faae53c4dbd1fbe4a2eb4aab6565030f10da5c6,0x5d2839d03aff9c5,0x057414c6bc4e386eeac468a6e4e51f25b2528506cf63abee151a8d5fb73e1258,3,94212311,0.419542425693846,1741105425426743,Balanced Dollar,0.1127019125,bnUSD,0,1,2025-03-04
cx88fd7df7ddff82f7cc735c871dc519838cb235bb,cxa0af3165c08318e988cb30993b3048335b94af6c,cx21e94c08c03daee80c25d8ee3ea22a20786ec231,0xf1f2b6298aa6fb856,0x057414c6bc4e386eeac468a6e4e51f25b2528506cf63abee151a8d5fb73e1258,2,94212311,278.94715835265157,1741105425426743,Balanced Dollar,0.1127019125,bnUSD,0,1,2025-03-04
cx2609b924e33ef00b648a409245c7ea394c467824,cx21e94c08c03daee80c25d8ee3ea22a20786ec231,cxa0af3165c08318e988cb30993b3048335b94af6c,0x6c6b935b8bbd400000,0x057414c6bc4e386eeac468a6e4e51f25b2528506cf63abee151a8d5fb73e1258,1,94212311,2000.0,1741105425426743,Staked ICX,0.1127019125,sICX,0,1,2025-03-04
cx2609b924e33ef00b648a409245c7ea394c467824,hx2debd9ec927cca1639da8d3518dd9dbf1cdfb357,cx21e94c08c03daee80c25d8ee3ea22a20786ec231,0x6c6b935b8bbd400000,0x057414c6bc4e386eeac468a6e4e51f25b2528506cf63abee151a8d5fb73e1258,0,94212311,2000.0,1741105425426743,Staked ICX,0.1127019125,sICX,0,1,2025-03-04
cx88fd7df7ddff82f7cc735c871dc519838cb235bb,cxa0af3165c08318e988cb30993b3048335b94af6c,cx5faae53c4dbd1fbe4a2eb4aab6565030f10da5c6,0x1a306c9cb0a6207,0x8a81fb3570b01f248fecd689993f0a9eb836634aa45c97d18fa08e343fe0b1a0,2,94212309,0.11794547900641332,1741105421371345,Balanced Dollar,0.056911275,bnUSD,0,1,2025-03-04
cx88fd7df7ddff82f7cc735c871dc519838cb235bb,cxa0af3165c08318e988cb30993b3048335b94af6c,hxd75467e3e4ce64e3424c747dfb71503017440433,0x4404b9a055d739ec9,0x8a81fb3570b01f248fecd689993f0a9eb836634aa45c97d18fa08e343fe0b1a0,1,94212309,78.41994228435226,1741105421371345,Balanced Dollar,0.056911275,bnUSD,0,1,2025-03-04
cx66a031cc3bd305c76371fb586e93801b948254f0,hxd75467e3e4ce64e3424c747dfb71503017440433,cxa0af3165c08318e988cb30993b3048335b94af6c,0x3782dace9d900000,0x8a81fb3570b01f248fecd689993f0a9eb836634aa45c97d18fa08e343fe0b1a0,0,94212309,4.0,1741105421371345,Avalanche,0.056911275,AVAX,0,1,2025-03-04
cx2609b924e33ef00b648a409245c7ea394c467824,cxa0af3165c08318e988cb30993b3048335b94af6c,hx4dc7903504bb800a462378348a42f53742759e0b,0x8e262719dc0fe6f,0xeb56148006317569159522f26c11d4931ed31d1717cb3fd116fc6d08d89039ff,3,94212308,0.6401823371575291,1741105419370098,Staked ICX,0.0437659125,sICX,0,3,2025-03-04
cx2609b924e33ef00b648a409245c7ea394c467824,hx4dc7903504bb800a462378348a42f53742759e0b,cxa0af3165c08318e988cb30993b3048335b94af6c,0xbb4b6a15c91758000,0xf80835241a649fc2840a52f5c9b78bb66b82d01612a673acae4cb5fe1d4373d7,0,94212308,215.93595760234288,1741105419370098,Staked ICX,0.03123005,sICX,0,2,2025-03-04
cx88fd7df7ddff82f7cc735c871dc519838cb235bb,hx4dc7903504bb800a462378348a42f53742759e0b,cxa0af3165c08318e988cb30993b3048335b94af6c,0x1a21d1352decdf000,0xc0da62aed9033af9e5ede22a43d7a316315deb005deb030acd83f37c420999e9,0,94212308,30.12825832882477,1741105419370098,Balanced Dollar,0.02221895,bnUSD,0,1,2025-03-04
cx2609b924e33ef00b648a409245c7ea394c467824,cx21e94c08c03daee80c25d8ee3ea22a20786ec231,hx4dc7903504bb800a462378348a42f53742759e0b,0xbb63666c9fb2f8ada,0x00475a635cbee6eb7a12d9b0149b574740b3787bf7bc4bb064779de3dae33c1e,5,94212305,216.04397959213898,1741105413371975,Staked ICX,0.1140812125,sICX,0,2,2025-03-04
cx2609b924e33ef00b648a409245c7ea394c467824,hx0000000000000000000000000000000000000000,cx21e94c08c03daee80c25d8ee3ea22a20786ec231,0xbb63666c9fb2f8ada,0x00475a635cbee6eb7a12d9b0149b574740b3787bf7bc4bb064779de3dae33c1e,3,94212305,216.04397959213898,1741105413371975,Staked ICX,0.1140812125,sICX,0,2,2025-03-04
cx88fd7df7ddff82f7cc735c871dc519838cb235bb,cx21e94c08c03daee80c25d8ee3ea22a20786ec231,hx4dc7903504bb800a462378348a42f53742759e0b,0x1a2529eec58eeccdf,0xf9a805eff4c8cdffe20b32c812e97aa55bb7dca3d1ccea69e8344d40422b5209,9,94212305,30.143329993885665,1741105413371975,Balanced Dollar,0.1781116,bnUSD,0,1,2025-03-04
cx88fd7df7ddff82f7cc735c871dc519838cb235bb,cxa0af3165c08318e988cb30993b3048335b94af6c,cx5faae53c4dbd1fbe4a2eb4aab6565030f10da5c6,0xa11d144bba0492,0xf9a805eff4c8cdffe20b32c812e97aa55bb7dca3d1ccea69e8344d40422b5209,7,94212305,0.045349444257449106,1741105413371975,Balanced Dollar,0.1781116,bnUSD,0,1,2025-03-04
cx88fd7df7ddff82f7cc735c871dc519838cb235bb,cxa0af3165c08318e988cb30993b3048335b94af6c,cx21e94c08c03daee80c25d8ee3ea22a20786ec231,0x1a2529eec58eeccdf,0xf9a805eff4c8cdffe20b32c812e97aa55bb7dca3d1ccea69e8344d40422b5209,6,94212305,30.143329993885665,1741105413371975,Balanced Dollar,0.1781116,bnUSD,0,1,2025-03-04
cx2609b924e33ef00b648a409245c7ea394c467824,cx21e94c08c03daee80c25d8ee3ea22a20786ec231,cxa0af3165c08318e988cb30993b3048335b94af6c,0xbb63666c9fb2f8ada,0xf9a805eff4c8cdffe20b32c812e97aa55bb7dca3d1ccea69e8344d40422b5209,5,94212305,216.04397959213898,1741105413371975,Staked ICX,0.1781116,sICX,0,1,2025-03-04
cx2609b924e33ef00b648a409245c7ea394c467824,hx0000000000000000000000000000000000000000,cx21e94c08c03daee80c25d8ee3ea22a20786ec231,0xbb63666c9fb2f8ada,0xf9a805eff4c8cdffe20b32c812e97aa55bb7dca3d1ccea69e8344d40422b5209,3,94212305,216.04397959213898,1741105413371975,Staked ICX,0.1781116,sICX,0,1,2025-03-04
cx88fd7df7ddff82f7cc735c871dc519838cb235bb,cxa0af3165c08318e988cb30993b3048335b94af6c,cx5faae53c4dbd1fbe4a2eb4aab6565030f10da5c6,0xe14fb731d20d3a,0xd436f9d46a6137b72ee48c8558c80c50a0a04851039c18080d1e0988c2034fc1,2,94212303,0.0634195179933566,1741105409365183,Balanced Dollar,0.056943025,bnUSD,0,2,2025-03-04
cx88fd7df7ddff82f7cc735c871dc519838cb235bb,cxa0af3165c08318e988cb30993b3048335b94af6c,hxd75467e3e4ce64e3424c747dfb71503017440433,0x2491fed5f33fbad65,0xd436f9d46a6137b72ee48c8558c80c50a0a04851039c18080d1e0988c2034fc1,1,94212303,42.162679229615684,1741105409365183,Balanced Dollar,0.056943025,bnUSD,0,2,2025-03-04
cx4297f4b63262507623b6ad575d0d8dd2db980e4e,hxd75467e3e4ce64e3424c747dfb71503017440433,cxa0af3165c08318e988cb30993b3048335b94af6c,0x3782dace9d900000,0xd436f9d46a6137b72ee48c8558c80c50a0a04851039c18080d1e0988c2034fc1,0,94212303,4.0,1741105409365183,Injective,0.056943025,INJ,0,2,2025-03-04
cx88fd7df7ddff82f7cc735c871dc519838cb235bb,cxa0af3165c08318e988cb30993b3048335b94af6c,cx5faae53c4dbd1fbe4a2eb4aab6565030f10da5c6,0x1a34c922d4c3a1a,0xbfdb71cedcdefad206baf20e1670098443c42d025f5177b161fa56e11921529a,2,94212300,0.11802220595067138,1741105403589610,Balanced Dollar,0.056911275,bnUSD,0,1,2025-03-04
cx88fd7df7ddff82f7cc735c871dc519838cb235bb,cxa0af3165c08318e988cb30993b3048335b94af6c,hxd75467e3e4ce64e3424c747dfb71503017440433,0x44100def174015f88,0xbfdb71cedcdefad206baf20e1670098443c42d025f5177b161fa56e11921529a,1,94212300,78.47096503591825,1741105403589610,Balanced Dollar,0.056911275,bnUSD,0,1,2025-03-04
cx66a031cc3bd305c76371fb586e93801b948254f0,hxd75467e3e4ce64e3424c747dfb71503017440433,cxa0af3165c08318e988cb30993b3048335b94af6c,0x3782dace9d900000,0xbfdb71cedcdefad206baf20e1670098443c42d025f5177b161fa56e11921529a,0,94212300,4.0,1741105403589610,Avalanche,0.056911275,AVAX,0,1,2025-03-04
cx7baf94bd53b505353285ee4c4c050f9703581703,hxece3647d2e53b811f7bba6b0a5b1f36c271e637a,hx0000000000000000000000000000000000000000,0x0,0xeebee6c6f62432fbdedfca0dd8505b3b134afb4ed286004141b638bae683c5b3,6,94212292,0.0,1741105387557029,unknown_token,0.06377435,$unknown,25,1,2025-03-04
cx7baf94bd53b505353285ee4c4c050f9703581703,hxece3647d2e53b811f7bba6b0a5b1f36c271e637a,hx0000000000000000000000000000000000000000,0x0,0xeebee6c6f62432fbdedfca0dd8505b3b134afb4ed286004141b638bae683c5b3,5,94212292,0.0,1741105387557029,unknown_token,0.06377435,$unknown,16,1,2025-03-04
cx7baf94bd53b505353285ee4c4c050f9703581703,hxece3647d2e53b811f7bba6b0a5b1f36c271e637a,hx0000000000000000000000000000000000000000,0x0,0xeebee6c6f62432fbdedfca0dd8505b3b134afb4ed286004141b638bae683c5b3,4,94212292,0.0,1741105387557029,unknown_token,0.06377435,$unknown,15,1,2025-03-04
cx53f8ccd5426534f82cf10cb742de033e51da72fc,hxece3647d2e53b811f7bba6b0a5b1f36c271e637a,hx0000000000000000000000000000000000000000,0x0,0xeebee6c6f62432fbdedfca0dd8505b3b134afb4ed286004141b638bae683c5b3,0,94212292,0.0,1741105387557029,unknown_token,0.06377435,$unknown,1,1,2025-03-04
cx88fd7df7ddff82f7cc735c871dc519838cb235bb,cxa0af3165c08318e988cb30993b3048335b94af6c,cx5faae53c4dbd1fbe4a2eb4aab6565030f10da5c6,0x1a3926c00b40f1a,0x6a8f80b7957a5ecfb3adc42855394647fa40e549d49f92b77c50fcd6d0eeb180,2,94212289,0.11809900780768848,1741105381547454,Balanced Dollar,0.0569139625,bnUSD,0,1,2025-03-04
cx88fd7df7ddff82f7cc735c871dc519838cb235bb,cxa0af3165c08318e988cb30993b3048335b94af6c,hxd75467e3e4ce64e3424c747dfb71503017440433,0x441b6512e336d4389,0x6a8f80b7957a5ecfb3adc42855394647fa40e549d49f92b77c50fcd6d0eeb180,1,94212289,78.522037611938,1741105381547454,Balanced Dollar,0.0569139625,bnUSD,0,1,2025-03-04
cx66a031cc3bd305c76371fb586e93801b948254f0,hxd75467e3e4ce64e3424c747dfb71503017440433,cxa0af3165c08318e988cb30993b3048335b94af6c,0x3782dace9d900000,0x6a8f80b7957a5ecfb3adc42855394647fa40e549d49f92b77c50fcd6d0eeb180,0,94212289,4.0,1741105381547454,Avalanche,0.0569139625,AVAX,0,1,2025-03-04
cx88fd7df7ddff82f7cc735c871dc519838cb235bb,cxa0af3165c08318e988cb30993b3048335b94af6c,cx5faae53c4dbd1fbe4a2eb4aab6565030f10da5c6,0xe16aa064ac5a1f,0x8c60cd8c455d661f41b32e5cfe75f6e67625d8605a0b9e30e346b6bc88531ee5,2,94212286,0.06344910687622608,1741105375426758,Balanced Dollar,0.056939025,bnUSD,0,1,2025-03-04
cx88fd7df7ddff82f7cc735c871dc519838cb235bb,cxa0af3165c08318e988cb30993b3048335b94af6c,hxd75467e3e4ce64e3424c747dfb71503017440433,0x24965d26fe9f4c802,0x8c60cd8c455d661f41b32e5cfe75f6e67625d8605a0b9e30e346b6bc88531ee5,1,94212286,42.18235286294396,1741105375426758,Balanced Dollar,0.056939025,bnUSD,0,1,2025-03-04
cx4297f4b63262507623b6ad575d0d8dd2db980e4e,hxd75467e3e4ce64e3424c747dfb71503017440433,cxa0af3165c08318e988cb30993b3048335b94af6c,0x3782dace9d900000,0x8c60cd8c455d661f41b32e5cfe75f6e67625d8605a0b9e30e346b6bc88531ee5,0,94212286,4.0,1741105375426758,Injective,0.056939025,INJ,0,1,2025-03-04
cx88fd7df7ddff82f7cc735c871dc519838cb235bb,cxa0af3165c08318e988cb30993b3048335b94af6c,cx5faae53c4dbd1fbe4a2eb4aab6565030f10da5c6,0x1a3d8574b129de9,0x88945fe8ad54992913dfa3957a37558d3d92a0cfa8537b3dd88d4e5a959192cc,2,94212274,0.1181758846750305,1741105351344927,Balanced Dollar,0.0569099625,bnUSD,0,1,2025-03-04
cx88fd7df7ddff82f7cc735c871dc519838cb235bb,cxa0af3165c08318e988cb30993b3048335b94af6c,hxd75467e3e4ce64e3424c747dfb71503017440433,0x4426bf0cab827d80b,0x88945fe8ad54992913dfa3957a37558d3d92a0cfa8537b3dd88d4e5a959192cc,1,94212274,78.57316007731318,1741105351344927,Balanced Dollar,0.0569099625,bnUSD,0,1,2025-03-04
cx66a031cc3bd305c76371fb586e93801b948254f0,hxd75467e3e4ce64e3424c747dfb71503017440433,cxa0af3165c08318e988cb30993b3048335b94af6c,0x3782dace9d900000,0x88945fe8ad54992913dfa3957a37558d3d92a0cfa8537b3dd88d4e5a959192cc,0,94212274,4.0,1741105351344927,Avalanche,0.0569099625,AVAX,0,1,2025-03-04
cx88fd7df7ddff82f7cc735c871dc519838cb235bb,cx21e94c08c03daee80c25d8ee3ea22a20786ec231,hx2debd9ec927cca1639da8d3518dd9dbf1cdfb357,0xf21fa1d1bcd4363d4,0x10c8b73900f6b1d8e018e66dcb3178f7aa7286a38ed6ee09634e1f3e360435a3,5,94212269,279.1494624583176,1741105341557787,Balanced Dollar,0.1127019125,bnUSD,0,1,2025-03-04
cx88fd7df7ddff82f7cc735c871dc519838cb235bb,cxa0af3165c08318e988cb30993b3048335b94af6c,cx5faae53c4dbd1fbe4a2eb4aab6565030f10da5c6,0x5d3984b9374c545,0x10c8b73900f6b1d8e018e66dcb3178f7aa7286a38ed6ee09634e1f3e360435a3,3,94212269,0.4198466406394607,1741105341557787,Balanced Dollar,0.1127019125,bnUSD,0,1,2025-03-04
cx88fd7df7ddff82f7cc735c871dc519838cb235bb,cxa0af3165c08318e988cb30993b3048335b94af6c,cx21e94c08c03daee80c25d8ee3ea22a20786ec231,0xf21fa1d1bcd4363d4,0x10c8b73900f6b1d8e018e66dcb3178f7aa7286a38ed6ee09634e1f3e360435a3,2,94212269,279.1494624583176,1741105341557787,Balanced Dollar,0.1127019125,bnUSD,0,1,2025-03-04
cx2609b924e33ef00b648a409245c7ea394c467824,cx21e94c08c03daee80c25d8ee3ea22a20786ec231,cxa0af3165c08318e988cb30993b3048335b94af6c,0x6c6b935b8bbd400000,0x10c8b73900f6b1d8e018e66dcb3178f7aa7286a38ed6ee09634e1f3e360435a3,1,94212269,2000.0,1741105341557787,Staked ICX,0.1127019125,sICX,0,1,2025-03-04
cx2609b924e33ef00b648a409245c7ea394c467824,hx2debd9ec927cca1639da8d3518dd9dbf1cdfb357,cx21e94c08c03daee80c25d8ee3ea22a20786ec231,0x6c6b935b8bbd400000,0x10c8b73900f6b1d8e018e66dcb3178f7aa7286a38ed6ee09634e1f3e360435a3,0,94212269,2000.0,1741105341557787,Staked ICX,0.1127019125,sICX,0,1,2025-03-04
cx6139a27c15f1653471ffba0b4b88dc15de7e3267,hx0000000000000000000000000000000000000000,hxece3647d2e53b811f7bba6b0a5b1f36c271e637a,0x3e1ff1e03b55a80000,0x5eb17ddefcb1c880e819275681a13617772e4b88c193ccd53ec9668592873a8c,0,94212266,1146.0,1741105335336666,GangstaBet Token,0.0128164125,GBET,0,1,2025-03-04
cx88fd7df7ddff82f7cc735c871dc519838cb235bb,cx21e94c08c03daee80c25d8ee3ea22a20786ec231,hx2debd9ec927cca1639da8d3518dd9dbf1cdfb357,0x1619509d8c86df2cdd,0x1ca380691888db163e512eb0ecdaec1b0f00ef06e0959eb3c5a1237ef292479b,5,94212265,407.65250069757894,1741105333439813,Balanced Dollar,0.0786970875,bnUSD,0,1,2025-03-04
cx88fd7df7ddff82f7cc735c871dc519838cb235bb,cxa0af3165c08318e988cb30993b3048335b94af6c,cx5faae53c4dbd1fbe4a2eb4aab6565030f10da5c6,0x87d28ab0bddb05f,0x1ca380691888db163e512eb0ecdaec1b0f00ef06e0959eb3c5a1237ef292479b,3,94212265,0.6116898394958521,1741105333439813,Balanced Dollar,0.0786970875,bnUSD,0,1,2025-03-04
cx88fd7df7ddff82f7cc735c871dc519838cb235bb,cxa0af3165c08318e988cb30993b3048335b94af6c,cx21e94c08c03daee80c25d8ee3ea22a20786ec231,0x1619509d8c86df2cdd,0x1ca380691888db163e512eb0ecdaec1b0f00ef06e0959eb3c5a1237ef292479b,2,94212265,407.65250069757894,1741105333439813,Balanced Dollar,0.0786970875,bnUSD,0,1,2025-03-04
cx65c9e3d4fea842e00add0d32a5b4c5e4e04c7a6b,cx21e94c08c03daee80c25d8ee3ea22a20786ec231,cxa0af3165c08318e988cb30993b3048335b94af6c,0xb2d05e00,0x1ca380691888db163e512eb0ecdaec1b0f00ef06e0959eb3c5a1237ef292479b,1,94212265,3.0,1741105333439813,Solana,0.0786970875,SOL,0,1,2025-03-04
cx65c9e3d4fea842e00add0d32a5b4c5e4e04c7a6b,hx2debd9ec927cca1639da8d3518dd9dbf1cdfb357,cx21e94c08c03daee80c25d8ee3ea22a20786ec231,0xb2d05e00,0x1ca380691888db163e512eb0ecdaec1b0f00ef06e0959eb3c5a1237ef292479b,0,94212265,3.0,1741105333439813,Solana,0.0786970875,SOL,0,1,2025-03-04
cx88fd7df7ddff82f7cc735c871dc519838cb235bb,cxa0af3165c08318e988cb30993b3048335b94af6c,cx5faae53c4dbd1fbe4a2eb4aab6565030f10da5c6,0xe1858e6a6144dc,0xf04f08cfe316381f58cbc6418b1428197c9c5e5156336796e1559cff2babf00d,2,94212263,0.06347871647650735,1741105329336594,Balanced Dollar,0.056943025,bnUSD,0,3,2025-03-04
cx88fd7df7ddff82f7cc735c871dc519838cb235bb,cxa0af3165c08318e988cb30993b3048335b94af6c,hxd75467e3e4ce64e3424c747dfb71503017440433,0x249abc4083dac3549,0xf04f08cfe316381f58cbc6418b1428197c9c5e5156336796e1559cff2babf00d,1,94212263,42.20204027287884,1741105329336594,Balanced Dollar,0.056943025,bnUSD,0,3,2025-03-04
cx4297f4b63262507623b6ad575d0d8dd2db980e4e,hxd75467e3e4ce64e3424c747dfb71503017440433,cxa0af3165c08318e988cb30993b3048335b94af6c,0x3782dace9d900000,0xf04f08cfe316381f58cbc6418b1428197c9c5e5156336796e1559cff2babf00d,0,94212263,4.0,1741105329336594,Injective,0.056943025,INJ,0,3,2025-03-04
cx508002ec116fbf3ab406329c0df28e70d7e75fb3,cx66d4d90f5f113eba575bf793570135f9b10cece1,hx0000000000000000000000000000000000000000,0x32a9f8800,0x7b77e03c93cc889815c84f4319587bc11327aecba4b30ffa4986590c0521cc52,2,94212263,13.6,1741105329336594,Sui,0.0703579125,SUI,0,1,2025-03-04
cx88fd7df7ddff82f7cc735c871dc519838cb235bb,cxa0af3165c08318e988cb30993b3048335b94af6c,cx5faae53c4dbd1fbe4a2eb4aab6565030f10da5c6,0xe1a081441807b6,0xcbd0992796029a60fd89ece251337cfd2f75464d119f69ad9e54237c46249c4f,2,94212257,0.06350834681354847,1741105317511712,Balanced Dollar,0.056943025,bnUSD,0,1,2025-03-04
cx88fd7df7ddff82f7cc735c871dc519838cb235bb,cxa0af3165c08318e988cb30993b3048335b94af6c,hxd75467e3e4ce64e3424c747dfb71503017440433,0x249f1c22b2e1889c2,0xcbd0992796029a60fd89ece251337cfd2f75464d119f69ad9e54237c46249c4f,1,94212257,42.22174147228785,1741105317511712,Balanced Dollar,0.056943025,bnUSD,0,1,2025-03-04
cx4297f4b63262507623b6ad575d0d8dd2db980e4e,hxd75467e3e4ce64e3424c747dfb71503017440433,cxa0af3165c08318e988cb30993b3048335b94af6c,0x3782dace9d900000,0xcbd0992796029a60fd89ece251337cfd2f75464d119f69ad9e54237c46249c4f,0,94212257,4.0,1741105317511712,Injective,0.056943025,INJ,0,1,2025-03-04
cx88fd7df7ddff82f7cc735c871dc519838cb235bb,cxa0af3165c08318e988cb30993b3048335b94af6c,cx5faae53c4dbd1fbe4a2eb4aab6565030f10da5c6,0xe1bb78f2f83534,0x73f3a00c02c13c1b5703d4e98548f9f02c7f4b5fd56fa9b824eebeddfac70098,2,94212251,0.06353799790672005,1741105305326697,Balanced Dollar,0.056943025,bnUSD,0,1,2025-03-04
cx88fd7df7ddff82f7cc735c871dc519838cb235bb,cxa0af3165c08318e988cb30993b3048335b94af6c,hxd75467e3e4ce64e3424c747dfb71503017440433,0x24a37ccdbbb15a7a4,0x73f3a00c02c13c1b5703d4e98548f9f02c7f4b5fd56fa9b824eebeddfac70098,1,94212251,42.24145647405352,1741105305326697,Balanced Dollar,0.056943025,bnUSD,0,1,2025-03-04
cx4297f4b63262507623b6ad575d0d8dd2db980e4e,hxd75467e3e4ce64e3424c747dfb71503017440433,cxa0af3165c08318e988cb30993b3048335b94af6c,0x3782dace9d900000,0x73f3a00c02c13c1b5703d4e98548f9f02c7f4b5fd56fa9b824eebeddfac70098,0,94212251,4.0,1741105305326697,Injective,0.056943025,INJ,0,1,2025-03-04
cx6139a27c15f1653471ffba0b4b88dc15de7e3267,hxacfaa456d7cca9549241493ee0ad72ab1dd76bec,hx5b24217047526bd1c9475ddc7e10f93325dd2322,0x3d79694fcf7cf80000,0xecb35ea177b9b0cd337c7e0f3d0a4972b6e19169534c70b15ddf95f0f7ec2364,0,94212242,1134.0,1741105287522011,GangstaBet Token,0.00303385,GBET,0,1,2025-03-04
cx88fd7df7ddff82f7cc735c871dc519838cb235bb,cxa0af3165c08318e988cb30993b3048335b94af6c,cx5faae53c4dbd1fbe4a2eb4aab6565030f10da5c6,0xe1d6757829b83c,0x4560f1a857765530f99342206c288bbd4763ba6e85bc57f454bbbac23f8ad341,2,94212224,0.06356766977541535,1741105251308592,Balanced Dollar,0.056943025,bnUSD,0,1,2025-03-04
cx88fd7df7ddff82f7cc735c871dc519838cb235bb,cxa0af3165c08318e988cb30993b3048335b94af6c,hxd75467e3e4ce64e3424c747dfb71503017440433,0x24a7de41ce5651126,0x4560f1a857765530f99342206c288bbd4763ba6e85bc57f454bbbac23f8ad341,1,94212224,42.261185291073424,1741105251308592,Balanced Dollar,0.056943025,bnUSD,0,1,2025-03-04
cx4297f4b63262507623b6ad575d0d8dd2db980e4e,hxd75467e3e4ce64e3424c747dfb71503017440433,cxa0af3165c08318e988cb30993b3048335b94af6c,0x3782dace9d900000,0x4560f1a857765530f99342206c288bbd4763ba6e85bc57f454bbbac23f8ad341,0,94212224,4.0,1741105251308592,Injective,0.056943025,INJ,0,1,2025-03-04
cx7baf94bd53b505353285ee4c4c050f9703581703,hxacfaa456d7cca9549241493ee0ad72ab1dd76bec,hx0000000000000000000000000000000000000000,0x0,0x13881c96799e9dbbfee4d6d144d0af3f8ed3d26e13eaa5d189be63291f93e2e6,6,94212216,0.0,1741105235302455,unknown_token,0.064794925,$unknown,17,1,2025-03-04
cx7baf94bd53b505353285ee4c4c050f9703581703,hxacfaa456d7cca9549241493ee0ad72ab1dd76bec,hx0000000000000000000000000000000000000000,0x0,0x13881c96799e9dbbfee4d6d144d0af3f8ed3d26e13eaa5d189be63291f93e2e6,5,94212216,0.0,1741105235302455,unknown_token,0.064794925,$unknown,25,1,2025-03-04
cx7baf94bd53b505353285ee4c4c050f9703581703,hxacfaa456d7cca9549241493ee0ad72ab1dd76bec,hx0000000000000000000000000000000000000000,0x0,0x13881c96799e9dbbfee4d6d144d0af3f8ed3d26e13eaa5d189be63291f93e2e6,4,94212216,0.0,1741105235302455,unknown_token,0.064794925,$unknown,15,1,2025-03-04
cx53f8ccd5426534f82cf10cb742de033e51da72fc,hxacfaa456d7cca9549241493ee0ad72ab1dd76bec,hx0000000000000000000000000000000000000000,0x0,0x13881c96799e9dbbfee4d6d144d0af3f8ed3d26e13eaa5d189be63291f93e2e6,0,94212216,0.0,1741105235302455,unknown_token,0.064794925,$unknown,5,1,2025-03-04
cx88fd7df7ddff82f7cc735c871dc519838cb235bb,cxa0af3165c08318e988cb30993b3048335b94af6c,cx5faae53c4dbd1fbe4a2eb4aab6565030f10da5c6,0xe1f176d4d4d436,0xb94cccf6a1305c1be65e5a34405e01d5866b8b0569144f69c86622e925ee0d65,2,94212215,0.0635973624390503,1741105233406150,Balanced Dollar,0.056943025,bnUSD,0,1,2025-03-04
cx88fd7df7ddff82f7cc735c871dc519838cb235bb,cxa0af3165c08318e988cb30993b3048335b94af6c,hxd75467e3e4ce64e3424c747dfb71503017440433,0x24ac407f1aeae3aea,0xb94cccf6a1305c1be65e5a34405e01d5866b8b0569144f69c86622e925ee0d65,1,94212215,42.28092793626023,1741105233406150,Balanced Dollar,0.056943025,bnUSD,0,1,2025-03-04
cx4297f4b63262507623b6ad575d0d8dd2db980e4e,hxd75467e3e4ce64e3424c747dfb71503017440433,cxa0af3165c08318e988cb30993b3048335b94af6c,0x3782dace9d900000,0xb94cccf6a1305c1be65e5a34405e01d5866b8b0569144f69c86622e925ee0d65,0,94212215,4.0,1741105233406150,Injective,0.056943025,INJ,0,1,2025-03-04
cx7baf94bd53b505353285ee4c4c050f9703581703,hx9645117f1b0c7181a126c7f4f222caefc6ee7a61,hx9645117f1b0c7181a126c7f4f222caefc6ee7a61,0x0,0xcc5cec7ec63ce7918a0b25d0a07f6a5a0a60f64b2486c17a2c4b099464281281,2,94212203,0.0,1741105209292041,unknown_token,0.066787175,$unknown,22,1,2025-03-04
cx7baf94bd53b505353285ee4c4c050f9703581703,hx9645117f1b0c7181a126c7f4f222caefc6ee7a61,hx9645117f1b0c7181a126c7f4f222caefc6ee7a61,0x0,0xcc5cec7ec63ce7918a0b25d0a07f6a5a0a60f64b2486c17a2c4b099464281281,1,94212203,0.0,1741105209292041,unknown_token,0.066787175,$unknown,12,1,2025-03-04
cx7baf94bd53b505353285ee4c4c050f9703581703,hx9645117f1b0c7181a126c7f4f222caefc6ee7a61,hx9645117f1b0c7181a126c7f4f222caefc6ee7a61,0x0,0xcc5cec7ec63ce7918a0b25d0a07f6a5a0a60f64b2486c17a2c4b099464281281,0,94212203,0.0,1741105209292041,unknown_token,0.066787175,$unknown,4,1,2025-03-04
cx88fd7df7ddff82f7cc735c871dc519838cb235bb,cxa0af3165c08318e988cb30993b3048335b94af6c,cx5faae53c4dbd1fbe4a2eb4aab6565030f10da5c6,0x1a41e54123b1022,0xc9ab32e74ed2b4ddd35eae867cbb04665be13409f69d472fa1db5bc840f76373,2,94212200,0.1182528366504223,1741105203509583,Balanced Dollar,0.0569099625,bnUSD,0,1,2025-03-04
cx88fd7df7ddff82f7cc735c871dc519838cb235bb,cxa0af3165c08318e988cb30993b3048335b94af6c,hxd75467e3e4ce64e3424c747dfb71503017440433,0x44321bdd624eecf18,0xc9ab32e74ed2b4ddd35eae867cbb04665be13409f69d472fa1db5bc840f76373,1,94212200,78.62433249705111,1741105203509583,Balanced Dollar,0.0569099625,bnUSD,0,1,2025-03-04
cx66a031cc3bd305c76371fb586e93801b948254f0,hxd75467e3e4ce64e3424c747dfb71503017440433,cxa0af3165c08318e988cb30993b3048335b94af6c,0x3782dace9d900000,0xc9ab32e74ed2b4ddd35eae867cbb04665be13409f69d472fa1db5bc840f76373,0,94212200,4.0,1741105203509583,Avalanche,0.0569099625,AVAX,0,1,2025-03-04
cx6139a27c15f1653471ffba0b4b88dc15de7e3267,hx0000000000000000000000000000000000000000,hxacfaa456d7cca9549241493ee0ad72ab1dd76bec,0x3d79694fcf7cf80000,0xcd3ddb1217b890897c41b0ab33ec1738f1e513456d985731410f8c15e6fd1021,0,94212198,1134.0,1741105199288411,GangstaBet Token,0.0128164125,GBET,0,1,2025-03-04
cx88fd7df7ddff82f7cc735c871dc519838cb235bb,cxa0af3165c08318e988cb30993b3048335b94af6c,cx5faae53c4dbd1fbe4a2eb4aab6565030f10da5c6,0xe20c7d0a22252b,0x65d09c407a98a98a82165a61e5f0b868d568a823b787f5d45da60e1a76256dfb,2,94212196,0.06362707591706347,1741105195286347,Balanced Dollar,0.056943025,bnUSD,0,1,2025-03-04
cx88fd7df7ddff82f7cc735c871dc519838cb235bb,cxa0af3165c08318e988cb30993b3048335b94af6c,hxd75467e3e4ce64e3424c747dfb71503017440433,0x24b0a385d197ede8a,0x65d09c407a98a98a82165a61e5f0b868d568a823b787f5d45da60e1a76256dfb,1,94212196,42.300684422541664,1741105195286347,Balanced Dollar,0.056943025,bnUSD,0,1,2025-03-04
cx4297f4b63262507623b6ad575d0d8dd2db980e4e,hxd75467e3e4ce64e3424c747dfb71503017440433,cxa0af3165c08318e988cb30993b3048335b94af6c,0x3782dace9d900000,0x65d09c407a98a98a82165a61e5f0b868d568a823b787f5d45da60e1a76256dfb,0,94212196,4.0,1741105195286347,Injective,0.056943025,INJ,0,1,2025-03-04
cxf61cd5a45dc9f91c15aa65831a30a90d59a09619,cx10d59e8103ab44635190bd4139dbfd682fa2d07e,hx1858bb7d884b5a6a74ceaa63eca015ce184bc726,0x26ba30c047eb19ed,0xcbc3cf82b84f3829197feb805c1838c22bcf7a962437865064f1251c1b6ddee6,1,94212190,2.7905965215078874,1741105183389401,Balance Token,0.072953525,BALN,0,1,2025-03-04
cx22319ac7f412f53eabe3c9827acf5e27e9c6a95f,cx21e94c08c03daee80c25d8ee3ea22a20786ec231,hx0000000000000000000000000000000000000000,0x13d616,0xa418effc047c47092f44b192714524dfd32f2724ce2a650dd2914ca3b9a18ef3,16,94212189,1.29999,1741105181481860,USDC,0.23171985,USDC,0,2,2025-03-04
cx22319ac7f412f53eabe3c9827acf5e27e9c6a95f,cxa09dbb60dcb62fffbd232b6eae132d730a2aafa6,cx21e94c08c03daee80c25d8ee3ea22a20786ec231,0x13d616,0xa418effc047c47092f44b192714524dfd32f2724ce2a650dd2914ca3b9a18ef3,13,94212189,1.29999,1741105181481860,USDC,0.23171985,USDC,0,2,2025-03-04
cx88fd7df7ddff82f7cc735c871dc519838cb235bb,cxa09dbb60dcb62fffbd232b6eae132d730a2aafa6,cx5faae53c4dbd1fbe4a2eb4aab6565030f10da5c6,0xde5ad2b0e8ea4,0xa418effc047c47092f44b192714524dfd32f2724ce2a650dd2914ca3b9a18ef3,12,94212189,0.003911706611715748,1741105181481860,Balanced Dollar,0.23171985,bnUSD,0,2,2025-03-04
cx88fd7df7ddff82f7cc735c871dc519838cb235bb,cxa09dbb60dcb62fffbd232b6eae132d730a2aafa6,hx0000000000000000000000000000000000000000,0x120a7e783a908234,0xa418effc047c47092f44b192714524dfd32f2724ce2a650dd2914ca3b9a18ef3,11,94212189,1.2999904972935337,1741105181481860,Balanced Dollar,0.23171985,bnUSD,0,2,2025-03-04
cx88fd7df7ddff82f7cc735c871dc519838cb235bb,cx21e94c08c03daee80c25d8ee3ea22a20786ec231,cxa09dbb60dcb62fffbd232b6eae132d730a2aafa6,0x12186425659f10d8,0xa418effc047c47092f44b192714524dfd32f2724ce2a650dd2914ca3b9a18ef3,10,94212189,1.3039022039052495,1741105181481860,Balanced Dollar,0.23171985,bnUSD,0,2,2025-03-04
cx88fd7df7ddff82f7cc735c871dc519838cb235bb,cxa0af3165c08318e988cb30993b3048335b94af6c,cx5faae53c4dbd1fbe4a2eb4aab6565030f10da5c6,0x6f83024e43703,0xa418effc047c47092f44b192714524dfd32f2724ce2a650dd2914ca3b9a18ef3,8,94212189,0.001961735521318659,1741105181481860,Balanced Dollar,0.23171985,bnUSD,0,2,2025-03-04
cx88fd7df7ddff82f7cc735c871dc519838cb235bb,cxa0af3165c08318e988cb30993b3048335b94af6c,cx21e94c08c03daee80c25d8ee3ea22a20786ec231,0x12186425659f10d8,0xa418effc047c47092f44b192714524dfd32f2724ce2a650dd2914ca3b9a18ef3,7,94212189,1.3039022039052495,1741105181481860,Balanced Dollar,0.23171985,bnUSD,0,2,2025-03-04
cx2609b924e33ef00b648a409245c7ea394c467824,cx21e94c08c03daee80c25d8ee3ea22a20786ec231,cxa0af3165c08318e988cb30993b3048335b94af6c,0x819a70e1955aeb62,0xa418effc047c47092f44b192714524dfd32f2724ce2a650dd2914ca3b9a18ef3,6,94212189,9.338900891481861,1741105181481860,Staked ICX,0.23171985,sICX,0,2,2025-03-04
cx2609b924e33ef00b648a409245c7ea394c467824,cxa0af3165c08318e988cb30993b3048335b94af6c,cx5faae53c4dbd1fbe4a2eb4aab6565030f10da5c6,0x31ead1c9b49a29,0xa418effc047c47092f44b192714524dfd32f2724ce2a650dd2914ca3b9a18ef3,4,94212189,0.014050460611942954,1741105181481860,Staked ICX,0.23171985,sICX,0,2,2025-03-04
cx2609b924e33ef00b648a409245c7ea394c467824,cxa0af3165c08318e988cb30993b3048335b94af6c,cx21e94c08c03daee80c25d8ee3ea22a20786ec231,0x819a70e1955aeb62,0xa418effc047c47092f44b192714524dfd32f2724ce2a650dd2914ca3b9a18ef3,3,94212189,9.338900891481861,1741105181481860,Staked ICX,0.23171985,sICX,0,2,2025-03-04
cx3975b43d260fb8ec802cef6e60c2f4d07486f11d,cx21e94c08c03daee80c25d8ee3ea22a20786ec231,cxa0af3165c08318e988cb30993b3048335b94af6c,0xa8f20699b6a68000,0xa418effc047c47092f44b192714524dfd32f2724ce2a650dd2914ca3b9a18ef3,2,94212189,12.1738,1741105181481860,Wrapped ICX,0.23171985,wICX,0,2,2025-03-04
cx3975b43d260fb8ec802cef6e60c2f4d07486f11d,hx184860bb6e243b19ae2b5f6cb0227b614052369a,cx21e94c08c03daee80c25d8ee3ea22a20786ec231,0xa8f20699b6a68000,0xa418effc047c47092f44b192714524dfd32f2724ce2a650dd2914ca3b9a18ef3,1,94212189,12.1738,1741105181481860,Wrapped ICX,0.23171985,wICX,0,2,2025-03-04
cx3975b43d260fb8ec802cef6e60c2f4d07486f11d,hx0000000000000000000000000000000000000000,hx184860bb6e243b19ae2b5f6cb0227b614052369a,0xa8f20699b6a68000,0xa418effc047c47092f44b192714524dfd32f2724ce2a650dd2914ca3b9a18ef3,0,94212189,12.1738,1741105181481860,Wrapped ICX,0.23171985,wICX,0,2,2025-03-04
cx88fd7df7ddff82f7cc735c871dc519838cb235bb,cxa0af3165c08318e988cb30993b3048335b94af6c,cx5faae53c4dbd1fbe4a2eb4aab6565030f10da5c6,0x1a464625c02fd45,0x1500a728f3d22cc5659391224680661a01a80cdfc719f821b02f34e944c8d3eb,2,94212189,0.11832986383174791,1741105181481860,Balanced Dollar,0.0569099625,bnUSD,0,1,2025-03-04
cx88fd7df7ddff82f7cc735c871dc519838cb235bb,cxa0af3165c08318e988cb30993b3048335b94af6c,hxd75467e3e4ce64e3424c747dfb71503017440433,0x443d7b85fa2d0270c,0x1500a728f3d22cc5659391224680661a01a80cdfc719f821b02f34e944c8d3eb,1,94212189,78.67555493626513,1741105181481860,Balanced Dollar,0.0569099625,bnUSD,0,1,2025-03-04
cx66a031cc3bd305c76371fb586e93801b948254f0,hxd75467e3e4ce64e3424c747dfb71503017440433,cxa0af3165c08318e988cb30993b3048335b94af6c,0x3782dace9d900000,0x1500a728f3d22cc5659391224680661a01a80cdfc719f821b02f34e944c8d3eb,0,94212189,4.0,1741105181481860,Avalanche,0.0569099625,AVAX,0,1,2025-03-04
cx88fd7df7ddff82f7cc735c871dc519838cb235bb,cxa0af3165c08318e988cb30993b3048335b94af6c,cx5faae53c4dbd1fbe4a2eb4aab6565030f10da5c6,0xe22788193a9fe3,0x063a1fb7d44ca591daa1592d7d17c2bff09984c1d9d7e3825e4faabce214ec9e,2,94212185,0.0636568102289162,1741105173278052,Balanced Dollar,0.056943025,bnUSD,0,1,2025-03-04
cx88fd7df7ddff82f7cc735c871dc519838cb235bb,cxa0af3165c08318e988cb30993b3048335b94af6c,hxd75467e3e4ce64e3424c747dfb71503017440433,0x24b507562294b4d4d,0x063a1fb7d44ca591daa1592d7d17c2bff09984c1d9d7e3825e4faabce214ec9e,1,94212185,42.3204547628606,1741105173278052,Balanced Dollar,0.056943025,bnUSD,0,1,2025-03-04
cx4297f4b63262507623b6ad575d0d8dd2db980e4e,hxd75467e3e4ce64e3424c747dfb71503017440433,cxa0af3165c08318e988cb30993b3048335b94af6c,0x3782dace9d900000,0x063a1fb7d44ca591daa1592d7d17c2bff09984c1d9d7e3825e4faabce214ec9e,0,94212185,4.0,1741105173278052,Injective,0.056943025,INJ,0,1,2025-03-04
cx2609b924e33ef00b648a409245c7ea394c467824,cx43e2eec79eb76293c298f2b17aec06097be606e0,hx0000000000000000000000000000000000000000,0x3e44427e2d695acf6ce,0xfc1eedbe8124348b0e0c7b08c583b74dc0d03c24ba5c9e17ede90413dbc8e0f6,1,94212174,18377.868240744647,1741105151271121,Staked ICX,0.0864008,sICX,0,1,2025-03-04
cx2609b924e33ef00b648a409245c7ea394c467824,hx4f56b2b11cf299e00b640a10dddc2fac260004b7,cx43e2eec79eb76293c298f2b17aec06097be606e0,0x3e44427e2d695acf6ce,0xfc1eedbe8124348b0e0c7b08c583b74dc0d03c24ba5c9e17ede90413dbc8e0f6,0,94212174,18377.868240744647,1741105151271121,Staked ICX,0.0864008,sICX,0,1,2025-03-04
cx88fd7df7ddff82f7cc735c871dc519838cb235bb,cxa0af3165c08318e988cb30993b3048335b94af6c,cx5faae53c4dbd1fbe4a2eb4aab6565030f10da5c6,0x1a4aa822e426bfa,0x82fe64a58af822bee5cd16299b307ccb00d1a7da354ebf111cb8249a464b3a96,2,94212170,0.11840696631705087,1741105143436198,Balanced Dollar,0.0569099625,bnUSD,0,1,2025-03-04
cx88fd7df7ddff82f7cc735c871dc519838cb235bb,cxa0af3165c08318e988cb30993b3048335b94af6c,hxd75467e3e4ce64e3424c747dfb71503017440433,0x4448de076612d53f4,0x82fe64a58af822bee5cd16299b307ccb00d1a7da354ebf111cb8249a464b3a96,1,94212170,78.72682746017463,1741105143436198,Balanced Dollar,0.0569099625,bnUSD,0,1,2025-03-04
cx66a031cc3bd305c76371fb586e93801b948254f0,hxd75467e3e4ce64e3424c747dfb71503017440433,cxa0af3165c08318e988cb30993b3048335b94af6c,0x3782dace9d900000,0x82fe64a58af822bee5cd16299b307ccb00d1a7da354ebf111cb8249a464b3a96,0,94212170,4.0,1741105143436198,Avalanche,0.0569099625,AVAX,0,1,2025-03-04
cx88fd7df7ddff82f7cc735c871dc519838cb235bb,cxa0af3165c08318e988cb30993b3048335b94af6c,cx5faae53c4dbd1fbe4a2eb4aab6565030f10da5c6,0xe2429803479208,0xf297b97be82f9178f45ce34fc7568698f2f37cf4326df2fb849531ee7c3b870b,2,94212166,0.06368656539409255,1741105135264524,Balanced Dollar,0.056943025,bnUSD,0,1,2025-03-04
cx88fd7df7ddff82f7cc735c871dc519838cb235bb,cxa0af3165c08318e988cb30993b3048335b94af6c,hxd75467e3e4ce64e3424c747dfb71503017440433,0x24b96bf03e26ec2fd,0xf297b97be82f9178f45ce34fc7568698f2f37cf4326df2fb849531ee7c3b870b,1,94212166,42.340238970175015,1741105135264524,Balanced Dollar,0.056943025,bnUSD,0,1,2025-03-04
cx4297f4b63262507623b6ad575d0d8dd2db980e4e,hxd75467e3e4ce64e3424c747dfb71503017440433,cxa0af3165c08318e988cb30993b3048335b94af6c,0x3782dace9d900000,0xf297b97be82f9178f45ce34fc7568698f2f37cf4326df2fb849531ee7c3b870b,0,94212166,4.0,1741105135264524,Injective,0.056943025,INJ,0,1,2025-03-04
cx2609b924e33ef00b648a409245c7ea394c467824,cx21e94c08c03daee80c25d8ee3ea22a20786ec231,hx4f56b2b11cf299e00b640a10dddc2fac260004b7,0x46ba01b86c7da26a44,0x51f76d17ca0359a1b9106466049c74b7240303b38829b00e71da9597d596f199,6,94212164,1304.6752819018036,1741105131455801,Staked ICX,0.0916587625,sICX,0,1,2025-03-04
cx2609b924e33ef00b648a409245c7ea394c467824,cxa0af3165c08318e988cb30993b3048335b94af6c,cx5faae53c4dbd1fbe4a2eb4aab6565030f10da5c6,0x1b3ab344ee584991,0x51f76d17ca0359a1b9106466049c74b7240303b38829b00e71da9597d596f199,4,94212164,1.9620776963111837,1741105131455801,Staked ICX,0.0916587625,sICX,0,1,2025-03-04
cx2609b924e33ef00b648a409245c7ea394c467824,cxa0af3165c08318e988cb30993b3048335b94af6c,cx21e94c08c03daee80c25d8ee3ea22a20786ec231,0x46ba01b86c7da26a44,0x51f76d17ca0359a1b9106466049c74b7240303b38829b00e71da9597d596f199,3,94212164,1304.6752819018036,1741105131455801,Staked ICX,0.0916587625,sICX,0,1,2025-03-04
cx3975b43d260fb8ec802cef6e60c2f4d07486f11d,cx21e94c08c03daee80c25d8ee3ea22a20786ec231,cxa0af3165c08318e988cb30993b3048335b94af6c,0x5c283d410394100000,0x51f76d17ca0359a1b9106466049c74b7240303b38829b00e71da9597d596f199,2,94212164,1700.0,1741105131455801,Wrapped ICX,0.0916587625,wICX,0,1,2025-03-04
cx3975b43d260fb8ec802cef6e60c2f4d07486f11d,hx4f56b2b11cf299e00b640a10dddc2fac260004b7,cx21e94c08c03daee80c25d8ee3ea22a20786ec231,0x5c283d410394100000,0x51f76d17ca0359a1b9106466049c74b7240303b38829b00e71da9597d596f199,1,94212164,1700.0,1741105131455801,Wrapped ICX,0.0916587625,wICX,0,1,2025-03-04
cx3975b43d260fb8ec802cef6e60c2f4d07486f11d,hx0000000000000000000000000000000000000000,hx4f56b2b11cf299e00b640a10dddc2fac260004b7,0x5c283d410394100000,0x51f76d17ca0359a1b9106466049c74b7240303b38829b00e71da9597d596f199,0,94212164,1700.0,1741105131455801,Wrapped ICX,0.0916587625,wICX,0,1,2025-03-04
cx88fd7df7ddff82f7cc735c871dc519838cb235bb,cxa0af3165c08318e988cb30993b3048335b94af6c,cx5faae53c4dbd1fbe4a2eb4aab6565030f10da5c6,0x1a4f0b38ed3d340,0xaa24521593fe2c36e9397e7fb6bab9eec2cf1b55f2c7c61dd88f87dabc097936,2,94212158,0.1184841442045346,1741105119267757,Balanced Dollar,0.0569099625,bnUSD,0,1,2025-03-04
cx88fd7df7ddff82f7cc735c871dc519838cb235bb,cxa0af3165c08318e988cb30993b3048335b94af6c,hxd75467e3e4ce64e3424c747dfb71503017440433,0x44544362995be6ac4,0xaa24521593fe2c36e9397e7fb6bab9eec2cf1b55f2c7c61dd88f87dabc097936,1,94212158,78.7781501341054,1741105119267757,Balanced Dollar,0.0569099625,bnUSD,0,1,2025-03-04
cx66a031cc3bd305c76371fb586e93801b948254f0,hxd75467e3e4ce64e3424c747dfb71503017440433,cxa0af3165c08318e988cb30993b3048335b94af6c,0x3782dace9d900000,0xaa24521593fe2c36e9397e7fb6bab9eec2cf1b55f2c7c61dd88f87dabc097936,0,94212158,4.0,1741105119267757,Avalanche,0.0569099625,AVAX,0,1,2025-03-04
cx88fd7df7ddff82f7cc735c871dc519838cb235bb,cxa0af3165c08318e988cb30993b3048335b94af6c,cx5faae53c4dbd1fbe4a2eb4aab6565030f10da5c6,0xe25dacc972a243,0x8129015f460c7364b560a79ef4731967a2470b1af48700eb6274448395d96a59,2,94212153,0.0637163414320994,1741105109255224,Balanced Dollar,0.0569618375,bnUSD,0,1,2025-03-04
cx88fd7df7ddff82f7cc735c871dc519838cb235bb,cxa0af3165c08318e988cb30993b3048335b94af6c,hxd75467e3e4ce64e3424c747dfb71503017440433,0x24bdd15454a2bb8d8,0x8129015f460c7364b560a79ef4731967a2470b1af48700eb6274448395d96a59,1,94212153,42.36003705745806,1741105109255224,Balanced Dollar,0.0569618375,bnUSD,0,1,2025-03-04
cx4297f4b63262507623b6ad575d0d8dd2db980e4e,hxd75467e3e4ce64e3424c747dfb71503017440433,cxa0af3165c08318e988cb30993b3048335b94af6c,0x3782dace9d900000,0x8129015f460c7364b560a79ef4731967a2470b1af48700eb6274448395d96a59,0,94212153,4.0,1741105109255224,Injective,0.0569618375,INJ,0,1,2025-03-04
cx88fd7df7ddff82f7cc735c871dc519838cb235bb,cx21e94c08c03daee80c25d8ee3ea22a20786ec231,hx2debd9ec927cca1639da8d3518dd9dbf1cdfb357,0x1141c4f941e4feaca6,0x0730ad7cf121e9384a678f8e302478e1a8e49b88ebfe1e1cf4abef6d8b6c375a,10,94212137,318.3338360223731,1741105077433877,Balanced Dollar,0.1305287,bnUSD,0,2,2025-03-04
cx88fd7df7ddff82f7cc735c871dc519838cb235bb,cx203d9cd2a669be67177e997b8948ce2c35caffae,cx835b300dcfe01f0bdb794e134a0c5628384f4367,0x28aa87c5156f2ff3,0x0730ad7cf121e9384a678f8e302478e1a8e49b88ebfe1e1cf4abef6d8b6c375a,7,94212137,2.9303037880958445,1741105077433877,Balanced Dollar,0.1305287,bnUSD,0,2,2025-03-04
cx88fd7df7ddff82f7cc735c871dc519838cb235bb,cx5faae53c4dbd1fbe4a2eb4aab6565030f10da5c6,cx203d9cd2a669be67177e997b8948ce2c35caffae,0x3a182fabd57a4480,0x0730ad7cf121e9384a678f8e302478e1a8e49b88ebfe1e1cf4abef6d8b6c375a,5,94212137,4.186148268708349,1741105077433877,Balanced Dollar,0.1305287,bnUSD,0,2,2025-03-04
cx88fd7df7ddff82f7cc735c871dc519838cb235bb,cx5faae53c4dbd1fbe4a2eb4aab6565030f10da5c6,cxdc30a0d3a1f131565c071272a20bc0b06fd4c17b,0x3a182fabd57a4480,0x0730ad7cf121e9384a678f8e302478e1a8e49b88ebfe1e1cf4abef6d8b6c375a,4,94212137,4.186148268708349,1741105077433877,Balanced Dollar,0.1305287,bnUSD,0,2,2025-03-04
cx88fd7df7ddff82f7cc735c871dc519838cb235bb,cxa0af3165c08318e988cb30993b3048335b94af6c,cx5faae53c4dbd1fbe4a2eb4aab6565030f10da5c6,0x6a28ace20b7e694,0x0730ad7cf121e9384a678f8e302478e1a8e49b88ebfe1e1cf4abef6d8b6c375a,3,94212137,0.47809712837151297,1741105077433877,Balanced Dollar,0.1305287,bnUSD,0,2,2025-03-04
cx88fd7df7ddff82f7cc735c871dc519838cb235bb,cxa0af3165c08318e988cb30993b3048335b94af6c,cx21e94c08c03daee80c25d8ee3ea22a20786ec231,0x1141c4f941e4feaca6,0x0730ad7cf121e9384a678f8e302478e1a8e49b88ebfe1e1cf4abef6d8b6c375a,2,94212137,318.3338360223731,1741105077433877,Balanced Dollar,0.1305287,bnUSD,0,2,2025-03-04
cx4297f4b63262507623b6ad575d0d8dd2db980e4e,cx21e94c08c03daee80c25d8ee3ea22a20786ec231,cxa0af3165c08318e988cb30993b3048335b94af6c,0x1a055690d9db80000,0x0730ad7cf121e9384a678f8e302478e1a8e49b88ebfe1e1cf4abef6d8b6c375a,1,94212137,30.0,1741105077433877,Injective,0.1305287,INJ,0,2,2025-03-04
cx4297f4b63262507623b6ad575d0d8dd2db980e4e,hx2debd9ec927cca1639da8d3518dd9dbf1cdfb357,cx21e94c08c03daee80c25d8ee3ea22a20786ec231,0x1a055690d9db80000,0x0730ad7cf121e9384a678f8e302478e1a8e49b88ebfe1e1cf4abef6d8b6c375a,0,94212137,30.0,1741105077433877,Injective,0.1305287,INJ,0,2,2025-03-04
cx7baf94bd53b505353285ee4c4c050f9703581703,hx8a1a85281ccd4ac3d24d73247e5c4732c6d092b1,hx0000000000000000000000000000000000000000,0x0,0x4356bfc942f35356d6943ca795c467ce4cfaffbb878b0e8cbea9a719649d8bc3,6,94212134,0.0,1741105071242398,unknown_token,0.0654130875,$unknown,30,1,2025-03-04
cx7baf94bd53b505353285ee4c4c050f9703581703,hx8a1a85281ccd4ac3d24d73247e5c4732c6d092b1,hx0000000000000000000000000000000000000000,0x0,0x4356bfc942f35356d6943ca795c467ce4cfaffbb878b0e8cbea9a719649d8bc3,5,94212134,0.0,1741105071242398,unknown_token,0.0654130875,$unknown,20,1,2025-03-04
cx7baf94bd53b505353285ee4c4c050f9703581703,hx8a1a85281ccd4ac3d24d73247e5c4732c6d092b1,hx0000000000000000000000000000000000000000,0x0,0x4356bfc942f35356d6943ca795c467ce4cfaffbb878b0e8cbea9a719649d8bc3,4,94212134,0.0,1741105071242398,unknown_token,0.0654130875,$unknown,26,1,2025-03-04
cx53f8ccd5426534f82cf10cb742de033e51da72fc,hx8a1a85281ccd4ac3d24d73247e5c4732c6d092b1,hx0000000000000000000000000000000000000000,0x0,0x4356bfc942f35356d6943ca795c467ce4cfaffbb878b0e8cbea9a719649d8bc3,0,94212134,0.0,1741105071242398,unknown_token,0.0654130875,$unknown,3,1,2025-03-04
cx6139a27c15f1653471ffba0b4b88dc15de7e3267,hx8a1a85281ccd4ac3d24d73247e5c4732c6d092b1,hx5b24217047526bd1c9475ddc7e10f93325dd2322,0x3e1ff1e03b55a80000,0x0bb44a643936e4dd6ec34bb90919bece5a478e118fcec6f4e6bd0f3f756cbc5d,0,94212106,1146.0,1741105015226685,GangstaBet Token,0.00303385,GBET,0,1,2025-03-04
cxf61cd5a45dc9f91c15aa65831a30a90d59a09619,cx10d59e8103ab44635190bd4139dbfd682fa2d07e,hx4f56b2b11cf299e00b640a10dddc2fac260004b7,0x68b8151727bfbaf1,0x534a3351a804d527c6f37a56dcbaf69a87e07b33a37734aece0341694699a428,3,94212099,7.545804364854574,1741105001216490,Balance Token,0.091022475,BALN,0,1,2025-03-04
cx2609b924e33ef00b648a409245c7ea394c467824,cx10d59e8103ab44635190bd4139dbfd682fa2d07e,hx4f56b2b11cf299e00b640a10dddc2fac260004b7,0x10b69c961ba71f2d26,0x534a3351a804d527c6f37a56dcbaf69a87e07b33a37734aece0341694699a428,1,94212099,308.30646243613467,1741105001216490,Staked ICX,0.091022475,sICX,0,1,2025-03-04
cx6139a27c15f1653471ffba0b4b88dc15de7e3267,hx0000000000000000000000000000000000000000,hx8a1a85281ccd4ac3d24d73247e5c4732c6d092b1,0x3e1ff1e03b55a80000,0x1d4796d2a6652760c775faa53291214f0b9ae3eb055ff143872a23a4c8f37272,0,94212095,1146.0,1741104993393767,GangstaBet Token,0.0128164125,GBET,0,1,2025-03-04
cx22319ac7f412f53eabe3c9827acf5e27e9c6a95f,cx21e94c08c03daee80c25d8ee3ea22a20786ec231,hx0000000000000000000000000000000000000000,0xdd1c42d,0x2d735062acbb950e002af1a449ec15898358e079617cacbbeb54f48b5c74c4d1,16,94212091,231.851053,1741104985211182,USDC,0.2317831125,USDC,0,1,2025-03-04
cx22319ac7f412f53eabe3c9827acf5e27e9c6a95f,cxa09dbb60dcb62fffbd232b6eae132d730a2aafa6,cx21e94c08c03daee80c25d8ee3ea22a20786ec231,0xdd1c42d,0x2d735062acbb950e002af1a449ec15898358e079617cacbbeb54f48b5c74c4d1,13,94212091,231.851053,1741104985211182,USDC,0.2317831125,USDC,0,1,2025-03-04
cx88fd7df7ddff82f7cc735c871dc519838cb235bb,cxa09dbb60dcb62fffbd232b6eae132d730a2aafa6,cx5faae53c4dbd1fbe4a2eb4aab6565030f10da5c6,0x9ae896e047c7014,0x2d735062acbb950e002af1a449ec15898358e079617cacbbeb54f48b5c74c4d1,12,94212091,0.6976460979036775,1741104985211182,Balanced Dollar,0.2317831125,bnUSD,0,1,2025-03-04
cx88fd7df7ddff82f7cc735c871dc519838cb235bb,cxa09dbb60dcb62fffbd232b6eae132d730a2aafa6,hx0000000000000000000000000000000000000000,0xc9194687d28358018,0x2d735062acbb950e002af1a449ec15898358e079617cacbbeb54f48b5c74c4d1,11,94212091,231.85105320332215,1741104985211182,Balanced Dollar,0.2317831125,bnUSD,0,1,2025-03-04
cx88fd7df7ddff82f7cc735c871dc519838cb235bb,cx21e94c08c03daee80c25d8ee3ea22a20786ec231,cxa09dbb60dcb62fffbd232b6eae132d730a2aafa6,0xc9b42f1eb2cb1f02c,0x2d735062acbb950e002af1a449ec15898358e079617cacbbeb54f48b5c74c4d1,10,94212091,232.5486993012258,1741104985211182,Balanced Dollar,0.2317831125,bnUSD,0,1,2025-03-04
cx88fd7df7ddff82f7cc735c871dc519838cb235bb,cxa0af3165c08318e988cb30993b3048335b94af6c,cx5faae53c4dbd1fbe4a2eb4aab6565030f10da5c6,0x4daa891d7128d97,0x2d735062acbb950e002af1a449ec15898358e079617cacbbeb54f48b5c74c4d1,8,94212091,0.34977726540667636,1741104985211182,Balanced Dollar,0.2317831125,bnUSD,0,1,2025-03-04
cx88fd7df7ddff82f7cc735c871dc519838cb235bb,cxa0af3165c08318e988cb30993b3048335b94af6c,cx21e94c08c03daee80c25d8ee3ea22a20786ec231,0xc9b42f1eb2cb1f02c,0x2d735062acbb950e002af1a449ec15898358e079617cacbbeb54f48b5c74c4d1,7,94212091,232.5486993012258,1741104985211182,Balanced Dollar,0.2317831125,bnUSD,0,1,2025-03-04
cx2609b924e33ef00b648a409245c7ea394c467824,cx21e94c08c03daee80c25d8ee3ea22a20786ec231,cxa0af3165c08318e988cb30993b3048335b94af6c,0x5a442c85bcc7a62c07,0x2d735062acbb950e002af1a449ec15898358e079617cacbbeb54f48b5c74c4d1,6,94212091,1665.119414973264,1741104985211182,Staked ICX,0.2317831125,sICX,0,1,2025-03-04
cx2609b924e33ef00b648a409245c7ea394c467824,cxa0af3165c08318e988cb30993b3048335b94af6c,cx5faae53c4dbd1fbe4a2eb4aab6565030f10da5c6,0x22bf795adc976f2a,0x2d735062acbb950e002af1a449ec15898358e079617cacbbeb54f48b5c74c4d1,4,94212091,2.5038533489962145,1741104985211182,Staked ICX,0.2317831125,sICX,0,1,2025-03-04
cx2609b924e33ef00b648a409245c7ea394c467824,cxa0af3165c08318e988cb30993b3048335b94af6c,cx21e94c08c03daee80c25d8ee3ea22a20786ec231,0x5a442c85bcc7a62c07,0x2d735062acbb950e002af1a449ec15898358e079617cacbbeb54f48b5c74c4d1,3,94212091,1665.119414973264,1741104985211182,Staked ICX,0.2317831125,sICX,0,1,2025-03-04
cx3975b43d260fb8ec802cef6e60c2f4d07486f11d,cx21e94c08c03daee80c25d8ee3ea22a20786ec231,cxa0af3165c08318e988cb30993b3048335b94af6c,0x75815aa49db0f70000,0x2d735062acbb950e002af1a449ec15898358e079617cacbbeb54f48b5c74c4d1,2,94212091,2167.59,1741104985211182,Wrapped ICX,0.2317831125,wICX,0,1,2025-03-04
cx3975b43d260fb8ec802cef6e60c2f4d07486f11d,hx184860bb6e243b19ae2b5f6cb0227b614052369a,cx21e94c08c03daee80c25d8ee3ea22a20786ec231,0x75815aa49db0f70000,0x2d735062acbb950e002af1a449ec15898358e079617cacbbeb54f48b5c74c4d1,1,94212091,2167.59,1741104985211182,Wrapped ICX,0.2317831125,wICX,0,1,2025-03-04
cx3975b43d260fb8ec802cef6e60c2f4d07486f11d,hx0000000000000000000000000000000000000000,hx184860bb6e243b19ae2b5f6cb0227b614052369a,0x75815aa49db0f70000,0x2d735062acbb950e002af1a449ec15898358e079617cacbbeb54f48b5c74c4d1,0,94212091,2167.59,1741104985211182,Wrapped ICX,0.2317831125,wICX,0,1,2025-03-04
cx2609b924e33ef00b648a409245c7ea394c467824,cx21e94c08c03daee80c25d8ee3ea22a20786ec231,hx4f56b2b11cf299e00b640a10dddc2fac260004b7,0x1a1b14a0cfe9628f172,0x04c7e18b44da1755fafdd1178297655324fe01bee5f0623cace4fcdd315181d6,13,94212085,7705.067316317453,1741104973211721,Staked ICX,0.290820675,sICX,0,1,2025-03-04
cx2609b924e33ef00b648a409245c7ea394c467824,cx203d9cd2a669be67177e997b8948ce2c35caffae,cx835b300dcfe01f0bdb794e134a0c5628384f4367,0x440069a30116dfef4,0x04c7e18b44da1755fafdd1178297655324fe01bee5f0623cace4fcdd315181d6,10,94212085,78.40052069436739,1741104973211721,Staked ICX,0.290820675,sICX,0,1,2025-03-04
cx2609b924e33ef00b648a409245c7ea394c467824,cx5faae53c4dbd1fbe4a2eb4aab6565030f10da5c6,cx203d9cd2a669be67177e997b8948ce2c35caffae,0x61252932018e647a6,0x04c7e18b44da1755fafdd1178297655324fe01bee5f0623cace4fcdd315181d6,7,94212085,112.00074384909627,1741104973211721,Staked ICX,0.290820675,sICX,0,1,2025-03-04
cx2609b924e33ef00b648a409245c7ea394c467824,cx5faae53c4dbd1fbe4a2eb4aab6565030f10da5c6,cxdc30a0d3a1f131565c071272a20bc0b06fd4c17b,0x61252932018e647a5,0x04c7e18b44da1755fafdd1178297655324fe01bee5f0623cace4fcdd315181d6,5,94212085,112.00074384909627,1741104973211721,Staked ICX,0.290820675,sICX,0,1,2025-03-04
cx2609b924e33ef00b648a409245c7ea394c467824,cxa0af3165c08318e988cb30993b3048335b94af6c,cx5faae53c4dbd1fbe4a2eb4aab6565030f10da5c6,0xa07a9d0f7d509f29,0x04c7e18b44da1755fafdd1178297655324fe01bee5f0623cace4fcdd315181d6,4,94212085,11.563727683079676,1741104973211721,Staked ICX,0.290820675,sICX,0,1,2025-03-04
cx2609b924e33ef00b648a409245c7ea394c467824,cxa0af3165c08318e988cb30993b3048335b94af6c,cx21e94c08c03daee80c25d8ee3ea22a20786ec231,0x1a1b14a0cfe9628f172,0x04c7e18b44da1755fafdd1178297655324fe01bee5f0623cace4fcdd315181d6,3,94212085,7705.067316317453,1741104973211721,Staked ICX,0.290820675,sICX,0,1,2025-03-04
cx3975b43d260fb8ec802cef6e60c2f4d07486f11d,cx21e94c08c03daee80c25d8ee3ea22a20786ec231,cxa0af3165c08318e988cb30993b3048335b94af6c,0x21e19e0c9bab2400000,0x04c7e18b44da1755fafdd1178297655324fe01bee5f0623cace4fcdd315181d6,2,94212085,10000.0,1741104973211721,Wrapped ICX,0.290820675,wICX,0,1,2025-03-04
cx3975b43d260fb8ec802cef6e60c2f4d07486f11d,hx4f56b2b11cf299e00b640a10dddc2fac260004b7,cx21e94c08c03daee80c25d8ee3ea22a20786ec231,0x21e19e0c9bab2400000,0x04c7e18b44da1755fafdd1178297655324fe01bee5f0623cace4fcdd315181d6,1,94212085,10000.0,1741104973211721,Wrapped ICX,0.290820675,wICX,0,1,2025-03-04
cx3975b43d260fb8ec802cef6e60c2f4d07486f11d,hx0000000000000000000000000000000000000000,hx4f56b2b11cf299e00b640a10dddc2fac260004b7,0x21e19e0c9bab2400000,0x04c7e18b44da1755fafdd1178297655324fe01bee5f0623cace4fcdd315181d6,0,94212085,10000.0,1741104973211721,Wrapped ICX,0.290820675,wICX,0,1,2025-03-04
cx6139a27c15f1653471ffba0b4b88dc15de7e3267,hxb4c9571ee4bac79c1a91d89ebfde6c990492f2de,hx5b24217047526bd1c9475ddc7e10f93325dd2322,0x33b768d97dcaa80000,0x4431d489e5cfb9214c658197a71fce743abad8e20e0c1097ec8be9a649c9abbb,0,94212074,954.0,1741104951202522,GangstaBet Token,0.00303385,GBET,0,1,2025-03-04
cx2609b924e33ef00b648a409245c7ea394c467824,cxa0af3165c08318e988cb30993b3048335b94af6c,hx4f56b2b11cf299e00b640a10dddc2fac260004b7,0x1eb223f874fdac26df2,0x549c162d1e7f8db9d0b68cf4d4c0ebbae86e3a413ab624d785c273a96a9f918e,6,94212066,9059.819180089255,1741104935195294,Staked ICX,0.0582803375,sICX,0,1,2025-03-04
cx3975b43d260fb8ec802cef6e60c2f4d07486f11d,hx4f56b2b11cf299e00b640a10dddc2fac260004b7,hx0000000000000000000000000000000000000000,0x279f03ba22654b43f4e,0x549c162d1e7f8db9d0b68cf4d4c0ebbae86e3a413ab624d785c273a96a9f918e,3,94212066,11694.099606536389,1741104935195294,Wrapped ICX,0.0582803375,wICX,0,1,2025-03-04
cx3975b43d260fb8ec802cef6e60c2f4d07486f11d,cxa0af3165c08318e988cb30993b3048335b94af6c,hx4f56b2b11cf299e00b640a10dddc2fac260004b7,0x279f03ba22654b43f4e,0x549c162d1e7f8db9d0b68cf4d4c0ebbae86e3a413ab624d785c273a96a9f918e,2,94212066,11694.099606536389,1741104935195294,Wrapped ICX,0.0582803375,wICX,0,1,2025-03-04
cx7baf94bd53b505353285ee4c4c050f9703581703,hxb4c9571ee4bac79c1a91d89ebfde6c990492f2de,hx0000000000000000000000000000000000000000,0x0,0x20a50f49a118efe0760c5afe0eae91f4bad8c27d7367ac2dff0506c980a64023,6,94212045,0.0,1741104893336666,unknown_token,0.06382105,$unknown,22,1,2025-03-04
cx7baf94bd53b505353285ee4c4c050f9703581703,hxb4c9571ee4bac79c1a91d89ebfde6c990492f2de,hx0000000000000000000000000000000000000000,0x0,0x20a50f49a118efe0760c5afe0eae91f4bad8c27d7367ac2dff0506c980a64023,5,94212045,0.0,1741104893336666,unknown_token,0.06382105,$unknown,1,1,2025-03-04
cx7baf94bd53b505353285ee4c4c050f9703581703,hxb4c9571ee4bac79c1a91d89ebfde6c990492f2de,hx0000000000000000000000000000000000000000,0x0,0x20a50f49a118efe0760c5afe0eae91f4bad8c27d7367ac2dff0506c980a64023,4,94212045,0.0,1741104893336666,unknown_token,0.06382105,$unknown,10,1,2025-03-04
cx53f8ccd5426534f82cf10cb742de033e51da72fc,hxb4c9571ee4bac79c1a91d89ebfde6c990492f2de,hx0000000000000000000000000000000000000000,0x0,0x20a50f49a118efe0760c5afe0eae91f4bad8c27d7367ac2dff0506c980a64023,0,94212045,0.0,1741104893336666,unknown_token,0.06382105,$unknown,6,1,2025-03-04
cx6139a27c15f1653471ffba0b4b88dc15de7e3267,hx0000000000000000000000000000000000000000,hxb4c9571ee4bac79c1a91d89ebfde6c990492f2de,0x33b768d97dcaa80000,0x80a2b88363a00159a820bcb59a480296fb813d50373d61a96d2e4b0a1489c173,0,94212031,954.0,1741104865197028,GangstaBet Token,0.012759975,GBET,0,1,2025-03-04
cx2609b924e33ef00b648a409245c7ea394c467824,cx43e2eec79eb76293c298f2b17aec06097be606e0,hx0000000000000000000000000000000000000000,0xea0d56f92a8ecdf731e,0x1477892ae752b73db8ba040828e6bcb6d862c795b513a9c8976ea052422097c0,1,94212015,69079.98948447529,1741104833271503,Staked ICX,0.0864004875,sICX,0,1,2025-03-04
cx2609b924e33ef00b648a409245c7ea394c467824,hx4f56b2b11cf299e00b640a10dddc2fac260004b7,cx43e2eec79eb76293c298f2b17aec06097be606e0,0xea0d56f92a8ecdf731e,0x1477892ae752b73db8ba040828e6bcb6d862c795b513a9c8976ea052422097c0,0,94212015,69079.98948447529,1741104833271503,Staked ICX,0.0864004875,sICX,0,1,2025-03-04
cx2609b924e33ef00b648a409245c7ea394c467824,cx43e2eec79eb76293c298f2b17aec06097be606e0,hx0000000000000000000000000000000000000000,0x3100970a9ea69f4a35,0x86bd0a718b7decbc219b8a25b9483a667ba5f07af5326a64c3db0e1cb0c25802,1,94211995,903.9329740097679,1741104793300139,Staked ICX,0.086389475,sICX,0,1,2025-03-04
cx2609b924e33ef00b648a409245c7ea394c467824,hx14125b7587333c8d62bb9e11a875021e38d5b73b,cx43e2eec79eb76293c298f2b17aec06097be606e0,0x3100970a9ea69f4a35,0x86bd0a718b7decbc219b8a25b9483a667ba5f07af5326a64c3db0e1cb0c25802,0,94211995,903.9329740097679,1741104793300139,Staked ICX,0.086389475,sICX,0,1,2025-03-04
cx7baf94bd53b505353285ee4c4c050f9703581703,hxa8636b1f6cc17d1e384f72f376ad2dc0097ef338,hx0000000000000000000000000000000000000000,0x0,0x1db9d7143426ad784da5cb84b0f73c2595fda00963e7eb9c75c992eb89672968,6,94211991,0.0,1741104785134645,unknown_token,0.063869025,$unknown,16,1,2025-03-04
cx7baf94bd53b505353285ee4c4c050f9703581703,hxa8636b1f6cc17d1e384f72f376ad2dc0097ef338,hx0000000000000000000000000000000000000000,0x0,0x1db9d7143426ad784da5cb84b0f73c2595fda00963e7eb9c75c992eb89672968,5,94211991,0.0,1741104785134645,unknown_token,0.063869025,$unknown,25,1,2025-03-04
cx7baf94bd53b505353285ee4c4c050f9703581703,hxa8636b1f6cc17d1e384f72f376ad2dc0097ef338,hx0000000000000000000000000000000000000000,0x0,0x1db9d7143426ad784da5cb84b0f73c2595fda00963e7eb9c75c992eb89672968,4,94211991,0.0,1741104785134645,unknown_token,0.063869025,$unknown,10,1,2025-03-04
cx53f8ccd5426534f82cf10cb742de033e51da72fc,hxa8636b1f6cc17d1e384f72f376ad2dc0097ef338,hx0000000000000000000000000000000000000000,0x0,0x1db9d7143426ad784da5cb84b0f73c2595fda00963e7eb9c75c992eb89672968,0,94211991,0.0,1741104785134645,unknown_token,0.063869025,$unknown,3,1,2025-03-04
cx2609b924e33ef00b648a409245c7ea394c467824,hx279426eda879e73463c915f40fe78ec396cf09fb,cxa0af3165c08318e988cb30993b3048335b94af6c,0x10676222697e045cad66,0x5fc5427bb192e23cd2afd52e81322a7c7304a6be1485102fa1c9098a42c008a2,0,94211977,77464.94969586129,1741104757123254,Staked ICX,0.0312453625,sICX,0,1,2025-03-04
cx6139a27c15f1653471ffba0b4b88dc15de7e3267,hxa8636b1f6cc17d1e384f72f376ad2dc0097ef338,hx5b24217047526bd1c9475ddc7e10f93325dd2322,0x3d79694fcf7cf80000,0xcf1252d91c238d2514761c04aa151a056767aff37b97b5f2209d119304ef8edd,0,94211974,1134.0,1741104751121339,GangstaBet Token,0.00303385,GBET,0,1,2025-03-04
cx3975b43d260fb8ec802cef6e60c2f4d07486f11d,hx279426eda879e73463c915f40fe78ec396cf09fb,cxa0af3165c08318e988cb30993b3048335b94af6c,0x152c6b0297ab2a13ac4f,0xe795c472c45ee995853b13f31efe8789997f02a6d6311e9957fc509b37ffd159,1,94211972,99989.06377177918,1741104747339555,Wrapped ICX,0.0165837125,wICX,0,1,2025-03-04
cx3975b43d260fb8ec802cef6e60c2f4d07486f11d,hx0000000000000000000000000000000000000000,hx279426eda879e73463c915f40fe78ec396cf09fb,0x152c6b0297ab2a13ac4f,0xe795c472c45ee995853b13f31efe8789997f02a6d6311e9957fc509b37ffd159,0,94211972,99989.06377177918,1741104747339555,Wrapped ICX,0.0165837125,wICX,0,1,2025-03-04
cxf61cd5a45dc9f91c15aa65831a30a90d59a09619,cx10d59e8103ab44635190bd4139dbfd682fa2d07e,hx14125b7587333c8d62bb9e11a875021e38d5b73b,0x6e39f4a6513d7c5d,0xdaa6c4fccf1b54d9a79cd01501edd461a5a36009e732b48f865706b02d34c356,3,94211971,7.942648413009313,1741104745119281,Balance Token,0.07177175,BALN,0,1,2025-03-04
cx2609b924e33ef00b648a409245c7ea394c467824,cx10d59e8103ab44635190bd4139dbfd682fa2d07e,hx14125b7587333c8d62bb9e11a875021e38d5b73b,0x11978da6baa4f1a29d,0xdaa6c4fccf1b54d9a79cd01501edd461a5a36009e732b48f865706b02d34c356,1,94211971,324.5152172450671,1741104745119281,Staked ICX,0.07177175,sICX,0,1,2025-03-04
cx6139a27c15f1653471ffba0b4b88dc15de7e3267,hx0000000000000000000000000000000000000000,hxa8636b1f6cc17d1e384f72f376ad2dc0097ef338,0x3d79694fcf7cf80000,0x1f3e1309e2f5019449e7d8034698e1c36d76a7c9329e19ec0caffebfcb46ded2,0,94211963,1134.0,1741104729113326,GangstaBet Token,0.0128164125,GBET,0,1,2025-03-04
cx2609b924e33ef00b648a409245c7ea394c467824,cx21e94c08c03daee80c25d8ee3ea22a20786ec231,hx14125b7587333c8d62bb9e11a875021e38d5b73b,0x1f690963e401ada797,0x607386b088a3de8d3d54e2fcd4fc4c753e82c69f798b41b5fff70f3cde128296,6,94211955,579.4177567647008,1741104713108197,Staked ICX,0.091678575,sICX,0,2,2025-03-04
cx2609b924e33ef00b648a409245c7ea394c467824,cxa0af3165c08318e988cb30993b3048335b94af6c,cx5faae53c4dbd1fbe4a2eb4aab6565030f10da5c6,0xc1875fb4733dbd8,0x607386b088a3de8d3d54e2fcd4fc4c753e82c69f798b41b5fff70f3cde128296,4,94211955,0.871576249988013,1741104713108197,Staked ICX,0.091678575,sICX,0,2,2025-03-04
cx2609b924e33ef00b648a409245c7ea394c467824,cxa0af3165c08318e988cb30993b3048335b94af6c,cx21e94c08c03daee80c25d8ee3ea22a20786ec231,0x1f690963e401ada797,0x607386b088a3de8d3d54e2fcd4fc4c753e82c69f798b41b5fff70f3cde128296,3,94211955,579.4177567647008,1741104713108197,Staked ICX,0.091678575,sICX,0,2,2025-03-04
cx3975b43d260fb8ec802cef6e60c2f4d07486f11d,cx21e94c08c03daee80c25d8ee3ea22a20786ec231,cxa0af3165c08318e988cb30993b3048335b94af6c,0x28a857425466f80000,0x607386b088a3de8d3d54e2fcd4fc4c753e82c69f798b41b5fff70f3cde128296,2,94211955,750.0,1741104713108197,Wrapped ICX,0.091678575,wICX,0,2,2025-03-04
cx3975b43d260fb8ec802cef6e60c2f4d07486f11d,hx14125b7587333c8d62bb9e11a875021e38d5b73b,cx21e94c08c03daee80c25d8ee3ea22a20786ec231,0x28a857425466f80000,0x607386b088a3de8d3d54e2fcd4fc4c753e82c69f798b41b5fff70f3cde128296,1,94211955,750.0,1741104713108197,Wrapped ICX,0.091678575,wICX,0,2,2025-03-04
cx3975b43d260fb8ec802cef6e60c2f4d07486f11d,hx0000000000000000000000000000000000000000,hx14125b7587333c8d62bb9e11a875021e38d5b73b,0x28a857425466f80000,0x607386b088a3de8d3d54e2fcd4fc4c753e82c69f798b41b5fff70f3cde128296,0,94211955,750.0,1741104713108197,Wrapped ICX,0.091678575,wICX,0,2,2025-03-04
cx2609b924e33ef00b648a409245c7ea394c467824,cxa0af3165c08318e988cb30993b3048335b94af6c,hx279426eda879e73463c915f40fe78ec396cf09fb,0x109a4207075dbedc2001,0x757ac8cb22de912a6dcc2ca2ac2d473aa84f0a89b6a815ac8a1c97e7aa63a335,1,94211955,78403.42009289615,1741104713108197,Staked ICX,0.0347373125,sICX,0,1,2025-03-04
cx6139a27c15f1653471ffba0b4b88dc15de7e3267,hxd0a83d020210a6dbdce719426ddbb24bcb004aa1,hx5b24217047526bd1c9475ddc7e10f93325dd2322,0x3e1ff1e03b55a80000,0x5b685790727f9ea989078b7323166377a8b41da7e25e8a908a04a08339997456,0,94211940,1146.0,1741104683218762,GangstaBet Token,0.00303385,GBET,0,1,2025-03-04
cx66a031cc3bd305c76371fb586e93801b948254f0,hx0000000000000000000000000000000000000000,hxd75467e3e4ce64e3424c747dfb71503017440433,0x270471fa863406a7c,0x2d87b60f2f70dde6d4ec3f610cb385b273330be079989406c44bb061621cb6e3,1,94211935,44.98395821109362,1741104673125102,Avalanche,0.0237590375,AVAX,0,1,2025-03-04
cx3975b43d260fb8ec802cef6e60c2f4d07486f11d,hx279426eda879e73463c915f40fe78ec396cf09fb,hx0000000000000000000000000000000000000000,0x14b4bec4205524ae4148,0x4aed928149f548b4f1c9371ee4d69c5e248736b221ef4e461e78c4e3bd4954ad,2,94211931,97781.48973817333,1741104665109541,Wrapped ICX,0.019098125,wICX,0,1,2025-03-04
cx3975b43d260fb8ec802cef6e60c2f4d07486f11d,cxa0af3165c08318e988cb30993b3048335b94af6c,hx279426eda879e73463c915f40fe78ec396cf09fb,0x14b4bec4205524ae4148,0x4aed928149f548b4f1c9371ee4d69c5e248736b221ef4e461e78c4e3bd4954ad,1,94211931,97781.48973817333,1741104665109541,Wrapped ICX,0.019098125,wICX,0,1,2025-03-04
cx88fd7df7ddff82f7cc735c871dc519838cb235bb,cx21e94c08c03daee80c25d8ee3ea22a20786ec231,hx2debd9ec927cca1639da8d3518dd9dbf1cdfb357,0x163780a121d23bf451,0x88f6e287d1158b1499faa3d07b5ff0390c7858a17d7ed2cb78e3e227054249bc,5,94211925,409.8277432573483,1741104653308105,Balanced Dollar,0.0787010875,bnUSD,0,4,2025-03-04
cx88fd7df7ddff82f7cc735c871dc519838cb235bb,cxa0af3165c08318e988cb30993b3048335b94af6c,cx5faae53c4dbd1fbe4a2eb4aab6565030f10da5c6,0x888bd48b1ce97dd,0x88f6e287d1158b1499faa3d07b5ff0390c7858a17d7ed2cb78e3e227054249bc,3,94211925,0.6149494690544742,1741104653308105,Balanced Dollar,0.0787010875,bnUSD,0,4,2025-03-04
cx88fd7df7ddff82f7cc735c871dc519838cb235bb,cxa0af3165c08318e988cb30993b3048335b94af6c,cx21e94c08c03daee80c25d8ee3ea22a20786ec231,0x163780a121d23bf451,0x88f6e287d1158b1499faa3d07b5ff0390c7858a17d7ed2cb78e3e227054249bc,2,94211925,409.8277432573483,1741104653308105,Balanced Dollar,0.0787010875,bnUSD,0,4,2025-03-04
cx65c9e3d4fea842e00add0d32a5b4c5e4e04c7a6b,cx21e94c08c03daee80c25d8ee3ea22a20786ec231,cxa0af3165c08318e988cb30993b3048335b94af6c,0xb2d05e00,0x88f6e287d1158b1499faa3d07b5ff0390c7858a17d7ed2cb78e3e227054249bc,1,94211925,3.0,1741104653308105,Solana,0.0787010875,SOL,0,4,2025-03-04
cx65c9e3d4fea842e00add0d32a5b4c5e4e04c7a6b,hx2debd9ec927cca1639da8d3518dd9dbf1cdfb357,cx21e94c08c03daee80c25d8ee3ea22a20786ec231,0xb2d05e00,0x88f6e287d1158b1499faa3d07b5ff0390c7858a17d7ed2cb78e3e227054249bc,0,94211925,3.0,1741104653308105,Solana,0.0787010875,SOL,0,4,2025-03-04
cx22319ac7f412f53eabe3c9827acf5e27e9c6a95f,cx21e94c08c03daee80c25d8ee3ea22a20786ec231,hx0000000000000000000000000000000000000000,0xf053700,0xabb82c90a87505debfc660ff018d00646a2e040f90f3b715dad922fd34b085bd,5,94211921,252.0,1741104645082241,USDC,0.0706025625,USDC,0,1,2025-03-04
cx22319ac7f412f53eabe3c9827acf5e27e9c6a95f,hx0000000000000000000000000000000000000000,cx21e94c08c03daee80c25d8ee3ea22a20786ec231,0xf053700,0xabb82c90a87505debfc660ff018d00646a2e040f90f3b715dad922fd34b085bd,1,94211921,252.0,1741104645082241,USDC,0.0706025625,USDC,0,1,2025-03-04
cx2609b924e33ef00b648a409245c7ea394c467824,cx21e94c08c03daee80c25d8ee3ea22a20786ec231,hx4f56b2b11cf299e00b640a10dddc2fac260004b7,0x218478ecfbb69ae587,0x49ad61115784f56016196129cd6fb886b6a97c88c1ada6655102bd81ad6ce452,6,94211909,618.2881944084716,1741104621075013,Staked ICX,0.0916583875,sICX,0,2,2025-03-04
cx2609b924e33ef00b648a409245c7ea394c467824,cxa0af3165c08318e988cb30993b3048335b94af6c,cx5faae53c4dbd1fbe4a2eb4aab6565030f10da5c6,0xce8256135bfd8f1,0x49ad61115784f56016196129cd6fb886b6a97c88c1ada6655102bd81ad6ce452,4,94211909,0.9300344224958282,1741104621075013,Staked ICX,0.0916583875,sICX,0,2,2025-03-04
cx2609b924e33ef00b648a409245c7ea394c467824,cxa0af3165c08318e988cb30993b3048335b94af6c,cx21e94c08c03daee80c25d8ee3ea22a20786ec231,0x218478ecfbb69ae587,0x49ad61115784f56016196129cd6fb886b6a97c88c1ada6655102bd81ad6ce452,3,94211909,618.2881944084716,1741104621075013,Staked ICX,0.0916583875,sICX,0,2,2025-03-04
cx3975b43d260fb8ec802cef6e60c2f4d07486f11d,cx21e94c08c03daee80c25d8ee3ea22a20786ec231,cxa0af3165c08318e988cb30993b3048335b94af6c,0x2b5e3af16b18800000,0x49ad61115784f56016196129cd6fb886b6a97c88c1ada6655102bd81ad6ce452,2,94211909,800.0,1741104621075013,Wrapped ICX,0.0916583875,wICX,0,2,2025-03-04
cx3975b43d260fb8ec802cef6e60c2f4d07486f11d,hx4f56b2b11cf299e00b640a10dddc2fac260004b7,cx21e94c08c03daee80c25d8ee3ea22a20786ec231,0x2b5e3af16b18800000,0x49ad61115784f56016196129cd6fb886b6a97c88c1ada6655102bd81ad6ce452,1,94211909,800.0,1741104621075013,Wrapped ICX,0.0916583875,wICX,0,2,2025-03-04
cx3975b43d260fb8ec802cef6e60c2f4d07486f11d,hx0000000000000000000000000000000000000000,hx4f56b2b11cf299e00b640a10dddc2fac260004b7,0x2b5e3af16b18800000,0x49ad61115784f56016196129cd6fb886b6a97c88c1ada6655102bd81ad6ce452,0,94211909,800.0,1741104621075013,Wrapped ICX,0.0916583875,wICX,0,2,2025-03-04
cx7baf94bd53b505353285ee4c4c050f9703581703,hxd0a83d020210a6dbdce719426ddbb24bcb004aa1,hx0000000000000000000000000000000000000000,0x0,0xa3bfaf6775481309cf387b982508f78fa3e6888e636a364e7f9bbea11775dbc4,6,94211909,0.0,1741104621075013,unknown_token,0.06464675,$unknown,27,1,2025-03-04
cx7baf94bd53b505353285ee4c4c050f9703581703,hxd0a83d020210a6dbdce719426ddbb24bcb004aa1,hx0000000000000000000000000000000000000000,0x0,0xa3bfaf6775481309cf387b982508f78fa3e6888e636a364e7f9bbea11775dbc4,5,94211909,0.0,1741104621075013,unknown_token,0.06464675,$unknown,30,1,2025-03-04
cx7baf94bd53b505353285ee4c4c050f9703581703,hxd0a83d020210a6dbdce719426ddbb24bcb004aa1,hx0000000000000000000000000000000000000000,0x0,0xa3bfaf6775481309cf387b982508f78fa3e6888e636a364e7f9bbea11775dbc4,4,94211909,0.0,1741104621075013,unknown_token,0.06464675,$unknown,21,1,2025-03-04
cx53f8ccd5426534f82cf10cb742de033e51da72fc,hxd0a83d020210a6dbdce719426ddbb24bcb004aa1,hx0000000000000000000000000000000000000000,0x0,0xa3bfaf6775481309cf387b982508f78fa3e6888e636a364e7f9bbea11775dbc4,0,94211909,0.0,1741104621075013,unknown_token,0.06464675,$unknown,1,1,2025-03-04
cx6139a27c15f1653471ffba0b4b88dc15de7e3267,hx0000000000000000000000000000000000000000,hxd0a83d020210a6dbdce719426ddbb24bcb004aa1,0x3e1ff1e03b55a80000,0xbc269c40b147b85fdadc7f8aa7f7892752421309b3932b9bc69e9f773cc01814,0,94211894,1146.0,1741104591255669,GangstaBet Token,0.0128164125,GBET,0,1,2025-03-04
cx2609b924e33ef00b648a409245c7ea394c467824,cx21e94c08c03daee80c25d8ee3ea22a20786ec231,hx4f56b2b11cf299e00b640a10dddc2fac260004b7,0x1a41e8678a2549652c3,0xb53ded9df2965d57e9cd0019b2fb11cb0e85192c47cf6728300feca74fc17cf3,6,94211886,7749.832089064628,1741104575125911,Staked ICX,0.09168945,sICX,0,1,2025-03-04
cx2609b924e33ef00b648a409245c7ea394c467824,cxa0af3165c08318e988cb30993b3048335b94af6c,cx5faae53c4dbd1fbe4a2eb4aab6565030f10da5c6,0xa166b450201a368e,0xb53ded9df2965d57e9cd0019b2fb11cb0e85192c47cf6728300feca74fc17cf3,4,94211886,11.630181343959856,1741104575125911,Staked ICX,0.09168945,sICX,0,1,2025-03-04
cx2609b924e33ef00b648a409245c7ea394c467824,cxa0af3165c08318e988cb30993b3048335b94af6c,cx21e94c08c03daee80c25d8ee3ea22a20786ec231,0x1a41e8678a2549652c3,0xb53ded9df2965d57e9cd0019b2fb11cb0e85192c47cf6728300feca74fc17cf3,3,94211886,7749.832089064628,1741104575125911,Staked ICX,0.09168945,sICX,0,1,2025-03-04
cx3975b43d260fb8ec802cef6e60c2f4d07486f11d,cx21e94c08c03daee80c25d8ee3ea22a20786ec231,cxa0af3165c08318e988cb30993b3048335b94af6c,0x21e19e0c9bab2400000,0xb53ded9df2965d57e9cd0019b2fb11cb0e85192c47cf6728300feca74fc17cf3,2,94211886,10000.0,1741104575125911,Wrapped ICX,0.09168945,wICX,0,1,2025-03-04
cx3975b43d260fb8ec802cef6e60c2f4d07486f11d,hx4f56b2b11cf299e00b640a10dddc2fac260004b7,cx21e94c08c03daee80c25d8ee3ea22a20786ec231,0x21e19e0c9bab2400000,0xb53ded9df2965d57e9cd0019b2fb11cb0e85192c47cf6728300feca74fc17cf3,1,94211886,10000.0,1741104575125911,Wrapped ICX,0.09168945,wICX,0,1,2025-03-04
cx3975b43d260fb8ec802cef6e60c2f4d07486f11d,hx0000000000000000000000000000000000000000,hx4f56b2b11cf299e00b640a10dddc2fac260004b7,0x21e19e0c9bab2400000,0xb53ded9df2965d57e9cd0019b2fb11cb0e85192c47cf6728300feca74fc17cf3,0,94211886,10000.0,1741104575125911,Wrapped ICX,0.09168945,wICX,0,1,2025-03-04
cxf61cd5a45dc9f91c15aa65831a30a90d59a09619,cx9345f80d6c98357ccbb70392b14162199c2c5f66,cxd82fb5d3effecd8c9071a4bba3856ad7222c4b91,0x1dc01832d0e210,0xf1f78f72774549ef93ea4a5ea4f340dcdea393c7d2368113f6824e97756ff46f,4,94211876,0.00837398448890728,1741104555051932,Balance Token,0.130627925,BALN,0,1,2025-03-04
cx2609b924e33ef00b648a409245c7ea394c467824,cx9345f80d6c98357ccbb70392b14162199c2c5f66,cxd82fb5d3effecd8c9071a4bba3856ad7222c4b91,0x20b9b619f0218e1,0xf1f78f72774549ef93ea4a5ea4f340dcdea393c7d2368113f6824e97756ff46f,3,94211876,0.14738225640152086,1741104555051932,Staked ICX,0.130627925,sICX,0,1,2025-03-04
cx88fd7df7ddff82f7cc735c871dc519838cb235bb,hx0000000000000000000000000000000000000000,cx5faae53c4dbd1fbe4a2eb4aab6565030f10da5c6,0x0,0xf1f78f72774549ef93ea4a5ea4f340dcdea393c7d2368113f6824e97756ff46f,2,94211876,0.0,1741104555051932,Balanced Dollar,0.130627925,bnUSD,0,1,2025-03-04
cx88fd7df7ddff82f7cc735c871dc519838cb235bb,hx0000000000000000000000000000000000000000,cxd82fb5d3effecd8c9071a4bba3856ad7222c4b91,0x5358930f2fb67b,0xf1f78f72774549ef93ea4a5ea4f340dcdea393c7d2368113f6824e97756ff46f,1,94211876,0.023459811705206394,1741104555051932,Balanced Dollar,0.130627925,bnUSD,0,1,2025-03-04
cx88fd7df7ddff82f7cc735c871dc519838cb235bb,hx279426eda879e73463c915f40fe78ec396cf09fb,cxd82fb5d3effecd8c9071a4bba3856ad7222c4b91,0xea0e44c514a58dbc6be,0xf1f78f72774549ef93ea4a5ea4f340dcdea393c7d2368113f6824e97756ff46f,0,94211876,69081.0604248872,1741104555051932,Balanced Dollar,0.130627925,bnUSD,0,1,2025-03-04
cxf61cd5a45dc9f91c15aa65831a30a90d59a09619,cxd82fb5d3effecd8c9071a4bba3856ad7222c4b91,hx2795b422d55c51caa27f5c6397561e73d73e8bff,0xfa1a6716bd2bbc1,0xa35668c676a7b83eea465ae4f37d99ae48ac9ef99c9f3d72a3dc358649ae31dd,6,94211871,1.1263643878898226,1741104545049869,Balance Token,0.1606489125,BALN,0,1,2025-03-04
cx88fd7df7ddff82f7cc735c871dc519838cb235bb,cxd82fb5d3effecd8c9071a4bba3856ad7222c4b91,hx2795b422d55c51caa27f5c6397561e73d73e8bff,0x2c69b6c6ee11dee7,0xa35668c676a7b83eea465ae4f37d99ae48ac9ef99c9f3d72a3dc358649ae31dd,5,94211871,3.2002899757373764,1741104545049869,Balanced Dollar,0.1606489125,bnUSD,0,1,2025-03-04
cx2609b924e33ef00b648a409245c7ea394c467824,cxd82fb5d3effecd8c9071a4bba3856ad7222c4b91,hx2795b422d55c51caa27f5c6397561e73d73e8bff,0x11326dcf634d8a172,0xa35668c676a7b83eea465ae4f37d99ae48ac9ef99c9f3d72a3dc358649ae31dd,4,94211871,19.826777359551865,1741104545049869,Staked ICX,0.1606489125,sICX,0,1,2025-03-04
cxf61cd5a45dc9f91c15aa65831a30a90d59a09619,cx9345f80d6c98357ccbb70392b14162199c2c5f66,cxd82fb5d3effecd8c9071a4bba3856ad7222c4b91,0xc45a394f62a0d0,0xa35668c676a7b83eea465ae4f37d99ae48ac9ef99c9f3d72a3dc358649ae31dd,3,94211871,0.055268297626788046,1741104545049869,Balance Token,0.1606489125,BALN,0,1,2025-03-04
cx2609b924e33ef00b648a409245c7ea394c467824,cx9345f80d6c98357ccbb70392b14162199c2c5f66,cxd82fb5d3effecd8c9071a4bba3856ad7222c4b91,0xd7fce5119743dcd,0xa35668c676a7b83eea465ae4f37d99ae48ac9ef99c9f3d72a3dc358649ae31dd,2,94211871,0.9727228922500377,1741104545049869,Staked ICX,0.1606489125,sICX,0,1,2025-03-04
cx88fd7df7ddff82f7cc735c871dc519838cb235bb,hx0000000000000000000000000000000000000000,cx5faae53c4dbd1fbe4a2eb4aab6565030f10da5c6,0x0,0xa35668c676a7b83eea465ae4f37d99ae48ac9ef99c9f3d72a3dc358649ae31dd,1,94211871,0.0,1741104545049869,Balanced Dollar,0.1606489125,bnUSD,0,1,2025-03-04
cx88fd7df7ddff82f7cc735c871dc519838cb235bb,hx0000000000000000000000000000000000000000,cxd82fb5d3effecd8c9071a4bba3856ad7222c4b91,0x2262e120133ba65,0xa35668c676a7b83eea465ae4f37d99ae48ac9ef99c9f3d72a3dc358649ae31dd,0,94211871,0.15486189205531709,1741104545049869,Balanced Dollar,0.1606489125,bnUSD,0,1,2025-03-04
cx88fd7df7ddff82f7cc735c871dc519838cb235bb,cxa0af3165c08318e988cb30993b3048335b94af6c,cx5faae53c4dbd1fbe4a2eb4aab6565030f10da5c6,0xe344a241974cdf,0xc475246e998f676276a7404d22ecd7825b5809287e943094bda0b27b8d56c906,2,94211853,0.06397028338914429,1741104509035142,Balanced Dollar,0.056943025,bnUSD,0,1,2025-03-04
cx88fd7df7ddff82f7cc735c871dc519838cb235bb,cxa0af3165c08318e988cb30993b3048335b94af6c,hxd75467e3e4ce64e3424c747dfb71503017440433,0x24e34f1e06d6d53c6,0xc475246e998f676276a7404d22ecd7825b5809287e943094bda0b27b8d56c906,1,94211853,42.528883127377284,1741104509035142,Balanced Dollar,0.056943025,bnUSD,0,1,2025-03-04
cx4297f4b63262507623b6ad575d0d8dd2db980e4e,hxd75467e3e4ce64e3424c747dfb71503017440433,cxa0af3165c08318e988cb30993b3048335b94af6c,0x3782dace9d900000,0xc475246e998f676276a7404d22ecd7825b5809287e943094bda0b27b8d56c906,0,94211853,4.0,1741104509035142,Injective,0.056943025,INJ,0,1,2025-03-04
cx7baf94bd53b505353285ee4c4c050f9703581703,hxb33277da12b730e86eb1dfab4edf833d8981567a,hx0000000000000000000000000000000000000000,0x0,0xe598db9fef075cbfa97f2855472e3504cb0eb42ee9b4b59c04a16041550022d7,6,94211852,0.0,1741104507034591,unknown_token,0.0637142125,$unknown,1,1,2025-03-04
cx7baf94bd53b505353285ee4c4c050f9703581703,hxb33277da12b730e86eb1dfab4edf833d8981567a,hx0000000000000000000000000000000000000000,0x0,0xe598db9fef075cbfa97f2855472e3504cb0eb42ee9b4b59c04a16041550022d7,5,94211852,0.0,1741104507034591,unknown_token,0.0637142125,$unknown,26,1,2025-03-04
cx7baf94bd53b505353285ee4c4c050f9703581703,hxb33277da12b730e86eb1dfab4edf833d8981567a,hx0000000000000000000000000000000000000000,0x0,0xe598db9fef075cbfa97f2855472e3504cb0eb42ee9b4b59c04a16041550022d7,4,94211852,0.0,1741104507034591,unknown_token,0.0637142125,$unknown,30,1,2025-03-04
cx53f8ccd5426534f82cf10cb742de033e51da72fc,hxb33277da12b730e86eb1dfab4edf833d8981567a,hx0000000000000000000000000000000000000000,0x0,0xe598db9fef075cbfa97f2855472e3504cb0eb42ee9b4b59c04a16041550022d7,0,94211852,0.0,1741104507034591,unknown_token,0.0637142125,$unknown,6,1,2025-03-04
cx88fd7df7ddff82f7cc735c871dc519838cb235bb,cx21e94c08c03daee80c25d8ee3ea22a20786ec231,hx2debd9ec927cca1639da8d3518dd9dbf1cdfb357,0x1153656b72c5b0f7ec,0x6d70be12bdc29984562470c388258e05857885a9ad0fc41b40c818dab55e4cf1,5,94211847,319.60397667154535,1741104497230910,Balanced Dollar,0.088410925,bnUSD,0,1,2025-03-04
cx88fd7df7ddff82f7cc735c871dc519838cb235bb,cxa0af3165c08318e988cb30993b3048335b94af6c,cx5faae53c4dbd1fbe4a2eb4aab6565030f10da5c6,0x6a9503827ad8927,0x6d70be12bdc29984562470c388258e05857885a9ad0fc41b40c818dab55e4cf1,3,94211847,0.4800030374057434,1741104497230910,Balanced Dollar,0.088410925,bnUSD,0,1,2025-03-04
cx88fd7df7ddff82f7cc735c871dc519838cb235bb,cxa0af3165c08318e988cb30993b3048335b94af6c,cx21e94c08c03daee80c25d8ee3ea22a20786ec231,0x1153656b72c5b0f7ec,0x6d70be12bdc29984562470c388258e05857885a9ad0fc41b40c818dab55e4cf1,2,94211847,319.60397667154535,1741104497230910,Balanced Dollar,0.088410925,bnUSD,0,1,2025-03-04
cx4297f4b63262507623b6ad575d0d8dd2db980e4e,cx21e94c08c03daee80c25d8ee3ea22a20786ec231,cxa0af3165c08318e988cb30993b3048335b94af6c,0x1a055690d9db80000,0x6d70be12bdc29984562470c388258e05857885a9ad0fc41b40c818dab55e4cf1,1,94211847,30.0,1741104497230910,Injective,0.088410925,INJ,0,1,2025-03-04
cx4297f4b63262507623b6ad575d0d8dd2db980e4e,hx2debd9ec927cca1639da8d3518dd9dbf1cdfb357,cx21e94c08c03daee80c25d8ee3ea22a20786ec231,0x1a055690d9db80000,0x6d70be12bdc29984562470c388258e05857885a9ad0fc41b40c818dab55e4cf1,0,94211847,30.0,1741104497230910,Injective,0.088410925,INJ,0,1,2025-03-04
cx2609b924e33ef00b648a409245c7ea394c467824,cx21e94c08c03daee80c25d8ee3ea22a20786ec231,hx4f56b2b11cf299e00b640a10dddc2fac260004b7,0x1a641f64cef2332118a,0xb7a5c56c26defea6933ca95b9b41f5f591af870147836a8c78d34424cc684c8f,6,94211844,7789.279070152138,1741104491218479,Staked ICX,0.09168945,sICX,0,1,2025-03-04
cx2609b924e33ef00b648a409245c7ea394c467824,cxa0af3165c08318e988cb30993b3048335b94af6c,cx5faae53c4dbd1fbe4a2eb4aab6565030f10da5c6,0xa238c014d518c102,0xb7a5c56c26defea6933ca95b9b41f5f591af870147836a8c78d34424cc684c8f,4,94211844,11.68930402854717,1741104491218479,Staked ICX,0.09168945,sICX,0,1,2025-03-04
cx2609b924e33ef00b648a409245c7ea394c467824,cxa0af3165c08318e988cb30993b3048335b94af6c,cx21e94c08c03daee80c25d8ee3ea22a20786ec231,0x1a641f64cef2332118a,0xb7a5c56c26defea6933ca95b9b41f5f591af870147836a8c78d34424cc684c8f,3,94211844,7789.279070152138,1741104491218479,Staked ICX,0.09168945,sICX,0,1,2025-03-04
cx3975b43d260fb8ec802cef6e60c2f4d07486f11d,cx21e94c08c03daee80c25d8ee3ea22a20786ec231,cxa0af3165c08318e988cb30993b3048335b94af6c,0x21e19e0c9bab2400000,0xb7a5c56c26defea6933ca95b9b41f5f591af870147836a8c78d34424cc684c8f,2,94211844,10000.0,1741104491218479,Wrapped ICX,0.09168945,wICX,0,1,2025-03-04
cx3975b43d260fb8ec802cef6e60c2f4d07486f11d,hx4f56b2b11cf299e00b640a10dddc2fac260004b7,cx21e94c08c03daee80c25d8ee3ea22a20786ec231,0x21e19e0c9bab2400000,0xb7a5c56c26defea6933ca95b9b41f5f591af870147836a8c78d34424cc684c8f,1,94211844,10000.0,1741104491218479,Wrapped ICX,0.09168945,wICX,0,1,2025-03-04
cx3975b43d260fb8ec802cef6e60c2f4d07486f11d,hx0000000000000000000000000000000000000000,hx4f56b2b11cf299e00b640a10dddc2fac260004b7,0x21e19e0c9bab2400000,0xb7a5c56c26defea6933ca95b9b41f5f591af870147836a8c78d34424cc684c8f,0,94211844,10000.0,1741104491218479,Wrapped ICX,0.09168945,wICX,0,1,2025-03-04
cx88fd7df7ddff82f7cc735c871dc519838cb235bb,cx21e94c08c03daee80c25d8ee3ea22a20786ec231,hx2debd9ec927cca1639da8d3518dd9dbf1cdfb357,0x15650e72e3836900fc,0xac2fb5b500b74097d1357ee6b300b9216d9f82ab7b6e794450da0442715f076b,5,94211843,394.6635095168931,1741104489027903,Balanced Dollar,0.0883132375,bnUSD,0,1,2025-03-04
cx88fd7df7ddff82f7cc735c871dc519838cb235bb,cxa0af3165c08318e988cb30993b3048335b94af6c,cx5faae53c4dbd1fbe4a2eb4aab6565030f10da5c6,0x83a13deb59860ad,0xac2fb5b500b74097d1357ee6b300b9216d9f82ab7b6e794450da0442715f076b,3,94211843,0.5928081482029713,1741104489027903,Balanced Dollar,0.0883132375,bnUSD,0,1,2025-03-04
cx88fd7df7ddff82f7cc735c871dc519838cb235bb,cxa0af3165c08318e988cb30993b3048335b94af6c,cx21e94c08c03daee80c25d8ee3ea22a20786ec231,0x15650e72e3836900fc,0xac2fb5b500b74097d1357ee6b300b9216d9f82ab7b6e794450da0442715f076b,2,94211843,394.6635095168931,1741104489027903,Balanced Dollar,0.0883132375,bnUSD,0,1,2025-03-04
cx66a031cc3bd305c76371fb586e93801b948254f0,cx21e94c08c03daee80c25d8ee3ea22a20786ec231,cxa0af3165c08318e988cb30993b3048335b94af6c,0x1158e460913d00000,0xac2fb5b500b74097d1357ee6b300b9216d9f82ab7b6e794450da0442715f076b,1,94211843,20.0,1741104489027903,Avalanche,0.0883132375,AVAX,0,1,2025-03-04
cx66a031cc3bd305c76371fb586e93801b948254f0,hx2debd9ec927cca1639da8d3518dd9dbf1cdfb357,cx21e94c08c03daee80c25d8ee3ea22a20786ec231,0x1158e460913d00000,0xac2fb5b500b74097d1357ee6b300b9216d9f82ab7b6e794450da0442715f076b,0,94211843,20.0,1741104489027903,Avalanche,0.0883132375,AVAX,0,1,2025-03-04
cx6139a27c15f1653471ffba0b4b88dc15de7e3267,hxb33277da12b730e86eb1dfab4edf833d8981567a,hx5b24217047526bd1c9475ddc7e10f93325dd2322,0x3e1ff1e03b55a80000,0x9d59d37c8748687ea2ea93cb3b1492b7dd53b990279c0f7f0a12aa5c8b3944b1,0,94211839,1146.0,1741104481204354,GangstaBet Token,0.00303385,GBET,0,1,2025-03-04
cxf61cd5a45dc9f91c15aa65831a30a90d59a09619,cxd82fb5d3effecd8c9071a4bba3856ad7222c4b91,hxc1718c79947e0f673296218b5b23adbd9a3b38a8,0x61ed3bac991892d8,0x982b7e1800614ba7cb48201151eb22d671c966505651dfef29c829c84b72bd79,6,94211838,7.0563618036483735,1741104479024681,Balance Token,0.16064035,BALN,0,1,2025-03-04
cx88fd7df7ddff82f7cc735c871dc519838cb235bb,cxd82fb5d3effecd8c9071a4bba3856ad7222c4b91,hxc1718c79947e0f673296218b5b23adbd9a3b38a8,0x1154eaf1bd27ff14e,0x982b7e1800614ba7cb48201151eb22d671c966505651dfef29c829c84b72bd79,5,94211838,19.982101130720046,1741104479024681,Balanced Dollar,0.16064035,bnUSD,0,1,2025-03-04
cx2609b924e33ef00b648a409245c7ea394c467824,cxd82fb5d3effecd8c9071a4bba3856ad7222c4b91,hxc1718c79947e0f673296218b5b23adbd9a3b38a8,0x6bb72b01ab8805cdb,0x982b7e1800614ba7cb48201151eb22d671c966505651dfef29c829c84b72bd79,4,94211838,124.1875163035059,1741104479024681,Staked ICX,0.16064035,sICX,0,1,2025-03-04
cxf61cd5a45dc9f91c15aa65831a30a90d59a09619,cx9345f80d6c98357ccbb70392b14162199c2c5f66,cxd82fb5d3effecd8c9071a4bba3856ad7222c4b91,0x197354b378b163b0,0x982b7e1800614ba7cb48201151eb22d671c966505651dfef29c829c84b72bd79,3,94211838,1.8339026030706944,1741104479024681,Balance Token,0.16064035,BALN,0,1,2025-03-04
cx2609b924e33ef00b648a409245c7ea394c467824,cx9345f80d6c98357ccbb70392b14162199c2c5f66,cxd82fb5d3effecd8c9071a4bba3856ad7222c4b91,0x1bfedec8306cb487b,0x982b7e1800614ba7cb48201151eb22d671c966505651dfef29c829c84b72bd79,2,94211838,32.27671415193307,1741104479024681,Staked ICX,0.16064035,sICX,0,1,2025-03-04
cx88fd7df7ddff82f7cc735c871dc519838cb235bb,hx0000000000000000000000000000000000000000,cx5faae53c4dbd1fbe4a2eb4aab6565030f10da5c6,0x0,0x982b7e1800614ba7cb48201151eb22d671c966505651dfef29c829c84b72bd79,1,94211838,0.0,1741104479024681,Balanced Dollar,0.16064035,bnUSD,0,1,2025-03-04
cx88fd7df7ddff82f7cc735c871dc519838cb235bb,hx0000000000000000000000000000000000000000,cxd82fb5d3effecd8c9071a4bba3856ad7222c4b91,0x474f65f2b3767c1e,0x982b7e1800614ba7cb48201151eb22d671c966505651dfef29c829c84b72bd79,0,94211838,5.138437792920403,1741104479024681,Balanced Dollar,0.16064035,bnUSD,0,1,2025-03-04
cx6139a27c15f1653471ffba0b4b88dc15de7e3267,hx0000000000000000000000000000000000000000,hxb33277da12b730e86eb1dfab4edf833d8981567a,0x3e1ff1e03b55a80000,0x911e412a9004e6bbaa6fc086fd9d7ba71874673bcc0020616b33c688c6a0d9d7,0,94211830,1146.0,1741104463019298,GangstaBet Token,0.012759975,GBET,0,1,2025-03-04
cx22319ac7f412f53eabe3c9827acf5e27e9c6a95f,cx21e94c08c03daee80c25d8ee3ea22a20786ec231,hx0000000000000000000000000000000000000000,0x1dcd65000,0x3e062fe2d2330622e803ae53e3f1e6831b1ff775c360764f6fd7d8a16010faae,5,94211816,8000.0,1741104435010426,USDC,0.0719345875,USDC,0,1,2025-03-04
cx22319ac7f412f53eabe3c9827acf5e27e9c6a95f,hx0000000000000000000000000000000000000000,cx21e94c08c03daee80c25d8ee3ea22a20786ec231,0x1dcd65000,0x3e062fe2d2330622e803ae53e3f1e6831b1ff775c360764f6fd7d8a16010faae,1,94211816,8000.0,1741104435010426,USDC,0.0719345875,USDC,0,1,2025-03-04
cx53f8ccd5426534f82cf10cb742de033e51da72fc,hx8026678e3d08ba3203ce6161ee8e9e3b9793491f,hx8026678e3d08ba3203ce6161ee8e9e3b9793491f,0x0,0xdc3355ce72de039404f637796b918645497e6838478a9656702a9bfdf656e340,0,94211811,0.0,1741104425080023,unknown_token,0.004295375,$unknown,19,4,2025-03-04
cx2609b924e33ef00b648a409245c7ea394c467824,cxa0af3165c08318e988cb30993b3048335b94af6c,hx4f56b2b11cf299e00b640a10dddc2fac260004b7,0x3707889dafff316cd9d,0xbb792b9212480511d1b46375922364ee8669cdb6b4074d3851374a5ce39ecb09,6,94211796,16241.820499013596,1741104394996873,Staked ICX,0.05825615,sICX,0,1,2025-03-04
cx3975b43d260fb8ec802cef6e60c2f4d07486f11d,hx4f56b2b11cf299e00b640a10dddc2fac260004b7,hx0000000000000000000000000000000000000000,0x4641ded5d978d82dd7f,0xbb792b9212480511d1b46375922364ee8669cdb6b4074d3851374a5ce39ecb09,3,94211796,20736.296821551612,1741104394996873,Wrapped ICX,0.05825615,wICX,0,1,2025-03-04
cx3975b43d260fb8ec802cef6e60c2f4d07486f11d,cxa0af3165c08318e988cb30993b3048335b94af6c,hx4f56b2b11cf299e00b640a10dddc2fac260004b7,0x4641ded5d978d82dd7f,0xbb792b9212480511d1b46375922364ee8669cdb6b4074d3851374a5ce39ecb09,2,94211796,20736.296821551612,1741104394996873,Wrapped ICX,0.05825615,wICX,0,1,2025-03-04
cx88fd7df7ddff82f7cc735c871dc519838cb235bb,cxa0af3165c08318e988cb30993b3048335b94af6c,cx5faae53c4dbd1fbe4a2eb4aab6565030f10da5c6,0x1a6974dd33ae495,0xd843b3595f3548779c63f22930bb473aed11ac0d907bec82339a3bd60a4f479e,2,94211794,0.11894880068402498,1741104391197174,Balanced Dollar,0.05690865,bnUSD,0,1,2025-03-04
cx88fd7df7ddff82f7cc735c871dc519838cb235bb,cxa0af3165c08318e988cb30993b3048335b94af6c,hxd75467e3e4ce64e3424c747dfb71503017440433,0x4498df9a6aed7f5ee,0xd843b3595f3548779c63f22930bb473aed11ac0d907bec82339a3bd60a4f479e,1,94211794,79.08714312561642,1741104391197174,Balanced Dollar,0.05690865,bnUSD,0,1,2025-03-04
cx66a031cc3bd305c76371fb586e93801b948254f0,hxd75467e3e4ce64e3424c747dfb71503017440433,cxa0af3165c08318e988cb30993b3048335b94af6c,0x3782dace9d900000,0xd843b3595f3548779c63f22930bb473aed11ac0d907bec82339a3bd60a4f479e,0,94211794,4.0,1741104391197174,Avalanche,0.05690865,AVAX,0,1,2025-03-04
cx88fd7df7ddff82f7cc735c871dc519838cb235bb,cx21e94c08c03daee80c25d8ee3ea22a20786ec231,hx2debd9ec927cca1639da8d3518dd9dbf1cdfb357,0x1351c0168d34539fe4,0xeb52ddd6be4c5e2a899c65ab1fb4a808a919ac6d7dd5c0e5307a15344330017d,5,94211791,356.3788705088062,1741104384993904,Balanced Dollar,0.078689275,bnUSD,0,1,2025-03-04
cx88fd7df7ddff82f7cc735c871dc519838cb235bb,cxa0af3165c08318e988cb30993b3048335b94af6c,cx5faae53c4dbd1fbe4a2eb4aab6565030f10da5c6,0x76ddc45f43e5ffc,0xeb52ddd6be4c5e2a899c65ab1fb4a808a919ac6d7dd5c0e5307a15344330017d,3,94211791,0.5353261237355397,1741104384993904,Balanced Dollar,0.078689275,bnUSD,0,1,2025-03-04
cx88fd7df7ddff82f7cc735c871dc519838cb235bb,cxa0af3165c08318e988cb30993b3048335b94af6c,cx21e94c08c03daee80c25d8ee3ea22a20786ec231,0x1351c0168d34539fe4,0xeb52ddd6be4c5e2a899c65ab1fb4a808a919ac6d7dd5c0e5307a15344330017d,2,94211791,356.3788705088062,1741104384993904,Balanced Dollar,0.078689275,bnUSD,0,1,2025-03-04
cx508002ec116fbf3ab406329c0df28e70d7e75fb3,cx21e94c08c03daee80c25d8ee3ea22a20786ec231,cxa0af3165c08318e988cb30993b3048335b94af6c,0x22ecb25c00,0xeb52ddd6be4c5e2a899c65ab1fb4a808a919ac6d7dd5c0e5307a15344330017d,1,94211791,150.0,1741104384993904,Sui,0.078689275,SUI,0,1,2025-03-04
cx508002ec116fbf3ab406329c0df28e70d7e75fb3,hx2debd9ec927cca1639da8d3518dd9dbf1cdfb357,cx21e94c08c03daee80c25d8ee3ea22a20786ec231,0x22ecb25c00,0xeb52ddd6be4c5e2a899c65ab1fb4a808a919ac6d7dd5c0e5307a15344330017d,0,94211791,150.0,1741104384993904,Sui,0.078689275,SUI,0,1,2025-03-04
cxd17316e24ee40f2ef8ed6f3a497311db1b35206d,hx22a17e4d0c0eb128f8cdc5fcc90150bf43d224c3,hx22a17e4d0c0eb128f8cdc5fcc90150bf43d224c3,0x0,0x8ba980340632c8da8cb1f95efff529e9fd6064c63b46c7693c57be69d5c60250,7,94211768,0.0,1741104338975738,unknown_token,0.023594325,$unknown,55,1,2025-03-04
cx7baf94bd53b505353285ee4c4c050f9703581703,hx22a17e4d0c0eb128f8cdc5fcc90150bf43d224c3,hx0000000000000000000000000000000000000000,0x0,0x8ba980340632c8da8cb1f95efff529e9fd6064c63b46c7693c57be69d5c60250,6,94211768,0.0,1741104338975738,unknown_token,0.023594325,$unknown,21,1,2025-03-04
cx7baf94bd53b505353285ee4c4c050f9703581703,hx22a17e4d0c0eb128f8cdc5fcc90150bf43d224c3,hx0000000000000000000000000000000000000000,0x0,0x8ba980340632c8da8cb1f95efff529e9fd6064c63b46c7693c57be69d5c60250,5,94211768,0.0,1741104338975738,unknown_token,0.023594325,$unknown,21,1,2025-03-04
cx7baf94bd53b505353285ee4c4c050f9703581703,hx22a17e4d0c0eb128f8cdc5fcc90150bf43d224c3,hx0000000000000000000000000000000000000000,0x0,0x8ba980340632c8da8cb1f95efff529e9fd6064c63b46c7693c57be69d5c60250,4,94211768,0.0,1741104338975738,unknown_token,0.023594325,$unknown,22,1,2025-03-04
cx53f8ccd5426534f82cf10cb742de033e51da72fc,hx22a17e4d0c0eb128f8cdc5fcc90150bf43d224c3,hx0000000000000000000000000000000000000000,0x0,0x8ba980340632c8da8cb1f95efff529e9fd6064c63b46c7693c57be69d5c60250,0,94211768,0.0,1741104338975738,unknown_token,0.023594325,$unknown,9,1,2025-03-04
cx88fd7df7ddff82f7cc735c871dc519838cb235bb,cx21e94c08c03daee80c25d8ee3ea22a20786ec231,hx2debd9ec927cca1639da8d3518dd9dbf1cdfb357,0x13617b8df4515c1fe5,0xc8339706545485d7fb0a85a409ec0ffbec89e9ce71437046131f006b70971c1d,5,94211761,357.5125015247724,1741104325043343,Balanced Dollar,0.078693275,bnUSD,0,1,2025-03-04
cx88fd7df7ddff82f7cc735c871dc519838cb235bb,cxa0af3165c08318e988cb30993b3048335b94af6c,cx5faae53c4dbd1fbe4a2eb4aab6565030f10da5c6,0x773e7c781b9d29a,0xc8339706545485d7fb0a85a409ec0ffbec89e9ce71437046131f006b70971c1d,3,94211761,0.5370276246481681,1741104325043343,Balanced Dollar,0.078693275,bnUSD,0,1,2025-03-04
cx88fd7df7ddff82f7cc735c871dc519838cb235bb,cxa0af3165c08318e988cb30993b3048335b94af6c,cx21e94c08c03daee80c25d8ee3ea22a20786ec231,0x13617b8df4515c1fe5,0xc8339706545485d7fb0a85a409ec0ffbec89e9ce71437046131f006b70971c1d,2,94211761,357.5125015247724,1741104325043343,Balanced Dollar,0.078693275,bnUSD,0,1,2025-03-04
cx508002ec116fbf3ab406329c0df28e70d7e75fb3,cx21e94c08c03daee80c25d8ee3ea22a20786ec231,cxa0af3165c08318e988cb30993b3048335b94af6c,0x22ecb25c00,0xc8339706545485d7fb0a85a409ec0ffbec89e9ce71437046131f006b70971c1d,1,94211761,150.0,1741104325043343,Sui,0.078693275,SUI,0,1,2025-03-04
cx508002ec116fbf3ab406329c0df28e70d7e75fb3,hx2debd9ec927cca1639da8d3518dd9dbf1cdfb357,cx21e94c08c03daee80c25d8ee3ea22a20786ec231,0x22ecb25c00,0xc8339706545485d7fb0a85a409ec0ffbec89e9ce71437046131f006b70971c1d,0,94211761,150.0,1741104325043343,Sui,0.078693275,SUI,0,1,2025-03-04
cx2609b924e33ef00b648a409245c7ea394c467824,cx21e94c08c03daee80c25d8ee3ea22a20786ec231,hx279426eda879e73463c915f40fe78ec396cf09fb,0xad655e4aeb21f5d,0x4d85c53a94c04c2b4d75d2f5c9aaead9f4d0c417f64df50c91dd854d265f1333,6,94211756,0.7809060260671732,1741104314978131,Staked ICX,0.0916351375,sICX,0,1,2025-03-04
cx2609b924e33ef00b648a409245c7ea394c467824,cxa0af3165c08318e988cb30993b3048335b94af6c,cx5faae53c4dbd1fbe4a2eb4aab6565030f10da5c6,0x42c8cdb435472,0x4d85c53a94c04c2b4d75d2f5c9aaead9f4d0c417f64df50c91dd854d265f1333,4,94211756,0.001174883392509042,1741104314978131,Staked ICX,0.0916351375,sICX,0,1,2025-03-04
cx2609b924e33ef00b648a409245c7ea394c467824,cxa0af3165c08318e988cb30993b3048335b94af6c,cx21e94c08c03daee80c25d8ee3ea22a20786ec231,0xad655e4aeb21f5d,0x4d85c53a94c04c2b4d75d2f5c9aaead9f4d0c417f64df50c91dd854d265f1333,3,94211756,0.7809060260671732,1741104314978131,Staked ICX,0.0916351375,sICX,0,1,2025-03-04
cx3975b43d260fb8ec802cef6e60c2f4d07486f11d,cx21e94c08c03daee80c25d8ee3ea22a20786ec231,cxa0af3165c08318e988cb30993b3048335b94af6c,0xde0b6b3a7640000,0x4d85c53a94c04c2b4d75d2f5c9aaead9f4d0c417f64df50c91dd854d265f1333,2,94211756,1.0,1741104314978131,Wrapped ICX,0.0916351375,wICX,0,1,2025-03-04
cx3975b43d260fb8ec802cef6e60c2f4d07486f11d,hx279426eda879e73463c915f40fe78ec396cf09fb,cx21e94c08c03daee80c25d8ee3ea22a20786ec231,0xde0b6b3a7640000,0x4d85c53a94c04c2b4d75d2f5c9aaead9f4d0c417f64df50c91dd854d265f1333,1,94211756,1.0,1741104314978131,Wrapped ICX,0.0916351375,wICX,0,1,2025-03-04
cx3975b43d260fb8ec802cef6e60c2f4d07486f11d,hx0000000000000000000000000000000000000000,hx279426eda879e73463c915f40fe78ec396cf09fb,0xde0b6b3a7640000,0x4d85c53a94c04c2b4d75d2f5c9aaead9f4d0c417f64df50c91dd854d265f1333,0,94211756,1.0,1741104314978131,Wrapped ICX,0.0916351375,wICX,0,1,2025-03-04
cx88fd7df7ddff82f7cc735c871dc519838cb235bb,cx21e94c08c03daee80c25d8ee3ea22a20786ec231,hx2debd9ec927cca1639da8d3518dd9dbf1cdfb357,0x157a8f72f06d7fd6f9,0x0ebe92be5587aec0d9706341db23f9b7e3141788550159abc5c0b7fd0deb827d,5,94211753,396.2130293191522,1741104308967738,Balanced Dollar,0.0883172375,bnUSD,0,1,2025-03-04
cx88fd7df7ddff82f7cc735c871dc519838cb235bb,cxa0af3165c08318e988cb30993b3048335b94af6c,cx5faae53c4dbd1fbe4a2eb4aab6565030f10da5c6,0x84256f56adfc79c,0x0ebe92be5587aec0d9706341db23f9b7e3141788550159abc5c0b7fd0deb827d,3,94211753,0.5951337128263535,1741104308967738,Balanced Dollar,0.0883172375,bnUSD,0,1,2025-03-04
cx88fd7df7ddff82f7cc735c871dc519838cb235bb,cxa0af3165c08318e988cb30993b3048335b94af6c,cx21e94c08c03daee80c25d8ee3ea22a20786ec231,0x157a8f72f06d7fd6f9,0x0ebe92be5587aec0d9706341db23f9b7e3141788550159abc5c0b7fd0deb827d,2,94211753,396.2130293191522,1741104308967738,Balanced Dollar,0.0883172375,bnUSD,0,1,2025-03-04
cx66a031cc3bd305c76371fb586e93801b948254f0,cx21e94c08c03daee80c25d8ee3ea22a20786ec231,cxa0af3165c08318e988cb30993b3048335b94af6c,0x1158e460913d00000,0x0ebe92be5587aec0d9706341db23f9b7e3141788550159abc5c0b7fd0deb827d,1,94211753,20.0,1741104308967738,Avalanche,0.0883172375,AVAX,0,1,2025-03-04
cx66a031cc3bd305c76371fb586e93801b948254f0,hx2debd9ec927cca1639da8d3518dd9dbf1cdfb357,cx21e94c08c03daee80c25d8ee3ea22a20786ec231,0x1158e460913d00000,0x0ebe92be5587aec0d9706341db23f9b7e3141788550159abc5c0b7fd0deb827d,0,94211753,20.0,1741104308967738,Avalanche,0.0883172375,AVAX,0,1,2025-03-04
cx7baf94bd53b505353285ee4c4c050f9703581703,hx22a17e4d0c0eb128f8cdc5fcc90150bf43d224c3,hx0000000000000000000000000000000000000000,0x0,0xcf57a1e69cbabddb83395590f0f4791c7a3f7211ecaa8b59fddbc096b47500ea,6,94211738,0.0,1741104278952090,unknown_token,0.06390015,$unknown,30,1,2025-03-04
cx7baf94bd53b505353285ee4c4c050f9703581703,hx22a17e4d0c0eb128f8cdc5fcc90150bf43d224c3,hx0000000000000000000000000000000000000000,0x0,0xcf57a1e69cbabddb83395590f0f4791c7a3f7211ecaa8b59fddbc096b47500ea,5,94211738,0.0,1741104278952090,unknown_token,0.06390015,$unknown,17,1,2025-03-04
cx7baf94bd53b505353285ee4c4c050f9703581703,hx22a17e4d0c0eb128f8cdc5fcc90150bf43d224c3,hx0000000000000000000000000000000000000000,0x0,0xcf57a1e69cbabddb83395590f0f4791c7a3f7211ecaa8b59fddbc096b47500ea,4,94211738,0.0,1741104278952090,unknown_token,0.06390015,$unknown,30,1,2025-03-04
cx53f8ccd5426534f82cf10cb742de033e51da72fc,hx22a17e4d0c0eb128f8cdc5fcc90150bf43d224c3,hx0000000000000000000000000000000000000000,0x0,0xcf57a1e69cbabddb83395590f0f4791c7a3f7211ecaa8b59fddbc096b47500ea,0,94211738,0.0,1741104278952090,unknown_token,0.06390015,$unknown,6,1,2025-03-04
cx2609b924e33ef00b648a409245c7ea394c467824,cx21e94c08c03daee80c25d8ee3ea22a20786ec231,hx4f56b2b11cf299e00b640a10dddc2fac260004b7,0xfe62a5f281ac296376,0x6eb2bd3059b90e39ef2a518158ae35c16acbb285ec22388cc0ac5390993b7832,6,94211734,4692.581348947853,1741104270948463,Staked ICX,0.0916857,sICX,0,1,2025-03-04
cx2609b924e33ef00b648a409245c7ea394c467824,cxa0af3165c08318e988cb30993b3048335b94af6c,cx5faae53c4dbd1fbe4a2eb4aab6565030f10da5c6,0x61d4372fdcca1500,0x6eb2bd3059b90e39ef2a518158ae35c16acbb285ec22388cc0ac5390993b7832,4,94211734,7.049319995448891,1741104270948463,Staked ICX,0.0916857,sICX,0,1,2025-03-04
cx2609b924e33ef00b648a409245c7ea394c467824,cxa0af3165c08318e988cb30993b3048335b94af6c,cx21e94c08c03daee80c25d8ee3ea22a20786ec231,0xfe62a5f281ac296376,0x6eb2bd3059b90e39ef2a518158ae35c16acbb285ec22388cc0ac5390993b7832,3,94211734,4692.581348947853,1741104270948463,Staked ICX,0.0916857,sICX,0,1,2025-03-04
cx3975b43d260fb8ec802cef6e60c2f4d07486f11d,cx21e94c08c03daee80c25d8ee3ea22a20786ec231,cxa0af3165c08318e988cb30993b3048335b94af6c,0x14542ba12a337c00000,0x6eb2bd3059b90e39ef2a518158ae35c16acbb285ec22388cc0ac5390993b7832,2,94211734,6000.0,1741104270948463,Wrapped ICX,0.0916857,wICX,0,1,2025-03-04
cx3975b43d260fb8ec802cef6e60c2f4d07486f11d,hx4f56b2b11cf299e00b640a10dddc2fac260004b7,cx21e94c08c03daee80c25d8ee3ea22a20786ec231,0x14542ba12a337c00000,0x6eb2bd3059b90e39ef2a518158ae35c16acbb285ec22388cc0ac5390993b7832,1,94211734,6000.0,1741104270948463,Wrapped ICX,0.0916857,wICX,0,1,2025-03-04
cx3975b43d260fb8ec802cef6e60c2f4d07486f11d,hx0000000000000000000000000000000000000000,hx4f56b2b11cf299e00b640a10dddc2fac260004b7,0x14542ba12a337c00000,0x6eb2bd3059b90e39ef2a518158ae35c16acbb285ec22388cc0ac5390993b7832,0,94211734,6000.0,1741104270948463,Wrapped ICX,0.0916857,wICX,0,1,2025-03-04
cx2609b924e33ef00b648a409245c7ea394c467824,cx21e94c08c03daee80c25d8ee3ea22a20786ec231,hx4f56b2b11cf299e00b640a10dddc2fac260004b7,0x1a9b36eb281eafe0281,0xf4de6125b451f04131004973f5b4b4f50124e6ce3e8c9abc3fcea0150a9ec1e3,6,94211725,7852.79569917785,1741104253167498,Staked ICX,0.09168945,sICX,0,1,2025-03-04
cx2609b924e33ef00b648a409245c7ea394c467824,cxa0af3165c08318e988cb30993b3048335b94af6c,cx5faae53c4dbd1fbe4a2eb4aab6565030f10da5c6,0xa38b84e0a95ca181,0xf4de6125b451f04131004973f5b4b4f50124e6ce3e8c9abc3fcea0150a9ec1e3,4,94211725,11.784658950393995,1741104253167498,Staked ICX,0.09168945,sICX,0,1,2025-03-04
cx2609b924e33ef00b648a409245c7ea394c467824,cxa0af3165c08318e988cb30993b3048335b94af6c,cx21e94c08c03daee80c25d8ee3ea22a20786ec231,0x1a9b36eb281eafe0281,0xf4de6125b451f04131004973f5b4b4f50124e6ce3e8c9abc3fcea0150a9ec1e3,3,94211725,7852.79569917785,1741104253167498,Staked ICX,0.09168945,sICX,0,1,2025-03-04
cx3975b43d260fb8ec802cef6e60c2f4d07486f11d,cx21e94c08c03daee80c25d8ee3ea22a20786ec231,cxa0af3165c08318e988cb30993b3048335b94af6c,0x21e19e0c9bab2400000,0xf4de6125b451f04131004973f5b4b4f50124e6ce3e8c9abc3fcea0150a9ec1e3,2,94211725,10000.0,1741104253167498,Wrapped ICX,0.09168945,wICX,0,1,2025-03-04
cx3975b43d260fb8ec802cef6e60c2f4d07486f11d,hx4f56b2b11cf299e00b640a10dddc2fac260004b7,cx21e94c08c03daee80c25d8ee3ea22a20786ec231,0x21e19e0c9bab2400000,0xf4de6125b451f04131004973f5b4b4f50124e6ce3e8c9abc3fcea0150a9ec1e3,1,94211725,10000.0,1741104253167498,Wrapped ICX,0.09168945,wICX,0,1,2025-03-04
cx3975b43d260fb8ec802cef6e60c2f4d07486f11d,hx0000000000000000000000000000000000000000,hx4f56b2b11cf299e00b640a10dddc2fac260004b7,0x21e19e0c9bab2400000,0xf4de6125b451f04131004973f5b4b4f50124e6ce3e8c9abc3fcea0150a9ec1e3,0,94211725,10000.0,1741104253167498,Wrapped ICX,0.09168945,wICX,0,1,2025-03-04
cx2609b924e33ef00b648a409245c7ea394c467824,cx21e94c08c03daee80c25d8ee3ea22a20786ec231,hx4f56b2b11cf299e00b640a10dddc2fac260004b7,0x1abdee3226ff5a1df41,0x2e8d6337eb30233375a308cf665fb1e16294ee33d58126fd6d5610506897437a,6,94211716,7892.8204380343695,1741104234937573,Staked ICX,0.09168945,sICX,0,1,2025-03-04
cx2609b924e33ef00b648a409245c7ea394c467824,cxa0af3165c08318e988cb30993b3048335b94af6c,cx5faae53c4dbd1fbe4a2eb4aab6565030f10da5c6,0xa460a3eea5d587f6,0x2e8d6337eb30233375a308cf665fb1e16294ee33d58126fd6d5610506897437a,4,94211716,11.844647265364182,1741104234937573,Staked ICX,0.09168945,sICX,0,1,2025-03-04
cx2609b924e33ef00b648a409245c7ea394c467824,cxa0af3165c08318e988cb30993b3048335b94af6c,cx21e94c08c03daee80c25d8ee3ea22a20786ec231,0x1abdee3226ff5a1df41,0x2e8d6337eb30233375a308cf665fb1e16294ee33d58126fd6d5610506897437a,3,94211716,7892.8204380343695,1741104234937573,Staked ICX,0.09168945,sICX,0,1,2025-03-04
cx3975b43d260fb8ec802cef6e60c2f4d07486f11d,cx21e94c08c03daee80c25d8ee3ea22a20786ec231,cxa0af3165c08318e988cb30993b3048335b94af6c,0x21e19e0c9bab2400000,0x2e8d6337eb30233375a308cf665fb1e16294ee33d58126fd6d5610506897437a,2,94211716,10000.0,1741104234937573,Wrapped ICX,0.09168945,wICX,0,1,2025-03-04
cx3975b43d260fb8ec802cef6e60c2f4d07486f11d,hx4f56b2b11cf299e00b640a10dddc2fac260004b7,cx21e94c08c03daee80c25d8ee3ea22a20786ec231,0x21e19e0c9bab2400000,0x2e8d6337eb30233375a308cf665fb1e16294ee33d58126fd6d5610506897437a,1,94211716,10000.0,1741104234937573,Wrapped ICX,0.09168945,wICX,0,1,2025-03-04
cx3975b43d260fb8ec802cef6e60c2f4d07486f11d,hx0000000000000000000000000000000000000000,hx4f56b2b11cf299e00b640a10dddc2fac260004b7,0x21e19e0c9bab2400000,0x2e8d6337eb30233375a308cf665fb1e16294ee33d58126fd6d5610506897437a,0,94211716,10000.0,1741104234937573,Wrapped ICX,0.09168945,wICX,0,1,2025-03-04
cx2609b924e33ef00b648a409245c7ea394c467824,cx21e94c08c03daee80c25d8ee3ea22a20786ec231,hx4f56b2b11cf299e00b640a10dddc2fac260004b7,0x1ae0e99c2c7dc016ab6,0xa7457898289497a6fb5174eed4e005c3d6acb9008142a359ca3d8a598b881165,6,94211706,7933.15203784672,1741104214968403,Staked ICX,0.09168945,sICX,0,2,2025-03-04
cx2609b924e33ef00b648a409245c7ea394c467824,cxa0af3165c08318e988cb30993b3048335b94af6c,cx5faae53c4dbd1fbe4a2eb4aab6565030f10da5c6,0xa53764be6dc98c83,0xa7457898289497a6fb5174eed4e005c3d6acb9008142a359ca3d8a598b881165,4,94211706,11.905094909025685,1741104214968403,Staked ICX,0.09168945,sICX,0,2,2025-03-04
cx2609b924e33ef00b648a409245c7ea394c467824,cxa0af3165c08318e988cb30993b3048335b94af6c,cx21e94c08c03daee80c25d8ee3ea22a20786ec231,0x1ae0e99c2c7dc016ab6,0xa7457898289497a6fb5174eed4e005c3d6acb9008142a359ca3d8a598b881165,3,94211706,7933.15203784672,1741104214968403,Staked ICX,0.09168945,sICX,0,2,2025-03-04
cx3975b43d260fb8ec802cef6e60c2f4d07486f11d,cx21e94c08c03daee80c25d8ee3ea22a20786ec231,cxa0af3165c08318e988cb30993b3048335b94af6c,0x21e19e0c9bab2400000,0xa7457898289497a6fb5174eed4e005c3d6acb9008142a359ca3d8a598b881165,2,94211706,10000.0,1741104214968403,Wrapped ICX,0.09168945,wICX,0,2,2025-03-04
cx3975b43d260fb8ec802cef6e60c2f4d07486f11d,hx4f56b2b11cf299e00b640a10dddc2fac260004b7,cx21e94c08c03daee80c25d8ee3ea22a20786ec231,0x21e19e0c9bab2400000,0xa7457898289497a6fb5174eed4e005c3d6acb9008142a359ca3d8a598b881165,1,94211706,10000.0,1741104214968403,Wrapped ICX,0.09168945,wICX,0,2,2025-03-04
cx3975b43d260fb8ec802cef6e60c2f4d07486f11d,hx0000000000000000000000000000000000000000,hx4f56b2b11cf299e00b640a10dddc2fac260004b7,0x21e19e0c9bab2400000,0xa7457898289497a6fb5174eed4e005c3d6acb9008142a359ca3d8a598b881165,0,94211706,10000.0,1741104214968403,Wrapped ICX,0.09168945,wICX,0,2,2025-03-04
cx6139a27c15f1653471ffba0b4b88dc15de7e3267,hx22a17e4d0c0eb128f8cdc5fcc90150bf43d224c3,hx5b24217047526bd1c9475ddc7e10f93325dd2322,0x3e1ff1e03b55a80000,0x135e81771a3bcc0d0ffce3eb5e27630da51cb595641372fbb3278756699a1309,0,94211706,1146.0,1741104214968403,GangstaBet Token,0.00303385,GBET,0,1,2025-03-04
cx2609b924e33ef00b648a409245c7ea394c467824,cx43e2eec79eb76293c298f2b17aec06097be606e0,hx0000000000000000000000000000000000000000,0x17fb5958d67c63ac0000,0x7ffff325fdab46f61f157ffeee8d05b3e726abd23d243d613ab369a9eddb03f8,1,94211701,113251.0,1741104204925139,Staked ICX,0.0858229875,sICX,0,1,2025-03-04
cx2609b924e33ef00b648a409245c7ea394c467824,hxc1718c79947e0f673296218b5b23adbd9a3b38a8,cx43e2eec79eb76293c298f2b17aec06097be606e0,0x17fb5958d67c63ac0000,0x7ffff325fdab46f61f157ffeee8d05b3e726abd23d243d613ab369a9eddb03f8,0,94211701,113251.0,1741104204925139,Staked ICX,0.0858229875,sICX,0,1,2025-03-04
cx6139a27c15f1653471ffba0b4b88dc15de7e3267,hx0000000000000000000000000000000000000000,hx22a17e4d0c0eb128f8cdc5fcc90150bf43d224c3,0x3e1ff1e03b55a80000,0xc13a94ca77bee37c1181f50b98975b1630f1f55602b3985a696252a1dbad911b,0,94211694,1146.0,1741104191109837,GangstaBet Token,0.0128117875,GBET,0,1,2025-03-04
cx2609b924e33ef00b648a409245c7ea394c467824,hx0000000000000000000000000000000000000000,hxc1718c79947e0f673296218b5b23adbd9a3b38a8,0x17fb50c6de6d60a89ad8,0xede2a898da370aa93a3ba23a800381c5b83a9f2138f17c012770d07fc882efaf,1,94211691,113250.38245263271,1741104184920064,Staked ICX,0.077152775,sICX,0,1,2025-03-04
cx2609b924e33ef00b648a409245c7ea394c467824,cx21e94c08c03daee80c25d8ee3ea22a20786ec231,hx4f56b2b11cf299e00b640a10dddc2fac260004b7,0x1b0429dc027c69b7fe0,0xf4c20f7e18a9ad99c541fb8895c906423175c506e9f52e4954e955cd73002474,6,94211689,7973.793643897441,1741104181107507,Staked ICX,0.0916921375,sICX,0,1,2025-03-04
cx2609b924e33ef00b648a409245c7ea394c467824,cxa0af3165c08318e988cb30993b3048335b94af6c,cx5faae53c4dbd1fbe4a2eb4aab6565030f10da5c6,0xa60fcb96c6f90b61,0xf4c20f7e18a9ad99c541fb8895c906423175c506e9f52e4954e955cd73002474,4,94211689,11.96600658339044,1741104181107507,Staked ICX,0.0916921375,sICX,0,1,2025-03-04
cx2609b924e33ef00b648a409245c7ea394c467824,cxa0af3165c08318e988cb30993b3048335b94af6c,cx21e94c08c03daee80c25d8ee3ea22a20786ec231,0x1b0429dc027c69b7fe0,0xf4c20f7e18a9ad99c541fb8895c906423175c506e9f52e4954e955cd73002474,3,94211689,7973.793643897441,1741104181107507,Staked ICX,0.0916921375,sICX,0,1,2025-03-04
cx3975b43d260fb8ec802cef6e60c2f4d07486f11d,cx21e94c08c03daee80c25d8ee3ea22a20786ec231,cxa0af3165c08318e988cb30993b3048335b94af6c,0x21e19e0c9bab2400000,0xf4c20f7e18a9ad99c541fb8895c906423175c506e9f52e4954e955cd73002474,2,94211689,10000.0,1741104181107507,Wrapped ICX,0.0916921375,wICX,0,1,2025-03-04
cx3975b43d260fb8ec802cef6e60c2f4d07486f11d,hx4f56b2b11cf299e00b640a10dddc2fac260004b7,cx21e94c08c03daee80c25d8ee3ea22a20786ec231,0x21e19e0c9bab2400000,0xf4c20f7e18a9ad99c541fb8895c906423175c506e9f52e4954e955cd73002474,1,94211689,10000.0,1741104181107507,Wrapped ICX,0.0916921375,wICX,0,1,2025-03-04
cx3975b43d260fb8ec802cef6e60c2f4d07486f11d,hx0000000000000000000000000000000000000000,hx4f56b2b11cf299e00b640a10dddc2fac260004b7,0x21e19e0c9bab2400000,0xf4c20f7e18a9ad99c541fb8895c906423175c506e9f52e4954e955cd73002474,0,94211689,10000.0,1741104181107507,Wrapped ICX,0.0916921375,wICX,0,1,2025-03-04
cx53f8ccd5426534f82cf10cb742de033e51da72fc,hx9645117f1b0c7181a126c7f4f222caefc6ee7a61,hx9645117f1b0c7181a126c7f4f222caefc6ee7a61,0x0,0x1a15a55d80119fba14772843ec88fe073c750be13d6b4e8edc2f3c89acb44e96,0,94211673,0.0,1741104148904525,unknown_token,0.00471935,$unknown,13,1,2025-03-04
cx88fd7df7ddff82f7cc735c871dc519838cb235bb,cx21e94c08c03daee80c25d8ee3ea22a20786ec231,hx2debd9ec927cca1639da8d3518dd9dbf1cdfb357,0x11630976133efc7935,0xfff7ecf2743ec4e9b86a6d58731c28333468c6d11a3f3368d2f1b268581271f2,5,94211664,320.7310141626408,1741104131096619,Balanced Dollar,0.088410925,bnUSD,0,1,2025-03-04
cx88fd7df7ddff82f7cc735c871dc519838cb235bb,cxa0af3165c08318e988cb30993b3048335b94af6c,cx5faae53c4dbd1fbe4a2eb4aab6565030f10da5c6,0x6af5253b7d621ce,0xfff7ecf2743ec4e9b86a6d58731c28333468c6d11a3f3368d2f1b268581271f2,3,94211664,0.4816942046719595,1741104131096619,Balanced Dollar,0.088410925,bnUSD,0,1,2025-03-04
cx88fd7df7ddff82f7cc735c871dc519838cb235bb,cxa0af3165c08318e988cb30993b3048335b94af6c,cx21e94c08c03daee80c25d8ee3ea22a20786ec231,0x11630976133efc7935,0xfff7ecf2743ec4e9b86a6d58731c28333468c6d11a3f3368d2f1b268581271f2,2,94211664,320.7310141626408,1741104131096619,Balanced Dollar,0.088410925,bnUSD,0,1,2025-03-04
cx4297f4b63262507623b6ad575d0d8dd2db980e4e,cx21e94c08c03daee80c25d8ee3ea22a20786ec231,cxa0af3165c08318e988cb30993b3048335b94af6c,0x1a055690d9db80000,0xfff7ecf2743ec4e9b86a6d58731c28333468c6d11a3f3368d2f1b268581271f2,1,94211664,30.0,1741104131096619,Injective,0.088410925,INJ,0,1,2025-03-04
cx4297f4b63262507623b6ad575d0d8dd2db980e4e,hx2debd9ec927cca1639da8d3518dd9dbf1cdfb357,cx21e94c08c03daee80c25d8ee3ea22a20786ec231,0x1a055690d9db80000,0xfff7ecf2743ec4e9b86a6d58731c28333468c6d11a3f3368d2f1b268581271f2,0,94211664,30.0,1741104131096619,Injective,0.088410925,INJ,0,1,2025-03-04
cx7baf94bd53b505353285ee4c4c050f9703581703,hxb92ef0752cb45c7b727b74fdec8a56a7d3fb5e01,hx0000000000000000000000000000000000000000,0x0,0x741c1bf9abe7f5892b2088a74b5a177a0fd077609dfa28874919f9250bc16dc2,6,94211656,0.0,1741104114913251,unknown_token,0.0653892125,$unknown,15,1,2025-03-04
cx7baf94bd53b505353285ee4c4c050f9703581703,hxb92ef0752cb45c7b727b74fdec8a56a7d3fb5e01,hx0000000000000000000000000000000000000000,0x0,0x741c1bf9abe7f5892b2088a74b5a177a0fd077609dfa28874919f9250bc16dc2,5,94211656,0.0,1741104114913251,unknown_token,0.0653892125,$unknown,17,1,2025-03-04
cx7baf94bd53b505353285ee4c4c050f9703581703,hxb92ef0752cb45c7b727b74fdec8a56a7d3fb5e01,hx0000000000000000000000000000000000000000,0x0,0x741c1bf9abe7f5892b2088a74b5a177a0fd077609dfa28874919f9250bc16dc2,4,94211656,0.0,1741104114913251,unknown_token,0.0653892125,$unknown,30,1,2025-03-04
cx53f8ccd5426534f82cf10cb742de033e51da72fc,hxb92ef0752cb45c7b727b74fdec8a56a7d3fb5e01,hx0000000000000000000000000000000000000000,0x0,0x741c1bf9abe7f5892b2088a74b5a177a0fd077609dfa28874919f9250bc16dc2,0,94211656,0.0,1741104114913251,unknown_token,0.0653892125,$unknown,3,1,2025-03-04
cx6139a27c15f1653471ffba0b4b88dc15de7e3267,hxb92ef0752cb45c7b727b74fdec8a56a7d3fb5e01,hx5b24217047526bd1c9475ddc7e10f93325dd2322,0x3e1ff1e03b55a80000,0xa3fda8134d50cbcc264f4cd917aa3aa618410a096ee37d6398ac023c4926e8ab,0,94211641,1146.0,1741104084881564,GangstaBet Token,0.00303385,GBET,0,1,2025-03-04
cx6139a27c15f1653471ffba0b4b88dc15de7e3267,hx0000000000000000000000000000000000000000,hxb92ef0752cb45c7b727b74fdec8a56a7d3fb5e01,0x3e1ff1e03b55a80000,0xaef0f830e2b0393054038ca9b6200c6752b211ceb23a729a4faa13dac97b1603,0,94211631,1146.0,1741104064898507,GangstaBet Token,0.0128117875,GBET,0,1,2025-03-04
cx88fd7df7ddff82f7cc735c871dc519838cb235bb,cxa0af3165c08318e988cb30993b3048335b94af6c,cx5faae53c4dbd1fbe4a2eb4aab6565030f10da5c6,0xe69fdde3aff800,0xcec4bb792f10cb1fd68b8d5bfcb818fcd130fa42557ee378b497d7a0e6370c97,2,94211630,0.06491502,1741104062872681,Balanced Dollar,0.0563614,bnUSD,0,1,2025-03-04
cx4297f4b63262507623b6ad575d0d8dd2db980e4e,cxa0af3165c08318e988cb30993b3048335b94af6c,hxd75467e3e4ce64e3424c747dfb71503017440433,0x37c14b048e8116a5,0xcec4bb792f10cb1fd68b8d5bfcb818fcd130fa42557ee378b497d7a0e6370c97,1,94211630,4.01757482553397,1741104062872681,Injective,0.0563614,INJ,0,1,2025-03-04
cx88fd7df7ddff82f7cc735c871dc519838cb235bb,hxd75467e3e4ce64e3424c747dfb71503017440433,cxa0af3165c08318e988cb30993b3048335b94af6c,0x25895a72b9a408000,0xcec4bb792f10cb1fd68b8d5bfcb818fcd130fa42557ee378b497d7a0e6370c97,0,94211630,43.27668,1741104062872681,Balanced Dollar,0.0563614,bnUSD,0,1,2025-03-04
cx508002ec116fbf3ab406329c0df28e70d7e75fb3,cx21e94c08c03daee80c25d8ee3ea22a20786ec231,hx2debd9ec927cca1639da8d3518dd9dbf1cdfb357,0x22ec9dcaf2,0x025a4dc87846b86b98963c41e800e18481b2be44d6628ca5793400e8cd608b85,5,94211627,149.998652146,1741104056869738,Sui,0.0780231125,SUI,0,1,2025-03-04
cx88fd7df7ddff82f7cc735c871dc519838cb235bb,cxa0af3165c08318e988cb30993b3048335b94af6c,cx5faae53c4dbd1fbe4a2eb4aab6565030f10da5c6,0x77ca94c39ba7fa9,0x025a4dc87846b86b98963c41e800e18481b2be44d6628ca5793400e8cd608b85,3,94211627,0.5394922002287492,1741104056869738,Balanced Dollar,0.0780231125,bnUSD,0,1,2025-03-04
cx508002ec116fbf3ab406329c0df28e70d7e75fb3,cxa0af3165c08318e988cb30993b3048335b94af6c,cx21e94c08c03daee80c25d8ee3ea22a20786ec231,0x22ec9dcaf2,0x025a4dc87846b86b98963c41e800e18481b2be44d6628ca5793400e8cd608b85,2,94211627,149.998652146,1741104056869738,Sui,0.0780231125,SUI,0,1,2025-03-04
cx88fd7df7ddff82f7cc735c871dc519838cb235bb,cx21e94c08c03daee80c25d8ee3ea22a20786ec231,cxa0af3165c08318e988cb30993b3048335b94af6c,0x137f4e368100571d70,0x025a4dc87846b86b98963c41e800e18481b2be44d6628ca5793400e8cd608b85,1,94211627,359.66146681916615,1741104056869738,Balanced Dollar,0.0780231125,bnUSD,0,1,2025-03-04
cx88fd7df7ddff82f7cc735c871dc519838cb235bb,hx2debd9ec927cca1639da8d3518dd9dbf1cdfb357,cx21e94c08c03daee80c25d8ee3ea22a20786ec231,0x137f4e368100571d70,0x025a4dc87846b86b98963c41e800e18481b2be44d6628ca5793400e8cd608b85,0,94211627,359.66146681916615,1741104056869738,Balanced Dollar,0.0780231125,bnUSD,0,1,2025-03-04
cx7baf94bd53b505353285ee4c4c050f9703581703,hx2114493ac59b0349972fa54c8987e09b9abfea04,hx0000000000000000000000000000000000000000,0x0,0xcd2e30a75bc7ae3385fc8d59bfc4ac9f51016f08dfa0b5809c262951060ddd0d,6,94211594,0.0,1741103991066096,unknown_token,0.064557525,$unknown,21,1,2025-03-04
cx7baf94bd53b505353285ee4c4c050f9703581703,hx2114493ac59b0349972fa54c8987e09b9abfea04,hx0000000000000000000000000000000000000000,0x0,0xcd2e30a75bc7ae3385fc8d59bfc4ac9f51016f08dfa0b5809c262951060ddd0d,5,94211594,0.0,1741103991066096,unknown_token,0.064557525,$unknown,32,1,2025-03-04
cx7baf94bd53b505353285ee4c4c050f9703581703,hx2114493ac59b0349972fa54c8987e09b9abfea04,hx0000000000000000000000000000000000000000,0x0,0xcd2e30a75bc7ae3385fc8d59bfc4ac9f51016f08dfa0b5809c262951060ddd0d,4,94211594,0.0,1741103991066096,unknown_token,0.064557525,$unknown,16,1,2025-03-04
cx53f8ccd5426534f82cf10cb742de033e51da72fc,hx2114493ac59b0349972fa54c8987e09b9abfea04,hx0000000000000000000000000000000000000000,0x0,0xcd2e30a75bc7ae3385fc8d59bfc4ac9f51016f08dfa0b5809c262951060ddd0d,0,94211594,0.0,1741103991066096,unknown_token,0.064557525,$unknown,3,1,2025-03-04
cx6139a27c15f1653471ffba0b4b88dc15de7e3267,hx2114493ac59b0349972fa54c8987e09b9abfea04,hx5b24217047526bd1c9475ddc7e10f93325dd2322,0x3e1ff1e03b55a80000,0xbc6033965aa56ef0395c788b14c992d23587727d4dde062e1bd9d584645e11fc,0,94211578,1146.0,1741103958837646,GangstaBet Token,0.00303385,GBET,0,1,2025-03-04
cx2609b924e33ef00b648a409245c7ea394c467824,hx279426eda879e73463c915f40fe78ec396cf09fb,cxa0af3165c08318e988cb30993b3048335b94af6c,0x109a4207075dbedc2001,0x22012dfce34b2a3eabc450e7932351a90564d9e17af1a244bd1f7e168c98caa2,0,94211575,78403.42009289615,1741103953068808,Staked ICX,0.031359775,sICX,0,1,2025-03-04
cx3975b43d260fb8ec802cef6e60c2f4d07486f11d,hx279426eda879e73463c915f40fe78ec396cf09fb,cxa0af3165c08318e988cb30993b3048335b94af6c,0x14b4bec4205524ae4148,0xab41baf531b1119e49d9f8f6e6dcb391c4f119aa9774c05a037f39b06e2cb1d6,1,94211568,97781.48973817333,1741103938827909,Wrapped ICX,0.016730125,wICX,0,1,2025-03-04
cx3975b43d260fb8ec802cef6e60c2f4d07486f11d,hx0000000000000000000000000000000000000000,hx279426eda879e73463c915f40fe78ec396cf09fb,0x14b4bec4205524ae4148,0xab41baf531b1119e49d9f8f6e6dcb391c4f119aa9774c05a037f39b06e2cb1d6,0,94211568,97781.48973817333,1741103938827909,Wrapped ICX,0.016730125,wICX,0,1,2025-03-04
cx6139a27c15f1653471ffba0b4b88dc15de7e3267,hx0000000000000000000000000000000000000000,hx2114493ac59b0349972fa54c8987e09b9abfea04,0x3e1ff1e03b55a80000,0xe7c139ba418abf8246d36b063dd725fe631ffc80962a4663b072c078266c7981,0,94211561,1146.0,1741103924902345,GangstaBet Token,0.0128117875,GBET,0,1,2025-03-04
cx53f8ccd5426534f82cf10cb742de033e51da72fc,hx8026678e3d08ba3203ce6161ee8e9e3b9793491f,hx8026678e3d08ba3203ce6161ee8e9e3b9793491f,0x0,0x82867af729567e0dbe7e6c49e8fc808ab53e5c058deeffea9ccff41d36d862bc,0,94211552,0.0,1741103906813980,unknown_token,0.004295375,$unknown,13,1,2025-03-04
cx3975b43d260fb8ec802cef6e60c2f4d07486f11d,hx279426eda879e73463c915f40fe78ec396cf09fb,hx0000000000000000000000000000000000000000,0x152c81c9566070526c4e,0xd6384d7f8f6c6cc5fb69c0b06a4eea39a8af5e309a574a3ff5e7c24f9f7227b0,6,94211546,99990.70498057918,1741103894810271,Wrapped ICX,0.0916597625,wICX,0,1,2025-03-04
cx3975b43d260fb8ec802cef6e60c2f4d07486f11d,cx21e94c08c03daee80c25d8ee3ea22a20786ec231,hx279426eda879e73463c915f40fe78ec396cf09fb,0x152c81c9566070526c4e,0xd6384d7f8f6c6cc5fb69c0b06a4eea39a8af5e309a574a3ff5e7c24f9f7227b0,5,94211546,99990.70498057918,1741103894810271,Wrapped ICX,0.0916597625,wICX,0,1,2025-03-04
cx2609b924e33ef00b648a409245c7ea394c467824,cxa0af3165c08318e988cb30993b3048335b94af6c,cx5faae53c4dbd1fbe4a2eb4aab6565030f10da5c6,0x660195ac35732c31e,0xd6384d7f8f6c6cc5fb69c0b06a4eea39a8af5e309a574a3ff5e7c24f9f7227b0,3,94211546,117.60513013934423,1741103894810271,Staked ICX,0.0916597625,sICX,0,1,2025-03-04
cx3975b43d260fb8ec802cef6e60c2f4d07486f11d,cxa0af3165c08318e988cb30993b3048335b94af6c,cx21e94c08c03daee80c25d8ee3ea22a20786ec231,0x152c81c9566070526c4e,0xd6384d7f8f6c6cc5fb69c0b06a4eea39a8af5e309a574a3ff5e7c24f9f7227b0,2,94211546,99990.70498057918,1741103894810271,Wrapped ICX,0.0916597625,wICX,0,1,2025-03-04
cx2609b924e33ef00b648a409245c7ea394c467824,cx21e94c08c03daee80c25d8ee3ea22a20786ec231,cxa0af3165c08318e988cb30993b3048335b94af6c,0x109a4207075dbedc2001,0xd6384d7f8f6c6cc5fb69c0b06a4eea39a8af5e309a574a3ff5e7c24f9f7227b0,1,94211546,78403.42009289615,1741103894810271,Staked ICX,0.0916597625,sICX,0,1,2025-03-04
cx2609b924e33ef00b648a409245c7ea394c467824,hx279426eda879e73463c915f40fe78ec396cf09fb,cx21e94c08c03daee80c25d8ee3ea22a20786ec231,0x109a4207075dbedc2001,0xd6384d7f8f6c6cc5fb69c0b06a4eea39a8af5e309a574a3ff5e7c24f9f7227b0,0,94211546,78403.42009289615,1741103894810271,Staked ICX,0.0916597625,sICX,0,1,2025-03-04
cx6139a27c15f1653471ffba0b4b88dc15de7e3267,hx4e626b118e7718dc163ccba7ddc3b43c783731e2,hx5b24217047526bd1c9475ddc7e10f93325dd2322,0x3e1ff1e03b55a80000,0xa28301715bb03dcf38bdd72b620418d0839cd106a7012552d1a16ded3e5dd679,0,94211539,1146.0,1741103880994426,GangstaBet Token,0.00303385,GBET,0,1,2025-03-04
cx7baf94bd53b505353285ee4c4c050f9703581703,hx4e626b118e7718dc163ccba7ddc3b43c783731e2,hx0000000000000000000000000000000000000000,0x0,0x5ecaaa17c1d3d5a76fe7b59927018282cb0f8055460d5ee15dd05106b8a36d22,6,94211510,0.0,1741103822799564,unknown_token,0.0639800875,$unknown,11,1,2025-03-04
cx7baf94bd53b505353285ee4c4c050f9703581703,hx4e626b118e7718dc163ccba7ddc3b43c783731e2,hx0000000000000000000000000000000000000000,0x0,0x5ecaaa17c1d3d5a76fe7b59927018282cb0f8055460d5ee15dd05106b8a36d22,5,94211510,0.0,1741103822799564,unknown_token,0.0639800875,$unknown,30,1,2025-03-04
cx7baf94bd53b505353285ee4c4c050f9703581703,hx4e626b118e7718dc163ccba7ddc3b43c783731e2,hx0000000000000000000000000000000000000000,0x0,0x5ecaaa17c1d3d5a76fe7b59927018282cb0f8055460d5ee15dd05106b8a36d22,4,94211510,0.0,1741103822799564,unknown_token,0.0639800875,$unknown,26,1,2025-03-04
cx53f8ccd5426534f82cf10cb742de033e51da72fc,hx4e626b118e7718dc163ccba7ddc3b43c783731e2,hx0000000000000000000000000000000000000000,0x0,0x5ecaaa17c1d3d5a76fe7b59927018282cb0f8055460d5ee15dd05106b8a36d22,0,94211510,0.0,1741103822799564,unknown_token,0.0639800875,$unknown,1,1,2025-03-04
cx3975b43d260fb8ec802cef6e60c2f4d07486f11d,hx970eda4988e547df0de8324226fdf3e8ebc9734f,hx0000000000000000000000000000000000000000,0x21e19e0c9bab240000c,0xb584bfaae888e4c145498e38f372573a3c16bbf7f84c3d317917df85fd32470e,10,94211509,10000.0,1741103820780486,Wrapped ICX,0.155594825,wICX,0,1,2025-03-04
cx3975b43d260fb8ec802cef6e60c2f4d07486f11d,cx21e94c08c03daee80c25d8ee3ea22a20786ec231,hx970eda4988e547df0de8324226fdf3e8ebc9734f,0x21e19e0c9bab240000c,0xb584bfaae888e4c145498e38f372573a3c16bbf7f84c3d317917df85fd32470e,9,94211509,10000.0,1741103820780486,Wrapped ICX,0.155594825,wICX,0,1,2025-03-04
cx2609b924e33ef00b648a409245c7ea394c467824,cxa0af3165c08318e988cb30993b3048335b94af6c,cx5faae53c4dbd1fbe4a2eb4aab6565030f10da5c6,0x9ebf9e3f14436939,0xb584bfaae888e4c145498e38f372573a3c16bbf7f84c3d317917df85fd32470e,7,94211509,11.439035572304439,1741103820780486,Staked ICX,0.155594825,sICX,0,1,2025-03-04
cx3975b43d260fb8ec802cef6e60c2f4d07486f11d,cxa0af3165c08318e988cb30993b3048335b94af6c,cx21e94c08c03daee80c25d8ee3ea22a20786ec231,0x21e19e0c9bab240000c,0xb584bfaae888e4c145498e38f372573a3c16bbf7f84c3d317917df85fd32470e,6,94211509,10000.0,1741103820780486,Wrapped ICX,0.155594825,wICX,0,1,2025-03-04
cx2609b924e33ef00b648a409245c7ea394c467824,cx21e94c08c03daee80c25d8ee3ea22a20786ec231,cxa0af3165c08318e988cb30993b3048335b94af6c,0x19d6856c444c4e206fc,0xb584bfaae888e4c145498e38f372573a3c16bbf7f84c3d317917df85fd32470e,5,94211509,7626.023714869626,1741103820780486,Staked ICX,0.155594825,sICX,0,1,2025-03-04
cx88fd7df7ddff82f7cc735c871dc519838cb235bb,cxa0af3165c08318e988cb30993b3048335b94af6c,cx5faae53c4dbd1fbe4a2eb4aab6565030f10da5c6,0x16484ebeada80b4c,0xb584bfaae888e4c145498e38f372573a3c16bbf7f84c3d317917df85fd32470e,3,94211509,1.6056198480218058,1741103820780486,Balanced Dollar,0.155594825,bnUSD,0,1,2025-03-04
cx2609b924e33ef00b648a409245c7ea394c467824,cxa0af3165c08318e988cb30993b3048335b94af6c,cx21e94c08c03daee80c25d8ee3ea22a20786ec231,0x19d6856c444c4e206fc,0xb584bfaae888e4c145498e38f372573a3c16bbf7f84c3d317917df85fd32470e,2,94211509,7626.023714869626,1741103820780486,Staked ICX,0.155594825,sICX,0,1,2025-03-04
cx88fd7df7ddff82f7cc735c871dc519838cb235bb,cx21e94c08c03daee80c25d8ee3ea22a20786ec231,cxa0af3165c08318e988cb30993b3048335b94af6c,0x3a06f7bb39904816b2,0xb584bfaae888e4c145498e38f372573a3c16bbf7f84c3d317917df85fd32470e,1,94211509,1070.4132320145372,1741103820780486,Balanced Dollar,0.155594825,bnUSD,0,1,2025-03-04
cx88fd7df7ddff82f7cc735c871dc519838cb235bb,hx970eda4988e547df0de8324226fdf3e8ebc9734f,cx21e94c08c03daee80c25d8ee3ea22a20786ec231,0x3a06f7bb39904816b2,0xb584bfaae888e4c145498e38f372573a3c16bbf7f84c3d317917df85fd32470e,0,94211509,1070.4132320145372,1741103820780486,Balanced Dollar,0.155594825,bnUSD,0,1,2025-03-04
cx6139a27c15f1653471ffba0b4b88dc15de7e3267,hx0000000000000000000000000000000000000000,hx4e626b118e7718dc163ccba7ddc3b43c783731e2,0x3e1ff1e03b55a80000,0xea7cce58565fee72132803387076a8b1aeef61d520900bd948661cea7e5011be,0,94211493,1146.0,1741103788769335,GangstaBet Token,0.0128092875,GBET,0,1,2025-03-04
cx53f8ccd5426534f82cf10cb742de033e51da72fc,hx9645117f1b0c7181a126c7f4f222caefc6ee7a61,hx9645117f1b0c7181a126c7f4f222caefc6ee7a61,0x0,0x9a9cc75085996bc1b0d5663ef1492f70b574a0788b349b47645f6bce59e1b1b3,0,94211472,0.0,1741103746963708,unknown_token,0.004295375,$unknown,25,1,2025-03-04
cx2609b924e33ef00b648a409245c7ea394c467824,cx43e2eec79eb76293c298f2b17aec06097be606e0,hx0000000000000000000000000000000000000000,0x2390cb9d87bff571d3,0x679e0314063c059fd7074b540aa22e31f207bb96fce7afcd70a49721e0f57927,1,94211439,656.0696487479348,1741103680927143,Staked ICX,0.088902675,sICX,0,1,2025-03-04
cx2609b924e33ef00b648a409245c7ea394c467824,hxc0a2c4b422657ff499640f07606b1516e9935b9b,cx43e2eec79eb76293c298f2b17aec06097be606e0,0x2390cb9d87bff571d3,0x679e0314063c059fd7074b540aa22e31f207bb96fce7afcd70a49721e0f57927,0,94211439,656.0696487479348,1741103680927143,Staked ICX,0.088902675,sICX,0,1,2025-03-04
cx2609b924e33ef00b648a409245c7ea394c467824,cx21e94c08c03daee80c25d8ee3ea22a20786ec231,hx279426eda879e73463c915f40fe78ec396cf09fb,0x109a4207075dbedc2001,0x0f73d372139c769ff8d07eef367364904d319b287402ba08e5d15023fa495a60,4,94211420,78403.42009289615,1741103642901085,Staked ICX,0.1130532125,sICX,0,1,2025-03-04
cx2609b924e33ef00b648a409245c7ea394c467824,hx0000000000000000000000000000000000000000,cx21e94c08c03daee80c25d8ee3ea22a20786ec231,0x109a4207075dbedc2001,0x0f73d372139c769ff8d07eef367364904d319b287402ba08e5d15023fa495a60,2,94211420,78403.42009289615,1741103642901085,Staked ICX,0.1130532125,sICX,0,1,2025-03-04
cx53f8ccd5426534f82cf10cb742de033e51da72fc,hx66b0a5c1aa35aa0d4ce16bd81e89b6da5f2a379f,hx66b0a5c1aa35aa0d4ce16bd81e89b6da5f2a379f,0x0,0x7473d7b66f6c59465275743374b6cae69ae747836c632953872b868ca7b6357e,0,94211416,0.0,1741103634714675,unknown_token,0.0042938125,$unknown,25,1,2025-03-04
cx2609b924e33ef00b648a409245c7ea394c467824,cx21e94c08c03daee80c25d8ee3ea22a20786ec231,hx279426eda879e73463c915f40fe78ec396cf09fb,0x109a4207075dbedc2001,0xd1c3accca7b0e8508f27b33b810d8b600dd08c3e9f5f98e311b35d709199a0d1,5,94211401,78403.42009289615,1741103604704706,Staked ICX,0.112307425,sICX,0,1,2025-03-04
cx2609b924e33ef00b648a409245c7ea394c467824,hx0000000000000000000000000000000000000000,cx21e94c08c03daee80c25d8ee3ea22a20786ec231,0x109a4207075dbedc2001,0xd1c3accca7b0e8508f27b33b810d8b600dd08c3e9f5f98e311b35d709199a0d1,3,94211401,78403.42009289615,1741103604704706,Staked ICX,0.112307425,sICX,0,1,2025-03-04
cx508002ec116fbf3ab406329c0df28e70d7e75fb3,cx21e94c08c03daee80c25d8ee3ea22a20786ec231,hx0000000000000000000000000000000000000000,0x2540be401,0x438c3cdd59f440edebeb1459634e74c6d9c49ed3e0eab937d5e14110edd6ded0,15,94211392,10.000000001,1741103586899703,Sui,0.2474336875,SUI,0,1,2025-03-04
cx88fd7df7ddff82f7cc735c871dc519838cb235bb,cxa0af3165c08318e988cb30993b3048335b94af6c,cx5faae53c4dbd1fbe4a2eb4aab6565030f10da5c6,0x7f8fddc2c7b4fa,0x438c3cdd59f440edebeb1459634e74c6d9c49ed3e0eab937d5e14110edd6ded0,11,94211392,0.035905504660665596,1741103586899703,Balanced Dollar,0.2474336875,bnUSD,0,1,2025-03-04
cx508002ec116fbf3ab406329c0df28e70d7e75fb3,cxa0af3165c08318e988cb30993b3048335b94af6c,cx21e94c08c03daee80c25d8ee3ea22a20786ec231,0x2540be401,0x438c3cdd59f440edebeb1459634e74c6d9c49ed3e0eab937d5e14110edd6ded0,10,94211392,10.000000001,1741103586899703,Sui,0.2474336875,SUI,0,1,2025-03-04
cx88fd7df7ddff82f7cc735c871dc519838cb235bb,cx21e94c08c03daee80c25d8ee3ea22a20786ec231,cxa0af3165c08318e988cb30993b3048335b94af6c,0x14c31518092bca247,0x438c3cdd59f440edebeb1459634e74c6d9c49ed3e0eab937d5e14110edd6ded0,9,94211392,23.937003107110396,1741103586899703,Balanced Dollar,0.2474336875,bnUSD,0,1,2025-03-04
cx88fd7df7ddff82f7cc735c871dc519838cb235bb,cxa0af3165c08318e988cb30993b3048335b94af6c,cx5faae53c4dbd1fbe4a2eb4aab6565030f10da5c6,0x7ff1354c23d84a,0x438c3cdd59f440edebeb1459634e74c6d9c49ed3e0eab937d5e14110edd6ded0,7,94211392,0.036012533255231564,1741103586899703,Balanced Dollar,0.2474336875,bnUSD,0,1,2025-03-04
cx88fd7df7ddff82f7cc735c871dc519838cb235bb,cxa0af3165c08318e988cb30993b3048335b94af6c,cx21e94c08c03daee80c25d8ee3ea22a20786ec231,0x14c31518092bca247,0x438c3cdd59f440edebeb1459634e74c6d9c49ed3e0eab937d5e14110edd6ded0,6,94211392,23.937003107110396,1741103586899703,Balanced Dollar,0.2474336875,bnUSD,0,1,2025-03-04
cx2609b924e33ef00b648a409245c7ea394c467824,cx21e94c08c03daee80c25d8ee3ea22a20786ec231,cxa0af3165c08318e988cb30993b3048335b94af6c,0x94fd5f261937500d3,0x438c3cdd59f440edebeb1459634e74c6d9c49ed3e0eab937d5e14110edd6ded0,5,94211392,171.77346726332132,1741103586899703,Staked ICX,0.2474336875,sICX,0,1,2025-03-04
cx2609b924e33ef00b648a409245c7ea394c467824,cxa0af3165c08318e988cb30993b3048335b94af6c,cx5faae53c4dbd1fbe4a2eb4aab6565030f10da5c6,0x39604ed44124f73,0x438c3cdd59f440edebeb1459634e74c6d9c49ed3e0eab937d5e14110edd6ded0,3,94211392,0.25839944571619317,1741103586899703,Staked ICX,0.2474336875,sICX,0,1,2025-03-04
cx2609b924e33ef00b648a409245c7ea394c467824,cxa0af3165c08318e988cb30993b3048335b94af6c,cx21e94c08c03daee80c25d8ee3ea22a20786ec231,0x94fd5f261937500d3,0x438c3cdd59f440edebeb1459634e74c6d9c49ed3e0eab937d5e14110edd6ded0,2,94211392,171.77346726332132,1741103586899703,Staked ICX,0.2474336875,sICX,0,1,2025-03-04
cxf61cd5a45dc9f91c15aa65831a30a90d59a09619,cx21e94c08c03daee80c25d8ee3ea22a20786ec231,cxa0af3165c08318e988cb30993b3048335b94af6c,0xb244cd7d829429e84,0x438c3cdd59f440edebeb1459634e74c6d9c49ed3e0eab937d5e14110edd6ded0,1,94211392,205.52988761780563,1741103586899703,Balance Token,0.2474336875,BALN,0,1,2025-03-04
cxf61cd5a45dc9f91c15aa65831a30a90d59a09619,hxa34e700764d560e169713f4f0b9c4cffcec01301,cx21e94c08c03daee80c25d8ee3ea22a20786ec231,0xb244cd7d829429e84,0x438c3cdd59f440edebeb1459634e74c6d9c49ed3e0eab937d5e14110edd6ded0,0,94211392,205.52988761780563,1741103586899703,Balance Token,0.2474336875,BALN,0,1,2025-03-04
cx2609b924e33ef00b648a409245c7ea394c467824,cxa0af3165c08318e988cb30993b3048335b94af6c,hx970eda4988e547df0de8324226fdf3e8ebc9734f,0x1,0x4ee00f28bf91cfe1bcc35d8da422eda70bb0502059f7b2148d9b99ba1e6133d7,4,94211365,1e-18,1741103532806806,Staked ICX,0.106107375,sICX,0,1,2025-03-04
cx2609b924e33ef00b648a409245c7ea394c467824,hx970eda4988e547df0de8324226fdf3e8ebc9734f,cxa0af3165c08318e988cb30993b3048335b94af6c,0x1d2dd0ca418ccc620d9,0xf5ecdd0058daf67b8bc927aaa00ef78d589f29e1b967958973f8bd068a4c8df6,1,94211358,8612.111024757176,1741103518682441,Staked ICX,0.0935583625,sICX,0,1,2025-03-04
cx3975b43d260fb8ec802cef6e60c2f4d07486f11d,hx970eda4988e547df0de8324226fdf3e8ebc9734f,cxa0af3165c08318e988cb30993b3048335b94af6c,0x2679318f424e7481104,0x642229f1ae7ad4ef8fff9fbe668642afc4a1ae3c751eab90154fd5c739caa600,1,94211356,11355.347095493727,1741103514700028,Wrapped ICX,0.0165812125,wICX,0,1,2025-03-04
cx3975b43d260fb8ec802cef6e60c2f4d07486f11d,hx0000000000000000000000000000000000000000,hx970eda4988e547df0de8324226fdf3e8ebc9734f,0x2679318f424e7481104,0x642229f1ae7ad4ef8fff9fbe668642afc4a1ae3c751eab90154fd5c739caa600,0,94211356,11355.347095493727,1741103514700028,Wrapped ICX,0.0165812125,wICX,0,1,2025-03-04
cx88fd7df7ddff82f7cc735c871dc519838cb235bb,cxa0af3165c08318e988cb30993b3048335b94af6c,cx5faae53c4dbd1fbe4a2eb4aab6565030f10da5c6,0x14c69f446e09d70,0xf6a6c1c4803099582bca82782d2f1007110e1737e780e299e9765a6027d11ba3,2,94211293,0.09356619014999998,1741103388629471,Balanced Dollar,0.0563991125,bnUSD,0,1,2025-03-04
cx288d13e1b63563459a2ac6179f237711f6851cb5,cxa0af3165c08318e988cb30993b3048335b94af6c,hxd75467e3e4ce64e3424c747dfb71503017440433,0x6ad1cbb66bb3f8,0xf6a6c1c4803099582bca82782d2f1007110e1737e780e299e9765a6027d11ba3,1,94211293,0.030067020400407544,1741103388629471,Ethereum,0.0563991125,ETH,0,1,2025-03-04
cx88fd7df7ddff82f7cc735c871dc519838cb235bb,hxd75467e3e4ce64e3424c747dfb71503017440433,cxa0af3165c08318e988cb30993b3048335b94af6c,0x361a94178939a0000,0xf6a6c1c4803099582bca82782d2f1007110e1737e780e299e9765a6027d11ba3,0,94211293,62.37746009999999,1741103388629471,Balanced Dollar,0.0563991125,bnUSD,0,1,2025-03-04
cx6139a27c15f1653471ffba0b4b88dc15de7e3267,hx08e44406b9dddc99a63fe8c21a72112f8aa38b93,hx5b24217047526bd1c9475ddc7e10f93325dd2322,0x3d79694fcf7cf80000,0x56b9893be2b4c5940d459abbb2caeb7528334734ac2dfe11669788cbb44ae38f,0,94211291,1134.0,1741103384627645,GangstaBet Token,0.00303385,GBET,0,1,2025-03-04
cx53f8ccd5426534f82cf10cb742de033e51da72fc,hx8026678e3d08ba3203ce6161ee8e9e3b9793491f,hx8026678e3d08ba3203ce6161ee8e9e3b9793491f,0x0,0x1bef12e266d75b3ca035b5b513b8cd60b846deb038f27daf327bc8df81c0cb0f,0,94211290,0.0,1741103382756676,unknown_token,0.004292,$unknown,5,1,2025-03-04
cx518f64edcd35db9044a2de63fdc10abfd5f7d611,cx21e94c08c03daee80c25d8ee3ea22a20786ec231,hxd75467e3e4ce64e3424c747dfb71503017440433,0xefb21486,0x7db98f33310deed6c2ba09ed77e3909f6d8164221c57a0542fbaaabacf8302dd,9,94211285,402.1425286,1741103372648732,Stellar,0.1691896,XLM,0,1,2025-03-04
cx2609b924e33ef00b648a409245c7ea394c467824,cxa0af3165c08318e988cb30993b3048335b94af6c,cx5faae53c4dbd1fbe4a2eb4aab6565030f10da5c6,0x10e80b30b9fc6edc,0x7db98f33310deed6c2ba09ed77e3909f6d8164221c57a0542fbaaabacf8302dd,7,94211285,1.2182360031103834,1741103372648732,Staked ICX,0.1691896,sICX,0,1,2025-03-04
cx518f64edcd35db9044a2de63fdc10abfd5f7d611,cxa0af3165c08318e988cb30993b3048335b94af6c,cx21e94c08c03daee80c25d8ee3ea22a20786ec231,0xefb21486,0x7db98f33310deed6c2ba09ed77e3909f6d8164221c57a0542fbaaabacf8302dd,6,94211285,402.1425286,1741103372648732,Stellar,0.1691896,XLM,0,1,2025-03-04
cx2609b924e33ef00b648a409245c7ea394c467824,cx21e94c08c03daee80c25d8ee3ea22a20786ec231,cxa0af3165c08318e988cb30993b3048335b94af6c,0x2c06f2798f0160b2b0,0x7db98f33310deed6c2ba09ed77e3909f6d8164221c57a0542fbaaabacf8302dd,5,94211285,812.1573354069222,1741103372648732,Staked ICX,0.1691896,sICX,0,1,2025-03-04
cx88fd7df7ddff82f7cc735c871dc519838cb235bb,cxa0af3165c08318e988cb30993b3048335b94af6c,cx5faae53c4dbd1fbe4a2eb4aab6565030f10da5c6,0x25eb18e27ed67e7,0x7db98f33310deed6c2ba09ed77e3909f6d8164221c57a0542fbaaabacf8302dd,3,94211285,0.17076905999999997,1741103372648732,Balanced Dollar,0.1691896,bnUSD,0,1,2025-03-04
cx2609b924e33ef00b648a409245c7ea394c467824,cxa0af3165c08318e988cb30993b3048335b94af6c,cx21e94c08c03daee80c25d8ee3ea22a20786ec231,0x2c06f2798f0160b2b0,0x7db98f33310deed6c2ba09ed77e3909f6d8164221c57a0542fbaaabacf8302dd,2,94211285,812.1573354069222,1741103372648732,Staked ICX,0.1691896,sICX,0,1,2025-03-04
cx88fd7df7ddff82f7cc735c871dc519838cb235bb,cx21e94c08c03daee80c25d8ee3ea22a20786ec231,cxa0af3165c08318e988cb30993b3048335b94af6c,0x62bee6232a4e94000,0x7db98f33310deed6c2ba09ed77e3909f6d8164221c57a0542fbaaabacf8302dd,1,94211285,113.84603999999999,1741103372648732,Balanced Dollar,0.1691896,bnUSD,0,1,2025-03-04
cx88fd7df7ddff82f7cc735c871dc519838cb235bb,hxd75467e3e4ce64e3424c747dfb71503017440433,cx21e94c08c03daee80c25d8ee3ea22a20786ec231,0x62bee6232a4e94000,0x7db98f33310deed6c2ba09ed77e3909f6d8164221c57a0542fbaaabacf8302dd,0,94211285,113.84603999999999,1741103372648732,Balanced Dollar,0.1691896,bnUSD,0,1,2025-03-04
cx53f8ccd5426534f82cf10cb742de033e51da72fc,hx8026678e3d08ba3203ce6161ee8e9e3b9793491f,hx8026678e3d08ba3203ce6161ee8e9e3b9793491f,0x0,0x4b20584d918b673e9bb723777dcff96819df094e80e6cf71420206024fd3c24d,0,94211284,0.0,1741103370627792,unknown_token,0.004292,$unknown,5,1,2025-03-04
cx88fd7df7ddff82f7cc735c871dc519838cb235bb,cxa0af3165c08318e988cb30993b3048335b94af6c,cx5faae53c4dbd1fbe4a2eb4aab6565030f10da5c6,0x14c5f52e1e86a83,0x67f59e10573d98dcc88550cc94befed85d2f6a3fc1770f30838b5b9c9daf3f2d,2,94211275,0.09355450185,1741103352850252,Balanced Dollar,0.0563991125,bnUSD,0,1,2025-03-04
cx288d13e1b63563459a2ac6179f237711f6851cb5,cxa0af3165c08318e988cb30993b3048335b94af6c,hxd75467e3e4ce64e3424c747dfb71503017440433,0x6ad619cbb6610c,0x67f59e10573d98dcc88550cc94befed85d2f6a3fc1770f30838b5b9c9daf3f2d,1,94211275,0.030071753811583245,1741103352850252,Ethereum,0.0563991125,ETH,0,1,2025-03-04
cx88fd7df7ddff82f7cc735c871dc519838cb235bb,hxd75467e3e4ce64e3424c747dfb71503017440433,cxa0af3165c08318e988cb30993b3048335b94af6c,0x3618d9281a2956000,0x67f59e10573d98dcc88550cc94befed85d2f6a3fc1770f30838b5b9c9daf3f2d,0,94211275,62.3696679,1741103352850252,Balanced Dollar,0.0563991125,bnUSD,0,1,2025-03-04
cx88fd7df7ddff82f7cc735c871dc519838cb235bb,cxa0af3165c08318e988cb30993b3048335b94af6c,cx5faae53c4dbd1fbe4a2eb4aab6565030f10da5c6,0x14c5ad385f59000,0xb21fdec8dca33d87205bfa79948187926d933420e2f1935726a5eb4f7ecd47fd,2,94211269,0.0935495568,1741103340811808,Balanced Dollar,0.0563991125,bnUSD,0,1,2025-03-04
cx288d13e1b63563459a2ac6179f237711f6851cb5,cxa0af3165c08318e988cb30993b3048335b94af6c,hxd75467e3e4ce64e3424c747dfb71503017440433,0x6adc60dac7008d,0xb21fdec8dca33d87205bfa79948187926d933420e2f1935726a5eb4f7ecd47fd,1,94211269,0.030078656076775564,1741103340811808,Ethereum,0.0563991125,ETH,0,1,2025-03-04
cx88fd7df7ddff82f7cc735c871dc519838cb235bb,hxd75467e3e4ce64e3424c747dfb71503017440433,cxa0af3165c08318e988cb30993b3048335b94af6c,0x36181dc2cda270000,0xb21fdec8dca33d87205bfa79948187926d933420e2f1935726a5eb4f7ecd47fd,0,94211269,62.3663712,1741103340811808,Balanced Dollar,0.0563991125,bnUSD,0,1,2025-03-04
cx53f8ccd5426534f82cf10cb742de033e51da72fc,hx8026678e3d08ba3203ce6161ee8e9e3b9793491f,hx8026678e3d08ba3203ce6161ee8e9e3b9793491f,0x0,0x0ad75ba41db1eb2c0b6a6ec0611647f954993c3cdac9d6f8526ee488a52e71a2,0,94211262,0.0,1741103326789477,unknown_token,0.004292,$unknown,4,1,2025-03-04
cx7baf94bd53b505353285ee4c4c050f9703581703,hx08e44406b9dddc99a63fe8c21a72112f8aa38b93,hx0000000000000000000000000000000000000000,0x0,0x3b0936fd31b0787fddcf7813abbcc6f7ee62eb49dd9db88f3b90559d3f3b29b0,6,94211256,0.0,1741103314622291,unknown_token,0.0637823,$unknown,30,2,2025-03-04
cx7baf94bd53b505353285ee4c4c050f9703581703,hx08e44406b9dddc99a63fe8c21a72112f8aa38b93,hx0000000000000000000000000000000000000000,0x0,0x3b0936fd31b0787fddcf7813abbcc6f7ee62eb49dd9db88f3b90559d3f3b29b0,5,94211256,0.0,1741103314622291,unknown_token,0.0637823,$unknown,15,2,2025-03-04
cx7baf94bd53b505353285ee4c4c050f9703581703,hx08e44406b9dddc99a63fe8c21a72112f8aa38b93,hx0000000000000000000000000000000000000000,0x0,0x3b0936fd31b0787fddcf7813abbcc6f7ee62eb49dd9db88f3b90559d3f3b29b0,4,94211256,0.0,1741103314622291,unknown_token,0.0637823,$unknown,17,2,2025-03-04
cx53f8ccd5426534f82cf10cb742de033e51da72fc,hx08e44406b9dddc99a63fe8c21a72112f8aa38b93,hx0000000000000000000000000000000000000000,0x0,0x3b0936fd31b0787fddcf7813abbcc6f7ee62eb49dd9db88f3b90559d3f3b29b0,0,94211256,0.0,1741103314622291,unknown_token,0.0637823,$unknown,3,2,2025-03-04
cx88fd7df7ddff82f7cc735c871dc519838cb235bb,cxa0af3165c08318e988cb30993b3048335b94af6c,cx5faae53c4dbd1fbe4a2eb4aab6565030f10da5c6,0x14c493ec16ec589,0x2a82317cba4f5cba0a13a1d67a5e82bb47ef0637e7548be567df1e22af8c0eba,2,94211251,0.09353022615,1741103304604235,Balanced Dollar,0.056417925,bnUSD,0,1,2025-03-04
cx288d13e1b63563459a2ac6179f237711f6851cb5,cxa0af3165c08318e988cb30993b3048335b94af6c,hxd75467e3e4ce64e3424c747dfb71503017440433,0x6ade730ed28da5,0x2a82317cba4f5cba0a13a1d67a5e82bb47ef0637e7548be567df1e22af8c0eba,1,94211251,0.030080933282614693,1741103304604235,Ethereum,0.056417925,ETH,0,1,2025-03-04
cx88fd7df7ddff82f7cc735c871dc519838cb235bb,hxd75467e3e4ce64e3424c747dfb71503017440433,cxa0af3165c08318e988cb30993b3048335b94af6c,0x36154136d1077c000,0x2a82317cba4f5cba0a13a1d67a5e82bb47ef0637e7548be567df1e22af8c0eba,0,94211251,62.3534841,1741103304604235,Balanced Dollar,0.056417925,bnUSD,0,1,2025-03-04
cx6139a27c15f1653471ffba0b4b88dc15de7e3267,hx0000000000000000000000000000000000000000,hx08e44406b9dddc99a63fe8c21a72112f8aa38b93,0x3d79694fcf7cf80000,0x0a9cb9c03e863e1f7df82d9738c91ce2334ac2fea2e7d0de468bdc59deeeff9e,0,94211231,1134.0,1741103264623788,GangstaBet Token,0.0128046625,GBET,0,1,2025-03-04
cx53f8ccd5426534f82cf10cb742de033e51da72fc,hx9645117f1b0c7181a126c7f4f222caefc6ee7a61,hx9645117f1b0c7181a126c7f4f222caefc6ee7a61,0x0,0xa54f5ff800b68a001e8030fe9fa1eb6179c717c9e98d56b660a39a4c2234fd87,0,94211216,0.0,1741103234578695,unknown_token,0.005566675,$unknown,12,1,2025-03-04
cx53f8ccd5426534f82cf10cb742de033e51da72fc,hx9645117f1b0c7181a126c7f4f222caefc6ee7a61,hx9645117f1b0c7181a126c7f4f222caefc6ee7a61,0x0,0x9a5ca04aa80442aa01e280a07a5def41be5cee9f449ee7b1f57a975cc4f9d8b0,0,94211210,0.0,1741103222617690,unknown_token,0.005566675,$unknown,12,1,2025-03-04
cx88fd7df7ddff82f7cc735c871dc519838cb235bb,cx203d9cd2a669be67177e997b8948ce2c35caffae,cx835b300dcfe01f0bdb794e134a0c5628384f4367,0xaf7a6446c479d437,0xf5cf8b60785e88e201423a687495ba883bfbb96bf8233d8fff3ab3d8c543f340,6,94211205,12.644529158902897,1741103212576625,Balanced Dollar,0.0984957375,bnUSD,0,1,2025-03-04
cx88fd7df7ddff82f7cc735c871dc519838cb235bb,cx5faae53c4dbd1fbe4a2eb4aab6565030f10da5c6,cx203d9cd2a669be67177e997b8948ce2c35caffae,0xfaaed86518ae0a99,0xf5cf8b60785e88e201423a687495ba883bfbb96bf8233d8fff3ab3d8c543f340,4,94211205,18.063613084146994,1741103212576625,Balanced Dollar,0.0984957375,bnUSD,0,1,2025-03-04
cx88fd7df7ddff82f7cc735c871dc519838cb235bb,cx5faae53c4dbd1fbe4a2eb4aab6565030f10da5c6,cxdc30a0d3a1f131565c071272a20bc0b06fd4c17b,0xfaaed86518ae0a98,0xf5cf8b60785e88e201423a687495ba883bfbb96bf8233d8fff3ab3d8c543f340,3,94211205,18.063613084146994,1741103212576625,Balanced Dollar,0.0984957375,bnUSD,0,1,2025-03-04
cx88fd7df7ddff82f7cc735c871dc519838cb235bb,cxa0af3165c08318e988cb30993b3048335b94af6c,cx5faae53c4dbd1fbe4a2eb4aab6565030f10da5c6,0xe5fc524876c000,0xf5cf8b60785e88e201423a687495ba883bfbb96bf8233d8fff3ab3d8c543f340,2,94211205,0.0647352,1741103212576625,Balanced Dollar,0.0984957375,bnUSD,0,1,2025-03-04
cx4297f4b63262507623b6ad575d0d8dd2db980e4e,cxa0af3165c08318e988cb30993b3048335b94af6c,hxd75467e3e4ce64e3424c747dfb71503017440433,0x37a07aa177e342bf,0xf5cf8b60785e88e201423a687495ba883bfbb96bf8233d8fff3ab3d8c543f340,1,94211205,4.0083385022794475,1741103212576625,Injective,0.0984957375,INJ,0,1,2025-03-04
cx88fd7df7ddff82f7cc735c871dc519838cb235bb,hxd75467e3e4ce64e3424c747dfb71503017440433,cxa0af3165c08318e988cb30993b3048335b94af6c,0x256ebc0f20a940000,0xf5cf8b60785e88e201423a687495ba883bfbb96bf8233d8fff3ab3d8c543f340,0,94211205,43.1568,1741103212576625,Balanced Dollar,0.0984957375,bnUSD,0,1,2025-03-04
cx7baf94bd53b505353285ee4c4c050f9703581703,hx3947767605f14af80214f4938d4618b5940a6c4d,hx0000000000000000000000000000000000000000,0x0,0x9c275c7acfd58d9b23f845ee130db594591c6360a3234beb4422b3ad7226782d,6,94211190,0.0,1741103182681439,unknown_token,0.06436575,$unknown,25,1,2025-03-04
cx7baf94bd53b505353285ee4c4c050f9703581703,hx3947767605f14af80214f4938d4618b5940a6c4d,hx0000000000000000000000000000000000000000,0x0,0x9c275c7acfd58d9b23f845ee130db594591c6360a3234beb4422b3ad7226782d,5,94211190,0.0,1741103182681439,unknown_token,0.06436575,$unknown,12,1,2025-03-04
cx7baf94bd53b505353285ee4c4c050f9703581703,hx3947767605f14af80214f4938d4618b5940a6c4d,hx0000000000000000000000000000000000000000,0x0,0x9c275c7acfd58d9b23f845ee130db594591c6360a3234beb4422b3ad7226782d,4,94211190,0.0,1741103182681439,unknown_token,0.06436575,$unknown,15,1,2025-03-04
cx53f8ccd5426534f82cf10cb742de033e51da72fc,hx3947767605f14af80214f4938d4618b5940a6c4d,hx0000000000000000000000000000000000000000,0x0,0x9c275c7acfd58d9b23f845ee130db594591c6360a3234beb4422b3ad7226782d,0,94211190,0.0,1741103182681439,unknown_token,0.06436575,$unknown,3,1,2025-03-04
cx88fd7df7ddff82f7cc735c871dc519838cb235bb,cxa0af3165c08318e988cb30993b3048335b94af6c,cx5faae53c4dbd1fbe4a2eb4aab6565030f10da5c6,0x14c090db858f400,0x8717e6118cb449f4e48c7e02178e264baa063c630c154f987cde1076488738d7,2,94211188,0.0934596468,1741103178561463,Balanced Dollar,0.056400425,bnUSD,0,1,2025-03-04
cx288d13e1b63563459a2ac6179f237711f6851cb5,cxa0af3165c08318e988cb30993b3048335b94af6c,hxd75467e3e4ce64e3424c747dfb71503017440433,0x6ad1859fc0cac2,0x8717e6118cb449f4e48c7e02178e264baa063c630c154f987cde1076488738d7,1,94211188,0.03006671937239725,1741103178561463,Ethereum,0.056400425,ETH,0,1,2025-03-04
cx88fd7df7ddff82f7cc735c871dc519838cb235bb,hxd75467e3e4ce64e3424c747dfb71503017440433,cxa0af3165c08318e988cb30993b3048335b94af6c,0x360ace9101250c000,0x8717e6118cb449f4e48c7e02178e264baa063c630c154f987cde1076488738d7,0,94211188,62.3064312,1741103178561463,Balanced Dollar,0.056400425,bnUSD,0,1,2025-03-04
cx508002ec116fbf3ab406329c0df28e70d7e75fb3,cx21e94c08c03daee80c25d8ee3ea22a20786ec231,hx2debd9ec927cca1639da8d3518dd9dbf1cdfb357,0x22ec9dcaee,0x24ec7ca667426c49f0527913f5f3ddadc38413fecbd1dc8a765a96ea7262b38b,5,94211183,149.998652142,1741103168557022,Sui,0.0780271125,SUI,0,1,2025-03-04
cx88fd7df7ddff82f7cc735c871dc519838cb235bb,cxa0af3165c08318e988cb30993b3048335b94af6c,cx5faae53c4dbd1fbe4a2eb4aab6565030f10da5c6,0x7762b863fd752b2,0x24ec7ca667426c49f0527913f5f3ddadc38413fecbd1dc8a765a96ea7262b38b,3,94211183,0.537665061114041,1741103168557022,Balanced Dollar,0.0780271125,bnUSD,0,1,2025-03-04
cx508002ec116fbf3ab406329c0df28e70d7e75fb3,cxa0af3165c08318e988cb30993b3048335b94af6c,cx21e94c08c03daee80c25d8ee3ea22a20786ec231,0x22ec9dcaee,0x24ec7ca667426c49f0527913f5f3ddadc38413fecbd1dc8a765a96ea7262b38b,2,94211183,149.998652142,1741103168557022,Sui,0.0780271125,SUI,0,1,2025-03-04
cx88fd7df7ddff82f7cc735c871dc519838cb235bb,cx21e94c08c03daee80c25d8ee3ea22a20786ec231,cxa0af3165c08318e988cb30993b3048335b94af6c,0x136e66ad9b961204e0,0x24ec7ca667426c49f0527913f5f3ddadc38413fecbd1dc8a765a96ea7262b38b,1,94211183,358.44337407602734,1741103168557022,Balanced Dollar,0.0780271125,bnUSD,0,1,2025-03-04
cx88fd7df7ddff82f7cc735c871dc519838cb235bb,hx2debd9ec927cca1639da8d3518dd9dbf1cdfb357,cx21e94c08c03daee80c25d8ee3ea22a20786ec231,0x136e66ad9b961204e0,0x24ec7ca667426c49f0527913f5f3ddadc38413fecbd1dc8a765a96ea7262b38b,0,94211183,358.44337407602734,1741103168557022,Balanced Dollar,0.0780271125,bnUSD,0,1,2025-03-04
cx518f64edcd35db9044a2de63fdc10abfd5f7d611,cx21e94c08c03daee80c25d8ee3ea22a20786ec231,hxd75467e3e4ce64e3424c747dfb71503017440433,0xf03bebd1,0x1aba91606f7a105755273fe09de78b0d4b41744e3ab6597ca45df2a380ca27d5,9,94211176,403.0458833,1741103154562730,Stellar,0.1691936,XLM,0,1,2025-03-04
cx2609b924e33ef00b648a409245c7ea394c467824,cxa0af3165c08318e988cb30993b3048335b94af6c,cx5faae53c4dbd1fbe4a2eb4aab6565030f10da5c6,0x10e627c62aa8347c,0x1aba91606f7a105755273fe09de78b0d4b41744e3ab6597ca45df2a380ca27d5,7,94211176,1.2177044813229723,1741103154562730,Staked ICX,0.1691936,sICX,0,1,2025-03-04
cx518f64edcd35db9044a2de63fdc10abfd5f7d611,cxa0af3165c08318e988cb30993b3048335b94af6c,cx21e94c08c03daee80c25d8ee3ea22a20786ec231,0xf03bebd1,0x1aba91606f7a105755273fe09de78b0d4b41744e3ab6597ca45df2a380ca27d5,6,94211176,403.0458833,1741103154562730,Stellar,0.1691936,XLM,0,1,2025-03-04
cx2609b924e33ef00b648a409245c7ea394c467824,cx21e94c08c03daee80c25d8ee3ea22a20786ec231,cxa0af3165c08318e988cb30993b3048335b94af6c,0x2c0207940f1608adb8,0x1aba91606f7a105755273fe09de78b0d4b41744e3ab6597ca45df2a380ca27d5,5,94211176,811.8029875486482,1741103154562730,Staked ICX,0.1691936,sICX,0,1,2025-03-04
cx88fd7df7ddff82f7cc735c871dc519838cb235bb,cxa0af3165c08318e988cb30993b3048335b94af6c,cx5faae53c4dbd1fbe4a2eb4aab6565030f10da5c6,0x25e44866b1c9818,0x1aba91606f7a105755273fe09de78b0d4b41744e3ab6597ca45df2a380ca27d5,3,94211176,0.17064918,1741103154562730,Balanced Dollar,0.1691936,bnUSD,0,1,2025-03-04
cx2609b924e33ef00b648a409245c7ea394c467824,cxa0af3165c08318e988cb30993b3048335b94af6c,cx21e94c08c03daee80c25d8ee3ea22a20786ec231,0x2c0207940f1608adb8,0x1aba91606f7a105755273fe09de78b0d4b41744e3ab6597ca45df2a380ca27d5,2,94211176,811.8029875486482,1741103154562730,Staked ICX,0.1691936,sICX,0,1,2025-03-04
cx88fd7df7ddff82f7cc735c871dc519838cb235bb,cx21e94c08c03daee80c25d8ee3ea22a20786ec231,cxa0af3165c08318e988cb30993b3048335b94af6c,0x62ad273619a76c000,0x1aba91606f7a105755273fe09de78b0d4b41744e3ab6597ca45df2a380ca27d5,1,94211176,113.76612000000002,1741103154562730,Balanced Dollar,0.1691936,bnUSD,0,1,2025-03-04
cx88fd7df7ddff82f7cc735c871dc519838cb235bb,hxd75467e3e4ce64e3424c747dfb71503017440433,cx21e94c08c03daee80c25d8ee3ea22a20786ec231,0x62ad273619a76c000,0x1aba91606f7a105755273fe09de78b0d4b41744e3ab6597ca45df2a380ca27d5,0,94211176,113.76612000000002,1741103154562730,Balanced Dollar,0.1691936,bnUSD,0,1,2025-03-04
cx4297f4b63262507623b6ad575d0d8dd2db980e4e,cx21e94c08c03daee80c25d8ee3ea22a20786ec231,hx2debd9ec927cca1639da8d3518dd9dbf1cdfb357,0x1a05473ec04956840,0x114c900703c3f4a35e80bfa9273ecd5d71a25d1cc44a6a9d8b96d559fdba931e,5,94211171,29.999730475348095,1741103144551998,Injective,0.0883872375,INJ,0,2,2025-03-04
cx88fd7df7ddff82f7cc735c871dc519838cb235bb,cxa0af3165c08318e988cb30993b3048335b94af6c,cx5faae53c4dbd1fbe4a2eb4aab6565030f10da5c6,0x6b5d93ffe3c738b,0x114c900703c3f4a35e80bfa9273ecd5d71a25d1cc44a6a9d8b96d559fdba931e,3,94211171,0.483531403883738,1741103144551998,Balanced Dollar,0.0883872375,bnUSD,0,2,2025-03-04
cx4297f4b63262507623b6ad575d0d8dd2db980e4e,cxa0af3165c08318e988cb30993b3048335b94af6c,cx21e94c08c03daee80c25d8ee3ea22a20786ec231,0x1a05473ec04956840,0x114c900703c3f4a35e80bfa9273ecd5d71a25d1cc44a6a9d8b96d559fdba931e,2,94211171,29.999730475348095,1741103144551998,Injective,0.0883872375,INJ,0,2,2025-03-04
cx88fd7df7ddff82f7cc735c871dc519838cb235bb,cx21e94c08c03daee80c25d8ee3ea22a20786ec231,cxa0af3165c08318e988cb30993b3048335b94af6c,0x1179906bfb68178f50,0x114c900703c3f4a35e80bfa9273ecd5d71a25d1cc44a6a9d8b96d559fdba931e,1,94211171,322.35426925582533,1741103144551998,Balanced Dollar,0.0883872375,bnUSD,0,2,2025-03-04
cx88fd7df7ddff82f7cc735c871dc519838cb235bb,hx2debd9ec927cca1639da8d3518dd9dbf1cdfb357,cx21e94c08c03daee80c25d8ee3ea22a20786ec231,0x1179906bfb68178f50,0x114c900703c3f4a35e80bfa9273ecd5d71a25d1cc44a6a9d8b96d559fdba931e,0,94211171,322.35426925582533,1741103144551998,Balanced Dollar,0.0883872375,bnUSD,0,2,2025-03-04
cx88fd7df7ddff82f7cc735c871dc519838cb235bb,cxa0af3165c08318e988cb30993b3048335b94af6c,cx5faae53c4dbd1fbe4a2eb4aab6565030f10da5c6,0x14c9827e02b04f9,0x2393d06940312038ec24451639b77e28b7511afee747a22607a7312c6d7b7b7b,2,94211171,0.0936169893,1741103144551998,Balanced Dollar,0.056400425,bnUSD,0,1,2025-03-04
cx288d13e1b63563459a2ac6179f237711f6851cb5,cxa0af3165c08318e988cb30993b3048335b94af6c,hxd75467e3e4ce64e3424c747dfb71503017440433,0x6b074bece1686b,0x2393d06940312038ec24451639b77e28b7511afee747a22607a7312c6d7b7b7b,1,94211171,0.03012584518617713,1741103144551998,Ethereum,0.056400425,ETH,0,1,2025-03-04
cx88fd7df7ddff82f7cc735c871dc519838cb235bb,hxd75467e3e4ce64e3424c747dfb71503017440433,cxa0af3165c08318e988cb30993b3048335b94af6c,0x3622192827007a000,0x2393d06940312038ec24451639b77e28b7511afee747a22607a7312c6d7b7b7b,0,94211171,62.4113262,1741103144551998,Balanced Dollar,0.056400425,bnUSD,0,1,2025-03-04
cx66a031cc3bd305c76371fb586e93801b948254f0,cx21e94c08c03daee80c25d8ee3ea22a20786ec231,hx2debd9ec927cca1639da8d3518dd9dbf1cdfb357,0x1158da2980c920d8f,0x328375165e7fde98127482a4359f95e316afa1b67c0b73fafaae1ff3537213a8,5,94211168,19.999820294151867,1741103138549517,Avalanche,0.0882975,AVAX,0,2,2025-03-04
cx88fd7df7ddff82f7cc735c871dc519838cb235bb,cxa0af3165c08318e988cb30993b3048335b94af6c,cx5faae53c4dbd1fbe4a2eb4aab6565030f10da5c6,0x84c236e618eaf11,0x328375165e7fde98127482a4359f95e316afa1b67c0b73fafaae1ff3537213a8,3,94211168,0.597891807523549,1741103138549517,Balanced Dollar,0.0882975,bnUSD,0,2,2025-03-04
cx66a031cc3bd305c76371fb586e93801b948254f0,cxa0af3165c08318e988cb30993b3048335b94af6c,cx21e94c08c03daee80c25d8ee3ea22a20786ec231,0x1158da2980c920d8f,0x328375165e7fde98127482a4359f95e316afa1b67c0b73fafaae1ff3537213a8,2,94211168,19.999820294151867,1741103138549517,Avalanche,0.0882975,AVAX,0,2,2025-03-04
cx88fd7df7ddff82f7cc735c871dc519838cb235bb,cx21e94c08c03daee80c25d8ee3ea22a20786ec231,cxa0af3165c08318e988cb30993b3048335b94af6c,0x159b9c44c8b8e7e6f0,0x328375165e7fde98127482a4359f95e316afa1b67c0b73fafaae1ff3537213a8,1,94211168,398.59453834903263,1741103138549517,Balanced Dollar,0.0882975,bnUSD,0,2,2025-03-04
cx88fd7df7ddff82f7cc735c871dc519838cb235bb,hx2debd9ec927cca1639da8d3518dd9dbf1cdfb357,cx21e94c08c03daee80c25d8ee3ea22a20786ec231,0x159b9c44c8b8e7e6f0,0x328375165e7fde98127482a4359f95e316afa1b67c0b73fafaae1ff3537213a8,0,94211168,398.59453834903263,1741103138549517,Balanced Dollar,0.0882975,bnUSD,0,2,2025-03-04
cx6139a27c15f1653471ffba0b4b88dc15de7e3267,hx3947767605f14af80214f4938d4618b5940a6c4d,hx5b24217047526bd1c9475ddc7e10f93325dd2322,0x3d79694fcf7cf80000,0x3e7bbb4065f99822d7c934aa91acfc5ce0861363ebec5b929f6fffba1b1ad1b7,0,94211168,1134.0,1741103138549517,GangstaBet Token,0.00303385,GBET,0,1,2025-03-04
cx88fd7df7ddff82f7cc735c871dc519838cb235bb,cxa0af3165c08318e988cb30993b3048335b94af6c,cx5faae53c4dbd1fbe4a2eb4aab6565030f10da5c6,0xe5c5ce6a0e5800,0x6eab94182c203a0889b25b9b1e2cb9b765167a59dd033dd08e0a4c3fd6b10964,2,94211165,0.06467526,1741103132659691,Balanced Dollar,0.0563627125,bnUSD,0,1,2025-03-04
cx4297f4b63262507623b6ad575d0d8dd2db980e4e,cxa0af3165c08318e988cb30993b3048335b94af6c,hxd75467e3e4ce64e3424c747dfb71503017440433,0x37cc4ca474453619,0x6eab94182c203a0889b25b9b1e2cb9b765167a59dd033dd08e0a4c3fd6b10964,1,94211165,4.02067283654405,1741103132659691,Injective,0.0563627125,INJ,0,1,2025-03-04
cx88fd7df7ddff82f7cc735c871dc519838cb235bb,hxd75467e3e4ce64e3424c747dfb71503017440433,cxa0af3165c08318e988cb30993b3048335b94af6c,0x2565dc989855a8000,0x6eab94182c203a0889b25b9b1e2cb9b765167a59dd033dd08e0a4c3fd6b10964,0,94211165,43.11684,1741103132659691,Balanced Dollar,0.0563627125,bnUSD,0,1,2025-03-04
cx2d552c485ec8bcaa75aac02424e2aca6ffdb2f1b,cx21e94c08c03daee80c25d8ee3ea22a20786ec231,hx2debd9ec927cca1639da8d3518dd9dbf1cdfb357,0x9b6e0927974e415,0xcbbe1006d4a4ac35c0194976c56e9277db0c961ac3f1ca5ea095b33b7085d73b,5,94211164,0.6999937118102415,1741103130738056,Binance Coin,0.0882703375,BNB,0,1,2025-03-04
cx88fd7df7ddff82f7cc735c871dc519838cb235bb,cxa0af3165c08318e988cb30993b3048335b94af6c,cx5faae53c4dbd1fbe4a2eb4aab6565030f10da5c6,0x85163c12cdd6152,0xcbbe1006d4a4ac35c0194976c56e9277db0c961ac3f1ca5ea095b33b7085d73b,3,94211164,0.5993699067495305,1741103130738056,Balanced Dollar,0.0882703375,bnUSD,0,1,2025-03-04
cx2d552c485ec8bcaa75aac02424e2aca6ffdb2f1b,cxa0af3165c08318e988cb30993b3048335b94af6c,cx21e94c08c03daee80c25d8ee3ea22a20786ec231,0x9b6e0927974e415,0xcbbe1006d4a4ac35c0194976c56e9277db0c961ac3f1ca5ea095b33b7085d73b,2,94211164,0.6999937118102415,1741103130738056,Binance Coin,0.0882703375,BNB,0,1,2025-03-04
cx88fd7df7ddff82f7cc735c871dc519838cb235bb,cx21e94c08c03daee80c25d8ee3ea22a20786ec231,cxa0af3165c08318e988cb30993b3048335b94af6c,0x15a9491c64d5d81ae0,0xcbbe1006d4a4ac35c0194976c56e9277db0c961ac3f1ca5ea095b33b7085d73b,1,94211164,399.5799378330203,1741103130738056,Balanced Dollar,0.0882703375,bnUSD,0,1,2025-03-04
cx88fd7df7ddff82f7cc735c871dc519838cb235bb,hx2debd9ec927cca1639da8d3518dd9dbf1cdfb357,cx21e94c08c03daee80c25d8ee3ea22a20786ec231,0x15a9491c64d5d81ae0,0xcbbe1006d4a4ac35c0194976c56e9277db0c961ac3f1ca5ea095b33b7085d73b,0,94211164,399.5799378330203,1741103130738056,Balanced Dollar,0.0882703375,bnUSD,0,1,2025-03-04
cx88fd7df7ddff82f7cc735c871dc519838cb235bb,cxa0af3165c08318e988cb30993b3048335b94af6c,cx5faae53c4dbd1fbe4a2eb4aab6565030f10da5c6,0xe558c6ad3d87f3,0x6ebb5de74dff1abe4876ea2f3e63bc174e0e2ef46091706aed7464592a09d459,2,94211157,0.06455537999999998,1741103116723846,Balanced Dollar,0.0563627125,bnUSD,0,1,2025-03-04
cx4297f4b63262507623b6ad575d0d8dd2db980e4e,cxa0af3165c08318e988cb30993b3048335b94af6c,hxd75467e3e4ce64e3424c747dfb71503017440433,0x37b88d1fdf013808,0x6ebb5de74dff1abe4876ea2f3e63bc174e0e2ef46091706aed7464592a09d459,1,94211157,4.015114235825699,1741103116723846,Injective,0.0563627125,INJ,0,1,2025-03-04
cx88fd7df7ddff82f7cc735c871dc519838cb235bb,hxd75467e3e4ce64e3424c747dfb71503017440433,cxa0af3165c08318e988cb30993b3048335b94af6c,0x25541dab87ae76000,0x6ebb5de74dff1abe4876ea2f3e63bc174e0e2ef46091706aed7464592a09d459,0,94211157,43.036919999999995,1741103116723846,Balanced Dollar,0.0563627125,bnUSD,0,1,2025-03-04
cx53f8ccd5426534f82cf10cb742de033e51da72fc,hx9645117f1b0c7181a126c7f4f222caefc6ee7a61,hx9645117f1b0c7181a126c7f4f222caefc6ee7a61,0x0,0xf28f681a151e877581f648c94fb88001b92935af415b92434075d903673ec0c6,0,94211148,0.0,1741103098534204,unknown_token,0.004295375,$unknown,11,1,2025-03-04
cx6139a27c15f1653471ffba0b4b88dc15de7e3267,hx0000000000000000000000000000000000000000,hx3947767605f14af80214f4938d4618b5940a6c4d,0x3d79694fcf7cf80000,0x33639ed41be06978dccbcbc2f025d486020cf7400f8caac253fea8e2a934bab0,0,94211145,1134.0,1741103092698239,GangstaBet Token,0.0128189125,GBET,0,1,2025-03-04
cx88fd7df7ddff82f7cc735c871dc519838cb235bb,cxa0af3165c08318e988cb30993b3048335b94af6c,cx5faae53c4dbd1fbe4a2eb4aab6565030f10da5c6,0xe4ebbef06cb800,0x87a61fbc87bf435ebcaedd06ee339b9ead9efbd2fb70896172baaac15799c64a,2,94211143,0.0644355,1741103088531408,Balanced Dollar,0.0563627125,bnUSD,0,1,2025-03-04
cx4297f4b63262507623b6ad575d0d8dd2db980e4e,cxa0af3165c08318e988cb30993b3048335b94af6c,hxd75467e3e4ce64e3424c747dfb71503017440433,0x37a4c53bbc5672dc,0x87a61fbc87bf435ebcaedd06ee339b9ead9efbd2fb70896172baaac15799c64a,1,94211143,4.009546428620109,1741103088531408,Injective,0.0563627125,INJ,0,1,2025-03-04
cx88fd7df7ddff82f7cc735c871dc519838cb235bb,hxd75467e3e4ce64e3424c747dfb71503017440433,cxa0af3165c08318e988cb30993b3048335b94af6c,0x25425ebe770748000,0x87a61fbc87bf435ebcaedd06ee339b9ead9efbd2fb70896172baaac15799c64a,0,94211143,42.957,1741103088531408,Balanced Dollar,0.0563627125,bnUSD,0,1,2025-03-04
cx53f8ccd5426534f82cf10cb742de033e51da72fc,hx9645117f1b0c7181a126c7f4f222caefc6ee7a61,hx9645117f1b0c7181a126c7f4f222caefc6ee7a61,0x0,0xdc5a1504c0563d2851b1b9e57f6cfba60dc428877e9447e54b891d532efadf1f,0,94211141,0.0,1741103084531829,unknown_token,0.004295375,$unknown,11,1,2025-03-04
cx53f8ccd5426534f82cf10cb742de033e51da72fc,hx9645117f1b0c7181a126c7f4f222caefc6ee7a61,hx9645117f1b0c7181a126c7f4f222caefc6ee7a61,0x0,0xf3aa06c2773e0c60f138b1eda127b461854c39d13118d60f897ff19d2e3b6fe7,0,94211135,0.0,1741103072560525,unknown_token,0.004295375,$unknown,11,1,2025-03-04
cx53f8ccd5426534f82cf10cb742de033e51da72fc,hx9645117f1b0c7181a126c7f4f222caefc6ee7a61,hx9645117f1b0c7181a126c7f4f222caefc6ee7a61,0x0,0x453681b13a6082e60c1a51e6444ef898020f28916e229a4ad9909a6a2626a326,0,94211121,0.0,1741103044518220,unknown_token,0.004295375,$unknown,11,1,2025-03-04
cx53f8ccd5426534f82cf10cb742de033e51da72fc,hx9645117f1b0c7181a126c7f4f222caefc6ee7a61,hx9645117f1b0c7181a126c7f4f222caefc6ee7a61,0x0,0x92b482f844238a99f5061f4a1601b8df1c218016a0c71c3dd87fc9ee1afff1c6,0,94211099,0.0,1741103000502888,unknown_token,0.004295375,$unknown,10,1,2025-03-04
cx6139a27c15f1653471ffba0b4b88dc15de7e3267,hx80478879d2fba425d6bc07bdc318dae854fb3f2d,hx5b24217047526bd1c9475ddc7e10f93325dd2322,0x3e1ff1e03b55a80000,0x0ee0a4b1eafb43d12edc57dbfbe276310c240d0ef83fcc8c2eb22e4b84517c48,0,94211098,1146.0,1741102998502466,GangstaBet Token,0.00303385,GBET,0,1,2025-03-04
cx53f8ccd5426534f82cf10cb742de033e51da72fc,hx8026678e3d08ba3203ce6161ee8e9e3b9793491f,hx8026678e3d08ba3203ce6161ee8e9e3b9793491f,0x0,0xdf579eaff53eb21e77073c6dc197d92d6331f3344c27529eb3798df142edaf8c,0,94211091,0.0,1741102984495762,unknown_token,0.004295375,$unknown,10,1,2025-03-04
cx88fd7df7ddff82f7cc735c871dc519838cb235bb,cx21e94c08c03daee80c25d8ee3ea22a20786ec231,hx7497c286aa521b09b2b54d78cde3fa4573c0e157,0x528a5ffac706f9366,0x2cae7ae3637be260245053a56b38f21176af6b0dda83aced2ad34efa804e2825,13,94211074,95.16274861730795,1741102950481897,Balanced Dollar,0.2235377,bnUSD,0,1,2025-03-04
cx88fd7df7ddff82f7cc735c871dc519838cb235bb,cxa0af3165c08318e988cb30993b3048335b94af6c,cx5faae53c4dbd1fbe4a2eb4aab6565030f10da5c6,0x1fc991ee18a1fee,0x2cae7ae3637be260245053a56b38f21176af6b0dda83aced2ad34efa804e2825,11,94211074,0.1431576460810076,1741102950481897,Balanced Dollar,0.2235377,bnUSD,0,1,2025-03-04
cx88fd7df7ddff82f7cc735c871dc519838cb235bb,cxa0af3165c08318e988cb30993b3048335b94af6c,cx21e94c08c03daee80c25d8ee3ea22a20786ec231,0x528a5ffac706f9366,0x2cae7ae3637be260245053a56b38f21176af6b0dda83aced2ad34efa804e2825,10,94211074,95.16274861730795,1741102950481897,Balanced Dollar,0.2235377,bnUSD,0,1,2025-03-04
cx2609b924e33ef00b648a409245c7ea394c467824,cx21e94c08c03daee80c25d8ee3ea22a20786ec231,cxa0af3165c08318e988cb30993b3048335b94af6c,0x2508c570bfe8a29a0a,0x2cae7ae3637be260245053a56b38f21176af6b0dda83aced2ad34efa804e2825,9,94211074,683.1615660195129,1741102950481897,Staked ICX,0.2235377,sICX,0,1,2025-03-04
cx2609b924e33ef00b648a409245c7ea394c467824,cxa0af3165c08318e988cb30993b3048335b94af6c,cx5faae53c4dbd1fbe4a2eb4aab6565030f10da5c6,0xe418ba77225f9da,0x2cae7ae3637be260245053a56b38f21176af6b0dda83aced2ad34efa804e2825,7,94211074,1.0272557413080745,1741102950481897,Staked ICX,0.2235377,sICX,0,1,2025-03-04
cx2609b924e33ef00b648a409245c7ea394c467824,cxa0af3165c08318e988cb30993b3048335b94af6c,cx21e94c08c03daee80c25d8ee3ea22a20786ec231,0x2508c570bfe8a29a0a,0x2cae7ae3637be260245053a56b38f21176af6b0dda83aced2ad34efa804e2825,6,94211074,683.1615660195129,1741102950481897,Staked ICX,0.2235377,sICX,0,1,2025-03-04
cxf61cd5a45dc9f91c15aa65831a30a90d59a09619,cx21e94c08c03daee80c25d8ee3ea22a20786ec231,cxa0af3165c08318e988cb30993b3048335b94af6c,0x2c4806af0c0c01d099,0x2cae7ae3637be260245053a56b38f21176af6b0dda83aced2ad34efa804e2825,5,94211074,816.8467673300872,1741102950481897,Balance Token,0.2235377,BALN,0,1,2025-03-04
cx88fd7df7ddff82f7cc735c871dc519838cb235bb,cxa0af3165c08318e988cb30993b3048335b94af6c,cx5faae53c4dbd1fbe4a2eb4aab6565030f10da5c6,0x1fa6aa26fca1493,0x2cae7ae3637be260245053a56b38f21176af6b0dda83aced2ad34efa804e2825,3,94211074,0.14254358410835266,1741102950481897,Balanced Dollar,0.2235377,bnUSD,0,1,2025-03-04
cxf61cd5a45dc9f91c15aa65831a30a90d59a09619,cxa0af3165c08318e988cb30993b3048335b94af6c,cx21e94c08c03daee80c25d8ee3ea22a20786ec231,0x2c4806af0c0c01d099,0x2cae7ae3637be260245053a56b38f21176af6b0dda83aced2ad34efa804e2825,2,94211074,816.8467673300872,1741102950481897,Balance Token,0.2235377,BALN,0,1,2025-03-04
cx88fd7df7ddff82f7cc735c871dc519838cb235bb,cx21e94c08c03daee80c25d8ee3ea22a20786ec231,cxa0af3165c08318e988cb30993b3048335b94af6c,0x526cb07031e404000,0x2cae7ae3637be260245053a56b38f21176af6b0dda83aced2ad34efa804e2825,1,94211074,95.02905607223511,1741102950481897,Balanced Dollar,0.2235377,bnUSD,0,1,2025-03-04
cx88fd7df7ddff82f7cc735c871dc519838cb235bb,hx7497c286aa521b09b2b54d78cde3fa4573c0e157,cx21e94c08c03daee80c25d8ee3ea22a20786ec231,0x526cb07031e404000,0x2cae7ae3637be260245053a56b38f21176af6b0dda83aced2ad34efa804e2825,0,94211074,95.02905607223511,1741102950481897,Balanced Dollar,0.2235377,bnUSD,0,1,2025-03-04
cx2609b924e33ef00b648a409245c7ea394c467824,cx21e94c08c03daee80c25d8ee3ea22a20786ec231,hx2debd9ec927cca1639da8d3518dd9dbf1cdfb357,0x6c6b536dfed1cd8a5c,0x65cdba21b5304825693d4f358e24d699cbc1a691b4c1e8963ff5a1fdc771bd15,5,94211073,1999.982005886966,1741102948518837,Staked ICX,0.112702,sICX,0,1,2025-03-04
cx88fd7df7ddff82f7cc735c871dc519838cb235bb,cxa0af3165c08318e988cb30993b3048335b94af6c,cx5faae53c4dbd1fbe4a2eb4aab6565030f10da5c6,0x5d543db390685c8,0x65cdba21b5304825693d4f358e24d699cbc1a691b4c1e8963ff5a1fdc771bd15,3,94211073,0.420316749062637,1741102948518837,Balanced Dollar,0.112702,bnUSD,0,1,2025-03-04
cx2609b924e33ef00b648a409245c7ea394c467824,cxa0af3165c08318e988cb30993b3048335b94af6c,cx21e94c08c03daee80c25d8ee3ea22a20786ec231,0x6c6b536dfed1cd8a5c,0x65cdba21b5304825693d4f358e24d699cbc1a691b4c1e8963ff5a1fdc771bd15,2,94211073,1999.982005886966,1741102948518837,Staked ICX,0.112702,sICX,0,1,2025-03-04
cx88fd7df7ddff82f7cc735c871dc519838cb235bb,cx21e94c08c03daee80c25d8ee3ea22a20786ec231,cxa0af3165c08318e988cb30993b3048335b94af6c,0xf30b60ae480fc6380,0x65cdba21b5304825693d4f358e24d699cbc1a691b4c1e8963ff5a1fdc771bd15,1,94211073,280.211166041758,1741102948518837,Balanced Dollar,0.112702,bnUSD,0,1,2025-03-04
cx88fd7df7ddff82f7cc735c871dc519838cb235bb,hx2debd9ec927cca1639da8d3518dd9dbf1cdfb357,cx21e94c08c03daee80c25d8ee3ea22a20786ec231,0xf30b60ae480fc6380,0x65cdba21b5304825693d4f358e24d699cbc1a691b4c1e8963ff5a1fdc771bd15,0,94211073,280.211166041758,1741102948518837,Balanced Dollar,0.112702,bnUSD,0,1,2025-03-04
cx518f64edcd35db9044a2de63fdc10abfd5f7d611,cx21e94c08c03daee80c25d8ee3ea22a20786ec231,hxd75467e3e4ce64e3424c747dfb71503017440433,0xef6fcd00,0x47b84508cd88296e2403d18aef8422f46b5aa0d749db26c814c0c1d43164b91d,16,94211069,401.70816,1741102940669927,Stellar,0.3682937125,XLM,0,1,2025-03-04
cx2609b924e33ef00b648a409245c7ea394c467824,cx203d9cd2a669be67177e997b8948ce2c35caffae,cx835b300dcfe01f0bdb794e134a0c5628384f4367,0x45464570f343a4e2,0x47b84508cd88296e2403d18aef8422f46b5aa0d749db26c814c0c1d43164b91d,13,94211069,4.9917535884067235,1741102940669927,Staked ICX,0.3682937125,sICX,0,1,2025-03-04
cx2609b924e33ef00b648a409245c7ea394c467824,cx5faae53c4dbd1fbe4a2eb4aab6565030f10da5c6,cx203d9cd2a669be67177e997b8948ce2c35caffae,0x62f6ac5836f2eb8d,0x47b84508cd88296e2403d18aef8422f46b5aa0d749db26c814c0c1d43164b91d,10,94211069,7.131076554866748,1741102940669927,Staked ICX,0.3682937125,sICX,0,1,2025-03-04
cx2609b924e33ef00b648a409245c7ea394c467824,cx5faae53c4dbd1fbe4a2eb4aab6565030f10da5c6,cxdc30a0d3a1f131565c071272a20bc0b06fd4c17b,0x62f6ac5836f2eb8d,0x47b84508cd88296e2403d18aef8422f46b5aa0d749db26c814c0c1d43164b91d,8,94211069,7.131076554866748,1741102940669927,Staked ICX,0.3682937125,sICX,0,1,2025-03-04
cx2609b924e33ef00b648a409245c7ea394c467824,cxa0af3165c08318e988cb30993b3048335b94af6c,cx5faae53c4dbd1fbe4a2eb4aab6565030f10da5c6,0x10cc46f4d7a4743c,0x47b84508cd88296e2403d18aef8422f46b5aa0d749db26c814c0c1d43164b91d,7,94211069,1.2104204172596644,1741102940669927,Staked ICX,0.3682937125,sICX,0,1,2025-03-04
cx518f64edcd35db9044a2de63fdc10abfd5f7d611,cxa0af3165c08318e988cb30993b3048335b94af6c,cx21e94c08c03daee80c25d8ee3ea22a20786ec231,0xef6fcd00,0x47b84508cd88296e2403d18aef8422f46b5aa0d749db26c814c0c1d43164b91d,6,94211069,401.70816,1741102940669927,Stellar,0.3682937125,XLM,0,1,2025-03-04
cx2609b924e33ef00b648a409245c7ea394c467824,cx21e94c08c03daee80c25d8ee3ea22a20786ec231,cxa0af3165c08318e988cb30993b3048335b94af6c,0x2bbea372f191995d16,0x47b84508cd88296e2403d18aef8422f46b5aa0d749db26c814c0c1d43164b91d,5,94211069,806.9469448397763,1741102940669927,Staked ICX,0.3682937125,sICX,0,1,2025-03-04
cx88fd7df7ddff82f7cc735c871dc519838cb235bb,cxa0af3165c08318e988cb30993b3048335b94af6c,cx5faae53c4dbd1fbe4a2eb4aab6565030f10da5c6,0x25a38bce95ce018,0x47b84508cd88296e2403d18aef8422f46b5aa0d749db26c814c0c1d43164b91d,3,94211069,0.16951032000000002,1741102940669927,Balanced Dollar,0.3682937125,bnUSD,0,1,2025-03-04
cx2609b924e33ef00b648a409245c7ea394c467824,cxa0af3165c08318e988cb30993b3048335b94af6c,cx21e94c08c03daee80c25d8ee3ea22a20786ec231,0x2bbea372f191995d16,0x47b84508cd88296e2403d18aef8422f46b5aa0d749db26c814c0c1d43164b91d,2,94211069,806.9469448397763,1741102940669927,Staked ICX,0.3682937125,sICX,0,1,2025-03-04
cx88fd7df7ddff82f7cc735c871dc519838cb235bb,cx21e94c08c03daee80c25d8ee3ea22a20786ec231,cxa0af3165c08318e988cb30993b3048335b94af6c,0x62049169fb7324000,0x47b84508cd88296e2403d18aef8422f46b5aa0d749db26c814c0c1d43164b91d,1,94211069,113.00688000000001,1741102940669927,Balanced Dollar,0.3682937125,bnUSD,0,1,2025-03-04
cx88fd7df7ddff82f7cc735c871dc519838cb235bb,hxd75467e3e4ce64e3424c747dfb71503017440433,cx21e94c08c03daee80c25d8ee3ea22a20786ec231,0x62049169fb7324000,0x47b84508cd88296e2403d18aef8422f46b5aa0d749db26c814c0c1d43164b91d,0,94211069,113.00688000000001,1741102940669927,Balanced Dollar,0.3682937125,bnUSD,0,1,2025-03-04
cx2609b924e33ef00b648a409245c7ea394c467824,cx21e94c08c03daee80c25d8ee3ea22a20786ec231,hx2debd9ec927cca1639da8d3518dd9dbf1cdfb357,0x6c6b536dfe155c88d0,0x269b21b2e543f1b0d5e8be1c1f22a8ce7e98a7c4d8ebfa4b18f96e379f4ff2cb,5,94211068,1999.9820058838043,1741102938475455,Staked ICX,0.112702,sICX,0,1,2025-03-04
cx88fd7df7ddff82f7cc735c871dc519838cb235bb,cxa0af3165c08318e988cb30993b3048335b94af6c,cx5faae53c4dbd1fbe4a2eb4aab6565030f10da5c6,0x5d3e4d9545eda9e,0x269b21b2e543f1b0d5e8be1c1f22a8ce7e98a7c4d8ebfa4b18f96e379f4ff2cb,3,94211068,0.41993081235012675,1741102938475455,Balanced Dollar,0.112702,bnUSD,0,1,2025-03-04
cx2609b924e33ef00b648a409245c7ea394c467824,cxa0af3165c08318e988cb30993b3048335b94af6c,cx21e94c08c03daee80c25d8ee3ea22a20786ec231,0x6c6b536dfe155c88d0,0x269b21b2e543f1b0d5e8be1c1f22a8ce7e98a7c4d8ebfa4b18f96e379f4ff2cb,2,94211068,1999.9820058838043,1741102938475455,Staked ICX,0.112702,sICX,0,1,2025-03-04
cx88fd7df7ddff82f7cc735c871dc519838cb235bb,cx21e94c08c03daee80c25d8ee3ea22a20786ec231,cxa0af3165c08318e988cb30993b3048335b94af6c,0xf2d23f5f661aea620,0x269b21b2e543f1b0d5e8be1c1f22a8ce7e98a7c4d8ebfa4b18f96e379f4ff2cb,1,94211068,279.9538749000845,1741102938475455,Balanced Dollar,0.112702,bnUSD,0,1,2025-03-04
cx88fd7df7ddff82f7cc735c871dc519838cb235bb,hx2debd9ec927cca1639da8d3518dd9dbf1cdfb357,cx21e94c08c03daee80c25d8ee3ea22a20786ec231,0xf2d23f5f661aea620,0x269b21b2e543f1b0d5e8be1c1f22a8ce7e98a7c4d8ebfa4b18f96e379f4ff2cb,0,94211068,279.9538749000845,1741102938475455,Balanced Dollar,0.112702,bnUSD,0,1,2025-03-04
cx2609b924e33ef00b648a409245c7ea394c467824,cx21e94c08c03daee80c25d8ee3ea22a20786ec231,hx2debd9ec927cca1639da8d3518dd9dbf1cdfb357,0x6c6b536dfddc263c55,0xb11fc2b306da320c92ec7033e8bb50057ff9622b268bdeebbc55e28032f40a84,5,94211063,1999.9820058828445,1741102928470373,Staked ICX,0.112702,sICX,0,1,2025-03-04
cx88fd7df7ddff82f7cc735c871dc519838cb235bb,cxa0af3165c08318e988cb30993b3048335b94af6c,cx5faae53c4dbd1fbe4a2eb4aab6565030f10da5c6,0x5d2eb0b9a9d28a3,0xb11fc2b306da320c92ec7033e8bb50057ff9622b268bdeebbc55e28032f40a84,3,94211063,0.4196561503700359,1741102928470373,Balanced Dollar,0.112702,bnUSD,0,1,2025-03-04
cx2609b924e33ef00b648a409245c7ea394c467824,cxa0af3165c08318e988cb30993b3048335b94af6c,cx21e94c08c03daee80c25d8ee3ea22a20786ec231,0x6c6b536dfddc263c55,0xb11fc2b306da320c92ec7033e8bb50057ff9622b268bdeebbc55e28032f40a84,2,94211063,1999.9820058828445,1741102928470373,Staked ICX,0.112702,sICX,0,1,2025-03-04
cx88fd7df7ddff82f7cc735c871dc519838cb235bb,cx21e94c08c03daee80c25d8ee3ea22a20786ec231,cxa0af3165c08318e988cb30993b3048335b94af6c,0xf2a996e37f9447dd0,0xb11fc2b306da320c92ec7033e8bb50057ff9622b268bdeebbc55e28032f40a84,1,94211063,279.77076691335725,1741102928470373,Balanced Dollar,0.112702,bnUSD,0,1,2025-03-04
cx88fd7df7ddff82f7cc735c871dc519838cb235bb,hx2debd9ec927cca1639da8d3518dd9dbf1cdfb357,cx21e94c08c03daee80c25d8ee3ea22a20786ec231,0xf2a996e37f9447dd0,0xb11fc2b306da320c92ec7033e8bb50057ff9622b268bdeebbc55e28032f40a84,0,94211063,279.77076691335725,1741102928470373,Balanced Dollar,0.112702,bnUSD,0,1,2025-03-04
cx65c9e3d4fea842e00add0d32a5b4c5e4e04c7a6b,cx21e94c08c03daee80c25d8ee3ea22a20786ec231,hx2debd9ec927cca1639da8d3518dd9dbf1cdfb357,0xb2cff4d0,0xb7c11758c4fd337c4f71cc7f420950e2f72354158cf058e8e43fd29ddb3d0c68,5,94211058,2.999973072,1741102918466796,Solana,0.0780118625,SOL,0,2,2025-03-04
cx88fd7df7ddff82f7cc735c871dc519838cb235bb,cxa0af3165c08318e988cb30993b3048335b94af6c,cx5faae53c4dbd1fbe4a2eb4aab6565030f10da5c6,0x8951e3dce50f82b,0xb7c11758c4fd337c4f71cc7f420950e2f72354158cf058e8e43fd29ddb3d0c68,3,94211058,0.6184337746365625,1741102918466796,Balanced Dollar,0.0780118625,bnUSD,0,2,2025-03-04
cx65c9e3d4fea842e00add0d32a5b4c5e4e04c7a6b,cxa0af3165c08318e988cb30993b3048335b94af6c,cx21e94c08c03daee80c25d8ee3ea22a20786ec231,0xb2cff4d0,0xb7c11758c4fd337c4f71cc7f420950e2f72354158cf058e8e43fd29ddb3d0c68,2,94211058,2.999973072,1741102918466796,Solana,0.0780118625,SOL,0,2,2025-03-04
cx88fd7df7ddff82f7cc735c871dc519838cb235bb,cx21e94c08c03daee80c25d8ee3ea22a20786ec231,cxa0af3165c08318e988cb30993b3048335b94af6c,0x1659a96b9e9d864550,0xb7c11758c4fd337c4f71cc7f420950e2f72354158cf058e8e43fd29ddb3d0c68,1,94211058,412.28918309104165,1741102918466796,Balanced Dollar,0.0780118625,bnUSD,0,2,2025-03-04
cx88fd7df7ddff82f7cc735c871dc519838cb235bb,hx2debd9ec927cca1639da8d3518dd9dbf1cdfb357,cx21e94c08c03daee80c25d8ee3ea22a20786ec231,0x1659a96b9e9d864550,0xb7c11758c4fd337c4f71cc7f420950e2f72354158cf058e8e43fd29ddb3d0c68,0,94211058,412.28918309104165,1741102918466796,Balanced Dollar,0.0780118625,bnUSD,0,2,2025-03-04
cx288d13e1b63563459a2ac6179f237711f6851cb5,cx21e94c08c03daee80c25d8ee3ea22a20786ec231,hx2debd9ec927cca1639da8d3518dd9dbf1cdfb357,0x30d970912fb2eb5,0x44a9359e5cc6c17c37363981fd3bf6e27fd96071222ab78e963b939d7a2058da,5,94211054,0.21999802203997357,1741102910487492,Ethereum,0.0884698125,ETH,0,1,2025-03-04
cx88fd7df7ddff82f7cc735c871dc519838cb235bb,cxa0af3165c08318e988cb30993b3048335b94af6c,cx5faae53c4dbd1fbe4a2eb4aab6565030f10da5c6,0x979f74ec38d7336,0x44a9359e5cc6c17c37363981fd3bf6e27fd96071222ab78e963b939d7a2058da,3,94211054,0.6828487361836777,1741102910487492,Balanced Dollar,0.0884698125,bnUSD,0,1,2025-03-04
cx288d13e1b63563459a2ac6179f237711f6851cb5,cxa0af3165c08318e988cb30993b3048335b94af6c,cx21e94c08c03daee80c25d8ee3ea22a20786ec231,0x30d970912fb2eb5,0x44a9359e5cc6c17c37363981fd3bf6e27fd96071222ab78e963b939d7a2058da,2,94211054,0.21999802203997357,1741102910487492,Ethereum,0.0884698125,ETH,0,1,2025-03-04
cx88fd7df7ddff82f7cc735c871dc519838cb235bb,cx21e94c08c03daee80c25d8ee3ea22a20786ec231,cxa0af3165c08318e988cb30993b3048335b94af6c,0x18ad9eb27295b15ca0,0x44a9359e5cc6c17c37363981fd3bf6e27fd96071222ab78e963b939d7a2058da,1,94211054,455.2324907891185,1741102910487492,Balanced Dollar,0.0884698125,bnUSD,0,1,2025-03-04
cx88fd7df7ddff82f7cc735c871dc519838cb235bb,hx2debd9ec927cca1639da8d3518dd9dbf1cdfb357,cx21e94c08c03daee80c25d8ee3ea22a20786ec231,0x18ad9eb27295b15ca0,0x44a9359e5cc6c17c37363981fd3bf6e27fd96071222ab78e963b939d7a2058da,0,94211054,455.2324907891185,1741102910487492,Balanced Dollar,0.0884698125,bnUSD,0,1,2025-03-04
cx66a031cc3bd305c76371fb586e93801b948254f0,cx21e94c08c03daee80c25d8ee3ea22a20786ec231,hx2debd9ec927cca1639da8d3518dd9dbf1cdfb357,0x1158da297efee6d12,0xad4c30addc9580e05f61f1dd394d40c4566f4ea5b094b88b45d30dd7a70fa51a,5,94211050,19.999820293671384,1741102902688598,Avalanche,0.0883001875,AVAX,0,1,2025-03-04
cx88fd7df7ddff82f7cc735c871dc519838cb235bb,cxa0af3165c08318e988cb30993b3048335b94af6c,cx5faae53c4dbd1fbe4a2eb4aab6565030f10da5c6,0x84533bc79f6ed0a,0xad4c30addc9580e05f61f1dd394d40c4566f4ea5b094b88b45d30dd7a70fa51a,3,94211050,0.5959394102895527,1741102902688598,Balanced Dollar,0.0883001875,bnUSD,0,1,2025-03-04
cx66a031cc3bd305c76371fb586e93801b948254f0,cxa0af3165c08318e988cb30993b3048335b94af6c,cx21e94c08c03daee80c25d8ee3ea22a20786ec231,0x1158da297efee6d12,0xad4c30addc9580e05f61f1dd394d40c4566f4ea5b094b88b45d30dd7a70fa51a,2,94211050,19.999820293671384,1741102902688598,Avalanche,0.0883001875,AVAX,0,1,2025-03-04
cx88fd7df7ddff82f7cc735c871dc519838cb235bb,cx21e94c08c03daee80c25d8ee3ea22a20786ec231,cxa0af3165c08318e988cb30993b3048335b94af6c,0x15898c1028485e9f60,0xad4c30addc9580e05f61f1dd394d40c4566f4ea5b094b88b45d30dd7a70fa51a,1,94211050,397.2929401930351,1741102902688598,Balanced Dollar,0.0883001875,bnUSD,0,1,2025-03-04
cx88fd7df7ddff82f7cc735c871dc519838cb235bb,hx2debd9ec927cca1639da8d3518dd9dbf1cdfb357,cx21e94c08c03daee80c25d8ee3ea22a20786ec231,0x15898c1028485e9f60,0xad4c30addc9580e05f61f1dd394d40c4566f4ea5b094b88b45d30dd7a70fa51a,0,94211050,397.2929401930351,1741102902688598,Balanced Dollar,0.0883001875,bnUSD,0,1,2025-03-04
cx53f8ccd5426534f82cf10cb742de033e51da72fc,hx8026678e3d08ba3203ce6161ee8e9e3b9793491f,hx8026678e3d08ba3203ce6161ee8e9e3b9793491f,0x0,0x3e47b3b421d29ead3721410de98296c37cbfeecfbe73dce0f5b2882465eb5015,0,94211048,0.0,1741102898500524,unknown_token,0.004295375,$unknown,25,1,2025-03-04
cx2609b924e33ef00b648a409245c7ea394c467824,cx21e94c08c03daee80c25d8ee3ea22a20786ec231,hx2debd9ec927cca1639da8d3518dd9dbf1cdfb357,0x6c6b536dfd3d005cbe,0x8d3f0771125f44ac4938746ed84c4ce04a6335d205c4f76b5745ba7a268c7e84,5,94211046,1999.9820058801745,1741102894481308,Staked ICX,0.112702,sICX,0,1,2025-03-04
cx88fd7df7ddff82f7cc735c871dc519838cb235bb,cxa0af3165c08318e988cb30993b3048335b94af6c,cx5faae53c4dbd1fbe4a2eb4aab6565030f10da5c6,0x5d1f17c953c7e88,0x8d3f0771125f44ac4938746ed84c4ce04a6335d205c4f76b5745ba7a268c7e84,3,94211046,0.41938175770417524,1741102894481308,Balanced Dollar,0.112702,bnUSD,0,1,2025-03-04
cx2609b924e33ef00b648a409245c7ea394c467824,cxa0af3165c08318e988cb30993b3048335b94af6c,cx21e94c08c03daee80c25d8ee3ea22a20786ec231,0x6c6b536dfd3d005cbe,0x8d3f0771125f44ac4938746ed84c4ce04a6335d205c4f76b5745ba7a268c7e84,2,94211046,1999.9820058801745,1741102894481308,Staked ICX,0.112702,sICX,0,1,2025-03-04
cx88fd7df7ddff82f7cc735c871dc519838cb235bb,cx21e94c08c03daee80c25d8ee3ea22a20786ec231,cxa0af3165c08318e988cb30993b3048335b94af6c,0xf280f89c4a2ded780,0x8d3f0771125f44ac4938746ed84c4ce04a6335d205c4f76b5745ba7a268c7e84,1,94211046,279.58783846945016,1741102894481308,Balanced Dollar,0.112702,bnUSD,0,1,2025-03-04
cx88fd7df7ddff82f7cc735c871dc519838cb235bb,hx2debd9ec927cca1639da8d3518dd9dbf1cdfb357,cx21e94c08c03daee80c25d8ee3ea22a20786ec231,0xf280f89c4a2ded780,0x8d3f0771125f44ac4938746ed84c4ce04a6335d205c4f76b5745ba7a268c7e84,0,94211046,279.58783846945016,1741102894481308,Balanced Dollar,0.112702,bnUSD,0,1,2025-03-04
cx88fd7df7ddff82f7cc735c871dc519838cb235bb,cxa0af3165c08318e988cb30993b3048335b94af6c,cx5faae53c4dbd1fbe4a2eb4aab6565030f10da5c6,0x1a7c512df987000,0x50cf49936f64325f08a46fcd5956352810944f9aa34b0db1847f84d2256b7e46,2,94211044,0.1192806,1741102890653749,Balanced Dollar,0.056306275,bnUSD,0,1,2025-03-04
cx66a031cc3bd305c76371fb586e93801b948254f0,cxa0af3165c08318e988cb30993b3048335b94af6c,hxd75467e3e4ce64e3424c747dfb71503017440433,0x37a9b0cb97f9df92,0x50cf49936f64325f08a46fcd5956352810944f9aa34b0db1847f84d2256b7e46,1,94211044,4.010931331624723,1741102890653749,Avalanche,0.056306275,AVAX,0,1,2025-03-04
cx88fd7df7ddff82f7cc735c871dc519838cb235bb,hxd75467e3e4ce64e3424c747dfb71503017440433,cxa0af3165c08318e988cb30993b3048335b94af6c,0x44f91367b9cf90000,0x50cf49936f64325f08a46fcd5956352810944f9aa34b0db1847f84d2256b7e46,0,94211044,79.5204,1741102890653749,Balanced Dollar,0.056306275,bnUSD,0,1,2025-03-04
cx65c9e3d4fea842e00add0d32a5b4c5e4e04c7a6b,cx21e94c08c03daee80c25d8ee3ea22a20786ec231,hx2debd9ec927cca1639da8d3518dd9dbf1cdfb357,0xb2cff4d0,0x1caa317e016423ca247ae3e00c008bd15fe775bc7e88e792a0e14cf7be43f9a6,5,94211042,2.999973072,1741102886658905,Solana,0.07801455,SOL,0,1,2025-03-04
cx88fd7df7ddff82f7cc735c871dc519838cb235bb,cxa0af3165c08318e988cb30993b3048335b94af6c,cx5faae53c4dbd1fbe4a2eb4aab6565030f10da5c6,0x889706dd8055b39,0x1caa317e016423ca247ae3e00c008bd15fe775bc7e88e792a0e14cf7be43f9a6,3,94211042,0.6151464411907592,1741102886658905,Balanced Dollar,0.07801455,bnUSD,0,1,2025-03-04
cx65c9e3d4fea842e00add0d32a5b4c5e4e04c7a6b,cxa0af3165c08318e988cb30993b3048335b94af6c,cx21e94c08c03daee80c25d8ee3ea22a20786ec231,0xb2cff4d0,0x1caa317e016423ca247ae3e00c008bd15fe775bc7e88e792a0e14cf7be43f9a6,2,94211042,2.999973072,1741102886658905,Solana,0.07801455,SOL,0,1,2025-03-04
cx88fd7df7ddff82f7cc735c871dc519838cb235bb,cx21e94c08c03daee80c25d8ee3ea22a20786ec231,cxa0af3165c08318e988cb30993b3048335b94af6c,0x163b3f73628df2e470,0x1caa317e016423ca247ae3e00c008bd15fe775bc7e88e792a0e14cf7be43f9a6,1,94211042,410.09762746050615,1741102886658905,Balanced Dollar,0.07801455,bnUSD,0,1,2025-03-04
cx88fd7df7ddff82f7cc735c871dc519838cb235bb,hx2debd9ec927cca1639da8d3518dd9dbf1cdfb357,cx21e94c08c03daee80c25d8ee3ea22a20786ec231,0x163b3f73628df2e470,0x1caa317e016423ca247ae3e00c008bd15fe775bc7e88e792a0e14cf7be43f9a6,0,94211042,410.09762746050615,1741102886658905,Balanced Dollar,0.07801455,bnUSD,0,1,2025-03-04
cx2d552c485ec8bcaa75aac02424e2aca6ffdb2f1b,cx21e94c08c03daee80c25d8ee3ea22a20786ec231,hx2debd9ec927cca1639da8d3518dd9dbf1cdfb357,0x9b6e09278235672,0xaa8806fd45b43233ff995d76ffb20a89a47971889aa5a64f49cc164827a095bd,5,94211039,0.6999937117881196,1741102880657423,Binance Coin,0.0882703375,BNB,0,1,2025-03-04
cx88fd7df7ddff82f7cc735c871dc519838cb235bb,cxa0af3165c08318e988cb30993b3048335b94af6c,cx5faae53c4dbd1fbe4a2eb4aab6565030f10da5c6,0x8496a3991eff8ae,0xaa8806fd45b43233ff995d76ffb20a89a47971889aa5a64f49cc164827a095bd,3,94211039,0.5971252210974046,1741102880657423,Balanced Dollar,0.0882703375,bnUSD,0,1,2025-03-04
cx2d552c485ec8bcaa75aac02424e2aca6ffdb2f1b,cxa0af3165c08318e988cb30993b3048335b94af6c,cx21e94c08c03daee80c25d8ee3ea22a20786ec231,0x9b6e09278235672,0xaa8806fd45b43233ff995d76ffb20a89a47971889aa5a64f49cc164827a095bd,2,94211039,0.6999937117881196,1741102880657423,Binance Coin,0.0882703375,BNB,0,1,2025-03-04
cx88fd7df7ddff82f7cc735c871dc519838cb235bb,cx21e94c08c03daee80c25d8ee3ea22a20786ec231,cxa0af3165c08318e988cb30993b3048335b94af6c,0x159484a096b6424520,0xaa8806fd45b43233ff995d76ffb20a89a47971889aa5a64f49cc164827a095bd,1,94211039,398.08348073160306,1741102880657423,Balanced Dollar,0.0882703375,bnUSD,0,1,2025-03-04
cx88fd7df7ddff82f7cc735c871dc519838cb235bb,hx2debd9ec927cca1639da8d3518dd9dbf1cdfb357,cx21e94c08c03daee80c25d8ee3ea22a20786ec231,0x159484a096b6424520,0xaa8806fd45b43233ff995d76ffb20a89a47971889aa5a64f49cc164827a095bd,0,94211039,398.08348073160306,1741102880657423,Balanced Dollar,0.0882703375,bnUSD,0,1,2025-03-04
cx2609b924e33ef00b648a409245c7ea394c467824,cx21e94c08c03daee80c25d8ee3ea22a20786ec231,hx2debd9ec927cca1639da8d3518dd9dbf1cdfb357,0x6c6b536dfca9e273b3,0x050471b6cb1186dbb35022115874de4117c8c34991f591a125cd4a93f4fbc6be,5,94211035,1999.9820058777061,1741102872490696,Staked ICX,0.112702,sICX,0,1,2025-03-04
cx88fd7df7ddff82f7cc735c871dc519838cb235bb,cxa0af3165c08318e988cb30993b3048335b94af6c,cx5faae53c4dbd1fbe4a2eb4aab6565030f10da5c6,0x5d0f82c2f48deae,0x050471b6cb1186dbb35022115874de4117c8c34991f591a125cd4a93f4fbc6be,3,94211035,0.41910763400101037,1741102872490696,Balanced Dollar,0.112702,bnUSD,0,1,2025-03-04
cx2609b924e33ef00b648a409245c7ea394c467824,cxa0af3165c08318e988cb30993b3048335b94af6c,cx21e94c08c03daee80c25d8ee3ea22a20786ec231,0x6c6b536dfca9e273b3,0x050471b6cb1186dbb35022115874de4117c8c34991f591a125cd4a93f4fbc6be,2,94211035,1999.9820058777061,1741102872490696,Staked ICX,0.112702,sICX,0,1,2025-03-04
cx88fd7df7ddff82f7cc735c871dc519838cb235bb,cx21e94c08c03daee80c25d8ee3ea22a20786ec231,cxa0af3165c08318e988cb30993b3048335b94af6c,0xf25864865cdc3e520,0x050471b6cb1186dbb35022115874de4117c8c34991f591a125cd4a93f4fbc6be,1,94211035,279.4050893340069,1741102872490696,Balanced Dollar,0.112702,bnUSD,0,1,2025-03-04
cx88fd7df7ddff82f7cc735c871dc519838cb235bb,hx2debd9ec927cca1639da8d3518dd9dbf1cdfb357,cx21e94c08c03daee80c25d8ee3ea22a20786ec231,0xf25864865cdc3e520,0x050471b6cb1186dbb35022115874de4117c8c34991f591a125cd4a93f4fbc6be,0,94211035,279.4050893340069,1741102872490696,Balanced Dollar,0.112702,bnUSD,0,1,2025-03-04
cx53f8ccd5426534f82cf10cb742de033e51da72fc,hx9645117f1b0c7181a126c7f4f222caefc6ee7a61,hx9645117f1b0c7181a126c7f4f222caefc6ee7a61,0x0,0xc4807d6b91f6ca82cb317bfa36b830421d7cb437468ed0fecbdbedad00b007de,0,94211033,0.0,1741102868478217,unknown_token,0.004295375,$unknown,19,1,2025-03-04
cx53f8ccd5426534f82cf10cb742de033e51da72fc,hx9645117f1b0c7181a126c7f4f222caefc6ee7a61,hx9645117f1b0c7181a126c7f4f222caefc6ee7a61,0x0,0xf6c9d1c0e3e844916114cc373ff3b1bc3d2b0bbe0252bcf7f533a3d26af7a483,0,94211017,0.0,1741102836635767,unknown_token,0.004295375,$unknown,19,1,2025-03-04
cx53f8ccd5426534f82cf10cb742de033e51da72fc,hx9645117f1b0c7181a126c7f4f222caefc6ee7a61,hx9645117f1b0c7181a126c7f4f222caefc6ee7a61,0x0,0x4dfd594581fc459d2b0474926c1dd9eee48ecc4d7096799988063c7bf1542820,0,94211012,0.0,1741102826616524,unknown_token,0.004295375,$unknown,19,1,2025-03-04
cx7baf94bd53b505353285ee4c4c050f9703581703,hx80478879d2fba425d6bc07bdc318dae854fb3f2d,hx0000000000000000000000000000000000000000,0x0,0xa472239f065a4e1148c39159088d1c8623c414cf0d058ba1488fa3ccd94e8bc7,6,94210982,0.0,1741102766601087,unknown_token,0.063965175,$unknown,21,1,2025-03-04
cx7baf94bd53b505353285ee4c4c050f9703581703,hx80478879d2fba425d6bc07bdc318dae854fb3f2d,hx0000000000000000000000000000000000000000,0x0,0xa472239f065a4e1148c39159088d1c8623c414cf0d058ba1488fa3ccd94e8bc7,5,94210982,0.0,1741102766601087,unknown_token,0.063965175,$unknown,27,1,2025-03-04
cx7baf94bd53b505353285ee4c4c050f9703581703,hx80478879d2fba425d6bc07bdc318dae854fb3f2d,hx0000000000000000000000000000000000000000,0x0,0xa472239f065a4e1148c39159088d1c8623c414cf0d058ba1488fa3ccd94e8bc7,4,94210982,0.0,1741102766601087,unknown_token,0.063965175,$unknown,31,1,2025-03-04
cx53f8ccd5426534f82cf10cb742de033e51da72fc,hx80478879d2fba425d6bc07bdc318dae854fb3f2d,hx0000000000000000000000000000000000000000,0x0,0xa472239f065a4e1148c39159088d1c8623c414cf0d058ba1488fa3ccd94e8bc7,0,94210982,0.0,1741102766601087,unknown_token,0.063965175,$unknown,1,1,2025-03-04
cx6139a27c15f1653471ffba0b4b88dc15de7e3267,hx0000000000000000000000000000000000000000,hx80478879d2fba425d6bc07bdc318dae854fb3f2d,0x3e1ff1e03b55a80000,0x00d4871933721ab2fd9eda8919cc386d0cebc089051773c767c25004943be7ba,0,94210967,1146.0,1741102736600309,GangstaBet Token,0.0128164125,GBET,0,1,2025-03-04
cx53f8ccd5426534f82cf10cb742de033e51da72fc,hx9645117f1b0c7181a126c7f4f222caefc6ee7a61,hx9645117f1b0c7181a126c7f4f222caefc6ee7a61,0x0,0x1a05af8d09fa3c7fa8fc78f82c9683ffcab677d694c935442e8585a63e51ef86,0,94210959,0.0,1741102720403461,unknown_token,0.004295375,$unknown,22,1,2025-03-04
cx53f8ccd5426534f82cf10cb742de033e51da72fc,hx9645117f1b0c7181a126c7f4f222caefc6ee7a61,hx9645117f1b0c7181a126c7f4f222caefc6ee7a61,0x0,0x2bc8f0195cea1b34298981a125adad124caa5f847a7ae02d28066c0273f9e9fe,0,94210953,0.0,1741102708425828,unknown_token,0.004295375,$unknown,22,1,2025-03-04
cx6139a27c15f1653471ffba0b4b88dc15de7e3267,hx0caaf780ba7df9d07edf1740bfa4e5246ece33a4,hx5b24217047526bd1c9475ddc7e10f93325dd2322,0x3e1ff1e03b55a80000,0xb2af322202b45fadc5258d9c9c52dc1e64f43124994f9182e1f1bb41de8579fa,0,94210949,1146.0,1741102700394793,GangstaBet Token,0.00303385,GBET,0,1,2025-03-04
cx53f8ccd5426534f82cf10cb742de033e51da72fc,hx9645117f1b0c7181a126c7f4f222caefc6ee7a61,hx9645117f1b0c7181a126c7f4f222caefc6ee7a61,0x0,0xc1f529548834b7205ceb517476b7c0ad0c7389081f6877b6b91be37ba683beab,0,94210932,0.0,1741102666566772,unknown_token,0.0043518125,$unknown,25,1,2025-03-04
cx7baf94bd53b505353285ee4c4c050f9703581703,hx0caaf780ba7df9d07edf1740bfa4e5246ece33a4,hx0000000000000000000000000000000000000000,0x0,0x0c1671d8faf5d4b450a0b0949cf3788e8ec819336d6cca9ebcfc11f88cf21225,6,94210901,0.0,1741102604370983,unknown_token,0.0651697625,$unknown,25,1,2025-03-04
cx7baf94bd53b505353285ee4c4c050f9703581703,hx0caaf780ba7df9d07edf1740bfa4e5246ece33a4,hx0000000000000000000000000000000000000000,0x0,0x0c1671d8faf5d4b450a0b0949cf3788e8ec819336d6cca9ebcfc11f88cf21225,5,94210901,0.0,1741102604370983,unknown_token,0.0651697625,$unknown,25,1,2025-03-04
cx7baf94bd53b505353285ee4c4c050f9703581703,hx0caaf780ba7df9d07edf1740bfa4e5246ece33a4,hx0000000000000000000000000000000000000000,0x0,0x0c1671d8faf5d4b450a0b0949cf3788e8ec819336d6cca9ebcfc11f88cf21225,4,94210901,0.0,1741102604370983,unknown_token,0.0651697625,$unknown,30,1,2025-03-04
cx53f8ccd5426534f82cf10cb742de033e51da72fc,hx0caaf780ba7df9d07edf1740bfa4e5246ece33a4,hx0000000000000000000000000000000000000000,0x0,0x0c1671d8faf5d4b450a0b0949cf3788e8ec819336d6cca9ebcfc11f88cf21225,0,94210901,0.0,1741102604370983,unknown_token,0.0651697625,$unknown,3,1,2025-03-04
cx6139a27c15f1653471ffba0b4b88dc15de7e3267,hx0000000000000000000000000000000000000000,hx0caaf780ba7df9d07edf1740bfa4e5246ece33a4,0x3e1ff1e03b55a80000,0x3618fc89a365cc74a066f5ba6e91dc7b623f28a92f2153b0076aea027716d6b4,0,94210872,1146.0,1741102546535602,GangstaBet Token,0.0128189125,GBET,0,1,2025-03-04
cx6139a27c15f1653471ffba0b4b88dc15de7e3267,hx7f564f673c28ca759f883743a4ff3a9b9e413cb3,hx5b24217047526bd1c9475ddc7e10f93325dd2322,0x3e1ff1e03b55a80000,0x81a06107600a8c0a0ec8e2fea4b030579ac554ba6385c063f8158bdfcd021ac0,0,94210835,1146.0,1741102472324099,GangstaBet Token,0.00303385,GBET,0,1,2025-03-04
cx2609b924e33ef00b648a409245c7ea394c467824,cx21e94c08c03daee80c25d8ee3ea22a20786ec231,hx2debd9ec927cca1639da8d3518dd9dbf1cdfb357,0x6c6b536dfc74620902,0x5c7e2c441577abf8b9d25abcb0f801099288e835ef6dd5454bdac42ab8a0b496,5,94210830,1999.9820058768087,1741102462319137,Staked ICX,0.112702,sICX,0,1,2025-03-04
cx88fd7df7ddff82f7cc735c871dc519838cb235bb,cxa0af3165c08318e988cb30993b3048335b94af6c,cx5faae53c4dbd1fbe4a2eb4aab6565030f10da5c6,0x5cfff1a53d54ec6,0x5c7e2c441577abf8b9d25abcb0f801099288e835ef6dd5454bdac42ab8a0b496,3,94210830,0.4188337789094663,1741102462319137,Balanced Dollar,0.112702,bnUSD,0,1,2025-03-04
cx2609b924e33ef00b648a409245c7ea394c467824,cxa0af3165c08318e988cb30993b3048335b94af6c,cx21e94c08c03daee80c25d8ee3ea22a20786ec231,0x6c6b536dfc74620902,0x5c7e2c441577abf8b9d25abcb0f801099288e835ef6dd5454bdac42ab8a0b496,2,94210830,1999.9820058768087,1741102462319137,Staked ICX,0.112702,sICX,0,1,2025-03-04
cx88fd7df7ddff82f7cc735c871dc519838cb235bb,cx21e94c08c03daee80c25d8ee3ea22a20786ec231,cxa0af3165c08318e988cb30993b3048335b94af6c,0xf22fda9e4fb7d23a0,0x5c7e2c441577abf8b9d25abcb0f801099288e835ef6dd5454bdac42ab8a0b496,1,94210830,279.22251927297754,1741102462319137,Balanced Dollar,0.112702,bnUSD,0,1,2025-03-04
cx88fd7df7ddff82f7cc735c871dc519838cb235bb,hx2debd9ec927cca1639da8d3518dd9dbf1cdfb357,cx21e94c08c03daee80c25d8ee3ea22a20786ec231,0xf22fda9e4fb7d23a0,0x5c7e2c441577abf8b9d25abcb0f801099288e835ef6dd5454bdac42ab8a0b496,0,94210830,279.22251927297754,1741102462319137,Balanced Dollar,0.112702,bnUSD,0,1,2025-03-04
cx4297f4b63262507623b6ad575d0d8dd2db980e4e,cx21e94c08c03daee80c25d8ee3ea22a20786ec231,hx2debd9ec927cca1639da8d3518dd9dbf1cdfb357,0x1a05473ebbed5b278,0x6dde2c2709d40e5a9608612642ceefdfb66d33cedeeba2c1e0ea9af348d64455,5,94210820,29.999730474177902,1741102442475466,Injective,0.0883872375,INJ,0,1,2025-03-04
cx88fd7df7ddff82f7cc735c871dc519838cb235bb,cxa0af3165c08318e988cb30993b3048335b94af6c,cx5faae53c4dbd1fbe4a2eb4aab6565030f10da5c6,0x6ad6388c9bbd87a,0x6dde2c2709d40e5a9608612642ceefdfb66d33cedeeba2c1e0ea9af348d64455,3,94210820,0.4811501743497443,1741102442475466,Balanced Dollar,0.0883872375,bnUSD,0,1,2025-03-04
cx4297f4b63262507623b6ad575d0d8dd2db980e4e,cxa0af3165c08318e988cb30993b3048335b94af6c,cx21e94c08c03daee80c25d8ee3ea22a20786ec231,0x1a05473ebbed5b278,0x6dde2c2709d40e5a9608612642ceefdfb66d33cedeeba2c1e0ea9af348d64455,2,94210820,29.999730474177902,1741102442475466,Injective,0.0883872375,INJ,0,1,2025-03-04
cx88fd7df7ddff82f7cc735c871dc519838cb235bb,cx21e94c08c03daee80c25d8ee3ea22a20786ec231,cxa0af3165c08318e988cb30993b3048335b94af6c,0x116388898d592e6860,0x6dde2c2709d40e5a9608612642ceefdfb66d33cedeeba2c1e0ea9af348d64455,1,94210820,320.7667828998295,1741102442475466,Balanced Dollar,0.0883872375,bnUSD,0,1,2025-03-04
cx88fd7df7ddff82f7cc735c871dc519838cb235bb,hx2debd9ec927cca1639da8d3518dd9dbf1cdfb357,cx21e94c08c03daee80c25d8ee3ea22a20786ec231,0x116388898d592e6860,0x6dde2c2709d40e5a9608612642ceefdfb66d33cedeeba2c1e0ea9af348d64455,0,94210820,320.7667828998295,1741102442475466,Balanced Dollar,0.0883872375,bnUSD,0,1,2025-03-04
cx2609b924e33ef00b648a409245c7ea394c467824,cx21e94c08c03daee80c25d8ee3ea22a20786ec231,hx2debd9ec927cca1639da8d3518dd9dbf1cdfb357,0x6c6b536dfc00874417,0x42160954486ddb639edfd0fd822aa70e467a81c0cb5920faf52ae18e271687d0,5,94210816,1999.9820058748649,1741102434304990,Staked ICX,0.112702,sICX,0,1,2025-03-04
cx88fd7df7ddff82f7cc735c871dc519838cb235bb,cxa0af3165c08318e988cb30993b3048335b94af6c,cx5faae53c4dbd1fbe4a2eb4aab6565030f10da5c6,0x5cf0646edf0d818,0x42160954486ddb639edfd0fd822aa70e467a81c0cb5920faf52ae18e271687d0,3,94210816,0.418560192078207,1741102434304990,Balanced Dollar,0.112702,bnUSD,0,1,2025-03-04
cx2609b924e33ef00b648a409245c7ea394c467824,cxa0af3165c08318e988cb30993b3048335b94af6c,cx21e94c08c03daee80c25d8ee3ea22a20786ec231,0x6c6b536dfc00874417,0x42160954486ddb639edfd0fd822aa70e467a81c0cb5920faf52ae18e271687d0,2,94210816,1999.9820058748649,1741102434304990,Staked ICX,0.112702,sICX,0,1,2025-03-04
cx88fd7df7ddff82f7cc735c871dc519838cb235bb,cx21e94c08c03daee80c25d8ee3ea22a20786ec231,cxa0af3165c08318e988cb30993b3048335b94af6c,0xf2075ae0ba332be80,0x42160954486ddb639edfd0fd822aa70e467a81c0cb5920faf52ae18e271687d0,1,94210816,279.040128052138,1741102434304990,Balanced Dollar,0.112702,bnUSD,0,1,2025-03-04
cx88fd7df7ddff82f7cc735c871dc519838cb235bb,hx2debd9ec927cca1639da8d3518dd9dbf1cdfb357,cx21e94c08c03daee80c25d8ee3ea22a20786ec231,0xf2075ae0ba332be80,0x42160954486ddb639edfd0fd822aa70e467a81c0cb5920faf52ae18e271687d0,0,94210816,279.040128052138,1741102434304990,Balanced Dollar,0.112702,bnUSD,0,1,2025-03-04
cx88fd7df7ddff82f7cc735c871dc519838cb235bb,hxc9ca779388556ac054c35e429e1decbb865440c0,hx0000000000000000000000000000000000000000,0x1e6b3a38e4ce84618,0xc71a428d4cf0bc6b85eeb525cc18706bda03a759846db3fd1ceee1baee7dc17f,0,94210798,35.070554554835155,1741102398313431,Balanced Dollar,0.0604527,bnUSD,0,1,2025-03-04
cx7baf94bd53b505353285ee4c4c050f9703581703,hx7f564f673c28ca759f883743a4ff3a9b9e413cb3,hx0000000000000000000000000000000000000000,0x0,0x6a89f35734042755b26bafd90dd5404d63d5155947462e0f3d9cc95616ba1278,6,94210795,0.0,1741102392453623,unknown_token,0.0650049625,$unknown,26,1,2025-03-04
cx7baf94bd53b505353285ee4c4c050f9703581703,hx7f564f673c28ca759f883743a4ff3a9b9e413cb3,hx0000000000000000000000000000000000000000,0x0,0x6a89f35734042755b26bafd90dd5404d63d5155947462e0f3d9cc95616ba1278,5,94210795,0.0,1741102392453623,unknown_token,0.0650049625,$unknown,25,1,2025-03-04
cx7baf94bd53b505353285ee4c4c050f9703581703,hx7f564f673c28ca759f883743a4ff3a9b9e413cb3,hx0000000000000000000000000000000000000000,0x0,0x6a89f35734042755b26bafd90dd5404d63d5155947462e0f3d9cc95616ba1278,4,94210795,0.0,1741102392453623,unknown_token,0.0650049625,$unknown,10,1,2025-03-04
cx53f8ccd5426534f82cf10cb742de033e51da72fc,hx7f564f673c28ca759f883743a4ff3a9b9e413cb3,hx0000000000000000000000000000000000000000,0x0,0x6a89f35734042755b26bafd90dd5404d63d5155947462e0f3d9cc95616ba1278,0,94210795,0.0,1741102392453623,unknown_token,0.0650049625,$unknown,2,1,2025-03-04
cx6139a27c15f1653471ffba0b4b88dc15de7e3267,hx0000000000000000000000000000000000000000,hx7f564f673c28ca759f883743a4ff3a9b9e413cb3,0x3e1ff1e03b55a80000,0x8d1ff7262efb46e703bbc758968a11552a282eb9609486b32edcb29cbcc15281,0,94210771,1146.0,1741102344273059,GangstaBet Token,0.0128189125,GBET,0,2,2025-03-04
cx88fd7df7ddff82f7cc735c871dc519838cb235bb,cx21e94c08c03daee80c25d8ee3ea22a20786ec231,hxc9ca779388556ac054c35e429e1decbb865440c0,0xebec21ee1da40001,0x1500d9fff1b0b9351e26b1a35eae68e6a8782a158a6befe03a9aa91fa96244db,5,94210771,17.0,1741102344273059,Balanced Dollar,0.1103664,bnUSD,0,1,2025-03-04
cx88fd7df7ddff82f7cc735c871dc519838cb235bb,cxa0af3165c08318e988cb30993b3048335b94af6c,cx5faae53c4dbd1fbe4a2eb4aab6565030f10da5c6,0x5add6f6631eeae,0x1500d9fff1b0b9351e26b1a35eae68e6a8782a158a6befe03a9aa91fa96244db,3,94210771,0.02557621842961579,1741102344273059,Balanced Dollar,0.1103664,bnUSD,0,1,2025-03-04
cx88fd7df7ddff82f7cc735c871dc519838cb235bb,cxa0af3165c08318e988cb30993b3048335b94af6c,cx21e94c08c03daee80c25d8ee3ea22a20786ec231,0xebec21ee1da40001,0x1500d9fff1b0b9351e26b1a35eae68e6a8782a158a6befe03a9aa91fa96244db,2,94210771,17.0,1741102344273059,Balanced Dollar,0.1103664,bnUSD,0,1,2025-03-04
cx2609b924e33ef00b648a409245c7ea394c467824,cx21e94c08c03daee80c25d8ee3ea22a20786ec231,cxa0af3165c08318e988cb30993b3048335b94af6c,0x6a5a77ec9751eb342,0x1500d9fff1b0b9351e26b1a35eae68e6a8782a158a6befe03a9aa91fa96244db,1,94210771,122.61711318334457,1741102344273059,Staked ICX,0.1103664,sICX,0,1,2025-03-04
cx2609b924e33ef00b648a409245c7ea394c467824,hxc9ca779388556ac054c35e429e1decbb865440c0,cx21e94c08c03daee80c25d8ee3ea22a20786ec231,0x6a5a77ec9751eb342,0x1500d9fff1b0b9351e26b1a35eae68e6a8782a158a6befe03a9aa91fa96244db,0,94210771,122.61711318334457,1741102344273059,Staked ICX,0.1103664,sICX,0,1,2025-03-04
cx53f8ccd5426534f82cf10cb742de033e51da72fc,hx05d0dd049dff3baf33320efd3aefe0c21e573a66,hx05d0dd049dff3baf33320efd3aefe0c21e573a66,0x0,0x7b3619807cbaaf1c092738a5419307c1d4fbe5916dc0cf21827e807aab21b2b2,0,94210758,0.0,1741102318284213,unknown_token,0.0043484375,$unknown,8,1,2025-03-04
cxf61cd5a45dc9f91c15aa65831a30a90d59a09619,cxd82fb5d3effecd8c9071a4bba3856ad7222c4b91,hxc9ca779388556ac054c35e429e1decbb865440c0,0x57188d24d1ffaf80,0x6013601404a55f3f5ab442ef72a2460a86da93f80519191c90d5fd4726590eb5,6,94210743,6.27592127002232,1741102288254046,Balance Token,0.1608716,BALN,0,1,2025-03-04
cx88fd7df7ddff82f7cc735c871dc519838cb235bb,cxd82fb5d3effecd8c9071a4bba3856ad7222c4b91,hxc9ca779388556ac054c35e429e1decbb865440c0,0xf9deefef6ada5f20,0x6013601404a55f3f5ab442ef72a2460a86da93f80519191c90d5fd4726590eb5,5,94210743,18.00509217184274,1741102288254046,Balanced Dollar,0.1608716,bnUSD,0,1,2025-03-04
cx2609b924e33ef00b648a409245c7ea394c467824,cxd82fb5d3effecd8c9071a4bba3856ad7222c4b91,hxc9ca779388556ac054c35e429e1decbb865440c0,0x607314543174fd2a0,0x6013601404a55f3f5ab442ef72a2460a86da93f80519191c90d5fd4726590eb5,4,94210743,111.19873602883786,1741102288254046,Staked ICX,0.1608716,sICX,0,1,2025-03-04
cxf61cd5a45dc9f91c15aa65831a30a90d59a09619,cx9345f80d6c98357ccbb70392b14162199c2c5f66,cxd82fb5d3effecd8c9071a4bba3856ad7222c4b91,0x2a05bbc7c70c1d0,0x6013601404a55f3f5ab442ef72a2460a86da93f80519191c90d5fd4726590eb5,3,94210743,0.18925204944930452,1741102288254046,Balance Token,0.1608716,BALN,0,1,2025-03-04
cx2609b924e33ef00b648a409245c7ea394c467824,cx9345f80d6c98357ccbb70392b14162199c2c5f66,cxd82fb5d3effecd8c9071a4bba3856ad7222c4b91,0x2e39846b0995cbdd,0x6013601404a55f3f5ab442ef72a2460a86da93f80519191c90d5fd4726590eb5,2,94210743,3.3308389946743717,1741102288254046,Staked ICX,0.1608716,sICX,0,1,2025-03-04
cx88fd7df7ddff82f7cc735c871dc519838cb235bb,hx0000000000000000000000000000000000000000,cx5faae53c4dbd1fbe4a2eb4aab6565030f10da5c6,0x0,0x6013601404a55f3f5ab442ef72a2460a86da93f80519191c90d5fd4726590eb5,1,94210743,0.0,1741102288254046,Balanced Dollar,0.1608716,bnUSD,0,1,2025-03-04
cx88fd7df7ddff82f7cc735c871dc519838cb235bb,hx0000000000000000000000000000000000000000,cxd82fb5d3effecd8c9071a4bba3856ad7222c4b91,0x75be2709da4e057,0x6013601404a55f3f5ab442ef72a2460a86da93f80519191c90d5fd4726590eb5,0,94210743,0.530266354455208,1741102288254046,Balanced Dollar,0.1608716,bnUSD,0,1,2025-03-04
cx53f8ccd5426534f82cf10cb742de033e51da72fc,hx8026678e3d08ba3203ce6161ee8e9e3b9793491f,hx8026678e3d08ba3203ce6161ee8e9e3b9793491f,0x0,0x88baf72f0ab3ed3387997bb2780fffe48092d8750965eb9cfe8f5e79056cc8f8,0,94210733,0.0,1741102268303165,unknown_token,0.004292,$unknown,5,1,2025-03-04
cx4297f4b63262507623b6ad575d0d8dd2db980e4e,cx21e94c08c03daee80c25d8ee3ea22a20786ec231,hx2debd9ec927cca1639da8d3518dd9dbf1cdfb357,0x1a05473eb8d47fa05,0x297f0f2fb333ecd45612891571eeb88bba48ae905ab9e91c6876e30bf9aa83c4,5,94210731,29.99973047334653,1741102264268730,Injective,0.088389925,INJ,0,1,2025-03-04
cx88fd7df7ddff82f7cc735c871dc519838cb235bb,cxa0af3165c08318e988cb30993b3048335b94af6c,cx5faae53c4dbd1fbe4a2eb4aab6565030f10da5c6,0x6a764077b1bb1da,0x297f0f2fb333ecd45612891571eeb88bba48ae905ab9e91c6876e30bf9aa83c4,3,94210731,0.47946186863120843,1741102264268730,Balanced Dollar,0.088389925,bnUSD,0,1,2025-03-04
cx4297f4b63262507623b6ad575d0d8dd2db980e4e,cxa0af3165c08318e988cb30993b3048335b94af6c,cx21e94c08c03daee80c25d8ee3ea22a20786ec231,0x1a05473eb8d47fa05,0x297f0f2fb333ecd45612891571eeb88bba48ae905ab9e91c6876e30bf9aa83c4,2,94210731,29.99973047334653,1741102264268730,Injective,0.088389925,INJ,0,1,2025-03-04
cx88fd7df7ddff82f7cc735c871dc519838cb235bb,cx21e94c08c03daee80c25d8ee3ea22a20786ec231,cxa0af3165c08318e988cb30993b3048335b94af6c,0x1153e9d37b42c9d260,0x297f0f2fb333ecd45612891571eeb88bba48ae905ab9e91c6876e30bf9aa83c4,1,94210731,319.64124575413894,1741102264268730,Balanced Dollar,0.088389925,bnUSD,0,1,2025-03-04
cx88fd7df7ddff82f7cc735c871dc519838cb235bb,hx2debd9ec927cca1639da8d3518dd9dbf1cdfb357,cx21e94c08c03daee80c25d8ee3ea22a20786ec231,0x1153e9d37b42c9d260,0x297f0f2fb333ecd45612891571eeb88bba48ae905ab9e91c6876e30bf9aa83c4,0,94210731,319.64124575413894,1741102264268730,Balanced Dollar,0.088389925,bnUSD,0,1,2025-03-04
cx53f8ccd5426534f82cf10cb742de033e51da72fc,hx8026678e3d08ba3203ce6161ee8e9e3b9793491f,hx8026678e3d08ba3203ce6161ee8e9e3b9793491f,0x0,0x3a6eda824c4ddcca26abbb9f777ba28a1e2f6f1376af6197d3a2adc5322b0602,0,94210712,0.0,1741102226426721,unknown_token,0.004292,$unknown,8,1,2025-03-04
cx53f8ccd5426534f82cf10cb742de033e51da72fc,hx8026678e3d08ba3203ce6161ee8e9e3b9793491f,hx8026678e3d08ba3203ce6161ee8e9e3b9793491f,0x0,0x462f9b808c13b1930b02bd50a0c91b82b871bd63a77d70ad3c25490ac9d0be78,0,94210706,0.0,1741102214256843,unknown_token,0.0043484375,$unknown,8,1,2025-03-04
cx88fd7df7ddff82f7cc735c871dc519838cb235bb,cxa0af3165c08318e988cb30993b3048335b94af6c,cx5faae53c4dbd1fbe4a2eb4aab6565030f10da5c6,0x1a5359cf904bae0,0x1b6c9300fdc8fba6f9a9d9d7b387ef4fca593c03e5b6a74e3ddc78ccdd3011b4,2,94210701,0.11855991350419325,1741102204224393,Balanced Dollar,0.0569139625,bnUSD,0,1,2025-03-04
cx88fd7df7ddff82f7cc735c871dc519838cb235bb,cxa0af3165c08318e988cb30993b3048335b94af6c,hxd75467e3e4ce64e3424c747dfb71503017440433,0x445f73812a144e7f0,0x1b6c9300fdc8fba6f9a9d9d7b387ef4fca593c03e5b6a74e3ddc78ccdd3011b4,1,94210701,78.82853625536897,1741102204224393,Balanced Dollar,0.0569139625,bnUSD,0,1,2025-03-04
cx66a031cc3bd305c76371fb586e93801b948254f0,hxd75467e3e4ce64e3424c747dfb71503017440433,cxa0af3165c08318e988cb30993b3048335b94af6c,0x3782dace9d900000,0x1b6c9300fdc8fba6f9a9d9d7b387ef4fca593c03e5b6a74e3ddc78ccdd3011b4,0,94210701,4.0,1741102204224393,Avalanche,0.0569139625,AVAX,0,1,2025-03-04
cx88fd7df7ddff82f7cc735c871dc519838cb235bb,cxa0af3165c08318e988cb30993b3048335b94af6c,cx5faae53c4dbd1fbe4a2eb4aab6565030f10da5c6,0x1a57bf14a278bb0,0x757770db801c1dbc7aceed5d45c839aefac2dfa574d41b6b583e18bac3866834,2,94210695,0.1186372414566266,1741102192400702,Balanced Dollar,0.056907275,bnUSD,0,1,2025-03-04
cx88fd7df7ddff82f7cc735c871dc519838cb235bb,cxa0af3165c08318e988cb30993b3048335b94af6c,hxd75467e3e4ce64e3424c747dfb71503017440433,0x446ade88c48fa056f,0x757770db801c1dbc7aceed5d45c839aefac2dfa574d41b6b583e18bac3866834,1,94210695,78.87995873768152,1741102192400702,Balanced Dollar,0.056907275,bnUSD,0,1,2025-03-04
cx66a031cc3bd305c76371fb586e93801b948254f0,hxd75467e3e4ce64e3424c747dfb71503017440433,cxa0af3165c08318e988cb30993b3048335b94af6c,0x3782dace9d900000,0x757770db801c1dbc7aceed5d45c839aefac2dfa574d41b6b583e18bac3866834,0,94210695,4.0,1741102192400702,Avalanche,0.056907275,AVAX,0,1,2025-03-04
cx88fd7df7ddff82f7cc735c871dc519838cb235bb,cxa0af3165c08318e988cb30993b3048335b94af6c,cx5faae53c4dbd1fbe4a2eb4aab6565030f10da5c6,0x1a5c2573b29f4e3,0xcff3e6eeb573f4cccd029e8ce7217fa910a2ae53cf6b934d603fd860560fddd0,2,94210681,0.11871464510573489,1741102164233936,Balanced Dollar,0.056911275,bnUSD,0,1,2025-03-04
cx88fd7df7ddff82f7cc735c871dc519838cb235bb,cxa0af3165c08318e988cb30993b3048335b94af6c,hxd75467e3e4ce64e3424c747dfb71503017440433,0x44764c6d00374ab88,0xcff3e6eeb573f4cccd029e8ce7217fa910a2ae53cf6b934d603fd860560fddd0,1,94210681,78.93143156591563,1741102164233936,Balanced Dollar,0.056911275,bnUSD,0,1,2025-03-04
cx66a031cc3bd305c76371fb586e93801b948254f0,hxd75467e3e4ce64e3424c747dfb71503017440433,cxa0af3165c08318e988cb30993b3048335b94af6c,0x3782dace9d900000,0xcff3e6eeb573f4cccd029e8ce7217fa910a2ae53cf6b934d603fd860560fddd0,0,94210681,4.0,1741102164233936,Avalanche,0.056911275,AVAX,0,1,2025-03-04
cx88fd7df7ddff82f7cc735c871dc519838cb235bb,cxa0af3165c08318e988cb30993b3048335b94af6c,cx5faae53c4dbd1fbe4a2eb4aab6565030f10da5c6,0x1a608ced1f0354c,0x83f9306d23867279e394a2416318c8eb2981d79672736ee957fb2f3d3e510651,2,94210676,0.11879212455036245,1741102154207953,Balanced Dollar,0.056911275,bnUSD,0,1,2025-03-04
cx88fd7df7ddff82f7cc735c871dc519838cb235bb,cxa0af3165c08318e988cb30993b3048335b94af6c,hxd75467e3e4ce64e3424c747dfb71503017440433,0x4481bd2ed1fd81fec,0x83f9306d23867279e394a2416318c8eb2981d79672736ee957fb2f3d3e510651,1,94210676,78.98295480582354,1741102154207953,Balanced Dollar,0.056911275,bnUSD,0,1,2025-03-04
cx66a031cc3bd305c76371fb586e93801b948254f0,hxd75467e3e4ce64e3424c747dfb71503017440433,cxa0af3165c08318e988cb30993b3048335b94af6c,0x3782dace9d900000,0x83f9306d23867279e394a2416318c8eb2981d79672736ee957fb2f3d3e510651,0,94210676,4.0,1741102154207953,Avalanche,0.056911275,AVAX,0,1,2025-03-04
cx53f8ccd5426534f82cf10cb742de033e51da72fc,hx8026678e3d08ba3203ce6161ee8e9e3b9793491f,hx8026678e3d08ba3203ce6161ee8e9e3b9793491f,0x0,0x87ee5d021baf24bdd24e7111b2956f04a11945a447283baa75513aabb1778e3d,0,94210675,0.0,1741102152428026,unknown_token,0.004292,$unknown,8,1,2025-03-04
cx7baf94bd53b505353285ee4c4c050f9703581703,hxfce1315822ca1e72f27e4e146c468dc2708e287d,hx0000000000000000000000000000000000000000,0x0,0xa3495156c47276dd7448ed637f719d5e0e2a56bac0e96391c878c2516d6fdb87,6,94210665,0.0,1741102132297101,unknown_token,0.0641489625,$unknown,15,1,2025-03-04
cx7baf94bd53b505353285ee4c4c050f9703581703,hxfce1315822ca1e72f27e4e146c468dc2708e287d,hx0000000000000000000000000000000000000000,0x0,0xa3495156c47276dd7448ed637f719d5e0e2a56bac0e96391c878c2516d6fdb87,5,94210665,0.0,1741102132297101,unknown_token,0.0641489625,$unknown,21,1,2025-03-04
cx7baf94bd53b505353285ee4c4c050f9703581703,hxfce1315822ca1e72f27e4e146c468dc2708e287d,hx0000000000000000000000000000000000000000,0x0,0xa3495156c47276dd7448ed637f719d5e0e2a56bac0e96391c878c2516d6fdb87,4,94210665,0.0,1741102132297101,unknown_token,0.0641489625,$unknown,1,1,2025-03-04
cx53f8ccd5426534f82cf10cb742de033e51da72fc,hxfce1315822ca1e72f27e4e146c468dc2708e287d,hx0000000000000000000000000000000000000000,0x0,0xa3495156c47276dd7448ed637f719d5e0e2a56bac0e96391c878c2516d6fdb87,0,94210665,0.0,1741102132297101,unknown_token,0.0641489625,$unknown,3,1,2025-03-04
cx88fd7df7ddff82f7cc735c871dc519838cb235bb,cxa0af3165c08318e988cb30993b3048335b94af6c,cx5faae53c4dbd1fbe4a2eb4aab6565030f10da5c6,0x1a64f581461023a,0x5f54b109daa83db0d8f6920d1eae901a94d06331665414589d80e73ba288256f,2,94210659,0.11886967988951506,1741102120195346,Balanced Dollar,0.056911275,bnUSD,0,1,2025-03-04
cx88fd7df7ddff82f7cc735c871dc519838cb235bb,cxa0af3165c08318e988cb30993b3048335b94af6c,hxd75467e3e4ce64e3424c747dfb71503017440433,0x448d30cf2f3ae3675,0x5f54b109daa83db0d8f6920d1eae901a94d06331665414589d80e73ba288256f,1,94210659,79.03452852326487,1741102120195346,Balanced Dollar,0.056911275,bnUSD,0,1,2025-03-04
cx66a031cc3bd305c76371fb586e93801b948254f0,hxd75467e3e4ce64e3424c747dfb71503017440433,cxa0af3165c08318e988cb30993b3048335b94af6c,0x3782dace9d900000,0x5f54b109daa83db0d8f6920d1eae901a94d06331665414589d80e73ba288256f,0,94210659,4.0,1741102120195346,Avalanche,0.056911275,AVAX,0,1,2025-03-04
cx88fd7df7ddff82f7cc735c871dc519838cb235bb,cxa0af3165c08318e988cb30993b3048335b94af6c,cx5faae53c4dbd1fbe4a2eb4aab6565030f10da5c6,0x1a695f3086588b1,0x4c45818fe2db7ae9814e5cf68e93b95e21f62c3f72241e9d0356a05fac092196,2,94210653,0.11894731122236024,1741102108211686,Balanced Dollar,0.056911275,bnUSD,0,1,2025-03-04
cx88fd7df7ddff82f7cc735c871dc519838cb235bb,cxa0af3165c08318e988cb30993b3048335b94af6c,hxd75467e3e4ce64e3424c747dfb71503017440433,0x4498a74f0daea8786,0x4c45818fe2db7ae9814e5cf68e93b95e21f62c3f72241e9d0356a05fac092196,1,94210653,79.08615278420679,1741102108211686,Balanced Dollar,0.056911275,bnUSD,0,1,2025-03-04
cx66a031cc3bd305c76371fb586e93801b948254f0,hxd75467e3e4ce64e3424c747dfb71503017440433,cxa0af3165c08318e988cb30993b3048335b94af6c,0x3782dace9d900000,0x4c45818fe2db7ae9814e5cf68e93b95e21f62c3f72241e9d0356a05fac092196,0,94210653,4.0,1741102108211686,Avalanche,0.056911275,AVAX,0,1,2025-03-04
cx88fd7df7ddff82f7cc735c871dc519838cb235bb,cxa0af3165c08318e988cb30993b3048335b94af6c,cx5faae53c4dbd1fbe4a2eb4aab6565030f10da5c6,0x1a6dc9fb3e96ead,0xb9686e8258e06785bd04babff332b718c73949d8ef9ebad31bce693342ec6878,2,94210640,0.1190250186482275,1741102082286578,Balanced Dollar,0.056911275,bnUSD,0,1,2025-03-04
cx88fd7df7ddff82f7cc735c871dc519838cb235bb,cxa0af3165c08318e988cb30993b3048335b94af6c,hxd75467e3e4ce64e3424c747dfb71503017440433,0x44a420af637eda852,0xb9686e8258e06785bd04babff332b718c73949d8ef9ebad31bce693342ec6878,1,94210640,79.13782765472433,1741102082286578,Balanced Dollar,0.056911275,bnUSD,0,1,2025-03-04
cx66a031cc3bd305c76371fb586e93801b948254f0,hxd75467e3e4ce64e3424c747dfb71503017440433,cxa0af3165c08318e988cb30993b3048335b94af6c,0x3782dace9d900000,0xb9686e8258e06785bd04babff332b718c73949d8ef9ebad31bce693342ec6878,0,94210640,4.0,1741102082286578,Avalanche,0.056911275,AVAX,0,1,2025-03-04
cx88fd7df7ddff82f7cc735c871dc519838cb235bb,cxa0af3165c08318e988cb30993b3048335b94af6c,cx5faae53c4dbd1fbe4a2eb4aab6565030f10da5c6,0x1a7235e1cdad459,0x26180464edb5cf81b6ff95b5fb6aff69a7a5bd0b192989cdc5dfcde38218d8d6,2,94210634,0.11910280226660873,1741102070175857,Balanced Dollar,0.056911275,bnUSD,0,1,2025-03-04
cx88fd7df7ddff82f7cc735c871dc519838cb235bb,cxa0af3165c08318e988cb30993b3048335b94af6c,hxd75467e3e4ce64e3424c747dfb71503017440433,0x44af9cf1273886506,0x26180464edb5cf81b6ff95b5fb6aff69a7a5bd0b192989cdc5dfcde38218d8d6,1,94210634,79.1895532010005,1741102070175857,Balanced Dollar,0.056911275,bnUSD,0,1,2025-03-04
cx66a031cc3bd305c76371fb586e93801b948254f0,hxd75467e3e4ce64e3424c747dfb71503017440433,cxa0af3165c08318e988cb30993b3048335b94af6c,0x3782dace9d900000,0x26180464edb5cf81b6ff95b5fb6aff69a7a5bd0b192989cdc5dfcde38218d8d6,0,94210634,4.0,1741102070175857,Avalanche,0.056911275,AVAX,0,1,2025-03-04
cxf61cd5a45dc9f91c15aa65831a30a90d59a09619,cx9345f80d6c98357ccbb70392b14162199c2c5f66,cxd82fb5d3effecd8c9071a4bba3856ad7222c4b91,0x3dbb6569716eae0,0x7e052f20110fc8d3a72f6d4f3a0d0262564f94d08e60591db8c6e52c59091c02,4,94210630,0.2780162850317217,1741102062177330,Balance Token,0.1302328625,BALN,0,2,2025-03-04
cx2609b924e33ef00b648a409245c7ea394c467824,cx9345f80d6c98357ccbb70392b14162199c2c5f66,cxd82fb5d3effecd8c9071a4bba3856ad7222c4b91,0x43e7c0429f126d2e,0x7e052f20110fc8d3a72f6d4f3a0d0262564f94d08e60591db8c6e52c59091c02,3,94210630,4.893090912530493,1741102062177330,Staked ICX,0.1302328625,sICX,0,2,2025-03-04
cx88fd7df7ddff82f7cc735c871dc519838cb235bb,hx0000000000000000000000000000000000000000,cx5faae53c4dbd1fbe4a2eb4aab6565030f10da5c6,0x0,0x7e052f20110fc8d3a72f6d4f3a0d0262564f94d08e60591db8c6e52c59091c02,2,94210630,0.0,1741102062177330,Balanced Dollar,0.1302328625,bnUSD,0,2,2025-03-04
cx88fd7df7ddff82f7cc735c871dc519838cb235bb,hx0000000000000000000000000000000000000000,cxd82fb5d3effecd8c9071a4bba3856ad7222c4b91,0xacdc1a2e743a5ba,0x7e052f20110fc8d3a72f6d4f3a0d0262564f94d08e60591db8c6e52c59091c02,1,94210630,0.7784912160137968,1741102062177330,Balanced Dollar,0.1302328625,bnUSD,0,2,2025-03-04
cx88fd7df7ddff82f7cc735c871dc519838cb235bb,hxd75467e3e4ce64e3424c747dfb71503017440433,cxd82fb5d3effecd8c9071a4bba3856ad7222c4b91,0x98705d334609180000,0x7e052f20110fc8d3a72f6d4f3a0d0262564f94d08e60591db8c6e52c59091c02,0,94210630,2812.001783284827,1741102062177330,Balanced Dollar,0.1302328625,bnUSD,0,2,2025-03-04
cx53f8ccd5426534f82cf10cb742de033e51da72fc,hx8026678e3d08ba3203ce6161ee8e9e3b9793491f,hx8026678e3d08ba3203ce6161ee8e9e3b9793491f,0x0,0x4ba15751255d896926c0bcc5bcfd1ba829c6bde152675a1b93f96626061e57d5,0,94210630,0.0,1741102062177330,unknown_token,0.004292,$unknown,8,1,2025-03-04
cx88fd7df7ddff82f7cc735c871dc519838cb235bb,cxa0af3165c08318e988cb30993b3048335b94af6c,cx5faae53c4dbd1fbe4a2eb4aab6565030f10da5c6,0x1a76a2e492a5553,0x4deface05b85ee91e8a563ccf75cfcf8ad0c6aa6e71d5aef25e5455fd1e5cd31,2,94210622,0.11918066217715849,1741102046367184,Balanced Dollar,0.0569125875,bnUSD,0,1,2025-03-04
cx88fd7df7ddff82f7cc735c871dc519838cb235bb,cxa0af3165c08318e988cb30993b3048335b94af6c,hxd75467e3e4ce64e3424c747dfb71503017440433,0x44bb1c154fcfefcd0,0x4deface05b85ee91e8a563ccf75cfcf8ad0c6aa6e71d5aef25e5455fd1e5cd31,1,94210622,79.24132948932657,1741102046367184,Balanced Dollar,0.0569125875,bnUSD,0,1,2025-03-04
cx66a031cc3bd305c76371fb586e93801b948254f0,hxd75467e3e4ce64e3424c747dfb71503017440433,cxa0af3165c08318e988cb30993b3048335b94af6c,0x3782dace9d900000,0x4deface05b85ee91e8a563ccf75cfcf8ad0c6aa6e71d5aef25e5455fd1e5cd31,0,94210622,4.0,1741102046367184,Avalanche,0.0569125875,AVAX,0,1,2025-03-04
cx53f8ccd5426534f82cf10cb742de033e51da72fc,hx8026678e3d08ba3203ce6161ee8e9e3b9793491f,hx8026678e3d08ba3203ce6161ee8e9e3b9793491f,0x0,0x02522f34109662cd98c00fc36dd2c91ae2475e5bf6b725c45fe104eb34168031,0,94210620,0.0,1741102042352766,unknown_token,0.004292,$unknown,8,1,2025-03-04
cx53f8ccd5426534f82cf10cb742de033e51da72fc,hx8026678e3d08ba3203ce6161ee8e9e3b9793491f,hx8026678e3d08ba3203ce6161ee8e9e3b9793491f,0x0,0x5997692a53253275496d509502fa2d8b12dcd41fcb35c0747a9f84dc96cbb017,0,94210613,0.0,1741102028161979,unknown_token,0.004292,$unknown,8,1,2025-03-04
cx6139a27c15f1653471ffba0b4b88dc15de7e3267,hxfce1315822ca1e72f27e4e146c468dc2708e287d,hx5b24217047526bd1c9475ddc7e10f93325dd2322,0x3e1ff1e03b55a80000,0x7e55672524ab935f4bd63a2baae7586b2bf50663c161a9884f3083f4b0be70c9,0,94210612,1146.0,1741102026350130,GangstaBet Token,0.00303385,GBET,0,1,2025-03-04
cx88fd7df7ddff82f7cc735c871dc519838cb235bb,cxa0af3165c08318e988cb30993b3048335b94af6c,cx5faae53c4dbd1fbe4a2eb4aab6565030f10da5c6,0x1a7b1103ecb09e8,0x504edb0075d3cb1f630ea4fbb2cc45f7043242bb70ae0134878e58afa360dcda,2,94210609,0.1192585984796943,1741102020160077,Balanced Dollar,0.0569125875,bnUSD,0,1,2025-03-04
cx88fd7df7ddff82f7cc735c871dc519838cb235bb,cxa0af3165c08318e988cb30993b3048335b94af6c,hxd75467e3e4ce64e3424c747dfb71503017440433,0x44c69e1cd4a0c5fd4,0x504edb0075d3cb1f630ea4fbb2cc45f7043242bb70ae0134878e58afa360dcda,1,94210609,79.29315658610221,1741102020160077,Balanced Dollar,0.0569125875,bnUSD,0,1,2025-03-04
cx66a031cc3bd305c76371fb586e93801b948254f0,hxd75467e3e4ce64e3424c747dfb71503017440433,cxa0af3165c08318e988cb30993b3048335b94af6c,0x3782dace9d900000,0x504edb0075d3cb1f630ea4fbb2cc45f7043242bb70ae0134878e58afa360dcda,0,94210609,4.0,1741102020160077,Avalanche,0.0569125875,AVAX,0,1,2025-03-04
cx6139a27c15f1653471ffba0b4b88dc15de7e3267,hx0000000000000000000000000000000000000000,hxfce1315822ca1e72f27e4e146c468dc2708e287d,0x3e1ff1e03b55a80000,0xaf95d63afb992695636fd19bd50010460614a895c0489beee1921e20f475f5e9,0,94210598,1146.0,1741101998157567,GangstaBet Token,0.0128164125,GBET,0,1,2025-03-04
cx53f8ccd5426534f82cf10cb742de033e51da72fc,hx8026678e3d08ba3203ce6161ee8e9e3b9793491f,hx8026678e3d08ba3203ce6161ee8e9e3b9793491f,0x0,0x57880176f38ed611f0f1e596c50acf4b883d5f793157cdf8cec101d279e8c895,0,94210596,0.0,1741101994155001,unknown_token,0.004292,$unknown,8,1,2025-03-04
cx88fd7df7ddff82f7cc735c871dc519838cb235bb,cxa0af3165c08318e988cb30993b3048335b94af6c,cx5faae53c4dbd1fbe4a2eb4aab6565030f10da5c6,0x1a7f80403b28856,0x63005c141224d585f30bfe313d6d23adcc1ccd86c79e02b74f91766d5c57dfa2,2,94210594,0.11933661127419708,1741101990350778,Balanced Dollar,0.0569125875,bnUSD,0,1,2025-03-04
cx88fd7df7ddff82f7cc735c871dc519838cb235bb,cxa0af3165c08318e988cb30993b3048335b94af6c,hxd75467e3e4ce64e3424c747dfb71503017440433,0x44d22308ad6e56f06,0x63005c141224d585f30bfe313d6d23adcc1ccd86c79e02b74f91766d5c57dfa2,1,94210594,79.3450345578358,1741101990350778,Balanced Dollar,0.0569125875,bnUSD,0,1,2025-03-04
cx66a031cc3bd305c76371fb586e93801b948254f0,hxd75467e3e4ce64e3424c747dfb71503017440433,cxa0af3165c08318e988cb30993b3048335b94af6c,0x3782dace9d900000,0x63005c141224d585f30bfe313d6d23adcc1ccd86c79e02b74f91766d5c57dfa2,0,94210594,4.0,1741101990350778,Avalanche,0.0569125875,AVAX,0,1,2025-03-04
cx53f8ccd5426534f82cf10cb742de033e51da72fc,hx8026678e3d08ba3203ce6161ee8e9e3b9793491f,hx8026678e3d08ba3203ce6161ee8e9e3b9793491f,0x0,0x828749c6d2923688053211e03cc57038116f7c58e53c1b7f51d670e0b5a8fe4a,0,94210590,0.0,1741101982251688,unknown_token,0.0043484375,$unknown,8,1,2025-03-04
cx53f8ccd5426534f82cf10cb742de033e51da72fc,hx8026678e3d08ba3203ce6161ee8e9e3b9793491f,hx8026678e3d08ba3203ce6161ee8e9e3b9793491f,0x0,0x2b122d013c48595916c39a2e740dfd420d00f73a99d62ba3d44ef39e6c84e2e4,0,94210571,0.0,1741101944137444,unknown_token,0.004292,$unknown,5,1,2025-03-04
cx6139a27c15f1653471ffba0b4b88dc15de7e3267,hxb2146bc010765ae76d1824b15d86a7e820b19a85,hx5b24217047526bd1c9475ddc7e10f93325dd2322,0x3e1ff1e03b55a80000,0xba7e9162434ff6be717079f50b9431b8f2d6a830bad9b36a4e374be9efc822b0,0,94210570,1146.0,1741101942310263,GangstaBet Token,0.00303385,GBET,0,3,2025-03-04
cx66a031cc3bd305c76371fb586e93801b948254f0,cx21e94c08c03daee80c25d8ee3ea22a20786ec231,hx0000000000000000000000000000000000000000,0x43b7847b4c9b9b7a1,0x4c30109481726e807c6850ca5ef2f8c3c274865c09743c965f6d6ea5c7386f82,13,94210569,78.0722301820853,1741101940323137,Avalanche,0.17986875,AVAX,0,2,2025-03-04
cx88fd7df7ddff82f7cc735c871dc519838cb235bb,cxa0af3165c08318e988cb30993b3048335b94af6c,cx5faae53c4dbd1fbe4a2eb4aab6565030f10da5c6,0x203c905f4194eeb8,0x4c30109481726e807c6850ca5ef2f8c3c274865c09743c965f6d6ea5c7386f82,9,94210569,2.3228902466129058,1741101940323137,Balanced Dollar,0.17986875,bnUSD,0,2,2025-03-04
cx66a031cc3bd305c76371fb586e93801b948254f0,cxa0af3165c08318e988cb30993b3048335b94af6c,cx21e94c08c03daee80c25d8ee3ea22a20786ec231,0x43b7847b4c9b9b7a1,0x4c30109481726e807c6850ca5ef2f8c3c274865c09743c965f6d6ea5c7386f82,8,94210569,78.0722301820853,1741101940323137,Avalanche,0.17986875,AVAX,0,2,2025-03-04
cx88fd7df7ddff82f7cc735c871dc519838cb235bb,cx21e94c08c03daee80c25d8ee3ea22a20786ec231,cxa0af3165c08318e988cb30993b3048335b94af6c,0x53f30d4d6573d855da,0x4c30109481726e807c6850ca5ef2f8c3c274865c09743c965f6d6ea5c7386f82,7,94210569,1548.5934977419372,1741101940323137,Balanced Dollar,0.17986875,bnUSD,0,2,2025-03-04
cx88fd7df7ddff82f7cc735c871dc519838cb235bb,cxa0af3165c08318e988cb30993b3048335b94af6c,cx5faae53c4dbd1fbe4a2eb4aab6565030f10da5c6,0x201c9f8aaedf6de6,0x4c30109481726e807c6850ca5ef2f8c3c274865c09743c965f6d6ea5c7386f82,5,94210569,2.313899726549774,1741101940323137,Balanced Dollar,0.17986875,bnUSD,0,2,2025-03-04
cx88fd7df7ddff82f7cc735c871dc519838cb235bb,cxa0af3165c08318e988cb30993b3048335b94af6c,cx21e94c08c03daee80c25d8ee3ea22a20786ec231,0x53f30d4d6573d855da,0x4c30109481726e807c6850ca5ef2f8c3c274865c09743c965f6d6ea5c7386f82,4,94210569,1548.5934977419372,1741101940323137,Balanced Dollar,0.17986875,bnUSD,0,2,2025-03-04
cx508002ec116fbf3ab406329c0df28e70d7e75fb3,cx21e94c08c03daee80c25d8ee3ea22a20786ec231,cxa0af3165c08318e988cb30993b3048335b94af6c,0x96fd9cb500,0x4c30109481726e807c6850ca5ef2f8c3c274865c09743c965f6d6ea5c7386f82,3,94210569,648.5,1741101940323137,Sui,0.17986875,SUI,0,2,2025-03-04
cx508002ec116fbf3ab406329c0df28e70d7e75fb3,hx0000000000000000000000000000000000000000,cx21e94c08c03daee80c25d8ee3ea22a20786ec231,0x96fd9cb500,0x4c30109481726e807c6850ca5ef2f8c3c274865c09743c965f6d6ea5c7386f82,1,94210569,648.5,1741101940323137,Sui,0.17986875,SUI,0,2,2025-03-04
cx66a031cc3bd305c76371fb586e93801b948254f0,hx0000000000000000000000000000000000000000,hxd75467e3e4ce64e3424c747dfb71503017440433,0x2705740d2ded421fc,0xcafe5cdd049b5901cc8440c0f3a9e5b989b652d4e8fa4b625d646076d1e6088c,1,94210569,44.98849827706661,1741101940323137,Avalanche,0.0237590375,AVAX,0,1,2025-03-04
cx53f8ccd5426534f82cf10cb742de033e51da72fc,hx8026678e3d08ba3203ce6161ee8e9e3b9793491f,hx8026678e3d08ba3203ce6161ee8e9e3b9793491f,0x0,0xb10b16f108a91bd0afefaa7cd12043f7d84dc1230a784a38802d5f43b06902c1,0,94210565,0.0,1741101932227925,unknown_token,0.004292,$unknown,8,2,2025-03-04
cx53f8ccd5426534f82cf10cb742de033e51da72fc,hx8026678e3d08ba3203ce6161ee8e9e3b9793491f,hx8026678e3d08ba3203ce6161ee8e9e3b9793491f,0x0,0xa06e2396789f58514154ab868ed6355b95f34884d3d3e1ca5640cc2b4c809fc4,0,94210560,0.0,1741101922134553,unknown_token,0.0043484375,$unknown,8,1,2025-03-04
cx53f8ccd5426534f82cf10cb742de033e51da72fc,hx8026678e3d08ba3203ce6161ee8e9e3b9793491f,hx8026678e3d08ba3203ce6161ee8e9e3b9793491f,0x0,0x8f54bebdfc6dbc4985e54feb5a01671d61f8b796cc22d7fbff0bca1582915f03,0,94210553,0.0,1741101908137901,unknown_token,0.0043484375,$unknown,8,1,2025-03-04
cx88fd7df7ddff82f7cc735c871dc519838cb235bb,cxa0af3165c08318e988cb30993b3048335b94af6c,cx5faae53c4dbd1fbe4a2eb4aab6565030f10da5c6,0x1497bfcfc8dc9d5,0x12ca05baf45884e6e4c9b073c98f3f18d54968b77464b58709eed54bab57cb1d,2,94210551,0.09274159383693154,1741101904125713,Balanced Dollar,0.0569765875,bnUSD,0,1,2025-03-04
cx88fd7df7ddff82f7cc735c871dc519838cb235bb,cxa0af3165c08318e988cb30993b3048335b94af6c,hxd75467e3e4ce64e3424c747dfb71503017440433,0x3579405f845ac6a3c,0x12ca05baf45884e6e4c9b073c98f3f18d54968b77464b58709eed54bab57cb1d,1,94210551,61.65090776286052,1741101904125713,Balanced Dollar,0.0569765875,bnUSD,0,1,2025-03-04
cx288d13e1b63563459a2ac6179f237711f6851cb5,hxd75467e3e4ce64e3424c747dfb71503017440433,cxa0af3165c08318e988cb30993b3048335b94af6c,0x6a94d74f430000,0x12ca05baf45884e6e4c9b073c98f3f18d54968b77464b58709eed54bab57cb1d,0,94210551,0.03,1741101904125713,Ethereum,0.0569765875,ETH,0,1,2025-03-04
cx7baf94bd53b505353285ee4c4c050f9703581703,hxb2146bc010765ae76d1824b15d86a7e820b19a85,hx0000000000000000000000000000000000000000,0x0,0x4ac83feb1f60989842164dafab0e91ad4cf644f845041814704c936bd1d18935,6,94210538,0.0,1741101878113199,unknown_token,0.064772,$unknown,21,1,2025-03-04
cx7baf94bd53b505353285ee4c4c050f9703581703,hxb2146bc010765ae76d1824b15d86a7e820b19a85,hx0000000000000000000000000000000000000000,0x0,0x4ac83feb1f60989842164dafab0e91ad4cf644f845041814704c936bd1d18935,5,94210538,0.0,1741101878113199,unknown_token,0.064772,$unknown,30,1,2025-03-04
cx7baf94bd53b505353285ee4c4c050f9703581703,hxb2146bc010765ae76d1824b15d86a7e820b19a85,hx0000000000000000000000000000000000000000,0x0,0x4ac83feb1f60989842164dafab0e91ad4cf644f845041814704c936bd1d18935,4,94210538,0.0,1741101878113199,unknown_token,0.064772,$unknown,30,1,2025-03-04
cx53f8ccd5426534f82cf10cb742de033e51da72fc,hxb2146bc010765ae76d1824b15d86a7e820b19a85,hx0000000000000000000000000000000000000000,0x0,0x4ac83feb1f60989842164dafab0e91ad4cf644f845041814704c936bd1d18935,0,94210538,0.0,1741101878113199,unknown_token,0.064772,$unknown,5,1,2025-03-04
cx88fd7df7ddff82f7cc735c871dc519838cb235bb,cxa0af3165c08318e988cb30993b3048335b94af6c,cx5faae53c4dbd1fbe4a2eb4aab6565030f10da5c6,0xe20ae4295877f5,0xbe02321953fadb4019c88ef4bd5ee420782de7c2207000985d22237e1d4d2400,2,94210533,0.06362531979909324,1741101868128022,Balanced Dollar,0.05694565,bnUSD,0,1,2025-03-04
cx88fd7df7ddff82f7cc735c871dc519838cb235bb,cxa0af3165c08318e988cb30993b3048335b94af6c,hxd75467e3e4ce64e3424c747dfb71503017440433,0x24b06127c735ad291,0xbe02321953fadb4019c88ef4bd5ee420782de7c2207000985d22237e1d4d2400,1,94210533,42.29951687584454,1741101868128022,Balanced Dollar,0.05694565,bnUSD,0,1,2025-03-04
cx4297f4b63262507623b6ad575d0d8dd2db980e4e,hxd75467e3e4ce64e3424c747dfb71503017440433,cxa0af3165c08318e988cb30993b3048335b94af6c,0x3782dace9d900000,0xbe02321953fadb4019c88ef4bd5ee420782de7c2207000985d22237e1d4d2400,0,94210533,4.0,1741101868128022,Injective,0.05694565,INJ,0,1,2025-03-04
cx88fd7df7ddff82f7cc735c871dc519838cb235bb,cxa0af3165c08318e988cb30993b3048335b94af6c,cx5faae53c4dbd1fbe4a2eb4aab6565030f10da5c6,0x14993ad365ba3cb,0xcb28746a79978da1740bb4089692cd103a0017141a1424516773ebaf414e3c27,2,94210529,0.09276763948840648,1741101860128608,Balanced Dollar,0.0569765875,bnUSD,0,1,2025-03-04
cx88fd7df7ddff82f7cc735c871dc519838cb235bb,cxa0af3165c08318e988cb30993b3048335b94af6c,hxd75467e3e4ce64e3424c747dfb71503017440433,0x357d18a2ae545fd43,0xcb28746a79978da1740bb4089692cd103a0017141a1424516773ebaf414e3c27,1,94210529,61.66822308940074,1741101860128608,Balanced Dollar,0.0569765875,bnUSD,0,1,2025-03-04
cx288d13e1b63563459a2ac6179f237711f6851cb5,hxd75467e3e4ce64e3424c747dfb71503017440433,cxa0af3165c08318e988cb30993b3048335b94af6c,0x6a94d74f430000,0xcb28746a79978da1740bb4089692cd103a0017141a1424516773ebaf414e3c27,0,94210529,0.03,1741101860128608,Ethereum,0.0569765875,ETH,0,1,2025-03-04
cx88fd7df7ddff82f7cc735c871dc519838cb235bb,cxa0af3165c08318e988cb30993b3048335b94af6c,cx5faae53c4dbd1fbe4a2eb4aab6565030f10da5c6,0xd94fc89cf48b26,0x37865b6a4bfa046e44d35c210218a97aada94ea9b3b194187f1064cbc128bb57,2,94210525,0.06116779299153796,1741101852321410,Balanced Dollar,0.0473681375,bnUSD,0,1,2025-03-04
cx88fd7df7ddff82f7cc735c871dc519838cb235bb,cxa0af3165c08318e988cb30993b3048335b94af6c,hxd75467e3e4ce64e3424c747dfb71503017440433,0x2345e2f24e9bd8ed4,0x37865b6a4bfa046e44d35c210218a97aada94ea9b3b194187f1064cbc128bb57,1,94210525,40.666993520789,1741101852321410,Balanced Dollar,0.0473681375,bnUSD,0,1,2025-03-04
cx65c9e3d4fea842e00add0d32a5b4c5e4e04c7a6b,hxd75467e3e4ce64e3424c747dfb71503017440433,cxa0af3165c08318e988cb30993b3048335b94af6c,0x11e1a300,0x37865b6a4bfa046e44d35c210218a97aada94ea9b3b194187f1064cbc128bb57,0,94210525,0.3,1741101852321410,Solana,0.0473681375,SOL,0,1,2025-03-04
cx88fd7df7ddff82f7cc735c871dc519838cb235bb,cxa0af3165c08318e988cb30993b3048335b94af6c,cx5faae53c4dbd1fbe4a2eb4aab6565030f10da5c6,0xd96d52aae15f79,0x6d292714057bd591326886ef6cd19a0963908c2cbf95d517c17053ededc9fc92,2,94210509,0.06120027176785497,1741101820096010,Balanced Dollar,0.0473681375,bnUSD,0,1,2025-03-04
cx88fd7df7ddff82f7cc735c871dc519838cb235bb,cxa0af3165c08318e988cb30993b3048335b94af6c,hxd75467e3e4ce64e3424c747dfb71503017440433,0x234aae8be33d2ec46,0x6d292714057bd591326886ef6cd19a0963908c2cbf95d517c17053ededc9fc92,1,94210509,40.688589687043056,1741101820096010,Balanced Dollar,0.0473681375,bnUSD,0,1,2025-03-04
cx65c9e3d4fea842e00add0d32a5b4c5e4e04c7a6b,hxd75467e3e4ce64e3424c747dfb71503017440433,cxa0af3165c08318e988cb30993b3048335b94af6c,0x11e1a300,0x6d292714057bd591326886ef6cd19a0963908c2cbf95d517c17053ededc9fc92,0,94210509,0.3,1741101820096010,Solana,0.0473681375,SOL,0,1,2025-03-04
cx6139a27c15f1653471ffba0b4b88dc15de7e3267,hx0000000000000000000000000000000000000000,hxb2146bc010765ae76d1824b15d86a7e820b19a85,0x3e1ff1e03b55a80000,0x403e5e1435a72c00d2b9fd18f934f74f104e5b9286abf01c2087c45115e16575,0,94210505,1146.0,1741101812093228,GangstaBet Token,0.01275535,GBET,0,2,2025-03-04
cx88fd7df7ddff82f7cc735c871dc519838cb235bb,cxa0af3165c08318e988cb30993b3048335b94af6c,cx5faae53c4dbd1fbe4a2eb4aab6565030f10da5c6,0x149ab5ffe66de7f,0x8536db5bd70ed4c21a75475ae998db2bd5d03af00a4892bfb41a91669e2f56b6,2,94210505,0.09279369611620314,1741101812093228,Balanced Dollar,0.0569765875,bnUSD,0,1,2025-03-04
cx88fd7df7ddff82f7cc735c871dc519838cb235bb,cxa0af3165c08318e988cb30993b3048335b94af6c,hxd75467e3e4ce64e3424c747dfb71503017440433,0x3580f1500a283872f,0x8536db5bd70ed4c21a75475ae998db2bd5d03af00a4892bfb41a91669e2f56b6,1,94210505,61.685545713587686,1741101812093228,Balanced Dollar,0.0569765875,bnUSD,0,1,2025-03-04
cx288d13e1b63563459a2ac6179f237711f6851cb5,hxd75467e3e4ce64e3424c747dfb71503017440433,cxa0af3165c08318e988cb30993b3048335b94af6c,0x6a94d74f430000,0x8536db5bd70ed4c21a75475ae998db2bd5d03af00a4892bfb41a91669e2f56b6,0,94210505,0.03,1741101812093228,Ethereum,0.0569765875,ETH,0,1,2025-03-04
cx88fd7df7ddff82f7cc735c871dc519838cb235bb,cxa0af3165c08318e988cb30993b3048335b94af6c,cx5faae53c4dbd1fbe4a2eb4aab6565030f10da5c6,0xe225ef003a4836,0xa61bb02d560d145ebf4edf84f6044633024579e1f86b50e75c9cd1db0cc7ba09,2,94210501,0.06365505316783929,1741101804087155,Balanced Dollar,0.05694565,bnUSD,0,1,2025-03-04
cx88fd7df7ddff82f7cc735c871dc519838cb235bb,cxa0af3165c08318e988cb30993b3048335b94af6c,hxd75467e3e4ce64e3424c747dfb71503017440433,0x24b4c4eef81138d53,0xa61bb02d560d145ebf4edf84f6044633024579e1f86b50e75c9cd1db0cc7ba09,1,94210501,42.3192865890634,1741101804087155,Balanced Dollar,0.05694565,bnUSD,0,1,2025-03-04
cx4297f4b63262507623b6ad575d0d8dd2db980e4e,hxd75467e3e4ce64e3424c747dfb71503017440433,cxa0af3165c08318e988cb30993b3048335b94af6c,0x3782dace9d900000,0xa61bb02d560d145ebf4edf84f6044633024579e1f86b50e75c9cd1db0cc7ba09,0,94210501,4.0,1741101804087155,Injective,0.05694565,INJ,0,1,2025-03-04
cx88fd7df7ddff82f7cc735c871dc519838cb235bb,cxa0af3165c08318e988cb30993b3048335b94af6c,cx5faae53c4dbd1fbe4a2eb4aab6565030f10da5c6,0xe240feb20528b8,0x4ecaef5575dad10003ad815940380b26ccdb126772a561f847a2154855c3386c,2,94210485,0.06368480738916166,1741101772099263,Balanced Dollar,0.05694565,bnUSD,0,1,2025-03-04
cx88fd7df7ddff82f7cc735c871dc519838cb235bb,cxa0af3165c08318e988cb30993b3048335b94af6c,hxd75467e3e4ce64e3424c747dfb71503017440433,0x24b9297ff1a842879,0x4ecaef5575dad10003ad815940380b26ccdb126772a561f847a2154855c3386c,1,94210485,42.33907016878078,1741101772099263,Balanced Dollar,0.05694565,bnUSD,0,1,2025-03-04
cx4297f4b63262507623b6ad575d0d8dd2db980e4e,hxd75467e3e4ce64e3424c747dfb71503017440433,cxa0af3165c08318e988cb30993b3048335b94af6c,0x3782dace9d900000,0x4ecaef5575dad10003ad815940380b26ccdb126772a561f847a2154855c3386c,0,94210485,4.0,1741101772099263,Injective,0.05694565,INJ,0,1,2025-03-04
cx88fd7df7ddff82f7cc735c871dc519838cb235bb,cxa0af3165c08318e988cb30993b3048335b94af6c,cx5faae53c4dbd1fbe4a2eb4aab6565030f10da5c6,0x149c315550d9c96,0x1e13a650772dcb949a0023f2440a322ccb273ad1f54e4d2530639ee6596c077c,2,94210482,0.09281976372649077,1741101766249407,Balanced Dollar,0.0569765875,bnUSD,0,1,2025-03-04
cx88fd7df7ddff82f7cc735c871dc519838cb235bb,cxa0af3165c08318e988cb30993b3048335b94af6c,hxd75467e3e4ce64e3424c747dfb71503017440433,0x3584ca67a71e3a2d2,0x1e13a650772dcb949a0023f2440a322ccb273ad1f54e4d2530639ee6596c077c,1,94210482,61.702875639523285,1741101766249407,Balanced Dollar,0.0569765875,bnUSD,0,1,2025-03-04
cx288d13e1b63563459a2ac6179f237711f6851cb5,hxd75467e3e4ce64e3424c747dfb71503017440433,cxa0af3165c08318e988cb30993b3048335b94af6c,0x6a94d74f430000,0x1e13a650772dcb949a0023f2440a322ccb273ad1f54e4d2530639ee6596c077c,0,94210482,0.03,1741101766249407,Ethereum,0.0569765875,ETH,0,1,2025-03-04
cx88fd7df7ddff82f7cc735c871dc519838cb235bb,cxa0af3165c08318e988cb30993b3048335b94af6c,cx5faae53c4dbd1fbe4a2eb4aab6565030f10da5c6,0x1a2df45e96babec,0x1ec8f398e43f9bc8c46083280faba0e0fbd871ee9d514500f05e25b8470ee79a,2,94210479,0.11790203162693937,1741101760094168,Balanced Dollar,0.056911275,bnUSD,0,1,2025-03-04
cx88fd7df7ddff82f7cc735c871dc519838cb235bb,cxa0af3165c08318e988cb30993b3048335b94af6c,hxd75467e3e4ce64e3424c747dfb71503017440433,0x43fe4f521d43d12b8,0x1ec8f398e43f9bc8c46083280faba0e0fbd871ee9d514500f05e25b8470ee79a,1,94210479,78.39105053956119,1741101760094168,Balanced Dollar,0.056911275,bnUSD,0,1,2025-03-04
cx66a031cc3bd305c76371fb586e93801b948254f0,hxd75467e3e4ce64e3424c747dfb71503017440433,cxa0af3165c08318e988cb30993b3048335b94af6c,0x3782dace9d900000,0x1ec8f398e43f9bc8c46083280faba0e0fbd871ee9d514500f05e25b8470ee79a,0,94210479,4.0,1741101760094168,Avalanche,0.056911275,AVAX,0,1,2025-03-04
cx53f8ccd5426534f82cf10cb742de033e51da72fc,hx8026678e3d08ba3203ce6161ee8e9e3b9793491f,hx8026678e3d08ba3203ce6161ee8e9e3b9793491f,0x0,0x44b7a6d50df9329af644e0867e0dc459beb1fdf724dfc72a5242a35f0005e2a6,0,94210478,0.0,1741101758091801,unknown_token,0.004292,$unknown,5,1,2025-03-04
cx88fd7df7ddff82f7cc735c871dc519838cb235bb,cxa0af3165c08318e988cb30993b3048335b94af6c,cx5faae53c4dbd1fbe4a2eb4aab6565030f10da5c6,0xd98ae2bf78b345,0xe305ab57f3df20a77811e3d1978883092e07c506bf7e03c23a45cecb96976649,2,94210476,0.061232776425812804,1741101754068970,Balanced Dollar,0.0473681375,bnUSD,0,1,2025-03-04
cx88fd7df7ddff82f7cc735c871dc519838cb235bb,cxa0af3165c08318e988cb30993b3048335b94af6c,hxd75467e3e4ce64e3424c747dfb71503017440433,0x234f7b1feedce441f,0xe305ab57f3df20a77811e3d1978883092e07c506bf7e03c23a45cecb96976649,1,94210476,40.710203065108416,1741101754068970,Balanced Dollar,0.0473681375,bnUSD,0,1,2025-03-04
cx65c9e3d4fea842e00add0d32a5b4c5e4e04c7a6b,hxd75467e3e4ce64e3424c747dfb71503017440433,cxa0af3165c08318e988cb30993b3048335b94af6c,0x11e1a300,0xe305ab57f3df20a77811e3d1978883092e07c506bf7e03c23a45cecb96976649,0,94210476,0.3,1741101754068970,Solana,0.0473681375,SOL,0,1,2025-03-04
cx2609b924e33ef00b648a409245c7ea394c467824,hx6b0f294bded619aeaf81ea19edc76dc09663ab0c,cxa0af3165c08318e988cb30993b3048335b94af6c,0x28160c6d79950b5bf9,0xc2b4c9eee84aa9c3a7858769f74cad3a99a9876e04162fbd6f456b138830b612,0,94210474,739.458528085896,1741101750067530,Staked ICX,0.0312378625,sICX,0,2,2025-03-04
cx53f8ccd5426534f82cf10cb742de033e51da72fc,hx8026678e3d08ba3203ce6161ee8e9e3b9793491f,hx8026678e3d08ba3203ce6161ee8e9e3b9793491f,0x0,0x4ee6b143d8396dcd0f2228968cdbfaef0ee456fc9fa1e2d5fcaa389b7f118c75,0,94210474,0.0,1741101750067530,unknown_token,0.004292,$unknown,5,1,2025-03-04
cx3975b43d260fb8ec802cef6e60c2f4d07486f11d,hx6b0f294bded619aeaf81ea19edc76dc09663ab0c,cxa0af3165c08318e988cb30993b3048335b94af6c,0x34dad7d63a85dc0000,0xa05716a3e8882e36ff48c9107b127668228472424f3df7211e55320f7cf3b1c0,1,94210471,975.0,1741101744070239,Wrapped ICX,0.0165693375,wICX,0,1,2025-03-04
cx3975b43d260fb8ec802cef6e60c2f4d07486f11d,hx0000000000000000000000000000000000000000,hx6b0f294bded619aeaf81ea19edc76dc09663ab0c,0x34dad7d63a85dc0000,0xa05716a3e8882e36ff48c9107b127668228472424f3df7211e55320f7cf3b1c0,0,94210471,975.0,1741101744070239,Wrapped ICX,0.0165693375,wICX,0,1,2025-03-04
cx88fd7df7ddff82f7cc735c871dc519838cb235bb,cxd82fb5d3effecd8c9071a4bba3856ad7222c4b91,hxd75467e3e4ce64e3424c747dfb71503017440433,0x6c6b935b8bbd400000,0xb816b70bf0cf6b09d3b1062d48b4b7dd0034171056288ff36b97ad0da03db3be,0,94210468,2000.0,1741101738066378,Balanced Dollar,0.02069225,bnUSD,0,1,2025-03-04
cx88fd7df7ddff82f7cc735c871dc519838cb235bb,cx21e94c08c03daee80c25d8ee3ea22a20786ec231,hx2debd9ec927cca1639da8d3518dd9dbf1cdfb357,0xf0973447495f0e95f,0xf8c0b57e50054b44baa1bf9e21c215f092a8e4e46b91528b1044e2bf0517f467,5,94210466,277.38212434182884,1741101734077322,Balanced Dollar,0.112703225,bnUSD,0,1,2025-03-04
cx88fd7df7ddff82f7cc735c871dc519838cb235bb,cxa0af3165c08318e988cb30993b3048335b94af6c,cx5faae53c4dbd1fbe4a2eb4aab6565030f10da5c6,0x5ca272605c7dc83,0xf8c0b57e50054b44baa1bf9e21c215f092a8e4e46b91528b1044e2bf0517f467,3,94210466,0.4171889597444169,1741101734077322,Balanced Dollar,0.112703225,bnUSD,0,1,2025-03-04
cx88fd7df7ddff82f7cc735c871dc519838cb235bb,cxa0af3165c08318e988cb30993b3048335b94af6c,cx21e94c08c03daee80c25d8ee3ea22a20786ec231,0xf0973447495f0e95f,0xf8c0b57e50054b44baa1bf9e21c215f092a8e4e46b91528b1044e2bf0517f467,2,94210466,277.38212434182884,1741101734077322,Balanced Dollar,0.112703225,bnUSD,0,1,2025-03-04
cx2609b924e33ef00b648a409245c7ea394c467824,cx21e94c08c03daee80c25d8ee3ea22a20786ec231,cxa0af3165c08318e988cb30993b3048335b94af6c,0x6c6b935b8bbd400000,0xf8c0b57e50054b44baa1bf9e21c215f092a8e4e46b91528b1044e2bf0517f467,1,94210466,2000.0,1741101734077322,Staked ICX,0.112703225,sICX,0,1,2025-03-04
cx2609b924e33ef00b648a409245c7ea394c467824,hx2debd9ec927cca1639da8d3518dd9dbf1cdfb357,cx21e94c08c03daee80c25d8ee3ea22a20786ec231,0x6c6b935b8bbd400000,0xf8c0b57e50054b44baa1bf9e21c215f092a8e4e46b91528b1044e2bf0517f467,0,94210466,2000.0,1741101734077322,Staked ICX,0.112703225,sICX,0,1,2025-03-04
cxf61cd5a45dc9f91c15aa65831a30a90d59a09619,cx9345f80d6c98357ccbb70392b14162199c2c5f66,cxd82fb5d3effecd8c9071a4bba3856ad7222c4b91,0x534d108e48df60,0x5741b7deebc12c4189f7f99e2c9b2009f4be88485270076a888ebf43f63ee0e8,4,94210464,0.023447156568940385,1741101730270958,Balance Token,0.1302172375,BALN,0,1,2025-03-04
cx2609b924e33ef00b648a409245c7ea394c467824,cx9345f80d6c98357ccbb70392b14162199c2c5f66,cxd82fb5d3effecd8c9071a4bba3856ad7222c4b91,0x5ba1977bd391276,0x5741b7deebc12c4189f7f99e2c9b2009f4be88485270076a888ebf43f63ee0e8,3,94210464,0.4126703179242584,1741101730270958,Staked ICX,0.1302172375,sICX,0,1,2025-03-04
cx88fd7df7ddff82f7cc735c871dc519838cb235bb,hx0000000000000000000000000000000000000000,cx5faae53c4dbd1fbe4a2eb4aab6565030f10da5c6,0x0,0x5741b7deebc12c4189f7f99e2c9b2009f4be88485270076a888ebf43f63ee0e8,2,94210464,0.0,1741101730270958,Balanced Dollar,0.1302172375,bnUSD,0,1,2025-03-04
cx88fd7df7ddff82f7cc735c871dc519838cb235bb,hx0000000000000000000000000000000000000000,cxd82fb5d3effecd8c9071a4bba3856ad7222c4b91,0xe92266f4208350,0x5741b7deebc12c4189f7f99e2c9b2009f4be88485270076a888ebf43f63ee0e8,1,94210464,0.0656214951513629,1741101730270958,Balanced Dollar,0.1302172375,bnUSD,0,1,2025-03-04
cx88fd7df7ddff82f7cc735c871dc519838cb235bb,hxd75467e3e4ce64e3424c747dfb71503017440433,cxd82fb5d3effecd8c9071a4bba3856ad7222c4b91,0x5f2a12e9f171bc0000,0x5741b7deebc12c4189f7f99e2c9b2009f4be88485270076a888ebf43f63ee0e8,0,94210464,1755.4724297247858,1741101730270958,Balanced Dollar,0.1302172375,bnUSD,0,1,2025-03-04
cx88fd7df7ddff82f7cc735c871dc519838cb235bb,cxa0af3165c08318e988cb30993b3048335b94af6c,cx5faae53c4dbd1fbe4a2eb4aab6565030f10da5c6,0x89e459206c6742,0x1559e6ad8d2e0931765c347a17a8a66d3b697952661b74ad9e37f66a454c4647,2,94210460,0.03881314325655738,1741101722076356,Balanced Dollar,0.0568815375,bnUSD,0,1,2025-03-04
cx88fd7df7ddff82f7cc735c871dc519838cb235bb,cxa0af3165c08318e988cb30993b3048335b94af6c,hx06efa9167ece33af37f7153dc53bce2775f812f2,0x1661144971b9d74a7,0x1559e6ad8d2e0931765c347a17a8a66d3b697952661b74ad9e37f66a454c4647,1,94210460,25.801479155976338,1741101722076356,Balanced Dollar,0.0568815375,bnUSD,0,1,2025-03-04
cx4297f4b63262507623b6ad575d0d8dd2db980e4e,hx06efa9167ece33af37f7153dc53bce2775f812f2,cxa0af3165c08318e988cb30993b3048335b94af6c,0x21d0db56160ffa87,0x1559e6ad8d2e0931765c347a17a8a66d3b697952661b74ad9e37f66a454c4647,0,94210460,2.4366885611912545,1741101722076356,Injective,0.0568815375,INJ,0,1,2025-03-04
cx88fd7df7ddff82f7cc735c871dc519838cb235bb,cxa0af3165c08318e988cb30993b3048335b94af6c,cx5faae53c4dbd1fbe4a2eb4aab6565030f10da5c6,0xe26c94c088112a,0x6aea5b54367159af99ae3a82d12cd34769bfbcca91ddc3045a7b17e663041fb4,2,94210459,0.06373273087771063,1741101720060434,Balanced Dollar,0.05694565,bnUSD,0,1,2025-03-04
cx88fd7df7ddff82f7cc735c871dc519838cb235bb,cxa0af3165c08318e988cb30993b3048335b94af6c,hxd75467e3e4ce64e3424c747dfb71503017440433,0x24c03cc6f05e6437c,0x6aea5b54367159af99ae3a82d12cd34769bfbcca91ddc3045a7b17e663041fb4,1,94210459,42.37093449644417,1741101720060434,Balanced Dollar,0.05694565,bnUSD,0,1,2025-03-04
cx4297f4b63262507623b6ad575d0d8dd2db980e4e,hxd75467e3e4ce64e3424c747dfb71503017440433,cxa0af3165c08318e988cb30993b3048335b94af6c,0x3782dace9d900000,0x6aea5b54367159af99ae3a82d12cd34769bfbcca91ddc3045a7b17e663041fb4,0,94210459,4.0,1741101720060434,Injective,0.05694565,INJ,0,1,2025-03-04
cx88fd7df7ddff82f7cc735c871dc519838cb235bb,cxbf469921730ed3c3c8c1924fc482d369f8795fe2,hx385a695da4288bf7d70df14d1201e832c2bcf2a6,0xaee27987a947a5f45,0xaec847c24580e45ea87d5391d49980c152d5c37e81c050d2cf565537c6a155cc,11,94210458,201.62829329445856,1741101718061895,Balanced Dollar,0.1701463625,bnUSD,0,3,2025-03-04
cx4297f4b63262507623b6ad575d0d8dd2db980e4e,cx66d4d90f5f113eba575bf793570135f9b10cece1,cx835b300dcfe01f0bdb794e134a0c5628384f4367,0x436a554d04b094,0xaec847c24580e45ea87d5391d49980c152d5c37e81c050d2cf565537c6a155cc,8,94210458,0.018975738036531346,1741101718061895,Injective,0.1701463625,INJ,0,3,2025-03-04
cx88fd7df7ddff82f7cc735c871dc519838cb235bb,cxa0af3165c08318e988cb30993b3048335b94af6c,cx5faae53c4dbd1fbe4a2eb4aab6565030f10da5c6,0x6a63c3d743ca00,0xaec847c24580e45ea87d5391d49980c152d5c37e81c050d2cf565537c6a155cc,5,94210458,0.029946040312646145,1741101718061895,Balanced Dollar,0.1701463625,bnUSD,0,3,2025-03-04
cx88fd7df7ddff82f7cc735c871dc519838cb235bb,cxa0af3165c08318e988cb30993b3048335b94af6c,cxbf469921730ed3c3c8c1924fc482d369f8795fe2,0x1144176daa56b9285,0xaec847c24580e45ea87d5391d49980c152d5c37e81c050d2cf565537c6a155cc,4,94210458,19.906322509404543,1741101718061895,Balanced Dollar,0.1701463625,bnUSD,0,3,2025-03-04
cx4297f4b63262507623b6ad575d0d8dd2db980e4e,cxbf469921730ed3c3c8c1924fc482d369f8795fe2,cxa0af3165c08318e988cb30993b3048335b94af6c,0x1a121efcc8d0497d,0xaec847c24580e45ea87d5391d49980c152d5c37e81c050d2cf565537c6a155cc,3,94210458,1.8785980656166035,1741101718061895,Injective,0.1701463625,INJ,0,3,2025-03-04
cx4297f4b63262507623b6ad575d0d8dd2db980e4e,cx66d4d90f5f113eba575bf793570135f9b10cece1,cxbf469921730ed3c3c8c1924fc482d369f8795fe2,0x1a121efcc8d0497d,0xaec847c24580e45ea87d5391d49980c152d5c37e81c050d2cf565537c6a155cc,2,94210458,1.8785980656166035,1741101718061895,Injective,0.1701463625,INJ,0,3,2025-03-04
cx88fd7df7ddff82f7cc735c871dc519838cb235bb,cxbf469921730ed3c3c8c1924fc482d369f8795fe2,hx0000000000000000000000000000000000000000,0x106806494e8bcb340,0xaec847c24580e45ea87d5391d49980c152d5c37e81c050d2cf565537c6a155cc,1,94210458,18.915229025678702,1741101718061895,Balanced Dollar,0.1701463625,bnUSD,0,3,2025-03-04
cx88fd7df7ddff82f7cc735c871dc519838cb235bb,hx385a695da4288bf7d70df14d1201e832c2bcf2a6,cxbf469921730ed3c3c8c1924fc482d369f8795fe2,0xae0668634d7cb8000,0xaec847c24580e45ea87d5391d49980c152d5c37e81c050d2cf565537c6a155cc,0,94210458,200.6371998107327,1741101718061895,Balanced Dollar,0.1701463625,bnUSD,0,3,2025-03-04
cx88fd7df7ddff82f7cc735c871dc519838cb235bb,cxbf469921730ed3c3c8c1924fc482d369f8795fe2,hx385a695da4288bf7d70df14d1201e832c2bcf2a6,0x1547c27196a957000,0x0d945a082167f8a286efcea9b033832197c05d4e320cdba14b19b089a08b66a8,1,94210458,24.534527860123465,1741101718061895,Balanced Dollar,0.0410857375,bnUSD,0,2,2025-03-04
cx88fd7df7ddff82f7cc735c871dc519838cb235bb,hx385a695da4288bf7d70df14d1201e832c2bcf2a6,cxbf469921730ed3c3c8c1924fc482d369f8795fe2,0x1547c27196a957000,0x0d945a082167f8a286efcea9b033832197c05d4e320cdba14b19b089a08b66a8,0,94210458,24.534527860123465,1741101718061895,Balanced Dollar,0.0410857375,bnUSD,0,2,2025-03-04
cx4297f4b63262507623b6ad575d0d8dd2db980e4e,cx66d4d90f5f113eba575bf793570135f9b10cece1,cx835b300dcfe01f0bdb794e134a0c5628384f4367,0x5771684dcc71b8,0xbff718f47303665316e3160a7dabec0d3b24c059641163643c0f608ebee4857d,3,94210458,0.024613015769608632,1741101718061895,Injective,0.0975531125,INJ,0,1,2025-03-04
cx4297f4b63262507623b6ad575d0d8dd2db980e4e,cx66d4d90f5f113eba575bf793570135f9b10cece1,hx06efa9167ece33af37f7153dc53bce2775f812f2,0x21d0db56160ffa87,0xbff718f47303665316e3160a7dabec0d3b24c059641163643c0f608ebee4857d,1,94210458,2.4366885611912545,1741101718061895,Injective,0.0975531125,INJ,0,1,2025-03-04
cx88fd7df7ddff82f7cc735c871dc519838cb235bb,hx06efa9167ece33af37f7153dc53bce2775f812f2,hx0000000000000000000000000000000000000000,0x1547c29d1fe2ac303,0xbff718f47303665316e3160a7dabec0d3b24c059641163643c0f608ebee4857d,0,94210458,24.53453085189674,1741101718061895,Balanced Dollar,0.0975531125,bnUSD,0,1,2025-03-04
cx88fd7df7ddff82f7cc735c871dc519838cb235bb,cx21e94c08c03daee80c25d8ee3ea22a20786ec231,hx2debd9ec927cca1639da8d3518dd9dbf1cdfb357,0xf0bf673f097fe01c1,0xb5bcd28c0c1e7fa1fe76ca2cfe8a93a2b12b693f2c1b0ed079799884433b7275,5,94210456,277.56316496151067,1741101714087437,Balanced Dollar,0.112703225,bnUSD,0,1,2025-03-04
cx88fd7df7ddff82f7cc735c871dc519838cb235bb,cxa0af3165c08318e988cb30993b3048335b94af6c,cx5faae53c4dbd1fbe4a2eb4aab6565030f10da5c6,0x5cb1ec0ecbeee7a,0xb5bcd28c0c1e7fa1fe76ca2cfe8a93a2b12b693f2c1b0ed079799884433b7275,3,94210456,0.41746120441639284,1741101714087437,Balanced Dollar,0.112703225,bnUSD,0,1,2025-03-04
cx88fd7df7ddff82f7cc735c871dc519838cb235bb,cxa0af3165c08318e988cb30993b3048335b94af6c,cx21e94c08c03daee80c25d8ee3ea22a20786ec231,0xf0bf673f097fe01c1,0xb5bcd28c0c1e7fa1fe76ca2cfe8a93a2b12b693f2c1b0ed079799884433b7275,2,94210456,277.56316496151067,1741101714087437,Balanced Dollar,0.112703225,bnUSD,0,1,2025-03-04
cx2609b924e33ef00b648a409245c7ea394c467824,cx21e94c08c03daee80c25d8ee3ea22a20786ec231,cxa0af3165c08318e988cb30993b3048335b94af6c,0x6c6b935b8bbd400000,0xb5bcd28c0c1e7fa1fe76ca2cfe8a93a2b12b693f2c1b0ed079799884433b7275,1,94210456,2000.0,1741101714087437,Staked ICX,0.112703225,sICX,0,1,2025-03-04
cx2609b924e33ef00b648a409245c7ea394c467824,hx2debd9ec927cca1639da8d3518dd9dbf1cdfb357,cx21e94c08c03daee80c25d8ee3ea22a20786ec231,0x6c6b935b8bbd400000,0xb5bcd28c0c1e7fa1fe76ca2cfe8a93a2b12b693f2c1b0ed079799884433b7275,0,94210456,2000.0,1741101714087437,Staked ICX,0.112703225,sICX,0,1,2025-03-04
cx88fd7df7ddff82f7cc735c871dc519838cb235bb,cxa0af3165c08318e988cb30993b3048335b94af6c,cx5faae53c4dbd1fbe4a2eb4aab6565030f10da5c6,0xd9a878dc5e4bee,0x738cab7edc8c6256e6dec50ce71776963623cb938596fb64a082c3c180979e98,2,94210455,0.061265306992921584,1741101712054569,Balanced Dollar,0.0473681375,bnUSD,0,1,2025-03-04
cx88fd7df7ddff82f7cc735c871dc519838cb235bb,cxa0af3165c08318e988cb30993b3048335b94af6c,hxd75467e3e4ce64e3424c747dfb71503017440433,0x235448aeb5a48ed83,0x738cab7edc8c6256e6dec50ce71776963623cb938596fb64a082c3c180979e98,1,94210455,40.73183367328228,1741101712054569,Balanced Dollar,0.0473681375,bnUSD,0,1,2025-03-04
cx65c9e3d4fea842e00add0d32a5b4c5e4e04c7a6b,hxd75467e3e4ce64e3424c747dfb71503017440433,cxa0af3165c08318e988cb30993b3048335b94af6c,0x11e1a300,0x738cab7edc8c6256e6dec50ce71776963623cb938596fb64a082c3c180979e98,0,94210455,0.3,1741101712054569,Solana,0.0473681375,SOL,0,1,2025-03-04
cx88fd7df7ddff82f7cc735c871dc519838cb235bb,cx21e94c08c03daee80c25d8ee3ea22a20786ec231,hx2debd9ec927cca1639da8d3518dd9dbf1cdfb357,0x15737c4b4c02fe4aee,0x685557433d4b4246b548be89cc771388948f8860591612234858f6717eb2b88f,5,94210452,395.70323454921424,1741101706058028,Balanced Dollar,0.088319925,bnUSD,0,1,2025-03-04
cx88fd7df7ddff82f7cc735c871dc519838cb235bb,cxa0af3165c08318e988cb30993b3048335b94af6c,cx5faae53c4dbd1fbe4a2eb4aab6565030f10da5c6,0x83f1e37d551ac88,0x685557433d4b4246b548be89cc771388948f8860591612234858f6717eb2b88f,3,94210452,0.5942269009871289,1741101706058028,Balanced Dollar,0.088319925,bnUSD,0,1,2025-03-04
cx88fd7df7ddff82f7cc735c871dc519838cb235bb,cxa0af3165c08318e988cb30993b3048335b94af6c,cx21e94c08c03daee80c25d8ee3ea22a20786ec231,0x15737c4b4c02fe4aee,0x685557433d4b4246b548be89cc771388948f8860591612234858f6717eb2b88f,2,94210452,395.70323454921424,1741101706058028,Balanced Dollar,0.088319925,bnUSD,0,1,2025-03-04
cx2d552c485ec8bcaa75aac02424e2aca6ffdb2f1b,cx21e94c08c03daee80c25d8ee3ea22a20786ec231,cxa0af3165c08318e988cb30993b3048335b94af6c,0x9b6e64a8ec60000,0x685557433d4b4246b548be89cc771388948f8860591612234858f6717eb2b88f,1,94210452,0.7,1741101706058028,Binance Coin,0.088319925,BNB,0,1,2025-03-04
cx2d552c485ec8bcaa75aac02424e2aca6ffdb2f1b,hx2debd9ec927cca1639da8d3518dd9dbf1cdfb357,cx21e94c08c03daee80c25d8ee3ea22a20786ec231,0x9b6e64a8ec60000,0x685557433d4b4246b548be89cc771388948f8860591612234858f6717eb2b88f,0,94210452,0.7,1741101706058028,Binance Coin,0.088319925,BNB,0,1,2025-03-04
cx88fd7df7ddff82f7cc735c871dc519838cb235bb,cxa0af3165c08318e988cb30993b3048335b94af6c,cx5faae53c4dbd1fbe4a2eb4aab6565030f10da5c6,0x1a32504b04e277f,0x246aa0296d104be70d7f48dd825a4709b6a91a4b9171dd53796615254fc3935a,2,94210451,0.11797871730977369,1741101704054195,Balanced Dollar,0.056911275,bnUSD,0,1,2025-03-04
cx88fd7df7ddff82f7cc735c871dc519838cb235bb,cxa0af3165c08318e988cb30993b3048335b94af6c,hxd75467e3e4ce64e3424c747dfb71503017440433,0x4409a211869f07c57,0x246aa0296d104be70d7f48dd825a4709b6a91a4b9171dd53796615254fc3935a,1,94210451,78.44204584841934,1741101704054195,Balanced Dollar,0.056911275,bnUSD,0,1,2025-03-04
cx66a031cc3bd305c76371fb586e93801b948254f0,hxd75467e3e4ce64e3424c747dfb71503017440433,cxa0af3165c08318e988cb30993b3048335b94af6c,0x3782dace9d900000,0x246aa0296d104be70d7f48dd825a4709b6a91a4b9171dd53796615254fc3935a,0,94210451,4.0,1741101704054195,Avalanche,0.056911275,AVAX,0,1,2025-03-04
cxf61cd5a45dc9f91c15aa65831a30a90d59a09619,cx9345f80d6c98357ccbb70392b14162199c2c5f66,cxd82fb5d3effecd8c9071a4bba3856ad7222c4b91,0x17cce028a71b40,0x24aeda35f0f03015eee021097d055843e0c08da53e62f47bab970eaaafe39198,4,94210450,0.006699187591125824,1741101702293516,Balance Token,0.1302148625,BALN,0,1,2025-03-04
cx2609b924e33ef00b648a409245c7ea394c467824,cx9345f80d6c98357ccbb70392b14162199c2c5f66,cxd82fb5d3effecd8c9071a4bba3856ad7222c4b91,0x1a2e2b47f34e0b4,0x24aeda35f0f03015eee021097d055843e0c08da53e62f47bab970eaaafe39198,3,94210450,0.11790580512121669,1741101702293516,Staked ICX,0.1302148625,sICX,0,1,2025-03-04
cx88fd7df7ddff82f7cc735c871dc519838cb235bb,hx0000000000000000000000000000000000000000,cx5faae53c4dbd1fbe4a2eb4aab6565030f10da5c6,0x0,0x24aeda35f0f03015eee021097d055843e0c08da53e62f47bab970eaaafe39198,2,94210450,0.0,1741101702293516,Balanced Dollar,0.1302148625,bnUSD,0,1,2025-03-04
cx88fd7df7ddff82f7cc735c871dc519838cb235bb,hx0000000000000000000000000000000000000000,cxd82fb5d3effecd8c9071a4bba3856ad7222c4b91,0x44b6f6011d1f29,0x24aeda35f0f03015eee021097d055843e0c08da53e62f47bab970eaaafe39198,1,94210450,0.019341466113220393,1741101702293516,Balanced Dollar,0.1302148625,bnUSD,0,1,2025-03-04
cx88fd7df7ddff82f7cc735c871dc519838cb235bb,hx2795b422d55c51caa27f5c6397561e73d73e8bff,cxd82fb5d3effecd8c9071a4bba3856ad7222c4b91,0xb79498c248a8f0000,0x24aeda35f0f03015eee021097d055843e0c08da53e62f47bab970eaaafe39198,0,94210450,211.65385545126557,1741101702293516,Balanced Dollar,0.1302148625,bnUSD,0,1,2025-03-04
cx88fd7df7ddff82f7cc735c871dc519838cb235bb,cxa0af3165c08318e988cb30993b3048335b94af6c,cx5faae53c4dbd1fbe4a2eb4aab6565030f10da5c6,0x46ce69013ca2f57,0x5b7e2770a37d81b3df8e640affe73c82b31f590364bdf67a2be9e6ca6b7e68ab,2,94210448,0.3188831801181592,1741101698055403,Balanced Dollar,0.056929525,bnUSD,0,2,2025-03-04
cx88fd7df7ddff82f7cc735c871dc519838cb235bb,cxa0af3165c08318e988cb30993b3048335b94af6c,hx2795b422d55c51caa27f5c6397561e73d73e8bff,0xb80db733e59fb31b0,0x5b7e2770a37d81b3df8e640affe73c82b31f590364bdf67a2be9e6ca6b7e68ab,1,94210448,212.1993265791943,1741101698055403,Balanced Dollar,0.056929525,bnUSD,0,2,2025-03-04
cx4297f4b63262507623b6ad575d0d8dd2db980e4e,hx2795b422d55c51caa27f5c6397561e73d73e8bff,cxa0af3165c08318e988cb30993b3048335b94af6c,0x1158e460913d00000,0x5b7e2770a37d81b3df8e640affe73c82b31f590364bdf67a2be9e6ca6b7e68ab,0,94210448,20.0,1741101698055403,Injective,0.056929525,INJ,0,2,2025-03-04
cx88fd7df7ddff82f7cc735c871dc519838cb235bb,cx21e94c08c03daee80c25d8ee3ea22a20786ec231,hx2debd9ec927cca1639da8d3518dd9dbf1cdfb357,0xf0e7a44b79bfc6431,0x67c842d45e216f5a90b42e192f0cf8749ac8a1d048dc2010a1404773f3c3aca7,5,94210448,277.7443829247197,1741101698055403,Balanced Dollar,0.112703225,bnUSD,0,1,2025-03-04
cx88fd7df7ddff82f7cc735c871dc519838cb235bb,cxa0af3165c08318e988cb30993b3048335b94af6c,cx5faae53c4dbd1fbe4a2eb4aab6565030f10da5c6,0x5cc1699e8c8011b,0x67c842d45e216f5a90b42e192f0cf8749ac8a1d048dc2010a1404773f3c3aca7,3,94210448,0.41773371572984247,1741101698055403,Balanced Dollar,0.112703225,bnUSD,0,1,2025-03-04
cx88fd7df7ddff82f7cc735c871dc519838cb235bb,cxa0af3165c08318e988cb30993b3048335b94af6c,cx21e94c08c03daee80c25d8ee3ea22a20786ec231,0xf0e7a44b79bfc6431,0x67c842d45e216f5a90b42e192f0cf8749ac8a1d048dc2010a1404773f3c3aca7,2,94210448,277.7443829247197,1741101698055403,Balanced Dollar,0.112703225,bnUSD,0,1,2025-03-04
cx2609b924e33ef00b648a409245c7ea394c467824,cx21e94c08c03daee80c25d8ee3ea22a20786ec231,cxa0af3165c08318e988cb30993b3048335b94af6c,0x6c6b935b8bbd400000,0x67c842d45e216f5a90b42e192f0cf8749ac8a1d048dc2010a1404773f3c3aca7,1,94210448,2000.0,1741101698055403,Staked ICX,0.112703225,sICX,0,1,2025-03-04
cx2609b924e33ef00b648a409245c7ea394c467824,hx2debd9ec927cca1639da8d3518dd9dbf1cdfb357,cx21e94c08c03daee80c25d8ee3ea22a20786ec231,0x6c6b935b8bbd400000,0x67c842d45e216f5a90b42e192f0cf8749ac8a1d048dc2010a1404773f3c3aca7,0,94210448,2000.0,1741101698055403,Staked ICX,0.112703225,sICX,0,1,2025-03-04
cx88fd7df7ddff82f7cc735c871dc519838cb235bb,cxa0af3165c08318e988cb30993b3048335b94af6c,cx5faae53c4dbd1fbe4a2eb4aab6565030f10da5c6,0x149dacd3aae11a3,0x9e66d2973a3fb96963afb6ceefab288877c49f721848ed43701cd1dfe714efda,2,94210447,0.09284584232544298,1741101696242825,Balanced Dollar,0.0569765875,bnUSD,0,1,2025-03-04
cx88fd7df7ddff82f7cc735c871dc519838cb235bb,cxa0af3165c08318e988cb30993b3048335b94af6c,hxd75467e3e4ce64e3424c747dfb71503017440433,0x3588a3e994810e78a,0x9e66d2973a3fb96963afb6ceefab288877c49f721848ed43701cd1dfe714efda,1,94210447,61.72021287131237,1741101696242825,Balanced Dollar,0.0569765875,bnUSD,0,1,2025-03-04
cx288d13e1b63563459a2ac6179f237711f6851cb5,hxd75467e3e4ce64e3424c747dfb71503017440433,cxa0af3165c08318e988cb30993b3048335b94af6c,0x6a94d74f430000,0x9e66d2973a3fb96963afb6ceefab288877c49f721848ed43701cd1dfe714efda,0,94210447,0.03,1741101696242825,Ethereum,0.0569765875,ETH,0,1,2025-03-04
cx88fd7df7ddff82f7cc735c871dc519838cb235bb,hx2795b422d55c51caa27f5c6397561e73d73e8bff,cxd82fb5d3effecd8c9071a4bba3856ad7222c4b91,0x1bd91fac7698ef0000,0xaf2e1478024037fa8a012c9a22b8b26ca5ff6b7f744d34faab7552d9d60e0640,0,94210446,513.7075032460382,1741101694047462,Balanced Dollar,0.0518103,bnUSD,0,2,2025-03-04
cxf61cd5a45dc9f91c15aa65831a30a90d59a09619,cx9345f80d6c98357ccbb70392b14162199c2c5f66,cxd82fb5d3effecd8c9071a4bba3856ad7222c4b91,0x710d28c119c170,0x0b4b20b28cb8993266b24c5e8479a639322f12ffe5d3838f34228181050dacbb,4,94210446,0.03182114105784766,1741101694047462,Balance Token,0.1302213625,BALN,0,1,2025-03-04
cx2609b924e33ef00b648a409245c7ea394c467824,cx9345f80d6c98357ccbb70392b14162199c2c5f66,cxd82fb5d3effecd8c9071a4bba3856ad7222c4b91,0x7c5b4d95c3b2b57,0x0b4b20b28cb8993266b24c5e8479a639322f12ffe5d3838f34228181050dacbb,3,94210446,0.5600525743257793,1741101694047462,Staked ICX,0.1302213625,sICX,0,1,2025-03-04
cx88fd7df7ddff82f7cc735c871dc519838cb235bb,hx0000000000000000000000000000000000000000,cx5faae53c4dbd1fbe4a2eb4aab6565030f10da5c6,0x0,0x0b4b20b28cb8993266b24c5e8479a639322f12ffe5d3838f34228181050dacbb,2,94210446,0.0,1741101694047462,Balanced Dollar,0.1302213625,bnUSD,0,1,2025-03-04
cx88fd7df7ddff82f7cc735c871dc519838cb235bb,hx0000000000000000000000000000000000000000,cxd82fb5d3effecd8c9071a4bba3856ad7222c4b91,0x13cb7614aed9981,0x0b4b20b28cb8993266b24c5e8479a639322f12ffe5d3838f34228181050dacbb,1,94210446,0.08914772113736333,1741101694047462,Balanced Dollar,0.1302213625,bnUSD,0,1,2025-03-04
cx88fd7df7ddff82f7cc735c871dc519838cb235bb,hx2795b422d55c51caa27f5c6397561e73d73e8bff,cxd82fb5d3effecd8c9071a4bba3856ad7222c4b91,0xb800766a9e3a38000,0x0b4b20b28cb8993266b24c5e8479a639322f12ffe5d3838f34228181050dacbb,0,94210446,212.13964005235147,1741101694047462,Balanced Dollar,0.1302213625,bnUSD,0,1,2025-03-04
cx88fd7df7ddff82f7cc735c871dc519838cb235bb,cxa0af3165c08318e988cb30993b3048335b94af6c,cx5faae53c4dbd1fbe4a2eb4aab6565030f10da5c6,0xabd90d6bb5bfc88,0xd1e8cb7221350a83d3290347e6ddbb2ff7396dcf8288d5f2a1130046deb57aa5,2,94210444,0.7739339629183623,1741101690254900,Balanced Dollar,0.0569549625,bnUSD,0,1,2025-03-04
cx88fd7df7ddff82f7cc735c871dc519838cb235bb,cxa0af3165c08318e988cb30993b3048335b94af6c,hx2795b422d55c51caa27f5c6397561e73d73e8bff,0x1beb386df6fb23ba60,0xd1e8cb7221350a83d3290347e6ddbb2ff7396dcf8288d5f2a1130046deb57aa5,1,94210444,515.0115080953095,1741101690254900,Balanced Dollar,0.0569549625,bnUSD,0,1,2025-03-04
cx288d13e1b63563459a2ac6179f237711f6851cb5,hx2795b422d55c51caa27f5c6397561e73d73e8bff,cxa0af3165c08318e988cb30993b3048335b94af6c,0x3782dace9d90000,0xd1e8cb7221350a83d3290347e6ddbb2ff7396dcf8288d5f2a1130046deb57aa5,0,94210444,0.25,1741101690254900,Ethereum,0.0569549625,ETH,0,1,2025-03-04
cx88fd7df7ddff82f7cc735c871dc519838cb235bb,cx21e94c08c03daee80c25d8ee3ea22a20786ec231,hx2debd9ec927cca1639da8d3518dd9dbf1cdfb357,0xf10feb6ff96570d9e,0x6c8b909696c7be0a1762d53a88d52010fc39e57ee00b1c934067923142b13882,5,94210443,277.92577846318983,1741101688045331,Balanced Dollar,0.112703225,bnUSD,0,1,2025-03-04
cx88fd7df7ddff82f7cc735c871dc519838cb235bb,cxa0af3165c08318e988cb30993b3048335b94af6c,cx5faae53c4dbd1fbe4a2eb4aab6565030f10da5c6,0x5cd0eb10ea6a9f8,0x6c8b909696c7be0a1762d53a88d52010fc39e57ee00b1c934067923142b13882,3,94210443,0.41800649403312795,1741101688045331,Balanced Dollar,0.112703225,bnUSD,0,1,2025-03-04
cx88fd7df7ddff82f7cc735c871dc519838cb235bb,cxa0af3165c08318e988cb30993b3048335b94af6c,cx21e94c08c03daee80c25d8ee3ea22a20786ec231,0xf10feb6ff96570d9e,0x6c8b909696c7be0a1762d53a88d52010fc39e57ee00b1c934067923142b13882,2,94210443,277.92577846318983,1741101688045331,Balanced Dollar,0.112703225,bnUSD,0,1,2025-03-04
cx2609b924e33ef00b648a409245c7ea394c467824,cx21e94c08c03daee80c25d8ee3ea22a20786ec231,cxa0af3165c08318e988cb30993b3048335b94af6c,0x6c6b935b8bbd400000,0x6c8b909696c7be0a1762d53a88d52010fc39e57ee00b1c934067923142b13882,1,94210443,2000.0,1741101688045331,Staked ICX,0.112703225,sICX,0,1,2025-03-04
cx2609b924e33ef00b648a409245c7ea394c467824,hx2debd9ec927cca1639da8d3518dd9dbf1cdfb357,cx21e94c08c03daee80c25d8ee3ea22a20786ec231,0x6c6b935b8bbd400000,0x6c8b909696c7be0a1762d53a88d52010fc39e57ee00b1c934067923142b13882,0,94210443,2000.0,1741101688045331,Staked ICX,0.112703225,sICX,0,1,2025-03-04
cx88fd7df7ddff82f7cc735c871dc519838cb235bb,cxa0af3165c08318e988cb30993b3048335b94af6c,cx5faae53c4dbd1fbe4a2eb4aab6565030f10da5c6,0x46f8dfd43b6c06c,0x4fb343011deb97162d1c4e0a95e376213531ddee443fdd9cb4c3c78a502ae3d7,2,94210442,0.31963021746888715,1741101686245214,Balanced Dollar,0.056929525,bnUSD,0,1,2025-03-04
cx88fd7df7ddff82f7cc735c871dc519838cb235bb,cxa0af3165c08318e988cb30993b3048335b94af6c,hx2795b422d55c51caa27f5c6397561e73d73e8bff,0xb87c295f38833f13c,0x4fb343011deb97162d1c4e0a95e376213531ddee443fdd9cb4c3c78a502ae3d7,1,94210442,212.69673102460192,1741101686245214,Balanced Dollar,0.056929525,bnUSD,0,1,2025-03-04
cx4297f4b63262507623b6ad575d0d8dd2db980e4e,hx2795b422d55c51caa27f5c6397561e73d73e8bff,cxa0af3165c08318e988cb30993b3048335b94af6c,0x1158e460913d00000,0x4fb343011deb97162d1c4e0a95e376213531ddee443fdd9cb4c3c78a502ae3d7,0,94210442,20.0,1741101686245214,Injective,0.056929525,INJ,0,1,2025-03-04
cx88fd7df7ddff82f7cc735c871dc519838cb235bb,cx21e94c08c03daee80c25d8ee3ea22a20786ec231,hx2debd9ec927cca1639da8d3518dd9dbf1cdfb357,0xf1383cafe920adc1f,0x09e5040c20bc9e29dc1551d1f3de75956baa5e585da78236ec537014558403dd,5,94210438,278.1073518090337,1741101678041801,Balanced Dollar,0.112703225,bnUSD,0,1,2025-03-04
cx88fd7df7ddff82f7cc735c871dc519838cb235bb,cxa0af3165c08318e988cb30993b3048335b94af6c,cx5faae53c4dbd1fbe4a2eb4aab6565030f10da5c6,0x5ce070673272dd4,0x09e5040c20bc9e29dc1551d1f3de75956baa5e585da78236ec537014558403dd,3,94210438,0.4182795396751805,1741101678041801,Balanced Dollar,0.112703225,bnUSD,0,1,2025-03-04
cx88fd7df7ddff82f7cc735c871dc519838cb235bb,cxa0af3165c08318e988cb30993b3048335b94af6c,cx21e94c08c03daee80c25d8ee3ea22a20786ec231,0xf1383cafe920adc1f,0x09e5040c20bc9e29dc1551d1f3de75956baa5e585da78236ec537014558403dd,2,94210438,278.1073518090337,1741101678041801,Balanced Dollar,0.112703225,bnUSD,0,1,2025-03-04
cx2609b924e33ef00b648a409245c7ea394c467824,cx21e94c08c03daee80c25d8ee3ea22a20786ec231,cxa0af3165c08318e988cb30993b3048335b94af6c,0x6c6b935b8bbd400000,0x09e5040c20bc9e29dc1551d1f3de75956baa5e585da78236ec537014558403dd,1,94210438,2000.0,1741101678041801,Staked ICX,0.112703225,sICX,0,1,2025-03-04
cx2609b924e33ef00b648a409245c7ea394c467824,hx2debd9ec927cca1639da8d3518dd9dbf1cdfb357,cx21e94c08c03daee80c25d8ee3ea22a20786ec231,0x6c6b935b8bbd400000,0x09e5040c20bc9e29dc1551d1f3de75956baa5e585da78236ec537014558403dd,0,94210438,2000.0,1741101678041801,Staked ICX,0.112703225,sICX,0,1,2025-03-04
cx22319ac7f412f53eabe3c9827acf5e27e9c6a95f,cx21e94c08c03daee80c25d8ee3ea22a20786ec231,hx0000000000000000000000000000000000000000,0x7f4183c0,0x3e4b520800cc0b8b442ec5148876cbb0f24ac63e8b58bfcd5ef4a755114bff8e,7,94210436,2135.0,1741101674130513,USDC,0.1045262875,USDC,0,1,2025-03-04
cx22319ac7f412f53eabe3c9827acf5e27e9c6a95f,cxa09dbb60dcb62fffbd232b6eae132d730a2aafa6,cx21e94c08c03daee80c25d8ee3ea22a20786ec231,0x7f4183c0,0x3e4b520800cc0b8b442ec5148876cbb0f24ac63e8b58bfcd5ef4a755114bff8e,4,94210436,2135.0,1741101674130513,USDC,0.1045262875,USDC,0,1,2025-03-04
cx88fd7df7ddff82f7cc735c871dc519838cb235bb,cxa09dbb60dcb62fffbd232b6eae132d730a2aafa6,cx5faae53c4dbd1fbe4a2eb4aab6565030f10da5c6,0x59279a17543ac9d2,0x3e4b520800cc0b8b442ec5148876cbb0f24ac63e8b58bfcd5ef4a755114bff8e,3,94210436,6.424272818455366,1741101674130513,Balanced Dollar,0.1045262875,bnUSD,0,1,2025-03-04
cx88fd7df7ddff82f7cc735c871dc519838cb235bb,cxa09dbb60dcb62fffbd232b6eae132d730a2aafa6,hx0000000000000000000000000000000000000000,0x73bd13b44902fc0000,0x3e4b520800cc0b8b442ec5148876cbb0f24ac63e8b58bfcd5ef4a755114bff8e,2,94210436,2135.0,1741101674130513,Balanced Dollar,0.1045262875,bnUSD,0,1,2025-03-04
cx88fd7df7ddff82f7cc735c871dc519838cb235bb,cx21e94c08c03daee80c25d8ee3ea22a20786ec231,cxa09dbb60dcb62fffbd232b6eae132d730a2aafa6,0x74163b4e605736c9d2,0x3e4b520800cc0b8b442ec5148876cbb0f24ac63e8b58bfcd5ef4a755114bff8e,1,94210436,2141.4242728184554,1741101674130513,Balanced Dollar,0.1045262875,bnUSD,0,1,2025-03-04
cx88fd7df7ddff82f7cc735c871dc519838cb235bb,hx970eda4988e547df0de8324226fdf3e8ebc9734f,cx21e94c08c03daee80c25d8ee3ea22a20786ec231,0x74163b4e605736c9d2,0x3e4b520800cc0b8b442ec5148876cbb0f24ac63e8b58bfcd5ef4a755114bff8e,0,94210436,2141.4242728184554,1741101674130513,Balanced Dollar,0.1045262875,bnUSD,0,1,2025-03-04
cx88fd7df7ddff82f7cc735c871dc519838cb235bb,cxa0af3165c08318e988cb30993b3048335b94af6c,cx5faae53c4dbd1fbe4a2eb4aab6565030f10da5c6,0x14ab8a7ed170abd,0x6061e434ce1962479791485cb3759c504f0e05c893011c40690fde664041469c,2,94210432,0.09308977369127597,1741101666213050,Balanced Dollar,0.056975275,bnUSD,0,1,2025-03-04
cx88fd7df7ddff82f7cc735c871dc519838cb235bb,cxa0af3165c08318e988cb30993b3048335b94af6c,hxd75467e3e4ce64e3424c747dfb71503017440433,0x35aca60dfdc7500d7,0x6061e434ce1962479791485cb3759c504f0e05c893011c40690fde664041469c,1,94210432,61.88238014443035,1741101666213050,Balanced Dollar,0.056975275,bnUSD,0,1,2025-03-04
cx288d13e1b63563459a2ac6179f237711f6851cb5,hxd75467e3e4ce64e3424c747dfb71503017440433,cxa0af3165c08318e988cb30993b3048335b94af6c,0x6a94d74f430000,0x6061e434ce1962479791485cb3759c504f0e05c893011c40690fde664041469c,0,94210432,0.03,1741101666213050,Ethereum,0.056975275,ETH,0,1,2025-03-04
cx88fd7df7ddff82f7cc735c871dc519838cb235bb,cx21e94c08c03daee80c25d8ee3ea22a20786ec231,hx970eda4988e547df0de8324226fdf3e8ebc9734f,0x2ce82a3a51a2f60734,0xf6d949f6c3bbb97c89f09a01fc585ddf4efd3a4cbdf2c29e822c4b017cde9b6d,5,94210429,828.3859871313422,1741101660061662,Balanced Dollar,0.086027725,bnUSD,0,2,2025-03-04
cx88fd7df7ddff82f7cc735c871dc519838cb235bb,cxa0af3165c08318e988cb30993b3048335b94af6c,cx5faae53c4dbd1fbe4a2eb4aab6565030f10da5c6,0x1145287d4b99f40a,0xf6d949f6c3bbb97c89f09a01fc585ddf4efd3a4cbdf2c29e822c4b017cde9b6d,3,94210429,1.244445390642214,1741101660061662,Balanced Dollar,0.086027725,bnUSD,0,2,2025-03-04
cx88fd7df7ddff82f7cc735c871dc519838cb235bb,cxa0af3165c08318e988cb30993b3048335b94af6c,cx21e94c08c03daee80c25d8ee3ea22a20786ec231,0x2ce82a3a51a2f60734,0xf6d949f6c3bbb97c89f09a01fc585ddf4efd3a4cbdf2c29e822c4b017cde9b6d,2,94210429,828.3859871313422,1741101660061662,Balanced Dollar,0.086027725,bnUSD,0,2,2025-03-04
cx07b184a37f03c6ab681fcbd0b45aec6dc3eafbeb,cx21e94c08c03daee80c25d8ee3ea22a20786ec231,cxa0af3165c08318e988cb30993b3048335b94af6c,0x2386f26fc10000,0xf6d949f6c3bbb97c89f09a01fc585ddf4efd3a4cbdf2c29e822c4b017cde9b6d,1,94210429,0.01,1741101660061662,Bitcoin,0.086027725,BTC,0,2,2025-03-04
cx07b184a37f03c6ab681fcbd0b45aec6dc3eafbeb,hx970eda4988e547df0de8324226fdf3e8ebc9734f,cx21e94c08c03daee80c25d8ee3ea22a20786ec231,0x2386f26fc10000,0xf6d949f6c3bbb97c89f09a01fc585ddf4efd3a4cbdf2c29e822c4b017cde9b6d,0,94210429,0.01,1741101660061662,Bitcoin,0.086027725,BTC,0,2,2025-03-04
cx88fd7df7ddff82f7cc735c871dc519838cb235bb,cxa0af3165c08318e988cb30993b3048335b94af6c,cx5faae53c4dbd1fbe4a2eb4aab6565030f10da5c6,0xe3a4ade81e2aba,0xfbdaf61d18b65f2371b4a9345b8896e9da83149b0549c50bbaf65e1785c4c55f,2,94210429,0.06407588654390751,1741101660061662,Balanced Dollar,0.0569443375,bnUSD,0,1,2025-03-04
cx88fd7df7ddff82f7cc735c871dc519838cb235bb,cxa0af3165c08318e988cb30993b3048335b94af6c,hxd75467e3e4ce64e3424c747dfb71503017440433,0x24f2e66adf65b93c8,0xfbdaf61d18b65f2371b4a9345b8896e9da83149b0549c50bbaf65e1785c4c55f,1,94210429,42.599098822692675,1741101660061662,Balanced Dollar,0.0569443375,bnUSD,0,1,2025-03-04
cx4297f4b63262507623b6ad575d0d8dd2db980e4e,hxd75467e3e4ce64e3424c747dfb71503017440433,cxa0af3165c08318e988cb30993b3048335b94af6c,0x3782dace9d900000,0xfbdaf61d18b65f2371b4a9345b8896e9da83149b0549c50bbaf65e1785c4c55f,0,94210429,4.0,1741101660061662,Injective,0.0569443375,INJ,0,1,2025-03-04
cxf61cd5a45dc9f91c15aa65831a30a90d59a09619,cx9345f80d6c98357ccbb70392b14162199c2c5f66,cxd82fb5d3effecd8c9071a4bba3856ad7222c4b91,0x1b25afae5e9b150,0xd46b711c69c1b5178e116286565418a411e818ec5f2f0774ccc97e9044f76113,4,94210427,0.12226017353804629,1741101656040160,Balance Token,0.1302331125,BALN,0,3,2025-03-04
cx2609b924e33ef00b648a409245c7ea394c467824,cx9345f80d6c98357ccbb70392b14162199c2c5f66,cxd82fb5d3effecd8c9071a4bba3856ad7222c4b91,0x1ddca95e118504d5,0xd46b711c69c1b5178e116286565418a411e818ec5f2f0774ccc97e9044f76113,3,94210427,2.151780943462205,1741101656040160,Staked ICX,0.1302331125,sICX,0,3,2025-03-04
cx88fd7df7ddff82f7cc735c871dc519838cb235bb,hx0000000000000000000000000000000000000000,cx5faae53c4dbd1fbe4a2eb4aab6565030f10da5c6,0x0,0xd46b711c69c1b5178e116286565418a411e818ec5f2f0774ccc97e9044f76113,2,94210427,0.0,1741101656040160,Balanced Dollar,0.1302331125,bnUSD,0,3,2025-03-04
cx88fd7df7ddff82f7cc735c871dc519838cb235bb,hx0000000000000000000000000000000000000000,cxd82fb5d3effecd8c9071a4bba3856ad7222c4b91,0x4c0d24ad8845cd9,0xd46b711c69c1b5178e116286565418a411e818ec5f2f0774ccc97e9044f76113,1,94210427,0.34250479058212374,1741101656040160,Balanced Dollar,0.1302331125,bnUSD,0,3,2025-03-04
cx88fd7df7ddff82f7cc735c871dc519838cb235bb,hx2795b422d55c51caa27f5c6397561e73d73e8bff,cxd82fb5d3effecd8c9071a4bba3856ad7222c4b91,0xb88765cdbf8768000,0xd46b711c69c1b5178e116286565418a411e818ec5f2f0774ccc97e9044f76113,0,94210427,212.74733374705124,1741101656040160,Balanced Dollar,0.1302331125,bnUSD,0,3,2025-03-04
cx88fd7df7ddff82f7cc735c871dc519838cb235bb,cxa0af3165c08318e988cb30993b3048335b94af6c,cx5faae53c4dbd1fbe4a2eb4aab6565030f10da5c6,0x1a36ad4e52e3e3e,0x25ba22e8a9fee38f1fa2288ca943239aa022eddd5ff22c530664bf93a624ad09,2,94210425,0.11805547785238893,1741101652261492,Balanced Dollar,0.056907275,bnUSD,0,2,2025-03-04
cx88fd7df7ddff82f7cc735c871dc519838cb235bb,cxa0af3165c08318e988cb30993b3048335b94af6c,hxd75467e3e4ce64e3424c747dfb71503017440433,0x4414f7a5773f7a9fd,0x25ba22e8a9fee38f1fa2288ca943239aa022eddd5ff22c530664bf93a624ad09,1,94210425,78.49309094649001,1741101652261492,Balanced Dollar,0.056907275,bnUSD,0,2,2025-03-04
cx66a031cc3bd305c76371fb586e93801b948254f0,hxd75467e3e4ce64e3424c747dfb71503017440433,cxa0af3165c08318e988cb30993b3048335b94af6c,0x3782dace9d900000,0x25ba22e8a9fee38f1fa2288ca943239aa022eddd5ff22c530664bf93a624ad09,0,94210425,4.0,1741101652261492,Avalanche,0.056907275,AVAX,0,2,2025-03-04
cx88fd7df7ddff82f7cc735c871dc519838cb235bb,cxa0af3165c08318e988cb30993b3048335b94af6c,cx5faae53c4dbd1fbe4a2eb4aab6565030f10da5c6,0x472c07543b3e1aa,0x00fe2dabcc9f22ef3c2bf2889beda08b4fa25af026d63194a57694498275212b,2,94210425,0.3205301333762953,1741101652261492,Balanced Dollar,0.0569282125,bnUSD,0,1,2025-03-04
cx88fd7df7ddff82f7cc735c871dc519838cb235bb,cxa0af3165c08318e988cb30993b3048335b94af6c,hx2795b422d55c51caa27f5c6397561e73d73e8bff,0xb90135d3cfeb4087d,0x00fe2dabcc9f22ef3c2bf2889beda08b4fa25af026d63194a57694498275212b,1,94210425,213.29592889337684,1741101652261492,Balanced Dollar,0.0569282125,bnUSD,0,1,2025-03-04
cx4297f4b63262507623b6ad575d0d8dd2db980e4e,hx2795b422d55c51caa27f5c6397561e73d73e8bff,cxa0af3165c08318e988cb30993b3048335b94af6c,0x1158e460913d00000,0x00fe2dabcc9f22ef3c2bf2889beda08b4fa25af026d63194a57694498275212b,0,94210425,20.0,1741101652261492,Injective,0.0569282125,INJ,0,1,2025-03-04
cx2d552c485ec8bcaa75aac02424e2aca6ffdb2f1b,hx0000000000000000000000000000000000000000,hxd75467e3e4ce64e3424c747dfb71503017440433,0x14cd559b59da1700,0x9773b71454724f83d0e57d74fd88a13003994ad3fa0921def210198032b61f31,1,94210423,1.4989483767,1741101648066660,Binance Coin,0.02294645,BNB,0,1,2025-03-04
cx88fd7df7ddff82f7cc735c871dc519838cb235bb,cxa0af3165c08318e988cb30993b3048335b94af6c,cx5faae53c4dbd1fbe4a2eb4aab6565030f10da5c6,0xd9c61503367dac,0xe64bf3ed2f856a213e556f0fe6423d13c07916442532b6b5bab3eb8c65ea645f,2,94210421,0.06129786349672798,1741101644049855,Balanced Dollar,0.047366825,bnUSD,0,2,2025-03-04
cx88fd7df7ddff82f7cc735c871dc519838cb235bb,cxa0af3165c08318e988cb30993b3048335b94af6c,hxd75467e3e4ce64e3424c747dfb71503017440433,0x235917387bd4f5fe3,0xe64bf3ed2f856a213e556f0fe6423d13c07916442532b6b5bab3eb8c65ea645f,1,94210421,40.7534815298862,1741101644049855,Balanced Dollar,0.047366825,bnUSD,0,2,2025-03-04
cx65c9e3d4fea842e00add0d32a5b4c5e4e04c7a6b,hxd75467e3e4ce64e3424c747dfb71503017440433,cxa0af3165c08318e988cb30993b3048335b94af6c,0x11e1a300,0xe64bf3ed2f856a213e556f0fe6423d13c07916442532b6b5bab3eb8c65ea645f,0,94210421,0.3,1741101644049855,Solana,0.047366825,SOL,0,2,2025-03-04
cx4297f4b63262507623b6ad575d0d8dd2db980e4e,cx21e94c08c03daee80c25d8ee3ea22a20786ec231,hx2795b422d55c51caa27f5c6397561e73d73e8bff,0x470de4df820001,0xa75311c0c755729db28fdfc755ee80f6f625d1c4367f05e0e9489b8166c410e9,5,94210421,0.02,1741101644049855,Injective,0.0860169,INJ,0,1,2025-03-04
cx88fd7df7ddff82f7cc735c871dc519838cb235bb,cxa0af3165c08318e988cb30993b3048335b94af6c,cx5faae53c4dbd1fbe4a2eb4aab6565030f10da5c6,0x1251563a1cf39,0xa75311c0c755729db28fdfc755ee80f6f625d1c4367f05e0e9489b8166c410e9,3,94210421,0.000322248772800313,1741101644049855,Balanced Dollar,0.0860169,bnUSD,0,1,2025-03-04
cx4297f4b63262507623b6ad575d0d8dd2db980e4e,cxa0af3165c08318e988cb30993b3048335b94af6c,cx21e94c08c03daee80c25d8ee3ea22a20786ec231,0x470de4df820001,0xa75311c0c755729db28fdfc755ee80f6f625d1c4367f05e0e9489b8166c410e9,2,94210421,0.02,1741101644049855,Injective,0.0860169,INJ,0,1,2025-03-04
cx88fd7df7ddff82f7cc735c871dc519838cb235bb,cx21e94c08c03daee80c25d8ee3ea22a20786ec231,cxa0af3165c08318e988cb30993b3048335b94af6c,0x2fb3d08cab64fee,0xa75311c0c755729db28fdfc755ee80f6f625d1c4367f05e0e9489b8166c410e9,1,94210421,0.21483251520020888,1741101644049855,Balanced Dollar,0.0860169,bnUSD,0,1,2025-03-04
cx88fd7df7ddff82f7cc735c871dc519838cb235bb,hx2795b422d55c51caa27f5c6397561e73d73e8bff,cx21e94c08c03daee80c25d8ee3ea22a20786ec231,0x2fb3d08cab64fee,0xa75311c0c755729db28fdfc755ee80f6f625d1c4367f05e0e9489b8166c410e9,0,94210421,0.21483251520020888,1741101644049855,Balanced Dollar,0.0860169,bnUSD,0,1,2025-03-04
cx88fd7df7ddff82f7cc735c871dc519838cb235bb,cx21e94c08c03daee80c25d8ee3ea22a20786ec231,hx970eda4988e547df0de8324226fdf3e8ebc9734f,0x2d0ac9c74cfb926284,0x127a357cb431db51a03de779542f6ac5fbdd214e6abb9a1c3d400273d2c1df6e,5,94210415,830.88085486108,1741101632125057,Balanced Dollar,0.0860250375,bnUSD,0,1,2025-03-04
cx88fd7df7ddff82f7cc735c871dc519838cb235bb,cxa0af3165c08318e988cb30993b3048335b94af6c,cx5faae53c4dbd1fbe4a2eb4aab6565030f10da5c6,0x115276a2899786df,0x127a357cb431db51a03de779542f6ac5fbdd214e6abb9a1c3d400273d2c1df6e,3,94210415,1.2481904872002372,1741101632125057,Balanced Dollar,0.0860250375,bnUSD,0,1,2025-03-04
cx88fd7df7ddff82f7cc735c871dc519838cb235bb,cxa0af3165c08318e988cb30993b3048335b94af6c,cx21e94c08c03daee80c25d8ee3ea22a20786ec231,0x2d0ac9c74cfb926284,0x127a357cb431db51a03de779542f6ac5fbdd214e6abb9a1c3d400273d2c1df6e,2,94210415,830.88085486108,1741101632125057,Balanced Dollar,0.0860250375,bnUSD,0,1,2025-03-04
cx07b184a37f03c6ab681fcbd0b45aec6dc3eafbeb,cx21e94c08c03daee80c25d8ee3ea22a20786ec231,cxa0af3165c08318e988cb30993b3048335b94af6c,0x2386f26fc10000,0x127a357cb431db51a03de779542f6ac5fbdd214e6abb9a1c3d400273d2c1df6e,1,94210415,0.01,1741101632125057,Bitcoin,0.0860250375,BTC,0,1,2025-03-04
cx07b184a37f03c6ab681fcbd0b45aec6dc3eafbeb,hx970eda4988e547df0de8324226fdf3e8ebc9734f,cx21e94c08c03daee80c25d8ee3ea22a20786ec231,0x2386f26fc10000,0x127a357cb431db51a03de779542f6ac5fbdd214e6abb9a1c3d400273d2c1df6e,0,94210415,0.01,1741101632125057,Bitcoin,0.0860250375,BTC,0,1,2025-03-04
cx88fd7df7ddff82f7cc735c871dc519838cb235bb,cx21e94c08c03daee80c25d8ee3ea22a20786ec231,hx2debd9ec927cca1639da8d3518dd9dbf1cdfb357,0x1588191c6c9e98d700,0x00d8c54e52192e3c8b0137ad0d05a5ed5275bb89c0c86308ab643e712b1c1750,5,94210413,397.1885264643194,1741101628025576,Balanced Dollar,0.0883186125,bnUSD,0,1,2025-03-04
cx88fd7df7ddff82f7cc735c871dc519838cb235bb,cxa0af3165c08318e988cb30993b3048335b94af6c,cx5faae53c4dbd1fbe4a2eb4aab6565030f10da5c6,0x84708e752d0fbb3,0x00d8c54e52192e3c8b0137ad0d05a5ed5275bb89c0c86308ab643e712b1c1750,3,94210413,0.5964552652697753,1741101628025576,Balanced Dollar,0.0883186125,bnUSD,0,1,2025-03-04
cx88fd7df7ddff82f7cc735c871dc519838cb235bb,cxa0af3165c08318e988cb30993b3048335b94af6c,cx21e94c08c03daee80c25d8ee3ea22a20786ec231,0x1588191c6c9e98d700,0x00d8c54e52192e3c8b0137ad0d05a5ed5275bb89c0c86308ab643e712b1c1750,2,94210413,397.1885264643194,1741101628025576,Balanced Dollar,0.0883186125,bnUSD,0,1,2025-03-04
cx2d552c485ec8bcaa75aac02424e2aca6ffdb2f1b,cx21e94c08c03daee80c25d8ee3ea22a20786ec231,cxa0af3165c08318e988cb30993b3048335b94af6c,0x9b6e64a8ec60000,0x00d8c54e52192e3c8b0137ad0d05a5ed5275bb89c0c86308ab643e712b1c1750,1,94210413,0.7,1741101628025576,Binance Coin,0.0883186125,BNB,0,1,2025-03-04
cx2d552c485ec8bcaa75aac02424e2aca6ffdb2f1b,hx2debd9ec927cca1639da8d3518dd9dbf1cdfb357,cx21e94c08c03daee80c25d8ee3ea22a20786ec231,0x9b6e64a8ec60000,0x00d8c54e52192e3c8b0137ad0d05a5ed5275bb89c0c86308ab643e712b1c1750,0,94210413,0.7,1741101628025576,Binance Coin,0.0883186125,BNB,0,1,2025-03-04
cx88fd7df7ddff82f7cc735c871dc519838cb235bb,cxa0af3165c08318e988cb30993b3048335b94af6c,cx5faae53c4dbd1fbe4a2eb4aab6565030f10da5c6,0x1a3b0b68ddb5ef3,0x6b94d01b9967c299965bcaabe16ea15aea20c1af5de5df4e5f4c05e44f52d7de,2,94210407,0.11813231335226546,1741101616209455,Balanced Dollar,0.056911275,bnUSD,0,1,2025-03-04
cx88fd7df7ddff82f7cc735c871dc519838cb235bb,cxa0af3165c08318e988cb30993b3048335b94af6c,hxd75467e3e4ce64e3424c747dfb71503017440433,0x4420500ee0b5edb67,0x6b94d01b9967c299965bcaabe16ea15aea20c1af5de5df4e5f4c05e44f52d7de,1,94210407,78.54418589861798,1741101616209455,Balanced Dollar,0.056911275,bnUSD,0,1,2025-03-04
cx66a031cc3bd305c76371fb586e93801b948254f0,hxd75467e3e4ce64e3424c747dfb71503017440433,cxa0af3165c08318e988cb30993b3048335b94af6c,0x3782dace9d900000,0x6b94d01b9967c299965bcaabe16ea15aea20c1af5de5df4e5f4c05e44f52d7de,0,94210407,4.0,1741101616209455,Avalanche,0.056911275,AVAX,0,1,2025-03-04
cx88fd7df7ddff82f7cc735c871dc519838cb235bb,cxa0af3165c08318e988cb30993b3048335b94af6c,cx5faae53c4dbd1fbe4a2eb4aab6565030f10da5c6,0xe448cfe74674ce,0xbd610a30a1cfd98c51d5a1bd434e80fd32164726637193b89d9d286a72962eb3,2,94210404,0.06425635246561404,1741101610054985,Balanced Dollar,0.0569443375,bnUSD,0,1,2025-03-04
cx88fd7df7ddff82f7cc735c871dc519838cb235bb,cxa0af3165c08318e988cb30993b3048335b94af6c,hxd75467e3e4ce64e3424c747dfb71503017440433,0x250d8b2b740ebf759,0xbd610a30a1cfd98c51d5a1bd434e80fd32164726637193b89d9d286a72962eb3,1,94210404,42.71909076556081,1741101610054985,Balanced Dollar,0.0569443375,bnUSD,0,1,2025-03-04
cx4297f4b63262507623b6ad575d0d8dd2db980e4e,hxd75467e3e4ce64e3424c747dfb71503017440433,cxa0af3165c08318e988cb30993b3048335b94af6c,0x3782dace9d900000,0xbd610a30a1cfd98c51d5a1bd434e80fd32164726637193b89d9d286a72962eb3,0,94210404,4.0,1741101610054985,Injective,0.0569443375,INJ,0,1,2025-03-04
cx88fd7df7ddff82f7cc735c871dc519838cb235bb,cxa0af3165c08318e988cb30993b3048335b94af6c,cx5faae53c4dbd1fbe4a2eb4aab6565030f10da5c6,0x14ad07a58683bc2,0x490dbf535893433a7861823502a454e80851255593d077b2c6eeb3c91de945ea,2,94210401,0.09311596620233005,1741101604040317,Balanced Dollar,0.056975275,bnUSD,0,1,2025-03-04
cx88fd7df7ddff82f7cc735c871dc519838cb235bb,cxa0af3165c08318e988cb30993b3048335b94af6c,hxd75467e3e4ce64e3424c747dfb71503017440433,0x35b083de019e7fb79,0x490dbf535893433a7861823502a454e80851255593d077b2c6eeb3c91de945ea,1,94210401,61.899793111110384,1741101604040317,Balanced Dollar,0.056975275,bnUSD,0,1,2025-03-04
cx288d13e1b63563459a2ac6179f237711f6851cb5,hxd75467e3e4ce64e3424c747dfb71503017440433,cxa0af3165c08318e988cb30993b3048335b94af6c,0x6a94d74f430000,0x490dbf535893433a7861823502a454e80851255593d077b2c6eeb3c91de945ea,0,94210401,0.03,1741101604040317,Ethereum,0.056975275,ETH,0,1,2025-03-04
cx53f8ccd5426534f82cf10cb742de033e51da72fc,hx8026678e3d08ba3203ce6161ee8e9e3b9793491f,hx8026678e3d08ba3203ce6161ee8e9e3b9793491f,0x0,0x2efe9ebeabd42733da66ead32fc747c78c9788e5f52fd525b74b9ace0acbeb7e,0,94210400,0.0,1741101602248090,unknown_token,0.004292,$unknown,4,1,2025-03-04
cx88fd7df7ddff82f7cc735c871dc519838cb235bb,cxa0af3165c08318e988cb30993b3048335b94af6c,cx5faae53c4dbd1fbe4a2eb4aab6565030f10da5c6,0xd9e3b735a62bc7,0x2b8f882a87ecb72b92780037ca54f468b7e4af5e9acd4270cbeebf7592f4726f,2,94210397,0.0613304459648153,1741101596222271,Balanced Dollar,0.047366825,bnUSD,0,1,2025-03-04
cx88fd7df7ddff82f7cc735c871dc519838cb235bb,cxa0af3165c08318e988cb30993b3048335b94af6c,hxd75467e3e4ce64e3424c747dfb71503017440433,0x235de6bd85c61ca92,0x2b8f882a87ecb72b92780037ca54f468b7e4af5e9acd4270cbeebf7592f4726f,1,94210397,40.77514665326607,1741101596222271,Balanced Dollar,0.047366825,bnUSD,0,1,2025-03-04
cx65c9e3d4fea842e00add0d32a5b4c5e4e04c7a6b,hxd75467e3e4ce64e3424c747dfb71503017440433,cxa0af3165c08318e988cb30993b3048335b94af6c,0x11e1a300,0x2b8f882a87ecb72b92780037ca54f468b7e4af5e9acd4270cbeebf7592f4726f,0,94210397,0.3,1741101596222271,Solana,0.047366825,SOL,0,1,2025-03-04
cx88fd7df7ddff82f7cc735c871dc519838cb235bb,cxa0af3165c08318e988cb30993b3048335b94af6c,cx5faae53c4dbd1fbe4a2eb4aab6565030f10da5c6,0xe4644206c9aac9,0xff47bff8e18ebebc46faa44f55d698be5c911090164ef2f54f7b8787f6add2f6,2,94210380,0.06428652943452846,1741101562004168,Balanced Dollar,0.0569443375,bnUSD,0,1,2025-03-04
cx88fd7df7ddff82f7cc735c871dc519838cb235bb,cxa0af3165c08318e988cb30993b3048335b94af6c,hxd75467e3e4ce64e3424c747dfb71503017440433,0x2511ffb73c00e5511,0xff47bff8e18ebebc46faa44f55d698be5c911090164ef2f54f7b8787f6add2f6,1,94210380,42.73915546333127,1741101562004168,Balanced Dollar,0.0569443375,bnUSD,0,1,2025-03-04
cx4297f4b63262507623b6ad575d0d8dd2db980e4e,hxd75467e3e4ce64e3424c747dfb71503017440433,cxa0af3165c08318e988cb30993b3048335b94af6c,0x3782dace9d900000,0xff47bff8e18ebebc46faa44f55d698be5c911090164ef2f54f7b8787f6add2f6,0,94210380,4.0,1741101562004168,Injective,0.0569443375,INJ,0,1,2025-03-04
cx88fd7df7ddff82f7cc735c871dc519838cb235bb,cxa0af3165c08318e988cb30993b3048335b94af6c,cx5faae53c4dbd1fbe4a2eb4aab6565030f10da5c6,0xda015f7552c8cd,0x3d8e2de9201487a7ab8b51667020d02f0bacb32895ababa173fa9a8744904f0d,2,94210375,0.06136305442480353,1741101552227368,Balanced Dollar,0.0473641375,bnUSD,0,1,2025-03-04
cx88fd7df7ddff82f7cc735c871dc519838cb235bb,cxa0af3165c08318e988cb30993b3048335b94af6c,hxd75467e3e4ce64e3424c747dfb71503017440433,0x2362b73e17e74aca9,0x3d8e2de9201487a7ab8b51667020d02f0bacb32895ababa173fa9a8744904f0d,1,94210375,40.79682906179218,1741101552227368,Balanced Dollar,0.0473641375,bnUSD,0,1,2025-03-04
cx65c9e3d4fea842e00add0d32a5b4c5e4e04c7a6b,hxd75467e3e4ce64e3424c747dfb71503017440433,cxa0af3165c08318e988cb30993b3048335b94af6c,0x11e1a300,0x3d8e2de9201487a7ab8b51667020d02f0bacb32895ababa173fa9a8744904f0d,0,94210375,0.3,1741101552227368,Solana,0.0473641375,SOL,0,1,2025-03-04
cx88fd7df7ddff82f7cc735c871dc519838cb235bb,cxa0af3165c08318e988cb30993b3048335b94af6c,cx5faae53c4dbd1fbe4a2eb4aab6565030f10da5c6,0x14ae84f56e3659d,0x64f4e2b84b36f69cd92963a5577f579e5dd9efb3961f38721275940b1cf0a361,2,94210371,0.09314216977232016,1741101543998786,Balanced Dollar,0.056975275,bnUSD,0,1,2025-03-04
cx88fd7df7ddff82f7cc735c871dc519838cb235bb,cxa0af3165c08318e988cb30993b3048335b94af6c,hxd75467e3e4ce64e3424c747dfb71503017440433,0x35b4621903f18a485,0x64f4e2b84b36f69cd92963a5577f579e5dd9efb3961f38721275940b1cf0a361,1,94210371,61.91721343036743,1741101543998786,Balanced Dollar,0.056975275,bnUSD,0,1,2025-03-04
cx288d13e1b63563459a2ac6179f237711f6851cb5,hxd75467e3e4ce64e3424c747dfb71503017440433,cxa0af3165c08318e988cb30993b3048335b94af6c,0x6a94d74f430000,0x64f4e2b84b36f69cd92963a5577f579e5dd9efb3961f38721275940b1cf0a361,0,94210371,0.03,1741101543998786,Ethereum,0.056975275,ETH,0,1,2025-03-04
cx88fd7df7ddff82f7cc735c871dc519838cb235bb,cxa0af3165c08318e988cb30993b3048335b94af6c,cx5faae53c4dbd1fbe4a2eb4aab6565030f10da5c6,0xe47fb91a00a203,0x6d1f73140f8269cf6c36c5880ad4f46467012e0634421049cd64857b65b5cabe,2,94210363,0.06431672767195597,1741101527992298,Balanced Dollar,0.0569443375,bnUSD,0,1,2025-03-04
cx88fd7df7ddff82f7cc735c871dc519838cb235bb,cxa0af3165c08318e988cb30993b3048335b94af6c,hxd75467e3e4ce64e3424c747dfb71503017440433,0x25167510d32d4ed17,0x6d1f73140f8269cf6c36c5880ad4f46467012e0634421049cd64857b65b5cabe,1,94210363,42.75923430422171,1741101527992298,Balanced Dollar,0.0569443375,bnUSD,0,1,2025-03-04
cx4297f4b63262507623b6ad575d0d8dd2db980e4e,hxd75467e3e4ce64e3424c747dfb71503017440433,cxa0af3165c08318e988cb30993b3048335b94af6c,0x3782dace9d900000,0x6d1f73140f8269cf6c36c5880ad4f46467012e0634421049cd64857b65b5cabe,0,94210363,4.0,1741101527992298,Injective,0.0569443375,INJ,0,1,2025-03-04
cx88fd7df7ddff82f7cc735c871dc519838cb235bb,cxa0af3165c08318e988cb30993b3048335b94af6c,cx5faae53c4dbd1fbe4a2eb4aab6565030f10da5c6,0x1a3f6a9b0276473,0xe93cf4f392a39a7bf14d0a547202d196092ab65a9c274efc8dafe7a0ed17c426,2,94210360,0.11820922390704242,1741101522019471,Balanced Dollar,0.056911275,bnUSD,0,1,2025-03-04
cx88fd7df7ddff82f7cc735c871dc519838cb235bb,cxa0af3165c08318e988cb30993b3048335b94af6c,hxd75467e3e4ce64e3424c747dfb71503017440433,0x442bab4eb4f7dc50b,0xe93cf4f392a39a7bf14d0a547202d196092ab65a9c274efc8dafe7a0ed17c426,1,94210360,78.59533076975359,1741101522019471,Balanced Dollar,0.056911275,bnUSD,0,1,2025-03-04
cx66a031cc3bd305c76371fb586e93801b948254f0,hxd75467e3e4ce64e3424c747dfb71503017440433,cxa0af3165c08318e988cb30993b3048335b94af6c,0x3782dace9d900000,0xe93cf4f392a39a7bf14d0a547202d196092ab65a9c274efc8dafe7a0ed17c426,0,94210360,4.0,1741101522019471,Avalanche,0.056911275,AVAX,0,1,2025-03-04
cx88fd7df7ddff82f7cc735c871dc519838cb235bb,cxa0af3165c08318e988cb30993b3048335b94af6c,cx5faae53c4dbd1fbe4a2eb4aab6565030f10da5c6,0x340c8b06e53dca,0x60a085f8d7134536edd1d4a26662dca87424e7ca02dbe5f91f3d106b19673264,2,94210358,0.014650490044628426,1741101518016632,Balanced Dollar,0.0568641125,bnUSD,0,1,2025-03-04
cx88fd7df7ddff82f7cc735c871dc519838cb235bb,cxa0af3165c08318e988cb30993b3048335b94af6c,hx06efa9167ece33af37f7153dc53bce2775f812f2,0x872515aab70e85b0,0x60a085f8d7134536edd1d4a26662dca87424e7ca02dbe5f91f3d106b19673264,1,94210358,9.738213592218372,1741101518016632,Balanced Dollar,0.0568641125,bnUSD,0,1,2025-03-04
cx4297f4b63262507623b6ad575d0d8dd2db980e4e,hx06efa9167ece33af37f7153dc53bce2775f812f2,cxa0af3165c08318e988cb30993b3048335b94af6c,0xca385f230231316,0x60a085f8d7134536edd1d4a26662dca87424e7ca02dbe5f91f3d106b19673264,0,94210358,0.910718824895157,1741101518016632,Injective,0.0568641125,INJ,0,1,2025-03-04
cx88fd7df7ddff82f7cc735c871dc519838cb235bb,cxa0af3165c08318e988cb30993b3048335b94af6c,cx5faae53c4dbd1fbe4a2eb4aab6565030f10da5c6,0x14b0026e8e78dec,0xf964ad2ad5643fbc7d6ea16262475352039aa0fcc0666f479b63788b0ed5b084,2,94210357,0.09316838440747365,1741101516175091,Balanced Dollar,0.056975275,bnUSD,0,1,2025-03-04
cx88fd7df7ddff82f7cc735c871dc519838cb235bb,cxa0af3165c08318e988cb30993b3048335b94af6c,hxd75467e3e4ce64e3424c747dfb71503017440433,0x35b840bf142d32321,0xf964ad2ad5643fbc7d6ea16262475352039aa0fcc0666f479b63788b0ed5b084,1,94210357,61.93464110634206,1741101516175091,Balanced Dollar,0.056975275,bnUSD,0,1,2025-03-04
cx288d13e1b63563459a2ac6179f237711f6851cb5,hxd75467e3e4ce64e3424c747dfb71503017440433,cxa0af3165c08318e988cb30993b3048335b94af6c,0x6a94d74f430000,0xf964ad2ad5643fbc7d6ea16262475352039aa0fcc0666f479b63788b0ed5b084,0,94210357,0.03,1741101516175091,Ethereum,0.056975275,ETH,0,1,2025-03-04
cx88fd7df7ddff82f7cc735c871dc519838cb235bb,cxbf469921730ed3c3c8c1924fc482d369f8795fe2,hx385a695da4288bf7d70df14d1201e832c2bcf2a6,0xb60f11124a80c8000,0xeeb89f677a41e6f93b57915ca6960196a90eac14b00a515e14cc96c37fe7727b,1,94210356,209.8995681569693,1741101514022115,Balanced Dollar,0.0417461375,bnUSD,0,2,2025-03-04
cx88fd7df7ddff82f7cc735c871dc519838cb235bb,hx385a695da4288bf7d70df14d1201e832c2bcf2a6,cxbf469921730ed3c3c8c1924fc482d369f8795fe2,0xb60f11124a80c8000,0xeeb89f677a41e6f93b57915ca6960196a90eac14b00a515e14cc96c37fe7727b,0,94210356,209.8995681569693,1741101514022115,Balanced Dollar,0.0417461375,bnUSD,0,2,2025-03-04
cx4297f4b63262507623b6ad575d0d8dd2db980e4e,cx66d4d90f5f113eba575bf793570135f9b10cece1,cx835b300dcfe01f0bdb794e134a0c5628384f4367,0x20ae9b0312748e,0xf6b240cc87baa288116d1d5f8ae180f93bf63843b766791b79598adcb994e821,3,94210356,0.00919918004944603,1741101514022115,Injective,0.0928068125,INJ,0,1,2025-03-04
cx4297f4b63262507623b6ad575d0d8dd2db980e4e,cx66d4d90f5f113eba575bf793570135f9b10cece1,hx06efa9167ece33af37f7153dc53bce2775f812f2,0xca385f230231316,0xf6b240cc87baa288116d1d5f8ae180f93bf63843b766791b79598adcb994e821,1,94210356,0.910718824895157,1741101514022115,Injective,0.0928068125,INJ,0,1,2025-03-04
cx88fd7df7ddff82f7cc735c871dc519838cb235bb,hx06efa9167ece33af37f7153dc53bce2775f812f2,hx0000000000000000000000000000000000000000,0x808ad1e726fa2ac4,0xf6b240cc87baa288116d1d5f8ae180f93bf63843b766791b79598adcb994e821,0,94210356,9.262446374362426,1741101514022115,Balanced Dollar,0.0928068125,bnUSD,0,1,2025-03-04
cxf61cd5a45dc9f91c15aa65831a30a90d59a09619,cx9345f80d6c98357ccbb70392b14162199c2c5f66,cxd82fb5d3effecd8c9071a4bba3856ad7222c4b91,0x23b3503cfaa8e0,0xa518e0943c96f260c3260f56c7375384359d76a8f73535581e51e0850805b266,4,94210354,0.010048781386688736,1741101510016411,Balance Token,0.13021605,BALN,0,1,2025-03-04
cx2609b924e33ef00b648a409245c7ea394c467824,cx9345f80d6c98357ccbb70392b14162199c2c5f66,cxd82fb5d3effecd8c9071a4bba3856ad7222c4b91,0x274540ebecf510e,0xa518e0943c96f260c3260f56c7375384359d76a8f73535581e51e0850805b266,3,94210354,0.17685870768182504,1741101510016411,Staked ICX,0.13021605,sICX,0,1,2025-03-04
cx88fd7df7ddff82f7cc735c871dc519838cb235bb,hx0000000000000000000000000000000000000000,cx5faae53c4dbd1fbe4a2eb4aab6565030f10da5c6,0x0,0xa518e0943c96f260c3260f56c7375384359d76a8f73535581e51e0850805b266,2,94210354,0.0,1741101510016411,Balanced Dollar,0.13021605,bnUSD,0,1,2025-03-04
cx88fd7df7ddff82f7cc735c871dc519838cb235bb,hx0000000000000000000000000000000000000000,cxd82fb5d3effecd8c9071a4bba3856ad7222c4b91,0x6447447541e4d4,0xa518e0943c96f260c3260f56c7375384359d76a8f73535581e51e0850805b266,1,94210354,0.028225857021666516,1741101510016411,Balanced Dollar,0.13021605,bnUSD,0,1,2025-03-04
cx88fd7df7ddff82f7cc735c871dc519838cb235bb,hx2795b422d55c51caa27f5c6397561e73d73e8bff,cxd82fb5d3effecd8c9071a4bba3856ad7222c4b91,0x1bf1e74d4d4b5e0000,0xa518e0943c96f260c3260f56c7375384359d76a8f73535581e51e0850805b266,0,94210354,515.4930758672909,1741101510016411,Balanced Dollar,0.13021605,bnUSD,0,1,2025-03-04
cx88fd7df7ddff82f7cc735c871dc519838cb235bb,cxa0af3165c08318e988cb30993b3048335b94af6c,cx5faae53c4dbd1fbe4a2eb4aab6565030f10da5c6,0xda1f0dc3e256d0,0x8fef355824ef1e5ba579b4718867eb913840f8242999866cc3790c639d1224bf,2,94210353,0.06139568890434939,1741101508010903,Balanced Dollar,0.0473681375,bnUSD,0,2,2025-03-04
cx88fd7df7ddff82f7cc735c871dc519838cb235bb,cxa0af3165c08318e988cb30993b3048335b94af6c,hxd75467e3e4ce64e3424c747dfb71503017440433,0x236788ba76bf16d31,0x8fef355824ef1e5ba579b4718867eb913840f8242999866cc3790c639d1224bf,1,94210353,40.81852877385927,1741101508010903,Balanced Dollar,0.0473681375,bnUSD,0,2,2025-03-04
cx65c9e3d4fea842e00add0d32a5b4c5e4e04c7a6b,hxd75467e3e4ce64e3424c747dfb71503017440433,cxa0af3165c08318e988cb30993b3048335b94af6c,0x11e1a300,0x8fef355824ef1e5ba579b4718867eb913840f8242999866cc3790c639d1224bf,0,94210353,0.3,1741101508010903,Solana,0.0473681375,SOL,0,2,2025-03-04
cx88fd7df7ddff82f7cc735c871dc519838cb235bb,cxa0af3165c08318e988cb30993b3048335b94af6c,cx5faae53c4dbd1fbe4a2eb4aab6565030f10da5c6,0xac71e7648ba76db,0xcbec64d1e4d0d77a36401dfd32ba58579f0fd51b16376f9f6b661d3793029247,2,94210352,0.7766229541198538,1741101505985475,Balanced Dollar,0.05696165,bnUSD,0,1,2025-03-04
cx88fd7df7ddff82f7cc735c871dc519838cb235bb,cxa0af3165c08318e988cb30993b3048335b94af6c,hx2795b422d55c51caa27f5c6397561e73d73e8bff,0x1c041152a7194d9c41,0xcbec64d1e4d0d77a36401dfd32ba58579f0fd51b16376f9f6b661d3793029247,1,94210352,516.8019403922608,1741101505985475,Balanced Dollar,0.05696165,bnUSD,0,1,2025-03-04
cx288d13e1b63563459a2ac6179f237711f6851cb5,hx2795b422d55c51caa27f5c6397561e73d73e8bff,cxa0af3165c08318e988cb30993b3048335b94af6c,0x3782dace9d90000,0xcbec64d1e4d0d77a36401dfd32ba58579f0fd51b16376f9f6b661d3793029247,0,94210352,0.25,1741101505985475,Ethereum,0.05696165,ETH,0,1,2025-03-04
cxf61cd5a45dc9f91c15aa65831a30a90d59a09619,cx10d59e8103ab44635190bd4139dbfd682fa2d07e,hx970eda4988e547df0de8324226fdf3e8ebc9734f,0x468eab03f012e96c5,0xcbaf117688e9d01a7ccef20bf6acd26ab460ab0850a653a05ea6c7344d40fcd1,5,94210351,81.34702500398227,1741101503984122,Balance Token,0.1614815125,BALN,0,1,2025-03-04
cx2609b924e33ef00b648a409245c7ea394c467824,cx10d59e8103ab44635190bd4139dbfd682fa2d07e,hx970eda4988e547df0de8324226fdf3e8ebc9734f,0x1dc444a070855ad817,0xcbaf117688e9d01a7ccef20bf6acd26ab460ab0850a653a05ea6c7344d40fcd1,3,94210351,549.0981832725613,1741101503984122,Staked ICX,0.1614815125,sICX,0,1,2025-03-04
cxf61cd5a45dc9f91c15aa65831a30a90d59a09619,cx9345f80d6c98357ccbb70392b14162199c2c5f66,cxd82fb5d3effecd8c9071a4bba3856ad7222c4b91,0x6ababd364d5e330,0x0c069356ce6c73b447b7272fd948760fbdb3bcb24d8ba2a913426a6a152de01b,4,94210348,0.48066670966327785,1741101497982608,Balance Token,0.130236925,BALN,0,1,2025-03-04
cx2609b924e33ef00b648a409245c7ea394c467824,cx9345f80d6c98357ccbb70392b14162199c2c5f66,cxd82fb5d3effecd8c9071a4bba3856ad7222c4b91,0x75670a16a711fa73,0x0c069356ce6c73b447b7272fd948760fbdb3bcb24d8ba2a913426a6a152de01b,3,94210348,8.459741517447299,1741101497982608,Staked ICX,0.130236925,sICX,0,1,2025-03-04
cx88fd7df7ddff82f7cc735c871dc519838cb235bb,hx0000000000000000000000000000000000000000,cx5faae53c4dbd1fbe4a2eb4aab6565030f10da5c6,0x0,0x0c069356ce6c73b447b7272fd948760fbdb3bcb24d8ba2a913426a6a152de01b,2,94210348,0.0,1741101497982608,Balanced Dollar,0.130236925,bnUSD,0,1,2025-03-04
cx88fd7df7ddff82f7cc735c871dc519838cb235bb,hx0000000000000000000000000000000000000000,cxd82fb5d3effecd8c9071a4bba3856ad7222c4b91,0x12b039d8cfcbf06f,0x0c069356ce6c73b447b7272fd948760fbdb3bcb24d8ba2a913426a6a152de01b,1,94210348,1.3466398919457465,1741101497982608,Balanced Dollar,0.130236925,bnUSD,0,1,2025-03-04
cx88fd7df7ddff82f7cc735c871dc519838cb235bb,hx2795b422d55c51caa27f5c6397561e73d73e8bff,cxd82fb5d3effecd8c9071a4bba3856ad7222c4b91,0x1c02c10e902d1c0000,0x0c069356ce6c73b447b7272fd948760fbdb3bcb24d8ba2a913426a6a152de01b,0,94210348,516.7072899348434,1741101497982608,Balanced Dollar,0.130236925,bnUSD,0,1,2025-03-04
cx88fd7df7ddff82f7cc735c871dc519838cb235bb,cxa0af3165c08318e988cb30993b3048335b94af6c,cx5faae53c4dbd1fbe4a2eb4aab6565030f10da5c6,0x1a43cae51e696db,0x3b09a539806bbc25176029d8bb8b1551fd179756dfea9255c9187a7358b03a67,2,94210347,0.11828620961451798,1741101496188513,Balanced Dollar,0.056911275,bnUSD,0,1,2025-03-04
cx88fd7df7ddff82f7cc735c871dc519838cb235bb,cxa0af3165c08318e988cb30993b3048335b94af6c,hxd75467e3e4ce64e3424c747dfb71503017440433,0x44370965e65fab69e,0x3b09a539806bbc25176029d8bb8b1551fd179756dfea9255c9187a7358b03a67,1,94210347,78.646525624953,1741101496188513,Balanced Dollar,0.056911275,bnUSD,0,1,2025-03-04
cx66a031cc3bd305c76371fb586e93801b948254f0,hxd75467e3e4ce64e3424c747dfb71503017440433,cxa0af3165c08318e988cb30993b3048335b94af6c,0x3782dace9d900000,0x3b09a539806bbc25176029d8bb8b1551fd179756dfea9255c9187a7358b03a67,0,94210347,4.0,1741101496188513,Avalanche,0.056911275,AVAX,0,1,2025-03-04
cx88fd7df7ddff82f7cc735c871dc519838cb235bb,cxa0af3165c08318e988cb30993b3048335b94af6c,cx5faae53c4dbd1fbe4a2eb4aab6565030f10da5c6,0xacd9a22826d8c81,0xb3d92261bf8c7119b9fc83e64c4eb5e28c35bc0b5e57349d5dda0f44bdf22deb,2,94210346,0.7784477836127469,1741101493980950,Balanced Dollar,0.05696165,bnUSD,0,1,2025-03-04
cx88fd7df7ddff82f7cc735c871dc519838cb235bb,cxa0af3165c08318e988cb30993b3048335b94af6c,hx2795b422d55c51caa27f5c6397561e73d73e8bff,0x1c14ee0688f144c0d0,0xb3d92261bf8c7119b9fc83e64c4eb5e28c35bc0b5e57349d5dda0f44bdf22deb,1,94210346,518.0169841743162,1741101493980950,Balanced Dollar,0.05696165,bnUSD,0,1,2025-03-04
cx288d13e1b63563459a2ac6179f237711f6851cb5,hx2795b422d55c51caa27f5c6397561e73d73e8bff,cxa0af3165c08318e988cb30993b3048335b94af6c,0x3782dace9d90000,0xb3d92261bf8c7119b9fc83e64c4eb5e28c35bc0b5e57349d5dda0f44bdf22deb,0,94210346,0.25,1741101493980950,Ethereum,0.05696165,ETH,0,1,2025-03-04
cx88fd7df7ddff82f7cc735c871dc519838cb235bb,cxa0af3165c08318e988cb30993b3048335b94af6c,cx5faae53c4dbd1fbe4a2eb4aab6565030f10da5c6,0x14ca70712037f14,0xe400e058f3afa35731b02e0ebe6e0ea40c316ef5a5b788469c8da18d962f6d66,2,94210334,0.09363334107676649,1741101469970993,Balanced Dollar,0.056975275,bnUSD,0,1,2025-03-04
cx88fd7df7ddff82f7cc735c871dc519838cb235bb,cxa0af3165c08318e988cb30993b3048335b94af6c,hxd75467e3e4ce64e3424c747dfb71503017440433,0x35fce36bf21a03617,0xe400e058f3afa35731b02e0ebe6e0ea40c316ef5a5b788469c8da18d962f6d66,1,94210334,62.24374769446501,1741101469970993,Balanced Dollar,0.056975275,bnUSD,0,1,2025-03-04
cx288d13e1b63563459a2ac6179f237711f6851cb5,hxd75467e3e4ce64e3424c747dfb71503017440433,cxa0af3165c08318e988cb30993b3048335b94af6c,0x6a94d74f430000,0xe400e058f3afa35731b02e0ebe6e0ea40c316ef5a5b788469c8da18d962f6d66,0,94210334,0.03,1741101469970993,Ethereum,0.056975275,ETH,0,1,2025-03-04
cx2609b924e33ef00b648a409245c7ea394c467824,cxa0af3165c08318e988cb30993b3048335b94af6c,hx1bb6f65e446282da73168b7b064a05f244c85804,0x1,0x62520005f7116469eef3040676d72a901911fbf01c1ac9f5bd3cb9f46fb51abb,3,94210331,1e-18,1741101464000437,Staked ICX,0.0437633125,sICX,0,2,2025-03-04
cx88fd7df7ddff82f7cc735c871dc519838cb235bb,cxa0af3165c08318e988cb30993b3048335b94af6c,cx5faae53c4dbd1fbe4a2eb4aab6565030f10da5c6,0xda3cc222fb67a0,0xd2e0aab3c47304bbceb8dfbe65f65a9a7dca54c75c529c2f5d127b97a2dc8c6d,2,94210331,0.0614283494311464,1741101464000437,Balanced Dollar,0.047370825,bnUSD,0,1,2025-03-04
cx88fd7df7ddff82f7cc735c871dc519838cb235bb,cxa0af3165c08318e988cb30993b3048335b94af6c,hxd75467e3e4ce64e3424c747dfb71503017440433,0x236c5b32e6eb6f394,0xd2e0aab3c47304bbceb8dfbe65f65a9a7dca54c75c529c2f5d127b97a2dc8c6d,1,94210331,40.84024580788656,1741101464000437,Balanced Dollar,0.047370825,bnUSD,0,1,2025-03-04
cx65c9e3d4fea842e00add0d32a5b4c5e4e04c7a6b,hxd75467e3e4ce64e3424c747dfb71503017440433,cxa0af3165c08318e988cb30993b3048335b94af6c,0x11e1a300,0xd2e0aab3c47304bbceb8dfbe65f65a9a7dca54c75c529c2f5d127b97a2dc8c6d,0,94210331,0.3,1741101464000437,Solana,0.047370825,SOL,0,1,2025-03-04
cx2609b924e33ef00b648a409245c7ea394c467824,hx1bb6f65e446282da73168b7b064a05f244c85804,cxa0af3165c08318e988cb30993b3048335b94af6c,0x219cad26dc20d5aad9,0x0329f5c743897b4299d54f1e249aea0ebd097c08f06dc11414ab6ec5de41ae36,0,94210324,620.0322770001884,1741101449964900,Staked ICX,0.03123255,sICX,0,1,2025-03-04
cx88fd7df7ddff82f7cc735c871dc519838cb235bb,cxa0af3165c08318e988cb30993b3048335b94af6c,cx5faae53c4dbd1fbe4a2eb4aab6565030f10da5c6,0xda5a7c94451d07,0xd5d84358f5949703b48c9269e0342203b2314e39367799765f8c7d24840faf9c,2,94210322,0.06146103603292494,1741101446176335,Balanced Dollar,0.047366825,bnUSD,0,1,2025-03-04
cx88fd7df7ddff82f7cc735c871dc519838cb235bb,cxa0af3165c08318e988cb30993b3048335b94af6c,hxd75467e3e4ce64e3424c747dfb71503017440433,0x23712ea7ad21a405b,0xd5d84358f5949703b48c9269e0342203b2314e39367799765f8c7d24840faf9c,1,94210322,40.86198018231778,1741101446176335,Balanced Dollar,0.047366825,bnUSD,0,1,2025-03-04
cx65c9e3d4fea842e00add0d32a5b4c5e4e04c7a6b,hxd75467e3e4ce64e3424c747dfb71503017440433,cxa0af3165c08318e988cb30993b3048335b94af6c,0x11e1a300,0xd5d84358f5949703b48c9269e0342203b2314e39367799765f8c7d24840faf9c,0,94210322,0.3,1741101446176335,Solana,0.047366825,SOL,0,1,2025-03-04
cx88fd7df7ddff82f7cc735c871dc519838cb235bb,cx21e94c08c03daee80c25d8ee3ea22a20786ec231,hx970eda4988e547df0de8324226fdf3e8ebc9734f,0x2d2d917106f2a89333,0xb5847c645b609e190d6f8425b08770ae03853c007aabaf496e423e77d78b81a7,5,94210321,833.3870131949145,1741101443971202,Balanced Dollar,0.0860290375,bnUSD,0,1,2025-03-04
cx88fd7df7ddff82f7cc735c871dc519838cb235bb,cxa0af3165c08318e988cb30993b3048335b94af6c,cx5faae53c4dbd1fbe4a2eb4aab6565030f10da5c6,0x115fd42ef113bb3f,0xb5847c645b609e190d6f8425b08770ae03853c007aabaf496e423e77d78b81a7,3,94210321,1.2519525195104735,1741101443971202,Balanced Dollar,0.0860290375,bnUSD,0,1,2025-03-04
cx88fd7df7ddff82f7cc735c871dc519838cb235bb,cxa0af3165c08318e988cb30993b3048335b94af6c,cx21e94c08c03daee80c25d8ee3ea22a20786ec231,0x2d2d917106f2a89333,0xb5847c645b609e190d6f8425b08770ae03853c007aabaf496e423e77d78b81a7,2,94210321,833.3870131949145,1741101443971202,Balanced Dollar,0.0860290375,bnUSD,0,1,2025-03-04
cx07b184a37f03c6ab681fcbd0b45aec6dc3eafbeb,cx21e94c08c03daee80c25d8ee3ea22a20786ec231,cxa0af3165c08318e988cb30993b3048335b94af6c,0x2386f26fc10000,0xb5847c645b609e190d6f8425b08770ae03853c007aabaf496e423e77d78b81a7,1,94210321,0.01,1741101443971202,Bitcoin,0.0860290375,BTC,0,1,2025-03-04
cx07b184a37f03c6ab681fcbd0b45aec6dc3eafbeb,hx970eda4988e547df0de8324226fdf3e8ebc9734f,cx21e94c08c03daee80c25d8ee3ea22a20786ec231,0x2386f26fc10000,0xb5847c645b609e190d6f8425b08770ae03853c007aabaf496e423e77d78b81a7,0,94210321,0.01,1741101443971202,Bitcoin,0.0860290375,BTC,0,1,2025-03-04
cx88fd7df7ddff82f7cc735c871dc519838cb235bb,cxa0af3165c08318e988cb30993b3048335b94af6c,cx5faae53c4dbd1fbe4a2eb4aab6565030f10da5c6,0x14cbf0effd1a6a3,0xf137ed5783477063ae3b7a429ad49614fb94c1faf49e3c2041473c44963706cb,2,94210317,0.09365976341031491,1741101436159176,Balanced Dollar,0.0569739625,bnUSD,0,1,2025-03-04
cx88fd7df7ddff82f7cc735c871dc519838cb235bb,cxa0af3165c08318e988cb30993b3048335b94af6c,hxd75467e3e4ce64e3424c747dfb71503017440433,0x3600c9eb7883bb52c,0xf137ed5783477063ae3b7a429ad49614fb94c1faf49e3c2041473c44963706cb,1,94210317,62.26131345959208,1741101436159176,Balanced Dollar,0.0569739625,bnUSD,0,1,2025-03-04
cx288d13e1b63563459a2ac6179f237711f6851cb5,hxd75467e3e4ce64e3424c747dfb71503017440433,cxa0af3165c08318e988cb30993b3048335b94af6c,0x6a94d74f430000,0xf137ed5783477063ae3b7a429ad49614fb94c1faf49e3c2041473c44963706cb,0,94210317,0.03,1741101436159176,Ethereum,0.0569739625,ETH,0,1,2025-03-04
cx88fd7df7ddff82f7cc735c871dc519838cb235bb,cxa0af3165c08318e988cb30993b3048335b94af6c,cx5faae53c4dbd1fbe4a2eb4aab6565030f10da5c6,0xe4a177c9b8dc0a,0xf4af2d22cd32d64c9f0f2c06dea1c35030e4f33ef97576439ca94287dc039fc9,2,94210314,0.0643538305475451,1741101430162138,Balanced Dollar,0.0569618375,bnUSD,0,1,2025-03-04
cx88fd7df7ddff82f7cc735c871dc519838cb235bb,cxa0af3165c08318e988cb30993b3048335b94af6c,hxd75467e3e4ce64e3424c747dfb71503017440433,0x251bef60db5a818fe,0xf4af2d22cd32d64c9f0f2c06dea1c35030e4f33ef97576439ca94287dc039fc9,1,94210314,42.78390404880899,1741101430162138,Balanced Dollar,0.0569618375,bnUSD,0,1,2025-03-04
cx4297f4b63262507623b6ad575d0d8dd2db980e4e,hxd75467e3e4ce64e3424c747dfb71503017440433,cxa0af3165c08318e988cb30993b3048335b94af6c,0x3782dace9d900000,0xf4af2d22cd32d64c9f0f2c06dea1c35030e4f33ef97576439ca94287dc039fc9,0,94210314,4.0,1741101430162138,Injective,0.0569618375,INJ,0,1,2025-03-04
cx3975b43d260fb8ec802cef6e60c2f4d07486f11d,hx1bb6f65e446282da73168b7b064a05f244c85804,cxa0af3165c08318e988cb30993b3048335b94af6c,0x2c518b5528163295e5,0x0f44c88d5364218a0a499132898066f83df5d7f5a2a363bf9ab3b44bafd840e6,1,94210309,817.5326230127147,1741101419952792,Wrapped ICX,0.0165693375,wICX,0,1,2025-03-04
cx3975b43d260fb8ec802cef6e60c2f4d07486f11d,hx0000000000000000000000000000000000000000,hx1bb6f65e446282da73168b7b064a05f244c85804,0x2c518b5528163295e5,0x0f44c88d5364218a0a499132898066f83df5d7f5a2a363bf9ab3b44bafd840e6,0,94210309,817.5326230127147,1741101419952792,Wrapped ICX,0.0165693375,wICX,0,1,2025-03-04
cx2609b924e33ef00b648a409245c7ea394c467824,cx66d4d90f5f113eba575bf793570135f9b10cece1,hx1bb6f65e446282da73168b7b064a05f244c85804,0x196036e3a20a0f2b5f,0x21888b2453b5274fceede10856f2606a0777ab7a6dccdd75747ed28b1a9c9161,1,94210291,468.10158080421525,1741101383947234,Staked ICX,0.1096724125,sICX,0,1,2025-03-04
cx2609b924e33ef00b648a409245c7ea394c467824,cx21e94c08c03daee80c25d8ee3ea22a20786ec231,hx2debd9ec927cca1639da8d3518dd9dbf1cdfb357,0x6c6b536dfdcb7e5871,0xbff6f7cfd21789330f7a3557e82c4d0e6c0302e7e739abce8bdc51a1e0b3ab25,10,94210290,1999.982005882565,1741101382045079,Staked ICX,0.154835025,sICX,0,1,2025-03-04
cx88fd7df7ddff82f7cc735c871dc519838cb235bb,cx203d9cd2a669be67177e997b8948ce2c35caffae,cx835b300dcfe01f0bdb794e134a0c5628384f4367,0x17637efd2a9518f21,0xbff6f7cfd21789330f7a3557e82c4d0e6c0302e7e739abce8bdc51a1e0b3ab25,7,94210290,26.965284981967,1741101382045079,Balanced Dollar,0.154835025,bnUSD,0,1,2025-03-04
cx88fd7df7ddff82f7cc735c871dc519838cb235bb,cx5faae53c4dbd1fbe4a2eb4aab6565030f10da5c6,cx203d9cd2a669be67177e997b8948ce2c35caffae,0x216990d7616748354,0xbff6f7cfd21789330f7a3557e82c4d0e6c0302e7e739abce8bdc51a1e0b3ab25,5,94210290,38.521835688524284,1741101382045079,Balanced Dollar,0.154835025,bnUSD,0,1,2025-03-04
cx88fd7df7ddff82f7cc735c871dc519838cb235bb,cx5faae53c4dbd1fbe4a2eb4aab6565030f10da5c6,cxdc30a0d3a1f131565c071272a20bc0b06fd4c17b,0x216990d7616748353,0xbff6f7cfd21789330f7a3557e82c4d0e6c0302e7e739abce8bdc51a1e0b3ab25,4,94210290,38.521835688524284,1741101382045079,Balanced Dollar,0.154835025,bnUSD,0,1,2025-03-04
cx88fd7df7ddff82f7cc735c871dc519838cb235bb,cxa0af3165c08318e988cb30993b3048335b94af6c,cx5faae53c4dbd1fbe4a2eb4aab6565030f10da5c6,0x5d2f8781cd585e4,0xbff6f7cfd21789330f7a3557e82c4d0e6c0302e7e739abce8bdc51a1e0b3ab25,3,94210290,0.4196709100623969,1741101382045079,Balanced Dollar,0.154835025,bnUSD,0,1,2025-03-04
cx2609b924e33ef00b648a409245c7ea394c467824,cxa0af3165c08318e988cb30993b3048335b94af6c,cx21e94c08c03daee80c25d8ee3ea22a20786ec231,0x6c6b536dfdcb7e5871,0xbff6f7cfd21789330f7a3557e82c4d0e6c0302e7e739abce8bdc51a1e0b3ab25,2,94210290,1999.982005882565,1741101382045079,Staked ICX,0.154835025,sICX,0,1,2025-03-04
cx88fd7df7ddff82f7cc735c871dc519838cb235bb,cx21e94c08c03daee80c25d8ee3ea22a20786ec231,cxa0af3165c08318e988cb30993b3048335b94af6c,0xf2abc6375c16201c0,0xbff6f7cfd21789330f7a3557e82c4d0e6c0302e7e739abce8bdc51a1e0b3ab25,1,94210290,279.7806067082646,1741101382045079,Balanced Dollar,0.154835025,bnUSD,0,1,2025-03-04
cx88fd7df7ddff82f7cc735c871dc519838cb235bb,hx2debd9ec927cca1639da8d3518dd9dbf1cdfb357,cx21e94c08c03daee80c25d8ee3ea22a20786ec231,0xf2abc6375c16201c0,0xbff6f7cfd21789330f7a3557e82c4d0e6c0302e7e739abce8bdc51a1e0b3ab25,0,94210290,279.7806067082646,1741101382045079,Balanced Dollar,0.154835025,bnUSD,0,1,2025-03-04
cx2609b924e33ef00b648a409245c7ea394c467824,cx21e94c08c03daee80c25d8ee3ea22a20786ec231,hx2debd9ec927cca1639da8d3518dd9dbf1cdfb357,0x6c6b536dfd2d84a4f4,0xcab5179cf73e57a454f9bb6a7a573543ad2ea6be1f5462b8aa136f75d5a40031,5,94210285,1999.9820058799146,1741101371955045,Staked ICX,0.112702,sICX,0,1,2025-03-04
cx88fd7df7ddff82f7cc735c871dc519838cb235bb,cxa0af3165c08318e988cb30993b3048335b94af6c,cx5faae53c4dbd1fbe4a2eb4aab6565030f10da5c6,0x5d1fee5906888a4,0xcab5179cf73e57a454f9bb6a7a573543ad2ea6be1f5462b8aa136f75d5a40031,3,94210285,0.4193965022459025,1741101371955045,Balanced Dollar,0.112702,bnUSD,0,1,2025-03-04
cx2609b924e33ef00b648a409245c7ea394c467824,cxa0af3165c08318e988cb30993b3048335b94af6c,cx21e94c08c03daee80c25d8ee3ea22a20786ec231,0x6c6b536dfd2d84a4f4,0xcab5179cf73e57a454f9bb6a7a573543ad2ea6be1f5462b8aa136f75d5a40031,2,94210285,1999.9820058799146,1741101371955045,Staked ICX,0.112702,sICX,0,1,2025-03-04
cx88fd7df7ddff82f7cc735c871dc519838cb235bb,cx21e94c08c03daee80c25d8ee3ea22a20786ec231,cxa0af3165c08318e988cb30993b3048335b94af6c,0xf283275d2bae3d5c0,0xcab5179cf73e57a454f9bb6a7a573543ad2ea6be1f5462b8aa136f75d5a40031,1,94210285,279.597668163935,1741101371955045,Balanced Dollar,0.112702,bnUSD,0,1,2025-03-04
cx88fd7df7ddff82f7cc735c871dc519838cb235bb,hx2debd9ec927cca1639da8d3518dd9dbf1cdfb357,cx21e94c08c03daee80c25d8ee3ea22a20786ec231,0xf283275d2bae3d5c0,0xcab5179cf73e57a454f9bb6a7a573543ad2ea6be1f5462b8aa136f75d5a40031,0,94210285,279.597668163935,1741101371955045,Balanced Dollar,0.112702,bnUSD,0,1,2025-03-04
cx2609b924e33ef00b648a409245c7ea394c467824,hx0000000000000000000000000000000000000000,cx66d4d90f5f113eba575bf793570135f9b10cece1,0x196036e3a20a0f2b5f,0x412b94fff53d78bd5674910b79de79ccf7472499fdb0097f8373ea597b9a84ca,3,94210280,468.10158080421525,1741101361939178,Staked ICX,0.107194575,sICX,0,2,2025-03-04
cx2609b924e33ef00b648a409245c7ea394c467824,cx21e94c08c03daee80c25d8ee3ea22a20786ec231,hx2debd9ec927cca1639da8d3518dd9dbf1cdfb357,0x6c6b536dfcb50bf26a,0x375b5319fbe2579fe4ea5ba7c2fd47192f99303f8aede08e489b539352c4293a,5,94210280,1999.9820058778935,1741101361939178,Staked ICX,0.112702,sICX,0,1,2025-03-04
cx88fd7df7ddff82f7cc735c871dc519838cb235bb,cxa0af3165c08318e988cb30993b3048335b94af6c,cx5faae53c4dbd1fbe4a2eb4aab6565030f10da5c6,0x5d10591a49ecb1a,0x375b5319fbe2579fe4ea5ba7c2fd47192f99303f8aede08e489b539352c4293a,3,94210280,0.4191223634124337,1741101361939178,Balanced Dollar,0.112702,bnUSD,0,1,2025-03-04
cx2609b924e33ef00b648a409245c7ea394c467824,cxa0af3165c08318e988cb30993b3048335b94af6c,cx21e94c08c03daee80c25d8ee3ea22a20786ec231,0x6c6b536dfcb50bf26a,0x375b5319fbe2579fe4ea5ba7c2fd47192f99303f8aede08e489b539352c4293a,2,94210280,1999.9820058778935,1741101361939178,Staked ICX,0.112702,sICX,0,1,2025-03-04
cx88fd7df7ddff82f7cc735c871dc519838cb235bb,cx21e94c08c03daee80c25d8ee3ea22a20786ec231,cxa0af3165c08318e988cb30993b3048335b94af6c,0xf25a92b475d863e60,0x375b5319fbe2579fe4ea5ba7c2fd47192f99303f8aede08e489b539352c4293a,1,94210280,279.41490894162246,1741101361939178,Balanced Dollar,0.112702,bnUSD,0,1,2025-03-04
cx88fd7df7ddff82f7cc735c871dc519838cb235bb,hx2debd9ec927cca1639da8d3518dd9dbf1cdfb357,cx21e94c08c03daee80c25d8ee3ea22a20786ec231,0xf25a92b475d863e60,0x375b5319fbe2579fe4ea5ba7c2fd47192f99303f8aede08e489b539352c4293a,0,94210280,279.41490894162246,1741101361939178,Balanced Dollar,0.112702,bnUSD,0,1,2025-03-04
cx2609b924e33ef00b648a409245c7ea394c467824,cx21e94c08c03daee80c25d8ee3ea22a20786ec231,hx2debd9ec927cca1639da8d3518dd9dbf1cdfb357,0x6c6b536dfc71406c2c,0xb8790cc627ff293f2a5072ab5084ebce78fa76bb360f7107b0a1b93c1d6bf717,5,94210261,1999.9820058767561,1741101324010685,Staked ICX,0.112702,sICX,0,1,2025-03-04
cx88fd7df7ddff82f7cc735c871dc519838cb235bb,cxa0af3165c08318e988cb30993b3048335b94af6c,cx5faae53c4dbd1fbe4a2eb4aab6565030f10da5c6,0x5d00c7c4487401d,0xb8790cc627ff293f2a5072ab5084ebce78fa76bb360f7107b0a1b93c1d6bf717,3,94210261,0.4188484932106486,1741101324010685,Balanced Dollar,0.112702,bnUSD,0,1,2025-03-04
cx2609b924e33ef00b648a409245c7ea394c467824,cxa0af3165c08318e988cb30993b3048335b94af6c,cx21e94c08c03daee80c25d8ee3ea22a20786ec231,0x6c6b536dfc71406c2c,0xb8790cc627ff293f2a5072ab5084ebce78fa76bb360f7107b0a1b93c1d6bf717,2,94210261,1999.9820058767561,1741101324010685,Staked ICX,0.112702,sICX,0,1,2025-03-04
cx88fd7df7ddff82f7cc735c871dc519838cb235bb,cx21e94c08c03daee80c25d8ee3ea22a20786ec231,cxa0af3165c08318e988cb30993b3048335b94af6c,0xf2320839d2036f630,0xb8790cc627ff293f2a5072ab5084ebce78fa76bb360f7107b0a1b93c1d6bf717,1,94210261,279.23232880709907,1741101324010685,Balanced Dollar,0.112702,bnUSD,0,1,2025-03-04
cx88fd7df7ddff82f7cc735c871dc519838cb235bb,hx2debd9ec927cca1639da8d3518dd9dbf1cdfb357,cx21e94c08c03daee80c25d8ee3ea22a20786ec231,0xf2320839d2036f630,0xb8790cc627ff293f2a5072ab5084ebce78fa76bb360f7107b0a1b93c1d6bf717,0,94210261,279.23232880709907,1741101324010685,Balanced Dollar,0.112702,bnUSD,0,1,2025-03-04
cx2609b924e33ef00b648a409245c7ea394c467824,cx21e94c08c03daee80c25d8ee3ea22a20786ec231,hx2debd9ec927cca1639da8d3518dd9dbf1cdfb357,0x6c6b536dfbc810ccb8,0xe41244740d540a4a5ba49705ef9fa63be8bc3b9259b6ea2be63f5837daf25fc1,5,94210257,1999.9820058739176,1741101316086595,Staked ICX,0.112702,sICX,0,1,2025-03-04
cx88fd7df7ddff82f7cc735c871dc519838cb235bb,cxa0af3165c08318e988cb30993b3048335b94af6c,cx5faae53c4dbd1fbe4a2eb4aab6565030f10da5c6,0x5cf13a55b3089e4,0xe41244740d540a4a5ba49705ef9fa63be8bc3b9259b6ea2be63f5837daf25fc1,3,94210257,0.41857489128918474,1741101316086595,Balanced Dollar,0.112702,bnUSD,0,1,2025-03-04
cx2609b924e33ef00b648a409245c7ea394c467824,cxa0af3165c08318e988cb30993b3048335b94af6c,cx21e94c08c03daee80c25d8ee3ea22a20786ec231,0x6c6b536dfbc810ccb8,0xe41244740d540a4a5ba49705ef9fa63be8bc3b9259b6ea2be63f5837daf25fc1,2,94210257,1999.9820058739176,1741101316086595,Staked ICX,0.112702,sICX,0,1,2025-03-04
cx88fd7df7ddff82f7cc735c871dc519838cb235bb,cx21e94c08c03daee80c25d8ee3ea22a20786ec231,cxa0af3165c08318e988cb30993b3048335b94af6c,0xf20987e9d7911c1c0,0xe41244740d540a4a5ba49705ef9fa63be8bc3b9259b6ea2be63f5837daf25fc1,1,94210257,279.04992752612316,1741101316086595,Balanced Dollar,0.112702,bnUSD,0,1,2025-03-04
cx88fd7df7ddff82f7cc735c871dc519838cb235bb,hx2debd9ec927cca1639da8d3518dd9dbf1cdfb357,cx21e94c08c03daee80c25d8ee3ea22a20786ec231,0xf20987e9d7911c1c0,0xe41244740d540a4a5ba49705ef9fa63be8bc3b9259b6ea2be63f5837daf25fc1,0,94210257,279.04992752612316,1741101316086595,Balanced Dollar,0.112702,bnUSD,0,1,2025-03-04
cx2609b924e33ef00b648a409245c7ea394c467824,cx21e94c08c03daee80c25d8ee3ea22a20786ec231,hx2debd9ec927cca1639da8d3518dd9dbf1cdfb357,0x6c6b536dfb986951bd,0x995d86f1e9e712f65701a5f90d7b1603d46ea510476b56d92002388e46188e9f,5,94210248,1999.9820058731182,1741101297937201,Staked ICX,0.112702,sICX,0,1,2025-03-04
cx88fd7df7ddff82f7cc735c871dc519838cb235bb,cxa0af3165c08318e988cb30993b3048335b94af6c,cx5faae53c4dbd1fbe4a2eb4aab6565030f10da5c6,0x5ce1b0cd3c63b7a,0x995d86f1e9e712f65701a5f90d7b1603d46ea510476b56d92002388e46188e9f,3,94210248,0.41830155729857627,1741101297937201,Balanced Dollar,0.112702,bnUSD,0,1,2025-03-04
cx2609b924e33ef00b648a409245c7ea394c467824,cxa0af3165c08318e988cb30993b3048335b94af6c,cx21e94c08c03daee80c25d8ee3ea22a20786ec231,0x6c6b536dfb986951bd,0x995d86f1e9e712f65701a5f90d7b1603d46ea510476b56d92002388e46188e9f,2,94210248,1999.9820058731182,1741101297937201,Staked ICX,0.112702,sICX,0,1,2025-03-04
cx88fd7df7ddff82f7cc735c871dc519838cb235bb,cx21e94c08c03daee80c25d8ee3ea22a20786ec231,cxa0af3165c08318e988cb30993b3048335b94af6c,0xf1e111c1229903860,0x995d86f1e9e712f65701a5f90d7b1603d46ea510476b56d92002388e46188e9f,1,94210248,278.8677048657175,1741101297937201,Balanced Dollar,0.112702,bnUSD,0,1,2025-03-04
cx88fd7df7ddff82f7cc735c871dc519838cb235bb,hx2debd9ec927cca1639da8d3518dd9dbf1cdfb357,cx21e94c08c03daee80c25d8ee3ea22a20786ec231,0xf1e111c1229903860,0x995d86f1e9e712f65701a5f90d7b1603d46ea510476b56d92002388e46188e9f,0,94210248,278.8677048657175,1741101297937201,Balanced Dollar,0.112702,bnUSD,0,1,2025-03-04
cxf61cd5a45dc9f91c15aa65831a30a90d59a09619,cx10d59e8103ab44635190bd4139dbfd682fa2d07e,hx1bb6f65e446282da73168b7b064a05f244c85804,0x23514b57b130e4a6a,0x346ef3d1fee13b84ec456a9203ebd9fa0af7e697c03c3cbf33a4f1f48971998d,4,94210237,40.71836967116881,1741101276084115,Balance Token,0.083378125,BALN,0,2,2025-03-04
cx2609b924e33ef00b648a409245c7ea394c467824,cx10d59e8103ab44635190bd4139dbfd682fa2d07e,hx1bb6f65e446282da73168b7b064a05f244c85804,0x84a56f9edbe2a7f72,0x346ef3d1fee13b84ec456a9203ebd9fa0af7e697c03c3cbf33a4f1f48971998d,2,94210237,152.9306961959732,1741101276084115,Staked ICX,0.083378125,sICX,0,2,2025-03-04
cx2609b924e33ef00b648a409245c7ea394c467824,cx43e2eec79eb76293c298f2b17aec06097be606e0,hx0000000000000000000000000000000000000000,0x4cbdbe4d32825a80000,0x92e7b53ad4e4f9b2d31510c006e7ed0a90791400a904fd9129935215e4b550c9,1,94210233,22650.0,1741101267904022,Staked ICX,0.0864678375,sICX,0,1,2025-03-04
cx2609b924e33ef00b648a409245c7ea394c467824,hxc1718c79947e0f673296218b5b23adbd9a3b38a8,cx43e2eec79eb76293c298f2b17aec06097be606e0,0x4cbdbe4d32825a80000,0x92e7b53ad4e4f9b2d31510c006e7ed0a90791400a904fd9129935215e4b550c9,0,94210233,22650.0,1741101267904022,Staked ICX,0.0864678375,sICX,0,1,2025-03-04
cx2609b924e33ef00b648a409245c7ea394c467824,cx21e94c08c03daee80c25d8ee3ea22a20786ec231,hx2debd9ec927cca1639da8d3518dd9dbf1cdfb357,0x6c6b536dfb071407e3,0xbed51a96a3bff13f72ccf833605eb426db1948bb093b4e6167a61d7c7d1baeeb,5,94210230,1999.9820058706798,1741101261900912,Staked ICX,0.112702,sICX,0,1,2025-03-04
cx88fd7df7ddff82f7cc735c871dc519838cb235bb,cxa0af3165c08318e988cb30993b3048335b94af6c,cx5faae53c4dbd1fbe4a2eb4aab6565030f10da5c6,0x5cd22b29964ef5b,0xbed51a96a3bff13f72ccf833605eb426db1948bb093b4e6167a61d7c7d1baeeb,3,94210230,0.4180284908883762,1741101261900912,Balanced Dollar,0.112702,bnUSD,0,1,2025-03-04
cx2609b924e33ef00b648a409245c7ea394c467824,cxa0af3165c08318e988cb30993b3048335b94af6c,cx21e94c08c03daee80c25d8ee3ea22a20786ec231,0x6c6b536dfb071407e3,0xbed51a96a3bff13f72ccf833605eb426db1948bb093b4e6167a61d7c7d1baeeb,2,94210230,1999.9820058706798,1741101261900912,Staked ICX,0.112702,sICX,0,1,2025-03-04
cx88fd7df7ddff82f7cc735c871dc519838cb235bb,cx21e94c08c03daee80c25d8ee3ea22a20786ec231,cxa0af3165c08318e988cb30993b3048335b94af6c,0xf1b8a5bc4cc2f5250,0xbed51a96a3bff13f72ccf833605eb426db1948bb093b4e6167a61d7c7d1baeeb,1,94210230,278.68566059225077,1741101261900912,Balanced Dollar,0.112702,bnUSD,0,1,2025-03-04
cx88fd7df7ddff82f7cc735c871dc519838cb235bb,hx2debd9ec927cca1639da8d3518dd9dbf1cdfb357,cx21e94c08c03daee80c25d8ee3ea22a20786ec231,0xf1b8a5bc4cc2f5250,0xbed51a96a3bff13f72ccf833605eb426db1948bb093b4e6167a61d7c7d1baeeb,0,94210230,278.68566059225077,1741101261900912,Balanced Dollar,0.112702,bnUSD,0,1,2025-03-04
cx2609b924e33ef00b648a409245c7ea394c467824,cx21e94c08c03daee80c25d8ee3ea22a20786ec231,hx2debd9ec927cca1639da8d3518dd9dbf1cdfb357,0x6c6b536dfa6db49729,0xd68d3ebea817cc2c76a1c1df8af533277f14f734e4034111161b32c4b16fbc0c,5,94210226,1999.9820058681066,1741101253920854,Staked ICX,0.112702,sICX,0,1,2025-03-04
cx88fd7df7ddff82f7cc735c871dc519838cb235bb,cxa0af3165c08318e988cb30993b3048335b94af6c,cx5faae53c4dbd1fbe4a2eb4aab6565030f10da5c6,0x5cc2a9697427fc8,0xd68d3ebea817cc2c76a1c1df8af533277f14f734e4034111161b32c4b16fbc0c,3,94210226,0.4177556917097922,1741101253920854,Balanced Dollar,0.112702,bnUSD,0,1,2025-03-04
cx2609b924e33ef00b648a409245c7ea394c467824,cxa0af3165c08318e988cb30993b3048335b94af6c,cx21e94c08c03daee80c25d8ee3ea22a20786ec231,0x6c6b536dfa6db49729,0xd68d3ebea817cc2c76a1c1df8af533277f14f734e4034111161b32c4b16fbc0c,2,94210226,1999.9820058681066,1741101253920854,Staked ICX,0.112702,sICX,0,1,2025-03-04
cx88fd7df7ddff82f7cc735c871dc519838cb235bb,cx21e94c08c03daee80c25d8ee3ea22a20786ec231,cxa0af3165c08318e988cb30993b3048335b94af6c,0xf19043d7f3d2cc380,0xd68d3ebea817cc2c76a1c1df8af533277f14f734e4034111161b32c4b16fbc0c,1,94210226,278.5037944731948,1741101253920854,Balanced Dollar,0.112702,bnUSD,0,1,2025-03-04
cx88fd7df7ddff82f7cc735c871dc519838cb235bb,hx2debd9ec927cca1639da8d3518dd9dbf1cdfb357,cx21e94c08c03daee80c25d8ee3ea22a20786ec231,0xf19043d7f3d2cc380,0xd68d3ebea817cc2c76a1c1df8af533277f14f734e4034111161b32c4b16fbc0c,0,94210226,278.5037944731948,1741101253920854,Balanced Dollar,0.112702,bnUSD,0,1,2025-03-04
cx2609b924e33ef00b648a409245c7ea394c467824,cx21e94c08c03daee80c25d8ee3ea22a20786ec231,hx2debd9ec927cca1639da8d3518dd9dbf1cdfb357,0x6c6b536dfa05754772,0x5841c195f613af1eaf2f87ee20106459ee9f3ea04900134c2a43b47d034cb7ca,5,94210222,1999.9820058663577,1741101246088156,Staked ICX,0.112702,sICX,0,1,2025-03-04
cx88fd7df7ddff82f7cc735c871dc519838cb235bb,cxa0af3165c08318e988cb30993b3048335b94af6c,cx5faae53c4dbd1fbe4a2eb4aab6565030f10da5c6,0x5cb32b8b89bb5fd,0x5841c195f613af1eaf2f87ee20106459ee9f3ea04900134c2a43b47d034cb7ca,3,94210222,0.41748315941448655,1741101246088156,Balanced Dollar,0.112702,bnUSD,0,1,2025-03-04
cx2609b924e33ef00b648a409245c7ea394c467824,cxa0af3165c08318e988cb30993b3048335b94af6c,cx21e94c08c03daee80c25d8ee3ea22a20786ec231,0x6c6b536dfa05754772,0x5841c195f613af1eaf2f87ee20106459ee9f3ea04900134c2a43b47d034cb7ca,2,94210222,1999.9820058663577,1741101246088156,Staked ICX,0.112702,sICX,0,1,2025-03-04
cx88fd7df7ddff82f7cc735c871dc519838cb235bb,cx21e94c08c03daee80c25d8ee3ea22a20786ec231,cxa0af3165c08318e988cb30993b3048335b94af6c,0xf167ec10b6ad49830,0x5841c195f613af1eaf2f87ee20106459ee9f3ea04900134c2a43b47d034cb7ca,1,94210222,278.32210627632435,1741101246088156,Balanced Dollar,0.112702,bnUSD,0,1,2025-03-04
cx88fd7df7ddff82f7cc735c871dc519838cb235bb,hx2debd9ec927cca1639da8d3518dd9dbf1cdfb357,cx21e94c08c03daee80c25d8ee3ea22a20786ec231,0xf167ec10b6ad49830,0x5841c195f613af1eaf2f87ee20106459ee9f3ea04900134c2a43b47d034cb7ca,0,94210222,278.32210627632435,1741101246088156,Balanced Dollar,0.112702,bnUSD,0,1,2025-03-04
cx2609b924e33ef00b648a409245c7ea394c467824,cx21e94c08c03daee80c25d8ee3ea22a20786ec231,hx2debd9ec927cca1639da8d3518dd9dbf1cdfb357,0x6c6b536df9a2eaa125,0x9c8885b7e603f2a50fb44f2f2556f357bc754dcc6d0e6da2583b5a1740c4220d,5,94210217,1999.9820058647044,1741101236096134,Staked ICX,0.112702,sICX,0,1,2025-03-04
cx88fd7df7ddff82f7cc735c871dc519838cb235bb,cxa0af3165c08318e988cb30993b3048335b94af6c,cx5faae53c4dbd1fbe4a2eb4aab6565030f10da5c6,0x5ca3b18e8b0a4bc,0x9c8885b7e603f2a50fb44f2f2556f357bc754dcc6d0e6da2583b5a1740c4220d,3,94210217,0.4172108936543367,1741101236096134,Balanced Dollar,0.112702,bnUSD,0,1,2025-03-04
cx2609b924e33ef00b648a409245c7ea394c467824,cxa0af3165c08318e988cb30993b3048335b94af6c,cx21e94c08c03daee80c25d8ee3ea22a20786ec231,0x6c6b536df9a2eaa125,0x9c8885b7e603f2a50fb44f2f2556f357bc754dcc6d0e6da2583b5a1740c4220d,2,94210217,1999.9820058647044,1741101236096134,Staked ICX,0.112702,sICX,0,1,2025-03-04
cx88fd7df7ddff82f7cc735c871dc519838cb235bb,cx21e94c08c03daee80c25d8ee3ea22a20786ec231,cxa0af3165c08318e988cb30993b3048335b94af6c,0xf13f9e6334c025440,0x9c8885b7e603f2a50fb44f2f2556f357bc754dcc6d0e6da2583b5a1740c4220d,1,94210217,278.1405957695578,1741101236096134,Balanced Dollar,0.112702,bnUSD,0,1,2025-03-04
cx88fd7df7ddff82f7cc735c871dc519838cb235bb,hx2debd9ec927cca1639da8d3518dd9dbf1cdfb357,cx21e94c08c03daee80c25d8ee3ea22a20786ec231,0xf13f9e6334c025440,0x9c8885b7e603f2a50fb44f2f2556f357bc754dcc6d0e6da2583b5a1740c4220d,0,94210217,278.1405957695578,1741101236096134,Balanced Dollar,0.112702,bnUSD,0,1,2025-03-04
cx2609b924e33ef00b648a409245c7ea394c467824,cx21e94c08c03daee80c25d8ee3ea22a20786ec231,hx2debd9ec927cca1639da8d3518dd9dbf1cdfb357,0x6c6b536df98310d301,0xd00c85e8fcb2984d8219a484969f908dd27085602abf2a79b42dbe9e271e47bc,5,94210212,1999.98200586417,1741101226071438,Staked ICX,0.112702,sICX,0,1,2025-03-04
cx88fd7df7ddff82f7cc735c871dc519838cb235bb,cxa0af3165c08318e988cb30993b3048335b94af6c,cx5faae53c4dbd1fbe4a2eb4aab6565030f10da5c6,0x5c943b712cf9915,0xd00c85e8fcb2984d8219a484969f908dd27085602abf2a79b42dbe9e271e47bc,3,94210212,0.41693889408215273,1741101226071438,Balanced Dollar,0.112702,bnUSD,0,1,2025-03-04
cx2609b924e33ef00b648a409245c7ea394c467824,cxa0af3165c08318e988cb30993b3048335b94af6c,cx21e94c08c03daee80c25d8ee3ea22a20786ec231,0x6c6b536df98310d301,0xd00c85e8fcb2984d8219a484969f908dd27085602abf2a79b42dbe9e271e47bc,2,94210212,1999.98200586417,1741101226071438,Staked ICX,0.112702,sICX,0,1,2025-03-04
cx88fd7df7ddff82f7cc735c871dc519838cb235bb,cx21e94c08c03daee80c25d8ee3ea22a20786ec231,cxa0af3165c08318e988cb30993b3048335b94af6c,0xf1175acc0fc9ea6b0,0xd00c85e8fcb2984d8219a484969f908dd27085602abf2a79b42dbe9e271e47bc,1,94210212,277.95926272143515,1741101226071438,Balanced Dollar,0.112702,bnUSD,0,1,2025-03-04
cx88fd7df7ddff82f7cc735c871dc519838cb235bb,hx2debd9ec927cca1639da8d3518dd9dbf1cdfb357,cx21e94c08c03daee80c25d8ee3ea22a20786ec231,0xf1175acc0fc9ea6b0,0xd00c85e8fcb2984d8219a484969f908dd27085602abf2a79b42dbe9e271e47bc,0,94210212,277.95926272143515,1741101226071438,Balanced Dollar,0.112702,bnUSD,0,1,2025-03-04
cx2609b924e33ef00b648a409245c7ea394c467824,cx21e94c08c03daee80c25d8ee3ea22a20786ec231,hx2debd9ec927cca1639da8d3518dd9dbf1cdfb357,0x6c6b536df8b091cb97,0xdd42116bda48ce025e64c4ad9d8a9bcbcfb0713abd5958f79a3e77f43d48c249,5,94210208,1999.9820058606385,1741101217882522,Staked ICX,0.112702,sICX,0,1,2025-03-04
cx88fd7df7ddff82f7cc735c871dc519838cb235bb,cxa0af3165c08318e988cb30993b3048335b94af6c,cx5faae53c4dbd1fbe4a2eb4aab6565030f10da5c6,0x5c84c93223f2a7b,0xdd42116bda48ce025e64c4ad9d8a9bcbcfb0713abd5958f79a3e77f43d48c249,3,94210208,0.4166671603502394,1741101217882522,Balanced Dollar,0.112702,bnUSD,0,1,2025-03-04
cx2609b924e33ef00b648a409245c7ea394c467824,cxa0af3165c08318e988cb30993b3048335b94af6c,cx21e94c08c03daee80c25d8ee3ea22a20786ec231,0x6c6b536df8b091cb97,0xdd42116bda48ce025e64c4ad9d8a9bcbcfb0713abd5958f79a3e77f43d48c249,2,94210208,1999.9820058606385,1741101217882522,Staked ICX,0.112702,sICX,0,1,2025-03-04
cx88fd7df7ddff82f7cc735c871dc519838cb235bb,cx21e94c08c03daee80c25d8ee3ea22a20786ec231,cxa0af3165c08318e988cb30993b3048335b94af6c,0xf0ef2147e847ea050,0xdd42116bda48ce025e64c4ad9d8a9bcbcfb0713abd5958f79a3e77f43d48c249,1,94210208,277.77810690015957,1741101217882522,Balanced Dollar,0.112702,bnUSD,0,1,2025-03-04
cx88fd7df7ddff82f7cc735c871dc519838cb235bb,hx2debd9ec927cca1639da8d3518dd9dbf1cdfb357,cx21e94c08c03daee80c25d8ee3ea22a20786ec231,0xf0ef2147e847ea050,0xdd42116bda48ce025e64c4ad9d8a9bcbcfb0713abd5958f79a3e77f43d48c249,0,94210208,277.77810690015957,1741101217882522,Balanced Dollar,0.112702,bnUSD,0,1,2025-03-04
cx2609b924e33ef00b648a409245c7ea394c467824,cx21e94c08c03daee80c25d8ee3ea22a20786ec231,hx2debd9ec927cca1639da8d3518dd9dbf1cdfb357,0x6c6408b28531c1de31,0x7819323963f5c40df96cf4bf4d9cfde64e9b2eb45ff478366f0ead234424fedf,5,94210204,1999.4565674493733,1741101209910936,Staked ICX,0.1127046875,sICX,0,1,2025-03-04
cx88fd7df7ddff82f7cc735c871dc519838cb235bb,cxa0af3165c08318e988cb30993b3048335b94af6c,cx5faae53c4dbd1fbe4a2eb4aab6565030f10da5c6,0x5c6f2368a28fcc4,0x7819323963f5c40df96cf4bf4d9cfde64e9b2eb45ff478366f0ead234424fedf,3,94210204,0.4162863316384473,1741101209910936,Balanced Dollar,0.1127046875,bnUSD,0,1,2025-03-04
cx2609b924e33ef00b648a409245c7ea394c467824,cxa0af3165c08318e988cb30993b3048335b94af6c,cx21e94c08c03daee80c25d8ee3ea22a20786ec231,0x6c6408b28531c1de31,0x7819323963f5c40df96cf4bf4d9cfde64e9b2eb45ff478366f0ead234424fedf,2,94210204,1999.4565674493733,1741101209910936,Staked ICX,0.1127046875,sICX,0,1,2025-03-04
cx88fd7df7ddff82f7cc735c871dc519838cb235bb,cx21e94c08c03daee80c25d8ee3ea22a20786ec231,cxa0af3165c08318e988cb30993b3048335b94af6c,0xf0b6c18b2756793c0,0x7819323963f5c40df96cf4bf4d9cfde64e9b2eb45ff478366f0ead234424fedf,1,94210204,277.5242210922982,1741101209910936,Balanced Dollar,0.1127046875,bnUSD,0,1,2025-03-04
cx88fd7df7ddff82f7cc735c871dc519838cb235bb,hx2debd9ec927cca1639da8d3518dd9dbf1cdfb357,cx21e94c08c03daee80c25d8ee3ea22a20786ec231,0xf0b6c18b2756793c0,0x7819323963f5c40df96cf4bf4d9cfde64e9b2eb45ff478366f0ead234424fedf,0,94210204,277.5242210922982,1741101209910936,Balanced Dollar,0.1127046875,bnUSD,0,1,2025-03-04
cx518f64edcd35db9044a2de63fdc10abfd5f7d611,cx21e94c08c03daee80c25d8ee3ea22a20786ec231,hxd75467e3e4ce64e3424c747dfb71503017440433,0xf006010a,0xd0aef04bfdb0bfe491a72a8e0e3b1eea6ac9089e13d5c15554af039cb5e6a755,9,94210202,402.6925322,1741101205889643,Stellar,0.1691896625,XLM,0,1,2025-03-04
cx2609b924e33ef00b648a409245c7ea394c467824,cxa0af3165c08318e988cb30993b3048335b94af6c,cx5faae53c4dbd1fbe4a2eb4aab6565030f10da5c6,0x10cb517e6a426cf2,0xd0aef04bfdb0bfe491a72a8e0e3b1eea6ac9089e13d5c15554af039cb5e6a755,7,94210202,1.2101505282695775,1741101205889643,Staked ICX,0.1691896625,sICX,0,1,2025-03-04
cx518f64edcd35db9044a2de63fdc10abfd5f7d611,cxa0af3165c08318e988cb30993b3048335b94af6c,cx21e94c08c03daee80c25d8ee3ea22a20786ec231,0xf006010a,0xd0aef04bfdb0bfe491a72a8e0e3b1eea6ac9089e13d5c15554af039cb5e6a755,6,94210202,402.6925322,1741101205889643,Stellar,0.1691896625,XLM,0,1,2025-03-04
cx2609b924e33ef00b648a409245c7ea394c467824,cx21e94c08c03daee80c25d8ee3ea22a20786ec231,cxa0af3165c08318e988cb30993b3048335b94af6c,0x2bbc243934b7a66111,0xd0aef04bfdb0bfe491a72a8e0e3b1eea6ac9089e13d5c15554af039cb5e6a755,5,94210202,806.767018846385,1741101205889643,Staked ICX,0.1691896625,sICX,0,1,2025-03-04
cx88fd7df7ddff82f7cc735c871dc519838cb235bb,cxa0af3165c08318e988cb30993b3048335b94af6c,cx5faae53c4dbd1fbe4a2eb4aab6565030f10da5c6,0x25478d47459e818,0xd0aef04bfdb0bfe491a72a8e0e3b1eea6ac9089e13d5c15554af039cb5e6a755,3,94210202,0.16789194000000002,1741101205889643,Balanced Dollar,0.1691896625,bnUSD,0,1,2025-03-04
cx2609b924e33ef00b648a409245c7ea394c467824,cxa0af3165c08318e988cb30993b3048335b94af6c,cx21e94c08c03daee80c25d8ee3ea22a20786ec231,0x2bbc243934b7a66111,0xd0aef04bfdb0bfe491a72a8e0e3b1eea6ac9089e13d5c15554af039cb5e6a755,2,94210202,806.767018846385,1741101205889643,Staked ICX,0.1691896625,sICX,0,1,2025-03-04
cx88fd7df7ddff82f7cc735c871dc519838cb235bb,cx21e94c08c03daee80c25d8ee3ea22a20786ec231,cxa0af3165c08318e988cb30993b3048335b94af6c,0x6114ffe99aa21c000,0xd0aef04bfdb0bfe491a72a8e0e3b1eea6ac9089e13d5c15554af039cb5e6a755,1,94210202,111.92796000000001,1741101205889643,Balanced Dollar,0.1691896625,bnUSD,0,1,2025-03-04
cx88fd7df7ddff82f7cc735c871dc519838cb235bb,hxd75467e3e4ce64e3424c747dfb71503017440433,cx21e94c08c03daee80c25d8ee3ea22a20786ec231,0x6114ffe99aa21c000,0xd0aef04bfdb0bfe491a72a8e0e3b1eea6ac9089e13d5c15554af039cb5e6a755,0,94210202,111.92796000000001,1741101205889643,Balanced Dollar,0.1691896625,bnUSD,0,1,2025-03-04
cx2609b924e33ef00b648a409245c7ea394c467824,cx21e94c08c03daee80c25d8ee3ea22a20786ec231,hx970eda4988e547df0de8324226fdf3e8ebc9734f,0x1990538035e5b67fc80,0xf7564668615d3928573d668e4cffaa5ea02ab0732de7dd91813df40d525f0b09,6,94210199,7545.094380419888,1741101199877331,Staked ICX,0.17272235,sICX,0,1,2025-03-04
cx88fd7df7ddff82f7cc735c871dc519838cb235bb,cxa0af3165c08318e988cb30993b3048335b94af6c,cx5faae53c4dbd1fbe4a2eb4aab6565030f10da5c6,0x15c2c7201beea6b3,0xf7564668615d3928573d668e4cffaa5ea02ab0732de7dd91813df40d525f0b09,3,94210199,1.5680345609998598,1741101199877331,Balanced Dollar,0.17272235,bnUSD,0,1,2025-03-04
cx2609b924e33ef00b648a409245c7ea394c467824,cxa0af3165c08318e988cb30993b3048335b94af6c,cx21e94c08c03daee80c25d8ee3ea22a20786ec231,0x1990538035e5b67fc80,0xf7564668615d3928573d668e4cffaa5ea02ab0732de7dd91813df40d525f0b09,2,94210199,7545.094380419888,1741101199877331,Staked ICX,0.17272235,sICX,0,1,2025-03-04
cx88fd7df7ddff82f7cc735c871dc519838cb235bb,cx21e94c08c03daee80c25d8ee3ea22a20786ec231,cxa0af3165c08318e988cb30993b3048335b94af6c,0x38ab3be39e12d21cf1,0xf7564668615d3928573d668e4cffaa5ea02ab0732de7dd91813df40d525f0b09,1,94210199,1045.3563739999065,1741101199877331,Balanced Dollar,0.17272235,bnUSD,0,1,2025-03-04
cx88fd7df7ddff82f7cc735c871dc519838cb235bb,hx970eda4988e547df0de8324226fdf3e8ebc9734f,cx21e94c08c03daee80c25d8ee3ea22a20786ec231,0x38ab3be39e12d21cf1,0xf7564668615d3928573d668e4cffaa5ea02ab0732de7dd91813df40d525f0b09,0,94210199,1045.3563739999065,1741101199877331,Balanced Dollar,0.17272235,bnUSD,0,1,2025-03-04
cx2609b924e33ef00b648a409245c7ea394c467824,cx21e94c08c03daee80c25d8ee3ea22a20786ec231,hx2debd9ec927cca1639da8d3518dd9dbf1cdfb357,0x6c63fe3452861d6060,0x09953218c739b4361fbbc635da1d6fc1884271b05fe4f29a46ba6a280200efe8,5,94210195,1999.453613943513,1741101192039683,Staked ICX,0.112703375,sICX,0,1,2025-03-04
cx88fd7df7ddff82f7cc735c871dc519838cb235bb,cxa0af3165c08318e988cb30993b3048335b94af6c,cx5faae53c4dbd1fbe4a2eb4aab6565030f10da5c6,0x5c1f7f62e29e594,0x09953218c739b4361fbbc635da1d6fc1884271b05fe4f29a46ba6a280200efe8,3,94210195,0.41488527740330944,1741101192039683,Balanced Dollar,0.112703375,bnUSD,0,1,2025-03-04
cx2609b924e33ef00b648a409245c7ea394c467824,cxa0af3165c08318e988cb30993b3048335b94af6c,cx21e94c08c03daee80c25d8ee3ea22a20786ec231,0x6c63fe3452861d6060,0x09953218c739b4361fbbc635da1d6fc1884271b05fe4f29a46ba6a280200efe8,2,94210195,1999.453613943513,1741101192039683,Staked ICX,0.112703375,sICX,0,1,2025-03-04
cx88fd7df7ddff82f7cc735c871dc519838cb235bb,cx21e94c08c03daee80c25d8ee3ea22a20786ec231,cxa0af3165c08318e988cb30993b3048335b94af6c,0xefe75bbc2e27086c0,0x09953218c739b4361fbbc635da1d6fc1884271b05fe4f29a46ba6a280200efe8,1,94210195,276.59018493553964,1741101192039683,Balanced Dollar,0.112703375,bnUSD,0,1,2025-03-04
cx88fd7df7ddff82f7cc735c871dc519838cb235bb,hx2debd9ec927cca1639da8d3518dd9dbf1cdfb357,cx21e94c08c03daee80c25d8ee3ea22a20786ec231,0xefe75bbc2e27086c0,0x09953218c739b4361fbbc635da1d6fc1884271b05fe4f29a46ba6a280200efe8,0,94210195,276.59018493553964,1741101192039683,Balanced Dollar,0.112703375,bnUSD,0,1,2025-03-04
cx518f64edcd35db9044a2de63fdc10abfd5f7d611,cx21e94c08c03daee80c25d8ee3ea22a20786ec231,hxd75467e3e4ce64e3424c747dfb71503017440433,0xf26ddf26,0x3dd7d8ab85aa7c5b7727210e28e8b9cc63f3c53d46215bf35fb8901a460ed8a3,9,94210194,406.7286822,1741101190056979,Stellar,0.1691896625,XLM,0,1,2025-03-04
cx2609b924e33ef00b648a409245c7ea394c467824,cxa0af3165c08318e988cb30993b3048335b94af6c,cx5faae53c4dbd1fbe4a2eb4aab6565030f10da5c6,0x10eac5c897ec9441,0x3dd7d8ab85aa7c5b7727210e28e8b9cc63f3c53d46215bf35fb8901a460ed8a3,7,94210194,1.2190041144901356,1741101190056979,Staked ICX,0.1691896625,sICX,0,1,2025-03-04
cx518f64edcd35db9044a2de63fdc10abfd5f7d611,cxa0af3165c08318e988cb30993b3048335b94af6c,cx21e94c08c03daee80c25d8ee3ea22a20786ec231,0xf26ddf26,0x3dd7d8ab85aa7c5b7727210e28e8b9cc63f3c53d46215bf35fb8901a460ed8a3,6,94210194,406.7286822,1741101190056979,Stellar,0.1691896625,XLM,0,1,2025-03-04
cx2609b924e33ef00b648a409245c7ea394c467824,cx21e94c08c03daee80c25d8ee3ea22a20786ec231,cxa0af3165c08318e988cb30993b3048335b94af6c,0x2c0e0dba60f8176ac5,0x3dd7d8ab85aa7c5b7727210e28e8b9cc63f3c53d46215bf35fb8901a460ed8a3,5,94210194,812.6694096600904,1741101190056979,Staked ICX,0.1691896625,sICX,0,1,2025-03-04
cx88fd7df7ddff82f7cc735c871dc519838cb235bb,cxa0af3165c08318e988cb30993b3048335b94af6c,cx5faae53c4dbd1fbe4a2eb4aab6565030f10da5c6,0x256d07f02d66000,0x3dd7d8ab85aa7c5b7727210e28e8b9cc63f3c53d46215bf35fb8901a460ed8a3,3,94210194,0.16855128,1741101190056979,Balanced Dollar,0.1691896625,bnUSD,0,1,2025-03-04
cx2609b924e33ef00b648a409245c7ea394c467824,cxa0af3165c08318e988cb30993b3048335b94af6c,cx21e94c08c03daee80c25d8ee3ea22a20786ec231,0x2c0e0dba60f8176ac5,0x3dd7d8ab85aa7c5b7727210e28e8b9cc63f3c53d46215bf35fb8901a460ed8a3,2,94210194,812.6694096600904,1741101190056979,Staked ICX,0.1691896625,sICX,0,1,2025-03-04
cx88fd7df7ddff82f7cc735c871dc519838cb235bb,cx21e94c08c03daee80c25d8ee3ea22a20786ec231,cxa0af3165c08318e988cb30993b3048335b94af6c,0x61769a017639a0000,0x3dd7d8ab85aa7c5b7727210e28e8b9cc63f3c53d46215bf35fb8901a460ed8a3,1,94210194,112.36752,1741101190056979,Balanced Dollar,0.1691896625,bnUSD,0,1,2025-03-04
cx88fd7df7ddff82f7cc735c871dc519838cb235bb,hxd75467e3e4ce64e3424c747dfb71503017440433,cx21e94c08c03daee80c25d8ee3ea22a20786ec231,0x61769a017639a0000,0x3dd7d8ab85aa7c5b7727210e28e8b9cc63f3c53d46215bf35fb8901a460ed8a3,0,94210194,112.36752,1741101190056979,Balanced Dollar,0.1691896625,bnUSD,0,1,2025-03-04
cx88fd7df7ddff82f7cc735c871dc519838cb235bb,cxa0af3165c08318e988cb30993b3048335b94af6c,cx5faae53c4dbd1fbe4a2eb4aab6565030f10da5c6,0xadbe30da941b999,0x5bf9f4c3e901682223521c31fd151eafd6b5dbd9a4dd1259cf81185fc73ad38f,2,94210190,0.7824686080926498,1741101181974379,Balanced Dollar,0.070556025,bnUSD,0,1,2025-03-04
cx2609b924e33ef00b648a409245c7ea394c467824,cxa0af3165c08318e988cb30993b3048335b94af6c,hxc1718c79947e0f673296218b5b23adbd9a3b38a8,0xccab63c32fc922409e,0x5bf9f4c3e901682223521c31fd151eafd6b5dbd9a4dd1259cf81185fc73ad38f,1,94210190,3775.485720249934,1741101181974379,Staked ICX,0.070556025,sICX,0,1,2025-03-04
cx88fd7df7ddff82f7cc735c871dc519838cb235bb,hxc1718c79947e0f673296218b5b23adbd9a3b38a8,cxa0af3165c08318e988cb30993b3048335b94af6c,0x1c4749f393707e0000,0x5bf9f4c3e901682223521c31fd151eafd6b5dbd9a4dd1259cf81185fc73ad38f,0,94210190,521.6457387284332,1741101181974379,Balanced Dollar,0.070556025,bnUSD,0,1,2025-03-04
cx88fd7df7ddff82f7cc735c871dc519838cb235bb,cxd82fb5d3effecd8c9071a4bba3856ad7222c4b91,hxc1718c79947e0f673296218b5b23adbd9a3b38a8,0x1c4749f393707e0000,0x8740986cb271b081d6c3e815eae287708f9e064fc5711cc16d36abda4b570ad0,0,94210189,521.6457387284332,1741101180066774,Balanced Dollar,0.020690875,bnUSD,0,1,2025-03-04
cx88fd7df7ddff82f7cc735c871dc519838cb235bb,cxa0af3165c08318e988cb30993b3048335b94af6c,cx5faae53c4dbd1fbe4a2eb4aab6565030f10da5c6,0xad87ab49145f9ba,0x36f5873a3cb40439b20d101a8be08c7df03497a32c3628fa05bd02074246ec3d,2,94210186,0.7815094512987653,1741101173952415,Balanced Dollar,0.070556025,bnUSD,0,3,2025-03-04
cx2609b924e33ef00b648a409245c7ea394c467824,cxa0af3165c08318e988cb30993b3048335b94af6c,hxc1718c79947e0f673296218b5b23adbd9a3b38a8,0xccab68ccbc8040e0ba,0x36f5873a3cb40439b20d101a8be08c7df03497a32c3628fa05bd02074246ec3d,1,94210186,3775.48713812479,1741101173952415,Staked ICX,0.070556025,sICX,0,3,2025-03-04
cx88fd7df7ddff82f7cc735c871dc519838cb235bb,hxc1718c79947e0f673296218b5b23adbd9a3b38a8,cxa0af3165c08318e988cb30993b3048335b94af6c,0x1c3e6a363a50e50000,0x36f5873a3cb40439b20d101a8be08c7df03497a32c3628fa05bd02074246ec3d,0,94210186,521.0063008658435,1741101173952415,Balanced Dollar,0.070556025,bnUSD,0,3,2025-03-04
cx88fd7df7ddff82f7cc735c871dc519838cb235bb,cxd82fb5d3effecd8c9071a4bba3856ad7222c4b91,hxc1718c79947e0f673296218b5b23adbd9a3b38a8,0x1c3e6a363a50e50000,0x0e75ca1e6741bc55cfa434e79617abf206bf9a6d97cddc4f0db5ad0c0404e4e2,0,94210186,521.0063008658435,1741101173952415,Balanced Dollar,0.020690875,bnUSD,0,2,2025-03-04
cx88fd7df7ddff82f7cc735c871dc519838cb235bb,hxa7b7a53c0cc78d39fc8e9d9444890fe7733e9142,hx0000000000000000000000000000000000000000,0x3953596edf3dd88948d,0xb89227223e675c25ea1bb34b2f173dc83580e0461d14226ef52d9c18258682f3,0,94210184,16919.525850953825,1741101169866028,Balanced Dollar,0.0604589375,bnUSD,0,1,2025-03-04
cx88fd7df7ddff82f7cc735c871dc519838cb235bb,cxa0af3165c08318e988cb30993b3048335b94af6c,cx5faae53c4dbd1fbe4a2eb4aab6565030f10da5c6,0xad513f5a8d3d937,0x0fa705e691c3e91a5af3493134deb55e93c1ad22acf9d4512769941a845ef7eb,2,94210183,0.7805520562390204,1741101167866198,Balanced Dollar,0.070556025,bnUSD,0,2,2025-03-04
cx2609b924e33ef00b648a409245c7ea394c467824,cxa0af3165c08318e988cb30993b3048335b94af6c,hxc1718c79947e0f673296218b5b23adbd9a3b38a8,0xccab6dd4b55866c99e,0x0fa705e691c3e91a5af3493134deb55e93c1ad22acf9d4512769941a845ef7eb,1,94210183,3775.488554265033,1741101167866198,Staked ICX,0.070556025,sICX,0,2,2025-03-04
cx88fd7df7ddff82f7cc735c871dc519838cb235bb,hxc1718c79947e0f673296218b5b23adbd9a3b38a8,cxa0af3165c08318e988cb30993b3048335b94af6c,0x1c358ea512525b0000,0x0fa705e691c3e91a5af3493134deb55e93c1ad22acf9d4512769941a845ef7eb,0,94210183,520.3680374926802,1741101167866198,Balanced Dollar,0.070556025,bnUSD,0,2,2025-03-04
cx88fd7df7ddff82f7cc735c871dc519838cb235bb,cxd82fb5d3effecd8c9071a4bba3856ad7222c4b91,hxc1718c79947e0f673296218b5b23adbd9a3b38a8,0x1c358ea512525b0000,0x36cefae8d2ff7e5c8aab3e80be8d282f70c844b48a9b68877e23e92f8a21c999,0,94210183,520.3680374926802,1741101167866198,Balanced Dollar,0.020690875,bnUSD,0,1,2025-03-04
cx88fd7df7ddff82f7cc735c871dc519838cb235bb,cxa0af3165c08318e988cb30993b3048335b94af6c,cx5faae53c4dbd1fbe4a2eb4aab6565030f10da5c6,0xad1aecfeefbef3b,0x12704ca51da85b11d2849ee618afa39a4d4e1e6c1178065e63fd628ccd72042a,2,94210180,0.779596418602758,1741101161873549,Balanced Dollar,0.070556025,bnUSD,0,1,2025-03-04
cx2609b924e33ef00b648a409245c7ea394c467824,cxa0af3165c08318e988cb30993b3048335b94af6c,hxc1718c79947e0f673296218b5b23adbd9a3b38a8,0xccab72db1b0f2292f6,0x12704ca51da85b11d2849ee618afa39a4d4e1e6c1178065e63fd628ccd72042a,1,94210180,3775.4899686738436,1741101161873549,Staked ICX,0.070556025,sICX,0,1,2025-03-04
cx88fd7df7ddff82f7cc735c871dc519838cb235bb,hxc1718c79947e0f673296218b5b23adbd9a3b38a8,cxa0af3165c08318e988cb30993b3048335b94af6c,0x1c2cb73d7e5abf0000,0x12704ca51da85b11d2849ee618afa39a4d4e1e6c1178065e63fd628ccd72042a,0,94210180,519.730945735172,1741101161873549,Balanced Dollar,0.070556025,bnUSD,0,1,2025-03-04
cx88fd7df7ddff82f7cc735c871dc519838cb235bb,cxd82fb5d3effecd8c9071a4bba3856ad7222c4b91,hxc1718c79947e0f673296218b5b23adbd9a3b38a8,0x1c2cb73d7e5abf0000,0xd2c832ee93aff119e8f0a1ae31e201653cf6a60b5196d4cc77e9da3a0726b1b3,0,94210179,519.730945735172,1741101159895271,Balanced Dollar,0.020690875,bnUSD,0,1,2025-03-04
cx88fd7df7ddff82f7cc735c871dc519838cb235bb,cxa0af3165c08318e988cb30993b3048335b94af6c,cx5faae53c4dbd1fbe4a2eb4aab6565030f10da5c6,0x1599babc5b0e6106,0xb57fed32c6fa9993e8f8a814368b73cccb8cb096f335e73991181253444bae62,2,94210174,1.556480464377504,1741101149890707,Balanced Dollar,0.070556025,bnUSD,0,2,2025-03-04
cx2609b924e33ef00b648a409245c7ea394c467824,cxa0af3165c08318e988cb30993b3048335b94af6c,hxc1718c79947e0f673296218b5b23adbd9a3b38a8,0x19960f3399fa312b213,0xb57fed32c6fa9993e8f8a814368b73cccb8cb096f335e73991181253444bae62,1,94210174,7551.704316951987,1741101149890707,Staked ICX,0.070556025,sICX,0,2,2025-03-04
cx88fd7df7ddff82f7cc735c871dc519838cb235bb,hxc1718c79947e0f673296218b5b23adbd9a3b38a8,cxa0af3165c08318e988cb30993b3048335b94af6c,0x3840564a8275720000,0xb57fed32c6fa9993e8f8a814368b73cccb8cb096f335e73991181253444bae62,0,94210174,1037.653642918336,1741101149890707,Balanced Dollar,0.070556025,bnUSD,0,2,2025-03-04
cx88fd7df7ddff82f7cc735c871dc519838cb235bb,cxd82fb5d3effecd8c9071a4bba3856ad7222c4b91,hxc1718c79947e0f673296218b5b23adbd9a3b38a8,0x3840564a8275720000,0x28fad6c8963b74907b1133e933d1a5f4cdd1ee950a211ad7c52f9f18be311d42,0,94210174,1037.653642918336,1741101149890707,Balanced Dollar,0.020690875,bnUSD,0,1,2025-03-04
cx88fd7df7ddff82f7cc735c871dc519838cb235bb,cx21e94c08c03daee80c25d8ee3ea22a20786ec231,hx7497c286aa521b09b2b54d78cde3fa4573c0e157,0xedd6d7441d714b82,0x535277fdcbf986391728afad08590cbf1ccd2d8fd2689d2038260c157c9e3907,17,94210173,17.138122119556712,1741101147893163,Balanced Dollar,0.2589736375,bnUSD,0,1,2025-03-04
cxae3034235540b924dfcc1b45836c293dcc82bfb7,cx21e94c08c03daee80c25d8ee3ea22a20786ec231,cxa0af3165c08318e988cb30993b3048335b94af6c,0x32b7792,0x535277fdcbf986391728afad08590cbf1ccd2d8fd2689d2038260c157c9e3907,16,94210173,53.180306,1741101147893163,ICON USD Coin,0.2589736375,IUSDC,0,1,2025-03-04
cx88fd7df7ddff82f7cc735c871dc519838cb235bb,cxa0af3165c08318e988cb30993b3048335b94af6c,cx5faae53c4dbd1fbe4a2eb4aab6565030f10da5c6,0x5b7b5901f6d6a3,0x535277fdcbf986391728afad08590cbf1ccd2d8fd2689d2038260c157c9e3907,14,94210173,0.025749845095929508,1741101147893163,Balanced Dollar,0.2589736375,bnUSD,0,1,2025-03-04
cx88fd7df7ddff82f7cc735c871dc519838cb235bb,cxa0af3165c08318e988cb30993b3048335b94af6c,cx21e94c08c03daee80c25d8ee3ea22a20786ec231,0xedd6d7441d714b82,0x535277fdcbf986391728afad08590cbf1ccd2d8fd2689d2038260c157c9e3907,13,94210173,17.138122119556712,1741101147893163,Balanced Dollar,0.2589736375,bnUSD,0,1,2025-03-04
cxae3034235540b924dfcc1b45836c293dcc82bfb7,cxa0af3165c08318e988cb30993b3048335b94af6c,cx5faae53c4dbd1fbe4a2eb4aab6565030f10da5c6,0x135db,0x535277fdcbf986391728afad08590cbf1ccd2d8fd2689d2038260c157c9e3907,11,94210173,0.079323,1741101147893163,ICON USD Coin,0.2589736375,IUSDC,0,1,2025-03-04
cxae3034235540b924dfcc1b45836c293dcc82bfb7,cxa0af3165c08318e988cb30993b3048335b94af6c,cx21e94c08c03daee80c25d8ee3ea22a20786ec231,0x32b7792,0x535277fdcbf986391728afad08590cbf1ccd2d8fd2689d2038260c157c9e3907,10,94210173,53.180306,1741101147893163,ICON USD Coin,0.2589736375,IUSDC,0,1,2025-03-04
cx1a29259a59f463a67bb2ef84398b30ca56b5830a,cx21e94c08c03daee80c25d8ee3ea22a20786ec231,cxa0af3165c08318e988cb30993b3048335b94af6c,0x2cca8ff8aaabbef4ccd,0x535277fdcbf986391728afad08590cbf1ccd2d8fd2689d2038260c157c9e3907,9,94210173,13220.046361159375,1741101147893163,Omm Token,0.2589736375,OMM,0,1,2025-03-04
cx2609b924e33ef00b648a409245c7ea394c467824,cxa0af3165c08318e988cb30993b3048335b94af6c,cx5faae53c4dbd1fbe4a2eb4aab6565030f10da5c6,0x290c3070d05b557,0x535277fdcbf986391728afad08590cbf1ccd2d8fd2689d2038260c157c9e3907,7,94210173,0.18486201977285563,1741101147893163,Staked ICX,0.2589736375,sICX,0,1,2025-03-04
cx1a29259a59f463a67bb2ef84398b30ca56b5830a,cxa0af3165c08318e988cb30993b3048335b94af6c,cx21e94c08c03daee80c25d8ee3ea22a20786ec231,0x2cca8ff8aaabbef4ccd,0x535277fdcbf986391728afad08590cbf1ccd2d8fd2689d2038260c157c9e3907,6,94210173,13220.046361159375,1741101147893163,Omm Token,0.2589736375,OMM,0,1,2025-03-04
cx2609b924e33ef00b648a409245c7ea394c467824,cx21e94c08c03daee80c25d8ee3ea22a20786ec231,cxa0af3165c08318e988cb30993b3048335b94af6c,0x6ae5137b1e9883d44,0x535277fdcbf986391728afad08590cbf1ccd2d8fd2689d2038260c157c9e3907,5,94210173,123.2413465152371,1741101147893163,Staked ICX,0.2589736375,sICX,0,1,2025-03-04
cx88fd7df7ddff82f7cc735c871dc519838cb235bb,cxa0af3165c08318e988cb30993b3048335b94af6c,cx5faae53c4dbd1fbe4a2eb4aab6565030f10da5c6,0x5a219a89056749,0x535277fdcbf986391728afad08590cbf1ccd2d8fd2689d2038260c157c9e3907,3,94210173,0.025369695511471946,1741101147893163,Balanced Dollar,0.2589736375,bnUSD,0,1,2025-03-04
cx2609b924e33ef00b648a409245c7ea394c467824,cxa0af3165c08318e988cb30993b3048335b94af6c,cx21e94c08c03daee80c25d8ee3ea22a20786ec231,0x6ae5137b1e9883d44,0x535277fdcbf986391728afad08590cbf1ccd2d8fd2689d2038260c157c9e3907,2,94210173,123.2413465152371,1741101147893163,Staked ICX,0.2589736375,sICX,0,1,2025-03-04
cx88fd7df7ddff82f7cc735c871dc519838cb235bb,cx21e94c08c03daee80c25d8ee3ea22a20786ec231,cxa0af3165c08318e988cb30993b3048335b94af6c,0xeab7826f7e125000,0x535277fdcbf986391728afad08590cbf1ccd2d8fd2689d2038260c157c9e3907,1,94210173,16.913130340981297,1741101147893163,Balanced Dollar,0.2589736375,bnUSD,0,1,2025-03-04
cx88fd7df7ddff82f7cc735c871dc519838cb235bb,hx7497c286aa521b09b2b54d78cde3fa4573c0e157,cx21e94c08c03daee80c25d8ee3ea22a20786ec231,0xeab7826f7e125000,0x535277fdcbf986391728afad08590cbf1ccd2d8fd2689d2038260c157c9e3907,0,94210173,16.913130340981297,1741101147893163,Balanced Dollar,0.2589736375,bnUSD,0,1,2025-03-04
cx88fd7df7ddff82f7cc735c871dc519838cb235bb,cxa0af3165c08318e988cb30993b3048335b94af6c,cx5faae53c4dbd1fbe4a2eb4aab6565030f10da5c6,0x2af5557c0069926e,0x05f92434065bebe923457b3fc47751d6d13aa6bbd68a62176763b23c975129db,2,94210171,3.0954743099583086,1741101143857730,Balanced Dollar,0.0705657,bnUSD,0,2,2025-03-04
cx2609b924e33ef00b648a409245c7ea394c467824,cxa0af3165c08318e988cb30993b3048335b94af6c,hxc1718c79947e0f673296218b5b23adbd9a3b38a8,0x3312de09775c67eaadd,0x05f92434065bebe923457b3fc47751d6d13aa6bbd68a62176763b23c975129db,1,94210171,15074.295716879291,1741101143857730,Staked ICX,0.0705657,sICX,0,2,2025-03-04
cx88fd7df7ddff82f7cc735c871dc519838cb235bb,hxc1718c79947e0f673296218b5b23adbd9a3b38a8,cxa0af3165c08318e988cb30993b3048335b94af6c,0x6fdee3f2ebbd980000,0x05f92434065bebe923457b3fc47751d6d13aa6bbd68a62176763b23c975129db,0,94210171,2063.6495399722057,1741101143857730,Balanced Dollar,0.0705657,bnUSD,0,2,2025-03-04
cx88fd7df7ddff82f7cc735c871dc519838cb235bb,cxd82fb5d3effecd8c9071a4bba3856ad7222c4b91,hxc1718c79947e0f673296218b5b23adbd9a3b38a8,0x6fdee3f2ebbd980000,0x2bf958e3f2f74aa8a4bf4d70a517c912a7d20390b903904c0e13c973fb405903,0,94210171,2063.6495399722057,1741101143857730,Balanced Dollar,0.020694875,bnUSD,0,1,2025-03-04
cx88fd7df7ddff82f7cc735c871dc519838cb235bb,cx21e94c08c03daee80c25d8ee3ea22a20786ec231,hx7497c286aa521b09b2b54d78cde3fa4573c0e157,0x34978b5a4a1ef29c02,0xa18b32ed69d15a1c4edec4ee66724d2bb6ca48dc7a0ad0adb4fab595dfab9895,13,94210170,970.1506128287799,1741101142035519,Balanced Dollar,0.2235623,bnUSD,0,1,2025-03-04
cx88fd7df7ddff82f7cc735c871dc519838cb235bb,cxa0af3165c08318e988cb30993b3048335b94af6c,cx5faae53c4dbd1fbe4a2eb4aab6565030f10da5c6,0x140cf257e7ccca34,0xa18b32ed69d15a1c4edec4ee66724d2bb6ca48dc7a0ad0adb4fab595dfab9895,11,94210170,1.444796039844121,1741101142035519,Balanced Dollar,0.2235623,bnUSD,0,1,2025-03-04
cx88fd7df7ddff82f7cc735c871dc519838cb235bb,cxa0af3165c08318e988cb30993b3048335b94af6c,cx21e94c08c03daee80c25d8ee3ea22a20786ec231,0x34978b5a4a1ef29c02,0xa18b32ed69d15a1c4edec4ee66724d2bb6ca48dc7a0ad0adb4fab595dfab9895,10,94210170,970.1506128287799,1741101142035519,Balanced Dollar,0.2235623,bnUSD,0,1,2025-03-04
cxf61cd5a45dc9f91c15aa65831a30a90d59a09619,cx21e94c08c03daee80c25d8ee3ea22a20786ec231,cxa0af3165c08318e988cb30993b3048335b94af6c,0x1c29ee8cd42ae320cb2,0xa18b32ed69d15a1c4edec4ee66724d2bb6ca48dc7a0ad0adb4fab595dfab9895,9,94210170,8312.485460908161,1741101142035519,Balance Token,0.2235623,BALN,0,1,2025-03-04
cx2609b924e33ef00b648a409245c7ea394c467824,cxa0af3165c08318e988cb30993b3048335b94af6c,cx5faae53c4dbd1fbe4a2eb4aab6565030f10da5c6,0x90da376d870cac54,0xa18b32ed69d15a1c4edec4ee66724d2bb6ca48dc7a0ad0adb4fab595dfab9895,7,94210170,10.437716029941264,1741101142035519,Staked ICX,0.2235623,sICX,0,1,2025-03-04
cxf61cd5a45dc9f91c15aa65831a30a90d59a09619,cxa0af3165c08318e988cb30993b3048335b94af6c,cx21e94c08c03daee80c25d8ee3ea22a20786ec231,0x1c29ee8cd42ae320cb2,0xa18b32ed69d15a1c4edec4ee66724d2bb6ca48dc7a0ad0adb4fab595dfab9895,6,94210170,8312.485460908161,1741101142035519,Balance Token,0.2235623,BALN,0,1,2025-03-04
cx2609b924e33ef00b648a409245c7ea394c467824,cx21e94c08c03daee80c25d8ee3ea22a20786ec231,cxa0af3165c08318e988cb30993b3048335b94af6c,0x1793845ad3a5bab7296,0xa18b32ed69d15a1c4edec4ee66724d2bb6ca48dc7a0ad0adb4fab595dfab9895,5,94210170,6958.477353294175,1741101142035519,Staked ICX,0.2235623,sICX,0,1,2025-03-04
cx88fd7df7ddff82f7cc735c871dc519838cb235bb,cxa0af3165c08318e988cb30993b3048335b94af6c,cx5faae53c4dbd1fbe4a2eb4aab6565030f10da5c6,0x13c27422cbd5e20c,0xa18b32ed69d15a1c4edec4ee66724d2bb6ca48dc7a0ad0adb4fab595dfab9895,3,94210170,1.423828125,1741101142035519,Balanced Dollar,0.2235623,bnUSD,0,1,2025-03-04
cx2609b924e33ef00b648a409245c7ea394c467824,cxa0af3165c08318e988cb30993b3048335b94af6c,cx21e94c08c03daee80c25d8ee3ea22a20786ec231,0x1793845ad3a5bab7296,0xa18b32ed69d15a1c4edec4ee66724d2bb6ca48dc7a0ad0adb4fab595dfab9895,2,94210170,6958.477353294175,1741101142035519,Staked ICX,0.2235623,sICX,0,1,2025-03-04
cx88fd7df7ddff82f7cc735c871dc519838cb235bb,cx21e94c08c03daee80c25d8ee3ea22a20786ec231,cxa0af3165c08318e988cb30993b3048335b94af6c,0x33750e6ff2d2520000,0xa18b32ed69d15a1c4edec4ee66724d2bb6ca48dc7a0ad0adb4fab595dfab9895,1,94210170,949.21875,1741101142035519,Balanced Dollar,0.2235623,bnUSD,0,1,2025-03-04
cx88fd7df7ddff82f7cc735c871dc519838cb235bb,hx7497c286aa521b09b2b54d78cde3fa4573c0e157,cx21e94c08c03daee80c25d8ee3ea22a20786ec231,0x33750e6ff2d2520000,0xa18b32ed69d15a1c4edec4ee66724d2bb6ca48dc7a0ad0adb4fab595dfab9895,0,94210170,949.21875,1741101142035519,Balanced Dollar,0.2235623,bnUSD,0,1,2025-03-04
cx88fd7df7ddff82f7cc735c871dc519838cb235bb,cx21e94c08c03daee80c25d8ee3ea22a20786ec231,hxa7b7a53c0cc78d39fc8e9d9444890fe7733e9142,0x39535b0c48db38a6085,0x35a86e81ca3465bfcc38a3e5114a5aef427921061b82d3cb741ca46690dab016,5,94210169,16919.53312378445,1741101140042794,Balanced Dollar,0.1103759,bnUSD,0,1,2025-03-04
cx88fd7df7ddff82f7cc735c871dc519838cb235bb,cxa0af3165c08318e988cb30993b3048335b94af6c,cx5faae53c4dbd1fbe4a2eb4aab6565030f10da5c6,0x15a4a92cf2bf0d2e0,0x35a86e81ca3465bfcc38a3e5114a5aef427921061b82d3cb741ca46690dab016,3,94210169,24.952918103892742,1741101140042794,Balanced Dollar,0.1103759,bnUSD,0,1,2025-03-04
cx88fd7df7ddff82f7cc735c871dc519838cb235bb,cxa0af3165c08318e988cb30993b3048335b94af6c,cx21e94c08c03daee80c25d8ee3ea22a20786ec231,0x39535b0c48db38a6085,0x35a86e81ca3465bfcc38a3e5114a5aef427921061b82d3cb741ca46690dab016,2,94210169,16919.53312378445,1741101140042794,Balanced Dollar,0.1103759,bnUSD,0,1,2025-03-04
cx2609b924e33ef00b648a409245c7ea394c467824,cx21e94c08c03daee80c25d8ee3ea22a20786ec231,cxa0af3165c08318e988cb30993b3048335b94af6c,0x19ee02b84b482fc9a7a6,0x35a86e81ca3465bfcc38a3e5114a5aef427921061b82d3cb741ca46690dab016,1,94210169,122449.68315064121,1741101140042794,Staked ICX,0.1103759,sICX,0,1,2025-03-04
cx2609b924e33ef00b648a409245c7ea394c467824,hxa7b7a53c0cc78d39fc8e9d9444890fe7733e9142,cx21e94c08c03daee80c25d8ee3ea22a20786ec231,0x19ee02b84b482fc9a7a6,0x35a86e81ca3465bfcc38a3e5114a5aef427921061b82d3cb741ca46690dab016,0,94210169,122449.68315064121,1741101140042794,Staked ICX,0.1103759,sICX,0,1,2025-03-04
cx65c9e3d4fea842e00add0d32a5b4c5e4e04c7a6b,hx0000000000000000000000000000000000000000,hxd75467e3e4ce64e3424c747dfb71503017440433,0xb263b188,0x8d890571b63f9b88f7f06f5465e9d86d1b1f72dd093c661058056e3148bb027b,1,94210153,2.99287796,1741101107872564,Solana,0.022660075,SOL,0,1,2025-03-04
cx88fd7df7ddff82f7cc735c871dc519838cb235bb,cx66d4d90f5f113eba575bf793570135f9b10cece1,hx0000000000000000000000000000000000000000,0x32793dd7769d1b6e3,0x32df8ea8b3e40067148be564ad78341e5adfa6936302c6d90b717a835819f84a,1,94210151,58.192098715130506,1741101103840818,Balanced Dollar,0.0778295875,bnUSD,0,1,2025-03-04
cx88fd7df7ddff82f7cc735c871dc519838cb235bb,cxa0af3165c08318e988cb30993b3048335b94af6c,hx4dc7903504bb800a462378348a42f53742759e0b,0x11739c46c6ece17,0xc0ff5e2ef0352b6f07ce1275a2b540d5827c51ccc72c97779142fe889818dd5d,3,94210138,0.07859503429784732,1741101077830269,Balanced Dollar,0.0347612125,bnUSD,0,3,2025-03-04
cx66a031cc3bd305c76371fb586e93801b948254f0,hx4dc7903504bb800a462378348a42f53742759e0b,cxa0af3165c08318e988cb30993b3048335b94af6c,0x12ac277fbf594400,0x1f5f0af57308a25d499db51e63c7b24ae7451a352a7bb8db5a43aab1c4a8b16b,0,94210138,1.345493818301564,1741101077830269,Avalanche,0.0216072,AVAX,0,2,2025-03-04
cx88fd7df7ddff82f7cc735c871dc519838cb235bb,hx4dc7903504bb800a462378348a42f53742759e0b,cxa0af3165c08318e988cb30993b3048335b94af6c,0x171724ba8d57cd000,0x2f8bfb7518adbf76c61c6c21eabf0aae448ade6228c9655f03fc4b3ed5c3eed0,0,94210138,26.621423535848738,1741101077830269,Balanced Dollar,0.02221895,bnUSD,0,1,2025-03-04
cx66a031cc3bd305c76371fb586e93801b948254f0,cx21e94c08c03daee80c25d8ee3ea22a20786ec231,hx4dc7903504bb800a462378348a42f53742759e0b,0x12ae8b8cf82bde59,0x737d5cd31a297508de444eb1502811ad3dd4f1d42a5ba9c3693d93706ed1acd8,13,94210136,1.346166776205664,1741101073920326,Avalanche,0.23251955,AVAX,0,2,2025-03-04
cx88fd7df7ddff82f7cc735c871dc519838cb235bb,cxa0af3165c08318e988cb30993b3048335b94af6c,cx5faae53c4dbd1fbe4a2eb4aab6565030f10da5c6,0x8dedf9d8873c89,0x737d5cd31a297508de444eb1502811ad3dd4f1d42a5ba9c3693d93706ed1acd8,11,94210136,0.03994962905158363,1741101073920326,Balanced Dollar,0.23251955,bnUSD,0,2,2025-03-04
cx66a031cc3bd305c76371fb586e93801b948254f0,cxa0af3165c08318e988cb30993b3048335b94af6c,cx21e94c08c03daee80c25d8ee3ea22a20786ec231,0x12ae8b8cf82bde59,0x737d5cd31a297508de444eb1502811ad3dd4f1d42a5ba9c3693d93706ed1acd8,10,94210136,1.346166776205664,1741101073920326,Avalanche,0.23251955,AVAX,0,2,2025-03-04
cx88fd7df7ddff82f7cc735c871dc519838cb235bb,cx21e94c08c03daee80c25d8ee3ea22a20786ec231,cxa0af3165c08318e988cb30993b3048335b94af6c,0x1719bbaa3e02da5f7,0x737d5cd31a297508de444eb1502811ad3dd4f1d42a5ba9c3693d93706ed1acd8,9,94210136,26.633086034389084,1741101073920326,Balanced Dollar,0.23251955,bnUSD,0,2,2025-03-04
cx88fd7df7ddff82f7cc735c871dc519838cb235bb,cxa0af3165c08318e988cb30993b3048335b94af6c,cx5faae53c4dbd1fbe4a2eb4aab6565030f10da5c6,0x8e5a2c41cc12f0,0x737d5cd31a297508de444eb1502811ad3dd4f1d42a5ba9c3693d93706ed1acd8,7,94210136,0.04006859282186725,1741101073920326,Balanced Dollar,0.23251955,bnUSD,0,2,2025-03-04
cx88fd7df7ddff82f7cc735c871dc519838cb235bb,cxa0af3165c08318e988cb30993b3048335b94af6c,cx21e94c08c03daee80c25d8ee3ea22a20786ec231,0x1719bbaa3e02da5f7,0x737d5cd31a297508de444eb1502811ad3dd4f1d42a5ba9c3693d93706ed1acd8,6,94210136,26.633086034389084,1741101073920326,Balanced Dollar,0.23251955,bnUSD,0,2,2025-03-04
cx2609b924e33ef00b648a409245c7ea394c467824,cx21e94c08c03daee80c25d8ee3ea22a20786ec231,cxa0af3165c08318e988cb30993b3048335b94af6c,0xa3e2a5f1a84e716d9,0x737d5cd31a297508de444eb1502811ad3dd4f1d42a5ba9c3693d93706ed1acd8,5,94210136,188.9469380839724,1741101073920326,Staked ICX,0.23251955,sICX,0,2,2025-03-04
cx2609b924e33ef00b648a409245c7ea394c467824,hx0000000000000000000000000000000000000000,cx21e94c08c03daee80c25d8ee3ea22a20786ec231,0xa3e2a5f1a84e716d9,0x737d5cd31a297508de444eb1502811ad3dd4f1d42a5ba9c3693d93706ed1acd8,3,94210136,188.9469380839724,1741101073920326,Staked ICX,0.23251955,sICX,0,2,2025-03-04
cx88fd7df7ddff82f7cc735c871dc519838cb235bb,cx21e94c08c03daee80c25d8ee3ea22a20786ec231,hx4dc7903504bb800a462378348a42f53742759e0b,0x171a19bbcc0332998,0x453b78b9aff44da34e251a25986e1ed43e088a78e6b5ce16f5369c07e206c623,9,94210136,26.634740906226558,1741101073920326,Balanced Dollar,0.17509955,bnUSD,0,1,2025-03-04
cx88fd7df7ddff82f7cc735c871dc519838cb235bb,cxa0af3165c08318e988cb30993b3048335b94af6c,cx5faae53c4dbd1fbe4a2eb4aab6565030f10da5c6,0x8e5c6fed275481,0x453b78b9aff44da34e251a25986e1ed43e088a78e6b5ce16f5369c07e206c623,7,94210136,0.04007108248281613,1741101073920326,Balanced Dollar,0.17509955,bnUSD,0,1,2025-03-04
cx88fd7df7ddff82f7cc735c871dc519838cb235bb,cxa0af3165c08318e988cb30993b3048335b94af6c,cx21e94c08c03daee80c25d8ee3ea22a20786ec231,0x171a19bbcc0332998,0x453b78b9aff44da34e251a25986e1ed43e088a78e6b5ce16f5369c07e206c623,6,94210136,26.634740906226558,1741101073920326,Balanced Dollar,0.17509955,bnUSD,0,1,2025-03-04
cx2609b924e33ef00b648a409245c7ea394c467824,cx21e94c08c03daee80c25d8ee3ea22a20786ec231,cxa0af3165c08318e988cb30993b3048335b94af6c,0xa3e2a5f1a84e716d9,0x453b78b9aff44da34e251a25986e1ed43e088a78e6b5ce16f5369c07e206c623,5,94210136,188.9469380839724,1741101073920326,Staked ICX,0.17509955,sICX,0,1,2025-03-04
cx2609b924e33ef00b648a409245c7ea394c467824,hx0000000000000000000000000000000000000000,cx21e94c08c03daee80c25d8ee3ea22a20786ec231,0xa3e2a5f1a84e716d9,0x453b78b9aff44da34e251a25986e1ed43e088a78e6b5ce16f5369c07e206c623,3,94210136,188.9469380839724,1741101073920326,Staked ICX,0.17509955,sICX,0,1,2025-03-04
cx88fd7df7ddff82f7cc735c871dc519838cb235bb,cxa0af3165c08318e988cb30993b3048335b94af6c,cx5faae53c4dbd1fbe4a2eb4aab6565030f10da5c6,0xe4bcf9e941f3ee,0x88d40c398fad16fed3279da14f6975514e9fcdd6d8979c57361ef6dadf72d2c1,2,94210113,0.06438407623632178,1741101027816663,Balanced Dollar,0.05694565,bnUSD,0,1,2025-03-04
cx88fd7df7ddff82f7cc735c871dc519838cb235bb,cxa0af3165c08318e988cb30993b3048335b94af6c,hxd75467e3e4ce64e3424c747dfb71503017440433,0x252066859ef6e40ff,0x88d40c398fad16fed3279da14f6975514e9fcdd6d8979c57361ef6dadf72d2c1,1,94210113,42.804014443867814,1741101027816663,Balanced Dollar,0.05694565,bnUSD,0,1,2025-03-04
cx4297f4b63262507623b6ad575d0d8dd2db980e4e,hxd75467e3e4ce64e3424c747dfb71503017440433,cxa0af3165c08318e988cb30993b3048335b94af6c,0x3782dace9d900000,0x88d40c398fad16fed3279da14f6975514e9fcdd6d8979c57361ef6dadf72d2c1,0,94210113,4.0,1741101027816663,Injective,0.05694565,INJ,0,1,2025-03-04
cx88fd7df7ddff82f7cc735c871dc519838cb235bb,cxa0af3165c08318e988cb30993b3048335b94af6c,cx5faae53c4dbd1fbe4a2eb4aab6565030f10da5c6,0x14cd71988833b3a,0x0982194132e1967dc9644e945b298bea21da3fa874cf74e5ce946281db686c78,2,94210102,0.09368619693239379,1741101005824235,Balanced Dollar,0.056979275,bnUSD,0,1,2025-03-04
cx88fd7df7ddff82f7cc735c871dc519838cb235bb,cxa0af3165c08318e988cb30993b3048335b94af6c,hxd75467e3e4ce64e3424c747dfb71503017440433,0x3604b0d73e6902a94,0x0982194132e1967dc9644e945b298bea21da3fa874cf74e5ce946281db686c78,1,94210102,62.278886663463645,1741101005824235,Balanced Dollar,0.056979275,bnUSD,0,1,2025-03-04
cx288d13e1b63563459a2ac6179f237711f6851cb5,hxd75467e3e4ce64e3424c747dfb71503017440433,cxa0af3165c08318e988cb30993b3048335b94af6c,0x6a94d74f430000,0x0982194132e1967dc9644e945b298bea21da3fa874cf74e5ce946281db686c78,0,94210102,0.03,1741101005824235,Ethereum,0.056979275,ETH,0,1,2025-03-04
cx88fd7df7ddff82f7cc735c871dc519838cb235bb,cxa0af3165c08318e988cb30993b3048335b94af6c,cx5faae53c4dbd1fbe4a2eb4aab6565030f10da5c6,0xe4d8810058cab4,0xa87b103231d400bc448ee6d76a4f2d06c6a5ee2fec78d07be4f4e90feb69035f,2,94210098,0.06441434325822942,1741100997803251,Balanced Dollar,0.0569443375,bnUSD,0,1,2025-03-04
cx88fd7df7ddff82f7cc735c871dc519838cb235bb,cxa0af3165c08318e988cb30993b3048335b94af6c,hxd75467e3e4ce64e3424c747dfb71503017440433,0x2524de78d1e5548b9,0xa87b103231d400bc448ee6d76a4f2d06c6a5ee2fec78d07be4f4e90feb69035f,1,94210098,42.824139025021225,1741100997803251,Balanced Dollar,0.0569443375,bnUSD,0,1,2025-03-04
cx4297f4b63262507623b6ad575d0d8dd2db980e4e,hxd75467e3e4ce64e3424c747dfb71503017440433,cxa0af3165c08318e988cb30993b3048335b94af6c,0x3782dace9d900000,0xa87b103231d400bc448ee6d76a4f2d06c6a5ee2fec78d07be4f4e90feb69035f,0,94210098,4.0,1741100997803251,Injective,0.0569443375,INJ,0,1,2025-03-04
cxd17316e24ee40f2ef8ed6f3a497311db1b35206d,hx8026678e3d08ba3203ce6161ee8e9e3b9793491f,hx8026678e3d08ba3203ce6161ee8e9e3b9793491f,0x0,0xce6fce45908776ea435e20381305a08a3d1ef7cc9c5e3d92b8a65300b28c86dd,4,94210095,0.0,1741100991967289,unknown_token,0.0195348875,$unknown,34,1,2025-03-04
cx7baf94bd53b505353285ee4c4c050f9703581703,hx8026678e3d08ba3203ce6161ee8e9e3b9793491f,hx0000000000000000000000000000000000000000,0x0,0xce6fce45908776ea435e20381305a08a3d1ef7cc9c5e3d92b8a65300b28c86dd,2,94210095,0.0,1741100991967289,unknown_token,0.0195348875,$unknown,15,1,2025-03-04
cx7baf94bd53b505353285ee4c4c050f9703581703,hx8026678e3d08ba3203ce6161ee8e9e3b9793491f,hx0000000000000000000000000000000000000000,0x0,0xce6fce45908776ea435e20381305a08a3d1ef7cc9c5e3d92b8a65300b28c86dd,0,94210095,0.0,1741100991967289,unknown_token,0.0195348875,$unknown,31,1,2025-03-04
cx88fd7df7ddff82f7cc735c871dc519838cb235bb,cxa0af3165c08318e988cb30993b3048335b94af6c,cx5faae53c4dbd1fbe4a2eb4aab6565030f10da5c6,0xe4f40d102f9da1,0x7d2b167d113fc79454a3957511217b83cf493425081eb46396de5967ff6b5566,2,94210091,0.06444463163333776,1741100983807002,Balanced Dollar,0.0569443375,bnUSD,0,1,2025-03-04
cx88fd7df7ddff82f7cc735c871dc519838cb235bb,cxa0af3165c08318e988cb30993b3048335b94af6c,hxd75467e3e4ce64e3424c747dfb71503017440433,0x2529573aa5df01001,0x7d2b167d113fc79454a3957511217b83cf493425081eb46396de5967ff6b5566,1,94210091,42.84427780561673,1741100983807002,Balanced Dollar,0.0569443375,bnUSD,0,1,2025-03-04
cx4297f4b63262507623b6ad575d0d8dd2db980e4e,hxd75467e3e4ce64e3424c747dfb71503017440433,cxa0af3165c08318e988cb30993b3048335b94af6c,0x3782dace9d900000,0x7d2b167d113fc79454a3957511217b83cf493425081eb46396de5967ff6b5566,0,94210091,4.0,1741100983807002,Injective,0.0569443375,INJ,0,1,2025-03-04
cx88fd7df7ddff82f7cc735c871dc519838cb235bb,cxa0af3165c08318e988cb30993b3048335b94af6c,cx5faae53c4dbd1fbe4a2eb4aab6565030f10da5c6,0x14cef26ac78a75c,0xc832ee1ff47a9d74c90a0620b06c19b0b620b7a8f217c5fe2fbf91b309b9ccf7,2,94210082,0.09371264164932182,1741100965958963,Balanced Dollar,0.056975275,bnUSD,0,1,2025-03-04
cx88fd7df7ddff82f7cc735c871dc519838cb235bb,cxa0af3165c08318e988cb30993b3048335b94af6c,hxd75467e3e4ce64e3424c747dfb71503017440433,0x3608982f53708c42f,0xc832ee1ff47a9d74c90a0620b06c19b0b620b7a8f217c5fe2fbf91b309b9ccf7,1,94210082,62.29646731028102,1741100965958963,Balanced Dollar,0.056975275,bnUSD,0,1,2025-03-04
cx288d13e1b63563459a2ac6179f237711f6851cb5,hxd75467e3e4ce64e3424c747dfb71503017440433,cxa0af3165c08318e988cb30993b3048335b94af6c,0x6a94d74f430000,0xc832ee1ff47a9d74c90a0620b06c19b0b620b7a8f217c5fe2fbf91b309b9ccf7,0,94210082,0.03,1741100965958963,Ethereum,0.056975275,ETH,0,1,2025-03-04
cxd17316e24ee40f2ef8ed6f3a497311db1b35206d,hx8026678e3d08ba3203ce6161ee8e9e3b9793491f,hx8026678e3d08ba3203ce6161ee8e9e3b9793491f,0x0,0x03e073c1c10e4aab5ccff28d63d7fd53ac65d3504c80afc86d602aef54d9ab28,2,94210075,0.0,1741100952010214,unknown_token,0.01074535,$unknown,6,1,2025-03-04
cx7baf94bd53b505353285ee4c4c050f9703581703,hx8026678e3d08ba3203ce6161ee8e9e3b9793491f,hx0000000000000000000000000000000000000000,0x0,0x03e073c1c10e4aab5ccff28d63d7fd53ac65d3504c80afc86d602aef54d9ab28,0,94210075,0.0,1741100952010214,unknown_token,0.01074535,$unknown,1,1,2025-03-04
cx88fd7df7ddff82f7cc735c871dc519838cb235bb,cxa0af3165c08318e988cb30993b3048335b94af6c,cx5faae53c4dbd1fbe4a2eb4aab6565030f10da5c6,0x14d07366c1266f9,0xcca317dc2c44fbf8b4a85b17560af3360106dc7a7b62503a7c959caa442a8346,2,94210073,0.0937390975674222,1741100947781416,Balanced Dollar,0.056975275,bnUSD,0,1,2025-03-04
cx88fd7df7ddff82f7cc735c871dc519838cb235bb,cxa0af3165c08318e988cb30993b3048335b94af6c,hxd75467e3e4ce64e3424c747dfb71503017440433,0x360c7ff3c743df49d,0xcca317dc2c44fbf8b4a85b17560af3360106dc7a7b62503a7c959caa442a8346,1,94210073,62.31405540424849,1741100947781416,Balanced Dollar,0.056975275,bnUSD,0,1,2025-03-04
cx288d13e1b63563459a2ac6179f237711f6851cb5,hxd75467e3e4ce64e3424c747dfb71503017440433,cxa0af3165c08318e988cb30993b3048335b94af6c,0x6a94d74f430000,0xcca317dc2c44fbf8b4a85b17560af3360106dc7a7b62503a7c959caa442a8346,0,94210073,0.03,1741100947781416,Ethereum,0.056975275,ETH,0,1,2025-03-04
cx88fd7df7ddff82f7cc735c871dc519838cb235bb,cx21e94c08c03daee80c25d8ee3ea22a20786ec231,hx970eda4988e547df0de8324226fdf3e8ebc9734f,0x39c4b2ec4d490d15ce,0x2d837e514b0ae4faf16290f5a4b22d49d2aae687d15dfc63eea34b2875ad7dff,6,94210067,1065.638062995415,1741100935973072,Balanced Dollar,0.1727315875,bnUSD,0,1,2025-03-04
cx88fd7df7ddff82f7cc735c871dc519838cb235bb,cxa0af3165c08318e988cb30993b3048335b94af6c,cx5faae53c4dbd1fbe4a2eb4aab6565030f10da5c6,0x1638df30c6bac41f,0x2d837e514b0ae4faf16290f5a4b22d49d2aae687d15dfc63eea34b2875ad7dff,4,94210067,1.6012750681157641,1741100935973072,Balanced Dollar,0.1727315875,bnUSD,0,1,2025-03-04
cx88fd7df7ddff82f7cc735c871dc519838cb235bb,cxa0af3165c08318e988cb30993b3048335b94af6c,cx21e94c08c03daee80c25d8ee3ea22a20786ec231,0x39c4b2ec4d490d15ce,0x2d837e514b0ae4faf16290f5a4b22d49d2aae687d15dfc63eea34b2875ad7dff,3,94210067,1065.638062995415,1741100935973072,Balanced Dollar,0.1727315875,bnUSD,0,1,2025-03-04
cx2609b924e33ef00b648a409245c7ea394c467824,cx21e94c08c03daee80c25d8ee3ea22a20786ec231,cxa0af3165c08318e988cb30993b3048335b94af6c,0x199494c4662b7380000,0x2d837e514b0ae4faf16290f5a4b22d49d2aae687d15dfc63eea34b2875ad7dff,2,94210067,7550.0,1741100935973072,Staked ICX,0.1727315875,sICX,0,1,2025-03-04
cx2609b924e33ef00b648a409245c7ea394c467824,hx970eda4988e547df0de8324226fdf3e8ebc9734f,cx21e94c08c03daee80c25d8ee3ea22a20786ec231,0x199494c4662b7380000,0x2d837e514b0ae4faf16290f5a4b22d49d2aae687d15dfc63eea34b2875ad7dff,1,94210067,7550.0,1741100935973072,Staked ICX,0.1727315875,sICX,0,1,2025-03-04
cxf61cd5a45dc9f91c15aa65831a30a90d59a09619,cx9345f80d6c98357ccbb70392b14162199c2c5f66,cxd82fb5d3effecd8c9071a4bba3856ad7222c4b91,0x3b803065a1c420,0x42280831d3607c7e465bc0a1a4a01e099aa63f2a1d1e81f6f1edecb1f38ef509,4,94210061,0.01674796897781456,1741100923856330,Balance Token,0.13022255,BALN,0,1,2025-03-04
cx2609b924e33ef00b648a409245c7ea394c467824,cx9345f80d6c98357ccbb70392b14162199c2c5f66,cxd82fb5d3effecd8c9071a4bba3856ad7222c4b91,0x41736c33e0431c2,0x42280831d3607c7e465bc0a1a4a01e099aa63f2a1d1e81f6f1edecb1f38ef509,3,94210061,0.2947645128030417,1741100923856330,Staked ICX,0.13022255,sICX,0,1,2025-03-04
cx88fd7df7ddff82f7cc735c871dc519838cb235bb,hx0000000000000000000000000000000000000000,cx5faae53c4dbd1fbe4a2eb4aab6565030f10da5c6,0x0,0x42280831d3607c7e465bc0a1a4a01e099aa63f2a1d1e81f6f1edecb1f38ef509,2,94210061,0.0,1741100923856330,Balanced Dollar,0.13022255,bnUSD,0,1,2025-03-04
cx88fd7df7ddff82f7cc735c871dc519838cb235bb,hx0000000000000000000000000000000000000000,cxd82fb5d3effecd8c9071a4bba3856ad7222c4b91,0xa7f399c7423b8c,0x42280831d3607c7e465bc0a1a4a01e099aa63f2a1d1e81f6f1edecb1f38ef509,1,94210061,0.04727416290923201,1741100923856330,Balanced Dollar,0.13022255,bnUSD,0,1,2025-03-04
cx88fd7df7ddff82f7cc735c871dc519838cb235bb,hxc1718c79947e0f673296218b5b23adbd9a3b38a8,cxd82fb5d3effecd8c9071a4bba3856ad7222c4b91,0x1ce23bc564888f0000,0x42280831d3607c7e465bc0a1a4a01e099aa63f2a1d1e81f6f1edecb1f38ef509,0,94210061,532.8106743756435,1741100923856330,Balanced Dollar,0.13022255,bnUSD,0,1,2025-03-04
cx88fd7df7ddff82f7cc735c871dc519838cb235bb,cxa0af3165c08318e988cb30993b3048335b94af6c,cx5faae53c4dbd1fbe4a2eb4aab6565030f10da5c6,0x14d1f48c7b10774,0xbd8079e8d367ec1de076ba4774957acea74e10ebacde77180db887f80ab8ae18,2,94210059,0.09376556469302258,1741100919770543,Balanced Dollar,0.056975275,bnUSD,0,2,2025-03-04
cx88fd7df7ddff82f7cc735c871dc519838cb235bb,cxa0af3165c08318e988cb30993b3048335b94af6c,hxd75467e3e4ce64e3424c747dfb71503017440433,0x36106824a98f57d1c,0xbd8079e8d367ec1de076ba4774957acea74e10ebacde77180db887f80ab8ae18,1,94210059,62.331650949573344,1741100919770543,Balanced Dollar,0.056975275,bnUSD,0,2,2025-03-04
cx288d13e1b63563459a2ac6179f237711f6851cb5,hxd75467e3e4ce64e3424c747dfb71503017440433,cxa0af3165c08318e988cb30993b3048335b94af6c,0x6a94d74f430000,0xbd8079e8d367ec1de076ba4774957acea74e10ebacde77180db887f80ab8ae18,0,94210059,0.03,1741100919770543,Ethereum,0.056975275,ETH,0,2,2025-03-04
cx88fd7df7ddff82f7cc735c871dc519838cb235bb,cxa0af3165c08318e988cb30993b3048335b94af6c,cx5faae53c4dbd1fbe4a2eb4aab6565030f10da5c6,0xb2384b4222d3a0c,0x4592495fa1b6bef990c93b1db4fdac1888bedf91ec026a917a1de518bf361962,2,94210059,0.8026310678044493,1741100919770543,Balanced Dollar,0.0705809875,bnUSD,0,1,2025-03-04
cx88fd7df7ddff82f7cc735c871dc519838cb235bb,cxa0af3165c08318e988cb30993b3048335b94af6c,hxc1718c79947e0f673296218b5b23adbd9a3b38a8,0x1cf028bcf2ebce13f1,0x4592495fa1b6bef990c93b1db4fdac1888bedf91ec026a917a1de518bf361962,1,94210059,533.8141233835628,1741100919770543,Balanced Dollar,0.0705809875,bnUSD,0,1,2025-03-04
cx2609b924e33ef00b648a409245c7ea394c467824,hxc1718c79947e0f673296218b5b23adbd9a3b38a8,cxa0af3165c08318e988cb30993b3048335b94af6c,0xcca4d36dd072200000,0x4592495fa1b6bef990c93b1db4fdac1888bedf91ec026a917a1de518bf361962,0,94210059,3775.01274842109,1741100919770543,Staked ICX,0.0705809875,sICX,0,1,2025-03-04
cxd17316e24ee40f2ef8ed6f3a497311db1b35206d,hxee5c1d04f36e46fb4a9c5b0de1e0d10b03a8ed9c,hx0000000000000000000000000000000000000000,0x0,0xe9a813627030f4361b6f8e7c3508bc0fca46b56281402266710e9755eda5f3cc,31,94210054,0.0,1741100909824968,unknown_token,0.134974575,$unknown,5,3,2025-03-04
cxd17316e24ee40f2ef8ed6f3a497311db1b35206d,hx8026678e3d08ba3203ce6161ee8e9e3b9793491f,hx0000000000000000000000000000000000000000,0x0,0xe9a813627030f4361b6f8e7c3508bc0fca46b56281402266710e9755eda5f3cc,30,94210054,0.0,1741100909824968,unknown_token,0.134974575,$unknown,6,3,2025-03-04
cxd17316e24ee40f2ef8ed6f3a497311db1b35206d,hx3c72c692480ee86cef5aa9dcf48fdb3d6dd05e14,hx0000000000000000000000000000000000000000,0x0,0xe9a813627030f4361b6f8e7c3508bc0fca46b56281402266710e9755eda5f3cc,29,94210054,0.0,1741100909824968,unknown_token,0.134974575,$unknown,34,3,2025-03-04
cxd17316e24ee40f2ef8ed6f3a497311db1b35206d,hx8026678e3d08ba3203ce6161ee8e9e3b9793491f,hx0000000000000000000000000000000000000000,0x0,0xe9a813627030f4361b6f8e7c3508bc0fca46b56281402266710e9755eda5f3cc,28,94210054,0.0,1741100909824968,unknown_token,0.134974575,$unknown,34,3,2025-03-04
cxd17316e24ee40f2ef8ed6f3a497311db1b35206d,hx1a4c9e9c8c866a961e5c88c18c0f019aa97f33db,hx0000000000000000000000000000000000000000,0x0,0xe9a813627030f4361b6f8e7c3508bc0fca46b56281402266710e9755eda5f3cc,27,94210054,0.0,1741100909824968,unknown_token,0.134974575,$unknown,34,3,2025-03-04
cxd17316e24ee40f2ef8ed6f3a497311db1b35206d,hxb66e8c52f3f583ca21604af2ea30e1ae62d87f96,hx0000000000000000000000000000000000000000,0x0,0xe9a813627030f4361b6f8e7c3508bc0fca46b56281402266710e9755eda5f3cc,26,94210054,0.0,1741100909824968,unknown_token,0.134974575,$unknown,34,3,2025-03-04
cxd17316e24ee40f2ef8ed6f3a497311db1b35206d,hxa71249cc33d414e1474951bf6f7f4f81b6681bd5,hx0000000000000000000000000000000000000000,0x0,0xe9a813627030f4361b6f8e7c3508bc0fca46b56281402266710e9755eda5f3cc,25,94210054,0.0,1741100909824968,unknown_token,0.134974575,$unknown,34,3,2025-03-04
cx88fd7df7ddff82f7cc735c871dc519838cb235bb,cxa0af3165c08318e988cb30993b3048335b94af6c,cx5faae53c4dbd1fbe4a2eb4aab6565030f10da5c6,0x137007958238444,0xd22f8dd85f8634b2d26c370db0ecf9c3ef7b6416d6fe8e32ced519368c78fa62,5,94210054,0.08753923892677946,1741100909824968,Balanced Dollar,0.1157057875,bnUSD,0,1,2025-03-04
cx88fd7df7ddff82f7cc735c871dc519838cb235bb,cxa0af3165c08318e988cb30993b3048335b94af6c,cx21e94c08c03daee80c25d8ee3ea22a20786ec231,0x32793d3b5f9f660bb,0xd22f8dd85f8634b2d26c370db0ecf9c3ef7b6416d6fe8e32ced519368c78fa62,4,94210054,58.19208798872052,1741100909824968,Balanced Dollar,0.1157057875,bnUSD,0,1,2025-03-04
cx288d13e1b63563459a2ac6179f237711f6851cb5,cx21e94c08c03daee80c25d8ee3ea22a20786ec231,cxa0af3165c08318e988cb30993b3048335b94af6c,0x6379da05b60000,0xd22f8dd85f8634b2d26c370db0ecf9c3ef7b6416d6fe8e32ced519368c78fa62,3,94210054,0.028,1741100909824968,Ethereum,0.1157057875,ETH,0,1,2025-03-04
cx288d13e1b63563459a2ac6179f237711f6851cb5,hx0000000000000000000000000000000000000000,cx21e94c08c03daee80c25d8ee3ea22a20786ec231,0x6379da05b60000,0xd22f8dd85f8634b2d26c370db0ecf9c3ef7b6416d6fe8e32ced519368c78fa62,1,94210054,0.028,1741100909824968,Ethereum,0.1157057875,ETH,0,1,2025-03-04
cxf61cd5a45dc9f91c15aa65831a30a90d59a09619,cx9345f80d6c98357ccbb70392b14162199c2c5f66,cxd82fb5d3effecd8c9071a4bba3856ad7222c4b91,0x111b411d381b960,0xeb74c6369733f147cc5803fa4e54efb4a9a0776ba2f3942b243546327ebabdc6,4,94210051,0.07704065729794697,1741100903793567,Balance Token,0.1302356125,BALN,0,2,2025-03-04
cx2609b924e33ef00b648a409245c7ea394c467824,cx9345f80d6c98357ccbb70392b14162199c2c5f66,cxd82fb5d3effecd8c9071a4bba3856ad7222c4b91,0x12d12f1bb6e01816,0xeb74c6369733f147cc5803fa4e54efb4a9a0776ba2f3942b243546327ebabdc6,3,94210051,1.355916758893992,1741100903793567,Staked ICX,0.1302356125,sICX,0,2,2025-03-04
cx88fd7df7ddff82f7cc735c871dc519838cb235bb,hx0000000000000000000000000000000000000000,cx5faae53c4dbd1fbe4a2eb4aab6565030f10da5c6,0x0,0xeb74c6369733f147cc5803fa4e54efb4a9a0776ba2f3942b243546327ebabdc6,2,94210051,0.0,1741100903793567,Balanced Dollar,0.1302356125,bnUSD,0,2,2025-03-04
cx88fd7df7ddff82f7cc735c871dc519838cb235bb,hx0000000000000000000000000000000000000000,cxd82fb5d3effecd8c9071a4bba3856ad7222c4b91,0x30255789f7b4cfd,0xeb74c6369733f147cc5803fa4e54efb4a9a0776ba2f3942b243546327ebabdc6,1,94210051,0.21682970862729958,1741100903793567,Balanced Dollar,0.1302356125,bnUSD,0,2,2025-03-04
cx88fd7df7ddff82f7cc735c871dc519838cb235bb,hxc1718c79947e0f673296218b5b23adbd9a3b38a8,cxd82fb5d3effecd8c9071a4bba3856ad7222c4b91,0x1cf053a52381f30000,0xeb74c6369733f147cc5803fa4e54efb4a9a0776ba2f3942b243546327ebabdc6,0,94210051,533.8262006279598,1741100903793567,Balanced Dollar,0.1302356125,bnUSD,0,2,2025-03-04
cx88fd7df7ddff82f7cc735c871dc519838cb235bb,cxa0af3165c08318e988cb30993b3048335b94af6c,cx5faae53c4dbd1fbe4a2eb4aab6565030f10da5c6,0xb2710e810afc504,0x27b0445528e793ec94170c992bb0df71b618cf19f8db20a57050b5bc57958866,2,94210049,0.8036296474073347,1741100899769293,Balanced Dollar,0.0705809875,bnUSD,0,1,2025-03-04
cx88fd7df7ddff82f7cc735c871dc519838cb235bb,cxa0af3165c08318e988cb30993b3048335b94af6c,hxc1718c79947e0f673296218b5b23adbd9a3b38a8,0x1cf960f510463d7f98,0x27b0445528e793ec94170c992bb0df71b618cf19f8db20a57050b5bc57958866,1,94210049,534.4784660273225,1741100899769293,Balanced Dollar,0.0705809875,bnUSD,0,1,2025-03-04
cx2609b924e33ef00b648a409245c7ea394c467824,hxc1718c79947e0f673296218b5b23adbd9a3b38a8,cxa0af3165c08318e988cb30993b3048335b94af6c,0xcca4d36dd072200000,0x27b0445528e793ec94170c992bb0df71b618cf19f8db20a57050b5bc57958866,0,94210049,3775.01274842109,1741100899769293,Staked ICX,0.0705809875,sICX,0,1,2025-03-04
cx88fd7df7ddff82f7cc735c871dc519838cb235bb,cxa0af3165c08318e988cb30993b3048335b94af6c,cx5faae53c4dbd1fbe4a2eb4aab6565030f10da5c6,0xe50f9e19f90634,0xcc0e375df36fb532a00a3529d72a2e024b6db4160da5bbc5e390af211d2ea37f,2,94210045,0.06447494138174008,1741100891929889,Balanced Dollar,0.0569443375,bnUSD,0,1,2025-03-04
cx88fd7df7ddff82f7cc735c871dc519838cb235bb,cxa0af3165c08318e988cb30993b3048335b94af6c,hxd75467e3e4ce64e3424c747dfb71503017440433,0x252dd0cb4cac11286,0xcc0e375df36fb532a00a3529d72a2e024b6db4160da5bbc5e390af211d2ea37f,1,94210045,42.86443079901755,1741100891929889,Balanced Dollar,0.0569443375,bnUSD,0,1,2025-03-04
cx4297f4b63262507623b6ad575d0d8dd2db980e4e,hxd75467e3e4ce64e3424c747dfb71503017440433,cxa0af3165c08318e988cb30993b3048335b94af6c,0x3782dace9d900000,0xcc0e375df36fb532a00a3529d72a2e024b6db4160da5bbc5e390af211d2ea37f,0,94210045,4.0,1741100891929889,Injective,0.0569443375,INJ,0,1,2025-03-04
cx88fd7df7ddff82f7cc735c871dc519838cb235bb,cxa0af3165c08318e988cb30993b3048335b94af6c,cx5faae53c4dbd1fbe4a2eb4aab6565030f10da5c6,0x14d4dda13a04c72,0x52255e221fc77e75acd056a3537c6c497ecff456c7f2eff3fc82270b1040cf07,2,94210041,0.09381676627213016,1741100883796376,Balanced Dollar,0.056975275,bnUSD,0,1,2025-03-04
cx88fd7df7ddff82f7cc735c871dc519838cb235bb,cxa0af3165c08318e988cb30993b3048335b94af6c,hxd75467e3e4ce64e3424c747dfb71503017440433,0x3617f70c31fb95d5a,0x52255e221fc77e75acd056a3537c6c497ecff456c7f2eff3fc82270b1040cf07,1,94210041,62.36569014820309,1741100883796376,Balanced Dollar,0.056975275,bnUSD,0,1,2025-03-04
cx288d13e1b63563459a2ac6179f237711f6851cb5,hxd75467e3e4ce64e3424c747dfb71503017440433,cxa0af3165c08318e988cb30993b3048335b94af6c,0x6a94d74f430000,0x52255e221fc77e75acd056a3537c6c497ecff456c7f2eff3fc82270b1040cf07,0,94210041,0.03,1741100883796376,Ethereum,0.056975275,ETH,0,1,2025-03-04
cx2609b924e33ef00b648a409245c7ea394c467824,cxa0af3165c08318e988cb30993b3048335b94af6c,hx970eda4988e547df0de8324226fdf3e8ebc9734f,0x1b55cdc46aca33b4c41,0x852a60a68c1dc8453a0c80854947f3b4c3ecde1ec8637b75cce59349c360e6a6,7,94210038,8067.918461064726,1741100877763342,Staked ICX,0.1206249625,sICX,0,1,2025-03-04
cx3975b43d260fb8ec802cef6e60c2f4d07486f11d,hx970eda4988e547df0de8324226fdf3e8ebc9734f,hx0000000000000000000000000000000000000000,0x240ad4abe8205313737,0x852a60a68c1dc8453a0c80854947f3b4c3ecde1ec8637b75cce59349c360e6a6,3,94210038,10637.811588839182,1741100877763342,Wrapped ICX,0.1206249625,wICX,0,1,2025-03-04
cx3975b43d260fb8ec802cef6e60c2f4d07486f11d,cxa0af3165c08318e988cb30993b3048335b94af6c,hx970eda4988e547df0de8324226fdf3e8ebc9734f,0x240ad4abe8205313737,0x852a60a68c1dc8453a0c80854947f3b4c3ecde1ec8637b75cce59349c360e6a6,2,94210038,10637.811588839182,1741100877763342,Wrapped ICX,0.1206249625,wICX,0,1,2025-03-04
cx88fd7df7ddff82f7cc735c871dc519838cb235bb,cxa0af3165c08318e988cb30993b3048335b94af6c,cx5faae53c4dbd1fbe4a2eb4aab6565030f10da5c6,0xe52b341ee7fa46,0x33fad846fa599b46223e456e70108da94ddd20d3ef194ca602df9ff2d63d5239,2,94210027,0.06450527252355336,1741100855766416,Balanced Dollar,0.0569443375,bnUSD,0,1,2025-03-04
cx88fd7df7ddff82f7cc735c871dc519838cb235bb,cxa0af3165c08318e988cb30993b3048335b94af6c,hxd75467e3e4ce64e3424c747dfb71503017440433,0x25324b2af823abe6d,0x33fad846fa599b46223e456e70108da94ddd20d3ef194ca602df9ff2d63d5239,1,94210027,42.88459801860262,1741100855766416,Balanced Dollar,0.0569443375,bnUSD,0,1,2025-03-04
cx4297f4b63262507623b6ad575d0d8dd2db980e4e,hxd75467e3e4ce64e3424c747dfb71503017440433,cxa0af3165c08318e988cb30993b3048335b94af6c,0x3782dace9d900000,0x33fad846fa599b46223e456e70108da94ddd20d3ef194ca602df9ff2d63d5239,0,94210027,4.0,1741100855766416,Injective,0.0569443375,INJ,0,1,2025-03-04
cx88fd7df7ddff82f7cc735c871dc519838cb235bb,cxa0af3165c08318e988cb30993b3048335b94af6c,cx5faae53c4dbd1fbe4a2eb4aab6565030f10da5c6,0xe546cf202fcc2d,0x7df5f4f7bb314f228592142ce9fa2e9f2cac563da1d87d46d0ca7fd6c1b54df8,2,94210021,0.06453562507891819,1741100843763217,Balanced Dollar,0.0569443375,bnUSD,0,1,2025-03-04
cx88fd7df7ddff82f7cc735c871dc519838cb235bb,cxa0af3165c08318e988cb30993b3048335b94af6c,hxd75467e3e4ce64e3424c747dfb71503017440433,0x2536c659da2bfcb12,0x7df5f4f7bb314f228592142ce9fa2e9f2cac563da1d87d46d0ca7fd6c1b54df8,1,94210021,42.904779477766624,1741100843763217,Balanced Dollar,0.0569443375,bnUSD,0,1,2025-03-04
cx4297f4b63262507623b6ad575d0d8dd2db980e4e,hxd75467e3e4ce64e3424c747dfb71503017440433,cxa0af3165c08318e988cb30993b3048335b94af6c,0x3782dace9d900000,0x7df5f4f7bb314f228592142ce9fa2e9f2cac563da1d87d46d0ca7fd6c1b54df8,0,94210021,4.0,1741100843763217,Injective,0.0569443375,INJ,0,1,2025-03-04
cx88fd7df7ddff82f7cc735c871dc519838cb235bb,cxa0af3165c08318e988cb30993b3048335b94af6c,cx5faae53c4dbd1fbe4a2eb4aab6565030f10da5c6,0xe5626f1f042ada,0x5b8c7a82c5b854480ae3707348a0800ae0be11921a83715d2e2a094b21cd3857,2,94210014,0.06456599906799894,1741100829949591,Balanced Dollar,0.0569443375,bnUSD,0,1,2025-03-04
cx88fd7df7ddff82f7cc735c871dc519838cb235bb,cxa0af3165c08318e988cb30993b3048335b94af6c,hxd75467e3e4ce64e3424c747dfb71503017440433,0x253b425824ba38ff9,0x5b8c7a82c5b854480ae3707348a0800ae0be11921a83715d2e2a094b21cd3857,1,94210014,42.924975189920026,1741100829949591,Balanced Dollar,0.0569443375,bnUSD,0,1,2025-03-04
cx4297f4b63262507623b6ad575d0d8dd2db980e4e,hxd75467e3e4ce64e3424c747dfb71503017440433,cxa0af3165c08318e988cb30993b3048335b94af6c,0x3782dace9d900000,0x5b8c7a82c5b854480ae3707348a0800ae0be11921a83715d2e2a094b21cd3857,0,94210014,4.0,1741100829949591,Injective,0.0569443375,INJ,0,1,2025-03-04
cx288d13e1b63563459a2ac6179f237711f6851cb5,hx0000000000000000000000000000000000000000,hxd75467e3e4ce64e3424c747dfb71503017440433,0x6efe51a199b3980,0xcfc6aea244d29e9b58c366871baf14ee2fe03aa3c0048b2e944c673e7dc36eb7,1,94210009,0.499869983922928,1741100819743718,Ethereum,0.0230416875,ETH,0,1,2025-03-04
cxf61cd5a45dc9f91c15aa65831a30a90d59a09619,cx9345f80d6c98357ccbb70392b14162199c2c5f66,cxd82fb5d3effecd8c9071a4bba3856ad7222c4b91,0x88da08e9c0dcb0,0x00b542783da86989f2531403c4b6b5a3b04b5839edfd5da72b83c32c62e3a02d,4,94210005,0.038520328648973486,1741100811772829,Balance Token,0.1302198,BALN,0,1,2025-03-04
cx2609b924e33ef00b648a409245c7ea394c467824,cx9345f80d6c98357ccbb70392b14162199c2c5f66,cxd82fb5d3effecd8c9071a4bba3856ad7222c4b91,0x968978ddb700c0b,0x00b542783da86989f2531403c4b6b5a3b04b5839edfd5da72b83c32c62e3a02d,3,94210005,0.677958379446996,1741100811772829,Staked ICX,0.1302198,sICX,0,1,2025-03-04
cx88fd7df7ddff82f7cc735c871dc519838cb235bb,hx0000000000000000000000000000000000000000,cx5faae53c4dbd1fbe4a2eb4aab6565030f10da5c6,0x0,0x00b542783da86989f2531403c4b6b5a3b04b5839edfd5da72b83c32c62e3a02d,2,94210005,0.0,1741100811772829,Balanced Dollar,0.1302198,bnUSD,0,1,2025-03-04
cx88fd7df7ddff82f7cc735c871dc519838cb235bb,hx0000000000000000000000000000000000000000,cxd82fb5d3effecd8c9071a4bba3856ad7222c4b91,0x1801c733ac30345,0x00b542783da86989f2531403c4b6b5a3b04b5839edfd5da72b83c32c62e3a02d,1,94210005,0.10811767228956756,1741100811772829,Balanced Dollar,0.1302198,bnUSD,0,1,2025-03-04
cx88fd7df7ddff82f7cc735c871dc519838cb235bb,hxd75467e3e4ce64e3424c747dfb71503017440433,cxd82fb5d3effecd8c9071a4bba3856ad7222c4b91,0x4b9f86d7dc076c0000,0x00b542783da86989f2531403c4b6b5a3b04b5839edfd5da72b83c32c62e3a02d,0,94210005,1395.0009179671433,1741100811772829,Balanced Dollar,0.1302198,bnUSD,0,1,2025-03-04
cx3975b43d260fb8ec802cef6e60c2f4d07486f11d,hx13edf67aceecf2e9f4399cbd667150638c972155,hx0000000000000000000000000000000000000000,0x19012f686c5642ced8,0x8e26458468693559a71b809a447e8ec0276c37bdadb8da9b27c2fa06abbd3718,22,94209997,461.2540035751951,1741100795974407,Wrapped ICX,0.40520835,wICX,0,1,2025-03-04
cx3975b43d260fb8ec802cef6e60c2f4d07486f11d,cx21e94c08c03daee80c25d8ee3ea22a20786ec231,hx13edf67aceecf2e9f4399cbd667150638c972155,0x19012f686c5642ced8,0x8e26458468693559a71b809a447e8ec0276c37bdadb8da9b27c2fa06abbd3718,21,94209997,461.2540035751951,1741100795974407,Wrapped ICX,0.40520835,wICX,0,1,2025-03-04
cx2609b924e33ef00b648a409245c7ea394c467824,cx203d9cd2a669be67177e997b8948ce2c35caffae,cx835b300dcfe01f0bdb794e134a0c5628384f4367,0x3e673e59c1604429,0x8e26458468693559a71b809a447e8ec0276c37bdadb8da9b27c2fa06abbd3718,18,94209997,4.496631308170053,1741100795974407,Staked ICX,0.40520835,sICX,0,1,2025-03-04
cx2609b924e33ef00b648a409245c7ea394c467824,cx5faae53c4dbd1fbe4a2eb4aab6565030f10da5c6,cx203d9cd2a669be67177e997b8948ce2c35caffae,0x5925c6c95d64f3a9,0x8e26458468693559a71b809a447e8ec0276c37bdadb8da9b27c2fa06abbd3718,15,94209997,6.423759011671504,1741100795974407,Staked ICX,0.40520835,sICX,0,1,2025-03-04
cx2609b924e33ef00b648a409245c7ea394c467824,cx5faae53c4dbd1fbe4a2eb4aab6565030f10da5c6,cxdc30a0d3a1f131565c071272a20bc0b06fd4c17b,0x5925c6c95d64f3a8,0x8e26458468693559a71b809a447e8ec0276c37bdadb8da9b27c2fa06abbd3718,13,94209997,6.423759011671504,1741100795974407,Staked ICX,0.40520835,sICX,0,1,2025-03-04
cx2609b924e33ef00b648a409245c7ea394c467824,cxa0af3165c08318e988cb30993b3048335b94af6c,cx5faae53c4dbd1fbe4a2eb4aab6565030f10da5c6,0x74da1398958e3e0,0x8e26458468693559a71b809a447e8ec0276c37bdadb8da9b27c2fa06abbd3718,12,94209997,0.526253999961728,1741100795974407,Staked ICX,0.40520835,sICX,0,1,2025-03-04
cx3975b43d260fb8ec802cef6e60c2f4d07486f11d,cxa0af3165c08318e988cb30993b3048335b94af6c,cx21e94c08c03daee80c25d8ee3ea22a20786ec231,0x19012f686c5642ced8,0x8e26458468693559a71b809a447e8ec0276c37bdadb8da9b27c2fa06abbd3718,11,94209997,461.2540035751951,1741100795974407,Wrapped ICX,0.40520835,wICX,0,1,2025-03-04
cx2609b924e33ef00b648a409245c7ea394c467824,cx21e94c08c03daee80c25d8ee3ea22a20786ec231,cxa0af3165c08318e988cb30993b3048335b94af6c,0x1304d3db2b0226c2d5,0x8e26458468693559a71b809a447e8ec0276c37bdadb8da9b27c2fa06abbd3718,10,94209997,350.83599997448533,1741100795974407,Staked ICX,0.40520835,sICX,0,1,2025-03-04
cx88fd7df7ddff82f7cc735c871dc519838cb235bb,cxa0af3165c08318e988cb30993b3048335b94af6c,cx5faae53c4dbd1fbe4a2eb4aab6565030f10da5c6,0x10a741a46278000,0x8e26458468693559a71b809a447e8ec0276c37bdadb8da9b27c2fa06abbd3718,8,94209997,0.075,1741100795974407,Balanced Dollar,0.40520835,bnUSD,0,1,2025-03-04
cx2609b924e33ef00b648a409245c7ea394c467824,cxa0af3165c08318e988cb30993b3048335b94af6c,cx21e94c08c03daee80c25d8ee3ea22a20786ec231,0x1304d3db2b0226c2d5,0x8e26458468693559a71b809a447e8ec0276c37bdadb8da9b27c2fa06abbd3718,7,94209997,350.83599997448533,1741100795974407,Staked ICX,0.40520835,sICX,0,1,2025-03-04
cx88fd7df7ddff82f7cc735c871dc519838cb235bb,cx21e94c08c03daee80c25d8ee3ea22a20786ec231,cxa0af3165c08318e988cb30993b3048335b94af6c,0x2b5e3af16b1880000,0x8e26458468693559a71b809a447e8ec0276c37bdadb8da9b27c2fa06abbd3718,6,94209997,50.0,1741100795974407,Balanced Dollar,0.40520835,bnUSD,0,1,2025-03-04
cx88fd7df7ddff82f7cc735c871dc519838cb235bb,cxa09dbb60dcb62fffbd232b6eae132d730a2aafa6,cx21e94c08c03daee80c25d8ee3ea22a20786ec231,0x2b5e3af16b1880000,0x8e26458468693559a71b809a447e8ec0276c37bdadb8da9b27c2fa06abbd3718,5,94209997,50.0,1741100795974407,Balanced Dollar,0.40520835,bnUSD,0,1,2025-03-04
cx88fd7df7ddff82f7cc735c871dc519838cb235bb,hx0000000000000000000000000000000000000000,cxa09dbb60dcb62fffbd232b6eae132d730a2aafa6,0x2b5e3af16b1880000,0x8e26458468693559a71b809a447e8ec0276c37bdadb8da9b27c2fa06abbd3718,4,94209997,50.0,1741100795974407,Balanced Dollar,0.40520835,bnUSD,0,1,2025-03-04
cx22319ac7f412f53eabe3c9827acf5e27e9c6a95f,cx21e94c08c03daee80c25d8ee3ea22a20786ec231,cxa09dbb60dcb62fffbd232b6eae132d730a2aafa6,0x2faf080,0x8e26458468693559a71b809a447e8ec0276c37bdadb8da9b27c2fa06abbd3718,3,94209997,50.0,1741100795974407,USDC,0.40520835,USDC,0,1,2025-03-04
cx22319ac7f412f53eabe3c9827acf5e27e9c6a95f,hx0000000000000000000000000000000000000000,cx21e94c08c03daee80c25d8ee3ea22a20786ec231,0x2faf080,0x8e26458468693559a71b809a447e8ec0276c37bdadb8da9b27c2fa06abbd3718,1,94209997,50.0,1741100795974407,USDC,0.40520835,USDC,0,1,2025-03-04
cx88fd7df7ddff82f7cc735c871dc519838cb235bb,cxa0af3165c08318e988cb30993b3048335b94af6c,cx5faae53c4dbd1fbe4a2eb4aab6565030f10da5c6,0xda783d196728ff,0x5ed890907a837ccc80c4682df149d8c6735f52bf99a011c440c2a3003eb27098,2,94209987,0.06149374873745229,1741100775917682,Balanced Dollar,0.0473681375,bnUSD,0,1,2025-03-04
cx88fd7df7ddff82f7cc735c871dc519838cb235bb,cxa0af3165c08318e988cb30993b3048335b94af6c,hxd75467e3e4ce64e3424c747dfb71503017440433,0x237603190e2e70630,0x5ed890907a837ccc80c4682df149d8c6735f52bf99a011c440c2a3003eb27098,1,94209987,40.883731915621205,1741100775917682,Balanced Dollar,0.0473681375,bnUSD,0,1,2025-03-04
cx65c9e3d4fea842e00add0d32a5b4c5e4e04c7a6b,hxd75467e3e4ce64e3424c747dfb71503017440433,cxa0af3165c08318e988cb30993b3048335b94af6c,0x11e1a300,0x5ed890907a837ccc80c4682df149d8c6735f52bf99a011c440c2a3003eb27098,0,94209987,0.3,1741100775917682,Solana,0.0473681375,SOL,0,1,2025-03-04
cxf61cd5a45dc9f91c15aa65831a30a90d59a09619,cx9345f80d6c98357ccbb70392b14162199c2c5f66,cxd82fb5d3effecd8c9071a4bba3856ad7222c4b91,0x17cce028a71b40,0x045e45c71a76e7e820861239de53ed19874e41b4c2ba20d5db8bc6db73487059,4,94209982,0.006699187591125824,1741100765888580,Balance Token,0.1302173625,BALN,0,1,2025-03-04
cx2609b924e33ef00b648a409245c7ea394c467824,cx9345f80d6c98357ccbb70392b14162199c2c5f66,cxd82fb5d3effecd8c9071a4bba3856ad7222c4b91,0x1a2e2b47f34e0b4,0x045e45c71a76e7e820861239de53ed19874e41b4c2ba20d5db8bc6db73487059,3,94209982,0.11790580512121669,1741100765888580,Staked ICX,0.1302173625,sICX,0,1,2025-03-04
cx88fd7df7ddff82f7cc735c871dc519838cb235bb,hx0000000000000000000000000000000000000000,cx5faae53c4dbd1fbe4a2eb4aab6565030f10da5c6,0x0,0x045e45c71a76e7e820861239de53ed19874e41b4c2ba20d5db8bc6db73487059,2,94209982,0.0,1741100765888580,Balanced Dollar,0.1302173625,bnUSD,0,1,2025-03-04
cx88fd7df7ddff82f7cc735c871dc519838cb235bb,hx0000000000000000000000000000000000000000,cxd82fb5d3effecd8c9071a4bba3856ad7222c4b91,0x44157e2977dd77,0x045e45c71a76e7e820861239de53ed19874e41b4c2ba20d5db8bc6db73487059,1,94209982,0.019163930022108536,1741100765888580,Balanced Dollar,0.1302173625,bnUSD,0,1,2025-03-04
cx88fd7df7ddff82f7cc735c871dc519838cb235bb,hxc1718c79947e0f673296218b5b23adbd9a3b38a8,cxd82fb5d3effecd8c9071a4bba3856ad7222c4b91,0x1cf80e79cb35140000,0x045e45c71a76e7e820861239de53ed19874e41b4c2ba20d5db8bc6db73487059,0,94209982,534.3831919486233,1741100765888580,Balanced Dollar,0.1302173625,bnUSD,0,1,2025-03-04
cx88fd7df7ddff82f7cc735c871dc519838cb235bb,cxa0af3165c08318e988cb30993b3048335b94af6c,cx5faae53c4dbd1fbe4a2eb4aab6565030f10da5c6,0xe57e141c9921fd,0x2562fb1103fc316ef36081bf5a8ad3653ac56b78c9222f93821a9920e596a6f1,2,94209981,0.06459639451098367,1741100763758352,Balanced Dollar,0.05694565,bnUSD,0,1,2025-03-04
cx88fd7df7ddff82f7cc735c871dc519838cb235bb,cxa0af3165c08318e988cb30993b3048335b94af6c,hxd75467e3e4ce64e3424c747dfb71503017440433,0x253fbf2609d2a5bd1,0x2562fb1103fc316ef36081bf5a8ad3653ac56b78c9222f93821a9920e596a6f1,1,94209981,42.945185168489076,1741100763758352,Balanced Dollar,0.05694565,bnUSD,0,1,2025-03-04
cx4297f4b63262507623b6ad575d0d8dd2db980e4e,hxd75467e3e4ce64e3424c747dfb71503017440433,cxa0af3165c08318e988cb30993b3048335b94af6c,0x3782dace9d900000,0x2562fb1103fc316ef36081bf5a8ad3653ac56b78c9222f93821a9920e596a6f1,0,94209981,4.0,1741100763758352,Injective,0.05694565,INJ,0,1,2025-03-04
cx88fd7df7ddff82f7cc735c871dc519838cb235bb,cxa0af3165c08318e988cb30993b3048335b94af6c,cx5faae53c4dbd1fbe4a2eb4aab6565030f10da5c6,0xb2a4a0b4ecedc32,0x1b08454668ea8aed21e285edf605e57d0fd2e15130ba779afb09054ac3d1d2d2,2,94209980,0.8045368958663301,1741100761754224,Balanced Dollar,0.0705809875,bnUSD,0,1,2025-03-04
cx88fd7df7ddff82f7cc735c871dc519838cb235bb,cxa0af3165c08318e988cb30993b3048335b94af6c,hxc1718c79947e0f673296218b5b23adbd9a3b38a8,0x1d01c14f4406950011,0x1b08454668ea8aed21e285edf605e57d0fd2e15130ba779afb09054ac3d1d2d2,1,94209980,535.0820475557069,1741100761754224,Balanced Dollar,0.0705809875,bnUSD,0,1,2025-03-04
cx2609b924e33ef00b648a409245c7ea394c467824,hxc1718c79947e0f673296218b5b23adbd9a3b38a8,cxa0af3165c08318e988cb30993b3048335b94af6c,0xcca4d36dd072200000,0x1b08454668ea8aed21e285edf605e57d0fd2e15130ba779afb09054ac3d1d2d2,0,94209980,3775.01274842109,1741100761754224,Staked ICX,0.0705809875,sICX,0,1,2025-03-04
cxf61cd5a45dc9f91c15aa65831a30a90d59a09619,cx9345f80d6c98357ccbb70392b14162199c2c5f66,cxd82fb5d3effecd8c9071a4bba3856ad7222c4b91,0x1d60e4b22e45a30,0x58aea05b6d23472ecb65c5d4c0fbe0bfff33e43ef0546a2dbea7b59dbf3609ac,4,94209978,0.13230895492473502,1741100757755566,Balance Token,0.130236925,BALN,0,1,2025-03-04
cx2609b924e33ef00b648a409245c7ea394c467824,cx9345f80d6c98357ccbb70392b14162199c2c5f66,cxd82fb5d3effecd8c9071a4bba3856ad7222c4b91,0x2050fd6cd05455e3,0x58aea05b6d23472ecb65c5d4c0fbe0bfff33e43ef0546a2dbea7b59dbf3609ac,3,94209978,2.3286396511440297,1741100757755566,Staked ICX,0.130236925,sICX,0,1,2025-03-04
cx88fd7df7ddff82f7cc735c871dc519838cb235bb,hx0000000000000000000000000000000000000000,cx5faae53c4dbd1fbe4a2eb4aab6565030f10da5c6,0x0,0x58aea05b6d23472ecb65c5d4c0fbe0bfff33e43ef0546a2dbea7b59dbf3609ac,2,94209978,0.0,1741100757755566,Balanced Dollar,0.130236925,bnUSD,0,1,2025-03-04
cx88fd7df7ddff82f7cc735c871dc519838cb235bb,hx0000000000000000000000000000000000000000,cxd82fb5d3effecd8c9071a4bba3856ad7222c4b91,0x52b70cbfc944c05,0x58aea05b6d23472ecb65c5d4c0fbe0bfff33e43ef0546a2dbea7b59dbf3609ac,1,94209978,0.37251541560644713,1741100757755566,Balanced Dollar,0.130236925,bnUSD,0,1,2025-03-04
cx88fd7df7ddff82f7cc735c871dc519838cb235bb,hxc1718c79947e0f673296218b5b23adbd9a3b38a8,cxd82fb5d3effecd8c9071a4bba3856ad7222c4b91,0x1cff07f59f3d7b0000,0x58aea05b6d23472ecb65c5d4c0fbe0bfff33e43ef0546a2dbea7b59dbf3609ac,0,94209978,534.8857609326561,1741100757755566,Balanced Dollar,0.130236925,bnUSD,0,1,2025-03-04
cx88fd7df7ddff82f7cc735c871dc519838cb235bb,cxa0af3165c08318e988cb30993b3048335b94af6c,cx5faae53c4dbd1fbe4a2eb4aab6565030f10da5c6,0xb2dd97c50cce7c5,0xa4a6aa5a155e2678164bc2653d986dd198d3e36bf0d884e1ba3c86c5c539e063,2,94209976,0.8055390363239648,1741100753730458,Balanced Dollar,0.0705809875,bnUSD,0,1,2025-03-04
cx88fd7df7ddff82f7cc735c871dc519838cb235bb,cxa0af3165c08318e988cb30993b3048335b94af6c,hxc1718c79947e0f673296218b5b23adbd9a3b38a8,0x1d0b01f2a3b18319bd,0xa4a6aa5a155e2678164bc2653d986dd198d3e36bf0d884e1ba3c86c5c539e063,1,94209976,535.7487599318426,1741100753730458,Balanced Dollar,0.0705809875,bnUSD,0,1,2025-03-04
cx2609b924e33ef00b648a409245c7ea394c467824,hxc1718c79947e0f673296218b5b23adbd9a3b38a8,cxa0af3165c08318e988cb30993b3048335b94af6c,0xcca4d36dd072200000,0xa4a6aa5a155e2678164bc2653d986dd198d3e36bf0d884e1ba3c86c5c539e063,0,94209976,3775.01274842109,1741100753730458,Staked ICX,0.0705809875,sICX,0,1,2025-03-04
cx88fd7df7ddff82f7cc735c871dc519838cb235bb,cxa0af3165c08318e988cb30993b3048335b94af6c,cx5faae53c4dbd1fbe4a2eb4aab6565030f10da5c6,0xe599be1a231a26,0x6f7640d1a9a4319489634fee8d38db7bce10c9a3dfb1ca0295b54901a40ebad2,2,94209975,0.06462681142808427,1741100751955311,Balanced Dollar,0.05694565,bnUSD,0,1,2025-03-04
cx88fd7df7ddff82f7cc735c871dc519838cb235bb,cxa0af3165c08318e988cb30993b3048335b94af6c,hxd75467e3e4ce64e3424c747dfb71503017440433,0x25443cc3bb889cbb0,0x6f7640d1a9a4319489634fee8d38db7bce10c9a3dfb1ca0295b54901a40ebad2,1,94209975,42.96540942691584,1741100751955311,Balanced Dollar,0.05694565,bnUSD,0,1,2025-03-04
cx4297f4b63262507623b6ad575d0d8dd2db980e4e,hxd75467e3e4ce64e3424c747dfb71503017440433,cxa0af3165c08318e988cb30993b3048335b94af6c,0x3782dace9d900000,0x6f7640d1a9a4319489634fee8d38db7bce10c9a3dfb1ca0295b54901a40ebad2,0,94209975,4.0,1741100751955311,Injective,0.05694565,INJ,0,1,2025-03-04
cx88fd7df7ddff82f7cc735c871dc519838cb235bb,cxa0af3165c08318e988cb30993b3048335b94af6c,cx5faae53c4dbd1fbe4a2eb4aab6565030f10da5c6,0xe5b56d18d6d8e6,0x5b880e4b5573f280cb8ab562834cae21e01777046eec8d6855a8f20bed9bfe5f,2,94209968,0.06465724983953636,1741100737731264,Balanced Dollar,0.05694565,bnUSD,0,1,2025-03-04
cx88fd7df7ddff82f7cc735c871dc519838cb235bb,cxa0af3165c08318e988cb30993b3048335b94af6c,hxd75467e3e4ce64e3424c747dfb71503017440433,0x2548bb316bfe92261,0x5b880e4b5573f280cb8ab562834cae21e01777046eec8d6855a8f20bed9bfe5f,1,94209968,42.98564797865821,1741100737731264,Balanced Dollar,0.05694565,bnUSD,0,1,2025-03-04
cx4297f4b63262507623b6ad575d0d8dd2db980e4e,hxd75467e3e4ce64e3424c747dfb71503017440433,cxa0af3165c08318e988cb30993b3048335b94af6c,0x3782dace9d900000,0x5b880e4b5573f280cb8ab562834cae21e01777046eec8d6855a8f20bed9bfe5f,0,94209968,4.0,1741100737731264,Injective,0.05694565,INJ,0,1,2025-03-04
cx88fd7df7ddff82f7cc735c871dc519838cb235bb,cxa0af3165c08318e988cb30993b3048335b94af6c,cx5faae53c4dbd1fbe4a2eb4aab6565030f10da5c6,0xe5d12119e980f1,0x5831c87b7c2e10d040b293b19158d8a5009bff0caa84ac789a5868e3304c1155,2,94209952,0.06468770976559947,1741100705746850,Balanced Dollar,0.05694565,bnUSD,0,1,2025-03-04
cx88fd7df7ddff82f7cc735c871dc519838cb235bb,cxa0af3165c08318e988cb30993b3048335b94af6c,hxd75467e3e4ce64e3424c747dfb71503017440433,0x254d3a6f4d6619fe6,0x5831c87b7c2e10d040b293b19158d8a5009bff0caa84ac789a5868e3304c1155,1,94209952,43.00590083718995,1741100705746850,Balanced Dollar,0.05694565,bnUSD,0,1,2025-03-04
cx4297f4b63262507623b6ad575d0d8dd2db980e4e,hxd75467e3e4ce64e3424c747dfb71503017440433,cxa0af3165c08318e988cb30993b3048335b94af6c,0x3782dace9d900000,0x5831c87b7c2e10d040b293b19158d8a5009bff0caa84ac789a5868e3304c1155,0,94209952,4.0,1741100705746850,Injective,0.05694565,INJ,0,1,2025-03-04
cx88fd7df7ddff82f7cc735c871dc519838cb235bb,cxa0af3165c08318e988cb30993b3048335b94af6c,cx5faae53c4dbd1fbe4a2eb4aab6565030f10da5c6,0xe5ecda1e909242,0x5e07e6c7d5b5b84cd52580905dd179340507e7e52e04adbba87b9135a2017e8c,2,94209941,0.06471819122655699,1741100683710100,Balanced Dollar,0.05694565,bnUSD,0,1,2025-03-04
cx88fd7df7ddff82f7cc735c871dc519838cb235bb,cxa0af3165c08318e988cb30993b3048335b94af6c,hxd75467e3e4ce64e3424c747dfb71503017440433,0x2551ba7d91ffed912,0x5e07e6c7d5b5b84cd52580905dd179340507e7e52e04adbba87b9135a2017e8c,1,94209941,43.0261680160007,1741100683710100,Balanced Dollar,0.05694565,bnUSD,0,1,2025-03-04
cx4297f4b63262507623b6ad575d0d8dd2db980e4e,hxd75467e3e4ce64e3424c747dfb71503017440433,cxa0af3165c08318e988cb30993b3048335b94af6c,0x3782dace9d900000,0x5e07e6c7d5b5b84cd52580905dd179340507e7e52e04adbba87b9135a2017e8c,0,94209941,4.0,1741100683710100,Injective,0.05694565,INJ,0,1,2025-03-04
cx88fd7df7ddff82f7cc735c871dc519838cb235bb,cxa0af3165c08318e988cb30993b3048335b94af6c,cx5faae53c4dbd1fbe4a2eb4aab6565030f10da5c6,0xe608982801ea38,0x4e85cf128424c4d3a83e526ee1d4febc77f403cd7748fb883983ec93bfa600c3,2,94209935,0.06474869424271622,1741100671727374,Balanced Dollar,0.05694565,bnUSD,0,1,2025-03-04
cx88fd7df7ddff82f7cc735c871dc519838cb235bb,cxa0af3165c08318e988cb30993b3048335b94af6c,hxd75467e3e4ce64e3424c747dfb71503017440433,0x25563b5c6c1bf0f58,0x4e85cf128424c4d3a83e526ee1d4febc77f403cd7748fb883983ec93bfa600c3,1,94209935,43.04644952859601,1741100671727374,Balanced Dollar,0.05694565,bnUSD,0,1,2025-03-04
cx4297f4b63262507623b6ad575d0d8dd2db980e4e,hxd75467e3e4ce64e3424c747dfb71503017440433,cxa0af3165c08318e988cb30993b3048335b94af6c,0x3782dace9d900000,0x4e85cf128424c4d3a83e526ee1d4febc77f403cd7748fb883983ec93bfa600c3,0,94209935,4.0,1741100671727374,Injective,0.05694565,INJ,0,1,2025-03-04
cx88fd7df7ddff82f7cc735c871dc519838cb235bb,cxa0af3165c08318e988cb30993b3048335b94af6c,cx5faae53c4dbd1fbe4a2eb4aab6565030f10da5c6,0xe6245b3773c3bc,0xe4ec12968d488dd2983d5bbd437814b7c40eb76e023dd03bd8aa78e663ddf739,2,94209925,0.06477921883440838,1741100651918752,Balanced Dollar,0.05694565,bnUSD,0,1,2025-03-04
cx88fd7df7ddff82f7cc735c871dc519838cb235bb,cxa0af3165c08318e988cb30993b3048335b94af6c,hxd75467e3e4ce64e3424c747dfb71503017440433,0x255abd0c0e19388ab,0xe4ec12968d488dd2983d5bbd437814b7c40eb76e023dd03bd8aa78e663ddf739,1,94209925,43.06674538849734,1741100651918752,Balanced Dollar,0.05694565,bnUSD,0,1,2025-03-04
cx4297f4b63262507623b6ad575d0d8dd2db980e4e,hxd75467e3e4ce64e3424c747dfb71503017440433,cxa0af3165c08318e988cb30993b3048335b94af6c,0x3782dace9d900000,0xe4ec12968d488dd2983d5bbd437814b7c40eb76e023dd03bd8aa78e663ddf739,0,94209925,4.0,1741100651918752,Injective,0.05694565,INJ,0,1,2025-03-04
cx88fd7df7ddff82f7cc735c871dc519838cb235bb,cxa0af3165c08318e988cb30993b3048335b94af6c,cx5faae53c4dbd1fbe4a2eb4aab6565030f10da5c6,0xda9603b409cdf3,0x7b2ff8e9279304b432e13aa4bace46e99647272153d3928fc226cd58974afc8b,2,94209919,0.06152648757253272,1741100639866715,Balanced Dollar,0.0473681375,bnUSD,0,1,2025-03-04
cx88fd7df7ddff82f7cc735c871dc519838cb235bb,cxa0af3165c08318e988cb30993b3048335b94af6c,hxd75467e3e4ce64e3424c747dfb71503017440433,0x237ad8874ef60432a,0x7b2ff8e9279304b432e13aa4bace46e99647272153d3928fc226cd58974afc8b,1,94209919,40.90550102628973,1741100639866715,Balanced Dollar,0.0473681375,bnUSD,0,1,2025-03-04
cx65c9e3d4fea842e00add0d32a5b4c5e4e04c7a6b,hxd75467e3e4ce64e3424c747dfb71503017440433,cxa0af3165c08318e988cb30993b3048335b94af6c,0x11e1a300,0x7b2ff8e9279304b432e13aa4bace46e99647272153d3928fc226cd58974afc8b,0,94209919,0.3,1741100639866715,Solana,0.0473681375,SOL,0,1,2025-03-04
cx88fd7df7ddff82f7cc735c871dc519838cb235bb,cxa0af3165c08318e988cb30993b3048335b94af6c,cx5faae53c4dbd1fbe4a2eb4aab6565030f10da5c6,0xe640234e1cb762,0x1250e8814fe610c8162df9a9b96c21698fa1832b57509413431bb09ac5238398,2,94209914,0.06480976502198871,1741100629878806,Balanced Dollar,0.05694565,bnUSD,0,1,2025-03-04
cx88fd7df7ddff82f7cc735c871dc519838cb235bb,cxa0af3165c08318e988cb30993b3048335b94af6c,hxd75467e3e4ce64e3424c747dfb71503017440433,0x255f3f8caa660e798,0x1250e8814fe610c8162df9a9b96c21698fa1832b57509413431bb09ac5238398,1,94209914,43.08705560924212,1741100629878806,Balanced Dollar,0.05694565,bnUSD,0,1,2025-03-04
cx4297f4b63262507623b6ad575d0d8dd2db980e4e,hxd75467e3e4ce64e3424c747dfb71503017440433,cxa0af3165c08318e988cb30993b3048335b94af6c,0x3782dace9d900000,0x1250e8814fe610c8162df9a9b96c21698fa1832b57509413431bb09ac5238398,0,94209914,4.0,1741100629878806,Injective,0.05694565,INJ,0,1,2025-03-04
cx88fd7df7ddff82f7cc735c871dc519838cb235bb,cx21e94c08c03daee80c25d8ee3ea22a20786ec231,hx970eda4988e547df0de8324226fdf3e8ebc9734f,0x2d5081758fc76b7277,0xbc09c544e6ef2c9761dbfa03b479405e90748ab277e0f4b31c49d9b4ac4c42c7,5,94209902,835.9045303723462,1741100605698725,Balanced Dollar,0.08603035,bnUSD,0,1,2025-03-04
cx88fd7df7ddff82f7cc735c871dc519838cb235bb,cxa0af3165c08318e988cb30993b3048335b94af6c,cx5faae53c4dbd1fbe4a2eb4aab6565030f10da5c6,0x116d413a5278b5cf,0xbc09c544e6ef2c9761dbfa03b479405e90748ab277e0f4b31c49d9b4ac4c42c7,3,94209902,1.2557315898537875,1741100605698725,Balanced Dollar,0.08603035,bnUSD,0,1,2025-03-04
cx88fd7df7ddff82f7cc735c871dc519838cb235bb,cxa0af3165c08318e988cb30993b3048335b94af6c,cx21e94c08c03daee80c25d8ee3ea22a20786ec231,0x2d5081758fc76b7277,0xbc09c544e6ef2c9761dbfa03b479405e90748ab277e0f4b31c49d9b4ac4c42c7,2,94209902,835.9045303723462,1741100605698725,Balanced Dollar,0.08603035,bnUSD,0,1,2025-03-04
cx07b184a37f03c6ab681fcbd0b45aec6dc3eafbeb,cx21e94c08c03daee80c25d8ee3ea22a20786ec231,cxa0af3165c08318e988cb30993b3048335b94af6c,0x2386f26fc10000,0xbc09c544e6ef2c9761dbfa03b479405e90748ab277e0f4b31c49d9b4ac4c42c7,1,94209902,0.01,1741100605698725,Bitcoin,0.08603035,BTC,0,1,2025-03-04
cx07b184a37f03c6ab681fcbd0b45aec6dc3eafbeb,hx970eda4988e547df0de8324226fdf3e8ebc9734f,cx21e94c08c03daee80c25d8ee3ea22a20786ec231,0x2386f26fc10000,0xbc09c544e6ef2c9761dbfa03b479405e90748ab277e0f4b31c49d9b4ac4c42c7,0,94209902,0.01,1741100605698725,Bitcoin,0.08603035,BTC,0,1,2025-03-04
cx88fd7df7ddff82f7cc735c871dc519838cb235bb,cxa0af3165c08318e988cb30993b3048335b94af6c,cx5faae53c4dbd1fbe4a2eb4aab6565030f10da5c6,0xe65bf06d33bb89,0x2cd81e3ea58e20c1a8d80731478987e4c8f0603010f059686d3a75134712c2ca,2,94209900,0.06484033282583643,1741100601920563,Balanced Dollar,0.05694565,bnUSD,0,1,2025-03-04
cx88fd7df7ddff82f7cc735c871dc519838cb235bb,cxa0af3165c08318e988cb30993b3048335b94af6c,hxd75467e3e4ce64e3424c747dfb71503017440433,0x2563c2de737ff8372,0x2cd81e3ea58e20c1a8d80731478987e4c8f0603010f059686d3a75134712c2ca,1,94209900,43.10738020438373,1741100601920563,Balanced Dollar,0.05694565,bnUSD,0,1,2025-03-04
cx4297f4b63262507623b6ad575d0d8dd2db980e4e,hxd75467e3e4ce64e3424c747dfb71503017440433,cxa0af3165c08318e988cb30993b3048335b94af6c,0x3782dace9d900000,0x2cd81e3ea58e20c1a8d80731478987e4c8f0603010f059686d3a75134712c2ca,0,94209900,4.0,1741100601920563,Injective,0.05694565,INJ,0,1,2025-03-04
cxf61cd5a45dc9f91c15aa65831a30a90d59a09619,cx9345f80d6c98357ccbb70392b14162199c2c5f66,cxd82fb5d3effecd8c9071a4bba3856ad7222c4b91,0x1b25afae5e9b150,0xff84246459d1fb9ec690eda5f7ae9a9ecf4034f993d3aac1fe70682ee7cc0e1e,4,94209899,0.12226017353804629,1741100599663074,Balance Token,0.130234425,BALN,0,1,2025-03-04
cx2609b924e33ef00b648a409245c7ea394c467824,cx9345f80d6c98357ccbb70392b14162199c2c5f66,cxd82fb5d3effecd8c9071a4bba3856ad7222c4b91,0x1ddca95e118504d5,0xff84246459d1fb9ec690eda5f7ae9a9ecf4034f993d3aac1fe70682ee7cc0e1e,3,94209899,2.151780943462205,1741100599663074,Staked ICX,0.130234425,sICX,0,1,2025-03-04
cx88fd7df7ddff82f7cc735c871dc519838cb235bb,hx0000000000000000000000000000000000000000,cx5faae53c4dbd1fbe4a2eb4aab6565030f10da5c6,0x0,0xff84246459d1fb9ec690eda5f7ae9a9ecf4034f993d3aac1fe70682ee7cc0e1e,2,94209899,0.0,1741100599663074,Balanced Dollar,0.130234425,bnUSD,0,1,2025-03-04
cx88fd7df7ddff82f7cc735c871dc519838cb235bb,hx0000000000000000000000000000000000000000,cxd82fb5d3effecd8c9071a4bba3856ad7222c4b91,0x4c6706d161e4a28,0xff84246459d1fb9ec690eda5f7ae9a9ecf4034f993d3aac1fe70682ee7cc0e1e,1,94209899,0.3440860353652516,1741100599663074,Balanced Dollar,0.130234425,bnUSD,0,1,2025-03-04
cx88fd7df7ddff82f7cc735c871dc519838cb235bb,hx2795b422d55c51caa27f5c6397561e73d73e8bff,cxd82fb5d3effecd8c9071a4bba3856ad7222c4b91,0xec6787d4301418000,0xff84246459d1fb9ec690eda5f7ae9a9ecf4034f993d3aac1fe70682ee7cc0e1e,0,94209899,272.55573537538606,1741100599663074,Balanced Dollar,0.130234425,bnUSD,0,1,2025-03-04
cx88fd7df7ddff82f7cc735c871dc519838cb235bb,cx21e94c08c03daee80c25d8ee3ea22a20786ec231,hx2debd9ec927cca1639da8d3518dd9dbf1cdfb357,0x155ab23063fafa1a5e,0xd12b4a552b1e36b11edb5984fa3d01781da530aa33bc4f846e9601e4478a43b3,5,94209898,393.91696476313916,1741100597710914,Balanced Dollar,0.08831455,bnUSD,0,1,2025-03-04
cx88fd7df7ddff82f7cc735c871dc519838cb235bb,cxa0af3165c08318e988cb30993b3048335b94af6c,cx5faae53c4dbd1fbe4a2eb4aab6565030f10da5c6,0x83618b9de1ced06,0xd12b4a552b1e36b11edb5984fa3d01781da530aa33bc4f846e9601e4478a43b3,3,94209898,0.591687587620253,1741100597710914,Balanced Dollar,0.08831455,bnUSD,0,1,2025-03-04
cx88fd7df7ddff82f7cc735c871dc519838cb235bb,cxa0af3165c08318e988cb30993b3048335b94af6c,cx21e94c08c03daee80c25d8ee3ea22a20786ec231,0x155ab23063fafa1a5e,0xd12b4a552b1e36b11edb5984fa3d01781da530aa33bc4f846e9601e4478a43b3,2,94209898,393.91696476313916,1741100597710914,Balanced Dollar,0.08831455,bnUSD,0,1,2025-03-04
cx66a031cc3bd305c76371fb586e93801b948254f0,cx21e94c08c03daee80c25d8ee3ea22a20786ec231,cxa0af3165c08318e988cb30993b3048335b94af6c,0x1158e460913d00000,0xd12b4a552b1e36b11edb5984fa3d01781da530aa33bc4f846e9601e4478a43b3,1,94209898,20.0,1741100597710914,Avalanche,0.08831455,AVAX,0,1,2025-03-04
cx66a031cc3bd305c76371fb586e93801b948254f0,hx2debd9ec927cca1639da8d3518dd9dbf1cdfb357,cx21e94c08c03daee80c25d8ee3ea22a20786ec231,0x1158e460913d00000,0xd12b4a552b1e36b11edb5984fa3d01781da530aa33bc4f846e9601e4478a43b3,0,94209898,20.0,1741100597710914,Avalanche,0.08831455,AVAX,0,1,2025-03-04
cx88fd7df7ddff82f7cc735c871dc519838cb235bb,cxa0af3165c08318e988cb30993b3048335b94af6c,cx5faae53c4dbd1fbe4a2eb4aab6565030f10da5c6,0x5b204f0617bae6b,0x6c3078a70a21040454b4df35baad43a7523837cf76c3757223c3a8623c45fe42,2,94209896,0.41039594651829414,1741100593705299,Balanced Dollar,0.0473430125,bnUSD,0,1,2025-03-04
cx88fd7df7ddff82f7cc735c871dc519838cb235bb,cxa0af3165c08318e988cb30993b3048335b94af6c,hx2795b422d55c51caa27f5c6397561e73d73e8bff,0xed0453502a4d54a4c,0x6c3078a70a21040454b4df35baad43a7523837cf76c3757223c3a8623c45fe42,1,94209896,273.26187665068744,1741100593705299,Balanced Dollar,0.0473430125,bnUSD,0,1,2025-03-04
cx65c9e3d4fea842e00add0d32a5b4c5e4e04c7a6b,hx2795b422d55c51caa27f5c6397561e73d73e8bff,cxa0af3165c08318e988cb30993b3048335b94af6c,0x77359400,0x6c3078a70a21040454b4df35baad43a7523837cf76c3757223c3a8623c45fe42,0,94209896,2.0,1741100593705299,Solana,0.0473430125,SOL,0,1,2025-03-04
cx88fd7df7ddff82f7cc735c871dc519838cb235bb,cxa0af3165c08318e988cb30993b3048335b94af6c,cx5faae53c4dbd1fbe4a2eb4aab6565030f10da5c6,0xe677c295f0247f,0x5ada33ff662ba11ad1d08278b4adf262daa1a32862536f10405f820db76a63da,2,94209891,0.06487092226635481,1741100583704163,Balanced Dollar,0.05694565,bnUSD,0,1,2025-03-04
cx88fd7df7ddff82f7cc735c871dc519838cb235bb,cxa0af3165c08318e988cb30993b3048335b94af6c,hxd75467e3e4ce64e3424c747dfb71503017440433,0x256847019bf3bc0b4,0x5ada33ff662ba11ad1d08278b4adf262daa1a32862536f10405f820db76a63da,1,94209891,43.12771918749157,1741100583704163,Balanced Dollar,0.05694565,bnUSD,0,1,2025-03-04
cx4297f4b63262507623b6ad575d0d8dd2db980e4e,hxd75467e3e4ce64e3424c747dfb71503017440433,cxa0af3165c08318e988cb30993b3048335b94af6c,0x3782dace9d900000,0x5ada33ff662ba11ad1d08278b4adf262daa1a32862536f10405f820db76a63da,0,94209891,4.0,1741100583704163,Injective,0.05694565,INJ,0,1,2025-03-04
cx88fd7df7ddff82f7cc735c871dc519838cb235bb,cxa0af3165c08318e988cb30993b3048335b94af6c,cx5faae53c4dbd1fbe4a2eb4aab6565030f10da5c6,0xdb7b168404e7d6,0xeb048ed38c882ec62b4b5241008fc11be932780b764347aac587f0bb67bb3e6f,2,94209887,0.06177835653404463,1741100575882254,Balanced Dollar,0.0473681375,bnUSD,0,1,2025-03-04
cx88fd7df7ddff82f7cc735c871dc519838cb235bb,cxa0af3165c08318e988cb30993b3048335b94af6c,hxd75467e3e4ce64e3424c747dfb71503017440433,0x23a0086e641fc58f8,0xeb048ed38c882ec62b4b5241008fc11be932780b764347aac587f0bb67bb3e6f,1,94209887,41.07297692512658,1741100575882254,Balanced Dollar,0.0473681375,bnUSD,0,1,2025-03-04
cx65c9e3d4fea842e00add0d32a5b4c5e4e04c7a6b,hxd75467e3e4ce64e3424c747dfb71503017440433,cxa0af3165c08318e988cb30993b3048335b94af6c,0x11e1a300,0xeb048ed38c882ec62b4b5241008fc11be932780b764347aac587f0bb67bb3e6f,0,94209887,0.3,1741100575882254,Solana,0.0473681375,SOL,0,1,2025-03-04
cx88fd7df7ddff82f7cc735c871dc519838cb235bb,cxa0af3165c08318e988cb30993b3048335b94af6c,cx5faae53c4dbd1fbe4a2eb4aab6565030f10da5c6,0xe69399c989a4a2,0xd673b7b039ffaa43e35371cf3790991cc599e2e14bc8edb84feaef6002a38eca,2,94209878,0.06490153336397124,1741100557691565,Balanced Dollar,0.05694565,bnUSD,0,1,2025-03-04
cx88fd7df7ddff82f7cc735c871dc519838cb235bb,cxa0af3165c08318e988cb30993b3048335b94af6c,hxd75467e3e4ce64e3424c747dfb71503017440433,0x256ccbf6565d6697d,0xd673b7b039ffaa43e35371cf3790991cc599e2e14bc8edb84feaef6002a38eca,1,94209878,43.14807257215103,1741100557691565,Balanced Dollar,0.05694565,bnUSD,0,1,2025-03-04
cx4297f4b63262507623b6ad575d0d8dd2db980e4e,hxd75467e3e4ce64e3424c747dfb71503017440433,cxa0af3165c08318e988cb30993b3048335b94af6c,0x3782dace9d900000,0xd673b7b039ffaa43e35371cf3790991cc599e2e14bc8edb84feaef6002a38eca,0,94209878,4.0,1741100557691565,Injective,0.05694565,INJ,0,1,2025-03-04
cx88fd7df7ddff82f7cc735c871dc519838cb235bb,cxa0af3165c08318e988cb30993b3048335b94af6c,cx5faae53c4dbd1fbe4a2eb4aab6565030f10da5c6,0xe6af7609384c84,0x7b8dcb889f09e606885774a93e271be094ea80fd8f794050994e78326db6e3e4,2,94209872,0.06493216613913716,1741100545894892,Balanced Dollar,0.05694565,bnUSD,0,1,2025-03-04
cx88fd7df7ddff82f7cc735c871dc519838cb235bb,cxa0af3165c08318e988cb30993b3048335b94af6c,hxd75467e3e4ce64e3424c747dfb71503017440433,0x257151bcd56850633,0x7b8dcb889f09e606885774a93e271be094ea80fd8f794050994e78326db6e3e4,1,94209872,43.16844037196356,1741100545894892,Balanced Dollar,0.05694565,bnUSD,0,1,2025-03-04
cx4297f4b63262507623b6ad575d0d8dd2db980e4e,hxd75467e3e4ce64e3424c747dfb71503017440433,cxa0af3165c08318e988cb30993b3048335b94af6c,0x3782dace9d900000,0x7b8dcb889f09e606885774a93e271be094ea80fd8f794050994e78326db6e3e4,0,94209872,4.0,1741100545894892,Injective,0.05694565,INJ,0,1,2025-03-04
cx88fd7df7ddff82f7cc735c871dc519838cb235bb,cxa0af3165c08318e988cb30993b3048335b94af6c,cx5faae53c4dbd1fbe4a2eb4aab6565030f10da5c6,0xe6cb5756348b09,0x18a3e7e5e038c1b3182c7a7007600c2a15b95c720f5f94f0a9b62b61a007618b,2,94209851,0.0649628206123282,1741100503677308,Balanced Dollar,0.05694565,bnUSD,0,1,2025-03-04
cx88fd7df7ddff82f7cc735c871dc519838cb235bb,cxa0af3165c08318e988cb30993b3048335b94af6c,hxd75467e3e4ce64e3424c747dfb71503017440433,0x2575d8554bcf23655,0x18a3e7e5e038c1b3182c7a7007600c2a15b95c720f5f94f0a9b62b61a007618b,1,94209851,43.188822600546665,1741100503677308,Balanced Dollar,0.05694565,bnUSD,0,1,2025-03-04
cx4297f4b63262507623b6ad575d0d8dd2db980e4e,hxd75467e3e4ce64e3424c747dfb71503017440433,cxa0af3165c08318e988cb30993b3048335b94af6c,0x3782dace9d900000,0x18a3e7e5e038c1b3182c7a7007600c2a15b95c720f5f94f0a9b62b61a007618b,0,94209851,4.0,1741100503677308,Injective,0.05694565,INJ,0,1,2025-03-04
cx88fd7df7ddff82f7cc735c871dc519838cb235bb,cxa0af3165c08318e988cb30993b3048335b94af6c,cx5faae53c4dbd1fbe4a2eb4aab6565030f10da5c6,0xe6e73db1b72d90,0x723b43534a7cb768a4064d136b486427a22fa9dc168d54e3238f64d2d23c7b0a,2,94209827,0.06499349680404418,1741100455651009,Balanced Dollar,0.05694565,bnUSD,0,1,2025-03-04
cx88fd7df7ddff82f7cc735c871dc519838cb235bb,cxa0af3165c08318e988cb30993b3048335b94af6c,hxd75467e3e4ce64e3424c747dfb71503017440433,0x257a5fbfec5be0964,0x723b43534a7cb768a4064d136b486427a22fa9dc168d54e3238f64d2d23c7b0a,1,94209827,43.209219271533925,1741100455651009,Balanced Dollar,0.05694565,bnUSD,0,1,2025-03-04
cx4297f4b63262507623b6ad575d0d8dd2db980e4e,hxd75467e3e4ce64e3424c747dfb71503017440433,cxa0af3165c08318e988cb30993b3048335b94af6c,0x3782dace9d900000,0x723b43534a7cb768a4064d136b486427a22fa9dc168d54e3238f64d2d23c7b0a,0,94209827,4.0,1741100455651009,Injective,0.05694565,INJ,0,1,2025-03-04
cx88fd7df7ddff82f7cc735c871dc519838cb235bb,hx2795b422d55c51caa27f5c6397561e73d73e8bff,cxd82fb5d3effecd8c9071a4bba3856ad7222c4b91,0x1c23c14c76793b0000,0x16bd6228a4918036faa2d0d27d7efa4d3d0ce2f6464b72d6d5633a22e2163205,0,94209826,519.0852585974238,1741100453635762,Balanced Dollar,0.0518103,bnUSD,0,2,2025-03-04
cxf61cd5a45dc9f91c15aa65831a30a90d59a09619,cx9345f80d6c98357ccbb70392b14162199c2c5f66,cxd82fb5d3effecd8c9071a4bba3856ad7222c4b91,0x11d9a81e7d5470,0x016c65b2f3a905a73a80364789ba5f2fb72003e2e9b9642042f462bc335a97ec,4,94209826,0.005024390693344368,1741100453635762,Balance Token,0.1302148625,BALN,0,1,2025-03-04
cx2609b924e33ef00b648a409245c7ea394c467824,cx9345f80d6c98357ccbb70392b14162199c2c5f66,cxd82fb5d3effecd8c9071a4bba3856ad7222c4b91,0x13a2a075f67a887,0x016c65b2f3a905a73a80364789ba5f2fb72003e2e9b9642042f462bc335a97ec,3,94209826,0.08842935384091252,1741100453635762,Staked ICX,0.1302148625,sICX,0,1,2025-03-04
cx88fd7df7ddff82f7cc735c871dc519838cb235bb,hx0000000000000000000000000000000000000000,cx5faae53c4dbd1fbe4a2eb4aab6565030f10da5c6,0x0,0x016c65b2f3a905a73a80364789ba5f2fb72003e2e9b9642042f462bc335a97ec,2,94209826,0.0,1741100453635762,Balanced Dollar,0.1302148625,bnUSD,0,1,2025-03-04
cx88fd7df7ddff82f7cc735c871dc519838cb235bb,hx0000000000000000000000000000000000000000,cxd82fb5d3effecd8c9071a4bba3856ad7222c4b91,0x324bc9c3ae141b,0x016c65b2f3a905a73a80364789ba5f2fb72003e2e9b9642042f462bc335a97ec,1,94209826,0.014157078779008027,1741100453635762,Balanced Dollar,0.1302148625,bnUSD,0,1,2025-03-04
cx88fd7df7ddff82f7cc735c871dc519838cb235bb,hx2795b422d55c51caa27f5c6397561e73d73e8bff,cxd82fb5d3effecd8c9071a4bba3856ad7222c4b91,0xbb2e60abbf9130000,0x016c65b2f3a905a73a80364789ba5f2fb72003e2e9b9642042f462bc335a97ec,0,94209826,215.80518759665364,1741100453635762,Balanced Dollar,0.1302148625,bnUSD,0,1,2025-03-04
cx88fd7df7ddff82f7cc735c871dc519838cb235bb,cxa0af3165c08318e988cb30993b3048335b94af6c,cx5faae53c4dbd1fbe4a2eb4aab6565030f10da5c6,0xada52b7e09ab6cd,0x7ce0ea29f5db0c1f0fedb59af839bd6f0641f36c87ab43adbc9692616b7c373c,2,94209823,0.7820284350029308,1741100447627613,Balanced Dollar,0.0569629625,bnUSD,0,2,2025-03-04
cx88fd7df7ddff82f7cc735c871dc519838cb235bb,cxa0af3165c08318e988cb30993b3048335b94af6c,hx2795b422d55c51caa27f5c6397561e73d73e8bff,0x1c3604377e247339f3,0x7ce0ea29f5db0c1f0fedb59af839bd6f0641f36c87ab43adbc9692616b7c373c,1,94209823,520.4011310567394,1741100447627613,Balanced Dollar,0.0569629625,bnUSD,0,2,2025-03-04
cx288d13e1b63563459a2ac6179f237711f6851cb5,hx2795b422d55c51caa27f5c6397561e73d73e8bff,cxa0af3165c08318e988cb30993b3048335b94af6c,0x3782dace9d90000,0x7ce0ea29f5db0c1f0fedb59af839bd6f0641f36c87ab43adbc9692616b7c373c,0,94209823,0.25,1741100447627613,Ethereum,0.0569629625,ETH,0,2,2025-03-04
cxf61cd5a45dc9f91c15aa65831a30a90d59a09619,cx9345f80d6c98357ccbb70392b14162199c2c5f66,cxd82fb5d3effecd8c9071a4bba3856ad7222c4b91,0x11d9a81e7d5470,0x23b5b4eb0653f2d13fcefcb179ea9999af14da111235c23d27032d5a99043e5d,4,94209823,0.005024390693344368,1741100447627613,Balance Token,0.1302148625,BALN,0,1,2025-03-04
cx2609b924e33ef00b648a409245c7ea394c467824,cx9345f80d6c98357ccbb70392b14162199c2c5f66,cxd82fb5d3effecd8c9071a4bba3856ad7222c4b91,0x13a2a075f67a887,0x23b5b4eb0653f2d13fcefcb179ea9999af14da111235c23d27032d5a99043e5d,3,94209823,0.08842935384091252,1741100447627613,Staked ICX,0.1302148625,sICX,0,1,2025-03-04
cx88fd7df7ddff82f7cc735c871dc519838cb235bb,hx0000000000000000000000000000000000000000,cx5faae53c4dbd1fbe4a2eb4aab6565030f10da5c6,0x0,0x23b5b4eb0653f2d13fcefcb179ea9999af14da111235c23d27032d5a99043e5d,2,94209823,0.0,1741100447627613,Balanced Dollar,0.1302148625,bnUSD,0,1,2025-03-04
cx88fd7df7ddff82f7cc735c871dc519838cb235bb,hx0000000000000000000000000000000000000000,cxd82fb5d3effecd8c9071a4bba3856ad7222c4b91,0x30e5217f02e824,0x23b5b4eb0653f2d13fcefcb179ea9999af14da111235c23d27032d5a99043e5d,1,94209823,0.013762730909689892,1741100447627613,Balanced Dollar,0.1302148625,bnUSD,0,1,2025-03-04
cx88fd7df7ddff82f7cc735c871dc519838cb235bb,hx2795b422d55c51caa27f5c6397561e73d73e8bff,cxd82fb5d3effecd8c9071a4bba3856ad7222c4b91,0xed829784117180000,0x23b5b4eb0653f2d13fcefcb179ea9999af14da111235c23d27032d5a99043e5d,0,94209823,273.8305300391269,1741100447627613,Balanced Dollar,0.1302148625,bnUSD,0,1,2025-03-04
cx88fd7df7ddff82f7cc735c871dc519838cb235bb,cxa0af3165c08318e988cb30993b3048335b94af6c,cx5faae53c4dbd1fbe4a2eb4aab6565030f10da5c6,0xdb99121ec33fa8,0x5dcb505c55acb75a766034ee69bbd049162681afc4ec2c527690dc24fc680076,2,94209822,0.06181132300420702,1741100445830386,Balanced Dollar,0.0473681375,bnUSD,0,1,2025-03-04
cx88fd7df7ddff82f7cc735c871dc519838cb235bb,cxa0af3165c08318e988cb30993b3048335b94af6c,hxd75467e3e4ce64e3424c747dfb71503017440433,0x23a4e6778b8cc4c92,0x5dcb505c55acb75a766034ee69bbd049162681afc4ec2c527690dc24fc680076,1,94209822,41.094897417996485,1741100445830386,Balanced Dollar,0.0473681375,bnUSD,0,1,2025-03-04
cx65c9e3d4fea842e00add0d32a5b4c5e4e04c7a6b,hxd75467e3e4ce64e3424c747dfb71503017440433,cxa0af3165c08318e988cb30993b3048335b94af6c,0x11e1a300,0x5dcb505c55acb75a766034ee69bbd049162681afc4ec2c527690dc24fc680076,0,94209822,0.3,1741100445830386,Solana,0.0473681375,SOL,0,1,2025-03-04
cx88fd7df7ddff82f7cc735c871dc519838cb235bb,cx21e94c08c03daee80c25d8ee3ea22a20786ec231,hx2debd9ec927cca1639da8d3518dd9dbf1cdfb357,0xf66d0ffb9046ce124,0xa14f37009da996d2af7a31664864ccb0f6d91b4ea133758f6b777eada7400148,5,94209821,284.10986366277604,1741100443629436,Balanced Dollar,0.1126979125,bnUSD,0,2,2025-03-04
cx88fd7df7ddff82f7cc735c871dc519838cb235bb,cxa0af3165c08318e988cb30993b3048335b94af6c,cx5faae53c4dbd1fbe4a2eb4aab6565030f10da5c6,0x5ee187e5d7cdd05,0xa14f37009da996d2af7a31664864ccb0f6d91b4ea133758f6b777eada7400148,3,94209821,0.42730594566018587,1741100443629436,Balanced Dollar,0.1126979125,bnUSD,0,2,2025-03-04
cx88fd7df7ddff82f7cc735c871dc519838cb235bb,cxa0af3165c08318e988cb30993b3048335b94af6c,cx21e94c08c03daee80c25d8ee3ea22a20786ec231,0xf66d0ffb9046ce124,0xa14f37009da996d2af7a31664864ccb0f6d91b4ea133758f6b777eada7400148,2,94209821,284.10986366277604,1741100443629436,Balanced Dollar,0.1126979125,bnUSD,0,2,2025-03-04
cx2609b924e33ef00b648a409245c7ea394c467824,cx21e94c08c03daee80c25d8ee3ea22a20786ec231,cxa0af3165c08318e988cb30993b3048335b94af6c,0x6c6b935b8bbd400000,0xa14f37009da996d2af7a31664864ccb0f6d91b4ea133758f6b777eada7400148,1,94209821,2000.0,1741100443629436,Staked ICX,0.1126979125,sICX,0,2,2025-03-04
cx2609b924e33ef00b648a409245c7ea394c467824,hx2debd9ec927cca1639da8d3518dd9dbf1cdfb357,cx21e94c08c03daee80c25d8ee3ea22a20786ec231,0x6c6b935b8bbd400000,0xa14f37009da996d2af7a31664864ccb0f6d91b4ea133758f6b777eada7400148,0,94209821,2000.0,1741100443629436,Staked ICX,0.1126979125,sICX,0,2,2025-03-04
cx88fd7df7ddff82f7cc735c871dc519838cb235bb,cxa0af3165c08318e988cb30993b3048335b94af6c,cx5faae53c4dbd1fbe4a2eb4aab6565030f10da5c6,0x4831038e5551a82,0x0103bc295dabe43c3955779f82f29fbb29cc37cf760359d377a643d6770ec323,2,94209821,0.3251214346525805,1741100443629436,Balanced Dollar,0.056929525,bnUSD,0,1,2025-03-04
cx88fd7df7ddff82f7cc735c871dc519838cb235bb,cxa0af3165c08318e988cb30993b3048335b94af6c,hx2795b422d55c51caa27f5c6397561e73d73e8bff,0xbba804f1a99d60993,0x0103bc295dabe43c3955779f82f29fbb29cc37cf760359d377a643d6770ec323,1,94209821,216.3530130745473,1741100443629436,Balanced Dollar,0.056929525,bnUSD,0,1,2025-03-04
cx4297f4b63262507623b6ad575d0d8dd2db980e4e,hx2795b422d55c51caa27f5c6397561e73d73e8bff,cxa0af3165c08318e988cb30993b3048335b94af6c,0x1158e460913d00000,0x0103bc295dabe43c3955779f82f29fbb29cc37cf760359d377a643d6770ec323,0,94209821,20.0,1741100443629436,Injective,0.056929525,INJ,0,1,2025-03-04
cxf61cd5a45dc9f91c15aa65831a30a90d59a09619,cx9345f80d6c98357ccbb70392b14162199c2c5f66,cxd82fb5d3effecd8c9071a4bba3856ad7222c4b91,0x11d9a81e7d5470,0xa454a50f5c659de0863b3661f6a5769bc821115b5636662b4e5400334133f5ae,4,94209820,0.005024390693344368,1741100441786822,Balance Token,0.1302148625,BALN,0,1,2025-03-04
cx2609b924e33ef00b648a409245c7ea394c467824,cx9345f80d6c98357ccbb70392b14162199c2c5f66,cxd82fb5d3effecd8c9071a4bba3856ad7222c4b91,0x13a2a075f67a887,0xa454a50f5c659de0863b3661f6a5769bc821115b5636662b4e5400334133f5ae,3,94209820,0.08842935384091252,1741100441786822,Staked ICX,0.1302148625,sICX,0,1,2025-03-04
cx88fd7df7ddff82f7cc735c871dc519838cb235bb,hx0000000000000000000000000000000000000000,cx5faae53c4dbd1fbe4a2eb4aab6565030f10da5c6,0x0,0xa454a50f5c659de0863b3661f6a5769bc821115b5636662b4e5400334133f5ae,2,94209820,0.0,1741100441786822,Balanced Dollar,0.1302148625,bnUSD,0,1,2025-03-04
cx88fd7df7ddff82f7cc735c871dc519838cb235bb,hx0000000000000000000000000000000000000000,cxd82fb5d3effecd8c9071a4bba3856ad7222c4b91,0x31e859220fbbf5,0xa454a50f5c659de0863b3661f6a5769bc821115b5636662b4e5400334133f5ae,1,94209820,0.014047743380012022,1741100441786822,Balanced Dollar,0.1302148625,bnUSD,0,1,2025-03-04
cx88fd7df7ddff82f7cc735c871dc519838cb235bb,hx2795b422d55c51caa27f5c6397561e73d73e8bff,cxd82fb5d3effecd8c9071a4bba3856ad7222c4b91,0xbb9ec37a64d848000,0xa454a50f5c659de0863b3661f6a5769bc821115b5636662b4e5400334133f5ae,0,94209820,216.31132898973007,1741100441786822,Balanced Dollar,0.1302148625,bnUSD,0,1,2025-03-04
cx88fd7df7ddff82f7cc735c871dc519838cb235bb,cxa0af3165c08318e988cb30993b3048335b94af6c,cx5faae53c4dbd1fbe4a2eb4aab6565030f10da5c6,0x5b8c55e60de9ac3,0x36f5871ce5d6ae3597a51641389a6154958db8143ef3523f244bf73af3f8b8a4,2,94209818,0.4122963750471994,1741100437654335,Balanced Dollar,0.047344325,bnUSD,0,1,2025-03-04
cx88fd7df7ddff82f7cc735c871dc519838cb235bb,cxa0af3165c08318e988cb30993b3048335b94af6c,hx2795b422d55c51caa27f5c6397561e73d73e8bff,0xee1d8d30ad050f714,0x36f5871ce5d6ae3597a51641389a6154958db8143ef3523f244bf73af3f8b8a4,1,94209818,274.5284063288351,1741100437654335,Balanced Dollar,0.047344325,bnUSD,0,1,2025-03-04
cx65c9e3d4fea842e00add0d32a5b4c5e4e04c7a6b,hx2795b422d55c51caa27f5c6397561e73d73e8bff,cxa0af3165c08318e988cb30993b3048335b94af6c,0x77359400,0x36f5871ce5d6ae3597a51641389a6154958db8143ef3523f244bf73af3f8b8a4,0,94209818,2.0,1741100437654335,Solana,0.047344325,SOL,0,1,2025-03-04
cx88fd7df7ddff82f7cc735c871dc519838cb235bb,hx2795b422d55c51caa27f5c6397561e73d73e8bff,cxd82fb5d3effecd8c9071a4bba3856ad7222c4b91,0xee5a2f8d70b3c8000,0x8f7c4714434f6558766dfc55ec5a8b1ba861b186325295131efc940727fa230b,0,94209817,274.8014786153365,1741100435825074,Balanced Dollar,0.0518078,bnUSD,0,2,2025-03-04
cxf61cd5a45dc9f91c15aa65831a30a90d59a09619,cx9345f80d6c98357ccbb70392b14162199c2c5f66,cxd82fb5d3effecd8c9071a4bba3856ad7222c4b91,0x11d9a81e7d5470,0xbc9a6bd86fb69765a81b3b7f4ec261d943a75eace1a3f08c8e38253210983110,4,94209817,0.005024390693344368,1741100435825074,Balance Token,0.1302173625,BALN,0,1,2025-03-04
cx2609b924e33ef00b648a409245c7ea394c467824,cx9345f80d6c98357ccbb70392b14162199c2c5f66,cxd82fb5d3effecd8c9071a4bba3856ad7222c4b91,0x13a2a075f67a887,0xbc9a6bd86fb69765a81b3b7f4ec261d943a75eace1a3f08c8e38253210983110,3,94209817,0.08842935384091252,1741100435825074,Staked ICX,0.1302173625,sICX,0,1,2025-03-04
cx88fd7df7ddff82f7cc735c871dc519838cb235bb,hx0000000000000000000000000000000000000000,cx5faae53c4dbd1fbe4a2eb4aab6565030f10da5c6,0x0,0xbc9a6bd86fb69765a81b3b7f4ec261d943a75eace1a3f08c8e38253210983110,2,94209817,0.0,1741100435825074,Balanced Dollar,0.1302173625,bnUSD,0,1,2025-03-04
cx88fd7df7ddff82f7cc735c871dc519838cb235bb,hx0000000000000000000000000000000000000000,cxd82fb5d3effecd8c9071a4bba3856ad7222c4b91,0x3238cabc65c088,0xbc9a6bd86fb69765a81b3b7f4ec261d943a75eace1a3f08c8e38253210983110,1,94209817,0.01413619223086708,1741100435825074,Balanced Dollar,0.1302173625,bnUSD,0,1,2025-03-04
cx88fd7df7ddff82f7cc735c871dc519838cb235bb,hx2795b422d55c51caa27f5c6397561e73d73e8bff,cxd82fb5d3effecd8c9071a4bba3856ad7222c4b91,0x1c32307436e4660000,0xbc9a6bd86fb69765a81b3b7f4ec261d943a75eace1a3f08c8e38253210983110,0,94209817,520.1253523437549,1741100435825074,Balanced Dollar,0.1302173625,bnUSD,0,1,2025-03-04
cx88fd7df7ddff82f7cc735c871dc519838cb235bb,cx21e94c08c03daee80c25d8ee3ea22a20786ec231,hx2debd9ec927cca1639da8d3518dd9dbf1cdfb357,0x156c8efe78ebe51fa2,0x03448d6a488f8e7197a09a0b563d69efe84bc43910995121373b50cc232255b6,5,94209816,395.2040949459969,1741100433665297,Balanced Dollar,0.08831855,bnUSD,0,1,2025-03-04
cx88fd7df7ddff82f7cc735c871dc519838cb235bb,cxa0af3165c08318e988cb30993b3048335b94af6c,cx5faae53c4dbd1fbe4a2eb4aab6565030f10da5c6,0x83cf5a87ce66715,0x03448d6a488f8e7197a09a0b563d69efe84bc43910995121373b50cc232255b6,3,94209816,0.5936193549048482,1741100433665297,Balanced Dollar,0.08831855,bnUSD,0,1,2025-03-04
cx88fd7df7ddff82f7cc735c871dc519838cb235bb,cxa0af3165c08318e988cb30993b3048335b94af6c,cx21e94c08c03daee80c25d8ee3ea22a20786ec231,0x156c8efe78ebe51fa2,0x03448d6a488f8e7197a09a0b563d69efe84bc43910995121373b50cc232255b6,2,94209816,395.2040949459969,1741100433665297,Balanced Dollar,0.08831855,bnUSD,0,1,2025-03-04
cx66a031cc3bd305c76371fb586e93801b948254f0,cx21e94c08c03daee80c25d8ee3ea22a20786ec231,cxa0af3165c08318e988cb30993b3048335b94af6c,0x1158e460913d00000,0x03448d6a488f8e7197a09a0b563d69efe84bc43910995121373b50cc232255b6,1,94209816,20.0,1741100433665297,Avalanche,0.08831855,AVAX,0,1,2025-03-04
cx66a031cc3bd305c76371fb586e93801b948254f0,hx2debd9ec927cca1639da8d3518dd9dbf1cdfb357,cx21e94c08c03daee80c25d8ee3ea22a20786ec231,0x1158e460913d00000,0x03448d6a488f8e7197a09a0b563d69efe84bc43910995121373b50cc232255b6,0,94209816,20.0,1741100433665297,Avalanche,0.08831855,AVAX,0,1,2025-03-04
cx88fd7df7ddff82f7cc735c871dc519838cb235bb,cxa0af3165c08318e988cb30993b3048335b94af6c,cx5faae53c4dbd1fbe4a2eb4aab6565030f10da5c6,0x485cbb3444b1626,0x5d9916b5aa0c2c0126916ce8a21429de1c01a989978553641362f7b5c4000f9d,2,94209815,0.3258905188595851,1741100431716267,Balanced Dollar,0.056929525,bnUSD,0,1,2025-03-04
cx88fd7df7ddff82f7cc735c871dc519838cb235bb,cxa0af3165c08318e988cb30993b3048335b94af6c,hx2795b422d55c51caa27f5c6397561e73d73e8bff,0xbc19ba0cf3d172c2d,0x5d9916b5aa0c2c0126916ce8a21429de1c01a989978553641362f7b5c4000f9d,1,94209815,216.86510589345892,1741100431716267,Balanced Dollar,0.056929525,bnUSD,0,1,2025-03-04
cx4297f4b63262507623b6ad575d0d8dd2db980e4e,hx2795b422d55c51caa27f5c6397561e73d73e8bff,cxa0af3165c08318e988cb30993b3048335b94af6c,0x1158e460913d00000,0x5d9916b5aa0c2c0126916ce8a21429de1c01a989978553641362f7b5c4000f9d,0,94209815,20.0,1741100431716267,Injective,0.056929525,INJ,0,1,2025-03-04
cxf61cd5a45dc9f91c15aa65831a30a90d59a09619,cx9345f80d6c98357ccbb70392b14162199c2c5f66,cxd82fb5d3effecd8c9071a4bba3856ad7222c4b91,0xbe67014538da0,0x0556399e53485126c47c6ee5934e6758bff5a6f6bf941cc713c70f73048da39c,4,94209814,0.003349593795562912,1741100429825789,Balance Token,0.1302148625,BALN,0,1,2025-03-04
cx2609b924e33ef00b648a409245c7ea394c467824,cx9345f80d6c98357ccbb70392b14162199c2c5f66,cxd82fb5d3effecd8c9071a4bba3856ad7222c4b91,0xd1715a3f9a705a,0x0556399e53485126c47c6ee5934e6758bff5a6f6bf941cc713c70f73048da39c,3,94209814,0.058952902560608346,1741100429825789,Staked ICX,0.1302148625,sICX,0,1,2025-03-04
cx88fd7df7ddff82f7cc735c871dc519838cb235bb,hx0000000000000000000000000000000000000000,cx5faae53c4dbd1fbe4a2eb4aab6565030f10da5c6,0x0,0x0556399e53485126c47c6ee5934e6758bff5a6f6bf941cc713c70f73048da39c,2,94209814,0.0,1741100429825789,Balanced Dollar,0.1302148625,bnUSD,0,1,2025-03-04
cx88fd7df7ddff82f7cc735c871dc519838cb235bb,hx0000000000000000000000000000000000000000,cxd82fb5d3effecd8c9071a4bba3856ad7222c4b91,0x21d8d146bc4a44,0x0556399e53485126c47c6ee5934e6758bff5a6f6bf941cc713c70f73048da39c,1,94209814,0.009527067577961028,1741100429825789,Balanced Dollar,0.1302148625,bnUSD,0,1,2025-03-04
cx88fd7df7ddff82f7cc735c871dc519838cb235bb,hx2795b422d55c51caa27f5c6397561e73d73e8bff,cxd82fb5d3effecd8c9071a4bba3856ad7222c4b91,0xbc259d8a042dd8000,0x0556399e53485126c47c6ee5934e6758bff5a6f6bf941cc713c70f73048da39c,0,94209814,216.91864750991851,1741100429825789,Balanced Dollar,0.1302148625,bnUSD,0,1,2025-03-04
cx88fd7df7ddff82f7cc735c871dc519838cb235bb,cxa0af3165c08318e988cb30993b3048335b94af6c,cx5faae53c4dbd1fbe4a2eb4aab6565030f10da5c6,0xae0dfc36b8143a1,0x8d1625de610b8a2fb79325e43ddca515abe940665e743d982750d4ffdffd9871,2,94209812,0.7838723655777167,1741100425782579,Balanced Dollar,0.0569629625,bnUSD,0,4,2025-03-04
cx88fd7df7ddff82f7cc735c871dc519838cb235bb,cxa0af3165c08318e988cb30993b3048335b94af6c,hx2795b422d55c51caa27f5c6397561e73d73e8bff,0x1c470e216a90579cd8,0x8d1625de610b8a2fb79325e43ddca515abe940665e743d982750d4ffdffd9871,1,94209812,521.6289006318062,1741100425782579,Balanced Dollar,0.0569629625,bnUSD,0,4,2025-03-04
cx288d13e1b63563459a2ac6179f237711f6851cb5,hx2795b422d55c51caa27f5c6397561e73d73e8bff,cxa0af3165c08318e988cb30993b3048335b94af6c,0x3782dace9d90000,0x8d1625de610b8a2fb79325e43ddca515abe940665e743d982750d4ffdffd9871,0,94209812,0.25,1741100425782579,Ethereum,0.0569629625,ETH,0,4,2025-03-04
cxf61cd5a45dc9f91c15aa65831a30a90d59a09619,cx9345f80d6c98357ccbb70392b14162199c2c5f66,cxd82fb5d3effecd8c9071a4bba3856ad7222c4b91,0x534d108e48df60,0x80983929088160cd030fd96534f402b1a51785b0a7cea24d304a25a45f2972af,4,94209812,0.023447156568940385,1741100425782579,Balance Token,0.13022255,BALN,0,3,2025-03-04
cx2609b924e33ef00b648a409245c7ea394c467824,cx9345f80d6c98357ccbb70392b14162199c2c5f66,cxd82fb5d3effecd8c9071a4bba3856ad7222c4b91,0x5ba1977bd391276,0x80983929088160cd030fd96534f402b1a51785b0a7cea24d304a25a45f2972af,3,94209812,0.4126703179242584,1741100425782579,Staked ICX,0.13022255,sICX,0,3,2025-03-04
cx88fd7df7ddff82f7cc735c871dc519838cb235bb,hx0000000000000000000000000000000000000000,cx5faae53c4dbd1fbe4a2eb4aab6565030f10da5c6,0x0,0x80983929088160cd030fd96534f402b1a51785b0a7cea24d304a25a45f2972af,2,94209812,0.0,1741100425782579,Balanced Dollar,0.13022255,bnUSD,0,3,2025-03-04
cx88fd7df7ddff82f7cc735c871dc519838cb235bb,hx0000000000000000000000000000000000000000,cxd82fb5d3effecd8c9071a4bba3856ad7222c4b91,0xebcb66417bd3a4,0x80983929088160cd030fd96534f402b1a51785b0a7cea24d304a25a45f2972af,1,94209812,0.06637025957274102,1741100425782579,Balanced Dollar,0.13022255,bnUSD,0,3,2025-03-04
cx88fd7df7ddff82f7cc735c871dc519838cb235bb,hx2795b422d55c51caa27f5c6397561e73d73e8bff,cxd82fb5d3effecd8c9071a4bba3856ad7222c4b91,0x1c47d4f52492890000,0x80983929088160cd030fd96534f402b1a51785b0a7cea24d304a25a45f2972af,0,94209812,521.6848654730491,1741100425782579,Balanced Dollar,0.13022255,bnUSD,0,3,2025-03-04
cx88fd7df7ddff82f7cc735c871dc519838cb235bb,cx21e94c08c03daee80c25d8ee3ea22a20786ec231,hx2debd9ec927cca1639da8d3518dd9dbf1cdfb357,0xf696bbfc42b054ffe,0xe9b1eb54a927a23cb52d11c577722ad2e615cfdbf90eaa1da329f2d50c3c2595,5,94209812,284.29753715139003,1741100425782579,Balanced Dollar,0.112699225,bnUSD,0,2,2025-03-04
cx88fd7df7ddff82f7cc735c871dc519838cb235bb,cxa0af3165c08318e988cb30993b3048335b94af6c,cx5faae53c4dbd1fbe4a2eb4aab6565030f10da5c6,0x5ef192b36b05dff,0xe9b1eb54a927a23cb52d11c577722ad2e615cfdbf90eaa1da329f2d50c3c2595,3,94209812,0.42758816301530267,1741100425782579,Balanced Dollar,0.112699225,bnUSD,0,2,2025-03-04
cx88fd7df7ddff82f7cc735c871dc519838cb235bb,cxa0af3165c08318e988cb30993b3048335b94af6c,cx21e94c08c03daee80c25d8ee3ea22a20786ec231,0xf696bbfc42b054ffe,0xe9b1eb54a927a23cb52d11c577722ad2e615cfdbf90eaa1da329f2d50c3c2595,2,94209812,284.29753715139003,1741100425782579,Balanced Dollar,0.112699225,bnUSD,0,2,2025-03-04
cx2609b924e33ef00b648a409245c7ea394c467824,cx21e94c08c03daee80c25d8ee3ea22a20786ec231,cxa0af3165c08318e988cb30993b3048335b94af6c,0x6c6b935b8bbd400000,0xe9b1eb54a927a23cb52d11c577722ad2e615cfdbf90eaa1da329f2d50c3c2595,1,94209812,2000.0,1741100425782579,Staked ICX,0.112699225,sICX,0,2,2025-03-04
cx2609b924e33ef00b648a409245c7ea394c467824,hx2debd9ec927cca1639da8d3518dd9dbf1cdfb357,cx21e94c08c03daee80c25d8ee3ea22a20786ec231,0x6c6b935b8bbd400000,0xe9b1eb54a927a23cb52d11c577722ad2e615cfdbf90eaa1da329f2d50c3c2595,0,94209812,2000.0,1741100425782579,Staked ICX,0.112699225,sICX,0,2,2025-03-04
cx88fd7df7ddff82f7cc735c871dc519838cb235bb,cxa0af3165c08318e988cb30993b3048335b94af6c,cx5faae53c4dbd1fbe4a2eb4aab6565030f10da5c6,0x14ef927fafcd8c4,0x1deb900d4ad03b4510e18b62b5124941cace3eac1badad1d4fb35ac3f237a833,2,94209812,0.09428659233127444,1741100425782579,Balanced Dollar,0.0569725875,bnUSD,0,1,2025-03-04
cx88fd7df7ddff82f7cc735c871dc519838cb235bb,cxa0af3165c08318e988cb30993b3048335b94af6c,hxd75467e3e4ce64e3424c747dfb71503017440433,0x365d51bff4991afe8,0x1deb900d4ad03b4510e18b62b5124941cace3eac1badad1d4fb35ac3f237a833,1,94209812,62.678034172263644,1741100425782579,Balanced Dollar,0.0569725875,bnUSD,0,1,2025-03-04
cx288d13e1b63563459a2ac6179f237711f6851cb5,hxd75467e3e4ce64e3424c747dfb71503017440433,cxa0af3165c08318e988cb30993b3048335b94af6c,0x6a94d74f430000,0x1deb900d4ad03b4510e18b62b5124941cace3eac1badad1d4fb35ac3f237a833,0,94209812,0.03,1741100425782579,Ethereum,0.0569725875,ETH,0,1,2025-03-04
cx88fd7df7ddff82f7cc735c871dc519838cb235bb,cxa0af3165c08318e988cb30993b3048335b94af6c,cx5faae53c4dbd1fbe4a2eb4aab6565030f10da5c6,0x5bdff1d6cbff74f,0xce1bb5a144a53266b956459c1689afda78b6c350c5cbd700bce6f726387bed4c,2,94209810,0.41376724263160813,1741100421643519,Balanced Dollar,0.047348325,bnUSD,0,1,2025-03-04
cx88fd7df7ddff82f7cc735c871dc519838cb235bb,cxa0af3165c08318e988cb30993b3048335b94af6c,hx2795b422d55c51caa27f5c6397561e73d73e8bff,0xeef73653f27044585,0xce1bb5a144a53266b956459c1689afda78b6c350c5cbd700bce6f726387bed4c,1,94209810,275.50866295123217,1741100421643519,Balanced Dollar,0.047348325,bnUSD,0,1,2025-03-04
cx65c9e3d4fea842e00add0d32a5b4c5e4e04c7a6b,hx2795b422d55c51caa27f5c6397561e73d73e8bff,cxa0af3165c08318e988cb30993b3048335b94af6c,0x77359400,0xce1bb5a144a53266b956459c1689afda78b6c350c5cbd700bce6f726387bed4c,0,94209810,2.0,1741100421643519,Solana,0.047348325,SOL,0,1,2025-03-04
cx88fd7df7ddff82f7cc735c871dc519838cb235bb,cx21e94c08c03daee80c25d8ee3ea22a20786ec231,hxd75467e3e4ce64e3424c747dfb71503017440433,0x61fe281dc90b38346,0x8240c9a9261501fcb13cbd41c81ca58163f0f955e232110c98546cf28cc8c3e8,9,94209808,112.97800598649016,1741100417716354,Balanced Dollar,0.169998275,bnUSD,0,2,2025-03-04
cx88fd7df7ddff82f7cc735c871dc519838cb235bb,cxa0af3165c08318e988cb30993b3048335b94af6c,cx5faae53c4dbd1fbe4a2eb4aab6565030f10da5c6,0x25bccd45f38f8ae,0x8240c9a9261501fcb13cbd41c81ca58163f0f955e232110c98546cf28cc8c3e8,7,94209808,0.16995462345922782,1741100417716354,Balanced Dollar,0.169998275,bnUSD,0,2,2025-03-04
cx88fd7df7ddff82f7cc735c871dc519838cb235bb,cxa0af3165c08318e988cb30993b3048335b94af6c,cx21e94c08c03daee80c25d8ee3ea22a20786ec231,0x61fe281dc90b38346,0x8240c9a9261501fcb13cbd41c81ca58163f0f955e232110c98546cf28cc8c3e8,6,94209808,112.97800598649016,1741100417716354,Balanced Dollar,0.169998275,bnUSD,0,2,2025-03-04
cx2609b924e33ef00b648a409245c7ea394c467824,cx21e94c08c03daee80c25d8ee3ea22a20786ec231,cxa0af3165c08318e988cb30993b3048335b94af6c,0x2b10cd9ce9acf3612a,0x8240c9a9261501fcb13cbd41c81ca58163f0f955e232110c98546cf28cc8c3e8,5,94209808,794.4207915717861,1741100417716354,Staked ICX,0.169998275,sICX,0,2,2025-03-04
cx2609b924e33ef00b648a409245c7ea394c467824,cxa0af3165c08318e988cb30993b3048335b94af6c,cx5faae53c4dbd1fbe4a2eb4aab6565030f10da5c6,0x1090a4d016d828a0,0x8240c9a9261501fcb13cbd41c81ca58163f0f955e232110c98546cf28cc8c3e8,3,94209808,1.1936351148965991,1741100417716354,Staked ICX,0.169998275,sICX,0,2,2025-03-04
cx2609b924e33ef00b648a409245c7ea394c467824,cxa0af3165c08318e988cb30993b3048335b94af6c,cx21e94c08c03daee80c25d8ee3ea22a20786ec231,0x2b10cd9ce9acf3612a,0x8240c9a9261501fcb13cbd41c81ca58163f0f955e232110c98546cf28cc8c3e8,2,94209808,794.4207915717861,1741100417716354,Staked ICX,0.169998275,sICX,0,2,2025-03-04
cx518f64edcd35db9044a2de63fdc10abfd5f7d611,cx21e94c08c03daee80c25d8ee3ea22a20786ec231,cxa0af3165c08318e988cb30993b3048335b94af6c,0xee6b2800,0x8240c9a9261501fcb13cbd41c81ca58163f0f955e232110c98546cf28cc8c3e8,1,94209808,400.0,1741100417716354,Stellar,0.169998275,XLM,0,2,2025-03-04
cx518f64edcd35db9044a2de63fdc10abfd5f7d611,hxd75467e3e4ce64e3424c747dfb71503017440433,cx21e94c08c03daee80c25d8ee3ea22a20786ec231,0xee6b2800,0x8240c9a9261501fcb13cbd41c81ca58163f0f955e232110c98546cf28cc8c3e8,0,94209808,400.0,1741100417716354,Stellar,0.169998275,XLM,0,2,2025-03-04
cx88fd7df7ddff82f7cc735c871dc519838cb235bb,cxa0af3165c08318e988cb30993b3048335b94af6c,cx5faae53c4dbd1fbe4a2eb4aab6565030f10da5c6,0x48889a9ee081394,0x3ec832d6ff2e6a0495e08249e0386347aee74ed9cf891447bac166c7aeb4bb78,2,94209808,0.326662335920346,1741100417716354,Balanced Dollar,0.056929525,bnUSD,0,1,2025-03-04
cx88fd7df7ddff82f7cc735c871dc519838cb235bb,cxa0af3165c08318e988cb30993b3048335b94af6c,hx2795b422d55c51caa27f5c6397561e73d73e8bff,0xbc8bd6a78f8a91779,0x3ec832d6ff2e6a0495e08249e0386347aee74ed9cf891447bac166c7aeb4bb78,1,94209808,217.37901945678942,1741100417716354,Balanced Dollar,0.056929525,bnUSD,0,1,2025-03-04
cx4297f4b63262507623b6ad575d0d8dd2db980e4e,hx2795b422d55c51caa27f5c6397561e73d73e8bff,cxa0af3165c08318e988cb30993b3048335b94af6c,0x1158e460913d00000,0x3ec832d6ff2e6a0495e08249e0386347aee74ed9cf891447bac166c7aeb4bb78,0,94209808,20.0,1741100417716354,Injective,0.056929525,INJ,0,1,2025-03-04
cx88fd7df7ddff82f7cc735c871dc519838cb235bb,cx21e94c08c03daee80c25d8ee3ea22a20786ec231,hx2debd9ec927cca1639da8d3518dd9dbf1cdfb357,0x159cd3b3947b8650b2,0x2baf4d7e397d47e22909a93654ce5f2672cc176387e0316e2c591b19a7271cf0,5,94209807,398.6821988882122,1741100415772927,Balanced Dollar,0.088319925,bnUSD,0,1,2025-03-04
cx88fd7df7ddff82f7cc735c871dc519838cb235bb,cxa0af3165c08318e988cb30993b3048335b94af6c,cx5faae53c4dbd1fbe4a2eb4aab6565030f10da5c6,0x84eff0379c11418,0x2baf4d7e397d47e22909a93654ce5f2672cc176387e0316e2c591b19a7271cf0,3,94209807,0.5986961908795362,1741100415772927,Balanced Dollar,0.088319925,bnUSD,0,1,2025-03-04
cx88fd7df7ddff82f7cc735c871dc519838cb235bb,cxa0af3165c08318e988cb30993b3048335b94af6c,cx21e94c08c03daee80c25d8ee3ea22a20786ec231,0x159cd3b3947b8650b2,0x2baf4d7e397d47e22909a93654ce5f2672cc176387e0316e2c591b19a7271cf0,2,94209807,398.6821988882122,1741100415772927,Balanced Dollar,0.088319925,bnUSD,0,1,2025-03-04
cx2d552c485ec8bcaa75aac02424e2aca6ffdb2f1b,cx21e94c08c03daee80c25d8ee3ea22a20786ec231,cxa0af3165c08318e988cb30993b3048335b94af6c,0x9b6e64a8ec60000,0x2baf4d7e397d47e22909a93654ce5f2672cc176387e0316e2c591b19a7271cf0,1,94209807,0.7,1741100415772927,Binance Coin,0.088319925,BNB,0,1,2025-03-04
cx2d552c485ec8bcaa75aac02424e2aca6ffdb2f1b,hx2debd9ec927cca1639da8d3518dd9dbf1cdfb357,cx21e94c08c03daee80c25d8ee3ea22a20786ec231,0x9b6e64a8ec60000,0x2baf4d7e397d47e22909a93654ce5f2672cc176387e0316e2c591b19a7271cf0,0,94209807,0.7,1741100415772927,Binance Coin,0.088319925,BNB,0,1,2025-03-04
cx88fd7df7ddff82f7cc735c871dc519838cb235bb,cxa0af3165c08318e988cb30993b3048335b94af6c,cx5faae53c4dbd1fbe4a2eb4aab6565030f10da5c6,0xae83d1b61f70e53,0xd858a1fcac571322d14ae74302c301d6fe63e15303d7a7e1b15b071810a41cbe,2,94209806,0.7859453227931439,1741100413639095,Balanced Dollar,0.0569629625,bnUSD,0,1,2025-03-04
cx88fd7df7ddff82f7cc735c871dc519838cb235bb,cxa0af3165c08318e988cb30993b3048335b94af6c,hx2795b422d55c51caa27f5c6397561e73d73e8bff,0x1c5a35d46074c8a5a7,0xd858a1fcac571322d14ae74302c301d6fe63e15303d7a7e1b15b071810a41cbe,1,94209806,523.0091692117879,1741100413639095,Balanced Dollar,0.0569629625,bnUSD,0,1,2025-03-04
cx288d13e1b63563459a2ac6179f237711f6851cb5,hx2795b422d55c51caa27f5c6397561e73d73e8bff,cxa0af3165c08318e988cb30993b3048335b94af6c,0x3782dace9d90000,0xd858a1fcac571322d14ae74302c301d6fe63e15303d7a7e1b15b071810a41cbe,0,94209806,0.25,1741100413639095,Ethereum,0.0569629625,ETH,0,1,2025-03-04
cx88fd7df7ddff82f7cc735c871dc519838cb235bb,cxa0af3165c08318e988cb30993b3048335b94af6c,cx5faae53c4dbd1fbe4a2eb4aab6565030f10da5c6,0xe8a85715beecd1,0x2f8c0b118ac39e6bec2c4285b9057f12fec37b55085c00fa1ab2a420350527ca,2,94209804,0.06548728657732732,1741100409645469,Balanced Dollar,0.0569443375,bnUSD,0,2,2025-03-04
cx88fd7df7ddff82f7cc735c871dc519838cb235bb,cxa0af3165c08318e988cb30993b3048335b94af6c,hxd75467e3e4ce64e3424c747dfb71503017440433,0x25c346b4bdc073481,0x2f8c0b118ac39e6bec2c4285b9057f12fec37b55085c00fa1ab2a420350527ca,1,94209804,43.53754147125561,1741100409645469,Balanced Dollar,0.0569443375,bnUSD,0,2,2025-03-04
cx4297f4b63262507623b6ad575d0d8dd2db980e4e,hxd75467e3e4ce64e3424c747dfb71503017440433,cxa0af3165c08318e988cb30993b3048335b94af6c,0x3782dace9d900000,0x2f8c0b118ac39e6bec2c4285b9057f12fec37b55085c00fa1ab2a420350527ca,0,94209804,4.0,1741100409645469,Injective,0.0569443375,INJ,0,2,2025-03-04
cx88fd7df7ddff82f7cc735c871dc519838cb235bb,cx21e94c08c03daee80c25d8ee3ea22a20786ec231,hx2debd9ec927cca1639da8d3518dd9dbf1cdfb357,0xf6d107252120291fa,0xdfc20c5f72d1c2dfe27f4450cf2d5d5726642ed8e499fb64103a0fc698c7756c,5,94209804,284.56006815221986,1741100409645469,Balanced Dollar,0.112703225,bnUSD,0,1,2025-03-04
cx88fd7df7ddff82f7cc735c871dc519838cb235bb,cxa0af3165c08318e988cb30993b3048335b94af6c,cx5faae53c4dbd1fbe4a2eb4aab6565030f10da5c6,0x5f0803965ed1629,0xdfc20c5f72d1c2dfe27f4450cf2d5d5726642ed8e499fb64103a0fc698c7756c,3,94209804,0.42798294861172487,1741100409645469,Balanced Dollar,0.112703225,bnUSD,0,1,2025-03-04
cx88fd7df7ddff82f7cc735c871dc519838cb235bb,cxa0af3165c08318e988cb30993b3048335b94af6c,cx21e94c08c03daee80c25d8ee3ea22a20786ec231,0xf6d107252120291fa,0xdfc20c5f72d1c2dfe27f4450cf2d5d5726642ed8e499fb64103a0fc698c7756c,2,94209804,284.56006815221986,1741100409645469,Balanced Dollar,0.112703225,bnUSD,0,1,2025-03-04
cx2609b924e33ef00b648a409245c7ea394c467824,cx21e94c08c03daee80c25d8ee3ea22a20786ec231,cxa0af3165c08318e988cb30993b3048335b94af6c,0x6c6b935b8bbd400000,0xdfc20c5f72d1c2dfe27f4450cf2d5d5726642ed8e499fb64103a0fc698c7756c,1,94209804,2000.0,1741100409645469,Staked ICX,0.112703225,sICX,0,1,2025-03-04
cx2609b924e33ef00b648a409245c7ea394c467824,hx2debd9ec927cca1639da8d3518dd9dbf1cdfb357,cx21e94c08c03daee80c25d8ee3ea22a20786ec231,0x6c6b935b8bbd400000,0xdfc20c5f72d1c2dfe27f4450cf2d5d5726642ed8e499fb64103a0fc698c7756c,0,94209804,2000.0,1741100409645469,Staked ICX,0.112703225,sICX,0,1,2025-03-04
cx88fd7df7ddff82f7cc735c871dc519838cb235bb,cxa0af3165c08318e988cb30993b3048335b94af6c,cx5faae53c4dbd1fbe4a2eb4aab6565030f10da5c6,0xdd4979e2a7c435,0x93e23e1b1c48e552bd98e0b0ef84e331567605bf51fa154866148c7f6000a2fb,2,94209801,0.062286757695570995,1741100403626687,Balanced Dollar,0.047366825,bnUSD,0,1,2025-03-04
cx88fd7df7ddff82f7cc735c871dc519838cb235bb,cxa0af3165c08318e988cb30993b3048335b94af6c,hxd75467e3e4ce64e3424c747dfb71503017440433,0x23eb188451b57c48b,0x93e23e1b1c48e552bd98e0b0ef84e331567605bf51fa154866148c7f6000a2fb,1,94209801,41.41102987904128,1741100403626687,Balanced Dollar,0.047366825,bnUSD,0,1,2025-03-04
cx65c9e3d4fea842e00add0d32a5b4c5e4e04c7a6b,hxd75467e3e4ce64e3424c747dfb71503017440433,cxa0af3165c08318e988cb30993b3048335b94af6c,0x11e1a300,0x93e23e1b1c48e552bd98e0b0ef84e331567605bf51fa154866148c7f6000a2fb,0,94209801,0.3,1741100403626687,Solana,0.047366825,SOL,0,1,2025-03-04
cx88fd7df7ddff82f7cc735c871dc519838cb235bb,cx21e94c08c03daee80c25d8ee3ea22a20786ec231,hx2debd9ec927cca1639da8d3518dd9dbf1cdfb357,0xf6facc867dc432de6,0xfea6667e1478f2f02e3ba640c9edb40943f5a4998d31e6c1346d9c36a2b882a0,5,94209800,284.74818808825006,1741100401876184,Balanced Dollar,0.112703225,bnUSD,0,1,2025-03-04
cx88fd7df7ddff82f7cc735c871dc519838cb235bb,cxa0af3165c08318e988cb30993b3048335b94af6c,cx5faae53c4dbd1fbe4a2eb4aab6565030f10da5c6,0x5f181828845f26d,0xfea6667e1478f2f02e3ba640c9edb40943f5a4998d31e6c1346d9c36a2b882a0,3,94209800,0.4282658372089248,1741100401876184,Balanced Dollar,0.112703225,bnUSD,0,1,2025-03-04
cx88fd7df7ddff82f7cc735c871dc519838cb235bb,cxa0af3165c08318e988cb30993b3048335b94af6c,cx21e94c08c03daee80c25d8ee3ea22a20786ec231,0xf6facc867dc432de6,0xfea6667e1478f2f02e3ba640c9edb40943f5a4998d31e6c1346d9c36a2b882a0,2,94209800,284.74818808825006,1741100401876184,Balanced Dollar,0.112703225,bnUSD,0,1,2025-03-04
cx2609b924e33ef00b648a409245c7ea394c467824,cx21e94c08c03daee80c25d8ee3ea22a20786ec231,cxa0af3165c08318e988cb30993b3048335b94af6c,0x6c6b935b8bbd400000,0xfea6667e1478f2f02e3ba640c9edb40943f5a4998d31e6c1346d9c36a2b882a0,1,94209800,2000.0,1741100401876184,Staked ICX,0.112703225,sICX,0,1,2025-03-04
cx2609b924e33ef00b648a409245c7ea394c467824,hx2debd9ec927cca1639da8d3518dd9dbf1cdfb357,cx21e94c08c03daee80c25d8ee3ea22a20786ec231,0x6c6b935b8bbd400000,0xfea6667e1478f2f02e3ba640c9edb40943f5a4998d31e6c1346d9c36a2b882a0,0,94209800,2000.0,1741100401876184,Staked ICX,0.112703225,sICX,0,1,2025-03-04
cxf61cd5a45dc9f91c15aa65831a30a90d59a09619,cx9345f80d6c98357ccbb70392b14162199c2c5f66,cxd82fb5d3effecd8c9071a4bba3856ad7222c4b91,0x29a68847246fb0,0x0293a5a98ca98056e71180b661eb29d39689f4828242c9e57d9b3b56ef055ca3,4,94209798,0.011723578284470192,1741100397615580,Balance Token,0.1302148625,BALN,0,1,2025-03-04
cx2609b924e33ef00b648a409245c7ea394c467824,cx9345f80d6c98357ccbb70392b14162199c2c5f66,cxd82fb5d3effecd8c9071a4bba3856ad7222c4b91,0x2dd0cbbde9c893b,0x0293a5a98ca98056e71180b661eb29d39689f4828242c9e57d9b3b56ef055ca3,3,94209798,0.2063351589621292,1741100397615580,Staked ICX,0.1302148625,sICX,0,1,2025-03-04
cx88fd7df7ddff82f7cc735c871dc519838cb235bb,hx0000000000000000000000000000000000000000,cx5faae53c4dbd1fbe4a2eb4aab6565030f10da5c6,0x0,0x0293a5a98ca98056e71180b661eb29d39689f4828242c9e57d9b3b56ef055ca3,2,94209798,0.0,1741100397615580,Balanced Dollar,0.1302148625,bnUSD,0,1,2025-03-04
cx88fd7df7ddff82f7cc735c871dc519838cb235bb,hx0000000000000000000000000000000000000000,cxd82fb5d3effecd8c9071a4bba3856ad7222c4b91,0x74efacfcc8a676,0x0293a5a98ca98056e71180b661eb29d39689f4828242c9e57d9b3b56ef055ca3,1,94209798,0.032914623552857715,1741100397615580,Balanced Dollar,0.1302148625,bnUSD,0,1,2025-03-04
cx88fd7df7ddff82f7cc735c871dc519838cb235bb,hx2795b422d55c51caa27f5c6397561e73d73e8bff,cxd82fb5d3effecd8c9071a4bba3856ad7222c4b91,0xef55c18cc8ea88000,0x0293a5a98ca98056e71180b661eb29d39689f4828242c9e57d9b3b56ef055ca3,0,94209798,275.9344505359293,1741100397615580,Balanced Dollar,0.1302148625,bnUSD,0,1,2025-03-04
cx88fd7df7ddff82f7cc735c871dc519838cb235bb,cxa0af3165c08318e988cb30993b3048335b94af6c,cx5faae53c4dbd1fbe4a2eb4aab6565030f10da5c6,0x5c40a64e3489051,0x2033a568819dddd756bc89c12e14e1f39daa673d37ca5ecc551cb234cf85eb20,2,94209796,0.4154684940511192,1741100393647552,Balanced Dollar,0.047348325,bnUSD,0,2,2025-03-04
cx88fd7df7ddff82f7cc735c871dc519838cb235bb,cxa0af3165c08318e988cb30993b3048335b94af6c,hx2795b422d55c51caa27f5c6397561e73d73e8bff,0xeff2f7780767c6fa5,0x2033a568819dddd756bc89c12e14e1f39daa673d37ca5ecc551cb234cf85eb20,1,94209796,276.6424642291381,1741100393647552,Balanced Dollar,0.047348325,bnUSD,0,2,2025-03-04
cx65c9e3d4fea842e00add0d32a5b4c5e4e04c7a6b,hx2795b422d55c51caa27f5c6397561e73d73e8bff,cxa0af3165c08318e988cb30993b3048335b94af6c,0x77359400,0x2033a568819dddd756bc89c12e14e1f39daa673d37ca5ecc551cb234cf85eb20,0,94209796,2.0,1741100393647552,Solana,0.047348325,SOL,0,2,2025-03-04
cx88fd7df7ddff82f7cc735c871dc519838cb235bb,cx21e94c08c03daee80c25d8ee3ea22a20786ec231,hx2debd9ec927cca1639da8d3518dd9dbf1cdfb357,0x157e824101d39b64c8,0x464ac7dc66c3b805d490b18aaaf42cd02fa7d45a246cc7009c116a1f7639a3a2,5,94209796,396.4975456197528,1741100393647552,Balanced Dollar,0.08831855,bnUSD,0,1,2025-03-04
cx88fd7df7ddff82f7cc735c871dc519838cb235bb,cxa0af3165c08318e988cb30993b3048335b94af6c,cx5faae53c4dbd1fbe4a2eb4aab6565030f10da5c6,0x843db35edeeb1f6,0x464ac7dc66c3b805d490b18aaaf42cd02fa7d45a246cc7009c116a1f7639a3a2,3,94209796,0.5955606004146304,1741100393647552,Balanced Dollar,0.08831855,bnUSD,0,1,2025-03-04
cx88fd7df7ddff82f7cc735c871dc519838cb235bb,cxa0af3165c08318e988cb30993b3048335b94af6c,cx21e94c08c03daee80c25d8ee3ea22a20786ec231,0x157e824101d39b64c8,0x464ac7dc66c3b805d490b18aaaf42cd02fa7d45a246cc7009c116a1f7639a3a2,2,94209796,396.4975456197528,1741100393647552,Balanced Dollar,0.08831855,bnUSD,0,1,2025-03-04
cx66a031cc3bd305c76371fb586e93801b948254f0,cx21e94c08c03daee80c25d8ee3ea22a20786ec231,cxa0af3165c08318e988cb30993b3048335b94af6c,0x1158e460913d00000,0x464ac7dc66c3b805d490b18aaaf42cd02fa7d45a246cc7009c116a1f7639a3a2,1,94209796,20.0,1741100393647552,Avalanche,0.08831855,AVAX,0,1,2025-03-04
cx66a031cc3bd305c76371fb586e93801b948254f0,hx2debd9ec927cca1639da8d3518dd9dbf1cdfb357,cx21e94c08c03daee80c25d8ee3ea22a20786ec231,0x1158e460913d00000,0x464ac7dc66c3b805d490b18aaaf42cd02fa7d45a246cc7009c116a1f7639a3a2,0,94209796,20.0,1741100393647552,Avalanche,0.08831855,AVAX,0,1,2025-03-04
cx88fd7df7ddff82f7cc735c871dc519838cb235bb,cxa0af3165c08318e988cb30993b3048335b94af6c,cx5faae53c4dbd1fbe4a2eb4aab6565030f10da5c6,0x14fdc32fec89126,0x13b55249b7a75eac47960f244cd9b3ccb26cd80bed843235954c054d74376080,2,94209795,0.0945362287791025,1741100391770510,Balanced Dollar,0.056975275,bnUSD,0,1,2025-03-04
cx88fd7df7ddff82f7cc735c871dc519838cb235bb,cxa0af3165c08318e988cb30993b3048335b94af6c,hxd75467e3e4ce64e3424c747dfb71503017440433,0x36822b80802a54278,0x13b55249b7a75eac47960f244cd9b3ccb26cd80bed843235954c054d74376080,1,94209795,62.843994494824955,1741100391770510,Balanced Dollar,0.056975275,bnUSD,0,1,2025-03-04
cx288d13e1b63563459a2ac6179f237711f6851cb5,hxd75467e3e4ce64e3424c747dfb71503017440433,cxa0af3165c08318e988cb30993b3048335b94af6c,0x6a94d74f430000,0x13b55249b7a75eac47960f244cd9b3ccb26cd80bed843235954c054d74376080,0,94209795,0.03,1741100391770510,Ethereum,0.056975275,ETH,0,1,2025-03-04
cx88fd7df7ddff82f7cc735c871dc519838cb235bb,cx21e94c08c03daee80c25d8ee3ea22a20786ec231,hx2debd9ec927cca1639da8d3518dd9dbf1cdfb357,0xf7249c8409e6ea504,0xf16f30388cb15069e450a2c269c098a72d3fe8403b377b677bcee6f15ae8b422,5,94209792,284.93649467912843,1741100385807567,Balanced Dollar,0.112703225,bnUSD,0,1,2025-03-04
cx88fd7df7ddff82f7cc735c871dc519838cb235bb,cxa0af3165c08318e988cb30993b3048335b94af6c,cx5faae53c4dbd1fbe4a2eb4aab6565030f10da5c6,0x5f2830d0201a2b7,0xf16f30388cb15069e450a2c269c098a72d3fe8403b377b677bcee6f15ae8b422,3,94209792,0.4285490064450936,1741100385807567,Balanced Dollar,0.112703225,bnUSD,0,1,2025-03-04
cx88fd7df7ddff82f7cc735c871dc519838cb235bb,cxa0af3165c08318e988cb30993b3048335b94af6c,cx21e94c08c03daee80c25d8ee3ea22a20786ec231,0xf7249c8409e6ea504,0xf16f30388cb15069e450a2c269c098a72d3fe8403b377b677bcee6f15ae8b422,2,94209792,284.93649467912843,1741100385807567,Balanced Dollar,0.112703225,bnUSD,0,1,2025-03-04
cx2609b924e33ef00b648a409245c7ea394c467824,cx21e94c08c03daee80c25d8ee3ea22a20786ec231,cxa0af3165c08318e988cb30993b3048335b94af6c,0x6c6b935b8bbd400000,0xf16f30388cb15069e450a2c269c098a72d3fe8403b377b677bcee6f15ae8b422,1,94209792,2000.0,1741100385807567,Staked ICX,0.112703225,sICX,0,1,2025-03-04
cx2609b924e33ef00b648a409245c7ea394c467824,hx2debd9ec927cca1639da8d3518dd9dbf1cdfb357,cx21e94c08c03daee80c25d8ee3ea22a20786ec231,0x6c6b935b8bbd400000,0xf16f30388cb15069e450a2c269c098a72d3fe8403b377b677bcee6f15ae8b422,0,94209792,2000.0,1741100385807567,Staked ICX,0.112703225,sICX,0,1,2025-03-04
cx88fd7df7ddff82f7cc735c871dc519838cb235bb,cx21e94c08c03daee80c25d8ee3ea22a20786ec231,hxd75467e3e4ce64e3424c747dfb71503017440433,0x62793b7bb7bbb48f8,0x1cc0463168ba2939dfa0213f699ed4b8f3412dffbb0388fae17eb199e4ea1240,9,94209791,113.5322894471756,1741100383646881,Balanced Dollar,0.169998275,bnUSD,0,2,2025-03-04
cx88fd7df7ddff82f7cc735c871dc519838cb235bb,cxa0af3165c08318e988cb30993b3048335b94af6c,cx5faae53c4dbd1fbe4a2eb4aab6565030f10da5c6,0x25ec31ae706d18b,0x1cc0463168ba2939dfa0213f699ed4b8f3412dffbb0388fae17eb199e4ea1240,7,94209791,0.17078835619920732,1741100383646881,Balanced Dollar,0.169998275,bnUSD,0,2,2025-03-04
cx88fd7df7ddff82f7cc735c871dc519838cb235bb,cxa0af3165c08318e988cb30993b3048335b94af6c,cx21e94c08c03daee80c25d8ee3ea22a20786ec231,0x62793b7bb7bbb48f8,0x1cc0463168ba2939dfa0213f699ed4b8f3412dffbb0388fae17eb199e4ea1240,6,94209791,113.5322894471756,1741100383646881,Balanced Dollar,0.169998275,bnUSD,0,2,2025-03-04
cx2609b924e33ef00b648a409245c7ea394c467824,cx21e94c08c03daee80c25d8ee3ea22a20786ec231,cxa0af3165c08318e988cb30993b3048335b94af6c,0x2b2e09e4f48eecfa12,0x1cc0463168ba2939dfa0213f699ed4b8f3412dffbb0388fae17eb199e4ea1240,5,94209791,796.5274295090668,1741100383646881,Staked ICX,0.169998275,sICX,0,2,2025-03-04
cx2609b924e33ef00b648a409245c7ea394c467824,cxa0af3165c08318e988cb30993b3048335b94af6c,cx5faae53c4dbd1fbe4a2eb4aab6565030f10da5c6,0x109be1b2d8976fdc,0x1cc0463168ba2939dfa0213f699ed4b8f3412dffbb0388fae17eb199e4ea1240,3,94209791,1.1967982842512301,1741100383646881,Staked ICX,0.169998275,sICX,0,2,2025-03-04
cx2609b924e33ef00b648a409245c7ea394c467824,cxa0af3165c08318e988cb30993b3048335b94af6c,cx21e94c08c03daee80c25d8ee3ea22a20786ec231,0x2b2e09e4f48eecfa12,0x1cc0463168ba2939dfa0213f699ed4b8f3412dffbb0388fae17eb199e4ea1240,2,94209791,796.5274295090668,1741100383646881,Staked ICX,0.169998275,sICX,0,2,2025-03-04
cx518f64edcd35db9044a2de63fdc10abfd5f7d611,cx21e94c08c03daee80c25d8ee3ea22a20786ec231,cxa0af3165c08318e988cb30993b3048335b94af6c,0xee6b2800,0x1cc0463168ba2939dfa0213f699ed4b8f3412dffbb0388fae17eb199e4ea1240,1,94209791,400.0,1741100383646881,Stellar,0.169998275,XLM,0,2,2025-03-04
cx518f64edcd35db9044a2de63fdc10abfd5f7d611,hxd75467e3e4ce64e3424c747dfb71503017440433,cx21e94c08c03daee80c25d8ee3ea22a20786ec231,0xee6b2800,0x1cc0463168ba2939dfa0213f699ed4b8f3412dffbb0388fae17eb199e4ea1240,0,94209791,400.0,1741100383646881,Stellar,0.169998275,XLM,0,2,2025-03-04
cxf61cd5a45dc9f91c15aa65831a30a90d59a09619,cx9345f80d6c98357ccbb70392b14162199c2c5f66,cxd82fb5d3effecd8c9071a4bba3856ad7222c4b91,0x17cce028a71b40,0xc83809c2bc20566cea227ca6859bc5fdb68fbf1f144c1ec8870c3e37c63e96f8,4,94209791,0.006699187591125824,1741100383646881,Balance Token,0.1302148625,BALN,0,1,2025-03-04
cx2609b924e33ef00b648a409245c7ea394c467824,cx9345f80d6c98357ccbb70392b14162199c2c5f66,cxd82fb5d3effecd8c9071a4bba3856ad7222c4b91,0x1a2e2b47f34e0b4,0xc83809c2bc20566cea227ca6859bc5fdb68fbf1f144c1ec8870c3e37c63e96f8,3,94209791,0.11790580512121669,1741100383646881,Staked ICX,0.1302148625,sICX,0,1,2025-03-04
cx88fd7df7ddff82f7cc735c871dc519838cb235bb,hx0000000000000000000000000000000000000000,cx5faae53c4dbd1fbe4a2eb4aab6565030f10da5c6,0x0,0xc83809c2bc20566cea227ca6859bc5fdb68fbf1f144c1ec8870c3e37c63e96f8,2,94209791,0.0,1741100383646881,Balanced Dollar,0.1302148625,bnUSD,0,1,2025-03-04
cx88fd7df7ddff82f7cc735c871dc519838cb235bb,hx0000000000000000000000000000000000000000,cxd82fb5d3effecd8c9071a4bba3856ad7222c4b91,0x41fbc8e9d91082,0xc83809c2bc20566cea227ca6859bc5fdb68fbf1f144c1ec8870c3e37c63e96f8,1,94209791,0.018572713821540483,1741100383646881,Balanced Dollar,0.1302148625,bnUSD,0,1,2025-03-04
cx88fd7df7ddff82f7cc735c871dc519838cb235bb,hx2795b422d55c51caa27f5c6397561e73d73e8bff,cxd82fb5d3effecd8c9071a4bba3856ad7222c4b91,0xbc9a923d5b7428000,0xc83809c2bc20566cea227ca6859bc5fdb68fbf1f144c1ec8870c3e37c63e96f8,0,94209791,217.44536988430227,1741100383646881,Balanced Dollar,0.1302148625,bnUSD,0,1,2025-03-04
cx88fd7df7ddff82f7cc735c871dc519838cb235bb,cx21e94c08c03daee80c25d8ee3ea22a20786ec231,hx2debd9ec927cca1639da8d3518dd9dbf1cdfb357,0xf75f255561c095406,0x67ae7d647d59d9bf0784526135bf51ee83b3db18726a9de35052cf44c55c55da,5,94209788,285.20011038077075,1741100377588009,Balanced Dollar,0.112703225,bnUSD,0,1,2025-03-04
cx88fd7df7ddff82f7cc735c871dc519838cb235bb,cxa0af3165c08318e988cb30993b3048335b94af6c,cx5faae53c4dbd1fbe4a2eb4aab6565030f10da5c6,0x5f3eb96eb75b960,0x67ae7d647d59d9bf0784526135bf51ee83b3db18726a9de35052cf44c55c55da,3,94209788,0.4289454229583118,1741100377588009,Balanced Dollar,0.112703225,bnUSD,0,1,2025-03-04
cx88fd7df7ddff82f7cc735c871dc519838cb235bb,cxa0af3165c08318e988cb30993b3048335b94af6c,cx21e94c08c03daee80c25d8ee3ea22a20786ec231,0xf75f255561c095406,0x67ae7d647d59d9bf0784526135bf51ee83b3db18726a9de35052cf44c55c55da,2,94209788,285.20011038077075,1741100377588009,Balanced Dollar,0.112703225,bnUSD,0,1,2025-03-04
cx2609b924e33ef00b648a409245c7ea394c467824,cx21e94c08c03daee80c25d8ee3ea22a20786ec231,cxa0af3165c08318e988cb30993b3048335b94af6c,0x6c6b935b8bbd400000,0x67ae7d647d59d9bf0784526135bf51ee83b3db18726a9de35052cf44c55c55da,1,94209788,2000.0,1741100377588009,Staked ICX,0.112703225,sICX,0,1,2025-03-04
cx2609b924e33ef00b648a409245c7ea394c467824,hx2debd9ec927cca1639da8d3518dd9dbf1cdfb357,cx21e94c08c03daee80c25d8ee3ea22a20786ec231,0x6c6b935b8bbd400000,0x67ae7d647d59d9bf0784526135bf51ee83b3db18726a9de35052cf44c55c55da,0,94209788,2000.0,1741100377588009,Staked ICX,0.112703225,sICX,0,1,2025-03-04
cxf61cd5a45dc9f91c15aa65831a30a90d59a09619,cx9345f80d6c98357ccbb70392b14162199c2c5f66,cxd82fb5d3effecd8c9071a4bba3856ad7222c4b91,0x5f3380a29c6d0,0xf28f1051f967101589b3e3ef510716a3a31c18e1100ee52728661acaa932417a,4,94209787,0.001674796897781456,1741100375764772,Balance Token,0.1302148,BALN,0,1,2025-03-04
cx2609b924e33ef00b648a409245c7ea394c467824,cx9345f80d6c98357ccbb70392b14162199c2c5f66,cxd82fb5d3effecd8c9071a4bba3856ad7222c4b91,0x68b8ad1fcd382d,0xf28f1051f967101589b3e3ef510716a3a31c18e1100ee52728661acaa932417a,3,94209787,0.029476451280304173,1741100375764772,Staked ICX,0.1302148,sICX,0,1,2025-03-04
cx88fd7df7ddff82f7cc735c871dc519838cb235bb,hx0000000000000000000000000000000000000000,cx5faae53c4dbd1fbe4a2eb4aab6565030f10da5c6,0x0,0xf28f1051f967101589b3e3ef510716a3a31c18e1100ee52728661acaa932417a,2,94209787,0.0,1741100375764772,Balanced Dollar,0.1302148,bnUSD,0,1,2025-03-04
cx88fd7df7ddff82f7cc735c871dc519838cb235bb,hx0000000000000000000000000000000000000000,cxd82fb5d3effecd8c9071a4bba3856ad7222c4b91,0x1174595253e771,0xf28f1051f967101589b3e3ef510716a3a31c18e1100ee52728661acaa932417a,1,94209787,0.004913001586222961,1741100375764772,Balanced Dollar,0.1302148,bnUSD,0,1,2025-03-04
cx88fd7df7ddff82f7cc735c871dc519838cb235bb,hx2795b422d55c51caa27f5c6397561e73d73e8bff,cxd82fb5d3effecd8c9071a4bba3856ad7222c4b91,0x1c5d1635bffab30000,0xf28f1051f967101589b3e3ef510716a3a31c18e1100ee52728661acaa932417a,0,94209787,523.2164418575435,1741100375764772,Balanced Dollar,0.1302148,bnUSD,0,1,2025-03-04
cxf61cd5a45dc9f91c15aa65831a30a90d59a09619,cx9345f80d6c98357ccbb70392b14162199c2c5f66,cxd82fb5d3effecd8c9071a4bba3856ad7222c4b91,0x17cce028a71b40,0xc4d53d657fd079e77da029ad3579018bb77c0c5325abf9607e764d3afcdae080,4,94209786,0.006699187591125824,1741100373679734,Balance Token,0.1302148625,BALN,0,1,2025-03-04
cx2609b924e33ef00b648a409245c7ea394c467824,cx9345f80d6c98357ccbb70392b14162199c2c5f66,cxd82fb5d3effecd8c9071a4bba3856ad7222c4b91,0x1a2e2b47f34e0b4,0xc4d53d657fd079e77da029ad3579018bb77c0c5325abf9607e764d3afcdae080,3,94209786,0.11790580512121669,1741100373679734,Staked ICX,0.1302148625,sICX,0,1,2025-03-04
cx88fd7df7ddff82f7cc735c871dc519838cb235bb,hx0000000000000000000000000000000000000000,cx5faae53c4dbd1fbe4a2eb4aab6565030f10da5c6,0x0,0xc4d53d657fd079e77da029ad3579018bb77c0c5325abf9607e764d3afcdae080,2,94209786,0.0,1741100373679734,Balanced Dollar,0.1302148625,bnUSD,0,1,2025-03-04
cx88fd7df7ddff82f7cc735c871dc519838cb235bb,hx0000000000000000000000000000000000000000,cxd82fb5d3effecd8c9071a4bba3856ad7222c4b91,0x425c2de3b5a6ca,0xc4d53d657fd079e77da029ad3579018bb77c0c5325abf9607e764d3afcdae080,1,94209786,0.018678700626519756,1741100373679734,Balanced Dollar,0.1302148625,bnUSD,0,1,2025-03-04
cx88fd7df7ddff82f7cc735c871dc519838cb235bb,hx2795b422d55c51caa27f5c6397561e73d73e8bff,cxd82fb5d3effecd8c9071a4bba3856ad7222c4b91,0xf031e18ad3b8c8000,0xc4d53d657fd079e77da029ad3579018bb77c0c5325abf9607e764d3afcdae080,0,94209786,276.92580526936587,1741100373679734,Balanced Dollar,0.1302148625,bnUSD,0,1,2025-03-04
cx88fd7df7ddff82f7cc735c871dc519838cb235bb,cxa0af3165c08318e988cb30993b3048335b94af6c,cx5faae53c4dbd1fbe4a2eb4aab6565030f10da5c6,0x48bd751450a0b68,0xdead2685bfae10aa17f48798e52ebc348c99db38b69d272cd6fc58b6577bca59,2,94209784,0.32759214196510195,1741100369605368,Balanced Dollar,0.056929525,bnUSD,0,2,2025-03-04
cx88fd7df7ddff82f7cc735c871dc519838cb235bb,cxa0af3165c08318e988cb30993b3048335b94af6c,hx2795b422d55c51caa27f5c6397561e73d73e8bff,0xbd154f15ea5009f61,0xdead2685bfae10aa17f48798e52ebc348c99db38b69d272cd6fc58b6577bca59,1,94209784,217.9981312515732,1741100369605368,Balanced Dollar,0.056929525,bnUSD,0,2,2025-03-04
cx4297f4b63262507623b6ad575d0d8dd2db980e4e,hx2795b422d55c51caa27f5c6397561e73d73e8bff,cxa0af3165c08318e988cb30993b3048335b94af6c,0x1158e460913d00000,0xdead2685bfae10aa17f48798e52ebc348c99db38b69d272cd6fc58b6577bca59,0,94209784,20.0,1741100369605368,Injective,0.056929525,INJ,0,2,2025-03-04
cx88fd7df7ddff82f7cc735c871dc519838cb235bb,cx21e94c08c03daee80c25d8ee3ea22a20786ec231,hx2debd9ec927cca1639da8d3518dd9dbf1cdfb357,0x16b564e26806b9fe72,0xbfcf6f0e17dfef004e908e113a08c45728f701da001854dbf15817059e9737ca,5,94209784,418.8991905765635,1741100369605368,Balanced Dollar,0.0883538,bnUSD,0,1,2025-03-04
cx88fd7df7ddff82f7cc735c871dc519838cb235bb,cxa0af3165c08318e988cb30993b3048335b94af6c,cx5faae53c4dbd1fbe4a2eb4aab6565030f10da5c6,0x8bd5e481c1cfd71,0xbfcf6f0e17dfef004e908e113a08c45728f701da001854dbf15817059e9737ca,3,94209784,0.6297631867040556,1741100369605368,Balanced Dollar,0.0883538,bnUSD,0,1,2025-03-04
cx88fd7df7ddff82f7cc735c871dc519838cb235bb,cxa0af3165c08318e988cb30993b3048335b94af6c,cx21e94c08c03daee80c25d8ee3ea22a20786ec231,0x16b564e26806b9fe72,0xbfcf6f0e17dfef004e908e113a08c45728f701da001854dbf15817059e9737ca,2,94209784,418.8991905765635,1741100369605368,Balanced Dollar,0.0883538,bnUSD,0,1,2025-03-04
cx07b184a37f03c6ab681fcbd0b45aec6dc3eafbeb,cx21e94c08c03daee80c25d8ee3ea22a20786ec231,cxa0af3165c08318e988cb30993b3048335b94af6c,0x11c37937e08000,0xbfcf6f0e17dfef004e908e113a08c45728f701da001854dbf15817059e9737ca,1,94209784,0.005,1741100369605368,Bitcoin,0.0883538,BTC,0,1,2025-03-04
cx07b184a37f03c6ab681fcbd0b45aec6dc3eafbeb,hx2debd9ec927cca1639da8d3518dd9dbf1cdfb357,cx21e94c08c03daee80c25d8ee3ea22a20786ec231,0x11c37937e08000,0xbfcf6f0e17dfef004e908e113a08c45728f701da001854dbf15817059e9737ca,0,94209784,0.005,1741100369605368,Bitcoin,0.0883538,BTC,0,1,2025-03-04
cx88fd7df7ddff82f7cc735c871dc519838cb235bb,cxa0af3165c08318e988cb30993b3048335b94af6c,cx5faae53c4dbd1fbe4a2eb4aab6565030f10da5c6,0xaefa1f0e95d1199,0xc6d915375d1e3cb9f5bcc8929235ece8e302690d403b609663a63e15c14beae9,2,94209782,0.7880265158925398,1741100365752645,Balanced Dollar,0.0569629625,bnUSD,0,2,2025-03-04
cx88fd7df7ddff82f7cc735c871dc519838cb235bb,cxa0af3165c08318e988cb30993b3048335b94af6c,hx2795b422d55c51caa27f5c6397561e73d73e8bff,0x1c6d7105cd678d001e,0xc6d915375d1e3cb9f5bcc8929235ece8e302690d403b609663a63e15c14beae9,1,94209782,524.3949248661336,1741100365752645,Balanced Dollar,0.0569629625,bnUSD,0,2,2025-03-04
cx288d13e1b63563459a2ac6179f237711f6851cb5,hx2795b422d55c51caa27f5c6397561e73d73e8bff,cxa0af3165c08318e988cb30993b3048335b94af6c,0x3782dace9d90000,0xc6d915375d1e3cb9f5bcc8929235ece8e302690d403b609663a63e15c14beae9,0,94209782,0.25,1741100365752645,Ethereum,0.0569629625,ETH,0,2,2025-03-04
cxf61cd5a45dc9f91c15aa65831a30a90d59a09619,cx9345f80d6c98357ccbb70392b14162199c2c5f66,cxd82fb5d3effecd8c9071a4bba3856ad7222c4b91,0xb45c92b4125a810,0x33ab5adce1ae22baf2e2aff7882ef382a950710e720dbee17cda204e1af42303,4,94209782,0.8122764954240062,1741100365752645,Balance Token,0.1302394875,BALN,0,1,2025-03-04
cx2609b924e33ef00b648a409245c7ea394c467824,cx9345f80d6c98357ccbb70392b14162199c2c5f66,cxd82fb5d3effecd8c9071a4bba3856ad7222c4b91,0xc665dffd3fcb6d41,0x33ab5adce1ae22baf2e2aff7882ef382a950710e720dbee17cda204e1af42303,3,94209782,14.296078870947523,1741100365752645,Staked ICX,0.1302394875,sICX,0,1,2025-03-04
cx88fd7df7ddff82f7cc735c871dc519838cb235bb,hx0000000000000000000000000000000000000000,cx5faae53c4dbd1fbe4a2eb4aab6565030f10da5c6,0x0,0x33ab5adce1ae22baf2e2aff7882ef382a950710e720dbee17cda204e1af42303,2,94209782,0.0,1741100365752645,Balanced Dollar,0.1302394875,bnUSD,0,1,2025-03-04
cx88fd7df7ddff82f7cc735c871dc519838cb235bb,hx0000000000000000000000000000000000000000,cxd82fb5d3effecd8c9071a4bba3856ad7222c4b91,0x1fba7bd4b22ab46f,0x33ab5adce1ae22baf2e2aff7882ef382a950710e720dbee17cda204e1af42303,1,94209782,2.2862759142963744,1741100365752645,Balanced Dollar,0.1302394875,bnUSD,0,1,2025-03-04
cx88fd7df7ddff82f7cc735c871dc519838cb235bb,hx2795b422d55c51caa27f5c6397561e73d73e8bff,cxd82fb5d3effecd8c9071a4bba3856ad7222c4b91,0x1c6e49479d04470000,0x33ab5adce1ae22baf2e2aff7882ef382a950710e720dbee17cda204e1af42303,0,94209782,524.4557958210466,1741100365752645,Balanced Dollar,0.1302394875,bnUSD,0,1,2025-03-04
cx88fd7df7ddff82f7cc735c871dc519838cb235bb,cxa0af3165c08318e988cb30993b3048335b94af6c,cx5faae53c4dbd1fbe4a2eb4aab6565030f10da5c6,0x150c02534f3dad3,0x690a27ebdda26cc1bc46bce58f44bc89711bccb198a14f4c1ff5e70f713892cf,2,94209781,0.09478685820949986,1741100363622878,Balanced Dollar,0.056975275,bnUSD,0,1,2025-03-04
cx88fd7df7ddff82f7cc735c871dc519838cb235bb,cxa0af3165c08318e988cb30993b3048335b94af6c,hxd75467e3e4ce64e3424c747dfb71503017440433,0x36a72ac812492bf85,0x690a27ebdda26cc1bc46bce58f44bc89711bccb198a14f4c1ff5e70f713892cf,1,94209781,63.010615007158385,1741100363622878,Balanced Dollar,0.056975275,bnUSD,0,1,2025-03-04
cx288d13e1b63563459a2ac6179f237711f6851cb5,hxd75467e3e4ce64e3424c747dfb71503017440433,cxa0af3165c08318e988cb30993b3048335b94af6c,0x6a94d74f430000,0x690a27ebdda26cc1bc46bce58f44bc89711bccb198a14f4c1ff5e70f713892cf,0,94209781,0.03,1741100363622878,Ethereum,0.056975275,ETH,0,1,2025-03-04
cx88fd7df7ddff82f7cc735c871dc519838cb235bb,cxa0af3165c08318e988cb30993b3048335b94af6c,cx5faae53c4dbd1fbe4a2eb4aab6565030f10da5c6,0x5c953a056882c97,0xda15b12e87061e2c9de5eb72eb35580120df9cde90c4affed3d43cc50eca2c53,2,94209780,0.4169563886201192,1741100361602770,Balanced Dollar,0.047348325,bnUSD,0,2,2025-03-04
cx88fd7df7ddff82f7cc735c871dc519838cb235bb,cxa0af3165c08318e988cb30993b3048335b94af6c,hx2795b422d55c51caa27f5c6397561e73d73e8bff,0xf0cf263943b1027d1,0xda15b12e87061e2c9de5eb72eb35580120df9cde90c4affed3d43cc50eca2c53,1,94209780,277.6340786667596,1741100361602770,Balanced Dollar,0.047348325,bnUSD,0,2,2025-03-04
cx65c9e3d4fea842e00add0d32a5b4c5e4e04c7a6b,hx2795b422d55c51caa27f5c6397561e73d73e8bff,cxa0af3165c08318e988cb30993b3048335b94af6c,0x77359400,0xda15b12e87061e2c9de5eb72eb35580120df9cde90c4affed3d43cc50eca2c53,0,94209780,2.0,1741100361602770,Solana,0.047348325,SOL,0,2,2025-03-04
cx88fd7df7ddff82f7cc735c871dc519838cb235bb,cx21e94c08c03daee80c25d8ee3ea22a20786ec231,hx2debd9ec927cca1639da8d3518dd9dbf1cdfb357,0x15908c1db2d8f77f40,0xbdc004b1511a30236b756daaa29530f3278fbf70996c19a54b2e366bbdc7f918,5,94209780,397.79735824008316,1741100361602770,Balanced Dollar,0.08831855,bnUSD,0,1,2025-03-04
cx88fd7df7ddff82f7cc735c871dc519838cb235bb,cxa0af3165c08318e988cb30993b3048335b94af6c,cx5faae53c4dbd1fbe4a2eb4aab6565030f10da5c6,0x84ac970a79c99b5,0xbdc004b1511a30236b756daaa29530f3278fbf70996c19a54b2e366bbdc7f918,3,94209780,0.5975113862655902,1741100361602770,Balanced Dollar,0.08831855,bnUSD,0,1,2025-03-04
cx88fd7df7ddff82f7cc735c871dc519838cb235bb,cxa0af3165c08318e988cb30993b3048335b94af6c,cx21e94c08c03daee80c25d8ee3ea22a20786ec231,0x15908c1db2d8f77f40,0xbdc004b1511a30236b756daaa29530f3278fbf70996c19a54b2e366bbdc7f918,2,94209780,397.79735824008316,1741100361602770,Balanced Dollar,0.08831855,bnUSD,0,1,2025-03-04
cx66a031cc3bd305c76371fb586e93801b948254f0,cx21e94c08c03daee80c25d8ee3ea22a20786ec231,cxa0af3165c08318e988cb30993b3048335b94af6c,0x1158e460913d00000,0xbdc004b1511a30236b756daaa29530f3278fbf70996c19a54b2e366bbdc7f918,1,94209780,20.0,1741100361602770,Avalanche,0.08831855,AVAX,0,1,2025-03-04
cx66a031cc3bd305c76371fb586e93801b948254f0,hx2debd9ec927cca1639da8d3518dd9dbf1cdfb357,cx21e94c08c03daee80c25d8ee3ea22a20786ec231,0x1158e460913d00000,0xbdc004b1511a30236b756daaa29530f3278fbf70996c19a54b2e366bbdc7f918,0,94209780,20.0,1741100361602770,Avalanche,0.08831855,AVAX,0,1,2025-03-04
cx88fd7df7ddff82f7cc735c871dc519838cb235bb,cx21e94c08c03daee80c25d8ee3ea22a20786ec231,hxd75467e3e4ce64e3424c747dfb71503017440433,0x62d391e616af282bf,0x930b0067b2ef17382d3e60a90d23239cc967e34a74ca3c34c429e9608300cca3,9,94209778,113.93913365139151,1741100357619688,Balanced Dollar,0.1700009625,bnUSD,0,2,2025-03-04
cx88fd7df7ddff82f7cc735c871dc519838cb235bb,cxa0af3165c08318e988cb30993b3048335b94af6c,cx5faae53c4dbd1fbe4a2eb4aab6565030f10da5c6,0x260efabf5521733,0x930b0067b2ef17382d3e60a90d23239cc967e34a74ca3c34c429e9608300cca3,7,94209778,0.17140030767432274,1741100357619688,Balanced Dollar,0.1700009625,bnUSD,0,2,2025-03-04
cx88fd7df7ddff82f7cc735c871dc519838cb235bb,cxa0af3165c08318e988cb30993b3048335b94af6c,cx21e94c08c03daee80c25d8ee3ea22a20786ec231,0x62d391e616af282bf,0x930b0067b2ef17382d3e60a90d23239cc967e34a74ca3c34c429e9608300cca3,6,94209778,113.93913365139151,1741100357619688,Balanced Dollar,0.1700009625,bnUSD,0,2,2025-03-04
cx2609b924e33ef00b648a409245c7ea394c467824,cx21e94c08c03daee80c25d8ee3ea22a20786ec231,cxa0af3165c08318e988cb30993b3048335b94af6c,0x2b4b63fe2f62192d1e,0x930b0067b2ef17382d3e60a90d23239cc967e34a74ca3c34c429e9608300cca3,5,94209778,798.6424602245124,1741100357619688,Staked ICX,0.1700009625,sICX,0,2,2025-03-04
cx2609b924e33ef00b648a409245c7ea394c467824,cxa0af3165c08318e988cb30993b3048335b94af6c,cx5faae53c4dbd1fbe4a2eb4aab6565030f10da5c6,0x10a72a09c6899e83,0x930b0067b2ef17382d3e60a90d23239cc967e34a74ca3c34c429e9608300cca3,3,94209778,1.1999740471915066,1741100357619688,Staked ICX,0.1700009625,sICX,0,2,2025-03-04
cx2609b924e33ef00b648a409245c7ea394c467824,cxa0af3165c08318e988cb30993b3048335b94af6c,cx21e94c08c03daee80c25d8ee3ea22a20786ec231,0x2b4b63fe2f62192d1e,0x930b0067b2ef17382d3e60a90d23239cc967e34a74ca3c34c429e9608300cca3,2,94209778,798.6424602245124,1741100357619688,Staked ICX,0.1700009625,sICX,0,2,2025-03-04
cx518f64edcd35db9044a2de63fdc10abfd5f7d611,cx21e94c08c03daee80c25d8ee3ea22a20786ec231,cxa0af3165c08318e988cb30993b3048335b94af6c,0xee6b2800,0x930b0067b2ef17382d3e60a90d23239cc967e34a74ca3c34c429e9608300cca3,1,94209778,400.0,1741100357619688,Stellar,0.1700009625,XLM,0,2,2025-03-04
cx518f64edcd35db9044a2de63fdc10abfd5f7d611,hxd75467e3e4ce64e3424c747dfb71503017440433,cx21e94c08c03daee80c25d8ee3ea22a20786ec231,0xee6b2800,0x930b0067b2ef17382d3e60a90d23239cc967e34a74ca3c34c429e9608300cca3,0,94209778,400.0,1741100357619688,Stellar,0.1700009625,XLM,0,2,2025-03-04
cx88fd7df7ddff82f7cc735c871dc519838cb235bb,cxa0af3165c08318e988cb30993b3048335b94af6c,cx5faae53c4dbd1fbe4a2eb4aab6565030f10da5c6,0xaf70e4e2dedadd4,0xfce41260db308fef8edd5c4d6bd9270d07f3b2a0f2d5fb7216a57196c63ce8be,2,94209778,0.7901159885676006,1741100357619688,Balanced Dollar,0.0569629625,bnUSD,0,1,2025-03-04
cx88fd7df7ddff82f7cc735c871dc519838cb235bb,cxa0af3165c08318e988cb30993b3048335b94af6c,hx2795b422d55c51caa27f5c6397561e73d73e8bff,0x1c80bfd02eef479af5,0xfce41260db308fef8edd5c4d6bd9270d07f3b2a0f2d5fb7216a57196c63ce8be,1,94209778,525.7861967212755,1741100357619688,Balanced Dollar,0.0569629625,bnUSD,0,1,2025-03-04
cx288d13e1b63563459a2ac6179f237711f6851cb5,hx2795b422d55c51caa27f5c6397561e73d73e8bff,cxa0af3165c08318e988cb30993b3048335b94af6c,0x3782dace9d90000,0xfce41260db308fef8edd5c4d6bd9270d07f3b2a0f2d5fb7216a57196c63ce8be,0,94209778,0.25,1741100357619688,Ethereum,0.0569629625,ETH,0,1,2025-03-04
cx88fd7df7ddff82f7cc735c871dc519838cb235bb,cx21e94c08c03daee80c25d8ee3ea22a20786ec231,hx2debd9ec927cca1639da8d3518dd9dbf1cdfb357,0xf799ce5173d45209d,0x3b89705eabb2d8085ed529827adac869192e7b218f0aea574b64fea0e6433d6d,5,94209776,285.46429196857434,1741100353605545,Balanced Dollar,0.112703225,bnUSD,0,1,2025-03-04
cx88fd7df7ddff82f7cc735c871dc519838cb235bb,cxa0af3165c08318e988cb30993b3048335b94af6c,cx5faae53c4dbd1fbe4a2eb4aab6565030f10da5c6,0x5f554e6f0aeb100,0x3b89705eabb2d8085ed529827adac869192e7b218f0aea574b64fea0e6433d6d,3,94209776,0.4293426903409421,1741100353605545,Balanced Dollar,0.112703225,bnUSD,0,1,2025-03-04
cx88fd7df7ddff82f7cc735c871dc519838cb235bb,cxa0af3165c08318e988cb30993b3048335b94af6c,cx21e94c08c03daee80c25d8ee3ea22a20786ec231,0xf799ce5173d45209d,0x3b89705eabb2d8085ed529827adac869192e7b218f0aea574b64fea0e6433d6d,2,94209776,285.46429196857434,1741100353605545,Balanced Dollar,0.112703225,bnUSD,0,1,2025-03-04
cx2609b924e33ef00b648a409245c7ea394c467824,cx21e94c08c03daee80c25d8ee3ea22a20786ec231,cxa0af3165c08318e988cb30993b3048335b94af6c,0x6c6b935b8bbd400000,0x3b89705eabb2d8085ed529827adac869192e7b218f0aea574b64fea0e6433d6d,1,94209776,2000.0,1741100353605545,Staked ICX,0.112703225,sICX,0,1,2025-03-04
cx2609b924e33ef00b648a409245c7ea394c467824,hx2debd9ec927cca1639da8d3518dd9dbf1cdfb357,cx21e94c08c03daee80c25d8ee3ea22a20786ec231,0x6c6b935b8bbd400000,0x3b89705eabb2d8085ed529827adac869192e7b218f0aea574b64fea0e6433d6d,0,94209776,2000.0,1741100353605545,Staked ICX,0.112703225,sICX,0,1,2025-03-04
cx88fd7df7ddff82f7cc735c871dc519838cb235bb,cx21e94c08c03daee80c25d8ee3ea22a20786ec231,hx2debd9ec927cca1639da8d3518dd9dbf1cdfb357,0xf7c3c6babeac9cad7,0xf8132b8f8e8499097a6f191ef991bbb8dc633f39b4389f37953ddda8cd0abc45,5,94209772,285.65330965107165,1741100345796755,Balanced Dollar,0.112703225,bnUSD,0,1,2025-03-04
cx88fd7df7ddff82f7cc735c871dc519838cb235bb,cxa0af3165c08318e988cb30993b3048335b94af6c,cx5faae53c4dbd1fbe4a2eb4aab6565030f10da5c6,0x5f6576a580ba261,0xf8132b8f8e8499097a6f191ef991bbb8dc633f39b4389f37953ddda8cd0abc45,3,94209772,0.4296269287157684,1741100345796755,Balanced Dollar,0.112703225,bnUSD,0,1,2025-03-04
cx88fd7df7ddff82f7cc735c871dc519838cb235bb,cxa0af3165c08318e988cb30993b3048335b94af6c,cx21e94c08c03daee80c25d8ee3ea22a20786ec231,0xf7c3c6babeac9cad7,0xf8132b8f8e8499097a6f191ef991bbb8dc633f39b4389f37953ddda8cd0abc45,2,94209772,285.65330965107165,1741100345796755,Balanced Dollar,0.112703225,bnUSD,0,1,2025-03-04
cx2609b924e33ef00b648a409245c7ea394c467824,cx21e94c08c03daee80c25d8ee3ea22a20786ec231,cxa0af3165c08318e988cb30993b3048335b94af6c,0x6c6b935b8bbd400000,0xf8132b8f8e8499097a6f191ef991bbb8dc633f39b4389f37953ddda8cd0abc45,1,94209772,2000.0,1741100345796755,Staked ICX,0.112703225,sICX,0,1,2025-03-04
cx2609b924e33ef00b648a409245c7ea394c467824,hx2debd9ec927cca1639da8d3518dd9dbf1cdfb357,cx21e94c08c03daee80c25d8ee3ea22a20786ec231,0x6c6b935b8bbd400000,0xf8132b8f8e8499097a6f191ef991bbb8dc633f39b4389f37953ddda8cd0abc45,0,94209772,2000.0,1741100345796755,Staked ICX,0.112703225,sICX,0,1,2025-03-04
cx88fd7df7ddff82f7cc735c871dc519838cb235bb,cxa0af3165c08318e988cb30993b3048335b94af6c,cx5faae53c4dbd1fbe4a2eb4aab6565030f10da5c6,0xe95212b25550da,0xb28daedfadb70c9c8fc79773722eac6f0925fd99ae252459e75c538eccd0e005,2,94209767,0.06567390982840751,1741100335792132,Balanced Dollar,0.0569443375,bnUSD,0,1,2025-03-04
cx88fd7df7ddff82f7cc735c871dc519838cb235bb,cxa0af3165c08318e988cb30993b3048335b94af6c,hxd75467e3e4ce64e3424c747dfb71503017440433,0x25ded434098d6b858,0xb28daedfadb70c9c8fc79773722eac6f0925fd99ae252459e75c538eccd0e005,1,94209767,43.661627907148,1741100335792132,Balanced Dollar,0.0569443375,bnUSD,0,1,2025-03-04
cx4297f4b63262507623b6ad575d0d8dd2db980e4e,hxd75467e3e4ce64e3424c747dfb71503017440433,cxa0af3165c08318e988cb30993b3048335b94af6c,0x3782dace9d900000,0xb28daedfadb70c9c8fc79773722eac6f0925fd99ae252459e75c538eccd0e005,0,94209767,4.0,1741100335792132,Injective,0.0569443375,INJ,0,1,2025-03-04
cx88fd7df7ddff82f7cc735c871dc519838cb235bb,cxa0af3165c08318e988cb30993b3048335b94af6c,cx5faae53c4dbd1fbe4a2eb4aab6565030f10da5c6,0x151a4ffd7da6b54,0x664f476e4fea2db4e647d9e1bf69c160d6ec66d311f84b92c5af0a6bb57206aa,2,94209764,0.09503848589652258,1741100329794089,Balanced Dollar,0.056975275,bnUSD,0,1,2025-03-04
cx88fd7df7ddff82f7cc735c871dc519838cb235bb,cxa0af3165c08318e988cb30993b3048335b94af6c,hxd75467e3e4ce64e3424c747dfb71503017440433,0x36cc4fc9b28fec938,0x664f476e4fea2db4e647d9e1bf69c160d6ec66d311f84b92c5af0a6bb57206aa,1,94209764,63.177899215998075,1741100329794089,Balanced Dollar,0.056975275,bnUSD,0,1,2025-03-04
cx288d13e1b63563459a2ac6179f237711f6851cb5,hxd75467e3e4ce64e3424c747dfb71503017440433,cxa0af3165c08318e988cb30993b3048335b94af6c,0x6a94d74f430000,0x664f476e4fea2db4e647d9e1bf69c160d6ec66d311f84b92c5af0a6bb57206aa,0,94209764,0.03,1741100329794089,Ethereum,0.056975275,ETH,0,1,2025-03-04
cx88fd7df7ddff82f7cc735c871dc519838cb235bb,cx21e94c08c03daee80c25d8ee3ea22a20786ec231,hx2debd9ec927cca1639da8d3518dd9dbf1cdfb357,0x139531360b56125426,0x5cdc5c538933dec8aa5b3a3d046799a75ed63352ccfd128c42d0558dba321368,5,94209758,361.2385706083081,1741100317664517,Balanced Dollar,0.0786905875,bnUSD,0,2,2025-03-04
cx88fd7df7ddff82f7cc735c871dc519838cb235bb,cxa0af3165c08318e988cb30993b3048335b94af6c,cx5faae53c4dbd1fbe4a2eb4aab6565030f10da5c6,0x787c625738dfee9,0x5cdc5c538933dec8aa5b3a3d046799a75ed63352ccfd128c42d0558dba321368,3,94209758,0.5426201442762094,1741100317664517,Balanced Dollar,0.0786905875,bnUSD,0,2,2025-03-04
cx88fd7df7ddff82f7cc735c871dc519838cb235bb,cxa0af3165c08318e988cb30993b3048335b94af6c,cx21e94c08c03daee80c25d8ee3ea22a20786ec231,0x139531360b56125426,0x5cdc5c538933dec8aa5b3a3d046799a75ed63352ccfd128c42d0558dba321368,2,94209758,361.2385706083081,1741100317664517,Balanced Dollar,0.0786905875,bnUSD,0,2,2025-03-04
cx508002ec116fbf3ab406329c0df28e70d7e75fb3,cx21e94c08c03daee80c25d8ee3ea22a20786ec231,cxa0af3165c08318e988cb30993b3048335b94af6c,0x22ecb25c00,0x5cdc5c538933dec8aa5b3a3d046799a75ed63352ccfd128c42d0558dba321368,1,94209758,150.0,1741100317664517,Sui,0.0786905875,SUI,0,2,2025-03-04
cx508002ec116fbf3ab406329c0df28e70d7e75fb3,hx2debd9ec927cca1639da8d3518dd9dbf1cdfb357,cx21e94c08c03daee80c25d8ee3ea22a20786ec231,0x22ecb25c00,0x5cdc5c538933dec8aa5b3a3d046799a75ed63352ccfd128c42d0558dba321368,0,94209758,150.0,1741100317664517,Sui,0.0786905875,SUI,0,2,2025-03-04
cx88fd7df7ddff82f7cc735c871dc519838cb235bb,cxa0af3165c08318e988cb30993b3048335b94af6c,cx5faae53c4dbd1fbe4a2eb4aab6565030f10da5c6,0x151bd92d141c7f2,0x5ca9f151eea021fed88f1af75d5a2c7dedc0a5fc8503d56ee348fe2848bfb767,2,94209758,0.09506550542511512,1741100317664517,Balanced Dollar,0.0569779625,bnUSD,0,1,2025-03-04
cx88fd7df7ddff82f7cc735c871dc519838cb235bb,cxa0af3165c08318e988cb30993b3048335b94af6c,hxd75467e3e4ce64e3424c747dfb71503017440433,0x36d04cdb08cfaf13f,0x5ca9f151eea021fed88f1af75d5a2c7dedc0a5fc8503d56ee348fe2848bfb767,1,94209758,63.19586202933284,1741100317664517,Balanced Dollar,0.0569779625,bnUSD,0,1,2025-03-04
cx288d13e1b63563459a2ac6179f237711f6851cb5,hxd75467e3e4ce64e3424c747dfb71503017440433,cxa0af3165c08318e988cb30993b3048335b94af6c,0x6a94d74f430000,0x5ca9f151eea021fed88f1af75d5a2c7dedc0a5fc8503d56ee348fe2848bfb767,0,94209758,0.03,1741100317664517,Ethereum,0.0569779625,ETH,0,1,2025-03-04
cx88fd7df7ddff82f7cc735c871dc519838cb235bb,cxa0af3165c08318e988cb30993b3048335b94af6c,cx5faae53c4dbd1fbe4a2eb4aab6565030f10da5c6,0xe96e6eb08284c2,0x3c8ed804b7085135b21bc3ca1aa7de6e1ae7fb508c56eb36d3cab9d3f7788bb6,2,94209749,0.06570509126038444,1741100299576534,Balanced Dollar,0.056943025,bnUSD,0,1,2025-03-04
cx88fd7df7ddff82f7cc735c871dc519838cb235bb,cxa0af3165c08318e988cb30993b3048335b94af6c,hxd75467e3e4ce64e3424c747dfb71503017440433,0x25e36eb7c0a6ac92b,0x3c8ed804b7085135b21bc3ca1aa7de6e1ae7fb508c56eb36d3cab9d3f7788bb6,1,94209749,43.68236055370995,1741100299576534,Balanced Dollar,0.056943025,bnUSD,0,1,2025-03-04
cx4297f4b63262507623b6ad575d0d8dd2db980e4e,hxd75467e3e4ce64e3424c747dfb71503017440433,cxa0af3165c08318e988cb30993b3048335b94af6c,0x3782dace9d900000,0x3c8ed804b7085135b21bc3ca1aa7de6e1ae7fb508c56eb36d3cab9d3f7788bb6,0,94209749,4.0,1741100299576534,Injective,0.056943025,INJ,0,1,2025-03-04
cx53f8ccd5426534f82cf10cb742de033e51da72fc,hx8026678e3d08ba3203ce6161ee8e9e3b9793491f,hx8026678e3d08ba3203ce6161ee8e9e3b9793491f,0x0,0x87fba7e5f05f884fc8cacf3398def6011ab19eb18764e91e7136b30f6f034abc,0,94209731,0.0,1741100263596696,unknown_token,0.004292,$unknown,7,1,2025-03-04
cx53f8ccd5426534f82cf10cb742de033e51da72fc,hx8026678e3d08ba3203ce6161ee8e9e3b9793491f,hx8026678e3d08ba3203ce6161ee8e9e3b9793491f,0x0,0x6a20f0eb8493372335a3064845a78d8909db28cedc9766702ae9693174bf42ed,0,94209725,0.0,1741100251792628,unknown_token,0.004292,$unknown,7,1,2025-03-04
cx53f8ccd5426534f82cf10cb742de033e51da72fc,hx8026678e3d08ba3203ce6161ee8e9e3b9793491f,hx8026678e3d08ba3203ce6161ee8e9e3b9793491f,0x0,0x2b25d7a102ac5984cb5341a3ceb6d4df9d2761935e02cf745169cda1f2a4c672,0,94209717,0.0,1741100235761872,unknown_token,0.004292,$unknown,7,1,2025-03-04
cx53f8ccd5426534f82cf10cb742de033e51da72fc,hx8026678e3d08ba3203ce6161ee8e9e3b9793491f,hx8026678e3d08ba3203ce6161ee8e9e3b9793491f,0x0,0x0fdbc2f1e3d0c4cf21ca09ff73cee3dbbc083e996b6f9fa679133b2b01388873,0,94209710,0.0,1741100221583935,unknown_token,0.004292,$unknown,7,1,2025-03-04
cx53f8ccd5426534f82cf10cb742de033e51da72fc,hx8026678e3d08ba3203ce6161ee8e9e3b9793491f,hx8026678e3d08ba3203ce6161ee8e9e3b9793491f,0x0,0xce0088102f3d5e485891ed471752892c786144bdb60009ac491b3bb9438df5f0,0,94209693,0.0,1741100187539902,unknown_token,0.004292,$unknown,7,1,2025-03-04
cx53f8ccd5426534f82cf10cb742de033e51da72fc,hx9645117f1b0c7181a126c7f4f222caefc6ee7a61,hx9645117f1b0c7181a126c7f4f222caefc6ee7a61,0x0,0x5100f4cbb61d36a0c12a9ecfd09a2636e17180c9e92d4576ebcf2133f953630d,0,94209638,0.0,1741100077490279,unknown_token,0.004292,$unknown,6,1,2025-03-04
cx88fd7df7ddff82f7cc735c871dc519838cb235bb,cxa0af3165c08318e988cb30993b3048335b94af6c,cx5faae53c4dbd1fbe4a2eb4aab6565030f10da5c6,0x151d62879b9c773,0x88970df9aa2268a4d57662b4ecd4c879f7902ce466781f4fc908e7f0035d9692,2,94209635,0.09509253648074534,1741100071522069,Balanced Dollar,0.0569739625,bnUSD,0,1,2025-03-04
cx88fd7df7ddff82f7cc735c871dc519838cb235bb,cxa0af3165c08318e988cb30993b3048335b94af6c,hxd75467e3e4ce64e3424c747dfb71503017440433,0x36d44a5be50287aec,0x88970df9aa2268a4d57662b4ecd4c879f7902ce466781f4fc908e7f0035d9692,1,94209635,63.21383250648633,1741100071522069,Balanced Dollar,0.0569739625,bnUSD,0,1,2025-03-04
cx288d13e1b63563459a2ac6179f237711f6851cb5,hxd75467e3e4ce64e3424c747dfb71503017440433,cxa0af3165c08318e988cb30993b3048335b94af6c,0x6a94d74f430000,0x88970df9aa2268a4d57662b4ecd4c879f7902ce466781f4fc908e7f0035d9692,0,94209635,0.03,1741100071522069,Ethereum,0.0569739625,ETH,0,1,2025-03-04
cx88fd7df7ddff82f7cc735c871dc519838cb235bb,cxa0af3165c08318e988cb30993b3048335b94af6c,cx5faae53c4dbd1fbe4a2eb4aab6565030f10da5c6,0xe98acfdaf97090,0x010664084dc26670cfcf75edd13bf7350f3fe92e1ee3c91284f6545aded54283,2,94209632,0.06573629491022658,1741100065638334,Balanced Dollar,0.056943025,bnUSD,0,1,2025-03-04
cx88fd7df7ddff82f7cc735c871dc519838cb235bb,cxa0af3165c08318e988cb30993b3048335b94af6c,hxd75467e3e4ce64e3424c747dfb71503017440433,0x25e80a12770906e6c,0x010664084dc26670cfcf75edd13bf7350f3fe92e1ee3c91284f6545aded54283,1,94209632,43.703107974767605,1741100065638334,Balanced Dollar,0.056943025,bnUSD,0,1,2025-03-04
cx4297f4b63262507623b6ad575d0d8dd2db980e4e,hxd75467e3e4ce64e3424c747dfb71503017440433,cxa0af3165c08318e988cb30993b3048335b94af6c,0x3782dace9d900000,0x010664084dc26670cfcf75edd13bf7350f3fe92e1ee3c91284f6545aded54283,0,94209632,4.0,1741100065638334,Injective,0.056943025,INJ,0,1,2025-03-04
cx53f8ccd5426534f82cf10cb742de033e51da72fc,hx9645117f1b0c7181a126c7f4f222caefc6ee7a61,hx9645117f1b0c7181a126c7f4f222caefc6ee7a61,0x0,0xa312cab0148b22a4c6d7422e6bab290ffa5ca609c0c5d91936dc7a9c40a959ea,0,94209624,0.0,1741100049483747,unknown_token,0.004292,$unknown,6,1,2025-03-04
cx88fd7df7ddff82f7cc735c871dc519838cb235bb,cxa0af3165c08318e988cb30993b3048335b94af6c,cx5faae53c4dbd1fbe4a2eb4aab6565030f10da5c6,0x151eec0d1a67d73,0xbfd9a859c2fc1b8f30f291c5db77757893f94188244c0fb0fe4ff6d2f3faf41d,2,94209622,0.09511957906997183,1741100045709433,Balanced Dollar,0.0569739625,bnUSD,0,1,2025-03-04
cx88fd7df7ddff82f7cc735c871dc519838cb235bb,cxa0af3165c08318e988cb30993b3048335b94af6c,hxd75467e3e4ce64e3424c747dfb71503017440433,0x36d8484c57674a843,0xbfd9a859c2fc1b8f30f291c5db77757893f94188244c0fb0fe4ff6d2f3faf41d,1,94209622,63.23181065181939,1741100045709433,Balanced Dollar,0.0569739625,bnUSD,0,1,2025-03-04
cx288d13e1b63563459a2ac6179f237711f6851cb5,hxd75467e3e4ce64e3424c747dfb71503017440433,cxa0af3165c08318e988cb30993b3048335b94af6c,0x6a94d74f430000,0xbfd9a859c2fc1b8f30f291c5db77757893f94188244c0fb0fe4ff6d2f3faf41d,0,94209622,0.03,1741100045709433,Ethereum,0.0569739625,ETH,0,1,2025-03-04
cx88fd7df7ddff82f7cc735c871dc519838cb235bb,cxa0af3165c08318e988cb30993b3048335b94af6c,cx5faae53c4dbd1fbe4a2eb4aab6565030f10da5c6,0xe9a73632fc475a,0x7a61527598f405f16343a7f2235e9c029c2124eac832342afecad0a3f62a90ca,2,94209619,0.06576752079904956,1741100039673456,Balanced Dollar,0.056943025,bnUSD,0,1,2025-03-04
cx88fd7df7ddff82f7cc735c871dc519838cb235bb,cxa0af3165c08318e988cb30993b3048335b94af6c,hxd75467e3e4ce64e3424c747dfb71503017440433,0x25eca6446105244be,0x7a61527598f405f16343a7f2235e9c029c2124eac832342afecad0a3f62a90ca,1,94209619,43.723870184364195,1741100039673456,Balanced Dollar,0.056943025,bnUSD,0,1,2025-03-04
cx4297f4b63262507623b6ad575d0d8dd2db980e4e,hxd75467e3e4ce64e3424c747dfb71503017440433,cxa0af3165c08318e988cb30993b3048335b94af6c,0x3782dace9d900000,0x7a61527598f405f16343a7f2235e9c029c2124eac832342afecad0a3f62a90ca,0,94209619,4.0,1741100039673456,Injective,0.056943025,INJ,0,1,2025-03-04
cx88fd7df7ddff82f7cc735c871dc519838cb235bb,cx21e94c08c03daee80c25d8ee3ea22a20786ec231,hx2debd9ec927cca1639da8d3518dd9dbf1cdfb357,0x16ad659e27c8894ffc,0x5ba4b0a8cc764001bb6be5448ebb209f084e57a414d6de9a90dd79f2380909b5,5,94209614,418.3229362565248,1741100029701400,Balanced Dollar,0.0786970875,bnUSD,0,1,2025-03-04
cx88fd7df7ddff82f7cc735c871dc519838cb235bb,cxa0af3165c08318e988cb30993b3048335b94af6c,cx5faae53c4dbd1fbe4a2eb4aab6565030f10da5c6,0x8b5f6fb6cde643c,0x5ba4b0a8cc764001bb6be5448ebb209f084e57a414d6de9a90dd79f2380909b5,3,94209614,0.6276792828117904,1741100029701400,Balanced Dollar,0.0786970875,bnUSD,0,1,2025-03-04
cx88fd7df7ddff82f7cc735c871dc519838cb235bb,cxa0af3165c08318e988cb30993b3048335b94af6c,cx21e94c08c03daee80c25d8ee3ea22a20786ec231,0x16ad659e27c8894ffc,0x5ba4b0a8cc764001bb6be5448ebb209f084e57a414d6de9a90dd79f2380909b5,2,94209614,418.3229362565248,1741100029701400,Balanced Dollar,0.0786970875,bnUSD,0,1,2025-03-04
cx65c9e3d4fea842e00add0d32a5b4c5e4e04c7a6b,cx21e94c08c03daee80c25d8ee3ea22a20786ec231,cxa0af3165c08318e988cb30993b3048335b94af6c,0xb2d05e00,0x5ba4b0a8cc764001bb6be5448ebb209f084e57a414d6de9a90dd79f2380909b5,1,94209614,3.0,1741100029701400,Solana,0.0786970875,SOL,0,1,2025-03-04
cx65c9e3d4fea842e00add0d32a5b4c5e4e04c7a6b,hx2debd9ec927cca1639da8d3518dd9dbf1cdfb357,cx21e94c08c03daee80c25d8ee3ea22a20786ec231,0xb2d05e00,0x5ba4b0a8cc764001bb6be5448ebb209f084e57a414d6de9a90dd79f2380909b5,0,94209614,3.0,1741100029701400,Solana,0.0786970875,SOL,0,1,2025-03-04
cx88fd7df7ddff82f7cc735c871dc519838cb235bb,cx21e94c08c03daee80c25d8ee3ea22a20786ec231,hx2debd9ec927cca1639da8d3518dd9dbf1cdfb357,0x13a53f7203ba10fce8,0x54e554557da9e0a2ef7a1b3b47115e54e96a00d93224d827bfda9820b03c2fbe,5,94209610,362.3954987006045,1741100021506290,Balanced Dollar,0.078693275,bnUSD,0,1,2025-03-04
cx88fd7df7ddff82f7cc735c871dc519838cb235bb,cxa0af3165c08318e988cb30993b3048335b94af6c,cx5faae53c4dbd1fbe4a2eb4aab6565030f10da5c6,0x78df16de45e75a6,0x54e554557da9e0a2ef7a1b3b47115e54e96a00d93224d827bfda9820b03c2fbe,3,94209610,0.5443565842668231,1741100021506290,Balanced Dollar,0.078693275,bnUSD,0,1,2025-03-04
cx88fd7df7ddff82f7cc735c871dc519838cb235bb,cxa0af3165c08318e988cb30993b3048335b94af6c,cx21e94c08c03daee80c25d8ee3ea22a20786ec231,0x13a53f7203ba10fce8,0x54e554557da9e0a2ef7a1b3b47115e54e96a00d93224d827bfda9820b03c2fbe,2,94209610,362.3954987006045,1741100021506290,Balanced Dollar,0.078693275,bnUSD,0,1,2025-03-04
cx508002ec116fbf3ab406329c0df28e70d7e75fb3,cx21e94c08c03daee80c25d8ee3ea22a20786ec231,cxa0af3165c08318e988cb30993b3048335b94af6c,0x22ecb25c00,0x54e554557da9e0a2ef7a1b3b47115e54e96a00d93224d827bfda9820b03c2fbe,1,94209610,150.0,1741100021506290,Sui,0.078693275,SUI,0,1,2025-03-04
cx508002ec116fbf3ab406329c0df28e70d7e75fb3,hx2debd9ec927cca1639da8d3518dd9dbf1cdfb357,cx21e94c08c03daee80c25d8ee3ea22a20786ec231,0x22ecb25c00,0x54e554557da9e0a2ef7a1b3b47115e54e96a00d93224d827bfda9820b03c2fbe,0,94209610,150.0,1741100021506290,Sui,0.078693275,SUI,0,1,2025-03-04
cx88fd7df7ddff82f7cc735c871dc519838cb235bb,cx21e94c08c03daee80c25d8ee3ea22a20786ec231,hx2debd9ec927cca1639da8d3518dd9dbf1cdfb357,0x15a2acba8f682335fb,0xdba02e516d019086aa33e8440ea2e6a52b96998e3159834ebb1c1e8cb0a8a1a7,5,94209607,399.10357460312935,1741100015632896,Balanced Dollar,0.0883172375,bnUSD,0,1,2025-03-04
cx88fd7df7ddff82f7cc735c871dc519838cb235bb,cxa0af3165c08318e988cb30993b3048335b94af6c,cx5faae53c4dbd1fbe4a2eb4aab6565030f10da5c6,0x851c0673eb8adfe,0xdba02e516d019086aa33e8440ea2e6a52b96998e3159834ebb1c1e8cb0a8a1a7,3,94209607,0.5994717750834416,1741100015632896,Balanced Dollar,0.0883172375,bnUSD,0,1,2025-03-04
cx88fd7df7ddff82f7cc735c871dc519838cb235bb,cxa0af3165c08318e988cb30993b3048335b94af6c,cx21e94c08c03daee80c25d8ee3ea22a20786ec231,0x15a2acba8f682335fb,0xdba02e516d019086aa33e8440ea2e6a52b96998e3159834ebb1c1e8cb0a8a1a7,2,94209607,399.10357460312935,1741100015632896,Balanced Dollar,0.0883172375,bnUSD,0,1,2025-03-04
cx66a031cc3bd305c76371fb586e93801b948254f0,cx21e94c08c03daee80c25d8ee3ea22a20786ec231,cxa0af3165c08318e988cb30993b3048335b94af6c,0x1158e460913d00000,0xdba02e516d019086aa33e8440ea2e6a52b96998e3159834ebb1c1e8cb0a8a1a7,1,94209607,20.0,1741100015632896,Avalanche,0.0883172375,AVAX,0,1,2025-03-04
cx66a031cc3bd305c76371fb586e93801b948254f0,hx2debd9ec927cca1639da8d3518dd9dbf1cdfb357,cx21e94c08c03daee80c25d8ee3ea22a20786ec231,0x1158e460913d00000,0xdba02e516d019086aa33e8440ea2e6a52b96998e3159834ebb1c1e8cb0a8a1a7,0,94209607,20.0,1741100015632896,Avalanche,0.0883172375,AVAX,0,1,2025-03-04
cx88fd7df7ddff82f7cc735c871dc519838cb235bb,cxa0af3165c08318e988cb30993b3048335b94af6c,cx5faae53c4dbd1fbe4a2eb4aab6565030f10da5c6,0xe9c3a1b9cd9e3a,0x1cbb9d47b33e18a18f11be27477bce81fea9919838ab422021469694df5fd675,2,94209605,0.06579876894799418,1741100011482653,Balanced Dollar,0.056943025,bnUSD,0,1,2025-03-04
cx88fd7df7ddff82f7cc735c871dc519838cb235bb,cxa0af3165c08318e988cb30993b3048335b94af6c,hxd75467e3e4ce64e3424c747dfb71503017440433,0x25f1434db2fb995a7,0x1cbb9d47b33e18a18f11be27477bce81fea9919838ab422021469694df5fd675,1,94209605,43.74464719655965,1741100011482653,Balanced Dollar,0.056943025,bnUSD,0,1,2025-03-04
cx4297f4b63262507623b6ad575d0d8dd2db980e4e,hxd75467e3e4ce64e3424c747dfb71503017440433,cxa0af3165c08318e988cb30993b3048335b94af6c,0x3782dace9d900000,0x1cbb9d47b33e18a18f11be27477bce81fea9919838ab422021469694df5fd675,0,94209605,4.0,1741100011482653,Injective,0.056943025,INJ,0,1,2025-03-04
cx88fd7df7ddff82f7cc735c871dc519838cb235bb,cx21e94c08c03daee80c25d8ee3ea22a20786ec231,hx2debd9ec927cca1639da8d3518dd9dbf1cdfb357,0x192ac6b211f337b021,0x14fe3f42d1df5579db899b40bc9aa3eab578863beebe1f1a5be57d546a41494a,5,94209603,464.2509486278852,1741100007512700,Balanced Dollar,0.0885101125,bnUSD,0,1,2025-03-04
cx88fd7df7ddff82f7cc735c871dc519838cb235bb,cxa0af3165c08318e988cb30993b3048335b94af6c,cx5faae53c4dbd1fbe4a2eb4aab6565030f10da5c6,0x9aee17d308c33a4,0x14fe3f42d1df5579db899b40bc9aa3eab578863beebe1f1a5be57d546a41494a,3,94209603,0.6977429200906617,1741100007512700,Balanced Dollar,0.0885101125,bnUSD,0,1,2025-03-04
cx88fd7df7ddff82f7cc735c871dc519838cb235bb,cxa0af3165c08318e988cb30993b3048335b94af6c,cx21e94c08c03daee80c25d8ee3ea22a20786ec231,0x192ac6b211f337b021,0x14fe3f42d1df5579db899b40bc9aa3eab578863beebe1f1a5be57d546a41494a,2,94209603,464.2509486278852,1741100007512700,Balanced Dollar,0.0885101125,bnUSD,0,1,2025-03-04
cx288d13e1b63563459a2ac6179f237711f6851cb5,cx21e94c08c03daee80c25d8ee3ea22a20786ec231,cxa0af3165c08318e988cb30993b3048335b94af6c,0x30d98d59a960000,0x14fe3f42d1df5579db899b40bc9aa3eab578863beebe1f1a5be57d546a41494a,1,94209603,0.22,1741100007512700,Ethereum,0.0885101125,ETH,0,1,2025-03-04
cx288d13e1b63563459a2ac6179f237711f6851cb5,hx2debd9ec927cca1639da8d3518dd9dbf1cdfb357,cx21e94c08c03daee80c25d8ee3ea22a20786ec231,0x30d98d59a960000,0x14fe3f42d1df5579db899b40bc9aa3eab578863beebe1f1a5be57d546a41494a,0,94209603,0.22,1741100007512700,Ethereum,0.0885101125,ETH,0,1,2025-03-04
cx88fd7df7ddff82f7cc735c871dc519838cb235bb,cx66d4d90f5f113eba575bf793570135f9b10cece1,hx0000000000000000000000000000000000000000,0x1253af67086f6db9e,0x9ec52e56355e1b019514dc31d61717c872fd5268c0be7d6f6ec4917b8f8469bb,1,94209599,21.129471564923197,1741099999500935,Balanced Dollar,0.0778276875,bnUSD,0,3,2025-03-04
cx88fd7df7ddff82f7cc735c871dc519838cb235bb,cx21e94c08c03daee80c25d8ee3ea22a20786ec231,hx2debd9ec927cca1639da8d3518dd9dbf1cdfb357,0x11d251c754c2a8d49d,0x5df6c62ed3e453c0cc069b4c243b5572fef9107ffca429295095bf766d5d413b,5,94209599,328.74976264099786,1741099999500935,Balanced Dollar,0.088406925,bnUSD,0,2,2025-03-04
cx88fd7df7ddff82f7cc735c871dc519838cb235bb,cxa0af3165c08318e988cb30993b3048335b94af6c,cx5faae53c4dbd1fbe4a2eb4aab6565030f10da5c6,0x6da1194cc47f1cf,0x5df6c62ed3e453c0cc069b4c243b5572fef9107ffca429295095bf766d5d413b,3,94209599,0.4937264399305896,1741099999500935,Balanced Dollar,0.088406925,bnUSD,0,2,2025-03-04
cx88fd7df7ddff82f7cc735c871dc519838cb235bb,cxa0af3165c08318e988cb30993b3048335b94af6c,cx21e94c08c03daee80c25d8ee3ea22a20786ec231,0x11d251c754c2a8d49d,0x5df6c62ed3e453c0cc069b4c243b5572fef9107ffca429295095bf766d5d413b,2,94209599,328.74976264099786,1741099999500935,Balanced Dollar,0.088406925,bnUSD,0,2,2025-03-04
cx4297f4b63262507623b6ad575d0d8dd2db980e4e,cx21e94c08c03daee80c25d8ee3ea22a20786ec231,cxa0af3165c08318e988cb30993b3048335b94af6c,0x1a055690d9db80000,0x5df6c62ed3e453c0cc069b4c243b5572fef9107ffca429295095bf766d5d413b,1,94209599,30.0,1741099999500935,Injective,0.088406925,INJ,0,2,2025-03-04
cx4297f4b63262507623b6ad575d0d8dd2db980e4e,hx2debd9ec927cca1639da8d3518dd9dbf1cdfb357,cx21e94c08c03daee80c25d8ee3ea22a20786ec231,0x1a055690d9db80000,0x5df6c62ed3e453c0cc069b4c243b5572fef9107ffca429295095bf766d5d413b,0,94209599,30.0,1741099999500935,Injective,0.088406925,INJ,0,2,2025-03-04
cx88fd7df7ddff82f7cc735c871dc519838cb235bb,cxa0af3165c08318e988cb30993b3048335b94af6c,cx5faae53c4dbd1fbe4a2eb4aab6565030f10da5c6,0x152bc1effe1f7a8,0x4efe245e3c82d754eaba8dc4465d48124e1b637355756914ca93390d26021a8f,2,94209599,0.09534538345624158,1741099999500935,Balanced Dollar,0.0569739625,bnUSD,0,1,2025-03-04
cx88fd7df7ddff82f7cc735c871dc519838cb235bb,cxa0af3165c08318e988cb30993b3048335b94af6c,hxd75467e3e4ce64e3424c747dfb71503017440433,0x36f99d720bff45582,0x4efe245e3c82d754eaba8dc4465d48124e1b637355756914ca93390d26021a8f,1,94209599,63.38192736643477,1741099999500935,Balanced Dollar,0.0569739625,bnUSD,0,1,2025-03-04
cx288d13e1b63563459a2ac6179f237711f6851cb5,hxd75467e3e4ce64e3424c747dfb71503017440433,cxa0af3165c08318e988cb30993b3048335b94af6c,0x6a94d74f430000,0x4efe245e3c82d754eaba8dc4465d48124e1b637355756914ca93390d26021a8f,0,94209599,0.03,1741099999500935,Ethereum,0.0569739625,ETH,0,1,2025-03-04
cx53f8ccd5426534f82cf10cb742de033e51da72fc,hx5fc4c67c8a7027a60d79b12ad4f5e80ee1e8e725,hx5fc4c67c8a7027a60d79b12ad4f5e80ee1e8e725,0x0,0x1dc4502199708759dc22e490a6ced0f2fcd70a9d06ea58a03deeff587ed90e5c,0,94209596,0.0,1741099993492546,unknown_token,0.004292,$unknown,6,1,2025-03-04
cx88fd7df7ddff82f7cc735c871dc519838cb235bb,cx21e94c08c03daee80c25d8ee3ea22a20786ec231,hx2debd9ec927cca1639da8d3518dd9dbf1cdfb357,0x15b4e43deafaed7e60,0x1314e2a1d53d085608208aa86b32baed268042ff5cda3c51381cadcf35749369,5,94209589,400.41623684885917,1741099979680110,Balanced Dollar,0.0883172375,bnUSD,0,1,2025-03-04
cx88fd7df7ddff82f7cc735c871dc519838cb235bb,cxa0af3165c08318e988cb30993b3048335b94af6c,cx5faae53c4dbd1fbe4a2eb4aab6565030f10da5c6,0x858c02866b9fa23,0x1314e2a1d53d085608208aa86b32baed268042ff5cda3c51381cadcf35749369,3,94209589,0.6014418300086503,1741099979680110,Balanced Dollar,0.0883172375,bnUSD,0,1,2025-03-04
cx88fd7df7ddff82f7cc735c871dc519838cb235bb,cxa0af3165c08318e988cb30993b3048335b94af6c,cx21e94c08c03daee80c25d8ee3ea22a20786ec231,0x15b4e43deafaed7e60,0x1314e2a1d53d085608208aa86b32baed268042ff5cda3c51381cadcf35749369,2,94209589,400.41623684885917,1741099979680110,Balanced Dollar,0.0883172375,bnUSD,0,1,2025-03-04
cx66a031cc3bd305c76371fb586e93801b948254f0,cx21e94c08c03daee80c25d8ee3ea22a20786ec231,cxa0af3165c08318e988cb30993b3048335b94af6c,0x1158e460913d00000,0x1314e2a1d53d085608208aa86b32baed268042ff5cda3c51381cadcf35749369,1,94209589,20.0,1741099979680110,Avalanche,0.0883172375,AVAX,0,1,2025-03-04
cx66a031cc3bd305c76371fb586e93801b948254f0,hx2debd9ec927cca1639da8d3518dd9dbf1cdfb357,cx21e94c08c03daee80c25d8ee3ea22a20786ec231,0x1158e460913d00000,0x1314e2a1d53d085608208aa86b32baed268042ff5cda3c51381cadcf35749369,0,94209589,20.0,1741099979680110,Avalanche,0.0883172375,AVAX,0,1,2025-03-04
cx88fd7df7ddff82f7cc735c871dc519838cb235bb,cx21e94c08c03daee80c25d8ee3ea22a20786ec231,hxaa9c7f7e7125eec60b130165f59e392d8216078b,0x113558ca163b1e0e,0x48265759dc8139a54010fcc1bcb4747b5bf9a35869ff1a6e7fb2509623ecc6e7,15,94209587,1.2399948973900508,1741099975695719,Balanced Dollar,0.1979591625,bnUSD,0,1,2025-03-04
cx6139a27c15f1653471ffba0b4b88dc15de7e3267,cx21e94c08c03daee80c25d8ee3ea22a20786ec231,cxa0af3165c08318e988cb30993b3048335b94af6c,0x4096598336d23c3cda,0x48265759dc8139a54010fcc1bcb4747b5bf9a35869ff1a6e7fb2509623ecc6e7,14,94209587,1191.4254553675064,1741099975695719,GangstaBet Token,0.1979591625,GBET,0,1,2025-03-04
cx88fd7df7ddff82f7cc735c871dc519838cb235bb,cxa0af3165c08318e988cb30993b3048335b94af6c,cx5faae53c4dbd1fbe4a2eb4aab6565030f10da5c6,0x6a00d3cf5ad0b,0x48265759dc8139a54010fcc1bcb4747b5bf9a35869ff1a6e7fb2509623ecc6e7,12,94209587,0.001864828578016523,1741099975695719,Balanced Dollar,0.1979591625,bnUSD,0,1,2025-03-04
cx88fd7df7ddff82f7cc735c871dc519838cb235bb,cxa0af3165c08318e988cb30993b3048335b94af6c,cx21e94c08c03daee80c25d8ee3ea22a20786ec231,0x113558ca163b1e0e,0x48265759dc8139a54010fcc1bcb4747b5bf9a35869ff1a6e7fb2509623ecc6e7,11,94209587,1.2399948973900508,1741099975695719,Balanced Dollar,0.1979591625,bnUSD,0,1,2025-03-04
cx2609b924e33ef00b648a409245c7ea394c467824,cxa0af3165c08318e988cb30993b3048335b94af6c,cx5faae53c4dbd1fbe4a2eb4aab6565030f10da5c6,0x2bad84152b8b1c,0x48265759dc8139a54010fcc1bcb4747b5bf9a35869ff1a6e7fb2509623ecc6e7,9,94209587,0.012294206801021723,1741099975695719,Staked ICX,0.1979591625,sICX,0,1,2025-03-04
cx6139a27c15f1653471ffba0b4b88dc15de7e3267,cxa0af3165c08318e988cb30993b3048335b94af6c,cx21e94c08c03daee80c25d8ee3ea22a20786ec231,0x4096598336d23c3cda,0x48265759dc8139a54010fcc1bcb4747b5bf9a35869ff1a6e7fb2509623ecc6e7,8,94209587,1191.4254553675064,1741099975695719,GangstaBet Token,0.1979591625,GBET,0,1,2025-03-04
cx2609b924e33ef00b648a409245c7ea394c467824,cx21e94c08c03daee80c25d8ee3ea22a20786ec231,cxa0af3165c08318e988cb30993b3048335b94af6c,0x71be87f72164ef35,0x48265759dc8139a54010fcc1bcb4747b5bf9a35869ff1a6e7fb2509623ecc6e7,7,94209587,8.196137867347817,1741099975695719,Staked ICX,0.1979591625,sICX,0,1,2025-03-04
cx2609b924e33ef00b648a409245c7ea394c467824,cxa0af3165c08318e988cb30993b3048335b94af6c,cx5faae53c4dbd1fbe4a2eb4aab6565030f10da5c6,0x2bcf218fe84165,0x48265759dc8139a54010fcc1bcb4747b5bf9a35869ff1a6e7fb2509623ecc6e7,5,94209587,0.01233116705379159,1741099975695719,Staked ICX,0.1979591625,sICX,0,1,2025-03-04
cx2609b924e33ef00b648a409245c7ea394c467824,cxa0af3165c08318e988cb30993b3048335b94af6c,cx21e94c08c03daee80c25d8ee3ea22a20786ec231,0x71be87f72164ef35,0x48265759dc8139a54010fcc1bcb4747b5bf9a35869ff1a6e7fb2509623ecc6e7,4,94209587,8.196137867347817,1741099975695719,Staked ICX,0.1979591625,sICX,0,1,2025-03-04
cx3975b43d260fb8ec802cef6e60c2f4d07486f11d,cx21e94c08c03daee80c25d8ee3ea22a20786ec231,cxa0af3165c08318e988cb30993b3048335b94af6c,0x967604c5ad15c000,0x48265759dc8139a54010fcc1bcb4747b5bf9a35869ff1a6e7fb2509623ecc6e7,3,94209587,10.8418584,1741099975695719,Wrapped ICX,0.1979591625,wICX,0,1,2025-03-04
cx3975b43d260fb8ec802cef6e60c2f4d07486f11d,cxc7d2b2ea91af80d4535dbbee0318399d3aedb6b1,cx21e94c08c03daee80c25d8ee3ea22a20786ec231,0x967604c5ad15c000,0x48265759dc8139a54010fcc1bcb4747b5bf9a35869ff1a6e7fb2509623ecc6e7,2,94209587,10.8418584,1741099975695719,Wrapped ICX,0.1979591625,wICX,0,1,2025-03-04
cx3975b43d260fb8ec802cef6e60c2f4d07486f11d,hxaa9c7f7e7125eec60b130165f59e392d8216078b,cxc7d2b2ea91af80d4535dbbee0318399d3aedb6b1,0x9710b5a06e098000,0x48265759dc8139a54010fcc1bcb4747b5bf9a35869ff1a6e7fb2509623ecc6e7,1,94209587,10.8854,1741099975695719,Wrapped ICX,0.1979591625,wICX,0,1,2025-03-04
cx3975b43d260fb8ec802cef6e60c2f4d07486f11d,hx0000000000000000000000000000000000000000,hxaa9c7f7e7125eec60b130165f59e392d8216078b,0x9710b5a06e098000,0x48265759dc8139a54010fcc1bcb4747b5bf9a35869ff1a6e7fb2509623ecc6e7,0,94209587,10.8854,1741099975695719,Wrapped ICX,0.1979591625,wICX,0,1,2025-03-04
cx88fd7df7ddff82f7cc735c871dc519838cb235bb,cx21e94c08c03daee80c25d8ee3ea22a20786ec231,hx2debd9ec927cca1639da8d3518dd9dbf1cdfb357,0x16ccc7982bc7a2d297,0xe8d4e32ffc5a649f8e6a615ab26d22edac9b97da7e6d419f357832a4f6f96843,5,94209567,420.58429963951323,1741099935658686,Balanced Dollar,0.0787010875,bnUSD,0,1,2025-03-04
cx88fd7df7ddff82f7cc735c871dc519838cb235bb,cxa0af3165c08318e988cb30993b3048335b94af6c,cx5faae53c4dbd1fbe4a2eb4aab6565030f10da5c6,0x8c200cf7dababd3,0xe8d4e32ffc5a649f8e6a615ab26d22edac9b97da7e6d419f357832a4f6f96843,3,94209567,0.6310677889519236,1741099935658686,Balanced Dollar,0.0787010875,bnUSD,0,1,2025-03-04
cx88fd7df7ddff82f7cc735c871dc519838cb235bb,cxa0af3165c08318e988cb30993b3048335b94af6c,cx21e94c08c03daee80c25d8ee3ea22a20786ec231,0x16ccc7982bc7a2d297,0xe8d4e32ffc5a649f8e6a615ab26d22edac9b97da7e6d419f357832a4f6f96843,2,94209567,420.58429963951323,1741099935658686,Balanced Dollar,0.0787010875,bnUSD,0,1,2025-03-04
cx65c9e3d4fea842e00add0d32a5b4c5e4e04c7a6b,cx21e94c08c03daee80c25d8ee3ea22a20786ec231,cxa0af3165c08318e988cb30993b3048335b94af6c,0xb2d05e00,0xe8d4e32ffc5a649f8e6a615ab26d22edac9b97da7e6d419f357832a4f6f96843,1,94209567,3.0,1741099935658686,Solana,0.0787010875,SOL,0,1,2025-03-04
cx65c9e3d4fea842e00add0d32a5b4c5e4e04c7a6b,hx2debd9ec927cca1639da8d3518dd9dbf1cdfb357,cx21e94c08c03daee80c25d8ee3ea22a20786ec231,0xb2d05e00,0xe8d4e32ffc5a649f8e6a615ab26d22edac9b97da7e6d419f357832a4f6f96843,0,94209567,3.0,1741099935658686,Solana,0.0787010875,SOL,0,1,2025-03-04
cx88fd7df7ddff82f7cc735c871dc519838cb235bb,cxa0af3165c08318e988cb30993b3048335b94af6c,cx5faae53c4dbd1fbe4a2eb4aab6565030f10da5c6,0x286b680f3a07eac,0x49370a666eebd114aadf99b52d4b50746d210273a651314603862a6c088219c7,2,94209566,0.18203349991453457,1741099933488397,Balanced Dollar,0.0473839375,bnUSD,0,1,2025-03-04
cx88fd7df7ddff82f7cc735c871dc519838cb235bb,cxa0af3165c08318e988cb30993b3048335b94af6c,hxd75467e3e4ce64e3424c747dfb71503017440433,0x68ffe3fdcf5fd0f66,0x49370a666eebd114aadf99b52d4b50746d210273a651314603862a6c088219c7,1,94209566,121.05626525201787,1741099933488397,Balanced Dollar,0.0473839375,bnUSD,0,1,2025-03-04
cx508002ec116fbf3ab406329c0df28e70d7e75fb3,hxd75467e3e4ce64e3424c747dfb71503017440433,cxa0af3165c08318e988cb30993b3048335b94af6c,0xba43b7400,0x49370a666eebd114aadf99b52d4b50746d210273a651314603862a6c088219c7,0,94209566,50.0,1741099933488397,Sui,0.0473839375,SUI,0,1,2025-03-04
cx88fd7df7ddff82f7cc735c871dc519838cb235bb,cx21e94c08c03daee80c25d8ee3ea22a20786ec231,hx2debd9ec927cca1639da8d3518dd9dbf1cdfb357,0x11e2a327c12486b76d,0x9fdce83186688b89183290f27b41bb67ff0dcee2836cef3d3a38bc3c8c18c201,5,94209557,329.9255896373329,1741099915592207,Balanced Dollar,0.088410925,bnUSD,0,1,2025-03-04
cx88fd7df7ddff82f7cc735c871dc519838cb235bb,cxa0af3165c08318e988cb30993b3048335b94af6c,cx5faae53c4dbd1fbe4a2eb4aab6565030f10da5c6,0x6e0563697ebb41f,0x9fdce83186688b89183290f27b41bb67ff0dcee2836cef3d3a38bc3c8c18c201,3,94209557,0.495490751487784,1741099915592207,Balanced Dollar,0.088410925,bnUSD,0,1,2025-03-04
cx88fd7df7ddff82f7cc735c871dc519838cb235bb,cxa0af3165c08318e988cb30993b3048335b94af6c,cx21e94c08c03daee80c25d8ee3ea22a20786ec231,0x11e2a327c12486b76d,0x9fdce83186688b89183290f27b41bb67ff0dcee2836cef3d3a38bc3c8c18c201,2,94209557,329.9255896373329,1741099915592207,Balanced Dollar,0.088410925,bnUSD,0,1,2025-03-04
cx4297f4b63262507623b6ad575d0d8dd2db980e4e,cx21e94c08c03daee80c25d8ee3ea22a20786ec231,cxa0af3165c08318e988cb30993b3048335b94af6c,0x1a055690d9db80000,0x9fdce83186688b89183290f27b41bb67ff0dcee2836cef3d3a38bc3c8c18c201,1,94209557,30.0,1741099915592207,Injective,0.088410925,INJ,0,1,2025-03-04
cx4297f4b63262507623b6ad575d0d8dd2db980e4e,hx2debd9ec927cca1639da8d3518dd9dbf1cdfb357,cx21e94c08c03daee80c25d8ee3ea22a20786ec231,0x1a055690d9db80000,0x9fdce83186688b89183290f27b41bb67ff0dcee2836cef3d3a38bc3c8c18c201,0,94209557,30.0,1741099915592207,Injective,0.088410925,INJ,0,1,2025-03-04
cx88fd7df7ddff82f7cc735c871dc519838cb235bb,cxa0af3165c08318e988cb30993b3048335b94af6c,cx5faae53c4dbd1fbe4a2eb4aab6565030f10da5c6,0x70f199c5adb9f8,0x33353c65f73318f30f4e173c2db845123b11471e9fce30e4bee0efd64e43b82d,5,94209556,0.031790840140380666,1741099913467394,Balanced Dollar,0.115703225,bnUSD,0,1,2025-03-04
cx88fd7df7ddff82f7cc735c871dc519838cb235bb,cxa0af3165c08318e988cb30993b3048335b94af6c,cx21e94c08c03daee80c25d8ee3ea22a20786ec231,0x1254183533c99f300,0x33353c65f73318f30f4e173c2db845123b11471e9fce30e4bee0efd64e43b82d,4,94209556,21.131315320121324,1741099913467394,Balanced Dollar,0.115703225,bnUSD,0,1,2025-03-04
cx288d13e1b63563459a2ac6179f237711f6851cb5,cx21e94c08c03daee80c25d8ee3ea22a20786ec231,cxa0af3165c08318e988cb30993b3048335b94af6c,0x2386f26fc10000,0x33353c65f73318f30f4e173c2db845123b11471e9fce30e4bee0efd64e43b82d,3,94209556,0.01,1741099913467394,Ethereum,0.115703225,ETH,0,1,2025-03-04
cx288d13e1b63563459a2ac6179f237711f6851cb5,hx0000000000000000000000000000000000000000,cx21e94c08c03daee80c25d8ee3ea22a20786ec231,0x2386f26fc10000,0x33353c65f73318f30f4e173c2db845123b11471e9fce30e4bee0efd64e43b82d,1,94209556,0.01,1741099913467394,Ethereum,0.115703225,ETH,0,1,2025-03-04
cx88fd7df7ddff82f7cc735c871dc519838cb235bb,cxa0af3165c08318e988cb30993b3048335b94af6c,cx5faae53c4dbd1fbe4a2eb4aab6565030f10da5c6,0x28767636c25602e,0xc4dd30d4fa31e19874f42ac354e1ec17709ae53547a3096f828404179e642ed9,2,94209552,0.18222798664560644,1741099905477354,Balanced Dollar,0.0473839375,bnUSD,0,1,2025-03-04
cx88fd7df7ddff82f7cc735c871dc519838cb235bb,cxa0af3165c08318e988cb30993b3048335b94af6c,hxd75467e3e4ce64e3424c747dfb71503017440433,0x691c9df83e6c5cb62,0xc4dd30d4fa31e19874f42ac354e1ec17709ae53547a3096f828404179e642ed9,1,94209552,121.18563780568114,1741099905477354,Balanced Dollar,0.0473839375,bnUSD,0,1,2025-03-04
cx508002ec116fbf3ab406329c0df28e70d7e75fb3,hxd75467e3e4ce64e3424c747dfb71503017440433,cxa0af3165c08318e988cb30993b3048335b94af6c,0xba43b7400,0xc4dd30d4fa31e19874f42ac354e1ec17709ae53547a3096f828404179e642ed9,0,94209552,50.0,1741099905477354,Sui,0.0473839375,SUI,0,1,2025-03-04
cx53f8ccd5426534f82cf10cb742de033e51da72fc,hx8026678e3d08ba3203ce6161ee8e9e3b9793491f,hx8026678e3d08ba3203ce6161ee8e9e3b9793491f,0x0,0x7fa104f48b70383797fe099449abed06cc17e757765321e04011ad634464789a,0,94209550,0.0,1741099901676051,unknown_token,0.004292,$unknown,5,1,2025-03-04
cx88fd7df7ddff82f7cc735c871dc519838cb235bb,cxa0af3165c08318e988cb30993b3048335b94af6c,cx5faae53c4dbd1fbe4a2eb4aab6565030f10da5c6,0xeb8d1f1ef6b0ec,0x682608d5c22fd069d1740efdb5fe918cafd29568bb0bdaf6afc40141690e9b7a,2,94209548,0.06630178432999038,1741099897448963,Balanced Dollar,0.056943025,bnUSD,0,1,2025-03-04
cx88fd7df7ddff82f7cc735c871dc519838cb235bb,cxa0af3165c08318e988cb30993b3048335b94af6c,hxd75467e3e4ce64e3424c747dfb71503017440433,0x263b86fc9b60a553b,0x682608d5c22fd069d1740efdb5fe918cafd29568bb0bdaf6afc40141690e9b7a,1,94209548,44.07910426502197,1741099897448963,Balanced Dollar,0.056943025,bnUSD,0,1,2025-03-04
cx4297f4b63262507623b6ad575d0d8dd2db980e4e,hxd75467e3e4ce64e3424c747dfb71503017440433,cxa0af3165c08318e988cb30993b3048335b94af6c,0x3782dace9d900000,0x682608d5c22fd069d1740efdb5fe918cafd29568bb0bdaf6afc40141690e9b7a,0,94209548,4.0,1741099897448963,Injective,0.056943025,INJ,0,1,2025-03-04
cx53f8ccd5426534f82cf10cb742de033e51da72fc,hx8026678e3d08ba3203ce6161ee8e9e3b9793491f,hx8026678e3d08ba3203ce6161ee8e9e3b9793491f,0x0,0xe856f37f553eb037f138e04b2fc0d1a662ac3be5922310b27801fb8d7875052c,0,94209543,0.0,1741099887432366,unknown_token,0.0043484375,$unknown,5,1,2025-03-04
cx88fd7df7ddff82f7cc735c871dc519838cb235bb,cxa0af3165c08318e988cb30993b3048335b94af6c,cx5faae53c4dbd1fbe4a2eb4aab6565030f10da5c6,0x288188e854bfb9a,0x2d149c568b13e5ca2c2579b0da87ecd86448f56be7045041ab2df5f7061c9517,2,94209542,0.18242278530927708,1741099885645998,Balanced Dollar,0.0473839375,bnUSD,0,1,2025-03-04
cx88fd7df7ddff82f7cc735c871dc519838cb235bb,cxa0af3165c08318e988cb30993b3048335b94af6c,hxd75467e3e4ce64e3424c747dfb71503017440433,0x693963bef9090dc43,0x2d149c568b13e5ca2c2579b0da87ecd86448f56be7045041ab2df5f7061c9517,1,94209542,121.31521791244795,1741099885645998,Balanced Dollar,0.0473839375,bnUSD,0,1,2025-03-04
cx508002ec116fbf3ab406329c0df28e70d7e75fb3,hxd75467e3e4ce64e3424c747dfb71503017440433,cxa0af3165c08318e988cb30993b3048335b94af6c,0xba43b7400,0x2d149c568b13e5ca2c2579b0da87ecd86448f56be7045041ab2df5f7061c9517,0,94209542,50.0,1741099885645998,Sui,0.0473839375,SUI,0,1,2025-03-04
cx88fd7df7ddff82f7cc735c871dc519838cb235bb,cxa0af3165c08318e988cb30993b3048335b94af6c,cx5faae53c4dbd1fbe4a2eb4aab6565030f10da5c6,0xeba9e383c15242,0x56f6d1c4be58d4f94755a17d36a88b308182fdeb77dd7f756e88531feb7f98a4,2,94209538,0.0663334141601593,1741099877421275,Balanced Dollar,0.056943025,bnUSD,0,1,2025-03-04
cx88fd7df7ddff82f7cc735c871dc519838cb235bb,cxa0af3165c08318e988cb30993b3048335b94af6c,hxd75467e3e4ce64e3424c747dfb71503017440433,0x264032735fb0e72ad,0x56f6d1c4be58d4f94755a17d36a88b308182fdeb77dd7f756e88531feb7f98a4,1,94209538,44.10013508894081,1741099877421275,Balanced Dollar,0.056943025,bnUSD,0,1,2025-03-04
cx4297f4b63262507623b6ad575d0d8dd2db980e4e,hxd75467e3e4ce64e3424c747dfb71503017440433,cxa0af3165c08318e988cb30993b3048335b94af6c,0x3782dace9d900000,0x56f6d1c4be58d4f94755a17d36a88b308182fdeb77dd7f756e88531feb7f98a4,0,94209538,4.0,1741099877421275,Injective,0.056943025,INJ,0,1,2025-03-04
cx53f8ccd5426534f82cf10cb742de033e51da72fc,hx8026678e3d08ba3203ce6161ee8e9e3b9793491f,hx8026678e3d08ba3203ce6161ee8e9e3b9793491f,0x0,0x0fa16f419c27dd3e5c21ea3c54fb87ea0607feecf6cf9f509a9979d2a2ad2578,0,94209533,0.0,1741099867444732,unknown_token,0.004292,$unknown,5,1,2025-03-04
cx88fd7df7ddff82f7cc735c871dc519838cb235bb,cx21e94c08c03daee80c25d8ee3ea22a20786ec231,hx2debd9ec927cca1639da8d3518dd9dbf1cdfb357,0x15b1ac4a387f9b3d85,0x5211141efdde359574654e71a7454c6746e1bc27170855804dd6374a5035e23b,5,94209513,400.1843149951276,1741099827410498,Balanced Dollar,0.0883186125,bnUSD,0,1,2025-03-04
cx88fd7df7ddff82f7cc735c871dc519838cb235bb,cxa0af3165c08318e988cb30993b3048335b94af6c,cx5faae53c4dbd1fbe4a2eb4aab6565030f10da5c6,0x85700a250c83ea3,0x5211141efdde359574654e71a7454c6746e1bc27170855804dd6374a5035e23b,3,94209513,0.600949772417253,1741099827410498,Balanced Dollar,0.0883186125,bnUSD,0,1,2025-03-04
cx88fd7df7ddff82f7cc735c871dc519838cb235bb,cxa0af3165c08318e988cb30993b3048335b94af6c,cx21e94c08c03daee80c25d8ee3ea22a20786ec231,0x15b1ac4a387f9b3d85,0x5211141efdde359574654e71a7454c6746e1bc27170855804dd6374a5035e23b,2,94209513,400.1843149951276,1741099827410498,Balanced Dollar,0.0883186125,bnUSD,0,1,2025-03-04
cx2d552c485ec8bcaa75aac02424e2aca6ffdb2f1b,cx21e94c08c03daee80c25d8ee3ea22a20786ec231,cxa0af3165c08318e988cb30993b3048335b94af6c,0x9b6e64a8ec60000,0x5211141efdde359574654e71a7454c6746e1bc27170855804dd6374a5035e23b,1,94209513,0.7,1741099827410498,Binance Coin,0.0883186125,BNB,0,1,2025-03-04
cx2d552c485ec8bcaa75aac02424e2aca6ffdb2f1b,hx2debd9ec927cca1639da8d3518dd9dbf1cdfb357,cx21e94c08c03daee80c25d8ee3ea22a20786ec231,0x9b6e64a8ec60000,0x5211141efdde359574654e71a7454c6746e1bc27170855804dd6374a5035e23b,0,94209513,0.7,1741099827410498,Binance Coin,0.0883186125,BNB,0,1,2025-03-04
cx88fd7df7ddff82f7cc735c871dc519838cb235bb,cxa0af3165c08318e988cb30993b3048335b94af6c,cx5faae53c4dbd1fbe4a2eb4aab6565030f10da5c6,0x288ca0266ddb0ea,0xe62244b5a23e83e36f5b21b546cc545e16224e3d965fa38756bef062a448761b,2,94209512,0.18261789657305522,1741099825548244,Balanced Dollar,0.0473839375,bnUSD,0,1,2025-03-04
cx88fd7df7ddff82f7cc735c871dc519838cb235bb,cxa0af3165c08318e988cb30993b3048335b94af6c,hxd75467e3e4ce64e3424c747dfb71503017440433,0x695635587639b44d2,0xe62244b5a23e83e36f5b21b546cc545e16224e3d965fa38756bef062a448761b,1,94209512,121.445006016583,1741099825548244,Balanced Dollar,0.0473839375,bnUSD,0,1,2025-03-04
cx508002ec116fbf3ab406329c0df28e70d7e75fb3,hxd75467e3e4ce64e3424c747dfb71503017440433,cxa0af3165c08318e988cb30993b3048335b94af6c,0xba43b7400,0xe62244b5a23e83e36f5b21b546cc545e16224e3d965fa38756bef062a448761b,0,94209512,50.0,1741099825548244,Sui,0.0473839375,SUI,0,1,2025-03-04
cx88fd7df7ddff82f7cc735c871dc519838cb235bb,cx21e94c08c03daee80c25d8ee3ea22a20786ec231,hx2debd9ec927cca1639da8d3518dd9dbf1cdfb357,0x15c732ce69e37025b6,0x8973ed2d3f54b08e851a30efa7e3c5e5dc1ce8bcdf4226d93906c8d01313f0d9,5,94209510,401.73538746446644,1741099821424715,Balanced Dollar,0.0883172375,bnUSD,0,1,2025-03-04
cx88fd7df7ddff82f7cc735c871dc519838cb235bb,cxa0af3165c08318e988cb30993b3048335b94af6c,cx5faae53c4dbd1fbe4a2eb4aab6565030f10da5c6,0x85fc8c2f2139f93,0x8973ed2d3f54b08e851a30efa7e3c5e5dc1ce8bcdf4226d93906c8d01313f0d9,3,94209510,0.6034216147015188,1741099821424715,Balanced Dollar,0.0883172375,bnUSD,0,1,2025-03-04
cx88fd7df7ddff82f7cc735c871dc519838cb235bb,cxa0af3165c08318e988cb30993b3048335b94af6c,cx21e94c08c03daee80c25d8ee3ea22a20786ec231,0x15c732ce69e37025b6,0x8973ed2d3f54b08e851a30efa7e3c5e5dc1ce8bcdf4226d93906c8d01313f0d9,2,94209510,401.73538746446644,1741099821424715,Balanced Dollar,0.0883172375,bnUSD,0,1,2025-03-04
cx66a031cc3bd305c76371fb586e93801b948254f0,cx21e94c08c03daee80c25d8ee3ea22a20786ec231,cxa0af3165c08318e988cb30993b3048335b94af6c,0x1158e460913d00000,0x8973ed2d3f54b08e851a30efa7e3c5e5dc1ce8bcdf4226d93906c8d01313f0d9,1,94209510,20.0,1741099821424715,Avalanche,0.0883172375,AVAX,0,1,2025-03-04
cx66a031cc3bd305c76371fb586e93801b948254f0,hx2debd9ec927cca1639da8d3518dd9dbf1cdfb357,cx21e94c08c03daee80c25d8ee3ea22a20786ec231,0x1158e460913d00000,0x8973ed2d3f54b08e851a30efa7e3c5e5dc1ce8bcdf4226d93906c8d01313f0d9,0,94209510,20.0,1741099821424715,Avalanche,0.0883172375,AVAX,0,1,2025-03-04
cx508002ec116fbf3ab406329c0df28e70d7e75fb3,cx21e94c08c03daee80c25d8ee3ea22a20786ec231,hx0000000000000000000000000000000000000000,0x13103a74ee,0xd074edd6f16af3b43b20cd8afc5c40ddee64ac6a785788bbb89284b34ebf8288,7,94209477,81.876645102,1741099755428913,Sui,0.106542975,SUI,0,1,2025-03-04
cx88fd7df7ddff82f7cc735c871dc519838cb235bb,cxa0af3165c08318e988cb30993b3048335b94af6c,cx5faae53c4dbd1fbe4a2eb4aab6565030f10da5c6,0x429d069189e0000,0xd074edd6f16af3b43b20cd8afc5c40ddee64ac6a785788bbb89284b34ebf8288,3,94209477,0.3,1741099755428913,Balanced Dollar,0.106542975,bnUSD,0,1,2025-03-04
cx508002ec116fbf3ab406329c0df28e70d7e75fb3,cxa0af3165c08318e988cb30993b3048335b94af6c,cx21e94c08c03daee80c25d8ee3ea22a20786ec231,0x13103a74ee,0xd074edd6f16af3b43b20cd8afc5c40ddee64ac6a785788bbb89284b34ebf8288,2,94209477,81.876645102,1741099755428913,Sui,0.106542975,SUI,0,1,2025-03-04
cx88fd7df7ddff82f7cc735c871dc519838cb235bb,cx21e94c08c03daee80c25d8ee3ea22a20786ec231,cxa0af3165c08318e988cb30993b3048335b94af6c,0xad78ebc5ac6200000,0xd074edd6f16af3b43b20cd8afc5c40ddee64ac6a785788bbb89284b34ebf8288,1,94209477,200.0,1741099755428913,Balanced Dollar,0.106542975,bnUSD,0,1,2025-03-04
cx88fd7df7ddff82f7cc735c871dc519838cb235bb,hxdf36c569368c483c4fbced3bdb2385f00e360a1b,cx21e94c08c03daee80c25d8ee3ea22a20786ec231,0xad78ebc5ac6200000,0xd074edd6f16af3b43b20cd8afc5c40ddee64ac6a785788bbb89284b34ebf8288,0,94209477,200.0,1741099755428913,Balanced Dollar,0.106542975,bnUSD,0,1,2025-03-04
cx88fd7df7ddff82f7cc735c871dc519838cb235bb,cxa0af3165c08318e988cb30993b3048335b94af6c,cx5faae53c4dbd1fbe4a2eb4aab6565030f10da5c6,0xed39d5d254900c,0x3f18a0049b784e523dac4961fea5a22969cb293333c458b82325451c510c271b,2,94209453,0.06677316000000001,1741099707406527,Balanced Dollar,0.0563614,bnUSD,0,1,2025-03-04
cx4297f4b63262507623b6ad575d0d8dd2db980e4e,cxa0af3165c08318e988cb30993b3048335b94af6c,hxd75467e3e4ce64e3424c747dfb71503017440433,0x37b2c5498ad4e089,0x3f18a0049b784e523dac4961fea5a22969cb293333c458b82325451c510c271b,1,94209453,4.013487137593025,1741099707406527,Injective,0.0563614,INJ,0,1,2025-03-04
cx88fd7df7ddff82f7cc735c871dc519838cb235bb,hxd75467e3e4ce64e3424c747dfb71503017440433,cxa0af3165c08318e988cb30993b3048335b94af6c,0x269c69cd3bc372000,0x3f18a0049b784e523dac4961fea5a22969cb293333c458b82325451c510c271b,0,94209453,44.515440000000005,1741099707406527,Balanced Dollar,0.0563614,bnUSD,0,1,2025-03-04
cx53f8ccd5426534f82cf10cb742de033e51da72fc,hx8026678e3d08ba3203ce6161ee8e9e3b9793491f,hx8026678e3d08ba3203ce6161ee8e9e3b9793491f,0x0,0x1b9e03a99151b9a4526a4d3f4a6ccc884aa11e32db200350548960d2c6d4df3e,0,94209451,0.0,1741099703392783,unknown_token,0.004292,$unknown,5,1,2025-03-04
cx53f8ccd5426534f82cf10cb742de033e51da72fc,hx8026678e3d08ba3203ce6161ee8e9e3b9793491f,hx8026678e3d08ba3203ce6161ee8e9e3b9793491f,0x0,0xd44e1a957a9f9f5506c9b932be000b0ac79b67a0b26db9c8d6d978185a58cdb3,0,94209446,0.0,1741099693404010,unknown_token,0.004292,$unknown,5,1,2025-03-04
cx53f8ccd5426534f82cf10cb742de033e51da72fc,hx8026678e3d08ba3203ce6161ee8e9e3b9793491f,hx8026678e3d08ba3203ce6161ee8e9e3b9793491f,0x0,0xe6ae8e13c34061a182de9f5e21ff90550c3bf204aef84c801474d986a789d0e6,0,94209435,0.0,1741099671380488,unknown_token,0.004292,$unknown,5,1,2025-03-04
cx88fd7df7ddff82f7cc735c871dc519838cb235bb,cxa0af3165c08318e988cb30993b3048335b94af6c,cx5faae53c4dbd1fbe4a2eb4aab6565030f10da5c6,0x1b049ad9fe8b000,0xbee1dbfb7451204a132bdc21284b7a71235e03318c297e130f762ccfa537535f,2,94209428,0.1216782,1741099657396085,Balanced Dollar,0.0563089625,bnUSD,0,1,2025-03-04
cx66a031cc3bd305c76371fb586e93801b948254f0,cxa0af3165c08318e988cb30993b3048335b94af6c,hxd75467e3e4ce64e3424c747dfb71503017440433,0x37a2b45739f7afbb,0xbee1dbfb7451204a132bdc21284b7a71235e03318c297e130f762ccfa537535f,1,94209428,4.008964905040851,1741099657396085,Avalanche,0.0563089625,AVAX,0,1,2025-03-04
cx88fd7df7ddff82f7cc735c871dc519838cb235bb,hxd75467e3e4ce64e3424c747dfb71503017440433,cxa0af3165c08318e988cb30993b3048335b94af6c,0x465bfded06df50000,0xbee1dbfb7451204a132bdc21284b7a71235e03318c297e130f762ccfa537535f,0,94209428,81.1188,1741099657396085,Balanced Dollar,0.0563089625,bnUSD,0,1,2025-03-04
cx88fd7df7ddff82f7cc735c871dc519838cb235bb,cxa0af3165c08318e988cb30993b3048335b94af6c,cx5faae53c4dbd1fbe4a2eb4aab6565030f10da5c6,0xed0351f3ec280c,0x70bc93b4a598c059815b8f9b2411c60d7e9bcdaadce7361ff700423eba93932c,2,94209424,0.06671322000000002,1741099649353443,Balanced Dollar,0.0563614,bnUSD,0,1,2025-03-04
cx4297f4b63262507623b6ad575d0d8dd2db980e4e,cxa0af3165c08318e988cb30993b3048335b94af6c,hxd75467e3e4ce64e3424c747dfb71503017440433,0x37acccbc79df73f0,0x70bc93b4a598c059815b8f9b2411c60d7e9bcdaadce7361ff700423eba93932c,1,94209424,4.011806477950874,1741099649353443,Injective,0.0563614,INJ,0,1,2025-03-04
cx88fd7df7ddff82f7cc735c871dc519838cb235bb,hxd75467e3e4ce64e3424c747dfb71503017440433,cxa0af3165c08318e988cb30993b3048335b94af6c,0x26938a56b36fda000,0x70bc93b4a598c059815b8f9b2411c60d7e9bcdaadce7361ff700423eba93932c,0,94209424,44.47548000000001,1741099649353443,Balanced Dollar,0.0563614,bnUSD,0,1,2025-03-04
cx53f8ccd5426534f82cf10cb742de033e51da72fc,hx8026678e3d08ba3203ce6161ee8e9e3b9793491f,hx8026678e3d08ba3203ce6161ee8e9e3b9793491f,0x0,0xec5708ab33d763adb950cd4de04da0a5e14b0323aa680c198706b2df0426b7a9,0,94209421,0.0,1741099643385331,unknown_token,0.004292,$unknown,5,1,2025-03-04
cx88fd7df7ddff82f7cc735c871dc519838cb235bb,cxa0af3165c08318e988cb30993b3048335b94af6c,cx5faae53c4dbd1fbe4a2eb4aab6565030f10da5c6,0x28d8410cdd9baf9,0x73187f8682e86c87e139ad4cb0c7b00fc67b061b60c577a26d548863a60885a3,2,94209420,0.1839483675,1741099641480933,Balanced Dollar,0.0460560875,bnUSD,0,1,2025-03-04
cx508002ec116fbf3ab406329c0df28e70d7e75fb3,cxa0af3165c08318e988cb30993b3048335b94af6c,hxd75467e3e4ce64e3424c747dfb71503017440433,0xbb49a5ff0,0x73187f8682e86c87e139ad4cb0c7b00fc67b061b60c577a26d548863a60885a3,1,94209420,50.27465624,1741099641480933,Sui,0.0460560875,SUI,0,1,2025-03-04
cx88fd7df7ddff82f7cc735c871dc519838cb235bb,hxd75467e3e4ce64e3424c747dfb71503017440433,cxa0af3165c08318e988cb30993b3048335b94af6c,0x6a5dd411811ac4000,0x73187f8682e86c87e139ad4cb0c7b00fc67b061b60c577a26d548863a60885a3,0,94209420,122.632245,1741099641480933,Balanced Dollar,0.0460560875,bnUSD,0,1,2025-03-04
cx53f8ccd5426534f82cf10cb742de033e51da72fc,hx8026678e3d08ba3203ce6161ee8e9e3b9793491f,hx8026678e3d08ba3203ce6161ee8e9e3b9793491f,0x0,0x993bd1ffdaab01de0d36613a2ea6e5274bb0c4e79853421fa444be0bdfa73991,0,94209413,0.0,1741099627363129,unknown_token,0.004292,$unknown,5,1,2025-03-04
cx88fd7df7ddff82f7cc735c871dc519838cb235bb,cxa0af3165c08318e988cb30993b3048335b94af6c,cx5faae53c4dbd1fbe4a2eb4aab6565030f10da5c6,0x28ac62efe597fe7,0x6fb932c832e981278b015499882bf84b2d0b71a7c693398225113e135cccfd7e,2,94209410,0.18317663999999997,1741099621353957,Balanced Dollar,0.0460560875,bnUSD,0,1,2025-03-04
cx508002ec116fbf3ab406329c0df28e70d7e75fb3,cxa0af3165c08318e988cb30993b3048335b94af6c,hxd75467e3e4ce64e3424c747dfb71503017440433,0xbab3cfa77,0x6fb932c832e981278b015499882bf84b2d0b71a7c693398225113e135cccfd7e,1,94209410,50.117540471,1741099621353957,Sui,0.0460560875,SUI,0,1,2025-03-04
cx88fd7df7ddff82f7cc735c871dc519838cb235bb,hxd75467e3e4ce64e3424c747dfb71503017440433,cxa0af3165c08318e988cb30993b3048335b94af6c,0x69eb96fb65e67c000,0x6fb932c832e981278b015499882bf84b2d0b71a7c693398225113e135cccfd7e,0,94209410,122.11775999999999,1741099621353957,Balanced Dollar,0.0460560875,bnUSD,0,1,2025-03-04
cx88fd7df7ddff82f7cc735c871dc519838cb235bb,cxa0af3165c08318e988cb30993b3048335b94af6c,cx5faae53c4dbd1fbe4a2eb4aab6565030f10da5c6,0xed39d5d254900c,0xc038f901de858545d5f1b65f88af3d03e6f28cc23ee0ad920f22d078dee08a03,2,94209399,0.06677316000000001,1741099599356621,Balanced Dollar,0.0563614,bnUSD,0,1,2025-03-04
cx4297f4b63262507623b6ad575d0d8dd2db980e4e,cxa0af3165c08318e988cb30993b3048335b94af6c,hxd75467e3e4ce64e3424c747dfb71503017440433,0x37c071fd400f9576,0xc038f901de858545d5f1b65f88af3d03e6f28cc23ee0ad920f22d078dee08a03,1,94209399,4.01733620012991,1741099599356621,Injective,0.0563614,INJ,0,1,2025-03-04
cx88fd7df7ddff82f7cc735c871dc519838cb235bb,hxd75467e3e4ce64e3424c747dfb71503017440433,cxa0af3165c08318e988cb30993b3048335b94af6c,0x269c69cd3bc372000,0xc038f901de858545d5f1b65f88af3d03e6f28cc23ee0ad920f22d078dee08a03,0,94209399,44.515440000000005,1741099599356621,Balanced Dollar,0.0563614,bnUSD,0,1,2025-03-04
cx88fd7df7ddff82f7cc735c871dc519838cb235bb,cxa0af3165c08318e988cb30993b3048335b94af6c,cx5faae53c4dbd1fbe4a2eb4aab6565030f10da5c6,0x1b01329c1804800,0x0568e107f3098d6b529685dff670839b4d8624ce33389bd5ba93ab8f565b7919,2,94209396,0.12161826,1741099593375494,Balanced Dollar,0.0563089625,bnUSD,0,1,2025-03-04
cx66a031cc3bd305c76371fb586e93801b948254f0,cxa0af3165c08318e988cb30993b3048335b94af6c,hxd75467e3e4ce64e3424c747dfb71503017440433,0x37a51aa1c0334bf0,0x0568e107f3098d6b529685dff670839b4d8624ce33389bd5ba93ab8f565b7919,1,94209396,4.009640325259939,1741099593375494,Avalanche,0.0563089625,AVAX,0,1,2025-03-04
cx88fd7df7ddff82f7cc735c871dc519838cb235bb,hxd75467e3e4ce64e3424c747dfb71503017440433,cxa0af3165c08318e988cb30993b3048335b94af6c,0x46531e767e8bb8000,0x0568e107f3098d6b529685dff670839b4d8624ce33389bd5ba93ab8f565b7919,0,94209396,81.07884,1741099593375494,Balanced Dollar,0.0563089625,bnUSD,0,1,2025-03-04
cx53f8ccd5426534f82cf10cb742de033e51da72fc,hx05d0dd049dff3baf33320efd3aefe0c21e573a66,hx05d0dd049dff3baf33320efd3aefe0c21e573a66,0x0,0x6a10ba99e1b1be7e06d95818dd48228f44e9dd2dc53243dfa44a17f02e382296,0,94209395,0.0,1741099591441934,unknown_token,0.004292,$unknown,4,1,2025-03-04
cx288d13e1b63563459a2ac6179f237711f6851cb5,cx21e94c08c03daee80c25d8ee3ea22a20786ec231,hx2debd9ec927cca1639da8d3518dd9dbf1cdfb357,0x30d970914929470,0x6e02ca19598e095cd25ec70e54e3f6f5f16b6ef96c3f524d3734cfc97508d8f0,5,94209394,0.21999802206667274,1741099589478550,Ethereum,0.0884873125,ETH,0,1,2025-03-04
cx88fd7df7ddff82f7cc735c871dc519838cb235bb,cxa0af3165c08318e988cb30993b3048335b94af6c,cx5faae53c4dbd1fbe4a2eb4aab6565030f10da5c6,0x9b9d9079e1b0f0c,0x6e02ca19598e095cd25ec70e54e3f6f5f16b6ef96c3f524d3734cfc97508d8f0,3,94209394,0.7008298437733947,1741099589478550,Balanced Dollar,0.0884873125,bnUSD,0,1,2025-03-04
cx288d13e1b63563459a2ac6179f237711f6851cb5,cxa0af3165c08318e988cb30993b3048335b94af6c,cx21e94c08c03daee80c25d8ee3ea22a20786ec231,0x30d970914929470,0x6e02ca19598e095cd25ec70e54e3f6f5f16b6ef96c3f524d3734cfc97508d8f0,2,94209394,0.21999802206667274,1741099589478550,Ethereum,0.0884873125,ETH,0,1,2025-03-04
cx88fd7df7ddff82f7cc735c871dc519838cb235bb,cx21e94c08c03daee80c25d8ee3ea22a20786ec231,cxa0af3165c08318e988cb30993b3048335b94af6c,0x1953fa83d666772f40,0x6e02ca19598e095cd25ec70e54e3f6f5f16b6ef96c3f524d3734cfc97508d8f0,1,94209394,467.2198958489298,1741099589478550,Balanced Dollar,0.0884873125,bnUSD,0,1,2025-03-04
cx88fd7df7ddff82f7cc735c871dc519838cb235bb,hx2debd9ec927cca1639da8d3518dd9dbf1cdfb357,cx21e94c08c03daee80c25d8ee3ea22a20786ec231,0x1953fa83d666772f40,0x6e02ca19598e095cd25ec70e54e3f6f5f16b6ef96c3f524d3734cfc97508d8f0,0,94209394,467.2198958489298,1741099589478550,Balanced Dollar,0.0884873125,bnUSD,0,1,2025-03-04
cx65c9e3d4fea842e00add0d32a5b4c5e4e04c7a6b,cx21e94c08c03daee80c25d8ee3ea22a20786ec231,hx2debd9ec927cca1639da8d3518dd9dbf1cdfb357,0xb2cff4d1,0x6313ebadcf053a93632f2498cca6bc533fe62fd7581947deb3e188ecdc21daef,10,94209388,2.999973073,1741099577322456,Solana,0.1201448875,SOL,0,1,2025-03-04
cx88fd7df7ddff82f7cc735c871dc519838cb235bb,cx203d9cd2a669be67177e997b8948ce2c35caffae,cx835b300dcfe01f0bdb794e134a0c5628384f4367,0x18120221f430ab064,0x6313ebadcf053a93632f2498cca6bc533fe62fd7581947deb3e188ecdc21daef,7,94209388,27.751218421521102,1741099577322456,Balanced Dollar,0.1201448875,bnUSD,0,1,2025-03-04
cx88fd7df7ddff82f7cc735c871dc519838cb235bb,cx5faae53c4dbd1fbe4a2eb4aab6565030f10da5c6,cx203d9cd2a669be67177e997b8948ce2c35caffae,0x2262de79a5fc6208f,0x6313ebadcf053a93632f2498cca6bc533fe62fd7581947deb3e188ecdc21daef,5,94209388,39.64459774503015,1741099577322456,Balanced Dollar,0.1201448875,bnUSD,0,1,2025-03-04
cx88fd7df7ddff82f7cc735c871dc519838cb235bb,cx5faae53c4dbd1fbe4a2eb4aab6565030f10da5c6,cxdc30a0d3a1f131565c071272a20bc0b06fd4c17b,0x2262de79a5fc6208f,0x6313ebadcf053a93632f2498cca6bc533fe62fd7581947deb3e188ecdc21daef,4,94209388,39.64459774503015,1741099577322456,Balanced Dollar,0.1201448875,bnUSD,0,1,2025-03-04
cx88fd7df7ddff82f7cc735c871dc519838cb235bb,cxa0af3165c08318e988cb30993b3048335b94af6c,cx5faae53c4dbd1fbe4a2eb4aab6565030f10da5c6,0x8cec8d57b541410,0x6313ebadcf053a93632f2498cca6bc533fe62fd7581947deb3e188ecdc21daef,3,94209388,0.6346654167285156,1741099577322456,Balanced Dollar,0.1201448875,bnUSD,0,1,2025-03-04
cx65c9e3d4fea842e00add0d32a5b4c5e4e04c7a6b,cxa0af3165c08318e988cb30993b3048335b94af6c,cx21e94c08c03daee80c25d8ee3ea22a20786ec231,0xb2cff4d1,0x6313ebadcf053a93632f2498cca6bc533fe62fd7581947deb3e188ecdc21daef,2,94209388,2.999973073,1741099577322456,Solana,0.1201448875,SOL,0,1,2025-03-04
cx88fd7df7ddff82f7cc735c871dc519838cb235bb,cx21e94c08c03daee80c25d8ee3ea22a20786ec231,cxa0af3165c08318e988cb30993b3048335b94af6c,0x16efd5abf12af43f00,0x6313ebadcf053a93632f2498cca6bc533fe62fd7581947deb3e188ecdc21daef,1,94209388,423.1102778190104,1741099577322456,Balanced Dollar,0.1201448875,bnUSD,0,1,2025-03-04
cx88fd7df7ddff82f7cc735c871dc519838cb235bb,hx2debd9ec927cca1639da8d3518dd9dbf1cdfb357,cx21e94c08c03daee80c25d8ee3ea22a20786ec231,0x16efd5abf12af43f00,0x6313ebadcf053a93632f2498cca6bc533fe62fd7581947deb3e188ecdc21daef,0,94209388,423.1102778190104,1741099577322456,Balanced Dollar,0.1201448875,bnUSD,0,1,2025-03-04
cx53f8ccd5426534f82cf10cb742de033e51da72fc,hx8026678e3d08ba3203ce6161ee8e9e3b9793491f,hx8026678e3d08ba3203ce6161ee8e9e3b9793491f,0x0,0x46733d9b3b710d1577e4f3acf7c377670d30588f8a6f8107078026993a4604f8,0,94209362,0.0,1741099525437357,unknown_token,0.004292,$unknown,4,1,2025-03-04
cx88fd7df7ddff82f7cc735c871dc519838cb235bb,cx21e94c08c03daee80c25d8ee3ea22a20786ec231,hx2debd9ec927cca1639da8d3518dd9dbf1cdfb357,0x11f0d130e2a3d64106,0xbac8d4593740bc840f84b61ffdc5dbc1ef7d386413cfa2137606d9a88de31b4f,5,94209360,330.9473538422671,1741099521335949,Balanced Dollar,0.0884122375,bnUSD,0,1,2025-03-04
cx88fd7df7ddff82f7cc735c871dc519838cb235bb,cxa0af3165c08318e988cb30993b3048335b94af6c,cx5faae53c4dbd1fbe4a2eb4aab6565030f10da5c6,0x6e5c89756ce6fc1,0xbac8d4593740bc840f84b61ffdc5dbc1ef7d386413cfa2137606d9a88de31b4f,3,94209360,0.49702388621629434,1741099521335949,Balanced Dollar,0.0884122375,bnUSD,0,1,2025-03-04
cx88fd7df7ddff82f7cc735c871dc519838cb235bb,cxa0af3165c08318e988cb30993b3048335b94af6c,cx21e94c08c03daee80c25d8ee3ea22a20786ec231,0x11f0d130e2a3d64106,0xbac8d4593740bc840f84b61ffdc5dbc1ef7d386413cfa2137606d9a88de31b4f,2,94209360,330.9473538422671,1741099521335949,Balanced Dollar,0.0884122375,bnUSD,0,1,2025-03-04
cx4297f4b63262507623b6ad575d0d8dd2db980e4e,cx21e94c08c03daee80c25d8ee3ea22a20786ec231,cxa0af3165c08318e988cb30993b3048335b94af6c,0x1a055690d9db80000,0xbac8d4593740bc840f84b61ffdc5dbc1ef7d386413cfa2137606d9a88de31b4f,1,94209360,30.0,1741099521335949,Injective,0.0884122375,INJ,0,1,2025-03-04
cx4297f4b63262507623b6ad575d0d8dd2db980e4e,hx2debd9ec927cca1639da8d3518dd9dbf1cdfb357,cx21e94c08c03daee80c25d8ee3ea22a20786ec231,0x1a055690d9db80000,0xbac8d4593740bc840f84b61ffdc5dbc1ef7d386413cfa2137606d9a88de31b4f,0,94209360,30.0,1741099521335949,Injective,0.0884122375,INJ,0,1,2025-03-04
cx53f8ccd5426534f82cf10cb742de033e51da72fc,hx8026678e3d08ba3203ce6161ee8e9e3b9793491f,hx8026678e3d08ba3203ce6161ee8e9e3b9793491f,0x0,0xd4ab6d33a5817d9296eead7e4700a01f067888c1e4f222dcc39f15fc295b910f,0,94209358,0.0,1741099517416247,unknown_token,0.0043484375,$unknown,4,1,2025-03-04
cx88fd7df7ddff82f7cc735c871dc519838cb235bb,hxa7b7a53c0cc78d39fc8e9d9444890fe7733e9142,hx0000000000000000000000000000000000000000,0x36d7f9ffd895dc06cf,0x3b5e0235c4a571366ecf2f09d1b373ba2b74b7fd37c16188f259750a6b6a542a,0,94209348,1011.6869312733635,1741099497314018,Balanced Dollar,0.0604533125,bnUSD,0,1,2025-03-04
cx53f8ccd5426534f82cf10cb742de033e51da72fc,hx8026678e3d08ba3203ce6161ee8e9e3b9793491f,hx8026678e3d08ba3203ce6161ee8e9e3b9793491f,0x0,0xcc418f1c429ec0a48bf4af3d40e044d7763b3c98fbfd20074e121f4e632fbac5,0,94209338,0.0,1741099477291649,unknown_token,0.004292,$unknown,4,1,2025-03-04
cx53f8ccd5426534f82cf10cb742de033e51da72fc,hx8026678e3d08ba3203ce6161ee8e9e3b9793491f,hx8026678e3d08ba3203ce6161ee8e9e3b9793491f,0x0,0xc748b6aeca14e1e5408fee7d0cfc4f0ac4bbdd0a4b4058513d3220d39f0dbb37,0,94209334,0.0,1741099469307232,unknown_token,0.0043484375,$unknown,4,1,2025-03-04
cx88fd7df7ddff82f7cc735c871dc519838cb235bb,cx21e94c08c03daee80c25d8ee3ea22a20786ec231,hxa7b7a53c0cc78d39fc8e9d9444890fe7733e9142,0x36d93cebdf3f283364,0x6b04858be90be8079cc6ad5ceee3aad1e0dceda74a30143d02291faaa51752cf,9,94209333,1011.7778257292186,1741099467414922,Balanced Dollar,0.175209625,bnUSD,0,1,2025-03-04
cx88fd7df7ddff82f7cc735c871dc519838cb235bb,cxa0af3165c08318e988cb30993b3048335b94af6c,cx5faae53c4dbd1fbe4a2eb4aab6565030f10da5c6,0x1519b8fcf12007ba,0x6b04858be90be8079cc6ad5ceee3aad1e0dceda74a30143d02291faaa51752cf,7,94209333,1.5204497457309307,1741099467414922,Balanced Dollar,0.175209625,bnUSD,0,1,2025-03-04
cx88fd7df7ddff82f7cc735c871dc519838cb235bb,cxa0af3165c08318e988cb30993b3048335b94af6c,cx21e94c08c03daee80c25d8ee3ea22a20786ec231,0x36d93cebdf3f283364,0x6b04858be90be8079cc6ad5ceee3aad1e0dceda74a30143d02291faaa51752cf,6,94209333,1011.7778257292186,1741099467414922,Balanced Dollar,0.175209625,bnUSD,0,1,2025-03-04
cx2609b924e33ef00b648a409245c7ea394c467824,cx21e94c08c03daee80c25d8ee3ea22a20786ec231,cxa0af3165c08318e988cb30993b3048335b94af6c,0x17f71da78fea1017de3,0x6b04858be90be8079cc6ad5ceee3aad1e0dceda74a30143d02291faaa51752cf,5,94209333,7073.306982936985,1741099467414922,Staked ICX,0.175209625,sICX,0,1,2025-03-04
cx2609b924e33ef00b648a409245c7ea394c467824,hx0000000000000000000000000000000000000000,cx21e94c08c03daee80c25d8ee3ea22a20786ec231,0x17f71da78fea1017de3,0x6b04858be90be8079cc6ad5ceee3aad1e0dceda74a30143d02291faaa51752cf,3,94209333,7073.306982936985,1741099467414922,Staked ICX,0.175209625,sICX,0,1,2025-03-04
cx53f8ccd5426534f82cf10cb742de033e51da72fc,hx8026678e3d08ba3203ce6161ee8e9e3b9793491f,hx8026678e3d08ba3203ce6161ee8e9e3b9793491f,0x0,0x9b6be070f63e32a8de8fcbe26767ae1929c48ab7e6c200d57c975d7a33f1dcfe,0,94209322,0.0,1741099445494713,unknown_token,0.004292,$unknown,4,1,2025-03-04
cx88fd7df7ddff82f7cc735c871dc519838cb235bb,cx21e94c08c03daee80c25d8ee3ea22a20786ec231,hx2debd9ec927cca1639da8d3518dd9dbf1cdfb357,0x16ccbb8e690386d264,0xd25bb79b7f3e65edb934441137a6eb8ddce4c17afac5dbe29c49f47a55019c2e,5,94209321,420.5809112076742,1741099443314443,Balanced Dollar,0.0787024,bnUSD,0,2,2025-03-04
cx88fd7df7ddff82f7cc735c871dc519838cb235bb,cxa0af3165c08318e988cb30993b3048335b94af6c,cx5faae53c4dbd1fbe4a2eb4aab6565030f10da5c6,0x8c1fc2fb9e9326b,0xd25bb79b7f3e65edb934441137a6eb8ddce4c17afac5dbe29c49f47a55019c2e,3,94209321,0.6310627047213103,1741099443314443,Balanced Dollar,0.0787024,bnUSD,0,2,2025-03-04
cx88fd7df7ddff82f7cc735c871dc519838cb235bb,cxa0af3165c08318e988cb30993b3048335b94af6c,cx21e94c08c03daee80c25d8ee3ea22a20786ec231,0x16ccbb8e690386d264,0xd25bb79b7f3e65edb934441137a6eb8ddce4c17afac5dbe29c49f47a55019c2e,2,94209321,420.5809112076742,1741099443314443,Balanced Dollar,0.0787024,bnUSD,0,2,2025-03-04
cx65c9e3d4fea842e00add0d32a5b4c5e4e04c7a6b,cx21e94c08c03daee80c25d8ee3ea22a20786ec231,cxa0af3165c08318e988cb30993b3048335b94af6c,0xb2d05e00,0xd25bb79b7f3e65edb934441137a6eb8ddce4c17afac5dbe29c49f47a55019c2e,1,94209321,3.0,1741099443314443,Solana,0.0787024,SOL,0,2,2025-03-04
cx65c9e3d4fea842e00add0d32a5b4c5e4e04c7a6b,hx2debd9ec927cca1639da8d3518dd9dbf1cdfb357,cx21e94c08c03daee80c25d8ee3ea22a20786ec231,0xb2d05e00,0xd25bb79b7f3e65edb934441137a6eb8ddce4c17afac5dbe29c49f47a55019c2e,0,94209321,3.0,1741099443314443,Solana,0.0787024,SOL,0,2,2025-03-04
cx53f8ccd5426534f82cf10cb742de033e51da72fc,hx8026678e3d08ba3203ce6161ee8e9e3b9793491f,hx8026678e3d08ba3203ce6161ee8e9e3b9793491f,0x0,0x4dbee25bb2d20e3623c2d5333e4a8728a9a472135a3ac401d5c927a9b4f4ec95,0,94209318,0.0,1741099437296033,unknown_token,0.0043484375,$unknown,4,1,2025-03-04
cx88fd7df7ddff82f7cc735c871dc519838cb235bb,cx21e94c08c03daee80c25d8ee3ea22a20786ec231,hx2debd9ec927cca1639da8d3518dd9dbf1cdfb357,0x15d232a6e8f915e459,0x41a36f7c274a56ab40c66dbccf096fb25e4a4c4ad21ca967e40aa894be278609,5,94209301,402.5279775642426,1741099403287116,Balanced Dollar,0.08831855,bnUSD,0,1,2025-03-04
cx88fd7df7ddff82f7cc735c871dc519838cb235bb,cxa0af3165c08318e988cb30993b3048335b94af6c,cx5faae53c4dbd1fbe4a2eb4aab6565030f10da5c6,0x864029ed2ba5585,0x41a36f7c274a56ab40c66dbccf096fb25e4a4c4ad21ca967e40aa894be278609,3,94209301,0.6046111311380044,1741099403287116,Balanced Dollar,0.08831855,bnUSD,0,1,2025-03-04
cx88fd7df7ddff82f7cc735c871dc519838cb235bb,cxa0af3165c08318e988cb30993b3048335b94af6c,cx21e94c08c03daee80c25d8ee3ea22a20786ec231,0x15d232a6e8f915e459,0x41a36f7c274a56ab40c66dbccf096fb25e4a4c4ad21ca967e40aa894be278609,2,94209301,402.5279775642426,1741099403287116,Balanced Dollar,0.08831855,bnUSD,0,1,2025-03-04
cx66a031cc3bd305c76371fb586e93801b948254f0,cx21e94c08c03daee80c25d8ee3ea22a20786ec231,cxa0af3165c08318e988cb30993b3048335b94af6c,0x1158e460913d00000,0x41a36f7c274a56ab40c66dbccf096fb25e4a4c4ad21ca967e40aa894be278609,1,94209301,20.0,1741099403287116,Avalanche,0.08831855,AVAX,0,1,2025-03-04
cx66a031cc3bd305c76371fb586e93801b948254f0,hx2debd9ec927cca1639da8d3518dd9dbf1cdfb357,cx21e94c08c03daee80c25d8ee3ea22a20786ec231,0x1158e460913d00000,0x41a36f7c274a56ab40c66dbccf096fb25e4a4c4ad21ca967e40aa894be278609,0,94209301,20.0,1741099403287116,Avalanche,0.08831855,AVAX,0,1,2025-03-04
cx88fd7df7ddff82f7cc735c871dc519838cb235bb,hx2795b422d55c51caa27f5c6397561e73d73e8bff,cxd82fb5d3effecd8c9071a4bba3856ad7222c4b91,0x105f01398815e00000,0x9190b590c256598cf86e106537a01a739f0abc43313b70386b2231a5cc9673a1,0,94209297,301.99372134457803,1741099395474982,Balanced Dollar,0.0518103,bnUSD,0,4,2025-03-04
cx53f8ccd5426534f82cf10cb742de033e51da72fc,hx8026678e3d08ba3203ce6161ee8e9e3b9793491f,hx8026678e3d08ba3203ce6161ee8e9e3b9793491f,0x0,0xbf95525421aa08f6a1f7961e5831a331e9b1393ab1f31d4d6f55061b10ccddb3,0,94209297,0.0,1741099395474982,unknown_token,0.004292,$unknown,3,3,2025-03-04
cx88fd7df7ddff82f7cc735c871dc519838cb235bb,cx21e94c08c03daee80c25d8ee3ea22a20786ec231,hx2debd9ec927cca1639da8d3518dd9dbf1cdfb357,0xf882b4b900b6b4bfe,0x0c9f67808c1cb037a1614b3caa3f206d1ef1b636e293a1ceb1557c5acdb7e3ee,5,94209297,286.51318040083896,1741099395474982,Balanced Dollar,0.112703225,bnUSD,0,2,2025-03-04
cx88fd7df7ddff82f7cc735c871dc519838cb235bb,cxa0af3165c08318e988cb30993b3048335b94af6c,cx5faae53c4dbd1fbe4a2eb4aab6565030f10da5c6,0x5faef6e93baaf6e,0x0c9f67808c1cb037a1614b3caa3f206d1ef1b636e293a1ceb1557c5acdb7e3ee,3,94209297,0.43091997257123005,1741099395474982,Balanced Dollar,0.112703225,bnUSD,0,2,2025-03-04
cx88fd7df7ddff82f7cc735c871dc519838cb235bb,cxa0af3165c08318e988cb30993b3048335b94af6c,cx21e94c08c03daee80c25d8ee3ea22a20786ec231,0xf882b4b900b6b4bfe,0x0c9f67808c1cb037a1614b3caa3f206d1ef1b636e293a1ceb1557c5acdb7e3ee,2,94209297,286.51318040083896,1741099395474982,Balanced Dollar,0.112703225,bnUSD,0,2,2025-03-04
cx2609b924e33ef00b648a409245c7ea394c467824,cx21e94c08c03daee80c25d8ee3ea22a20786ec231,cxa0af3165c08318e988cb30993b3048335b94af6c,0x6c6b935b8bbd400000,0x0c9f67808c1cb037a1614b3caa3f206d1ef1b636e293a1ceb1557c5acdb7e3ee,1,94209297,2000.0,1741099395474982,Staked ICX,0.112703225,sICX,0,2,2025-03-04
cx2609b924e33ef00b648a409245c7ea394c467824,hx2debd9ec927cca1639da8d3518dd9dbf1cdfb357,cx21e94c08c03daee80c25d8ee3ea22a20786ec231,0x6c6b935b8bbd400000,0x0c9f67808c1cb037a1614b3caa3f206d1ef1b636e293a1ceb1557c5acdb7e3ee,0,94209297,2000.0,1741099395474982,Staked ICX,0.112703225,sICX,0,2,2025-03-04
cxf61cd5a45dc9f91c15aa65831a30a90d59a09619,cx9345f80d6c98357ccbb70392b14162199c2c5f66,cxd82fb5d3effecd8c9071a4bba3856ad7222c4b91,0x29a68847246fb0,0x83571bec4d349fcdf5471cd862afb55086cb31bc63c9e0f33fd8aef6116258d9,4,94209297,0.011723578284470192,1741099395474982,Balance Token,0.1302173625,BALN,0,1,2025-03-04
cx2609b924e33ef00b648a409245c7ea394c467824,cx9345f80d6c98357ccbb70392b14162199c2c5f66,cxd82fb5d3effecd8c9071a4bba3856ad7222c4b91,0x2dd0cbbde9c893b,0x83571bec4d349fcdf5471cd862afb55086cb31bc63c9e0f33fd8aef6116258d9,3,94209297,0.2063351589621292,1741099395474982,Staked ICX,0.1302173625,sICX,0,1,2025-03-04
cx88fd7df7ddff82f7cc735c871dc519838cb235bb,hx0000000000000000000000000000000000000000,cx5faae53c4dbd1fbe4a2eb4aab6565030f10da5c6,0x0,0x83571bec4d349fcdf5471cd862afb55086cb31bc63c9e0f33fd8aef6116258d9,2,94209297,0.0,1741099395474982,Balanced Dollar,0.1302173625,bnUSD,0,1,2025-03-04
cx88fd7df7ddff82f7cc735c871dc519838cb235bb,hx0000000000000000000000000000000000000000,cxd82fb5d3effecd8c9071a4bba3856ad7222c4b91,0x75ffba9c471c70,0x83571bec4d349fcdf5471cd862afb55086cb31bc63c9e0f33fd8aef6116258d9,1,94209297,0.03321374922605272,1741099395474982,Balanced Dollar,0.1302173625,bnUSD,0,1,2025-03-04
cx88fd7df7ddff82f7cc735c871dc519838cb235bb,hx2795b422d55c51caa27f5c6397561e73d73e8bff,cxd82fb5d3effecd8c9071a4bba3856ad7222c4b91,0x1c8a9b65a9d0c20000,0x83571bec4d349fcdf5471cd862afb55086cb31bc63c9e0f33fd8aef6116258d9,0,94209297,526.4965224425179,1741099395474982,Balanced Dollar,0.1302173625,bnUSD,0,1,2025-03-04
cx88fd7df7ddff82f7cc735c871dc519838cb235bb,cxa0af3165c08318e988cb30993b3048335b94af6c,cx5faae53c4dbd1fbe4a2eb4aab6565030f10da5c6,0x65052dd00b3d475,0xd15214502de94c050c34bce51b7066a073938f7a4ed13052df394901fcb3e895,2,94209294,0.4549546715174555,1741099389429309,Balanced Dollar,0.0568859625,bnUSD,0,1,2025-03-04
cx88fd7df7ddff82f7cc735c871dc519838cb235bb,cxa0af3165c08318e988cb30993b3048335b94af6c,hx2795b422d55c51caa27f5c6397561e73d73e8bff,0x1069bfa928cd58cda0,0xd15214502de94c050c34bce51b7066a073938f7a4ed13052df394901fcb3e895,1,94209294,302.7679002665959,1741099389429309,Balanced Dollar,0.0568859625,bnUSD,0,1,2025-03-04
cx66a031cc3bd305c76371fb586e93801b948254f0,hx2795b422d55c51caa27f5c6397561e73d73e8bff,cxa0af3165c08318e988cb30993b3048335b94af6c,0xd02ab486cedc0000,0xd15214502de94c050c34bce51b7066a073938f7a4ed13052df394901fcb3e895,0,94209294,15.0,1741099389429309,Avalanche,0.0568859625,AVAX,0,1,2025-03-04
cx53f8ccd5426534f82cf10cb742de033e51da72fc,hx8026678e3d08ba3203ce6161ee8e9e3b9793491f,hx8026678e3d08ba3203ce6161ee8e9e3b9793491f,0x0,0xea608d4c0360bf60a55ef9787681f95028a75259889cf0ca5b6b23d27e9942ba,0,94209293,0.0,1741099387288033,unknown_token,0.004292,$unknown,3,1,2025-03-04
cx88fd7df7ddff82f7cc735c871dc519838cb235bb,cxa0af3165c08318e988cb30993b3048335b94af6c,cx5faae53c4dbd1fbe4a2eb4aab6565030f10da5c6,0x286f43a970bafa8,0xb78318d9d51a63fd2dcbad3dd02a663ad8d4e5bab493ffba25e45aec200308e5,2,94209292,0.18210136743448976,1741099385460647,Balanced Dollar,0.04738525,bnUSD,0,3,2025-03-04
cx88fd7df7ddff82f7cc735c871dc519838cb235bb,cxa0af3165c08318e988cb30993b3048335b94af6c,hxd75467e3e4ce64e3424c747dfb71503017440433,0x6909ea397e0dd0161,0xb78318d9d51a63fd2dcbad3dd02a663ad8d4e5bab493ffba25e45aec200308e5,1,94209292,121.10141090274719,1741099385460647,Balanced Dollar,0.04738525,bnUSD,0,3,2025-03-04
cx508002ec116fbf3ab406329c0df28e70d7e75fb3,hxd75467e3e4ce64e3424c747dfb71503017440433,cxa0af3165c08318e988cb30993b3048335b94af6c,0xba43b7400,0xb78318d9d51a63fd2dcbad3dd02a663ad8d4e5bab493ffba25e45aec200308e5,0,94209292,50.0,1741099385460647,Sui,0.04738525,SUI,0,3,2025-03-04
cx88fd7df7ddff82f7cc735c871dc519838cb235bb,cx21e94c08c03daee80c25d8ee3ea22a20786ec231,hx2debd9ec927cca1639da8d3518dd9dbf1cdfb357,0x16be3020525812b5f6,0x20db47beae41894c84813388ec52ace63518bb827c392f9e11e3d2b3f2093f98,5,94209292,419.53285882573556,1741099385460647,Balanced Dollar,0.0883578,bnUSD,0,2,2025-03-04
cx88fd7df7ddff82f7cc735c871dc519838cb235bb,cxa0af3165c08318e988cb30993b3048335b94af6c,cx5faae53c4dbd1fbe4a2eb4aab6565030f10da5c6,0x8c0c06056a71ac1,0x20db47beae41894c84813388ec52ace63518bb827c392f9e11e3d2b3f2093f98,3,94209292,0.6307154678350548,1741099385460647,Balanced Dollar,0.0883578,bnUSD,0,2,2025-03-04
cx88fd7df7ddff82f7cc735c871dc519838cb235bb,cxa0af3165c08318e988cb30993b3048335b94af6c,cx21e94c08c03daee80c25d8ee3ea22a20786ec231,0x16be3020525812b5f6,0x20db47beae41894c84813388ec52ace63518bb827c392f9e11e3d2b3f2093f98,2,94209292,419.53285882573556,1741099385460647,Balanced Dollar,0.0883578,bnUSD,0,2,2025-03-04
cx07b184a37f03c6ab681fcbd0b45aec6dc3eafbeb,cx21e94c08c03daee80c25d8ee3ea22a20786ec231,cxa0af3165c08318e988cb30993b3048335b94af6c,0x11c37937e08000,0x20db47beae41894c84813388ec52ace63518bb827c392f9e11e3d2b3f2093f98,1,94209292,0.005,1741099385460647,Bitcoin,0.0883578,BTC,0,2,2025-03-04
cx07b184a37f03c6ab681fcbd0b45aec6dc3eafbeb,hx2debd9ec927cca1639da8d3518dd9dbf1cdfb357,cx21e94c08c03daee80c25d8ee3ea22a20786ec231,0x11c37937e08000,0x20db47beae41894c84813388ec52ace63518bb827c392f9e11e3d2b3f2093f98,0,94209292,0.005,1741099385460647,Bitcoin,0.0883578,BTC,0,2,2025-03-04
cx88fd7df7ddff82f7cc735c871dc519838cb235bb,cxa0af3165c08318e988cb30993b3048335b94af6c,cx5faae53c4dbd1fbe4a2eb4aab6565030f10da5c6,0xb01f866f068f559,0x2e9a674ada9f2f6d189b3745378abc9288913182b3502a95d7129808df4fae64,2,94209292,0.793188130397681,1741099385460647,Balanced Dollar,0.0569629625,bnUSD,0,1,2025-03-04
cx88fd7df7ddff82f7cc735c871dc519838cb235bb,cxa0af3165c08318e988cb30993b3048335b94af6c,hx2795b422d55c51caa27f5c6397561e73d73e8bff,0x1c9d233311f77357c7,0x2e9a674ada9f2f6d189b3745378abc9288913182b3502a95d7129808df4fae64,1,94209292,527.831784104266,1741099385460647,Balanced Dollar,0.0569629625,bnUSD,0,1,2025-03-04
cx288d13e1b63563459a2ac6179f237711f6851cb5,hx2795b422d55c51caa27f5c6397561e73d73e8bff,cxa0af3165c08318e988cb30993b3048335b94af6c,0x3782dace9d90000,0x2e9a674ada9f2f6d189b3745378abc9288913182b3502a95d7129808df4fae64,0,94209292,0.25,1741099385460647,Ethereum,0.0569629625,ETH,0,1,2025-03-04
cxf61cd5a45dc9f91c15aa65831a30a90d59a09619,cx9345f80d6c98357ccbb70392b14162199c2c5f66,cxd82fb5d3effecd8c9071a4bba3856ad7222c4b91,0xbe67014538da0,0xc8959eb13b86e9e7c8a814f7ff9de2e002efa2fbad768e64d593ede24fc861c7,4,94209290,0.003349593795562912,1741099381383243,Balance Token,0.1302173625,BALN,0,1,2025-03-04
cx2609b924e33ef00b648a409245c7ea394c467824,cx9345f80d6c98357ccbb70392b14162199c2c5f66,cxd82fb5d3effecd8c9071a4bba3856ad7222c4b91,0xd1715a3f9a705a,0xc8959eb13b86e9e7c8a814f7ff9de2e002efa2fbad768e64d593ede24fc861c7,3,94209290,0.058952902560608346,1741099381383243,Staked ICX,0.1302173625,sICX,0,1,2025-03-04
cx88fd7df7ddff82f7cc735c871dc519838cb235bb,hx0000000000000000000000000000000000000000,cx5faae53c4dbd1fbe4a2eb4aab6565030f10da5c6,0x0,0xc8959eb13b86e9e7c8a814f7ff9de2e002efa2fbad768e64d593ede24fc861c7,2,94209290,0.0,1741099381383243,Balanced Dollar,0.1302173625,bnUSD,0,1,2025-03-04
cx88fd7df7ddff82f7cc735c871dc519838cb235bb,hx0000000000000000000000000000000000000000,cxd82fb5d3effecd8c9071a4bba3856ad7222c4b91,0x2275e1108e1d5f,0xc8959eb13b86e9e7c8a814f7ff9de2e002efa2fbad768e64d593ede24fc861c7,1,94209290,0.009699758714002783,1741099381383243,Balanced Dollar,0.1302173625,bnUSD,0,1,2025-03-04
cx88fd7df7ddff82f7cc735c871dc519838cb235bb,hx2795b422d55c51caa27f5c6397561e73d73e8bff,cxd82fb5d3effecd8c9071a4bba3856ad7222c4b91,0x1cab4d73f648760000,0xc8959eb13b86e9e7c8a814f7ff9de2e002efa2fbad768e64d593ede24fc861c7,0,94209290,528.8524837191746,1741099381383243,Balanced Dollar,0.1302173625,bnUSD,0,1,2025-03-04
cx53f8ccd5426534f82cf10cb742de033e51da72fc,hx8026678e3d08ba3203ce6161ee8e9e3b9793491f,hx8026678e3d08ba3203ce6161ee8e9e3b9793491f,0x0,0xc0bb19834b9b54aed9166ba30cec070bf0400268babdf34f27681d26e72a925c,0,94209288,0.0,1741099377267885,unknown_token,0.004292,$unknown,3,4,2025-03-04
cx88fd7df7ddff82f7cc735c871dc519838cb235bb,cxa0af3165c08318e988cb30993b3048335b94af6c,cx5faae53c4dbd1fbe4a2eb4aab6565030f10da5c6,0xb08a981858eb446,0x1efd43bef505371e80645e01d303e6c71651694b16c5d27d73c2a4733bfb3512,2,94209288,0.7950717079874898,1741099377267885,Balanced Dollar,0.0569629625,bnUSD,0,3,2025-03-04
cx88fd7df7ddff82f7cc735c871dc519838cb235bb,cxa0af3165c08318e988cb30993b3048335b94af6c,hx2795b422d55c51caa27f5c6397561e73d73e8bff,0x1cae8af4ddfbf4d7ac,0x1efd43bef505371e80645e01d303e6c71651694b16c5d27d73c2a4733bfb3512,1,94209288,529.0859682075051,1741099377267885,Balanced Dollar,0.0569629625,bnUSD,0,3,2025-03-04
cx288d13e1b63563459a2ac6179f237711f6851cb5,hx2795b422d55c51caa27f5c6397561e73d73e8bff,cxa0af3165c08318e988cb30993b3048335b94af6c,0x3782dace9d90000,0x1efd43bef505371e80645e01d303e6c71651694b16c5d27d73c2a4733bfb3512,0,94209288,0.25,1741099377267885,Ethereum,0.0569629625,ETH,0,3,2025-03-04
cx88fd7df7ddff82f7cc735c871dc519838cb235bb,cx21e94c08c03daee80c25d8ee3ea22a20786ec231,hx2debd9ec927cca1639da8d3518dd9dbf1cdfb357,0x194be1f088c6b049ea,0xc37e54564e8dffa365cf79e44b8288036bf934b23f9e8af936605785d32d5f5f,5,94209288,466.63651773558297,1741099377267885,Balanced Dollar,0.088511425,bnUSD,0,2,2025-03-04
cx88fd7df7ddff82f7cc735c871dc519838cb235bb,cxa0af3165c08318e988cb30993b3048335b94af6c,cx5faae53c4dbd1fbe4a2eb4aab6565030f10da5c6,0x9bb9ca8603f6683,0xc37e54564e8dffa365cf79e44b8288036bf934b23f9e8af936605785d32d5f5f,3,94209288,0.7013264139694506,1741099377267885,Balanced Dollar,0.088511425,bnUSD,0,2,2025-03-04
cx88fd7df7ddff82f7cc735c871dc519838cb235bb,cxa0af3165c08318e988cb30993b3048335b94af6c,cx21e94c08c03daee80c25d8ee3ea22a20786ec231,0x194be1f088c6b049ea,0xc37e54564e8dffa365cf79e44b8288036bf934b23f9e8af936605785d32d5f5f,2,94209288,466.63651773558297,1741099377267885,Balanced Dollar,0.088511425,bnUSD,0,2,2025-03-04
cx288d13e1b63563459a2ac6179f237711f6851cb5,cx21e94c08c03daee80c25d8ee3ea22a20786ec231,cxa0af3165c08318e988cb30993b3048335b94af6c,0x30d98d59a960000,0xc37e54564e8dffa365cf79e44b8288036bf934b23f9e8af936605785d32d5f5f,1,94209288,0.22,1741099377267885,Ethereum,0.088511425,ETH,0,2,2025-03-04
cx288d13e1b63563459a2ac6179f237711f6851cb5,hx2debd9ec927cca1639da8d3518dd9dbf1cdfb357,cx21e94c08c03daee80c25d8ee3ea22a20786ec231,0x30d98d59a960000,0xc37e54564e8dffa365cf79e44b8288036bf934b23f9e8af936605785d32d5f5f,0,94209288,0.22,1741099377267885,Ethereum,0.088511425,ETH,0,2,2025-03-04
cxf61cd5a45dc9f91c15aa65831a30a90d59a09619,cx9345f80d6c98357ccbb70392b14162199c2c5f66,cxd82fb5d3effecd8c9071a4bba3856ad7222c4b91,0x429102f1b360370,0xae9bde2d52307c15861a07af40c64ce2773476e1f3efa09f1518f3eb1154718d,4,94209288,0.29978864470288064,1741099377267885,Balance Token,0.13022205,BALN,0,1,2025-03-04
cx2609b924e33ef00b648a409245c7ea394c467824,cx9345f80d6c98357ccbb70392b14162199c2c5f66,cxd82fb5d3effecd8c9071a4bba3856ad7222c4b91,0x4939210d3c7e4777,0xae9bde2d52307c15861a07af40c64ce2773476e1f3efa09f1518f3eb1154718d,3,94209288,5.276284779174447,1741099377267885,Staked ICX,0.13022205,sICX,0,1,2025-03-04
cx88fd7df7ddff82f7cc735c871dc519838cb235bb,hx0000000000000000000000000000000000000000,cx5faae53c4dbd1fbe4a2eb4aab6565030f10da5c6,0x0,0xae9bde2d52307c15861a07af40c64ce2773476e1f3efa09f1518f3eb1154718d,2,94209288,0.0,1741099377267885,Balanced Dollar,0.13022205,bnUSD,0,1,2025-03-04
cx88fd7df7ddff82f7cc735c871dc519838cb235bb,hx0000000000000000000000000000000000000000,cxd82fb5d3effecd8c9071a4bba3856ad7222c4b91,0xbb6be5922ce44c4,0xae9bde2d52307c15861a07af40c64ce2773476e1f3efa09f1518f3eb1154718d,1,94209288,0.8440712702238569,1741099377267885,Balanced Dollar,0.13022205,bnUSD,0,1,2025-03-04
cx88fd7df7ddff82f7cc735c871dc519838cb235bb,hx2795b422d55c51caa27f5c6397561e73d73e8bff,cxd82fb5d3effecd8c9071a4bba3856ad7222c4b91,0x1cbcc359f8b5370000,0xae9bde2d52307c15861a07af40c64ce2773476e1f3efa09f1518f3eb1154718d,0,94209288,530.1106482881835,1741099377267885,Balanced Dollar,0.13022205,bnUSD,0,1,2025-03-04
cx88fd7df7ddff82f7cc735c871dc519838cb235bb,cxa0af3165c08318e988cb30993b3048335b94af6c,cx5faae53c4dbd1fbe4a2eb4aab6565030f10da5c6,0xb154eb52b4911c9,0xf43fc95b12169a4909c052c7e77be8d94111bf92dfbb75c7a837d39a7986ba18,2,94209285,0.7986310489503872,1741099371278644,Balanced Dollar,0.0569629625,bnUSD,0,1,2025-03-04
cx88fd7df7ddff82f7cc735c871dc519838cb235bb,cxa0af3165c08318e988cb30993b3048335b94af6c,hx2795b422d55c51caa27f5c6397561e73d73e8bff,0x1ccf6ee50ccb6370a3,0xf43fc95b12169a4909c052c7e77be8d94111bf92dfbb75c7a837d39a7986ba18,1,94209285,531.4559701202713,1741099371278644,Balanced Dollar,0.0569629625,bnUSD,0,1,2025-03-04
cx288d13e1b63563459a2ac6179f237711f6851cb5,hx2795b422d55c51caa27f5c6397561e73d73e8bff,cxa0af3165c08318e988cb30993b3048335b94af6c,0x3782dace9d90000,0xf43fc95b12169a4909c052c7e77be8d94111bf92dfbb75c7a837d39a7986ba18,0,94209285,0.25,1741099371278644,Ethereum,0.0569629625,ETH,0,1,2025-03-04
cx88fd7df7ddff82f7cc735c871dc519838cb235bb,cx21e94c08c03daee80c25d8ee3ea22a20786ec231,hx2debd9ec927cca1639da8d3518dd9dbf1cdfb357,0x12014c93c12e762e9b,0xf7038a18db639518ffa205595f2c6030953f2f87dc40df95e3352ab44f92d466,5,94209284,332.13500547695736,1741099369271187,Balanced Dollar,0.0884122375,bnUSD,0,1,2025-03-04
cx88fd7df7ddff82f7cc735c871dc519838cb235bb,cxa0af3165c08318e988cb30993b3048335b94af6c,cx5faae53c4dbd1fbe4a2eb4aab6565030f10da5c6,0x6ec1d5875a4aa13,0xf7038a18db639518ffa205595f2c6030953f2f87dc40df95e3352ab44f92d466,3,94209284,0.4988059244993357,1741099369271187,Balanced Dollar,0.0884122375,bnUSD,0,1,2025-03-04
cx88fd7df7ddff82f7cc735c871dc519838cb235bb,cxa0af3165c08318e988cb30993b3048335b94af6c,cx21e94c08c03daee80c25d8ee3ea22a20786ec231,0x12014c93c12e762e9b,0xf7038a18db639518ffa205595f2c6030953f2f87dc40df95e3352ab44f92d466,2,94209284,332.13500547695736,1741099369271187,Balanced Dollar,0.0884122375,bnUSD,0,1,2025-03-04
cx4297f4b63262507623b6ad575d0d8dd2db980e4e,cx21e94c08c03daee80c25d8ee3ea22a20786ec231,cxa0af3165c08318e988cb30993b3048335b94af6c,0x1a055690d9db80000,0xf7038a18db639518ffa205595f2c6030953f2f87dc40df95e3352ab44f92d466,1,94209284,30.0,1741099369271187,Injective,0.0884122375,INJ,0,1,2025-03-04
cx4297f4b63262507623b6ad575d0d8dd2db980e4e,hx2debd9ec927cca1639da8d3518dd9dbf1cdfb357,cx21e94c08c03daee80c25d8ee3ea22a20786ec231,0x1a055690d9db80000,0xf7038a18db639518ffa205595f2c6030953f2f87dc40df95e3352ab44f92d466,0,94209284,30.0,1741099369271187,Injective,0.0884122375,INJ,0,1,2025-03-04
cx88fd7df7ddff82f7cc735c871dc519838cb235bb,cx21e94c08c03daee80c25d8ee3ea22a20786ec231,hx2debd9ec927cca1639da8d3518dd9dbf1cdfb357,0xf8ace86e44691dcc3,0x1572b1ba9b0ee935fdcc078e87234398974ffbda6c6d665edd38d77995b5208e,5,94209280,286.70324124307433,1741099361317777,Balanced Dollar,0.112703225,bnUSD,0,1,2025-03-04
cx88fd7df7ddff82f7cc735c871dc519838cb235bb,cxa0af3165c08318e988cb30993b3048335b94af6c,cx5faae53c4dbd1fbe4a2eb4aab6565030f10da5c6,0x5fbf35f27733158,0x1572b1ba9b0ee935fdcc078e87234398974ffbda6c6d665edd38d77995b5208e,3,94209280,0.4312057793533177,1741099361317777,Balanced Dollar,0.112703225,bnUSD,0,1,2025-03-04
cx88fd7df7ddff82f7cc735c871dc519838cb235bb,cxa0af3165c08318e988cb30993b3048335b94af6c,cx21e94c08c03daee80c25d8ee3ea22a20786ec231,0xf8ace86e44691dcc3,0x1572b1ba9b0ee935fdcc078e87234398974ffbda6c6d665edd38d77995b5208e,2,94209280,286.70324124307433,1741099361317777,Balanced Dollar,0.112703225,bnUSD,0,1,2025-03-04
cx2609b924e33ef00b648a409245c7ea394c467824,cx21e94c08c03daee80c25d8ee3ea22a20786ec231,cxa0af3165c08318e988cb30993b3048335b94af6c,0x6c6b935b8bbd400000,0x1572b1ba9b0ee935fdcc078e87234398974ffbda6c6d665edd38d77995b5208e,1,94209280,2000.0,1741099361317777,Staked ICX,0.112703225,sICX,0,1,2025-03-04
cx2609b924e33ef00b648a409245c7ea394c467824,hx2debd9ec927cca1639da8d3518dd9dbf1cdfb357,cx21e94c08c03daee80c25d8ee3ea22a20786ec231,0x6c6b935b8bbd400000,0x1572b1ba9b0ee935fdcc078e87234398974ffbda6c6d665edd38d77995b5208e,0,94209280,2000.0,1741099361317777,Staked ICX,0.112703225,sICX,0,1,2025-03-04
cx53f8ccd5426534f82cf10cb742de033e51da72fc,hx8026678e3d08ba3203ce6161ee8e9e3b9793491f,hx8026678e3d08ba3203ce6161ee8e9e3b9793491f,0x0,0x0467d821a394ad522fb5ee1a1901c5006b1b593ad4645761c48ed591af8ec299,0,94209274,0.0,1741099349238900,unknown_token,0.004292,$unknown,3,1,2025-03-04
cx88fd7df7ddff82f7cc735c871dc519838cb235bb,cx21e94c08c03daee80c25d8ee3ea22a20786ec231,hx2debd9ec927cca1639da8d3518dd9dbf1cdfb357,0x15f28c90459bdd1489,0x9e53e9b4fbcd3e416fc9ad445efb8626734f0bfdefa03901ff9a53c233d0db00,5,94209272,404.8591284304607,1741099345449939,Balanced Dollar,0.08831855,bnUSD,0,1,2025-03-04
cx88fd7df7ddff82f7cc735c871dc519838cb235bb,cxa0af3165c08318e988cb30993b3048335b94af6c,cx5faae53c4dbd1fbe4a2eb4aab6565030f10da5c6,0x870708ced22d4ae,0x9e53e9b4fbcd3e416fc9ad445efb8626734f0bfdefa03901ff9a53c233d0db00,3,94209272,0.6081097002712321,1741099345449939,Balanced Dollar,0.08831855,bnUSD,0,1,2025-03-04
cx88fd7df7ddff82f7cc735c871dc519838cb235bb,cxa0af3165c08318e988cb30993b3048335b94af6c,cx21e94c08c03daee80c25d8ee3ea22a20786ec231,0x15f28c90459bdd1489,0x9e53e9b4fbcd3e416fc9ad445efb8626734f0bfdefa03901ff9a53c233d0db00,2,94209272,404.8591284304607,1741099345449939,Balanced Dollar,0.08831855,bnUSD,0,1,2025-03-04
cx66a031cc3bd305c76371fb586e93801b948254f0,cx21e94c08c03daee80c25d8ee3ea22a20786ec231,cxa0af3165c08318e988cb30993b3048335b94af6c,0x1158e460913d00000,0x9e53e9b4fbcd3e416fc9ad445efb8626734f0bfdefa03901ff9a53c233d0db00,1,94209272,20.0,1741099345449939,Avalanche,0.08831855,AVAX,0,1,2025-03-04
cx66a031cc3bd305c76371fb586e93801b948254f0,hx2debd9ec927cca1639da8d3518dd9dbf1cdfb357,cx21e94c08c03daee80c25d8ee3ea22a20786ec231,0x1158e460913d00000,0x9e53e9b4fbcd3e416fc9ad445efb8626734f0bfdefa03901ff9a53c233d0db00,0,94209272,20.0,1741099345449939,Avalanche,0.08831855,AVAX,0,1,2025-03-04
cx88fd7df7ddff82f7cc735c871dc519838cb235bb,cx21e94c08c03daee80c25d8ee3ea22a20786ec231,hx2debd9ec927cca1639da8d3518dd9dbf1cdfb357,0x13bca9469ef1d4f9e9,0x358c90c8398f0434e9969aed3a08753c9f238470f446bfd5a50df43060b5f46e,5,94209264,364.08261199915205,1741099329455767,Balanced Dollar,0.0786945875,bnUSD,0,1,2025-03-04
cx88fd7df7ddff82f7cc735c871dc519838cb235bb,cxa0af3165c08318e988cb30993b3048335b94af6c,cx5faae53c4dbd1fbe4a2eb4aab6565030f10da5c6,0x796f06fcd519f81,0x358c90c8398f0434e9969aed3a08753c9f238470f446bfd5a50df43060b5f46e,3,94209264,0.5468887677488086,1741099329455767,Balanced Dollar,0.0786945875,bnUSD,0,1,2025-03-04
cx88fd7df7ddff82f7cc735c871dc519838cb235bb,cxa0af3165c08318e988cb30993b3048335b94af6c,cx21e94c08c03daee80c25d8ee3ea22a20786ec231,0x13bca9469ef1d4f9e9,0x358c90c8398f0434e9969aed3a08753c9f238470f446bfd5a50df43060b5f46e,2,94209264,364.08261199915205,1741099329455767,Balanced Dollar,0.0786945875,bnUSD,0,1,2025-03-04
cx508002ec116fbf3ab406329c0df28e70d7e75fb3,cx21e94c08c03daee80c25d8ee3ea22a20786ec231,cxa0af3165c08318e988cb30993b3048335b94af6c,0x22ecb25c00,0x358c90c8398f0434e9969aed3a08753c9f238470f446bfd5a50df43060b5f46e,1,94209264,150.0,1741099329455767,Sui,0.0786945875,SUI,0,1,2025-03-04
cx508002ec116fbf3ab406329c0df28e70d7e75fb3,hx2debd9ec927cca1639da8d3518dd9dbf1cdfb357,cx21e94c08c03daee80c25d8ee3ea22a20786ec231,0x22ecb25c00,0x358c90c8398f0434e9969aed3a08753c9f238470f446bfd5a50df43060b5f46e,0,94209264,150.0,1741099329455767,Sui,0.0786945875,SUI,0,1,2025-03-04
cx53f8ccd5426534f82cf10cb742de033e51da72fc,hx8026678e3d08ba3203ce6161ee8e9e3b9793491f,hx8026678e3d08ba3203ce6161ee8e9e3b9793491f,0x0,0xf511a4bb29f0bea2f53627f48c8a76c6b52adff80b26eb039773ccf8077a7a41,0,94209260,0.0,1741099321253903,unknown_token,0.004292,$unknown,3,1,2025-03-04
cx53f8ccd5426534f82cf10cb742de033e51da72fc,hx8026678e3d08ba3203ce6161ee8e9e3b9793491f,hx8026678e3d08ba3203ce6161ee8e9e3b9793491f,0x0,0x35eb6010b78cafd6a481d52e1acc49bc88bc68dbbe1ec7cb5b405725d71375b2,0,94209255,0.0,1741099311275531,unknown_token,0.004292,$unknown,3,1,2025-03-04
cx2609b924e33ef00b648a409245c7ea394c467824,cx43e2eec79eb76293c298f2b17aec06097be606e0,hx0000000000000000000000000000000000000000,0x18c7fdfef9adbf480000,0xd49dc5667aa08959d50f8e4b4ea8393aa64cdfd50a8f1bf1d0ff05c403678059,1,94209253,117026.0,1741099307272315,Staked ICX,0.0858229875,sICX,0,1,2025-03-04
cx2609b924e33ef00b648a409245c7ea394c467824,hxc1718c79947e0f673296218b5b23adbd9a3b38a8,cx43e2eec79eb76293c298f2b17aec06097be606e0,0x18c7fdfef9adbf480000,0xd49dc5667aa08959d50f8e4b4ea8393aa64cdfd50a8f1bf1d0ff05c403678059,0,94209253,117026.0,1741099307272315,Staked ICX,0.0858229875,sICX,0,1,2025-03-04
cx88fd7df7ddff82f7cc735c871dc519838cb235bb,cx21e94c08c03daee80c25d8ee3ea22a20786ec231,hx2debd9ec927cca1639da8d3518dd9dbf1cdfb357,0x16ec5ece4916307954,0x8546e598238578e84b005e24cb4e522bb4f6f32a6ab5354be531e672973de653,5,94209251,422.86064727567214,1741099303256712,Balanced Dollar,0.0787024,bnUSD,0,1,2025-03-04
cx88fd7df7ddff82f7cc735c871dc519838cb235bb,cxa0af3165c08318e988cb30993b3048335b94af6c,cx5faae53c4dbd1fbe4a2eb4aab6565030f10da5c6,0x8ce1f04f8d0c100,0x8546e598238578e84b005e24cb4e522bb4f6f32a6ab5354be531e672973de653,3,94209251,0.6344787037205794,1741099303256712,Balanced Dollar,0.0787024,bnUSD,0,1,2025-03-04
cx88fd7df7ddff82f7cc735c871dc519838cb235bb,cxa0af3165c08318e988cb30993b3048335b94af6c,cx21e94c08c03daee80c25d8ee3ea22a20786ec231,0x16ec5ece4916307954,0x8546e598238578e84b005e24cb4e522bb4f6f32a6ab5354be531e672973de653,2,94209251,422.86064727567214,1741099303256712,Balanced Dollar,0.0787024,bnUSD,0,1,2025-03-04
cx65c9e3d4fea842e00add0d32a5b4c5e4e04c7a6b,cx21e94c08c03daee80c25d8ee3ea22a20786ec231,cxa0af3165c08318e988cb30993b3048335b94af6c,0xb2d05e00,0x8546e598238578e84b005e24cb4e522bb4f6f32a6ab5354be531e672973de653,1,94209251,3.0,1741099303256712,Solana,0.0787024,SOL,0,1,2025-03-04
cx65c9e3d4fea842e00add0d32a5b4c5e4e04c7a6b,hx2debd9ec927cca1639da8d3518dd9dbf1cdfb357,cx21e94c08c03daee80c25d8ee3ea22a20786ec231,0xb2d05e00,0x8546e598238578e84b005e24cb4e522bb4f6f32a6ab5354be531e672973de653,0,94209251,3.0,1741099303256712,Solana,0.0787024,SOL,0,1,2025-03-04
cx88fd7df7ddff82f7cc735c871dc519838cb235bb,cx21e94c08c03daee80c25d8ee3ea22a20786ec231,hx2debd9ec927cca1639da8d3518dd9dbf1cdfb357,0x1968ec612fed571160,0x0ce9c5c73a13346e2eaba730a373cec88bb9b7515e021f271965216a43a2c3ff,5,94209237,468.72912657566025,1741099275347345,Balanced Dollar,0.088511425,bnUSD,0,1,2025-03-04
cx88fd7df7ddff82f7cc735c871dc519838cb235bb,cxa0af3165c08318e988cb30993b3048335b94af6c,cx5faae53c4dbd1fbe4a2eb4aab6565030f10da5c6,0x9c6c792decb6383,0x0ce9c5c73a13346e2eaba730a373cec88bb9b7515e021f271965216a43a2c3ff,3,94209237,0.7044698253470851,1741099275347345,Balanced Dollar,0.088511425,bnUSD,0,1,2025-03-04
cx88fd7df7ddff82f7cc735c871dc519838cb235bb,cxa0af3165c08318e988cb30993b3048335b94af6c,cx21e94c08c03daee80c25d8ee3ea22a20786ec231,0x1968ec612fed571160,0x0ce9c5c73a13346e2eaba730a373cec88bb9b7515e021f271965216a43a2c3ff,2,94209237,468.72912657566025,1741099275347345,Balanced Dollar,0.088511425,bnUSD,0,1,2025-03-04
cx288d13e1b63563459a2ac6179f237711f6851cb5,cx21e94c08c03daee80c25d8ee3ea22a20786ec231,cxa0af3165c08318e988cb30993b3048335b94af6c,0x30d98d59a960000,0x0ce9c5c73a13346e2eaba730a373cec88bb9b7515e021f271965216a43a2c3ff,1,94209237,0.22,1741099275347345,Ethereum,0.088511425,ETH,0,1,2025-03-04
cx288d13e1b63563459a2ac6179f237711f6851cb5,hx2debd9ec927cca1639da8d3518dd9dbf1cdfb357,cx21e94c08c03daee80c25d8ee3ea22a20786ec231,0x30d98d59a960000,0x0ce9c5c73a13346e2eaba730a373cec88bb9b7515e021f271965216a43a2c3ff,0,94209237,0.22,1741099275347345,Ethereum,0.088511425,ETH,0,1,2025-03-04
cx88fd7df7ddff82f7cc735c871dc519838cb235bb,cx21e94c08c03daee80c25d8ee3ea22a20786ec231,hx2debd9ec927cca1639da8d3518dd9dbf1cdfb357,0x170c441a6e4920ae26,0x433968471d1ebaf552e2fbe4d26ad60acfa2031498067754a2447a3be8bb6d49,5,94209231,425.1589741831668,1741099263248149,Balanced Dollar,0.0787024,bnUSD,0,1,2025-03-04
cx88fd7df7ddff82f7cc735c871dc519838cb235bb,cxa0af3165c08318e988cb30993b3048335b94af6c,cx5faae53c4dbd1fbe4a2eb4aab6565030f10da5c6,0x8da5b27517a35a7,0x433968471d1ebaf552e2fbe4d26ad60acfa2031498067754a2447a3be8bb6d49,3,94209231,0.6379225216551623,1741099263248149,Balanced Dollar,0.0787024,bnUSD,0,1,2025-03-04
cx88fd7df7ddff82f7cc735c871dc519838cb235bb,cxa0af3165c08318e988cb30993b3048335b94af6c,cx21e94c08c03daee80c25d8ee3ea22a20786ec231,0x170c441a6e4920ae26,0x433968471d1ebaf552e2fbe4d26ad60acfa2031498067754a2447a3be8bb6d49,2,94209231,425.1589741831668,1741099263248149,Balanced Dollar,0.0787024,bnUSD,0,1,2025-03-04
cx65c9e3d4fea842e00add0d32a5b4c5e4e04c7a6b,cx21e94c08c03daee80c25d8ee3ea22a20786ec231,cxa0af3165c08318e988cb30993b3048335b94af6c,0xb2d05e00,0x433968471d1ebaf552e2fbe4d26ad60acfa2031498067754a2447a3be8bb6d49,1,94209231,3.0,1741099263248149,Solana,0.0787024,SOL,0,1,2025-03-04
cx65c9e3d4fea842e00add0d32a5b4c5e4e04c7a6b,hx2debd9ec927cca1639da8d3518dd9dbf1cdfb357,cx21e94c08c03daee80c25d8ee3ea22a20786ec231,0xb2d05e00,0x433968471d1ebaf552e2fbe4d26ad60acfa2031498067754a2447a3be8bb6d49,0,94209231,3.0,1741099263248149,Solana,0.0787024,SOL,0,1,2025-03-04
cx88fd7df7ddff82f7cc735c871dc519838cb235bb,cxa0af3165c08318e988cb30993b3048335b94af6c,cx5faae53c4dbd1fbe4a2eb4aab6565030f10da5c6,0x28d17091108eaf9,0x7bf6e9ed3446679da80629c3458b1bc63b66d8e2871d2c6641bd055cf33ad772,2,94209228,0.1838284875,1741099257266262,Balanced Dollar,0.0460574,bnUSD,0,1,2025-03-04
cx508002ec116fbf3ab406329c0df28e70d7e75fb3,cxa0af3165c08318e988cb30993b3048335b94af6c,hxd75467e3e4ce64e3424c747dfb71503017440433,0xbac489431,0x7bf6e9ed3446679da80629c3458b1bc63b66d8e2871d2c6641bd055cf33ad772,1,94209228,50.135077937,1741099257266262,Sui,0.0460574,SUI,0,1,2025-03-04
cx88fd7df7ddff82f7cc735c871dc519838cb235bb,hxd75467e3e4ce64e3424c747dfb71503017440433,cxa0af3165c08318e988cb30993b3048335b94af6c,0x6a4c1524707394000,0x7bf6e9ed3446679da80629c3458b1bc63b66d8e2871d2c6641bd055cf33ad772,0,94209228,122.552325,1741099257266262,Balanced Dollar,0.0460574,bnUSD,0,1,2025-03-04
cx53f8ccd5426534f82cf10cb742de033e51da72fc,hx8026678e3d08ba3203ce6161ee8e9e3b9793491f,hx8026678e3d08ba3203ce6161ee8e9e3b9793491f,0x0,0xb53d67e8a88f48b8bc34dae4127cd9f335dae110e9d24c02aa657f3c7fbb6a41,0,94209226,0.0,1741099253246209,unknown_token,0.004292,$unknown,2,2,2025-03-04
cx65c9e3d4fea842e00add0d32a5b4c5e4e04c7a6b,cx21e94c08c03daee80c25d8ee3ea22a20786ec231,hx0000000000000000000000000000000000000000,0x1a3988ce5,0x2d85a2df3594ce70dba9bf44efd3a3dddfcfba74f47347cdfc9b8525d5c9d72a,12,94209226,7.039651045,1741099253246209,Solana,0.1549874125,SOL,0,1,2025-03-04
cx88fd7df7ddff82f7cc735c871dc519838cb235bb,cxa0af3165c08318e988cb30993b3048335b94af6c,cx5faae53c4dbd1fbe4a2eb4aab6565030f10da5c6,0x14d1120d7b160000,0x2d85a2df3594ce70dba9bf44efd3a3dddfcfba74f47347cdfc9b8525d5c9d72a,8,94209226,1.5,1741099253246209,Balanced Dollar,0.1549874125,bnUSD,0,1,2025-03-04
cx65c9e3d4fea842e00add0d32a5b4c5e4e04c7a6b,cxa0af3165c08318e988cb30993b3048335b94af6c,cx21e94c08c03daee80c25d8ee3ea22a20786ec231,0x1a3988ce5,0x2d85a2df3594ce70dba9bf44efd3a3dddfcfba74f47347cdfc9b8525d5c9d72a,7,94209226,7.039651045,1741099253246209,Solana,0.1549874125,SOL,0,1,2025-03-04
cx88fd7df7ddff82f7cc735c871dc519838cb235bb,cx21e94c08c03daee80c25d8ee3ea22a20786ec231,cxa0af3165c08318e988cb30993b3048335b94af6c,0x3635c9adc5dea00000,0x2d85a2df3594ce70dba9bf44efd3a3dddfcfba74f47347cdfc9b8525d5c9d72a,6,94209226,1000.0,1741099253246209,Balanced Dollar,0.1549874125,bnUSD,0,1,2025-03-04
cx88fd7df7ddff82f7cc735c871dc519838cb235bb,cxa09dbb60dcb62fffbd232b6eae132d730a2aafa6,cx21e94c08c03daee80c25d8ee3ea22a20786ec231,0x3635c9adc5dea00000,0x2d85a2df3594ce70dba9bf44efd3a3dddfcfba74f47347cdfc9b8525d5c9d72a,5,94209226,1000.0,1741099253246209,Balanced Dollar,0.1549874125,bnUSD,0,1,2025-03-04
cx88fd7df7ddff82f7cc735c871dc519838cb235bb,hx0000000000000000000000000000000000000000,cxa09dbb60dcb62fffbd232b6eae132d730a2aafa6,0x3635c9adc5dea00000,0x2d85a2df3594ce70dba9bf44efd3a3dddfcfba74f47347cdfc9b8525d5c9d72a,4,94209226,1000.0,1741099253246209,Balanced Dollar,0.1549874125,bnUSD,0,1,2025-03-04
cx22319ac7f412f53eabe3c9827acf5e27e9c6a95f,cx21e94c08c03daee80c25d8ee3ea22a20786ec231,cxa09dbb60dcb62fffbd232b6eae132d730a2aafa6,0x3b9aca00,0x2d85a2df3594ce70dba9bf44efd3a3dddfcfba74f47347cdfc9b8525d5c9d72a,3,94209226,1000.0,1741099253246209,USDC,0.1549874125,USDC,0,1,2025-03-04
cx22319ac7f412f53eabe3c9827acf5e27e9c6a95f,hx0000000000000000000000000000000000000000,cx21e94c08c03daee80c25d8ee3ea22a20786ec231,0x3b9aca00,0x2d85a2df3594ce70dba9bf44efd3a3dddfcfba74f47347cdfc9b8525d5c9d72a,1,94209226,1000.0,1741099253246209,USDC,0.1549874125,USDC,0,1,2025-03-04
cx88fd7df7ddff82f7cc735c871dc519838cb235bb,cxa0af3165c08318e988cb30993b3048335b94af6c,cx5faae53c4dbd1fbe4a2eb4aab6565030f10da5c6,0xee4a692a5e9800,0xc92daadb0087a1473393322bfddb56fa673e5b03ed5dc85675af004e2dfc5ed7,2,94209224,0.06707286,1741099249228550,Balanced Dollar,0.0563627125,bnUSD,0,2,2025-03-04
cx4297f4b63262507623b6ad575d0d8dd2db980e4e,cxa0af3165c08318e988cb30993b3048335b94af6c,hxd75467e3e4ce64e3424c747dfb71503017440433,0x37a0fdd14eaaff00,0xc92daadb0087a1473393322bfddb56fa673e5b03ed5dc85675af004e2dfc5ed7,1,94209224,4.008482743769563,1741099249228550,Injective,0.0563627125,INJ,0,2,2025-03-04
cx88fd7df7ddff82f7cc735c871dc519838cb235bb,hxd75467e3e4ce64e3424c747dfb71503017440433,cxa0af3165c08318e988cb30993b3048335b94af6c,0x26c8c71de56568000,0xc92daadb0087a1473393322bfddb56fa673e5b03ed5dc85675af004e2dfc5ed7,0,94209224,44.71524,1741099249228550,Balanced Dollar,0.0563627125,bnUSD,0,2,2025-03-04
cx53f8ccd5426534f82cf10cb742de033e51da72fc,hx8026678e3d08ba3203ce6161ee8e9e3b9793491f,hx8026678e3d08ba3203ce6161ee8e9e3b9793491f,0x0,0x9b4ea9ecff27fcb68cc5059b20bacc8f0c7d2b72fefb58b47e964c929841f26c,0,94209222,0.0,1741099245429069,unknown_token,0.0043484375,$unknown,2,1,2025-03-04
cx88fd7df7ddff82f7cc735c871dc519838cb235bb,cxa0af3165c08318e988cb30993b3048335b94af6c,cx5faae53c4dbd1fbe4a2eb4aab6565030f10da5c6,0xe4b124615614f9,0x2c06f81f94e3a322939025472d68a0c2aae1e73771d860ff3a7730402899fe09,2,94209220,0.06437106449999999,1741099241317030,Balanced Dollar,0.0460316125,bnUSD,0,1,2025-03-04
cx65c9e3d4fea842e00add0d32a5b4c5e4e04c7a6b,cxa0af3165c08318e988cb30993b3048335b94af6c,hxd75467e3e4ce64e3424c747dfb71503017440433,0x12205e77,0x2c06f81f94e3a322939025472d68a0c2aae1e73771d860ff3a7730402899fe09,1,94209220,0.304111223,1741099241317030,Solana,0.0460316125,SOL,0,1,2025-03-04
cx88fd7df7ddff82f7cc735c871dc519838cb235bb,hxd75467e3e4ce64e3424c747dfb71503017440433,cxa0af3165c08318e988cb30993b3048335b94af6c,0x2538d4ebd7ad6a000,0x2c06f81f94e3a322939025472d68a0c2aae1e73771d860ff3a7730402899fe09,0,94209220,42.91404299999999,1741099241317030,Balanced Dollar,0.0460316125,bnUSD,0,1,2025-03-04
cx53f8ccd5426534f82cf10cb742de033e51da72fc,hx8026678e3d08ba3203ce6161ee8e9e3b9793491f,hx8026678e3d08ba3203ce6161ee8e9e3b9793491f,0x0,0x241ab8eeb7ca21ec23db17328a677bcda977470d656151d71edcd32a83277e70,0,94209217,0.0,1741099235400388,unknown_token,0.004292,$unknown,2,1,2025-03-04
cx88fd7df7ddff82f7cc735c871dc519838cb235bb,cxd82fb5d3effecd8c9071a4bba3856ad7222c4b91,hx2795b422d55c51caa27f5c6397561e73d73e8bff,0xf448df2226ae80000,0x2a658beaff89b0d09374c86cc5feff5155ddcc9e6ca47f92c40dd6c226ec3915,0,94209213,281.641031701575,1741099227200894,Balanced Dollar,0.020688375,bnUSD,0,1,2025-03-04
cx53f8ccd5426534f82cf10cb742de033e51da72fc,hx8026678e3d08ba3203ce6161ee8e9e3b9793491f,hx8026678e3d08ba3203ce6161ee8e9e3b9793491f,0x0,0xd3b43cc7024ef66c468665cebb055e5defaec44a40cbb88e9d03ced9a2e15972,0,94209212,0.0,1741099225332652,unknown_token,0.004292,$unknown,2,2,2025-03-04
cx88fd7df7ddff82f7cc735c871dc519838cb235bb,cxa0af3165c08318e988cb30993b3048335b94af6c,cx5faae53c4dbd1fbe4a2eb4aab6565030f10da5c6,0xef918060d10800,0x328aaf681debfc3af2e01de3fb71cebb1e92b9dba11142452947096bfb81d8ee,2,94209212,0.0674325,1741099225332652,Balanced Dollar,0.0563627125,bnUSD,0,1,2025-03-04
cx4297f4b63262507623b6ad575d0d8dd2db980e4e,cxa0af3165c08318e988cb30993b3048335b94af6c,hxd75467e3e4ce64e3424c747dfb71503017440433,0x37f43f0c0c39b024,0x328aaf681debfc3af2e01de3fb71cebb1e92b9dba11142452947096bfb81d8ee,1,94209212,4.031916887380701,1741099225332652,Injective,0.0563627125,INJ,0,1,2025-03-04
cx88fd7df7ddff82f7cc735c871dc519838cb235bb,hxd75467e3e4ce64e3424c747dfb71503017440433,cxa0af3165c08318e988cb30993b3048335b94af6c,0x26fe03e5175af8000,0x328aaf681debfc3af2e01de3fb71cebb1e92b9dba11142452947096bfb81d8ee,0,94209212,44.955,1741099225332652,Balanced Dollar,0.0563627125,bnUSD,0,1,2025-03-04
cx88fd7df7ddff82f7cc735c871dc519838cb235bb,cxa0af3165c08318e988cb30993b3048335b94af6c,cx5faae53c4dbd1fbe4a2eb4aab6565030f10da5c6,0x5dce28a091ecfdf,0x852948b1aa14f6bb17875d4c205d491549d3bfec741beb6da00d9a41739263d7,2,94209211,0.4224615475523625,1741099223293324,Balanced Dollar,0.0460131125,bnUSD,0,1,2025-03-04
cx65c9e3d4fea842e00add0d32a5b4c5e4e04c7a6b,cxa0af3165c08318e988cb30993b3048335b94af6c,hx2795b422d55c51caa27f5c6397561e73d73e8bff,0x77359e6c,0x852948b1aa14f6bb17875d4c205d491549d3bfec741beb6da00d9a41739263d7,1,94209211,2.000002668,1741099223293324,Solana,0.0460131125,SOL,0,1,2025-03-04
cx88fd7df7ddff82f7cc735c871dc519838cb235bb,hx2795b422d55c51caa27f5c6397561e73d73e8bff,cxa0af3165c08318e988cb30993b3048335b94af6c,0xf448df2226ae80000,0x852948b1aa14f6bb17875d4c205d491549d3bfec741beb6da00d9a41739263d7,0,94209211,281.641031701575,1741099223293324,Balanced Dollar,0.0460131125,bnUSD,0,1,2025-03-04
cx53f8ccd5426534f82cf10cb742de033e51da72fc,hx8026678e3d08ba3203ce6161ee8e9e3b9793491f,hx8026678e3d08ba3203ce6161ee8e9e3b9793491f,0x0,0x11a7a3cc129ac2467113e0b4350cbec1b1cf9275d1ba0480806aea78b8c59028,0,94209204,0.0,1741099209253368,unknown_token,0.004292,$unknown,2,1,2025-03-04
cx88fd7df7ddff82f7cc735c871dc519838cb235bb,cxa0af3165c08318e988cb30993b3048335b94af6c,cx5faae53c4dbd1fbe4a2eb4aab6565030f10da5c6,0xe2ca984058a800,0xb8c9b22fb5e94b49565c46c8542311c8945cecc3bc49efa2e74ad530f465bb1f,2,94209201,0.0638361,1741099203219380,Balanced Dollar,0.0460316125,bnUSD,0,1,2025-03-04
cx65c9e3d4fea842e00add0d32a5b4c5e4e04c7a6b,cxa0af3165c08318e988cb30993b3048335b94af6c,hxd75467e3e4ce64e3424c747dfb71503017440433,0x120ceeeb,0xb8c9b22fb5e94b49565c46c8542311c8945cecc3bc49efa2e74ad530f465bb1f,1,94209201,0.302837483,1741099203219380,Solana,0.0460316125,SOL,0,1,2025-03-04
cx88fd7df7ddff82f7cc735c871dc519838cb235bb,hxd75467e3e4ce64e3424c747dfb71503017440433,cxa0af3165c08318e988cb30993b3048335b94af6c,0x24e9a41d23c358000,0xb8c9b22fb5e94b49565c46c8542311c8945cecc3bc49efa2e74ad530f465bb1f,0,94209201,42.5574,1741099203219380,Balanced Dollar,0.0460316125,bnUSD,0,1,2025-03-04
cx88fd7df7ddff82f7cc735c871dc519838cb235bb,cxa0af3165c08318e988cb30993b3048335b94af6c,cx5faae53c4dbd1fbe4a2eb4aab6565030f10da5c6,0xeeedf4c597d000,0xc4c3e412ce4760e56394a8f97fd3b974204dd37bbdeb4d491283b9c225a9160f,2,94209195,0.06725268,1741099191292980,Balanced Dollar,0.0563627125,bnUSD,0,1,2025-03-04
cx4297f4b63262507623b6ad575d0d8dd2db980e4e,cxa0af3165c08318e988cb30993b3048335b94af6c,hxd75467e3e4ce64e3424c747dfb71503017440433,0x37d4f08cd622e993,0xc4c3e412ce4760e56394a8f97fd3b974204dd37bbdeb4d491283b9c225a9160f,1,94209195,4.0231048548273955,1741099191292980,Injective,0.0563627125,INJ,0,1,2025-03-04
cx88fd7df7ddff82f7cc735c871dc519838cb235bb,hxd75467e3e4ce64e3424c747dfb71503017440433,cxa0af3165c08318e988cb30993b3048335b94af6c,0x26e365817e6030000,0xc4c3e412ce4760e56394a8f97fd3b974204dd37bbdeb4d491283b9c225a9160f,0,94209195,44.83512,1741099191292980,Balanced Dollar,0.0563627125,bnUSD,0,1,2025-03-04
cx53f8ccd5426534f82cf10cb742de033e51da72fc,hx8026678e3d08ba3203ce6161ee8e9e3b9793491f,hx8026678e3d08ba3203ce6161ee8e9e3b9793491f,0x0,0xfdcc142874809fcbae9db03c3c6086420003cdcf2f2237207fdfc8b82c03c1b7,0,94209192,0.0,1741099185382280,unknown_token,0.004292,$unknown,2,1,2025-03-04
cx88fd7df7ddff82f7cc735c871dc519838cb235bb,cxa0af3165c08318e988cb30993b3048335b94af6c,cx5faae53c4dbd1fbe4a2eb4aab6565030f10da5c6,0xeffe881da1d800,0x9c91e01346b27a25a342cd4efd02b6a0867cfe356db70bf8886eb15b2cc57f24,2,94209189,0.06755238,1741099179395385,Balanced Dollar,0.0563627125,bnUSD,0,1,2025-03-04
cx4297f4b63262507623b6ad575d0d8dd2db980e4e,cxa0af3165c08318e988cb30993b3048335b94af6c,hxd75467e3e4ce64e3424c747dfb71503017440433,0x381b912382b92ebf,0x9c91e01346b27a25a342cd4efd02b6a0867cfe356db70bf8886eb15b2cc57f24,1,94209189,4.042984672198209,1741099179395385,Injective,0.0563627125,INJ,0,1,2025-03-04
cx88fd7df7ddff82f7cc735c871dc519838cb235bb,hxd75467e3e4ce64e3424c747dfb71503017440433,cxa0af3165c08318e988cb30993b3048335b94af6c,0x270fc2d2280228000,0x9c91e01346b27a25a342cd4efd02b6a0867cfe356db70bf8886eb15b2cc57f24,0,94209189,45.03492,1741099179395385,Balanced Dollar,0.0563627125,bnUSD,0,1,2025-03-04
cx2609b924e33ef00b648a409245c7ea394c467824,cx21e94c08c03daee80c25d8ee3ea22a20786ec231,hx2debd9ec927cca1639da8d3518dd9dbf1cdfb357,0x6c6b536e12b0d5da73,0xa18efe4eb15a1c989290af63fa3d231c627bdd605f97b2bc932744062f1f6d93,5,94209183,1999.9820059723122,1741099167216032,Staked ICX,0.112702,sICX,0,2,2025-03-04
cx88fd7df7ddff82f7cc735c871dc519838cb235bb,cxa0af3165c08318e988cb30993b3048335b94af6c,cx5faae53c4dbd1fbe4a2eb4aab6565030f10da5c6,0x6010de3cc46a036,0xa18efe4eb15a1c989290af63fa3d231c627bdd605f97b2bc932744062f1f6d93,3,94209183,0.43264231124019614,1741099167216032,Balanced Dollar,0.112702,bnUSD,0,2,2025-03-04
cx2609b924e33ef00b648a409245c7ea394c467824,cxa0af3165c08318e988cb30993b3048335b94af6c,cx21e94c08c03daee80c25d8ee3ea22a20786ec231,0x6c6b536e12b0d5da73,0xa18efe4eb15a1c989290af63fa3d231c627bdd605f97b2bc932744062f1f6d93,2,94209183,1999.9820059723122,1741099167216032,Staked ICX,0.112702,sICX,0,2,2025-03-04
cx88fd7df7ddff82f7cc735c871dc519838cb235bb,cx21e94c08c03daee80c25d8ee3ea22a20786ec231,cxa0af3165c08318e988cb30993b3048335b94af6c,0xfa2bed68ea2968ca0,0xa18efe4eb15a1c989290af63fa3d231c627bdd605f97b2bc932744062f1f6d93,1,94209183,288.4282074934641,1741099167216032,Balanced Dollar,0.112702,bnUSD,0,2,2025-03-04
cx88fd7df7ddff82f7cc735c871dc519838cb235bb,hx2debd9ec927cca1639da8d3518dd9dbf1cdfb357,cx21e94c08c03daee80c25d8ee3ea22a20786ec231,0xfa2bed68ea2968ca0,0xa18efe4eb15a1c989290af63fa3d231c627bdd605f97b2bc932744062f1f6d93,0,94209183,288.4282074934641,1741099167216032,Balanced Dollar,0.112702,bnUSD,0,2,2025-03-04
cx53f8ccd5426534f82cf10cb742de033e51da72fc,hx8026678e3d08ba3203ce6161ee8e9e3b9793491f,hx8026678e3d08ba3203ce6161ee8e9e3b9793491f,0x0,0x2f5a0d6ff7878f38bb554214964e8f6d8d74fd523a27cc022cd3f69bd5e20ee3,0,94209183,0.0,1741099167216032,unknown_token,0.0043484375,$unknown,2,1,2025-03-04
cx53f8ccd5426534f82cf10cb742de033e51da72fc,hx8026678e3d08ba3203ce6161ee8e9e3b9793491f,hx8026678e3d08ba3203ce6161ee8e9e3b9793491f,0x0,0x59aeef240bb74e39bd7e62133e5e78cd8ee97f373471e202c18da997958e673f,0,94209176,0.0,1741099153206367,unknown_token,0.004292,$unknown,2,1,2025-03-04
cx88fd7df7ddff82f7cc735c871dc519838cb235bb,cx21e94c08c03daee80c25d8ee3ea22a20786ec231,hx2debd9ec927cca1639da8d3518dd9dbf1cdfb357,0x13c775d5903c94da29,0x6d26b0867d7c6abc7fd16578236952363444b98deceee9b873c4e51b62c182fb,5,94209174,364.8607660017727,1741099149187233,Balanced Dollar,0.0786919,bnUSD,0,1,2025-03-04
cx88fd7df7ddff82f7cc735c871dc519838cb235bb,cxa0af3165c08318e988cb30993b3048335b94af6c,cx5faae53c4dbd1fbe4a2eb4aab6565030f10da5c6,0x79b16a87c003932,0x6d26b0867d7c6abc7fd16578236952363444b98deceee9b873c4e51b62c182fb,3,94209174,0.5480566925463535,1741099149187233,Balanced Dollar,0.0786919,bnUSD,0,1,2025-03-04
cx88fd7df7ddff82f7cc735c871dc519838cb235bb,cxa0af3165c08318e988cb30993b3048335b94af6c,cx21e94c08c03daee80c25d8ee3ea22a20786ec231,0x13c775d5903c94da29,0x6d26b0867d7c6abc7fd16578236952363444b98deceee9b873c4e51b62c182fb,2,94209174,364.8607660017727,1741099149187233,Balanced Dollar,0.0786919,bnUSD,0,1,2025-03-04
cx508002ec116fbf3ab406329c0df28e70d7e75fb3,cx21e94c08c03daee80c25d8ee3ea22a20786ec231,cxa0af3165c08318e988cb30993b3048335b94af6c,0x22ecb25c00,0x6d26b0867d7c6abc7fd16578236952363444b98deceee9b873c4e51b62c182fb,1,94209174,150.0,1741099149187233,Sui,0.0786919,SUI,0,1,2025-03-04
cx508002ec116fbf3ab406329c0df28e70d7e75fb3,hx2debd9ec927cca1639da8d3518dd9dbf1cdfb357,cx21e94c08c03daee80c25d8ee3ea22a20786ec231,0x22ecb25c00,0x6d26b0867d7c6abc7fd16578236952363444b98deceee9b873c4e51b62c182fb,0,94209174,150.0,1741099149187233,Sui,0.0786919,SUI,0,1,2025-03-04
cx53f8ccd5426534f82cf10cb742de033e51da72fc,hx8026678e3d08ba3203ce6161ee8e9e3b9793491f,hx8026678e3d08ba3203ce6161ee8e9e3b9793491f,0x0,0xc61a5eb13c9d62d852660ee91843f9e158bcfb562daad019a6c6bd7f9cc60ac9,0,94209172,0.0,1741099145391836,unknown_token,0.004292,$unknown,2,1,2025-03-04
cx88fd7df7ddff82f7cc735c871dc519838cb235bb,cxa0af3165c08318e988cb30993b3048335b94af6c,cx5faae53c4dbd1fbe4a2eb4aab6565030f10da5c6,0xef2478a4003800,0x3be12c55cd7e56a2669e2643261c19300d133a85d0896d0d1d3ccec4e8a9f749,2,94209171,0.06731262,1741099143223529,Balanced Dollar,0.0563627125,bnUSD,0,1,2025-03-04
cx4297f4b63262507623b6ad575d0d8dd2db980e4e,cxa0af3165c08318e988cb30993b3048335b94af6c,hxd75467e3e4ce64e3424c747dfb71503017440433,0x37ef80fbba649663,0x3be12c55cd7e56a2669e2643261c19300d133a85d0896d0d1d3ccec4e8a9f749,1,94209171,4.030582010172184,1741099143223529,Injective,0.0563627125,INJ,0,1,2025-03-04
cx88fd7df7ddff82f7cc735c871dc519838cb235bb,hxd75467e3e4ce64e3424c747dfb71503017440433,cxa0af3165c08318e988cb30993b3048335b94af6c,0x26ec44f806b3c8000,0x3be12c55cd7e56a2669e2643261c19300d133a85d0896d0d1d3ccec4e8a9f749,0,94209171,44.87508,1741099143223529,Balanced Dollar,0.0563627125,bnUSD,0,1,2025-03-04
cx88fd7df7ddff82f7cc735c871dc519838cb235bb,cxa0af3165c08318e988cb30993b3048335b94af6c,hx4dc7903504bb800a462378348a42f53742759e0b,0x2c4eaebc131e60e,0xf2cb425e4f71fb108359ebffec3a8d43b8ff697ebf493d43045dba9653b39dae,3,94209170,0.19954258179063145,1741099141276022,Balanced Dollar,0.034739025,bnUSD,0,3,2025-03-04
cx508002ec116fbf3ab406329c0df28e70d7e75fb3,hx4dc7903504bb800a462378348a42f53742759e0b,cxa0af3165c08318e988cb30993b3048335b94af6c,0x6a3950ba4,0x2d42ac89c08f80caa5ad1745fea95be13152799b1e57873dfddb47b7063852f1,0,94209170,28.514257828,1741099141276022,Sui,0.0215512625,SUI,0,2,2025-03-04
cx88fd7df7ddff82f7cc735c871dc519838cb235bb,hx4dc7903504bb800a462378348a42f53742759e0b,cxa0af3165c08318e988cb30993b3048335b94af6c,0x3c9c0842a52834000,0xb1b588b82f1246c330bb0c3736dac32a110a2513334d3697adfd17f7ca3e8311,0,94209170,69.87799713558844,1741099141276022,Balanced Dollar,0.02221895,bnUSD,0,1,2025-03-04
cx508002ec116fbf3ab406329c0df28e70d7e75fb3,cx21e94c08c03daee80c25d8ee3ea22a20786ec231,hx4dc7903504bb800a462378348a42f53742759e0b,0x6a46e985f,0xc30394540d2e4d7fa73204a4593b58faa5e4592b7fbbdee8f8ee1f3835a175a5,12,94209168,28.528515167,1741099137202222,Sui,0.218665025,SUI,0,2,2025-03-04
cx88fd7df7ddff82f7cc735c871dc519838cb235bb,cxa0af3165c08318e988cb30993b3048335b94af6c,cx5faae53c4dbd1fbe4a2eb4aab6565030f10da5c6,0x17482c4414aaabc,0xc30394540d2e4d7fa73204a4593b58faa5e4592b7fbbdee8f8ee1f3835a175a5,10,94209168,0.10485247075697735,1741099137202222,Balanced Dollar,0.218665025,bnUSD,0,2,2025-03-04
cx508002ec116fbf3ab406329c0df28e70d7e75fb3,cxa0af3165c08318e988cb30993b3048335b94af6c,cx21e94c08c03daee80c25d8ee3ea22a20786ec231,0x6a46e985f,0xc30394540d2e4d7fa73204a4593b58faa5e4592b7fbbdee8f8ee1f3835a175a5,9,94209168,28.528515167,1741099137202222,Sui,0.218665025,SUI,0,2,2025-03-04
cx88fd7df7ddff82f7cc735c871dc519838cb235bb,cx21e94c08c03daee80c25d8ee3ea22a20786ec231,cxa0af3165c08318e988cb30993b3048335b94af6c,0x3ca1489bf5d1ca064,0xc30394540d2e4d7fa73204a4593b58faa5e4592b7fbbdee8f8ee1f3835a175a5,8,94209168,69.90164717131823,1741099137202222,Balanced Dollar,0.218665025,bnUSD,0,2,2025-03-04
cx88fd7df7ddff82f7cc735c871dc519838cb235bb,cxa0af3165c08318e988cb30993b3048335b94af6c,cx5faae53c4dbd1fbe4a2eb4aab6565030f10da5c6,0x17599f9c411ed70,0xc30394540d2e4d7fa73204a4593b58faa5e4592b7fbbdee8f8ee1f3835a175a5,6,94209168,0.10515946432849035,1741099137202222,Balanced Dollar,0.218665025,bnUSD,0,2,2025-03-04
cx88fd7df7ddff82f7cc735c871dc519838cb235bb,cxa0af3165c08318e988cb30993b3048335b94af6c,cx21e94c08c03daee80c25d8ee3ea22a20786ec231,0x3ca1489bf5d1ca064,0xc30394540d2e4d7fa73204a4593b58faa5e4592b7fbbdee8f8ee1f3835a175a5,5,94209168,69.90164717131823,1741099137202222,Balanced Dollar,0.218665025,bnUSD,0,2,2025-03-04
cx2609b924e33ef00b648a409245c7ea394c467824,cx21e94c08c03daee80c25d8ee3ea22a20786ec231,cxa0af3165c08318e988cb30993b3048335b94af6c,0x1a70d88a56511ef38b,0xc30394540d2e4d7fa73204a4593b58faa5e4592b7fbbdee8f8ee1f3835a175a5,4,94209168,487.7467471469986,1741099137202222,Staked ICX,0.218665025,sICX,0,2,2025-03-04
cx2609b924e33ef00b648a409245c7ea394c467824,hx0000000000000000000000000000000000000000,cx21e94c08c03daee80c25d8ee3ea22a20786ec231,0x1a70d88a56511ef38b,0xc30394540d2e4d7fa73204a4593b58faa5e4592b7fbbdee8f8ee1f3835a175a5,2,94209168,487.7467471469986,1741099137202222,Staked ICX,0.218665025,sICX,0,2,2025-03-04
cx88fd7df7ddff82f7cc735c871dc519838cb235bb,cx21e94c08c03daee80c25d8ee3ea22a20786ec231,hx4dc7903504bb800a462378348a42f53742759e0b,0x3ca3cb4e54e5acb00,0x5ea6120dcae5a54c60ebd7e4f81232ee89fce0e8e292b28c440338fc0623edc6,8,94209168,69.91295361234782,1741099137202222,Balanced Dollar,0.1713531625,bnUSD,0,1,2025-03-04
cx88fd7df7ddff82f7cc735c871dc519838cb235bb,cxa0af3165c08318e988cb30993b3048335b94af6c,cx5faae53c4dbd1fbe4a2eb4aab6565030f10da5c6,0x175a971e550bb67,0x5ea6120dcae5a54c60ebd7e4f81232ee89fce0e8e292b28c440338fc0623edc6,6,94209168,0.1051764729567466,1741099137202222,Balanced Dollar,0.1713531625,bnUSD,0,1,2025-03-04
cx88fd7df7ddff82f7cc735c871dc519838cb235bb,cxa0af3165c08318e988cb30993b3048335b94af6c,cx21e94c08c03daee80c25d8ee3ea22a20786ec231,0x3ca3cb4e54e5acb00,0x5ea6120dcae5a54c60ebd7e4f81232ee89fce0e8e292b28c440338fc0623edc6,5,94209168,69.91295361234782,1741099137202222,Balanced Dollar,0.1713531625,bnUSD,0,1,2025-03-04
cx2609b924e33ef00b648a409245c7ea394c467824,cx21e94c08c03daee80c25d8ee3ea22a20786ec231,cxa0af3165c08318e988cb30993b3048335b94af6c,0x1a70d88a56511ef38b,0x5ea6120dcae5a54c60ebd7e4f81232ee89fce0e8e292b28c440338fc0623edc6,4,94209168,487.7467471469986,1741099137202222,Staked ICX,0.1713531625,sICX,0,1,2025-03-04
cx2609b924e33ef00b648a409245c7ea394c467824,hx0000000000000000000000000000000000000000,cx21e94c08c03daee80c25d8ee3ea22a20786ec231,0x1a70d88a56511ef38b,0x5ea6120dcae5a54c60ebd7e4f81232ee89fce0e8e292b28c440338fc0623edc6,2,94209168,487.7467471469986,1741099137202222,Staked ICX,0.1713531625,sICX,0,1,2025-03-04
cx88fd7df7ddff82f7cc735c871dc519838cb235bb,cxa0af3165c08318e988cb30993b3048335b94af6c,hx4dc7903504bb800a462378348a42f53742759e0b,0x420e40cc4cc5775,0xe5fd841d62b76e79f921e420d4be23a1b5b15dedd0b36e4608f6ef880e17aa6e,3,94209165,0.2974883188989193,1741099131292276,Balanced Dollar,0.0347417125,bnUSD,0,3,2025-03-04
cx508002ec116fbf3ab406329c0df28e70d7e75fb3,hx4dc7903504bb800a462378348a42f53742759e0b,cxa0af3165c08318e988cb30993b3048335b94af6c,0xa2e0e4f21,0x13ee3a433b60fb32980deaf4ffd6428112e32db6e6c94805b39fb02bbd65fa59,0,94209165,43.722362657,1741099131292276,Sui,0.0215512625,SUI,0,2,2025-03-04
cx88fd7df7ddff82f7cc735c871dc519838cb235bb,hx4dc7903504bb800a462378348a42f53742759e0b,cxa0af3165c08318e988cb30993b3048335b94af6c,0x5cdf1ea4246f80000,0x913908500e162a9fd08a30e8f723ba3458f1ebf250403d41c3eabc9e2e5b9bc9,0,94209165,107.07362018608966,1741099131292276,Balanced Dollar,0.02221895,bnUSD,0,1,2025-03-04
cx518f64edcd35db9044a2de63fdc10abfd5f7d611,cx21e94c08c03daee80c25d8ee3ea22a20786ec231,hxd75467e3e4ce64e3424c747dfb71503017440433,0xf04b080f,0xa46e6f2bbbbccaa708892ac25393ff0c825479e18fea0d3a5e88a11baeaea959,9,94209164,403.1449103,1741099129393510,Stellar,0.16918835,XLM,0,1,2025-03-04
cx2609b924e33ef00b648a409245c7ea394c467824,cxa0af3165c08318e988cb30993b3048335b94af6c,cx5faae53c4dbd1fbe4a2eb4aab6565030f10da5c6,0x10db442d26bc3c84,0xa46e6f2bbbbccaa708892ac25393ff0c825479e18fea0d3a5e88a11baeaea959,7,94209164,1.2146394852205682,1741099129393510,Staked ICX,0.16918835,sICX,0,1,2025-03-04
cx518f64edcd35db9044a2de63fdc10abfd5f7d611,cxa0af3165c08318e988cb30993b3048335b94af6c,cx21e94c08c03daee80c25d8ee3ea22a20786ec231,0xf04b080f,0xa46e6f2bbbbccaa708892ac25393ff0c825479e18fea0d3a5e88a11baeaea959,6,94209164,403.1449103,1741099129393510,Stellar,0.16918835,XLM,0,1,2025-03-04
cx2609b924e33ef00b648a409245c7ea394c467824,cx21e94c08c03daee80c25d8ee3ea22a20786ec231,cxa0af3165c08318e988cb30993b3048335b94af6c,0x2be5ac3594df8842a9,0xa46e6f2bbbbccaa708892ac25393ff0c825479e18fea0d3a5e88a11baeaea959,5,94209164,809.7596568137121,1741099129393510,Staked ICX,0.16918835,sICX,0,1,2025-03-04
cx88fd7df7ddff82f7cc735c871dc519838cb235bb,cxa0af3165c08318e988cb30993b3048335b94af6c,cx5faae53c4dbd1fbe4a2eb4aab6565030f10da5c6,0x26e3d2893b31018,0xa46e6f2bbbbccaa708892ac25393ff0c825479e18fea0d3a5e88a11baeaea959,3,94209164,0.17514468000000002,1741099129393510,Balanced Dollar,0.16918835,bnUSD,0,1,2025-03-04
cx2609b924e33ef00b648a409245c7ea394c467824,cxa0af3165c08318e988cb30993b3048335b94af6c,cx21e94c08c03daee80c25d8ee3ea22a20786ec231,0x2be5ac3594df8842a9,0xa46e6f2bbbbccaa708892ac25393ff0c825479e18fea0d3a5e88a11baeaea959,2,94209164,809.7596568137121,1741099129393510,Staked ICX,0.16918835,sICX,0,1,2025-03-04
cx88fd7df7ddff82f7cc735c871dc519838cb235bb,cx21e94c08c03daee80c25d8ee3ea22a20786ec231,cxa0af3165c08318e988cb30993b3048335b94af6c,0x65469ef00a24f4000,0xa46e6f2bbbbccaa708892ac25393ff0c825479e18fea0d3a5e88a11baeaea959,1,94209164,116.76312000000001,1741099129393510,Balanced Dollar,0.16918835,bnUSD,0,1,2025-03-04
cx88fd7df7ddff82f7cc735c871dc519838cb235bb,hxd75467e3e4ce64e3424c747dfb71503017440433,cx21e94c08c03daee80c25d8ee3ea22a20786ec231,0x65469ef00a24f4000,0xa46e6f2bbbbccaa708892ac25393ff0c825479e18fea0d3a5e88a11baeaea959,0,94209164,116.76312000000001,1741099129393510,Balanced Dollar,0.16918835,bnUSD,0,1,2025-03-04
cx3975b43d260fb8ec802cef6e60c2f4d07486f11d,hx873ceaf39d9d3b1d0363c6a8f7a8bdcf1294c916,hx0000000000000000000000000000000000000000,0x3ecc380cac54b3a4c7,0xe23ca21b56a95df3c35f17c8cccd0621aa37f4058116e9a5409bc786adbf7aa6,10,94209163,1158.4136582867202,1741099127166826,Wrapped ICX,0.1555266375,wICX,0,5,2025-03-04
cx3975b43d260fb8ec802cef6e60c2f4d07486f11d,cx21e94c08c03daee80c25d8ee3ea22a20786ec231,hx873ceaf39d9d3b1d0363c6a8f7a8bdcf1294c916,0x3ecc380cac54b3a4c7,0xe23ca21b56a95df3c35f17c8cccd0621aa37f4058116e9a5409bc786adbf7aa6,9,94209163,1158.4136582867202,1741099127166826,Wrapped ICX,0.1555266375,wICX,0,5,2025-03-04
cx2609b924e33ef00b648a409245c7ea394c467824,cxa0af3165c08318e988cb30993b3048335b94af6c,cx5faae53c4dbd1fbe4a2eb4aab6565030f10da5c6,0x125598fbfd4d3175,0xe23ca21b56a95df3c35f17c8cccd0621aa37f4058116e9a5409bc786adbf7aa6,7,94209163,1.3211302737570165,1741099127166826,Staked ICX,0.1555266375,sICX,0,5,2025-03-04
cx3975b43d260fb8ec802cef6e60c2f4d07486f11d,cxa0af3165c08318e988cb30993b3048335b94af6c,cx21e94c08c03daee80c25d8ee3ea22a20786ec231,0x3ecc380cac54b3a4c7,0xe23ca21b56a95df3c35f17c8cccd0621aa37f4058116e9a5409bc786adbf7aa6,6,94209163,1158.4136582867202,1741099127166826,Wrapped ICX,0.1555266375,wICX,0,5,2025-03-04
cx2609b924e33ef00b648a409245c7ea394c467824,cx21e94c08c03daee80c25d8ee3ea22a20786ec231,cxa0af3165c08318e988cb30993b3048335b94af6c,0x2fbee91038f90622b4,0xe23ca21b56a95df3c35f17c8cccd0621aa37f4058116e9a5409bc786adbf7aa6,5,94209163,880.7535158380109,1741099127166826,Staked ICX,0.1555266375,sICX,0,5,2025-03-04
cx88fd7df7ddff82f7cc735c871dc519838cb235bb,cxa0af3165c08318e988cb30993b3048335b94af6c,cx5faae53c4dbd1fbe4a2eb4aab6565030f10da5c6,0x2a49a33b33d178b,0xe23ca21b56a95df3c35f17c8cccd0621aa37f4058116e9a5409bc786adbf7aa6,3,94209163,0.19044663109753845,1741099127166826,Balanced Dollar,0.1555266375,bnUSD,0,5,2025-03-04
cx2609b924e33ef00b648a409245c7ea394c467824,cxa0af3165c08318e988cb30993b3048335b94af6c,cx21e94c08c03daee80c25d8ee3ea22a20786ec231,0x2fbee91038f90622b4,0xe23ca21b56a95df3c35f17c8cccd0621aa37f4058116e9a5409bc786adbf7aa6,2,94209163,880.7535158380109,1741099127166826,Staked ICX,0.1555266375,sICX,0,5,2025-03-04
cx88fd7df7ddff82f7cc735c871dc519838cb235bb,cx21e94c08c03daee80c25d8ee3ea22a20786ec231,cxa0af3165c08318e988cb30993b3048335b94af6c,0x6e1fc3bf819c2a544,0xe23ca21b56a95df3c35f17c8cccd0621aa37f4058116e9a5409bc786adbf7aa6,1,94209163,126.9644207316923,1741099127166826,Balanced Dollar,0.1555266375,bnUSD,0,5,2025-03-04
cx88fd7df7ddff82f7cc735c871dc519838cb235bb,hx873ceaf39d9d3b1d0363c6a8f7a8bdcf1294c916,cx21e94c08c03daee80c25d8ee3ea22a20786ec231,0x6e1fc3bf819c2a544,0xe23ca21b56a95df3c35f17c8cccd0621aa37f4058116e9a5409bc786adbf7aa6,0,94209163,126.9644207316923,1741099127166826,Balanced Dollar,0.1555266375,bnUSD,0,5,2025-03-04
cx508002ec116fbf3ab406329c0df28e70d7e75fb3,cx21e94c08c03daee80c25d8ee3ea22a20786ec231,hx4dc7903504bb800a462378348a42f53742759e0b,0xa2f5bcd8e,0xfc48708a463984a06f3d71791bbc3bf2a8f9bb05b94fee0eb94277edb9e36c21,12,94209163,43.74421851,1741099127166826,Sui,0.2186665875,SUI,0,2,2025-03-04
cx88fd7df7ddff82f7cc735c871dc519838cb235bb,cxa0af3165c08318e988cb30993b3048335b94af6c,cx5faae53c4dbd1fbe4a2eb4aab6565030f10da5c6,0x23abf3180c02bff,0xfc48708a463984a06f3d71791bbc3bf2a8f9bb05b94fee0eb94277edb9e36c21,10,94209163,0.16065095605945445,1741099127166826,Balanced Dollar,0.2186665875,bnUSD,0,2,2025-03-04
cx508002ec116fbf3ab406329c0df28e70d7e75fb3,cxa0af3165c08318e988cb30993b3048335b94af6c,cx21e94c08c03daee80c25d8ee3ea22a20786ec231,0xa2f5bcd8e,0xfc48708a463984a06f3d71791bbc3bf2a8f9bb05b94fee0eb94277edb9e36c21,9,94209163,43.74421851,1741099127166826,Sui,0.2186665875,SUI,0,2,2025-03-04
cx88fd7df7ddff82f7cc735c871dc519838cb235bb,cx21e94c08c03daee80c25d8ee3ea22a20786ec231,cxa0af3165c08318e988cb30993b3048335b94af6c,0x5ce51e63f49c7e8ed,0xfc48708a463984a06f3d71791bbc3bf2a8f9bb05b94fee0eb94277edb9e36c21,8,94209163,107.10063737296964,1741099127166826,Balanced Dollar,0.2186665875,bnUSD,0,2,2025-03-04
cx88fd7df7ddff82f7cc735c871dc519838cb235bb,cxa0af3165c08318e988cb30993b3048335b94af6c,cx5faae53c4dbd1fbe4a2eb4aab6565030f10da5c6,0x23c64aca7f13082,0xfc48708a463984a06f3d71791bbc3bf2a8f9bb05b94fee0eb94277edb9e36c21,6,94209163,0.1611143793932494,1741099127166826,Balanced Dollar,0.2186665875,bnUSD,0,2,2025-03-04
cx88fd7df7ddff82f7cc735c871dc519838cb235bb,cxa0af3165c08318e988cb30993b3048335b94af6c,cx21e94c08c03daee80c25d8ee3ea22a20786ec231,0x5ce51e63f49c7e8ed,0xfc48708a463984a06f3d71791bbc3bf2a8f9bb05b94fee0eb94277edb9e36c21,5,94209163,107.10063737296964,1741099127166826,Balanced Dollar,0.2186665875,bnUSD,0,2,2025-03-04
cx2609b924e33ef00b648a409245c7ea394c467824,cx21e94c08c03daee80c25d8ee3ea22a20786ec231,cxa0af3165c08318e988cb30993b3048335b94af6c,0x2884fcce93419c59e7,0xfc48708a463984a06f3d71791bbc3bf2a8f9bb05b94fee0eb94277edb9e36c21,4,94209163,747.452524187376,1741099127166826,Staked ICX,0.2186665875,sICX,0,2,2025-03-04
cx2609b924e33ef00b648a409245c7ea394c467824,hx0000000000000000000000000000000000000000,cx21e94c08c03daee80c25d8ee3ea22a20786ec231,0x2884fcce93419c59e7,0xfc48708a463984a06f3d71791bbc3bf2a8f9bb05b94fee0eb94277edb9e36c21,2,94209163,747.452524187376,1741099127166826,Staked ICX,0.2186665875,sICX,0,2,2025-03-04
cx88fd7df7ddff82f7cc735c871dc519838cb235bb,cx21e94c08c03daee80c25d8ee3ea22a20786ec231,hx4dc7903504bb800a462378348a42f53742759e0b,0x5ceb0360fdcbe806d,0x47632fea5ed59c83a721ac162ce3bdf27452e05d3dc3aaa9cd4af9e8e05a74c8,8,94209163,107.12718377801787,1741099127166826,Balanced Dollar,0.17135485,bnUSD,0,1,2025-03-04
cx88fd7df7ddff82f7cc735c871dc519838cb235bb,cxa0af3165c08318e988cb30993b3048335b94af6c,cx5faae53c4dbd1fbe4a2eb4aab6565030f10da5c6,0x23c88fe0c5633d0,0x47632fea5ed59c83a721ac162ce3bdf27452e05d3dc3aaa9cd4af9e8e05a74c8,6,94209163,0.16115431138854192,1741099127166826,Balanced Dollar,0.17135485,bnUSD,0,1,2025-03-04
cx88fd7df7ddff82f7cc735c871dc519838cb235bb,cxa0af3165c08318e988cb30993b3048335b94af6c,cx21e94c08c03daee80c25d8ee3ea22a20786ec231,0x5ceb0360fdcbe806d,0x47632fea5ed59c83a721ac162ce3bdf27452e05d3dc3aaa9cd4af9e8e05a74c8,5,94209163,107.12718377801787,1741099127166826,Balanced Dollar,0.17135485,bnUSD,0,1,2025-03-04
cx2609b924e33ef00b648a409245c7ea394c467824,cx21e94c08c03daee80c25d8ee3ea22a20786ec231,cxa0af3165c08318e988cb30993b3048335b94af6c,0x2884fcce93419c59e7,0x47632fea5ed59c83a721ac162ce3bdf27452e05d3dc3aaa9cd4af9e8e05a74c8,4,94209163,747.452524187376,1741099127166826,Staked ICX,0.17135485,sICX,0,1,2025-03-04
cx2609b924e33ef00b648a409245c7ea394c467824,hx0000000000000000000000000000000000000000,cx21e94c08c03daee80c25d8ee3ea22a20786ec231,0x2884fcce93419c59e7,0x47632fea5ed59c83a721ac162ce3bdf27452e05d3dc3aaa9cd4af9e8e05a74c8,2,94209163,747.452524187376,1741099127166826,Staked ICX,0.17135485,sICX,0,1,2025-03-04
cx88fd7df7ddff82f7cc735c871dc519838cb235bb,cxd82fb5d3effecd8c9071a4bba3856ad7222c4b91,hx2795b422d55c51caa27f5c6397561e73d73e8bff,0xc0dc89461600f0000,0x3633f00410df1c99c66981d75e67f3ca919addcc630e840bd1f60af710a6e8c3,0,94209162,222.35413574829414,1741099125304586,Balanced Dollar,0.020688375,bnUSD,0,1,2025-03-04
cx88fd7df7ddff82f7cc735c871dc519838cb235bb,cxa0af3165c08318e988cb30993b3048335b94af6c,cx5faae53c4dbd1fbe4a2eb4aab6565030f10da5c6,0x4a0f0dcd16c9106,0xd98bbff69c6b92b53af8ddf269336b00982316da1753a11779cd60a99668c299,2,94209160,0.3335312036224412,1741099121194159,Balanced Dollar,0.0563454,bnUSD,0,5,2025-03-04
cx4297f4b63262507623b6ad575d0d8dd2db980e4e,cxa0af3165c08318e988cb30993b3048335b94af6c,hx2795b422d55c51caa27f5c6397561e73d73e8bff,0x1158ea007c4270396,0xd98bbff69c6b92b53af8ddf269336b00982316da1753a11779cd60a99668c299,1,94209160,20.000098950415058,1741099121194159,Injective,0.0563454,INJ,0,5,2025-03-04
cx88fd7df7ddff82f7cc735c871dc519838cb235bb,hx2795b422d55c51caa27f5c6397561e73d73e8bff,cxa0af3165c08318e988cb30993b3048335b94af6c,0xc0dc89461600f0000,0xd98bbff69c6b92b53af8ddf269336b00982316da1753a11779cd60a99668c299,0,94209160,222.35413574829414,1741099121194159,Balanced Dollar,0.0563454,bnUSD,0,5,2025-03-04
cx88fd7df7ddff82f7cc735c871dc519838cb235bb,cxa0af3165c08318e988cb30993b3048335b94af6c,hx4dc7903504bb800a462378348a42f53742759e0b,0x144325056a1d477,0x9fb3af4b73f1178a0e87515b5148aca3ed59c3443b2440bdc51222b0ca2caa50,3,94209160,0.09125321308647129,1741099121194159,Balanced Dollar,0.0347289625,bnUSD,0,3,2025-03-04
cx65c9e3d4fea842e00add0d32a5b4c5e4e04c7a6b,hx4dc7903504bb800a462378348a42f53742759e0b,cxa0af3165c08318e988cb30993b3048335b94af6c,0xd7dc3cd,0xdec5e0ff47194432f037ed153a807ae5caf5630730d4b3a838786f57db3e0172,0,94209160,0.226345933,1741099121194159,Solana,0.0215510125,SOL,0,2,2025-03-04
cx88fd7df7ddff82f7cc735c871dc519838cb235bb,hx4dc7903504bb800a462378348a42f53742759e0b,cxa0af3165c08318e988cb30993b3048335b94af6c,0x1b93fb38bbd286000,0x3805b53cd6aca6463f23f806687d939032c2c841c2a18dfa3fb1dfaf49ccc86e,0,94209160,31.795329307014356,1741099121194159,Balanced Dollar,0.02221895,bnUSD,0,1,2025-03-04
cx508002ec116fbf3ab406329c0df28e70d7e75fb3,cx21e94c08c03daee80c25d8ee3ea22a20786ec231,hx2debd9ec927cca1639da8d3518dd9dbf1cdfb357,0x22e2f02332,0xbd96da7bee4d252cbfe3594906df8a23ebe5b4cd9e6ad7e4ff6280e40f2acce2,5,94209159,149.83627653,1741099119168735,Sui,0.078028425,SUI,0,3,2025-03-04
cx88fd7df7ddff82f7cc735c871dc519838cb235bb,cxa0af3165c08318e988cb30993b3048335b94af6c,cx5faae53c4dbd1fbe4a2eb4aab6565030f10da5c6,0x79ee9e911946260,0xbd96da7bee4d252cbfe3594906df8a23ebe5b4cd9e6ad7e4ff6280e40f2acce2,3,94209159,0.5491333918173682,1741099119168735,Balanced Dollar,0.078028425,bnUSD,0,3,2025-03-04
cx508002ec116fbf3ab406329c0df28e70d7e75fb3,cxa0af3165c08318e988cb30993b3048335b94af6c,cx21e94c08c03daee80c25d8ee3ea22a20786ec231,0x22e2f02332,0xbd96da7bee4d252cbfe3594906df8a23ebe5b4cd9e6ad7e4ff6280e40f2acce2,2,94209159,149.83627653,1741099119168735,Sui,0.078028425,SUI,0,3,2025-03-04
cx88fd7df7ddff82f7cc735c871dc519838cb235bb,cx21e94c08c03daee80c25d8ee3ea22a20786ec231,cxa0af3165c08318e988cb30993b3048335b94af6c,0x13d8812448726ada00,0xbd96da7bee4d252cbfe3594906df8a23ebe5b4cd9e6ad7e4ff6280e40f2acce2,1,94209159,366.08892787824544,1741099119168735,Balanced Dollar,0.078028425,bnUSD,0,3,2025-03-04
cx88fd7df7ddff82f7cc735c871dc519838cb235bb,hx2debd9ec927cca1639da8d3518dd9dbf1cdfb357,cx21e94c08c03daee80c25d8ee3ea22a20786ec231,0x13d8812448726ada00,0xbd96da7bee4d252cbfe3594906df8a23ebe5b4cd9e6ad7e4ff6280e40f2acce2,0,94209159,366.08892787824544,1741099119168735,Balanced Dollar,0.078028425,bnUSD,0,3,2025-03-04
cx88fd7df7ddff82f7cc735c871dc519838cb235bb,cxa0af3165c08318e988cb30993b3048335b94af6c,cx5faae53c4dbd1fbe4a2eb4aab6565030f10da5c6,0x2919d7b47338ced,0x68d6981aef47b5c3bed6ae7cbd19086650ac33938153dfbae13e7e09927a4e3e,2,94209159,0.18510221249999997,1741099119168735,Balanced Dollar,0.0460574,bnUSD,0,2,2025-03-04
cx508002ec116fbf3ab406329c0df28e70d7e75fb3,cxa0af3165c08318e988cb30993b3048335b94af6c,hxd75467e3e4ce64e3424c747dfb71503017440433,0xbc8ead680,0x68d6981aef47b5c3bed6ae7cbd19086650ac33938153dfbae13e7e09927a4e3e,1,94209159,50.615473792,1741099119168735,Sui,0.0460574,SUI,0,2,2025-03-04
cx88fd7df7ddff82f7cc735c871dc519838cb235bb,hxd75467e3e4ce64e3424c747dfb71503017440433,cxa0af3165c08318e988cb30993b3048335b94af6c,0x6b08a1bb4163f0000,0x68d6981aef47b5c3bed6ae7cbd19086650ac33938153dfbae13e7e09927a4e3e,0,94209159,123.40147499999999,1741099119168735,Balanced Dollar,0.0460574,bnUSD,0,2,2025-03-04
cx88fd7df7ddff82f7cc735c871dc519838cb235bb,cxd82fb5d3effecd8c9071a4bba3856ad7222c4b91,hx2795b422d55c51caa27f5c6397561e73d73e8bff,0xf32cf8626fd098000,0x06aea1855f8164544b0e4b05b58afcbe4fa31c82fa135eb5f5d71aa564b734a3,0,94209159,280.3624536297309,1741099119168735,Balanced Dollar,0.020688375,bnUSD,0,1,2025-03-04
cx88fd7df7ddff82f7cc735c871dc519838cb235bb,cxd82fb5d3effecd8c9071a4bba3856ad7222c4b91,hx2795b422d55c51caa27f5c6397561e73d73e8bff,0xc066a9b1001800000,0x1ee7c2ab57b5555bfeace0e16bea5c8cb73173d1f08ffb52cc50405e575896f8,0,94209158,221.82328128932048,1741099117197986,Balanced Dollar,0.020688375,bnUSD,0,3,2025-03-04
cx65c9e3d4fea842e00add0d32a5b4c5e4e04c7a6b,cx21e94c08c03daee80c25d8ee3ea22a20786ec231,hx4dc7903504bb800a462378348a42f53742759e0b,0xd7f7e02,0x6fd831a2ad5cf700279fda94e224aa93085f8ab0d09d65921d70d643c662aefb,12,94209158,0.226459138,1741099117197986,Solana,0.218662575,SOL,0,2,2025-03-04
cx88fd7df7ddff82f7cc735c871dc519838cb235bb,cxa0af3165c08318e988cb30993b3048335b94af6c,cx5faae53c4dbd1fbe4a2eb4aab6565030f10da5c6,0xa98307ec20c818,0x6fd831a2ad5cf700279fda94e224aa93085f8ab0d09d65921d70d643c662aefb,10,94209158,0.047713341113681945,1741099117197986,Balanced Dollar,0.218662575,bnUSD,0,2,2025-03-04
cx65c9e3d4fea842e00add0d32a5b4c5e4e04c7a6b,cxa0af3165c08318e988cb30993b3048335b94af6c,cx21e94c08c03daee80c25d8ee3ea22a20786ec231,0xd7f7e02,0x6fd831a2ad5cf700279fda94e224aa93085f8ab0d09d65921d70d643c662aefb,9,94209158,0.226459138,1741099117197986,Solana,0.218662575,SOL,0,2,2025-03-04
cx88fd7df7ddff82f7cc735c871dc519838cb235bb,cx21e94c08c03daee80c25d8ee3ea22a20786ec231,cxa0af3165c08318e988cb30993b3048335b94af6c,0x1b96fe4a1955e6a0d,0x6fd831a2ad5cf700279fda94e224aa93085f8ab0d09d65921d70d643c662aefb,8,94209158,31.80889407578796,1741099117197986,Balanced Dollar,0.218662575,bnUSD,0,2,2025-03-04
cx88fd7df7ddff82f7cc735c871dc519838cb235bb,cxa0af3165c08318e988cb30993b3048335b94af6c,cx5faae53c4dbd1fbe4a2eb4aab6565030f10da5c6,0xaa040150cf3926,0x6fd831a2ad5cf700279fda94e224aa93085f8ab0d09d65921d70d643c662aefb,6,94209158,0.04785514973804778,1741099117197986,Balanced Dollar,0.218662575,bnUSD,0,2,2025-03-04
cx88fd7df7ddff82f7cc735c871dc519838cb235bb,cxa0af3165c08318e988cb30993b3048335b94af6c,cx21e94c08c03daee80c25d8ee3ea22a20786ec231,0x1b96fe4a1955e6a0d,0x6fd831a2ad5cf700279fda94e224aa93085f8ab0d09d65921d70d643c662aefb,5,94209158,31.80889407578796,1741099117197986,Balanced Dollar,0.218662575,bnUSD,0,2,2025-03-04
cx2609b924e33ef00b648a409245c7ea394c467824,cx21e94c08c03daee80c25d8ee3ea22a20786ec231,cxa0af3165c08318e988cb30993b3048335b94af6c,0xc07851c57b3e557f6,0x6fd831a2ad5cf700279fda94e224aa93085f8ab0d09d65921d70d643c662aefb,4,94209158,221.90279937768852,1741099117197986,Staked ICX,0.218662575,sICX,0,2,2025-03-04
cx2609b924e33ef00b648a409245c7ea394c467824,hx0000000000000000000000000000000000000000,cx21e94c08c03daee80c25d8ee3ea22a20786ec231,0xc07851c57b3e557f6,0x6fd831a2ad5cf700279fda94e224aa93085f8ab0d09d65921d70d643c662aefb,2,94209158,221.90279937768852,1741099117197986,Staked ICX,0.218662575,sICX,0,2,2025-03-04
cx88fd7df7ddff82f7cc735c871dc519838cb235bb,cx21e94c08c03daee80c25d8ee3ea22a20786ec231,hx4dc7903504bb800a462378348a42f53742759e0b,0x1b978359ee7c153f3,0xcdd58cb0f19fc5deed33e4e1ec45929780f298e0dd92cc92100e3ec174d360dc,8,94209158,31.81123492454081,1741099117197986,Balanced Dollar,0.1713531625,bnUSD,0,1,2025-03-04
cx88fd7df7ddff82f7cc735c871dc519838cb235bb,cxa0af3165c08318e988cb30993b3048335b94af6c,cx5faae53c4dbd1fbe4a2eb4aab6565030f10da5c6,0xaa0735432767ea,0xcdd58cb0f19fc5deed33e4e1ec45929780f298e0dd92cc92100e3ec174d360dc,6,94209158,0.04785867138212862,1741099117197986,Balanced Dollar,0.1713531625,bnUSD,0,1,2025-03-04
cx88fd7df7ddff82f7cc735c871dc519838cb235bb,cxa0af3165c08318e988cb30993b3048335b94af6c,cx21e94c08c03daee80c25d8ee3ea22a20786ec231,0x1b978359ee7c153f3,0xcdd58cb0f19fc5deed33e4e1ec45929780f298e0dd92cc92100e3ec174d360dc,5,94209158,31.81123492454081,1741099117197986,Balanced Dollar,0.1713531625,bnUSD,0,1,2025-03-04
cx2609b924e33ef00b648a409245c7ea394c467824,cx21e94c08c03daee80c25d8ee3ea22a20786ec231,cxa0af3165c08318e988cb30993b3048335b94af6c,0xc07851c57b3e557f6,0xcdd58cb0f19fc5deed33e4e1ec45929780f298e0dd92cc92100e3ec174d360dc,4,94209158,221.90279937768852,1741099117197986,Staked ICX,0.1713531625,sICX,0,1,2025-03-04
cx2609b924e33ef00b648a409245c7ea394c467824,hx0000000000000000000000000000000000000000,cx21e94c08c03daee80c25d8ee3ea22a20786ec231,0xc07851c57b3e557f6,0xcdd58cb0f19fc5deed33e4e1ec45929780f298e0dd92cc92100e3ec174d360dc,2,94209158,221.90279937768852,1741099117197986,Staked ICX,0.1713531625,sICX,0,1,2025-03-04
cx88fd7df7ddff82f7cc735c871dc519838cb235bb,cx21e94c08c03daee80c25d8ee3ea22a20786ec231,hx7497c286aa521b09b2b54d78cde3fa4573c0e157,0xb18d3fca098bdac6,0xbcfbb76feb21a29679536e9b497f91308e89e101228fd62fe970b103ef5d58cc,17,94209156,12.793952253405552,1741099113209766,Balanced Dollar,0.2587665125,bnUSD,0,3,2025-03-04
cx88fd7df7ddff82f7cc735c871dc519838cb235bb,cxa0af3165c08318e988cb30993b3048335b94af6c,cx5faae53c4dbd1fbe4a2eb4aab6565030f10da5c6,0x44624ee1d0ffb0,0xbcfbb76feb21a29679536e9b497f91308e89e101228fd62fe970b103ef5d58cc,15,94209156,0.019248389351866287,1741099113209766,Balanced Dollar,0.2587665125,bnUSD,0,3,2025-03-04
cx88fd7df7ddff82f7cc735c871dc519838cb235bb,cxa0af3165c08318e988cb30993b3048335b94af6c,cx21e94c08c03daee80c25d8ee3ea22a20786ec231,0xb18d3fca098bdac6,0xbcfbb76feb21a29679536e9b497f91308e89e101228fd62fe970b103ef5d58cc,14,94209156,12.793952253405552,1741099113209766,Balanced Dollar,0.2587665125,bnUSD,0,3,2025-03-04
cx2609b924e33ef00b648a409245c7ea394c467824,cx21e94c08c03daee80c25d8ee3ea22a20786ec231,cxa0af3165c08318e988cb30993b3048335b94af6c,0x4d677d772fd7cc30a,0xbcfbb76feb21a29679536e9b497f91308e89e101228fd62fe970b103ef5d58cc,13,94209156,89.2410338300624,1741099113209766,Staked ICX,0.2587665125,sICX,0,3,2025-03-04
cx2609b924e33ef00b648a409245c7ea394c467824,cxa0af3165c08318e988cb30993b3048335b94af6c,cx5faae53c4dbd1fbe4a2eb4aab6565030f10da5c6,0x1db69a33e7fd46f,0xbcfbb76feb21a29679536e9b497f91308e89e101228fd62fe970b103ef5d58cc,11,94209156,0.13381676378671217,1741099113209766,Staked ICX,0.2587665125,sICX,0,3,2025-03-04
cx2609b924e33ef00b648a409245c7ea394c467824,cxa0af3165c08318e988cb30993b3048335b94af6c,cx21e94c08c03daee80c25d8ee3ea22a20786ec231,0x4d677d772fd7cc30a,0xbcfbb76feb21a29679536e9b497f91308e89e101228fd62fe970b103ef5d58cc,10,94209156,89.2410338300624,1741099113209766,Staked ICX,0.2587665125,sICX,0,3,2025-03-04
cx1a29259a59f463a67bb2ef84398b30ca56b5830a,cx21e94c08c03daee80c25d8ee3ea22a20786ec231,cxa0af3165c08318e988cb30993b3048335b94af6c,0x20ab80a2e71b08509ff,0xbcfbb76feb21a29679536e9b497f91308e89e101228fd62fe970b103ef5d58cc,9,94209156,9642.46186959496,1741099113209766,Omm Token,0.2587665125,OMM,0,3,2025-03-04
cxae3034235540b924dfcc1b45836c293dcc82bfb7,cx21e94c08c03daee80c25d8ee3ea22a20786ec231,cxa0af3165c08318e988cb30993b3048335b94af6c,0x254cdd1,0xbcfbb76feb21a29679536e9b497f91308e89e101228fd62fe970b103ef5d58cc,8,94209156,39.112145,1741099113209766,ICON USD Coin,0.2587665125,IUSDC,0,3,2025-03-04
cxae3034235540b924dfcc1b45836c293dcc82bfb7,cxa0af3165c08318e988cb30993b3048335b94af6c,cx5faae53c4dbd1fbe4a2eb4aab6565030f10da5c6,0xe52c,0xbcfbb76feb21a29679536e9b497f91308e89e101228fd62fe970b103ef5d58cc,6,94209156,0.058668,1741099113209766,ICON USD Coin,0.2587665125,IUSDC,0,3,2025-03-04
cx1a29259a59f463a67bb2ef84398b30ca56b5830a,cxa0af3165c08318e988cb30993b3048335b94af6c,cx21e94c08c03daee80c25d8ee3ea22a20786ec231,0x20ab80a2e71b08509ff,0xbcfbb76feb21a29679536e9b497f91308e89e101228fd62fe970b103ef5d58cc,5,94209156,9642.46186959496,1741099113209766,Omm Token,0.2587665125,OMM,0,3,2025-03-04
cx88fd7df7ddff82f7cc735c871dc519838cb235bb,cxa0af3165c08318e988cb30993b3048335b94af6c,cx5faae53c4dbd1fbe4a2eb4aab6565030f10da5c6,0x439933e6c40d78,0xbcfbb76feb21a29679536e9b497f91308e89e101228fd62fe970b103ef5d58cc,3,94209156,0.01902727163360396,1741099113209766,Balanced Dollar,0.2587665125,bnUSD,0,3,2025-03-04
cxae3034235540b924dfcc1b45836c293dcc82bfb7,cxa0af3165c08318e988cb30993b3048335b94af6c,cx21e94c08c03daee80c25d8ee3ea22a20786ec231,0x254cdd1,0xbcfbb76feb21a29679536e9b497f91308e89e101228fd62fe970b103ef5d58cc,2,94209156,39.112145,1741099113209766,ICON USD Coin,0.2587665125,IUSDC,0,3,2025-03-04
cx88fd7df7ddff82f7cc735c871dc519838cb235bb,cx21e94c08c03daee80c25d8ee3ea22a20786ec231,cxa0af3165c08318e988cb30993b3048335b94af6c,0xb009a1d39e8dc000,0xbcfbb76feb21a29679536e9b497f91308e89e101228fd62fe970b103ef5d58cc,1,94209156,12.684847755735975,1741099113209766,Balanced Dollar,0.2587665125,bnUSD,0,3,2025-03-04
cx88fd7df7ddff82f7cc735c871dc519838cb235bb,hx7497c286aa521b09b2b54d78cde3fa4573c0e157,cx21e94c08c03daee80c25d8ee3ea22a20786ec231,0xb009a1d39e8dc000,0xbcfbb76feb21a29679536e9b497f91308e89e101228fd62fe970b103ef5d58cc,0,94209156,12.684847755735975,1741099113209766,Balanced Dollar,0.2587665125,bnUSD,0,3,2025-03-04
cx88fd7df7ddff82f7cc735c871dc519838cb235bb,cxa0af3165c08318e988cb30993b3048335b94af6c,cx5faae53c4dbd1fbe4a2eb4aab6565030f10da5c6,0x5d6123fcd6f8093,0x3a6d130aa9adfed6f9c983b4e871c353cd1cb050be81b5247786940aa8292a16,2,94209156,0.4205436804445964,1741099113209766,Balanced Dollar,0.0460131125,bnUSD,0,2,2025-03-04
cx65c9e3d4fea842e00add0d32a5b4c5e4e04c7a6b,cxa0af3165c08318e988cb30993b3048335b94af6c,hx2795b422d55c51caa27f5c6397561e73d73e8bff,0x77359e9c,0x3a6d130aa9adfed6f9c983b4e871c353cd1cb050be81b5247786940aa8292a16,1,94209156,2.000002716,1741099113209766,Solana,0.0460131125,SOL,0,2,2025-03-04
cx88fd7df7ddff82f7cc735c871dc519838cb235bb,hx2795b422d55c51caa27f5c6397561e73d73e8bff,cxa0af3165c08318e988cb30993b3048335b94af6c,0xf32cf8626fd098000,0x3a6d130aa9adfed6f9c983b4e871c353cd1cb050be81b5247786940aa8292a16,0,94209156,280.3624536297309,1741099113209766,Balanced Dollar,0.0460131125,bnUSD,0,2,2025-03-04
cx53f8ccd5426534f82cf10cb742de033e51da72fc,hx8026678e3d08ba3203ce6161ee8e9e3b9793491f,hx8026678e3d08ba3203ce6161ee8e9e3b9793491f,0x0,0x052f27c88bdcd0aa1add6f33ecd565d3cf9b1dc8fcf40536bf18bfb8d1745b71,0,94209156,0.0,1741099113209766,unknown_token,0.004292,$unknown,1,1,2025-03-04
cx88fd7df7ddff82f7cc735c871dc519838cb235bb,cxa0af3165c08318e988cb30993b3048335b94af6c,cx5faae53c4dbd1fbe4a2eb4aab6565030f10da5c6,0x1580fcb68d47f12,0xf9519fcd70a1bf2d64054462b6e28c37a9270c994691265dafdd7777fe1fc36a,2,94209155,0.09684475830000001,1741099111222835,Balanced Dollar,0.056400425,bnUSD,0,2,2025-03-04
cx288d13e1b63563459a2ac6179f237711f6851cb5,cxa0af3165c08318e988cb30993b3048335b94af6c,hxd75467e3e4ce64e3424c747dfb71503017440433,0x6aea98af4fe9bf,0xf9519fcd70a1bf2d64054462b6e28c37a9270c994691265dafdd7777fe1fc36a,1,94209155,0.030094289028508095,1741099111222835,Ethereum,0.056400425,ETH,0,2,2025-03-04
cx88fd7df7ddff82f7cc735c871dc519838cb235bb,hxd75467e3e4ce64e3424c747dfb71503017440433,cxa0af3165c08318e988cb30993b3048335b94af6c,0x37ffe770ba9604000,0xf9519fcd70a1bf2d64054462b6e28c37a9270c994691265dafdd7777fe1fc36a,0,94209155,64.56317220000001,1741099111222835,Balanced Dollar,0.056400425,bnUSD,0,2,2025-03-04
cx07b184a37f03c6ab681fcbd0b45aec6dc3eafbeb,cx21e94c08c03daee80c25d8ee3ea22a20786ec231,hx2debd9ec927cca1639da8d3518dd9dbf1cdfb357,0x11c36ebfb254e5,0xad64e2d33a2b53e158654f23a8a8c5b4722d865124e1d4f4790ec51908d17b31,5,94209155,0.004999955034035429,1741099111222835,Bitcoin,0.0882862,BTC,0,1,2025-03-04
cx88fd7df7ddff82f7cc735c871dc519838cb235bb,cxa0af3165c08318e988cb30993b3048335b94af6c,cx5faae53c4dbd1fbe4a2eb4aab6565030f10da5c6,0x8c92ad06541d250,0xad64e2d33a2b53e158654f23a8a8c5b4722d865124e1d4f4790ec51908d17b31,3,94209155,0.633084297162642,1741099111222835,Balanced Dollar,0.0882862,bnUSD,0,1,2025-03-04
cx07b184a37f03c6ab681fcbd0b45aec6dc3eafbeb,cxa0af3165c08318e988cb30993b3048335b94af6c,cx21e94c08c03daee80c25d8ee3ea22a20786ec231,0x11c36ebfb254e5,0xad64e2d33a2b53e158654f23a8a8c5b4722d865124e1d4f4790ec51908d17b31,2,94209155,0.004999955034035429,1741099111222835,Bitcoin,0.0882862,BTC,0,1,2025-03-04
cx88fd7df7ddff82f7cc735c871dc519838cb235bb,cx21e94c08c03daee80c25d8ee3ea22a20786ec231,cxa0af3165c08318e988cb30993b3048335b94af6c,0x16e134d407b0be5b00,0xad64e2d33a2b53e158654f23a8a8c5b4722d865124e1d4f4790ec51908d17b31,1,94209155,422.056198108428,1741099111222835,Balanced Dollar,0.0882862,bnUSD,0,1,2025-03-04
cx88fd7df7ddff82f7cc735c871dc519838cb235bb,hx2debd9ec927cca1639da8d3518dd9dbf1cdfb357,cx21e94c08c03daee80c25d8ee3ea22a20786ec231,0x16e134d407b0be5b00,0xad64e2d33a2b53e158654f23a8a8c5b4722d865124e1d4f4790ec51908d17b31,0,94209155,422.056198108428,1741099111222835,Balanced Dollar,0.0882862,bnUSD,0,1,2025-03-04
cx88fd7df7ddff82f7cc735c871dc519838cb235bb,cxa0af3165c08318e988cb30993b3048335b94af6c,cx5faae53c4dbd1fbe4a2eb4aab6565030f10da5c6,0x49e1ca60a3e0418,0xb26a2321150f68d844a389103733073171df9ea73ce16093f6ca46bafaf3119e,2,94209154,0.3327349219339807,1741099109244407,Balanced Dollar,0.0563454,bnUSD,0,1,2025-03-04
cx4297f4b63262507623b6ad575d0d8dd2db980e4e,cxa0af3165c08318e988cb30993b3048335b94af6c,hx2795b422d55c51caa27f5c6397561e73d73e8bff,0x1158ea02b827d5425,0xb26a2321150f68d844a389103733073171df9ea73ce16093f6ca46bafaf3119e,1,94209154,20.00009910393224,1741099109244407,Injective,0.0563454,INJ,0,1,2025-03-04
cx88fd7df7ddff82f7cc735c871dc519838cb235bb,hx2795b422d55c51caa27f5c6397561e73d73e8bff,cxa0af3165c08318e988cb30993b3048335b94af6c,0xc066a9b1001800000,0xb26a2321150f68d844a389103733073171df9ea73ce16093f6ca46bafaf3119e,0,94209154,221.82328128932048,1741099109244407,Balanced Dollar,0.0563454,bnUSD,0,1,2025-03-04
cx88fd7df7ddff82f7cc735c871dc519838cb235bb,cxd82fb5d3effecd8c9071a4bba3856ad7222c4b91,hx2795b422d55c51caa27f5c6397561e73d73e8bff,0x1d094fec1fb4d90000,0x6cac55beaf1cd3670ce029b9946d785a7c976c2fda2fae2cb47ec270ad18efcf,0,94209153,535.6265926280007,1741099107227254,Balanced Dollar,0.020690875,bnUSD,0,2,2025-03-04
cx88fd7df7ddff82f7cc735c871dc519838cb235bb,cx21e94c08c03daee80c25d8ee3ea22a20786ec231,hx7497c286aa521b09b2b54d78cde3fa4573c0e157,0x5291611fd92025523,0x1a40ffffd656d6b64719e232e667166795d6f9489515abef997e4b1153addaaf,13,94209153,95.19429395436447,1741099107227254,Balanced Dollar,0.2235188875,bnUSD,0,1,2025-03-04
cx88fd7df7ddff82f7cc735c871dc519838cb235bb,cxa0af3165c08318e988cb30993b3048335b94af6c,cx5faae53c4dbd1fbe4a2eb4aab6565030f10da5c6,0x1fcc47bfb3d4085,0x1a40ffffd656d6b64719e232e667166795d6f9489515abef997e4b1153addaaf,11,94209153,0.14320532494413019,1741099107227254,Balanced Dollar,0.2235188875,bnUSD,0,1,2025-03-04
cx88fd7df7ddff82f7cc735c871dc519838cb235bb,cxa0af3165c08318e988cb30993b3048335b94af6c,cx21e94c08c03daee80c25d8ee3ea22a20786ec231,0x5291611fd92025523,0x1a40ffffd656d6b64719e232e667166795d6f9489515abef997e4b1153addaaf,10,94209153,95.19429395436447,1741099107227254,Balanced Dollar,0.2235188875,bnUSD,0,1,2025-03-04
cx2609b924e33ef00b648a409245c7ea394c467824,cx21e94c08c03daee80c25d8ee3ea22a20786ec231,cxa0af3165c08318e988cb30993b3048335b94af6c,0x23fdc174e219d840bc,0x1a40ffffd656d6b64719e232e667166795d6f9489515abef997e4b1153addaaf,9,94209153,663.9210670563803,1741099107227254,Staked ICX,0.2235188875,sICX,0,1,2025-03-04
cx2609b924e33ef00b648a409245c7ea394c467824,cxa0af3165c08318e988cb30993b3048335b94af6c,cx5faae53c4dbd1fbe4a2eb4aab6565030f10da5c6,0xddace43996acaf4,0x1a40ffffd656d6b64719e232e667166795d6f9489515abef997e4b1153addaaf,7,94209153,0.9983370571480297,1741099107227254,Staked ICX,0.2235188875,sICX,0,1,2025-03-04
cx2609b924e33ef00b648a409245c7ea394c467824,cxa0af3165c08318e988cb30993b3048335b94af6c,cx21e94c08c03daee80c25d8ee3ea22a20786ec231,0x23fdc174e219d840bc,0x1a40ffffd656d6b64719e232e667166795d6f9489515abef997e4b1153addaaf,6,94209153,663.9210670563803,1741099107227254,Staked ICX,0.2235188875,sICX,0,1,2025-03-04
cxf61cd5a45dc9f91c15aa65831a30a90d59a09619,cx21e94c08c03daee80c25d8ee3ea22a20786ec231,cxa0af3165c08318e988cb30993b3048335b94af6c,0x2b796f3958f9a2fd9c,0x1a40ffffd656d6b64719e232e667166795d6f9489515abef997e4b1153addaaf,5,94209153,801.9602708248229,1741099107227254,Balance Token,0.2235188875,BALN,0,1,2025-03-04
cx88fd7df7ddff82f7cc735c871dc519838cb235bb,cxa0af3165c08318e988cb30993b3048335b94af6c,cx5faae53c4dbd1fbe4a2eb4aab6565030f10da5c6,0x1fa6aa26fca1493,0x1a40ffffd656d6b64719e232e667166795d6f9489515abef997e4b1153addaaf,3,94209153,0.14254358410835266,1741099107227254,Balanced Dollar,0.2235188875,bnUSD,0,1,2025-03-04
cxf61cd5a45dc9f91c15aa65831a30a90d59a09619,cxa0af3165c08318e988cb30993b3048335b94af6c,cx21e94c08c03daee80c25d8ee3ea22a20786ec231,0x2b796f3958f9a2fd9c,0x1a40ffffd656d6b64719e232e667166795d6f9489515abef997e4b1153addaaf,2,94209153,801.9602708248229,1741099107227254,Balance Token,0.2235188875,BALN,0,1,2025-03-04
cx88fd7df7ddff82f7cc735c871dc519838cb235bb,cx21e94c08c03daee80c25d8ee3ea22a20786ec231,cxa0af3165c08318e988cb30993b3048335b94af6c,0x526cb07031e404000,0x1a40ffffd656d6b64719e232e667166795d6f9489515abef997e4b1153addaaf,1,94209153,95.02905607223511,1741099107227254,Balanced Dollar,0.2235188875,bnUSD,0,1,2025-03-04
cx88fd7df7ddff82f7cc735c871dc519838cb235bb,hx7497c286aa521b09b2b54d78cde3fa4573c0e157,cx21e94c08c03daee80c25d8ee3ea22a20786ec231,0x526cb07031e404000,0x1a40ffffd656d6b64719e232e667166795d6f9489515abef997e4b1153addaaf,0,94209153,95.02905607223511,1741099107227254,Balanced Dollar,0.2235188875,bnUSD,0,1,2025-03-04
cx88fd7df7ddff82f7cc735c871dc519838cb235bb,cxa0af3165c08318e988cb30993b3048335b94af6c,cx5faae53c4dbd1fbe4a2eb4aab6565030f10da5c6,0xb54aaefb26b7ae1,0xfe5afec01cf009edcce15cb43296d98aa655a4fea83e583d00eac3e2548847f3,2,94209151,0.8164653789281964,1741099103192122,Balanced Dollar,0.070556025,bnUSD,0,7,2025-03-04
cx2609b924e33ef00b648a409245c7ea394c467824,cxa0af3165c08318e988cb30993b3048335b94af6c,hxc1718c79947e0f673296218b5b23adbd9a3b38a8,0xccaab2cea4fcb9391a,0xfe5afec01cf009edcce15cb43296d98aa655a4fea83e583d00eac3e2548847f3,1,94209151,3775.435911777061,1741099103192122,Staked ICX,0.070556025,sICX,0,7,2025-03-04
cx88fd7df7ddff82f7cc735c871dc519838cb235bb,hxc1718c79947e0f673296218b5b23adbd9a3b38a8,cxa0af3165c08318e988cb30993b3048335b94af6c,0x1d81d27ae0a2900000,0xfe5afec01cf009edcce15cb43296d98aa655a4fea83e583d00eac3e2548847f3,0,94209151,544.3102526187976,1741099103192122,Balanced Dollar,0.070556025,bnUSD,0,7,2025-03-04
cx88fd7df7ddff82f7cc735c871dc519838cb235bb,cxa0af3165c08318e988cb30993b3048335b94af6c,cx5faae53c4dbd1fbe4a2eb4aab6565030f10da5c6,0xb2664527ac46be7,0x2d0732cca8b58dd4e0334aa65c53ea8d781a032491234913d2658abc23a13cb1,2,94209151,0.8034398889420011,1741099103192122,Balanced Dollar,0.0563856125,bnUSD,0,6,2025-03-04
cx288d13e1b63563459a2ac6179f237711f6851cb5,cxa0af3165c08318e988cb30993b3048335b94af6c,hx2795b422d55c51caa27f5c6397561e73d73e8bff,0x3782ecdd47decae,0x2d0732cca8b58dd4e0334aa65c53ea8d781a032491234913d2658abc23a13cb1,1,94209151,0.2500012408872583,1741099103192122,Ethereum,0.0563856125,ETH,0,6,2025-03-04
cx88fd7df7ddff82f7cc735c871dc519838cb235bb,hx2795b422d55c51caa27f5c6397561e73d73e8bff,cxa0af3165c08318e988cb30993b3048335b94af6c,0x1d094fec1fb4d90000,0x2d0732cca8b58dd4e0334aa65c53ea8d781a032491234913d2658abc23a13cb1,0,94209151,535.6265926280007,1741099103192122,Balanced Dollar,0.0563856125,bnUSD,0,6,2025-03-04
cx88fd7df7ddff82f7cc735c871dc519838cb235bb,cxd82fb5d3effecd8c9071a4bba3856ad7222c4b91,hxc1718c79947e0f673296218b5b23adbd9a3b38a8,0x1d81d27ae0a2900000,0xf6a2a8cbcbd2f593fa1015acfe852d1716bdaeac778e2611084c470401d78f1e,0,94209151,544.3102526187976,1741099103192122,Balanced Dollar,0.020690875,bnUSD,0,5,2025-03-04
cx88fd7df7ddff82f7cc735c871dc519838cb235bb,cxd82fb5d3effecd8c9071a4bba3856ad7222c4b91,hx2795b422d55c51caa27f5c6397561e73d73e8bff,0xbfd97d108e7d50000,0xf6e7de6480075c626fcd53d740811b5a76467978ffc46108f6f5bf006d648283,0,94209151,221.1874886600636,1741099103192122,Balanced Dollar,0.020688375,bnUSD,0,4,2025-03-04
cx66a031cc3bd305c76371fb586e93801b948254f0,cx21e94c08c03daee80c25d8ee3ea22a20786ec231,hx2debd9ec927cca1639da8d3518dd9dbf1cdfb357,0x1155e35a877eedfed,0x2c11b1d4151c96a72abe614244cc166bedce7a822946632cf53bd9fb5f93c5c9,5,94209151,19.986471193999762,1741099103192122,Avalanche,0.0882975,AVAX,0,3,2025-03-04
cx88fd7df7ddff82f7cc735c871dc519838cb235bb,cxa0af3165c08318e988cb30993b3048335b94af6c,cx5faae53c4dbd1fbe4a2eb4aab6565030f10da5c6,0x8790b65e19d3de7,0x2c11b1d4151c96a72abe614244cc166bedce7a822946632cf53bd9fb5f93c5c9,3,94209151,0.6105317566901939,1741099103192122,Balanced Dollar,0.0882975,bnUSD,0,3,2025-03-04
cx66a031cc3bd305c76371fb586e93801b948254f0,cxa0af3165c08318e988cb30993b3048335b94af6c,cx21e94c08c03daee80c25d8ee3ea22a20786ec231,0x1155e35a877eedfed,0x2c11b1d4151c96a72abe614244cc166bedce7a822946632cf53bd9fb5f93c5c9,2,94209151,19.986471193999762,1741099103192122,Avalanche,0.0882975,AVAX,0,3,2025-03-04
cx88fd7df7ddff82f7cc735c871dc519838cb235bb,cx21e94c08c03daee80c25d8ee3ea22a20786ec231,cxa0af3165c08318e988cb30993b3048335b94af6c,0x16108daea634268990,0x2c11b1d4151c96a72abe614244cc166bedce7a822946632cf53bd9fb5f93c5c9,1,94209151,407.02117112679593,1741099103192122,Balanced Dollar,0.0882975,bnUSD,0,3,2025-03-04
cx88fd7df7ddff82f7cc735c871dc519838cb235bb,hx2debd9ec927cca1639da8d3518dd9dbf1cdfb357,cx21e94c08c03daee80c25d8ee3ea22a20786ec231,0x16108daea634268990,0x2c11b1d4151c96a72abe614244cc166bedce7a822946632cf53bd9fb5f93c5c9,0,94209151,407.02117112679593,1741099103192122,Balanced Dollar,0.0882975,bnUSD,0,3,2025-03-04
cx88fd7df7ddff82f7cc735c871dc519838cb235bb,cxd82fb5d3effecd8c9071a4bba3856ad7222c4b91,hx2795b422d55c51caa27f5c6397561e73d73e8bff,0x1cf79c1fed1fc20000,0x45a5f6f88e0d697c6713011c7705c27a98a1029c37763523ebbc9af47ef6a19f,0,94209151,534.351004990903,1741099103192122,Balanced Dollar,0.0206935625,bnUSD,0,2,2025-03-04
cx88fd7df7ddff82f7cc735c871dc519838cb235bb,cxa0af3165c08318e988cb30993b3048335b94af6c,cx5faae53c4dbd1fbe4a2eb4aab6565030f10da5c6,0x1b5d31236834000,0x69d33c26be48614759b37fb115276499260f88efcd0144c3670f48be908d991c,2,94209151,0.12323664,1741099103192122,Balanced Dollar,0.056310275,bnUSD,0,1,2025-03-04
cx66a031cc3bd305c76371fb586e93801b948254f0,cxa0af3165c08318e988cb30993b3048335b94af6c,hxd75467e3e4ce64e3424c747dfb71503017440433,0x38193368f700d12c,0x69d33c26be48614759b37fb115276499260f88efcd0144c3670f48be908d991c,1,94209151,4.042318666455372,1741099103192122,Avalanche,0.056310275,AVAX,0,1,2025-03-04
cx88fd7df7ddff82f7cc735c871dc519838cb235bb,hxd75467e3e4ce64e3424c747dfb71503017440433,cxa0af3165c08318e988cb30993b3048335b94af6c,0x4742aff6df5cc0000,0x69d33c26be48614759b37fb115276499260f88efcd0144c3670f48be908d991c,0,94209151,82.15776,1741099103192122,Balanced Dollar,0.056310275,bnUSD,0,1,2025-03-04
cx88fd7df7ddff82f7cc735c871dc519838cb235bb,cxd82fb5d3effecd8c9071a4bba3856ad7222c4b91,hx2795b422d55c51caa27f5c6397561e73d73e8bff,0xf22c0e86d08030000,0x9a6f54b9ab98236d2b2b26d3e3c7f320e28a12862e469596d84a88145e49d5f9,0,94209150,279.20541805344476,1741099101373698,Balanced Dollar,0.0206870625,bnUSD,0,2,2025-03-04
cx53f8ccd5426534f82cf10cb742de033e51da72fc,hx8026678e3d08ba3203ce6161ee8e9e3b9793491f,hx8026678e3d08ba3203ce6161ee8e9e3b9793491f,0x0,0x9042471a20376bfd8444d9ce41fce8560c2a33d7819c425dab2ce8eb32e399a5,0,94209149,0.0,1741099099177006,unknown_token,0.0043484375,$unknown,1,2,2025-03-04
cx88fd7df7ddff82f7cc735c871dc519838cb235bb,hx0000000000000000000000000000000000000000,cx5faae53c4dbd1fbe4a2eb4aab6565030f10da5c6,0x385772f854ec000,0xf1f6a687698df28c9d80a095ef7607c4f7e682559cb8bda3eed92779d1abb4ab,3,94209149,0.25374,1741099099177006,Balanced Dollar,0.10477365,bnUSD,0,1,2025-03-04
cx88fd7df7ddff82f7cc735c871dc519838cb235bb,cx66d4d90f5f113eba575bf793570135f9b10cece1,hx873ceaf39d9d3b1d0363c6a8f7a8bdcf1294c916,0x6e0acc8d05dcf0001,0xf1f6a687698df28c9d80a095ef7607c4f7e682559cb8bda3eed92779d1abb4ab,1,94209149,126.87,1741099099177006,Balanced Dollar,0.10477365,bnUSD,0,1,2025-03-04
cx88fd7df7ddff82f7cc735c871dc519838cb235bb,hx0000000000000000000000000000000000000000,cx66d4d90f5f113eba575bf793570135f9b10cece1,0x6e0acc8d05dcf0001,0xf1f6a687698df28c9d80a095ef7607c4f7e682559cb8bda3eed92779d1abb4ab,0,94209149,126.87,1741099099177006,Balanced Dollar,0.10477365,bnUSD,0,1,2025-03-04
cx88fd7df7ddff82f7cc735c871dc519838cb235bb,cxa0af3165c08318e988cb30993b3048335b94af6c,cx5faae53c4dbd1fbe4a2eb4aab6565030f10da5c6,0xb51092091389d91,0x8fc1d3a1bf82c955623a4c83b52ea39317dfe4a1ff33b2e405abc67751c0f098,2,94209148,0.8154430430107805,1741099097176057,Balanced Dollar,0.070556025,bnUSD,0,3,2025-03-04
cx2609b924e33ef00b648a409245c7ea394c467824,cxa0af3165c08318e988cb30993b3048335b94af6c,hxc1718c79947e0f673296218b5b23adbd9a3b38a8,0xccaab81039f15175eb,0x8fc1d3a1bf82c955623a4c83b52ea39317dfe4a1ff33b2e405abc67751c0f098,1,94209148,3775.437391259959,1741099097176057,Staked ICX,0.070556025,sICX,0,3,2025-03-04
cx88fd7df7ddff82f7cc735c871dc519838cb235bb,hxc1718c79947e0f673296218b5b23adbd9a3b38a8,cxa0af3165c08318e988cb30993b3048335b94af6c,0x1d785d1a24d8c50000,0x8fc1d3a1bf82c955623a4c83b52ea39317dfe4a1ff33b2e405abc67751c0f098,0,94209148,543.6286953405204,1741099097176057,Balanced Dollar,0.070556025,bnUSD,0,3,2025-03-04
cx88fd7df7ddff82f7cc735c871dc519838cb235bb,cxd82fb5d3effecd8c9071a4bba3856ad7222c4b91,hxc1718c79947e0f673296218b5b23adbd9a3b38a8,0x1d785d1a24d8c50000,0x32ea96888319b95760db2ff0dbafbe557efa348af0f77d33b914193831f8db3f,0,94209148,543.6286953405204,1741099097176057,Balanced Dollar,0.020690875,bnUSD,0,2,2025-03-04
cx88fd7df7ddff82f7cc735c871dc519838cb235bb,cxa0af3165c08318e988cb30993b3048335b94af6c,cx5faae53c4dbd1fbe4a2eb4aab6565030f10da5c6,0x49ab94607840810,0xd99fe8b6dd35f541170a5fc0e0b0195f9e2352620deb2d549dac10486e58786b,2,94209148,0.3317812329900954,1741099097176057,Balanced Dollar,0.0563440875,bnUSD,0,1,2025-03-04
cx4297f4b63262507623b6ad575d0d8dd2db980e4e,cxa0af3165c08318e988cb30993b3048335b94af6c,hx2795b422d55c51caa27f5c6397561e73d73e8bff,0x1156c480fbf0e77c7,0xd99fe8b6dd35f541170a5fc0e0b0195f9e2352620deb2d549dac10486e58786b,1,94209148,19.990432078457896,1741099097176057,Injective,0.0563440875,INJ,0,1,2025-03-04
cx88fd7df7ddff82f7cc735c871dc519838cb235bb,hx2795b422d55c51caa27f5c6397561e73d73e8bff,cxa0af3165c08318e988cb30993b3048335b94af6c,0xbfd97d108e7d50000,0xd99fe8b6dd35f541170a5fc0e0b0195f9e2352620deb2d549dac10486e58786b,0,94209148,221.1874886600636,1741099097176057,Balanced Dollar,0.0563440875,bnUSD,0,1,2025-03-04
cx88fd7df7ddff82f7cc735c871dc519838cb235bb,cxa0af3165c08318e988cb30993b3048335b94af6c,cx5faae53c4dbd1fbe4a2eb4aab6565030f10da5c6,0xeeedf4c597d000,0xca7a53908385962678864bc0817e7ca9750c741a23eece49d5aaffe69253b358,2,94209147,0.06725268,1741099095366597,Balanced Dollar,0.0563627125,bnUSD,0,3,2025-03-04
cx4297f4b63262507623b6ad575d0d8dd2db980e4e,cxa0af3165c08318e988cb30993b3048335b94af6c,hxd75467e3e4ce64e3424c747dfb71503017440433,0x385098f346b45e41,0xca7a53908385962678864bc0817e7ca9750c741a23eece49d5aaffe69253b358,1,94209147,4.057911434891517,1741099095366597,Injective,0.0563627125,INJ,0,3,2025-03-04
cx88fd7df7ddff82f7cc735c871dc519838cb235bb,hxd75467e3e4ce64e3424c747dfb71503017440433,cxa0af3165c08318e988cb30993b3048335b94af6c,0x26e365817e6030000,0xca7a53908385962678864bc0817e7ca9750c741a23eece49d5aaffe69253b358,0,94209147,44.83512,1741099095366597,Balanced Dollar,0.0563627125,bnUSD,0,3,2025-03-04
cx508002ec116fbf3ab406329c0df28e70d7e75fb3,cx21e94c08c03daee80c25d8ee3ea22a20786ec231,hx2debd9ec927cca1639da8d3518dd9dbf1cdfb357,0x22ec9dcb03,0xe51b5d8f1212cde19be7348c616d835cebf0155b4682f5449baac55d80c4ec93,5,94209147,149.998652163,1741099095366597,Sui,0.078024425,SUI,0,1,2025-03-04
cx88fd7df7ddff82f7cc735c871dc519838cb235bb,cxa0af3165c08318e988cb30993b3048335b94af6c,cx5faae53c4dbd1fbe4a2eb4aab6565030f10da5c6,0x798a890fd173ec4,0xe51b5d8f1212cde19be7348c616d835cebf0155b4682f5449baac55d80c4ec93,3,94209147,0.5473726954004313,1741099095366597,Balanced Dollar,0.078024425,bnUSD,0,1,2025-03-04
cx508002ec116fbf3ab406329c0df28e70d7e75fb3,cxa0af3165c08318e988cb30993b3048335b94af6c,cx21e94c08c03daee80c25d8ee3ea22a20786ec231,0x22ec9dcb03,0xe51b5d8f1212cde19be7348c616d835cebf0155b4682f5449baac55d80c4ec93,2,94209147,149.998652163,1741099095366597,Sui,0.078024425,SUI,0,1,2025-03-04
cx88fd7df7ddff82f7cc735c871dc519838cb235bb,cx21e94c08c03daee80c25d8ee3ea22a20786ec231,cxa0af3165c08318e988cb30993b3048335b94af6c,0x13c836f993173373c0,0xe51b5d8f1212cde19be7348c616d835cebf0155b4682f5449baac55d80c4ec93,1,94209147,364.9151302669542,1741099095366597,Balanced Dollar,0.078024425,bnUSD,0,1,2025-03-04
cx88fd7df7ddff82f7cc735c871dc519838cb235bb,hx2debd9ec927cca1639da8d3518dd9dbf1cdfb357,cx21e94c08c03daee80c25d8ee3ea22a20786ec231,0x13c836f993173373c0,0xe51b5d8f1212cde19be7348c616d835cebf0155b4682f5449baac55d80c4ec93,0,94209147,364.9151302669542,1741099095366597,Balanced Dollar,0.078024425,bnUSD,0,1,2025-03-04
cx88fd7df7ddff82f7cc735c871dc519838cb235bb,cxa0af3165c08318e988cb30993b3048335b94af6c,cx5faae53c4dbd1fbe4a2eb4aab6565030f10da5c6,0xb1f981ca4c89c6a,0x200539c1abec3a2e02d284a1d473bbbb38b3c30c64a2269abcc079cdf8603cdb,2,94209146,0.8015265074863546,1741099093216518,Balanced Dollar,0.0563816125,bnUSD,0,1,2025-03-04
cx288d13e1b63563459a2ac6179f237711f6851cb5,cxa0af3165c08318e988cb30993b3048335b94af6c,hx2795b422d55c51caa27f5c6397561e73d73e8bff,0x3782ece462d8921,0x200539c1abec3a2e02d284a1d473bbbb38b3c30c64a2269abcc079cdf8603cdb,1,94209146,0.25000124279459257,1741099093216518,Ethereum,0.0563816125,ETH,0,1,2025-03-04
cx88fd7df7ddff82f7cc735c871dc519838cb235bb,hx2795b422d55c51caa27f5c6397561e73d73e8bff,cxa0af3165c08318e988cb30993b3048335b94af6c,0x1cf79c1fed1fc20000,0x200539c1abec3a2e02d284a1d473bbbb38b3c30c64a2269abcc079cdf8603cdb,0,94209146,534.351004990903,1741099093216518,Balanced Dollar,0.0563816125,bnUSD,0,1,2025-03-04
cx88fd7df7ddff82f7cc735c871dc519838cb235bb,cxa0af3165c08318e988cb30993b3048335b94af6c,cx5faae53c4dbd1fbe4a2eb4aab6565030f10da5c6,0x5cfe7c5cba8f6e9,0xdc770546629b02d3960a877d3edeec8ae231077d513bff87935772685370d064,2,94209144,0.4188081270801671,1741099089324529,Balanced Dollar,0.0460131125,bnUSD,0,1,2025-03-04
cx65c9e3d4fea842e00add0d32a5b4c5e4e04c7a6b,cxa0af3165c08318e988cb30993b3048335b94af6c,hx2795b422d55c51caa27f5c6397561e73d73e8bff,0x7724fa62,0xdc770546629b02d3960a877d3edeec8ae231077d513bff87935772685370d064,1,94209144,1.998912098,1741099089324529,Solana,0.0460131125,SOL,0,1,2025-03-04
cx88fd7df7ddff82f7cc735c871dc519838cb235bb,hx2795b422d55c51caa27f5c6397561e73d73e8bff,cxa0af3165c08318e988cb30993b3048335b94af6c,0xf22c0e86d08030000,0xdc770546629b02d3960a877d3edeec8ae231077d513bff87935772685370d064,0,94209144,279.20541805344476,1741099089324529,Balanced Dollar,0.0460131125,bnUSD,0,1,2025-03-04
cx88fd7df7ddff82f7cc735c871dc519838cb235bb,cxa0af3165c08318e988cb30993b3048335b94af6c,cx5faae53c4dbd1fbe4a2eb4aab6565030f10da5c6,0xe24fef8bedbe00,0x2308b7db98a8a2154c0fc55288e0d52c656f43572e0b352fd128a383b8ec5a75,2,94209143,0.063701235,1741099087185943,Balanced Dollar,0.0460316125,bnUSD,0,4,2025-03-04
cx65c9e3d4fea842e00add0d32a5b4c5e4e04c7a6b,cxa0af3165c08318e988cb30993b3048335b94af6c,hxd75467e3e4ce64e3424c747dfb71503017440433,0x1228d348,0x2308b7db98a8a2154c0fc55288e0d52c656f43572e0b352fd128a383b8ec5a75,1,94209143,0.304665416,1741099087185943,Solana,0.0460316125,SOL,0,4,2025-03-04
cx88fd7df7ddff82f7cc735c871dc519838cb235bb,hxd75467e3e4ce64e3424c747dfb71503017440433,cxa0af3165c08318e988cb30993b3048335b94af6c,0x24d5ad52710742000,0x2308b7db98a8a2154c0fc55288e0d52c656f43572e0b352fd128a383b8ec5a75,0,94209143,42.46749,1741099087185943,Balanced Dollar,0.0460316125,bnUSD,0,4,2025-03-04
cx88fd7df7ddff82f7cc735c871dc519838cb235bb,cxa0af3165c08318e988cb30993b3048335b94af6c,cx5faae53c4dbd1fbe4a2eb4aab6565030f10da5c6,0xb4d69100758b1eb,0x2b4434972b700d441726e60e4999d959b6271f769480d408f88b0ead67737894,2,94209143,0.8144226251875742,1741099087185943,Balanced Dollar,0.070556025,bnUSD,0,3,2025-03-04
cx2609b924e33ef00b648a409245c7ea394c467824,cxa0af3165c08318e988cb30993b3048335b94af6c,hxc1718c79947e0f673296218b5b23adbd9a3b38a8,0xccaabd50206f280417,0x2b4434972b700d441726e60e4999d959b6271f769480d408f88b0ead67737894,1,94209143,3775.4388688940285,1741099087185943,Staked ICX,0.070556025,sICX,0,3,2025-03-04
cx88fd7df7ddff82f7cc735c871dc519838cb235bb,hxc1718c79947e0f673296218b5b23adbd9a3b38a8,cxa0af3165c08318e988cb30993b3048335b94af6c,0x1d6eec446876fa0000,0x2b4434972b700d441726e60e4999d959b6271f769480d408f88b0ead67737894,0,94209143,542.9484167917161,1741099087185943,Balanced Dollar,0.070556025,bnUSD,0,3,2025-03-04
cx88fd7df7ddff82f7cc735c871dc519838cb235bb,cxd82fb5d3effecd8c9071a4bba3856ad7222c4b91,hxc1718c79947e0f673296218b5b23adbd9a3b38a8,0x1d6eec446876fa0000,0xa04f6a315083bb2e8a957c78e7a84f47c16180cf78e54a99b9065eaf6af93dae,0,94209143,542.9484167917161,1741099087185943,Balanced Dollar,0.020690875,bnUSD,0,2,2025-03-04
cx2d552c485ec8bcaa75aac02424e2aca6ffdb2f1b,cx21e94c08c03daee80c25d8ee3ea22a20786ec231,hx2debd9ec927cca1639da8d3518dd9dbf1cdfb357,0x9b6e0927c1b2ca4,0xf6db40232734a14afe6f1ca4aa33ff8e35772bb985d4b14f019c605f24a41f7d,5,94209143,0.6999937118546935,1741099087185943,Binance Coin,0.0882703375,BNB,0,1,2025-03-04
cx88fd7df7ddff82f7cc735c871dc519838cb235bb,cxa0af3165c08318e988cb30993b3048335b94af6c,cx5faae53c4dbd1fbe4a2eb4aab6565030f10da5c6,0x8616d2e4821ab40,0xf6db40232734a14afe6f1ca4aa33ff8e35772bb985d4b14f019c605f24a41f7d,3,94209143,0.6038838705904463,1741099087185943,Balanced Dollar,0.0882703375,bnUSD,0,1,2025-03-04
cx2d552c485ec8bcaa75aac02424e2aca6ffdb2f1b,cxa0af3165c08318e988cb30993b3048335b94af6c,cx21e94c08c03daee80c25d8ee3ea22a20786ec231,0x9b6e0927c1b2ca4,0xf6db40232734a14afe6f1ca4aa33ff8e35772bb985d4b14f019c605f24a41f7d,2,94209143,0.6999937118546935,1741099087185943,Binance Coin,0.0882703375,BNB,0,1,2025-03-04
cx88fd7df7ddff82f7cc735c871dc519838cb235bb,cx21e94c08c03daee80c25d8ee3ea22a20786ec231,cxa0af3165c08318e988cb30993b3048335b94af6c,0x15d30c53312d034c00,0xf6db40232734a14afe6f1ca4aa33ff8e35772bb985d4b14f019c605f24a41f7d,1,94209143,402.5892470602976,1741099087185943,Balanced Dollar,0.0882703375,bnUSD,0,1,2025-03-04
cx88fd7df7ddff82f7cc735c871dc519838cb235bb,hx2debd9ec927cca1639da8d3518dd9dbf1cdfb357,cx21e94c08c03daee80c25d8ee3ea22a20786ec231,0x15d30c53312d034c00,0xf6db40232734a14afe6f1ca4aa33ff8e35772bb985d4b14f019c605f24a41f7d,0,94209143,402.5892470602976,1741099087185943,Balanced Dollar,0.0882703375,bnUSD,0,1,2025-03-04
cx88fd7df7ddff82f7cc735c871dc519838cb235bb,cxd82fb5d3effecd8c9071a4bba3856ad7222c4b91,hx2795b422d55c51caa27f5c6397561e73d73e8bff,0xf14e49a40781c8000,0xf916bbe60f139525a0d504256393585c45f376228886c97e0619d5c9d6071495,0,94209142,278.20665888277557,1741099085350706,Balanced Dollar,0.020688375,bnUSD,0,1,2025-03-04
cx88fd7df7ddff82f7cc735c871dc519838cb235bb,cxd82fb5d3effecd8c9071a4bba3856ad7222c4b91,hx2795b422d55c51caa27f5c6397561e73d73e8bff,0xbf648a752f8560000,0x8866335ef2411049ecbb75bc787314e71363680a71fc2df6ed4e744f1ffbeea2,0,94209141,220.66080311725406,1741099083224182,Balanced Dollar,0.020688375,bnUSD,0,3,2025-03-04
cx88fd7df7ddff82f7cc735c871dc519838cb235bb,cxd82fb5d3effecd8c9071a4bba3856ad7222c4b91,hx2795b422d55c51caa27f5c6397561e73d73e8bff,0x1ce5f87e0b19770000,0x5c6fdef5ed0d1a2fbdcb49b12d794a5f39d43313de6222c1ea0b2a9be6961a7d,0,94209141,533.0799674789141,1741099083224182,Balanced Dollar,0.0206935625,bnUSD,0,2,2025-03-04
cx88fd7df7ddff82f7cc735c871dc519838cb235bb,cxd82fb5d3effecd8c9071a4bba3856ad7222c4b91,hx2795b422d55c51caa27f5c6397561e73d73e8bff,0x1056ae0d150ba70000,0x1aece747c2818cc6ce62d4cd4bac420bb02b49b64b89c82b49e4e0f71040d4b5,0,94209141,301.39384929660326,1741099083224182,Balanced Dollar,0.0206895625,bnUSD,0,1,2025-03-04
cx66a031cc3bd305c76371fb586e93801b948254f0,cx21e94c08c03daee80c25d8ee3ea22a20786ec231,hx2debd9ec927cca1639da8d3518dd9dbf1cdfb357,0x1158da298a9f330d1,0xe602cdb1533a2942bcdad97736969bad317675480ef3db766eb7dee01f4bf815,5,94209139,19.999820296792258,1741099079362005,Avalanche,0.0882975,AVAX,0,1,2025-03-04
cx88fd7df7ddff82f7cc735c871dc519838cb235bb,cxa0af3165c08318e988cb30993b3048335b94af6c,cx5faae53c4dbd1fbe4a2eb4aab6565030f10da5c6,0x871e2e6206d936e,0xe602cdb1533a2942bcdad97736969bad317675480ef3db766eb7dee01f4bf815,3,94209139,0.6085169026861351,1741099079362005,Balanced Dollar,0.0882975,bnUSD,0,1,2025-03-04
cx66a031cc3bd305c76371fb586e93801b948254f0,cxa0af3165c08318e988cb30993b3048335b94af6c,cx21e94c08c03daee80c25d8ee3ea22a20786ec231,0x1158da298a9f330d1,0xe602cdb1533a2942bcdad97736969bad317675480ef3db766eb7dee01f4bf815,2,94209139,19.999820296792258,1741099079362005,Avalanche,0.0882975,AVAX,0,1,2025-03-04
cx88fd7df7ddff82f7cc735c871dc519838cb235bb,cx21e94c08c03daee80c25d8ee3ea22a20786ec231,cxa0af3165c08318e988cb30993b3048335b94af6c,0x15fde98c9f1d5a9920,0xe602cdb1533a2942bcdad97736969bad317675480ef3db766eb7dee01f4bf815,1,94209139,405.6779351240901,1741099079362005,Balanced Dollar,0.0882975,bnUSD,0,1,2025-03-04
cx88fd7df7ddff82f7cc735c871dc519838cb235bb,hx2debd9ec927cca1639da8d3518dd9dbf1cdfb357,cx21e94c08c03daee80c25d8ee3ea22a20786ec231,0x15fde98c9f1d5a9920,0xe602cdb1533a2942bcdad97736969bad317675480ef3db766eb7dee01f4bf815,0,94209139,405.6779351240901,1741099079362005,Balanced Dollar,0.0882975,bnUSD,0,1,2025-03-04
cx88fd7df7ddff82f7cc735c871dc519838cb235bb,cxa0af3165c08318e988cb30993b3048335b94af6c,cx5faae53c4dbd1fbe4a2eb4aab6565030f10da5c6,0x497eabf3a7c0872,0x4a6ca4d31a7eb31df53a0f7c3c0551ae8e67a07091c84f13e15fb8dd4ec5ceee,2,94209138,0.33099120467588106,1741099077164140,Balanced Dollar,0.0563440875,bnUSD,0,1,2025-03-04
cx4297f4b63262507623b6ad575d0d8dd2db980e4e,cxa0af3165c08318e988cb30993b3048335b94af6c,hx2795b422d55c51caa27f5c6397561e73d73e8bff,0x1158ea079ddb9be3b,0x4a6ca4d31a7eb31df53a0f7c3c0551ae8e67a07091c84f13e15fb8dd4ec5ceee,1,94209138,20.000099440470375,1741099077164140,Injective,0.0563440875,INJ,0,1,2025-03-04
cx88fd7df7ddff82f7cc735c871dc519838cb235bb,hx2795b422d55c51caa27f5c6397561e73d73e8bff,cxa0af3165c08318e988cb30993b3048335b94af6c,0xbf648a752f8560000,0x4a6ca4d31a7eb31df53a0f7c3c0551ae8e67a07091c84f13e15fb8dd4ec5ceee,0,94209138,220.66080311725406,1741099077164140,Balanced Dollar,0.0563440875,bnUSD,0,1,2025-03-04
cx88fd7df7ddff82f7cc735c871dc519838cb235bb,cxa0af3165c08318e988cb30993b3048335b94af6c,cx5faae53c4dbd1fbe4a2eb4aab6565030f10da5c6,0xb18d21bebafaa9f,0xb073fbd93c062d517b830fcc2066b819e553ad23df2f2dd45bb2cc5616215763,2,94209136,0.7996199512183713,1741099073242366,Balanced Dollar,0.0563816125,bnUSD,0,5,2025-03-04
cx288d13e1b63563459a2ac6179f237711f6851cb5,cxa0af3165c08318e988cb30993b3048335b94af6c,hx2795b422d55c51caa27f5c6397561e73d73e8bff,0x3782eceb788d782,0xb073fbd93c062d517b830fcc2066b819e553ad23df2f2dd45bb2cc5616215763,1,94209136,0.2500012446964018,1741099073242366,Ethereum,0.0563816125,ETH,0,5,2025-03-04
cx88fd7df7ddff82f7cc735c871dc519838cb235bb,hx2795b422d55c51caa27f5c6397561e73d73e8bff,cxa0af3165c08318e988cb30993b3048335b94af6c,0x1ce5f87e0b19770000,0xb073fbd93c062d517b830fcc2066b819e553ad23df2f2dd45bb2cc5616215763,0,94209136,533.0799674789141,1741099073242366,Balanced Dollar,0.0563816125,bnUSD,0,5,2025-03-04
cx88fd7df7ddff82f7cc735c871dc519838cb235bb,cxd82fb5d3effecd8c9071a4bba3856ad7222c4b91,hx2795b422d55c51caa27f5c6397561e73d73e8bff,0xbef002a15578c8000,0xbf57a5eb7e4211d4951b978fd3b87826ef99fe608004bcdb3fad886b8eae3aca,0,94209136,220.13599605702134,1741099073242366,Balanced Dollar,0.0206910625,bnUSD,0,4,2025-03-04
cx88fd7df7ddff82f7cc735c871dc519838cb235bb,cxd82fb5d3effecd8c9071a4bba3856ad7222c4b91,hx2795b422d55c51caa27f5c6397561e73d73e8bff,0x1cd2487dcb0b730000,0xdba36f70676eaea5733148b4e14837e74123489ea1c97543911f19608163027c,0,94209136,531.6613333211794,1741099073242366,Balanced Dollar,0.0206895625,bnUSD,0,2,2025-03-04
cx88fd7df7ddff82f7cc735c871dc519838cb235bb,cxa0af3165c08318e988cb30993b3048335b94af6c,cx5faae53c4dbd1fbe4a2eb4aab6565030f10da5c6,0x28d98824140e1f3,0x738c6192e46b453770fb3080a7daa0f6026a6d8c457384e6bee68f9ff9ce674a,2,94209136,0.183970845,1741099073242366,Balanced Dollar,0.0460574,bnUSD,0,1,2025-03-04
cx508002ec116fbf3ab406329c0df28e70d7e75fb3,cxa0af3165c08318e988cb30993b3048335b94af6c,hxd75467e3e4ce64e3424c747dfb71503017440433,0xbc35eecc5,0x738c6192e46b453770fb3080a7daa0f6026a6d8c457384e6bee68f9ff9ce674a,1,94209136,50.522418373,1741099073242366,Sui,0.0460574,SUI,0,1,2025-03-04
cx88fd7df7ddff82f7cc735c871dc519838cb235bb,hxd75467e3e4ce64e3424c747dfb71503017440433,cxa0af3165c08318e988cb30993b3048335b94af6c,0x6a6127ddf43a1c000,0x738c6192e46b453770fb3080a7daa0f6026a6d8c457384e6bee68f9ff9ce674a,0,94209136,122.64723,1741099073242366,Balanced Dollar,0.0460574,bnUSD,0,1,2025-03-04
cx53f8ccd5426534f82cf10cb742de033e51da72fc,hx8026678e3d08ba3203ce6161ee8e9e3b9793491f,hx8026678e3d08ba3203ce6161ee8e9e3b9793491f,0x0,0xd4f5fb5e7b4a23123b00982ee6c533c1bcb506104538617c0b9bc0b691ecae6c,0,94209135,0.0,1741099071173850,unknown_token,0.004292,$unknown,1,2,2025-03-04
cx66a031cc3bd305c76371fb586e93801b948254f0,cx21e94c08c03daee80c25d8ee3ea22a20786ec231,hx2debd9ec927cca1639da8d3518dd9dbf1cdfb357,0x1158da2988cdda842,0xe1983b45fcecec0013651ec83f167ffccc1b282b79ebe0c0532b8dc2eb199406,5,94209135,19.999820296304307,1741099071173850,Avalanche,0.0882975,AVAX,0,1,2025-03-04
cx88fd7df7ddff82f7cc735c871dc519838cb235bb,cxa0af3165c08318e988cb30993b3048335b94af6c,cx5faae53c4dbd1fbe4a2eb4aab6565030f10da5c6,0x86ac37439bc988a,0xe1983b45fcecec0013651ec83f167ffccc1b282b79ebe0c0532b8dc2eb199406,3,94209135,0.6065120037870368,1741099071173850,Balanced Dollar,0.0882975,bnUSD,0,1,2025-03-04
cx66a031cc3bd305c76371fb586e93801b948254f0,cxa0af3165c08318e988cb30993b3048335b94af6c,cx21e94c08c03daee80c25d8ee3ea22a20786ec231,0x1158da2988cdda842,0xe1983b45fcecec0013651ec83f167ffccc1b282b79ebe0c0532b8dc2eb199406,2,94209135,19.999820296304307,1741099071173850,Avalanche,0.0882975,AVAX,0,1,2025-03-04
cx88fd7df7ddff82f7cc735c871dc519838cb235bb,cx21e94c08c03daee80c25d8ee3ea22a20786ec231,cxa0af3165c08318e988cb30993b3048335b94af6c,0x15eb5cfeabb077e760,0xe1983b45fcecec0013651ec83f167ffccc1b282b79ebe0c0532b8dc2eb199406,1,94209135,404.34133585802454,1741099071173850,Balanced Dollar,0.0882975,bnUSD,0,1,2025-03-04
cx88fd7df7ddff82f7cc735c871dc519838cb235bb,hx2debd9ec927cca1639da8d3518dd9dbf1cdfb357,cx21e94c08c03daee80c25d8ee3ea22a20786ec231,0x15eb5cfeabb077e760,0xe1983b45fcecec0013651ec83f167ffccc1b282b79ebe0c0532b8dc2eb199406,0,94209135,404.34133585802454,1741099071173850,Balanced Dollar,0.0882975,bnUSD,0,1,2025-03-04
cx88fd7df7ddff82f7cc735c871dc519838cb235bb,cx21e94c08c03daee80c25d8ee3ea22a20786ec231,hx7497c286aa521b09b2b54d78cde3fa4573c0e157,0x5287584aafa33a773,0x760d017655e43ee01d83efdf1431108650da0a5aa816fe4417d3dda80107cbd6,13,94209134,95.14910257221702,1741099069155744,Balanced Dollar,0.2235188875,bnUSD,0,1,2025-03-04
cx88fd7df7ddff82f7cc735c871dc519838cb235bb,cxa0af3165c08318e988cb30993b3048335b94af6c,cx5faae53c4dbd1fbe4a2eb4aab6565030f10da5c6,0x1fc86a2909d64cf,0x760d017655e43ee01d83efdf1431108650da0a5aa816fe4417d3dda80107cbd6,11,94209134,0.14313732093807124,1741099069155744,Balanced Dollar,0.2235188875,bnUSD,0,1,2025-03-04
cx88fd7df7ddff82f7cc735c871dc519838cb235bb,cxa0af3165c08318e988cb30993b3048335b94af6c,cx21e94c08c03daee80c25d8ee3ea22a20786ec231,0x5287584aafa33a773,0x760d017655e43ee01d83efdf1431108650da0a5aa816fe4417d3dda80107cbd6,10,94209134,95.14910257221702,1741099069155744,Balanced Dollar,0.2235188875,bnUSD,0,1,2025-03-04
cx2609b924e33ef00b648a409245c7ea394c467824,cx21e94c08c03daee80c25d8ee3ea22a20786ec231,cxa0af3165c08318e988cb30993b3048335b94af6c,0x241a06c4013aacd97d,0x760d017655e43ee01d83efdf1431108650da0a5aa816fe4417d3dda80107cbd6,9,94209134,665.9581884579487,1741099069155744,Staked ICX,0.2235188875,sICX,0,1,2025-03-04
cx2609b924e33ef00b648a409245c7ea394c467824,cxa0af3165c08318e988cb30993b3048335b94af6c,cx5faae53c4dbd1fbe4a2eb4aab6565030f10da5c6,0xde5aeff288ad1e6,0x760d017655e43ee01d83efdf1431108650da0a5aa816fe4417d3dda80107cbd6,7,94209134,1.0013989030798833,1741099069155744,Staked ICX,0.2235188875,sICX,0,1,2025-03-04
cx2609b924e33ef00b648a409245c7ea394c467824,cxa0af3165c08318e988cb30993b3048335b94af6c,cx21e94c08c03daee80c25d8ee3ea22a20786ec231,0x241a06c4013aacd97d,0x760d017655e43ee01d83efdf1431108650da0a5aa816fe4417d3dda80107cbd6,6,94209134,665.9581884579487,1741099069155744,Staked ICX,0.2235188875,sICX,0,1,2025-03-04
cxf61cd5a45dc9f91c15aa65831a30a90d59a09619,cx21e94c08c03daee80c25d8ee3ea22a20786ec231,cxa0af3165c08318e988cb30993b3048335b94af6c,0x2b8f7bcf6970240456,0x760d017655e43ee01d83efdf1431108650da0a5aa816fe4417d3dda80107cbd6,5,94209134,803.5490805908297,1741099069155744,Balance Token,0.2235188875,BALN,0,1,2025-03-04
cx88fd7df7ddff82f7cc735c871dc519838cb235bb,cxa0af3165c08318e988cb30993b3048335b94af6c,cx5faae53c4dbd1fbe4a2eb4aab6565030f10da5c6,0x1fa6aa26fca1493,0x760d017655e43ee01d83efdf1431108650da0a5aa816fe4417d3dda80107cbd6,3,94209134,0.14254358410835266,1741099069155744,Balanced Dollar,0.2235188875,bnUSD,0,1,2025-03-04
cxf61cd5a45dc9f91c15aa65831a30a90d59a09619,cxa0af3165c08318e988cb30993b3048335b94af6c,cx21e94c08c03daee80c25d8ee3ea22a20786ec231,0x2b8f7bcf6970240456,0x760d017655e43ee01d83efdf1431108650da0a5aa816fe4417d3dda80107cbd6,2,94209134,803.5490805908297,1741099069155744,Balance Token,0.2235188875,BALN,0,1,2025-03-04
cx88fd7df7ddff82f7cc735c871dc519838cb235bb,cx21e94c08c03daee80c25d8ee3ea22a20786ec231,cxa0af3165c08318e988cb30993b3048335b94af6c,0x526cb07031e404000,0x760d017655e43ee01d83efdf1431108650da0a5aa816fe4417d3dda80107cbd6,1,94209134,95.02905607223511,1741099069155744,Balanced Dollar,0.2235188875,bnUSD,0,1,2025-03-04
cx88fd7df7ddff82f7cc735c871dc519838cb235bb,hx7497c286aa521b09b2b54d78cde3fa4573c0e157,cx21e94c08c03daee80c25d8ee3ea22a20786ec231,0x526cb07031e404000,0x760d017655e43ee01d83efdf1431108650da0a5aa816fe4417d3dda80107cbd6,0,94209134,95.02905607223511,1741099069155744,Balanced Dollar,0.2235188875,bnUSD,0,1,2025-03-04
cx88fd7df7ddff82f7cc735c871dc519838cb235bb,cxa0af3165c08318e988cb30993b3048335b94af6c,cx5faae53c4dbd1fbe4a2eb4aab6565030f10da5c6,0xb4a6dc35dbbfb22,0xfe0acd2f1060f0c9943334a0bd817862d844ee6a98b10b8d9d7c129597c89ff3,2,94209133,0.8135833685524467,1741099067184238,Balanced Dollar,0.070556025,bnUSD,0,4,2025-03-04
cx2609b924e33ef00b648a409245c7ea394c467824,cxa0af3165c08318e988cb30993b3048335b94af6c,hxc1718c79947e0f673296218b5b23adbd9a3b38a8,0xccaac1a1b683b79417,0xfe0acd2f1060f0c9943334a0bd817862d844ee6a98b10b8d9d7c129597c89ff3,1,94209133,3775.4400844989673,1741099067184238,Staked ICX,0.070556025,sICX,0,4,2025-03-04
cx88fd7df7ddff82f7cc735c871dc519838cb235bb,hxc1718c79947e0f673296218b5b23adbd9a3b38a8,cxa0af3165c08318e988cb30993b3048335b94af6c,0x1d672882196ede0000,0xfe0acd2f1060f0c9943334a0bd817862d844ee6a98b10b8d9d7c129597c89ff3,0,94209133,542.3889123682978,1741099067184238,Balanced Dollar,0.070556025,bnUSD,0,4,2025-03-04
cx88fd7df7ddff82f7cc735c871dc519838cb235bb,cxd82fb5d3effecd8c9071a4bba3856ad7222c4b91,hxc1718c79947e0f673296218b5b23adbd9a3b38a8,0x1d672882196ede0000,0x3e0c4c5ff3374b69ea6ce82214f3ef8d8dbf28446734dfaa440c14725770005d,0,94209133,542.3889123682978,1741099067184238,Balanced Dollar,0.020690875,bnUSD,0,3,2025-03-04
cx88fd7df7ddff82f7cc735c871dc519838cb235bb,cxa0af3165c08318e988cb30993b3048335b94af6c,cx5faae53c4dbd1fbe4a2eb4aab6565030f10da5c6,0x5ca95392f48bf2b,0x9f7da3a800bbc9b3dc86d5c1e0b77ab4442086aee180a379cf7c30c987095eb0,2,94209133,0.4173099883241634,1741099067184238,Balanced Dollar,0.0460144875,bnUSD,0,2,2025-03-04
cx65c9e3d4fea842e00add0d32a5b4c5e4e04c7a6b,cxa0af3165c08318e988cb30993b3048335b94af6c,hx2795b422d55c51caa27f5c6397561e73d73e8bff,0x77359ef7,0x9f7da3a800bbc9b3dc86d5c1e0b77ab4442086aee180a379cf7c30c987095eb0,1,94209133,2.000002807,1741099067184238,Solana,0.0460144875,SOL,0,2,2025-03-04
cx88fd7df7ddff82f7cc735c871dc519838cb235bb,hx2795b422d55c51caa27f5c6397561e73d73e8bff,cxa0af3165c08318e988cb30993b3048335b94af6c,0xf14e49a40781c8000,0x9f7da3a800bbc9b3dc86d5c1e0b77ab4442086aee180a379cf7c30c987095eb0,0,94209133,278.20665888277557,1741099067184238,Balanced Dollar,0.0460144875,bnUSD,0,2,2025-03-04
cx88fd7df7ddff82f7cc735c871dc519838cb235bb,cxd82fb5d3effecd8c9071a4bba3856ad7222c4b91,hx2795b422d55c51caa27f5c6397561e73d73e8bff,0x14ad6f53993bad8000,0x4acb338f25e7f26107bd5d1c1e211afbdb905689cc5ffebb53f76d4476ae8724,0,94209133,381.43218088276376,1741099067184238,Balanced Dollar,0.0206895625,bnUSD,0,1,2025-03-04
cx88fd7df7ddff82f7cc735c871dc519838cb235bb,cxa0af3165c08318e988cb30993b3048335b94af6c,cx5faae53c4dbd1fbe4a2eb4aab6565030f10da5c6,0x15572e4e64930f9,0x74f9c85639f6a2e731fa2f1217cd7a00b63ef3c2658fc778265a191fd4c7d849,2,94209132,0.0961092945,1741099065300751,Balanced Dollar,0.056400425,bnUSD,0,1,2025-03-04
cx288d13e1b63563459a2ac6179f237711f6851cb5,cxa0af3165c08318e988cb30993b3048335b94af6c,hxd75467e3e4ce64e3424c747dfb71503017440433,0x6ae575dec651cb,0x74f9c85639f6a2e731fa2f1217cd7a00b63ef3c2658fc778265a191fd4c7d849,1,94209132,0.03008864194280289,1741099065300751,Ethereum,0.056400425,ETH,0,1,2025-03-04
cx88fd7df7ddff82f7cc735c871dc519838cb235bb,hxd75467e3e4ce64e3424c747dfb71503017440433,cxa0af3165c08318e988cb30993b3048335b94af6c,0x37930896d0944e000,0x74f9c85639f6a2e731fa2f1217cd7a00b63ef3c2658fc778265a191fd4c7d849,0,94209132,64.072863,1741099065300751,Balanced Dollar,0.056400425,bnUSD,0,1,2025-03-04
cx66a031cc3bd305c76371fb586e93801b948254f0,cx21e94c08c03daee80c25d8ee3ea22a20786ec231,hx2debd9ec927cca1639da8d3518dd9dbf1cdfb357,0x1158da2986fd51562,0x263137ae6c123e4e8d1340f08e2ee0fd18bbab23a45f8e061c32db855322846d,5,94209131,19.999820295817205,1741099063182043,Avalanche,0.0882975,AVAX,0,3,2025-03-04
cx88fd7df7ddff82f7cc735c871dc519838cb235bb,cxa0af3165c08318e988cb30993b3048335b94af6c,cx5faae53c4dbd1fbe4a2eb4aab6565030f10da5c6,0x863ad00ef70b9cc,0x263137ae6c123e4e8d1340f08e2ee0fd18bbab23a45f8e061c32db855322846d,3,94209131,0.6045169945265259,1741099063182043,Balanced Dollar,0.0882975,bnUSD,0,3,2025-03-04
cx66a031cc3bd305c76371fb586e93801b948254f0,cxa0af3165c08318e988cb30993b3048335b94af6c,cx21e94c08c03daee80c25d8ee3ea22a20786ec231,0x1158da2986fd51562,0x263137ae6c123e4e8d1340f08e2ee0fd18bbab23a45f8e061c32db855322846d,2,94209131,19.999820295817205,1741099063182043,Avalanche,0.0882975,AVAX,0,3,2025-03-04
cx88fd7df7ddff82f7cc735c871dc519838cb235bb,cx21e94c08c03daee80c25d8ee3ea22a20786ec231,cxa0af3165c08318e988cb30993b3048335b94af6c,0x15d8e7dd1a358e8340,0x263137ae6c123e4e8d1340f08e2ee0fd18bbab23a45f8e061c32db855322846d,1,94209131,403.0113296843506,1741099063182043,Balanced Dollar,0.0882975,bnUSD,0,3,2025-03-04
cx88fd7df7ddff82f7cc735c871dc519838cb235bb,hx2debd9ec927cca1639da8d3518dd9dbf1cdfb357,cx21e94c08c03daee80c25d8ee3ea22a20786ec231,0x15d8e7dd1a358e8340,0x263137ae6c123e4e8d1340f08e2ee0fd18bbab23a45f8e061c32db855322846d,0,94209131,403.0113296843506,1741099063182043,Balanced Dollar,0.0882975,bnUSD,0,3,2025-03-04
cx88fd7df7ddff82f7cc735c871dc519838cb235bb,cxa0af3165c08318e988cb30993b3048335b94af6c,cx5faae53c4dbd1fbe4a2eb4aab6565030f10da5c6,0x4951ec87ae22178,0x2a883f312a73d65c9291d278484455192ee68e304bebaa0dd8b6250d7884226b,2,94209131,0.330203994085532,1741099063182043,Balanced Dollar,0.0563440875,bnUSD,0,2,2025-03-04
cx4297f4b63262507623b6ad575d0d8dd2db980e4e,cxa0af3165c08318e988cb30993b3048335b94af6c,hx2795b422d55c51caa27f5c6397561e73d73e8bff,0x1158ea09d4757dcc6,0x2a883f312a73d65c9291d278484455192ee68e304bebaa0dd8b6250d7884226b,1,94209131,20.0000995925662,1741099063182043,Injective,0.0563440875,INJ,0,2,2025-03-04
cx88fd7df7ddff82f7cc735c871dc519838cb235bb,hx2795b422d55c51caa27f5c6397561e73d73e8bff,cxa0af3165c08318e988cb30993b3048335b94af6c,0xbef002a15578c8000,0x2a883f312a73d65c9291d278484455192ee68e304bebaa0dd8b6250d7884226b,0,94209131,220.13599605702134,1741099063182043,Balanced Dollar,0.0563440875,bnUSD,0,2,2025-03-04
cx88fd7df7ddff82f7cc735c871dc519838cb235bb,cxd82fb5d3effecd8c9071a4bba3856ad7222c4b91,hx2795b422d55c51caa27f5c6397561e73d73e8bff,0x5988ab958c3910000,0x3a85c2b691b108bec41fba9ca428fc9e35055258da5aaf730a9ea8cf21bd0fcb,0,94209131,103.22552199998819,1741099063182043,Balanced Dollar,0.0206870625,bnUSD,0,1,2025-03-04
cx88fd7df7ddff82f7cc735c871dc519838cb235bb,cxa0af3165c08318e988cb30993b3048335b94af6c,cx5faae53c4dbd1fbe4a2eb4aab6565030f10da5c6,0xb1142bfaa211189,0x8ec55462ad8f0aec74677c342e1699bf1a2d59659e2467f3defd9aba15ac42f9,2,94209129,0.7974919999817691,1741099059199960,Balanced Dollar,0.0563843,bnUSD,0,3,2025-03-04
cx288d13e1b63563459a2ac6179f237711f6851cb5,cxa0af3165c08318e988cb30993b3048335b94af6c,hx2795b422d55c51caa27f5c6397561e73d73e8bff,0x3782ecf36250b07,0x8ec55462ad8f0aec74677c342e1699bf1a2d59659e2467f3defd9aba15ac42f9,1,94209129,0.2500012468205678,1741099059199960,Ethereum,0.0563843,ETH,0,3,2025-03-04
cx88fd7df7ddff82f7cc735c871dc519838cb235bb,hx2795b422d55c51caa27f5c6397561e73d73e8bff,cxa0af3165c08318e988cb30993b3048335b94af6c,0x1cd2487dcb0b730000,0x8ec55462ad8f0aec74677c342e1699bf1a2d59659e2467f3defd9aba15ac42f9,0,94209129,531.6613333211794,1741099059199960,Balanced Dollar,0.0563843,bnUSD,0,3,2025-03-04
cx88fd7df7ddff82f7cc735c871dc519838cb235bb,cxd82fb5d3effecd8c9071a4bba3856ad7222c4b91,hx2795b422d55c51caa27f5c6397561e73d73e8bff,0xbe7c1461e53118000,0x6fb49a407dbd00276c932b9757e9453ee34e9f0b37e2e21f3204bebcdf15c8fb,0,94209129,219.6138908001282,1741099059199960,Balanced Dollar,0.0206870625,bnUSD,0,2,2025-03-04
cx88fd7df7ddff82f7cc735c871dc519838cb235bb,cxd82fb5d3effecd8c9071a4bba3856ad7222c4b91,hx2795b422d55c51caa27f5c6397561e73d73e8bff,0x3970349915fd140000,0x18372be7afb6e7ce26ba728e3c9b43e8689749f1c461bb0d12824670a43d143d,0,94209129,1059.5496677522005,1741099059199960,Balanced Dollar,0.0206895625,bnUSD,0,1,2025-03-04
cx88fd7df7ddff82f7cc735c871dc519838cb235bb,cxa0af3165c08318e988cb30993b3048335b94af6c,cx5faae53c4dbd1fbe4a2eb4aab6565030f10da5c6,0xb46d0de711d3041,0x0970a9128f6d28f55748c2b2f7b14ef4cb52f7283444b91eada3ecb4bf07a9ba,2,94209128,0.8125664365860087,1741099057219928,Balanced Dollar,0.070556025,bnUSD,0,2,2025-03-04
cx2609b924e33ef00b648a409245c7ea394c467824,cxa0af3165c08318e988cb30993b3048335b94af6c,hxc1718c79947e0f673296218b5b23adbd9a3b38a8,0xccaac6de8e156cad46,0x0970a9128f6d28f55748c2b2f7b14ef4cb52f7283444b91eada3ecb4bf07a9ba,1,94209128,3775.441558770411,1741099057219928,Staked ICX,0.070556025,sICX,0,2,2025-03-04
cx88fd7df7ddff82f7cc735c871dc519838cb235bb,hxc1718c79947e0f673296218b5b23adbd9a3b38a8,cxa0af3165c08318e988cb30993b3048335b94af6c,0x1d5dbfedf13c030000,0x0970a9128f6d28f55748c2b2f7b14ef4cb52f7283444b91eada3ecb4bf07a9ba,0,94209128,541.7109577240058,1741099057219928,Balanced Dollar,0.070556025,bnUSD,0,2,2025-03-04
cx88fd7df7ddff82f7cc735c871dc519838cb235bb,cxd82fb5d3effecd8c9071a4bba3856ad7222c4b91,hxc1718c79947e0f673296218b5b23adbd9a3b38a8,0x1d5dbfedf13c030000,0x5ecb7917655b3623abea628e0b0574138fb83d229d61ef409a6b6fbdc1243ea3,0,94209128,541.7109577240058,1741099057219928,Balanced Dollar,0.020690875,bnUSD,0,1,2025-03-04
cx88fd7df7ddff82f7cc735c871dc519838cb235bb,cxa0af3165c08318e988cb30993b3048335b94af6c,cx5faae53c4dbd1fbe4a2eb4aab6565030f10da5c6,0x6462629e337acac,0x13ad6bef329bc295111041bdeb7d8de57d80d3586c868c40ac2f22cb4c2426dd,2,94209127,0.4520907739449049,1741099055190549,Balanced Dollar,0.056299525,bnUSD,0,2,2025-03-04
cx66a031cc3bd305c76371fb586e93801b948254f0,cxa0af3165c08318e988cb30993b3048335b94af6c,hx2795b422d55c51caa27f5c6397561e73d73e8bff,0xd02af54c04998d34,0x13ad6bef329bc295111041bdeb7d8de57d80d3586c868c40ac2f22cb4c2426dd,1,94209127,15.00007121575435,1741099055190549,Avalanche,0.056299525,AVAX,0,2,2025-03-04
cx88fd7df7ddff82f7cc735c871dc519838cb235bb,hx2795b422d55c51caa27f5c6397561e73d73e8bff,cxa0af3165c08318e988cb30993b3048335b94af6c,0x1056ae0d150ba70000,0x13ad6bef329bc295111041bdeb7d8de57d80d3586c868c40ac2f22cb4c2426dd,0,94209127,301.39384929660326,1741099055190549,Balanced Dollar,0.056299525,bnUSD,0,2,2025-03-04
cx88fd7df7ddff82f7cc735c871dc519838cb235bb,cxd82fb5d3effecd8c9071a4bba3856ad7222c4b91,hx2795b422d55c51caa27f5c6397561e73d73e8bff,0x1b732588cbaf208000,0x776db5e4f88f42fa9a10e69c28c1a5cc225f30d6de685ae7563484fa9ae5b6b8,0,94209127,506.35927828705576,1741099055190549,Balanced Dollar,0.0206895625,bnUSD,0,1,2025-03-04
cx88fd7df7ddff82f7cc735c871dc519838cb235bb,cx21e94c08c03daee80c25d8ee3ea22a20786ec231,hx7497c286aa521b09b2b54d78cde3fa4573c0e157,0x3deb71c5b0b1a0b03,0x70ed0b94e8bd1a8724fda7cae206100f24d9d6961809c965d326c10dfeb5e94e,13,94209125,71.38855919564057,1741099051361688,Balanced Dollar,0.2235188875,bnUSD,0,1,2025-03-04
cx88fd7df7ddff82f7cc735c871dc519838cb235bb,cxa0af3165c08318e988cb30993b3048335b94af6c,cx5faae53c4dbd1fbe4a2eb4aab6565030f10da5c6,0x17d8c3b9a909389,0x70ed0b94e8bd1a8724fda7cae206100f24d9d6961809c965d326c10dfeb5e94e,11,94209125,0.10739615375088525,1741099051361688,Balanced Dollar,0.2235188875,bnUSD,0,1,2025-03-04
cx88fd7df7ddff82f7cc735c871dc519838cb235bb,cxa0af3165c08318e988cb30993b3048335b94af6c,cx21e94c08c03daee80c25d8ee3ea22a20786ec231,0x3deb71c5b0b1a0b03,0x70ed0b94e8bd1a8724fda7cae206100f24d9d6961809c965d326c10dfeb5e94e,10,94209125,71.38855919564057,1741099051361688,Balanced Dollar,0.2235188875,bnUSD,0,1,2025-03-04
cx2609b924e33ef00b648a409245c7ea394c467824,cx21e94c08c03daee80c25d8ee3ea22a20786ec231,cxa0af3165c08318e988cb30993b3048335b94af6c,0x1b2625bee9e661a4e3,0x70ed0b94e8bd1a8724fda7cae206100f24d9d6961809c965d326c10dfeb5e94e,9,94209125,500.81090304953926,1741099051361688,Staked ICX,0.2235188875,sICX,0,1,2025-03-04
cx2609b924e33ef00b648a409245c7ea394c467824,cxa0af3165c08318e988cb30993b3048335b94af6c,cx5faae53c4dbd1fbe4a2eb4aab6565030f10da5c6,0xa73cb58dcf45d06,0x70ed0b94e8bd1a8724fda7cae206100f24d9d6961809c965d326c10dfeb5e94e,7,94209125,0.7531691452255675,1741099051361688,Staked ICX,0.2235188875,sICX,0,1,2025-03-04
cx2609b924e33ef00b648a409245c7ea394c467824,cxa0af3165c08318e988cb30993b3048335b94af6c,cx21e94c08c03daee80c25d8ee3ea22a20786ec231,0x1b2625bee9e661a4e3,0x70ed0b94e8bd1a8724fda7cae206100f24d9d6961809c965d326c10dfeb5e94e,6,94209125,500.81090304953926,1741099051361688,Staked ICX,0.2235188875,sICX,0,1,2025-03-04
cxf61cd5a45dc9f91c15aa65831a30a90d59a09619,cx21e94c08c03daee80c25d8ee3ea22a20786ec231,cxa0af3165c08318e988cb30993b3048335b94af6c,0x20ba1ed19c9463ea9a,0x70ed0b94e8bd1a8724fda7cae206100f24d9d6961809c965d326c10dfeb5e94e,5,94209125,603.7071975694962,1741099051361688,Balance Token,0.2235188875,BALN,0,1,2025-03-04
cx88fd7df7ddff82f7cc735c871dc519838cb235bb,cxa0af3165c08318e988cb30993b3048335b94af6c,cx5faae53c4dbd1fbe4a2eb4aab6565030f10da5c6,0x17bcff9d3d78f74,0x70ed0b94e8bd1a8724fda7cae206100f24d9d6961809c965d326c10dfeb5e94e,3,94209125,0.1069076880812645,1741099051361688,Balanced Dollar,0.2235188875,bnUSD,0,1,2025-03-04
cxf61cd5a45dc9f91c15aa65831a30a90d59a09619,cxa0af3165c08318e988cb30993b3048335b94af6c,cx21e94c08c03daee80c25d8ee3ea22a20786ec231,0x20ba1ed19c9463ea9a,0x70ed0b94e8bd1a8724fda7cae206100f24d9d6961809c965d326c10dfeb5e94e,2,94209125,603.7071975694962,1741099051361688,Balance Token,0.2235188875,BALN,0,1,2025-03-04
cx88fd7df7ddff82f7cc735c871dc519838cb235bb,cx21e94c08c03daee80c25d8ee3ea22a20786ec231,cxa0af3165c08318e988cb30993b3048335b94af6c,0x3dd18454256b04000,0x70ed0b94e8bd1a8724fda7cae206100f24d9d6961809c965d326c10dfeb5e94e,1,94209125,71.27179205417633,1741099051361688,Balanced Dollar,0.2235188875,bnUSD,0,1,2025-03-04
cx88fd7df7ddff82f7cc735c871dc519838cb235bb,hx7497c286aa521b09b2b54d78cde3fa4573c0e157,cx21e94c08c03daee80c25d8ee3ea22a20786ec231,0x3dd18454256b04000,0x70ed0b94e8bd1a8724fda7cae206100f24d9d6961809c965d326c10dfeb5e94e,0,94209125,71.27179205417633,1741099051361688,Balanced Dollar,0.2235188875,bnUSD,0,1,2025-03-04
cx88fd7df7ddff82f7cc735c871dc519838cb235bb,cxa0af3165c08318e988cb30993b3048335b94af6c,cx5faae53c4dbd1fbe4a2eb4aab6565030f10da5c6,0x492568153531926,0x2214b0d067a8e259125b4f837d4c301310262f0dcf472ac7f9255af1e246c35a,2,94209124,0.3294208362001923,1741099049162881,Balanced Dollar,0.0563440875,bnUSD,0,3,2025-03-04
cx4297f4b63262507623b6ad575d0d8dd2db980e4e,cxa0af3165c08318e988cb30993b3048335b94af6c,hx2795b422d55c51caa27f5c6397561e73d73e8bff,0x1158ee5c44d8d9116,0x2214b0d067a8e259125b4f837d4c301310262f0dcf472ac7f9255af1e246c35a,1,94209124,20.000175626476427,1741099049162881,Injective,0.0563440875,INJ,0,3,2025-03-04
cx88fd7df7ddff82f7cc735c871dc519838cb235bb,hx2795b422d55c51caa27f5c6397561e73d73e8bff,cxa0af3165c08318e988cb30993b3048335b94af6c,0xbe7c1461e53118000,0x2214b0d067a8e259125b4f837d4c301310262f0dcf472ac7f9255af1e246c35a,0,94209124,219.6138908001282,1741099049162881,Balanced Dollar,0.0563440875,bnUSD,0,3,2025-03-04
cx88fd7df7ddff82f7cc735c871dc519838cb235bb,cxd82fb5d3effecd8c9071a4bba3856ad7222c4b91,hx2795b422d55c51caa27f5c6397561e73d73e8bff,0xb1c777bb6a3798000,0x3f000b3f36e7d8e7c7996a168e3cf360a91518da30bb19f2574c5c69a60e7a2f,0,94209124,204.96542899045252,1741099049162881,Balanced Dollar,0.0206870625,bnUSD,0,2,2025-03-04
cx88fd7df7ddff82f7cc735c871dc519838cb235bb,cxa0af3165c08318e988cb30993b3048335b94af6c,cx5faae53c4dbd1fbe4a2eb4aab6565030f10da5c6,0xb43afe175e8928f,0xe9cf6cd565e58bd6e2c20dc04b0b5373bf93ce45666447b3d83a077e8e88c4a2,2,94209124,0.8116857407374998,1741099049162881,Balanced Dollar,0.070556025,bnUSD,0,1,2025-03-04
cx2609b924e33ef00b648a409245c7ea394c467824,cxa0af3165c08318e988cb30993b3048335b94af6c,hxc1718c79947e0f673296218b5b23adbd9a3b38a8,0xccaacb682e263ced27,0xe9cf6cd565e58bd6e2c20dc04b0b5373bf93ce45666447b3d83a077e8e88c4a2,1,94209124,3775.442835990888,1741099049162881,Staked ICX,0.070556025,sICX,0,1,2025-03-04
cx88fd7df7ddff82f7cc735c871dc519838cb235bb,hxc1718c79947e0f673296218b5b23adbd9a3b38a8,cxa0af3165c08318e988cb30993b3048335b94af6c,0x1d559a05cdb8530000,0xe9cf6cd565e58bd6e2c20dc04b0b5373bf93ce45666447b3d83a077e8e88c4a2,0,94209124,541.1238271583331,1741099049162881,Balanced Dollar,0.070556025,bnUSD,0,1,2025-03-04
cx88fd7df7ddff82f7cc735c871dc519838cb235bb,cxd82fb5d3effecd8c9071a4bba3856ad7222c4b91,hxc1718c79947e0f673296218b5b23adbd9a3b38a8,0x1d559a05cdb8530000,0x963083a24e9bb0062dc1d0ba652e06acb8a8f298930e9aeb06ef6d8eb6da283b,0,94209123,541.1238271583331,1741099047168660,Balanced Dollar,0.020690875,bnUSD,0,2,2025-03-04
cx508002ec116fbf3ab406329c0df28e70d7e75fb3,cx21e94c08c03daee80c25d8ee3ea22a20786ec231,hx2debd9ec927cca1639da8d3518dd9dbf1cdfb357,0x22ec9dcaff,0xb645fd2d600e4a16643af3ec3252423cf446d5a1b395d23911e0f6da6efc9d2a,5,94209123,149.998652159,1741099047168660,Sui,0.078024425,SUI,0,1,2025-03-04
cx88fd7df7ddff82f7cc735c871dc519838cb235bb,cxa0af3165c08318e988cb30993b3048335b94af6c,cx5faae53c4dbd1fbe4a2eb4aab6565030f10da5c6,0x79057db814e08e4,0xb645fd2d600e4a16643af3ec3252423cf446d5a1b395d23911e0f6da6efc9d2a,3,94209123,0.5450321551906593,1741099047168660,Balanced Dollar,0.078024425,bnUSD,0,1,2025-03-04
cx508002ec116fbf3ab406329c0df28e70d7e75fb3,cxa0af3165c08318e988cb30993b3048335b94af6c,cx21e94c08c03daee80c25d8ee3ea22a20786ec231,0x22ec9dcaff,0xb645fd2d600e4a16643af3ec3252423cf446d5a1b395d23911e0f6da6efc9d2a,2,94209123,149.998652159,1741099047168660,Sui,0.078024425,SUI,0,1,2025-03-04
cx88fd7df7ddff82f7cc735c871dc519838cb235bb,cx21e94c08c03daee80c25d8ee3ea22a20786ec231,cxa0af3165c08318e988cb30993b3048335b94af6c,0x13b28f764b65e1d1c0,0xb645fd2d600e4a16643af3ec3252423cf446d5a1b395d23911e0f6da6efc9d2a,1,94209123,363.3547701271062,1741099047168660,Balanced Dollar,0.078024425,bnUSD,0,1,2025-03-04
cx88fd7df7ddff82f7cc735c871dc519838cb235bb,hx2debd9ec927cca1639da8d3518dd9dbf1cdfb357,cx21e94c08c03daee80c25d8ee3ea22a20786ec231,0x13b28f764b65e1d1c0,0xb645fd2d600e4a16643af3ec3252423cf446d5a1b395d23911e0f6da6efc9d2a,0,94209123,363.3547701271062,1741099047168660,Balanced Dollar,0.078024425,bnUSD,0,1,2025-03-04
cx88fd7df7ddff82f7cc735c871dc519838cb235bb,cxa0af3165c08318e988cb30993b3048335b94af6c,cx5faae53c4dbd1fbe4a2eb4aab6565030f10da5c6,0x160e6a36b0612e97,0x8f6fa03a47edf4a3793a39844597f531907c307e6b7f6dc474c5e90415e6355a,2,94209122,1.5893245016283009,1741099045351982,Balanced Dollar,0.0563843,bnUSD,0,1,2025-03-04
cx288d13e1b63563459a2ac6179f237711f6851cb5,cxa0af3165c08318e988cb30993b3048335b94af6c,hx2795b422d55c51caa27f5c6397561e73d73e8bff,0x6f060ff974c4565,0x8f6fa03a47edf4a3793a39844597f531907c307e6b7f6dc474c5e90415e6355a,1,94209122,0.5000062095094101,1741099045351982,Ethereum,0.0563843,ETH,0,1,2025-03-04
cx88fd7df7ddff82f7cc735c871dc519838cb235bb,hx2795b422d55c51caa27f5c6397561e73d73e8bff,cxa0af3165c08318e988cb30993b3048335b94af6c,0x3970349915fd140000,0x8f6fa03a47edf4a3793a39844597f531907c307e6b7f6dc474c5e90415e6355a,0,94209122,1059.5496677522005,1741099045351982,Balanced Dollar,0.0563843,bnUSD,0,1,2025-03-04
cx88fd7df7ddff82f7cc735c871dc519838cb235bb,cxa0af3165c08318e988cb30993b3048335b94af6c,cx5faae53c4dbd1fbe4a2eb4aab6565030f10da5c6,0xe03025c16916f9,0x543b8b989a838960f9d84499b1315fa724a64e8865138d84f1a77a92642727ae,2,94209121,0.0631033335,1741099043197650,Balanced Dollar,0.0460316125,bnUSD,0,1,2025-03-04
cx65c9e3d4fea842e00add0d32a5b4c5e4e04c7a6b,cxa0af3165c08318e988cb30993b3048335b94af6c,hxd75467e3e4ce64e3424c747dfb71503017440433,0x12103953,0x543b8b989a838960f9d84499b1315fa724a64e8865138d84f1a77a92642727ae,1,94209121,0.303053139,1741099043197650,Solana,0.0460316125,SOL,0,1,2025-03-04
cx88fd7df7ddff82f7cc735c871dc519838cb235bb,hxd75467e3e4ce64e3424c747dfb71503017440433,cxa0af3165c08318e988cb30993b3048335b94af6c,0x247d2b7a7ac568000,0x543b8b989a838960f9d84499b1315fa724a64e8865138d84f1a77a92642727ae,0,94209121,42.068889,1741099043197650,Balanced Dollar,0.0460316125,bnUSD,0,1,2025-03-04
cx88fd7df7ddff82f7cc735c871dc519838cb235bb,cxa0af3165c08318e988cb30993b3048335b94af6c,cx5faae53c4dbd1fbe4a2eb4aab6565030f10da5c6,0xb401637c5b364fd,0xcac2072a0451792b0ee1ec1e743809bf6e082630d70cadcb6c90f7c74afdb3eb,2,94209120,0.81067236172257,1741099041242292,Balanced Dollar,0.070556025,bnUSD,0,2,2025-03-04
cx2609b924e33ef00b648a409245c7ea394c467824,cxa0af3165c08318e988cb30993b3048335b94af6c,hxc1718c79947e0f673296218b5b23adbd9a3b38a8,0xccaad0a1e6c822daa6,0xcac2072a0451792b0ee1ec1e743809bf6e082630d70cadcb6c90f7c74afdb3eb,1,94209120,3775.4443068309242,1741099041242292,Staked ICX,0.070556025,sICX,0,2,2025-03-04
cx88fd7df7ddff82f7cc735c871dc519838cb235bb,hxc1718c79947e0f673296218b5b23adbd9a3b38a8,cxa0af3165c08318e988cb30993b3048335b94af6c,0x1d4c39dbe82dd70000,0xcac2072a0451792b0ee1ec1e743809bf6e082630d70cadcb6c90f7c74afdb3eb,0,94209120,540.44824114838,1741099041242292,Balanced Dollar,0.070556025,bnUSD,0,2,2025-03-04
cx88fd7df7ddff82f7cc735c871dc519838cb235bb,cxd82fb5d3effecd8c9071a4bba3856ad7222c4b91,hxc1718c79947e0f673296218b5b23adbd9a3b38a8,0x1d4c39dbe82dd70000,0xdda68505445973e9299c384e5a53e592d8e3c7a14f3cad4dcfb565e16dc1a873,0,94209120,540.44824114838,1741099041242292,Balanced Dollar,0.020690875,bnUSD,0,1,2025-03-04
cx288d13e1b63563459a2ac6179f237711f6851cb5,cx21e94c08c03daee80c25d8ee3ea22a20786ec231,hx2debd9ec927cca1639da8d3518dd9dbf1cdfb357,0x30d9709143aaba6,0x9212152f1cee04cc8fe72db121aad6869b65cdf02d6cff2bd2447f7da07468b7,5,94209119,0.2199980220609115,1741099039307366,Ethereum,0.0884698125,ETH,0,1,2025-03-04
cx88fd7df7ddff82f7cc735c871dc519838cb235bb,cxa0af3165c08318e988cb30993b3048335b94af6c,cx5faae53c4dbd1fbe4a2eb4aab6565030f10da5c6,0x9abe70699defcd8,0x9212152f1cee04cc8fe72db121aad6869b65cdf02d6cff2bd2447f7da07468b7,3,94209119,0.6969045828962214,1741099039307366,Balanced Dollar,0.0884698125,bnUSD,0,1,2025-03-04
cx288d13e1b63563459a2ac6179f237711f6851cb5,cxa0af3165c08318e988cb30993b3048335b94af6c,cx21e94c08c03daee80c25d8ee3ea22a20786ec231,0x30d9709143aaba6,0x9212152f1cee04cc8fe72db121aad6869b65cdf02d6cff2bd2447f7da07468b7,2,94209119,0.2199980220609115,1741099039307366,Ethereum,0.0884698125,ETH,0,1,2025-03-04
cx88fd7df7ddff82f7cc735c871dc519838cb235bb,cx21e94c08c03daee80c25d8ee3ea22a20786ec231,cxa0af3165c08318e988cb30993b3048335b94af6c,0x192fa9a130b4b27280,0x9212152f1cee04cc8fe72db121aad6869b65cdf02d6cff2bd2447f7da07468b7,1,94209119,464.6030552641476,1741099039307366,Balanced Dollar,0.0884698125,bnUSD,0,1,2025-03-04
cx88fd7df7ddff82f7cc735c871dc519838cb235bb,hx2debd9ec927cca1639da8d3518dd9dbf1cdfb357,cx21e94c08c03daee80c25d8ee3ea22a20786ec231,0x192fa9a130b4b27280,0x9212152f1cee04cc8fe72db121aad6869b65cdf02d6cff2bd2447f7da07468b7,0,94209119,464.6030552641476,1741099039307366,Balanced Dollar,0.0884698125,bnUSD,0,1,2025-03-04
cx07b184a37f03c6ab681fcbd0b45aec6dc3eafbeb,cx21e94c08c03daee80c25d8ee3ea22a20786ec231,hx970eda4988e547df0de8324226fdf3e8ebc9734f,0x2386f26fc10001,0x845095a4ae65c4f8833bfbb65fba5cafdb3cfd83b215adac44ccebf4a6bc4796,5,94209118,0.01,1741099037172443,Bitcoin,0.0860030125,BTC,0,1,2025-03-04
cx88fd7df7ddff82f7cc735c871dc519838cb235bb,cxa0af3165c08318e988cb30993b3048335b94af6c,cx5faae53c4dbd1fbe4a2eb4aab6565030f10da5c6,0x11882c58c4041f51,0x845095a4ae65c4f8833bfbb65fba5cafdb3cfd83b215adac44ccebf4a6bc4796,3,94209118,1.2633084552347729,1741099037172443,Balanced Dollar,0.0860030125,bnUSD,0,1,2025-03-04
cx07b184a37f03c6ab681fcbd0b45aec6dc3eafbeb,cxa0af3165c08318e988cb30993b3048335b94af6c,cx21e94c08c03daee80c25d8ee3ea22a20786ec231,0x2386f26fc10001,0x845095a4ae65c4f8833bfbb65fba5cafdb3cfd83b215adac44ccebf4a6bc4796,2,94209118,0.01,1741099037172443,Bitcoin,0.0860030125,BTC,0,1,2025-03-04
cx88fd7df7ddff82f7cc735c871dc519838cb235bb,cx21e94c08c03daee80c25d8ee3ea22a20786ec231,cxa0af3165c08318e988cb30993b3048335b94af6c,0x2da7f37c7e7566e445,0x845095a4ae65c4f8833bfbb65fba5cafdb3cfd83b215adac44ccebf4a6bc4796,1,94209118,842.2056368231819,1741099037172443,Balanced Dollar,0.0860030125,bnUSD,0,1,2025-03-04
cx88fd7df7ddff82f7cc735c871dc519838cb235bb,hx970eda4988e547df0de8324226fdf3e8ebc9734f,cx21e94c08c03daee80c25d8ee3ea22a20786ec231,0x2da7f37c7e7566e445,0x845095a4ae65c4f8833bfbb65fba5cafdb3cfd83b215adac44ccebf4a6bc4796,0,94209118,842.2056368231819,1741099037172443,Balanced Dollar,0.0860030125,bnUSD,0,1,2025-03-04
cx88fd7df7ddff82f7cc735c871dc519838cb235bb,cxa0af3165c08318e988cb30993b3048335b94af6c,cx5faae53c4dbd1fbe4a2eb4aab6565030f10da5c6,0x1b123bd198a5000,0x8a8c7f9478ad27d45c6726eaf3950de85cb315b0c1aead9c6efd11bb42dc49fc,2,94209117,0.12191796,1741099035334887,Balanced Dollar,0.0563129625,bnUSD,0,1,2025-03-04
cx66a031cc3bd305c76371fb586e93801b948254f0,cxa0af3165c08318e988cb30993b3048335b94af6c,hxd75467e3e4ce64e3424c747dfb71503017440433,0x3839ca1e54190857,0x8a8c7f9478ad27d45c6726eaf3950de85cb315b0c1aead9c6efd11bb42dc49fc,1,94209117,4.051491571405228,1741099035334887,Avalanche,0.0563129625,AVAX,0,1,2025-03-04
cx88fd7df7ddff82f7cc735c871dc519838cb235bb,hxd75467e3e4ce64e3424c747dfb71503017440433,cxa0af3165c08318e988cb30993b3048335b94af6c,0x467f7bc7282db0000,0x8a8c7f9478ad27d45c6726eaf3950de85cb315b0c1aead9c6efd11bb42dc49fc,0,94209117,81.27864,1741099035334887,Balanced Dollar,0.0563129625,bnUSD,0,1,2025-03-04
cx4297f4b63262507623b6ad575d0d8dd2db980e4e,cx21e94c08c03daee80c25d8ee3ea22a20786ec231,hx2debd9ec927cca1639da8d3518dd9dbf1cdfb357,0x1a05473ed0f46085d,0x4046d172e8a8b867d660a64efd4eba7e7f0c30006ef5f40407e3fbdd17f2a53c,5,94209116,29.999730479822407,1741099033208953,Injective,0.0883872375,INJ,0,2,2025-03-04
cx88fd7df7ddff82f7cc735c871dc519838cb235bb,cxa0af3165c08318e988cb30993b3048335b94af6c,cx5faae53c4dbd1fbe4a2eb4aab6565030f10da5c6,0x6d6457f5d72b6aa,0x4046d172e8a8b867d660a64efd4eba7e7f0c30006ef5f40407e3fbdd17f2a53c,3,94209116,0.4926576225746101,1741099033208953,Balanced Dollar,0.0883872375,bnUSD,0,2,2025-03-04
cx4297f4b63262507623b6ad575d0d8dd2db980e4e,cxa0af3165c08318e988cb30993b3048335b94af6c,cx21e94c08c03daee80c25d8ee3ea22a20786ec231,0x1a05473ed0f46085d,0x4046d172e8a8b867d660a64efd4eba7e7f0c30006ef5f40407e3fbdd17f2a53c,2,94209116,29.999730479822407,1741099033208953,Injective,0.0883872375,INJ,0,2,2025-03-04
cx88fd7df7ddff82f7cc735c871dc519838cb235bb,cx21e94c08c03daee80c25d8ee3ea22a20786ec231,cxa0af3165c08318e988cb30993b3048335b94af6c,0x11cdffa658b0110560,0x4046d172e8a8b867d660a64efd4eba7e7f0c30006ef5f40407e3fbdd17f2a53c,1,94209116,328.43841504974006,1741099033208953,Balanced Dollar,0.0883872375,bnUSD,0,2,2025-03-04
cx88fd7df7ddff82f7cc735c871dc519838cb235bb,hx2debd9ec927cca1639da8d3518dd9dbf1cdfb357,cx21e94c08c03daee80c25d8ee3ea22a20786ec231,0x11cdffa658b0110560,0x4046d172e8a8b867d660a64efd4eba7e7f0c30006ef5f40407e3fbdd17f2a53c,0,94209116,328.43841504974006,1741099033208953,Balanced Dollar,0.0883872375,bnUSD,0,2,2025-03-04
cx88fd7df7ddff82f7cc735c871dc519838cb235bb,cx21e94c08c03daee80c25d8ee3ea22a20786ec231,hx7497c286aa521b09b2b54d78cde3fa4573c0e157,0x3deaf9339614f2c1f,0x154e647b7465bf1ffb0574bd18460c5f37d005bc572c468ae56eea445e9dfcd8,13,94209116,71.38643809312802,1741099033208953,Balanced Dollar,0.2235188875,bnUSD,0,1,2025-03-04
cx88fd7df7ddff82f7cc735c871dc519838cb235bb,cxa0af3165c08318e988cb30993b3048335b94af6c,cx5faae53c4dbd1fbe4a2eb4aab6565030f10da5c6,0x17d89524a4c2cf1,0x154e647b7465bf1ffb0574bd18460c5f37d005bc572c468ae56eea445e9dfcd8,11,94209116,0.10739295265358975,1741099033208953,Balanced Dollar,0.2235188875,bnUSD,0,1,2025-03-04
cx88fd7df7ddff82f7cc735c871dc519838cb235bb,cxa0af3165c08318e988cb30993b3048335b94af6c,cx21e94c08c03daee80c25d8ee3ea22a20786ec231,0x3deaf9339614f2c1f,0x154e647b7465bf1ffb0574bd18460c5f37d005bc572c468ae56eea445e9dfcd8,10,94209116,71.38643809312802,1741099033208953,Balanced Dollar,0.2235188875,bnUSD,0,1,2025-03-04
cx2609b924e33ef00b648a409245c7ea394c467824,cx21e94c08c03daee80c25d8ee3ea22a20786ec231,cxa0af3165c08318e988cb30993b3048335b94af6c,0x1b362da4cadf7ca653,0x154e647b7465bf1ffb0574bd18460c5f37d005bc572c468ae56eea445e9dfcd8,9,94209116,501.9660476333978,1741099033208953,Staked ICX,0.2235188875,sICX,0,1,2025-03-04
cx2609b924e33ef00b648a409245c7ea394c467824,cxa0af3165c08318e988cb30993b3048335b94af6c,cx5faae53c4dbd1fbe4a2eb4aab6565030f10da5c6,0xa79f6cef6a3dbfd,0x154e647b7465bf1ffb0574bd18460c5f37d005bc572c468ae56eea445e9dfcd8,7,94209116,0.7549057813228984,1741099033208953,Staked ICX,0.2235188875,sICX,0,1,2025-03-04
cx2609b924e33ef00b648a409245c7ea394c467824,cxa0af3165c08318e988cb30993b3048335b94af6c,cx21e94c08c03daee80c25d8ee3ea22a20786ec231,0x1b362da4cadf7ca653,0x154e647b7465bf1ffb0574bd18460c5f37d005bc572c468ae56eea445e9dfcd8,6,94209116,501.9660476333978,1741099033208953,Staked ICX,0.2235188875,sICX,0,1,2025-03-04
cxf61cd5a45dc9f91c15aa65831a30a90d59a09619,cx21e94c08c03daee80c25d8ee3ea22a20786ec231,cxa0af3165c08318e988cb30993b3048335b94af6c,0x20c6967406e913e053,0x154e647b7465bf1ffb0574bd18460c5f37d005bc572c468ae56eea445e9dfcd8,5,94209116,604.605562797751,1741099033208953,Balance Token,0.2235188875,BALN,0,1,2025-03-04
cx88fd7df7ddff82f7cc735c871dc519838cb235bb,cxa0af3165c08318e988cb30993b3048335b94af6c,cx5faae53c4dbd1fbe4a2eb4aab6565030f10da5c6,0x17bcff9d3d78f74,0x154e647b7465bf1ffb0574bd18460c5f37d005bc572c468ae56eea445e9dfcd8,3,94209116,0.1069076880812645,1741099033208953,Balanced Dollar,0.2235188875,bnUSD,0,1,2025-03-04
cxf61cd5a45dc9f91c15aa65831a30a90d59a09619,cxa0af3165c08318e988cb30993b3048335b94af6c,cx21e94c08c03daee80c25d8ee3ea22a20786ec231,0x20c6967406e913e053,0x154e647b7465bf1ffb0574bd18460c5f37d005bc572c468ae56eea445e9dfcd8,2,94209116,604.605562797751,1741099033208953,Balance Token,0.2235188875,BALN,0,1,2025-03-04
cx88fd7df7ddff82f7cc735c871dc519838cb235bb,cx21e94c08c03daee80c25d8ee3ea22a20786ec231,cxa0af3165c08318e988cb30993b3048335b94af6c,0x3dd18454256b04000,0x154e647b7465bf1ffb0574bd18460c5f37d005bc572c468ae56eea445e9dfcd8,1,94209116,71.27179205417633,1741099033208953,Balanced Dollar,0.2235188875,bnUSD,0,1,2025-03-04
cx88fd7df7ddff82f7cc735c871dc519838cb235bb,hx7497c286aa521b09b2b54d78cde3fa4573c0e157,cx21e94c08c03daee80c25d8ee3ea22a20786ec231,0x3dd18454256b04000,0x154e647b7465bf1ffb0574bd18460c5f37d005bc572c468ae56eea445e9dfcd8,0,94209116,71.27179205417633,1741099033208953,Balanced Dollar,0.2235188875,bnUSD,0,1,2025-03-04
cx88fd7df7ddff82f7cc735c871dc519838cb235bb,cxa0af3165c08318e988cb30993b3048335b94af6c,cx5faae53c4dbd1fbe4a2eb4aab6565030f10da5c6,0xb3cf84ea9a78cac,0xc15617ce1fa0720f72f6868fb5cca4f6ef8bd6f918c718c1cc24c948b592071a,2,94209115,0.8097950497573142,1741099031258171,Balanced Dollar,0.070556025,bnUSD,0,3,2025-03-04
cx2609b924e33ef00b648a409245c7ea394c467824,cxa0af3165c08318e988cb30993b3048335b94af6c,hxc1718c79947e0f673296218b5b23adbd9a3b38a8,0xccaad5286a880ea0c9,0xc15617ce1fa0720f72f6868fb5cca4f6ef8bd6f918c718c1cc24c948b592071a,1,94209115,3775.44558063125,1741099031258171,Staked ICX,0.070556025,sICX,0,3,2025-03-04
cx88fd7df7ddff82f7cc735c871dc519838cb235bb,hxc1718c79947e0f673296218b5b23adbd9a3b38a8,cxa0af3165c08318e988cb30993b3048335b94af6c,0x1d441bf78479a90000,0xc15617ce1fa0720f72f6868fb5cca4f6ef8bd6f918c718c1cc24c948b592071a,0,94209115,539.8633665048761,1741099031258171,Balanced Dollar,0.070556025,bnUSD,0,3,2025-03-04
cx88fd7df7ddff82f7cc735c871dc519838cb235bb,cxd82fb5d3effecd8c9071a4bba3856ad7222c4b91,hxc1718c79947e0f673296218b5b23adbd9a3b38a8,0x1d441bf78479a90000,0xec01dbef88b877548de24e35068870550ffe51d981a91d81c334dcd481bef7ab,0,94209115,539.8633665048761,1741099031258171,Balanced Dollar,0.020690875,bnUSD,0,2,2025-03-04
cx88fd7df7ddff82f7cc735c871dc519838cb235bb,cxd82fb5d3effecd8c9071a4bba3856ad7222c4b91,hx2795b422d55c51caa27f5c6397561e73d73e8bff,0x1c8eb4903b57570000,0xdddf4e07c82dcbc0e3222059571c97161faecac7496376b1f4b2e897bcbc858d,0,94209115,526.7918364976039,1741099031258171,Balanced Dollar,0.0206895625,bnUSD,0,1,2025-03-04
cx88fd7df7ddff82f7cc735c871dc519838cb235bb,cxa0af3165c08318e988cb30993b3048335b94af6c,cx5faae53c4dbd1fbe4a2eb4aab6565030f10da5c6,0xed7059b0bcf800,0x84e9e6864e3f90c9b136a1cae3cc362efa1ccf8d06c55a00910312c001968856,2,94209114,0.0668331,1741099029343209,Balanced Dollar,0.056360025,bnUSD,0,2,2025-03-04
cx4297f4b63262507623b6ad575d0d8dd2db980e4e,cxa0af3165c08318e988cb30993b3048335b94af6c,hxd75467e3e4ce64e3424c747dfb71503017440433,0x3897c4bcf482c6db,0x84e9e6864e3f90c9b136a1cae3cc362efa1ccf8d06c55a00910312c001968856,1,94209114,4.07794430344238,1741099029343209,Injective,0.056360025,INJ,0,2,2025-03-04
cx88fd7df7ddff82f7cc735c871dc519838cb235bb,hxd75467e3e4ce64e3424c747dfb71503017440433,cxa0af3165c08318e988cb30993b3048335b94af6c,0x26a54943c41708000,0x84e9e6864e3f90c9b136a1cae3cc362efa1ccf8d06c55a00910312c001968856,0,94209114,44.5554,1741099029343209,Balanced Dollar,0.056360025,bnUSD,0,2,2025-03-04
cx88fd7df7ddff82f7cc735c871dc519838cb235bb,cxd82fb5d3effecd8c9071a4bba3856ad7222c4b91,hx2795b422d55c51caa27f5c6397561e73d73e8bff,0xbd43fefaab0450000,0x715200d605cb8194d9b987912030de7a562920ec709bb5447a95cde04464d0fe,0,94209114,218.20839118675934,1741099029343209,Balanced Dollar,0.0206870625,bnUSD,0,1,2025-03-04
cx88fd7df7ddff82f7cc735c871dc519838cb235bb,cxa0af3165c08318e988cb30993b3048335b94af6c,cx5faae53c4dbd1fbe4a2eb4aab6565030f10da5c6,0xaf74f938b85e3f7,0x4be33969f4691e396353bc7fc752801c4f2469f6b9394a2b89e37e250778d157,2,94209112,0.7901877547464059,1741099025281602,Balanced Dollar,0.0563843,bnUSD,0,4,2025-03-04
cx288d13e1b63563459a2ac6179f237711f6851cb5,cxa0af3165c08318e988cb30993b3048335b94af6c,hx2795b422d55c51caa27f5c6397561e73d73e8bff,0x3782ed0e97755b5,0x4be33969f4691e396353bc7fc752801c4f2469f6b9394a2b89e37e250778d157,1,94209112,0.25000125412404983,1741099025281602,Ethereum,0.0563843,ETH,0,4,2025-03-04
cx88fd7df7ddff82f7cc735c871dc519838cb235bb,hx2795b422d55c51caa27f5c6397561e73d73e8bff,cxa0af3165c08318e988cb30993b3048335b94af6c,0x1c8eb4903b57570000,0x4be33969f4691e396353bc7fc752801c4f2469f6b9394a2b89e37e250778d157,0,94209112,526.7918364976039,1741099025281602,Balanced Dollar,0.0563843,bnUSD,0,4,2025-03-04
cx88fd7df7ddff82f7cc735c871dc519838cb235bb,cxd82fb5d3effecd8c9071a4bba3856ad7222c4b91,hx2795b422d55c51caa27f5c6397561e73d73e8bff,0xf02f0a46fd37c8000,0x9d0535a171eb3e85aa833534f7e5ed8de7d3676de2b3e6b13896a1ebfa54ed09,0,94209112,276.9130110883262,1741099025281602,Balanced Dollar,0.0206870625,bnUSD,0,3,2025-03-04
cx66a031cc3bd305c76371fb586e93801b948254f0,cx21e94c08c03daee80c25d8ee3ea22a20786ec231,hx2debd9ec927cca1639da8d3518dd9dbf1cdfb357,0x1158da2983762f093,0x30ccb83d1087575d4fbcc6a1f8ec7213605bc2e62c543cf4130fb03391a81b29,5,94209112,19.9998202948702,1741099025281602,Avalanche,0.0882975,AVAX,0,2,2025-03-04
cx88fd7df7ddff82f7cc735c871dc519838cb235bb,cxa0af3165c08318e988cb30993b3048335b94af6c,cx5faae53c4dbd1fbe4a2eb4aab6565030f10da5c6,0x855efd5e20d43f4,0x30ccb83d1087575d4fbcc6a1f8ec7213605bc2e62c543cf4130fb03391a81b29,3,94209112,0.600649827223422,1741099025281602,Balanced Dollar,0.0882975,bnUSD,0,2,2025-03-04
cx66a031cc3bd305c76371fb586e93801b948254f0,cxa0af3165c08318e988cb30993b3048335b94af6c,cx21e94c08c03daee80c25d8ee3ea22a20786ec231,0x1158da2983762f093,0x30ccb83d1087575d4fbcc6a1f8ec7213605bc2e62c543cf4130fb03391a81b29,2,94209112,19.9998202948702,1741099025281602,Avalanche,0.0882975,AVAX,0,2,2025-03-04
cx88fd7df7ddff82f7cc735c871dc519838cb235bb,cx21e94c08c03daee80c25d8ee3ea22a20786ec231,cxa0af3165c08318e988cb30993b3048335b94af6c,0x15b5209252028ba0c0,0x30ccb83d1087575d4fbcc6a1f8ec7213605bc2e62c543cf4130fb03391a81b29,1,94209112,400.43321814894796,1741099025281602,Balanced Dollar,0.0882975,bnUSD,0,2,2025-03-04
cx88fd7df7ddff82f7cc735c871dc519838cb235bb,hx2debd9ec927cca1639da8d3518dd9dbf1cdfb357,cx21e94c08c03daee80c25d8ee3ea22a20786ec231,0x15b5209252028ba0c0,0x30ccb83d1087575d4fbcc6a1f8ec7213605bc2e62c543cf4130fb03391a81b29,0,94209112,400.43321814894796,1741099025281602,Balanced Dollar,0.0882975,bnUSD,0,2,2025-03-04
cx88fd7df7ddff82f7cc735c871dc519838cb235bb,cxd82fb5d3effecd8c9071a4bba3856ad7222c4b91,hx2795b422d55c51caa27f5c6397561e73d73e8bff,0x1c6e4b84ff500e0000,0x36b0413f4ab5b462b6ac2f9b3efdd9ffcfc19d0cc3063d54833e2f3a5c1ae222,0,94209112,524.4564262633875,1741099025281602,Balanced Dollar,0.0206895625,bnUSD,0,1,2025-03-04
cx88fd7df7ddff82f7cc735c871dc519838cb235bb,cxa0af3165c08318e988cb30993b3048335b94af6c,cx5faae53c4dbd1fbe4a2eb4aab6565030f10da5c6,0xb3961dc3a5f45a1,0x6997d8580bb06996d615fdcfb2e14aaa988a18f13434a66c090262f7a00358d7,2,94209111,0.8087852065897364,1741099023229275,Balanced Dollar,0.070556025,bnUSD,0,2,2025-03-04
cx2609b924e33ef00b648a409245c7ea394c467824,cxa0af3165c08318e988cb30993b3048335b94af6c,hxc1718c79947e0f673296218b5b23adbd9a3b38a8,0xccaada5f07249038e3,0x6997d8580bb06996d615fdcfb2e14aaa988a18f13434a66c090262f7a00358d7,1,94209111,3775.447048052402,1741099023229275,Staked ICX,0.070556025,sICX,0,2,2025-03-04
cx88fd7df7ddff82f7cc735c871dc519838cb235bb,hxc1718c79947e0f673296218b5b23adbd9a3b38a8,cxa0af3165c08318e988cb30993b3048335b94af6c,0x1d3ac42d82ad700000,0x6997d8580bb06996d615fdcfb2e14aaa988a18f13434a66c090262f7a00358d7,0,94209111,539.1901377264909,1741099023229275,Balanced Dollar,0.070556025,bnUSD,0,2,2025-03-04
cx88fd7df7ddff82f7cc735c871dc519838cb235bb,cxd82fb5d3effecd8c9071a4bba3856ad7222c4b91,hxc1718c79947e0f673296218b5b23adbd9a3b38a8,0x1d3ac42d82ad700000,0x0813fed94253ad356cbc4069269f1cc34f6088490b90282eda1256d97b9cef2b,0,94209111,539.1901377264909,1741099023229275,Balanced Dollar,0.020690875,bnUSD,0,1,2025-03-04
cx88fd7df7ddff82f7cc735c871dc519838cb235bb,cxa0af3165c08318e988cb30993b3048335b94af6c,cx5faae53c4dbd1fbe4a2eb4aab6565030f10da5c6,0x48ad910418b5e14,0x3dd3e5ff6e684026fe46d15de1d8ba359d39a60d451a2de5ccbd1b38886d691f,2,94209110,0.327312586780139,1741099021159373,Balanced Dollar,0.0563440875,bnUSD,0,2,2025-03-04
cx4297f4b63262507623b6ad575d0d8dd2db980e4e,cxa0af3165c08318e988cb30993b3048335b94af6c,hx2795b422d55c51caa27f5c6397561e73d73e8bff,0x1158ea11f8dba4cba,0x3dd3e5ff6e684026fe46d15de1d8ba359d39a60d451a2de5ccbd1b38886d691f,1,94209110,20.000100152092806,1741099021159373,Injective,0.0563440875,INJ,0,2,2025-03-04
cx88fd7df7ddff82f7cc735c871dc519838cb235bb,hx2795b422d55c51caa27f5c6397561e73d73e8bff,cxa0af3165c08318e988cb30993b3048335b94af6c,0xbd43fefaab0450000,0x3dd3e5ff6e684026fe46d15de1d8ba359d39a60d451a2de5ccbd1b38886d691f,0,94209110,218.20839118675934,1741099021159373,Balanced Dollar,0.0563440875,bnUSD,0,2,2025-03-04
cx88fd7df7ddff82f7cc735c871dc519838cb235bb,cxd82fb5d3effecd8c9071a4bba3856ad7222c4b91,hx2795b422d55c51caa27f5c6397561e73d73e8bff,0xc2e3d5fc1e98000,0x0c074cdbbe74d1225d25ee961b7f4a1c748edbbbaf16117551807a5d0c26d38a,0,94209110,0.8777064588683182,1741099021159373,Balanced Dollar,0.0206808125,bnUSD,0,1,2025-03-04
cxf61cd5a45dc9f91c15aa65831a30a90d59a09619,cx9345f80d6c98357ccbb70392b14162199c2c5f66,cxd82fb5d3effecd8c9071a4bba3856ad7222c4b91,0x17cce028a71b40,0xfb470f7b334385d8317345a566c70181a51f4c4965940480f885ad350dbc21ba,4,94209109,0.006699187591125824,1741099019147343,Balance Token,0.1302098,BALN,0,2,2025-03-04
cx2609b924e33ef00b648a409245c7ea394c467824,cx9345f80d6c98357ccbb70392b14162199c2c5f66,cxd82fb5d3effecd8c9071a4bba3856ad7222c4b91,0x1a2e2b47f34e0b4,0xfb470f7b334385d8317345a566c70181a51f4c4965940480f885ad350dbc21ba,3,94209109,0.11790580512121669,1741099019147343,Staked ICX,0.1302098,sICX,0,2,2025-03-04
cx88fd7df7ddff82f7cc735c871dc519838cb235bb,hx0000000000000000000000000000000000000000,cx5faae53c4dbd1fbe4a2eb4aab6565030f10da5c6,0x0,0xfb470f7b334385d8317345a566c70181a51f4c4965940480f885ad350dbc21ba,2,94209109,0.0,1741099019147343,Balanced Dollar,0.1302098,bnUSD,0,2,2025-03-04
cx88fd7df7ddff82f7cc735c871dc519838cb235bb,hx0000000000000000000000000000000000000000,cxd82fb5d3effecd8c9071a4bba3856ad7222c4b91,0x42a22143a3c3e1,0xfb470f7b334385d8317345a566c70181a51f4c4965940480f885ad350dbc21ba,1,94209109,0.018755612215329762,1741099019147343,Balanced Dollar,0.1302098,bnUSD,0,2,2025-03-04
cx88fd7df7ddff82f7cc735c871dc519838cb235bb,hx2795b422d55c51caa27f5c6397561e73d73e8bff,cxd82fb5d3effecd8c9071a4bba3856ad7222c4b91,0x18455f2543120000,0xfb470f7b334385d8317345a566c70181a51f4c4965940480f885ad350dbc21ba,0,94209109,1.7489086439469874,1741099019147343,Balanced Dollar,0.1302098,bnUSD,0,2,2025-03-04
cx88fd7df7ddff82f7cc735c871dc519838cb235bb,cx21e94c08c03daee80c25d8ee3ea22a20786ec231,hx7497c286aa521b09b2b54d78cde3fa4573c0e157,0x3dea97fd049bdd724,0x91f0123ec56815792530d2c32690559df30b23df72e583d63f6262c0ebf025c1,13,94209109,71.38472790117986,1741099019147343,Balanced Dollar,0.2235188875,bnUSD,0,1,2025-03-04
cx88fd7df7ddff82f7cc735c871dc519838cb235bb,cxa0af3165c08318e988cb30993b3048335b94af6c,cx5faae53c4dbd1fbe4a2eb4aab6565030f10da5c6,0x17d86f8e4e553c5,0x91f0123ec56815792530d2c32690559df30b23df72e583d63f6262c0ebf025c1,11,94209109,0.10739036967700577,1741099019147343,Balanced Dollar,0.2235188875,bnUSD,0,1,2025-03-04
cx88fd7df7ddff82f7cc735c871dc519838cb235bb,cxa0af3165c08318e988cb30993b3048335b94af6c,cx21e94c08c03daee80c25d8ee3ea22a20786ec231,0x3dea97fd049bdd724,0x91f0123ec56815792530d2c32690559df30b23df72e583d63f6262c0ebf025c1,10,94209109,71.38472790117986,1741099019147343,Balanced Dollar,0.2235188875,bnUSD,0,1,2025-03-04
cx2609b924e33ef00b648a409245c7ea394c467824,cx21e94c08c03daee80c25d8ee3ea22a20786ec231,cxa0af3165c08318e988cb30993b3048335b94af6c,0x1b4643c23f34d97f78,0x91f0123ec56815792530d2c32690559df30b23df72e583d63f6262c0ebf025c1,9,94209109,503.12519397297785,1741099019147343,Staked ICX,0.2235188875,sICX,0,1,2025-03-04
cx2609b924e33ef00b648a409245c7ea394c467824,cxa0af3165c08318e988cb30993b3048335b94af6c,cx5faae53c4dbd1fbe4a2eb4aab6565030f10da5c6,0xa8027bd451789a2,0x91f0123ec56815792530d2c32690559df30b23df72e583d63f6262c0ebf025c1,7,94209109,0.756648431259716,1741099019147343,Staked ICX,0.2235188875,sICX,0,1,2025-03-04
cx2609b924e33ef00b648a409245c7ea394c467824,cxa0af3165c08318e988cb30993b3048335b94af6c,cx21e94c08c03daee80c25d8ee3ea22a20786ec231,0x1b4643c23f34d97f78,0x91f0123ec56815792530d2c32690559df30b23df72e583d63f6262c0ebf025c1,6,94209109,503.12519397297785,1741099019147343,Staked ICX,0.2235188875,sICX,0,1,2025-03-04
cxf61cd5a45dc9f91c15aa65831a30a90d59a09619,cx21e94c08c03daee80c25d8ee3ea22a20786ec231,cxa0af3165c08318e988cb30993b3048335b94af6c,0x20d315380847db8921,0x91f0123ec56815792530d2c32690559df30b23df72e583d63f6262c0ebf025c1,5,94209109,605.5059352834359,1741099019147343,Balance Token,0.2235188875,BALN,0,1,2025-03-04
cx88fd7df7ddff82f7cc735c871dc519838cb235bb,cxa0af3165c08318e988cb30993b3048335b94af6c,cx5faae53c4dbd1fbe4a2eb4aab6565030f10da5c6,0x17bcff9d3d78f74,0x91f0123ec56815792530d2c32690559df30b23df72e583d63f6262c0ebf025c1,3,94209109,0.1069076880812645,1741099019147343,Balanced Dollar,0.2235188875,bnUSD,0,1,2025-03-04
cxf61cd5a45dc9f91c15aa65831a30a90d59a09619,cxa0af3165c08318e988cb30993b3048335b94af6c,cx21e94c08c03daee80c25d8ee3ea22a20786ec231,0x20d315380847db8921,0x91f0123ec56815792530d2c32690559df30b23df72e583d63f6262c0ebf025c1,2,94209109,605.5059352834359,1741099019147343,Balance Token,0.2235188875,BALN,0,1,2025-03-04
cx88fd7df7ddff82f7cc735c871dc519838cb235bb,cx21e94c08c03daee80c25d8ee3ea22a20786ec231,cxa0af3165c08318e988cb30993b3048335b94af6c,0x3dd18454256b04000,0x91f0123ec56815792530d2c32690559df30b23df72e583d63f6262c0ebf025c1,1,94209109,71.27179205417633,1741099019147343,Balanced Dollar,0.2235188875,bnUSD,0,1,2025-03-04
cx88fd7df7ddff82f7cc735c871dc519838cb235bb,hx7497c286aa521b09b2b54d78cde3fa4573c0e157,cx21e94c08c03daee80c25d8ee3ea22a20786ec231,0x3dd18454256b04000,0x91f0123ec56815792530d2c32690559df30b23df72e583d63f6262c0ebf025c1,0,94209109,71.27179205417633,1741099019147343,Balanced Dollar,0.2235188875,bnUSD,0,1,2025-03-04
cx88fd7df7ddff82f7cc735c871dc519838cb235bb,cxa0af3165c08318e988cb30993b3048335b94af6c,cx5faae53c4dbd1fbe4a2eb4aab6565030f10da5c6,0xb3647034ad4cdb2,0xd133a555f9d17aef8b4a3fbe3718debbad44105ac643cc6c7f618e8af64ad20c,2,94209108,0.8079112626255169,1741099017170509,Balanced Dollar,0.070556025,bnUSD,0,4,2025-03-04
cx2609b924e33ef00b648a409245c7ea394c467824,cxa0af3165c08318e988cb30993b3048335b94af6c,hxc1718c79947e0f673296218b5b23adbd9a3b38a8,0xccaadee271393d7dfe,0xd133a555f9d17aef8b4a3fbe3718debbad44105ac643cc6c7f618e8af64ad20c,1,94209108,3775.4483184439455,1741099017170509,Staked ICX,0.070556025,sICX,0,4,2025-03-04
cx88fd7df7ddff82f7cc735c871dc519838cb235bb,hxc1718c79947e0f673296218b5b23adbd9a3b38a8,cxa0af3165c08318e988cb30993b3048335b94af6c,0x1d32ae433d8a2d0000,0xd133a555f9d17aef8b4a3fbe3718debbad44105ac643cc6c7f618e8af64ad20c,0,94209108,538.6075084170113,1741099017170509,Balanced Dollar,0.070556025,bnUSD,0,4,2025-03-04
cx88fd7df7ddff82f7cc735c871dc519838cb235bb,cxd82fb5d3effecd8c9071a4bba3856ad7222c4b91,hxc1718c79947e0f673296218b5b23adbd9a3b38a8,0x1d32ae433d8a2d0000,0x732f7a82d46e7d8adeee308055931959490bf25b2951eeb5cf1f62dce4686910,0,94209108,538.6075084170113,1741099017170509,Balanced Dollar,0.020690875,bnUSD,0,3,2025-03-04
cx508002ec116fbf3ab406329c0df28e70d7e75fb3,cx21e94c08c03daee80c25d8ee3ea22a20786ec231,hx2debd9ec927cca1639da8d3518dd9dbf1cdfb357,0x22ec9dcafb,0x0aff16151c00214526f15051c6a3c62816f14217b2cdf6cd584b8e8b59c0c945,5,94209108,149.998652155,1741099017170509,Sui,0.0780271125,SUI,0,1,2025-03-04
cx88fd7df7ddff82f7cc735c871dc519838cb235bb,cxa0af3165c08318e988cb30993b3048335b94af6c,cx5faae53c4dbd1fbe4a2eb4aab6565030f10da5c6,0x78a286697887b71,0x0aff16151c00214526f15051c6a3c62816f14217b2cdf6cd584b8e8b59c0c945,3,94209108,0.5432911261456455,1741099017170509,Balanced Dollar,0.0780271125,bnUSD,0,1,2025-03-04
cx508002ec116fbf3ab406329c0df28e70d7e75fb3,cxa0af3165c08318e988cb30993b3048335b94af6c,cx21e94c08c03daee80c25d8ee3ea22a20786ec231,0x22ec9dcafb,0x0aff16151c00214526f15051c6a3c62816f14217b2cdf6cd584b8e8b59c0c945,2,94209108,149.998652155,1741099017170509,Sui,0.0780271125,SUI,0,1,2025-03-04
cx88fd7df7ddff82f7cc735c871dc519838cb235bb,cx21e94c08c03daee80c25d8ee3ea22a20786ec231,cxa0af3165c08318e988cb30993b3048335b94af6c,0x13a273e07ff36c20f0,0x0aff16151c00214526f15051c6a3c62816f14217b2cdf6cd584b8e8b59c0c945,1,94209108,362.19408409709695,1741099017170509,Balanced Dollar,0.0780271125,bnUSD,0,1,2025-03-04
cx88fd7df7ddff82f7cc735c871dc519838cb235bb,hx2debd9ec927cca1639da8d3518dd9dbf1cdfb357,cx21e94c08c03daee80c25d8ee3ea22a20786ec231,0x13a273e07ff36c20f0,0x0aff16151c00214526f15051c6a3c62816f14217b2cdf6cd584b8e8b59c0c945,0,94209108,362.19408409709695,1741099017170509,Balanced Dollar,0.0780271125,bnUSD,0,1,2025-03-04
cx88fd7df7ddff82f7cc735c871dc519838cb235bb,cxd82fb5d3effecd8c9071a4bba3856ad7222c4b91,hx2795b422d55c51caa27f5c6397561e73d73e8bff,0x18455f2543120000,0xb885c7534e05d58945a37aaa9550d8aa9e07455d4de33d767df55ee9a446b4dd,0,94209107,1.7489086439469874,1741099015291031,Balanced Dollar,0.0206833125,bnUSD,0,1,2025-03-04
cx88fd7df7ddff82f7cc735c871dc519838cb235bb,cxa0af3165c08318e988cb30993b3048335b94af6c,cx5faae53c4dbd1fbe4a2eb4aab6565030f10da5c6,0xe069636af050f9,0x2f70094ca05903753ba2bc139a4f3b46fdf4d8e0e4ccc41a532424b765973189,2,94209105,0.0631662705,1741099011189545,Balanced Dollar,0.046032925,bnUSD,0,3,2025-03-04
cx65c9e3d4fea842e00add0d32a5b4c5e4e04c7a6b,cxa0af3165c08318e988cb30993b3048335b94af6c,hxd75467e3e4ce64e3424c747dfb71503017440433,0x121758ce,0x2f70094ca05903753ba2bc139a4f3b46fdf4d8e0e4ccc41a532424b765973189,1,94209105,0.30351995,1741099011189545,Solana,0.046032925,SOL,0,3,2025-03-04
cx88fd7df7ddff82f7cc735c871dc519838cb235bb,hxd75467e3e4ce64e3424c747dfb71503017440433,cxa0af3165c08318e988cb30993b3048335b94af6c,0x24867c83bd1d2e000,0x2f70094ca05903753ba2bc139a4f3b46fdf4d8e0e4ccc41a532424b765973189,0,94209105,42.11084699999999,1741099011189545,Balanced Dollar,0.046032925,bnUSD,0,3,2025-03-04
cxf61cd5a45dc9f91c15aa65831a30a90d59a09619,cx9345f80d6c98357ccbb70392b14162199c2c5f66,cxd82fb5d3effecd8c9071a4bba3856ad7222c4b91,0x23b3503cfaa8e0,0x6a89613975749c7f0d12958a7d5c50b7085062d8b3e4e1498e6afc6269bd7087,4,94209105,0.010048781386688736,1741099011189545,Balance Token,0.1302098,BALN,0,1,2025-03-04
cx2609b924e33ef00b648a409245c7ea394c467824,cx9345f80d6c98357ccbb70392b14162199c2c5f66,cxd82fb5d3effecd8c9071a4bba3856ad7222c4b91,0x274540ebecf510e,0x6a89613975749c7f0d12958a7d5c50b7085062d8b3e4e1498e6afc6269bd7087,3,94209105,0.17685870768182504,1741099011189545,Staked ICX,0.1302098,sICX,0,1,2025-03-04
cx88fd7df7ddff82f7cc735c871dc519838cb235bb,hx0000000000000000000000000000000000000000,cx5faae53c4dbd1fbe4a2eb4aab6565030f10da5c6,0x0,0x6a89613975749c7f0d12958a7d5c50b7085062d8b3e4e1498e6afc6269bd7087,2,94209105,0.0,1741099011189545,Balanced Dollar,0.1302098,bnUSD,0,1,2025-03-04
cx88fd7df7ddff82f7cc735c871dc519838cb235bb,hx0000000000000000000000000000000000000000,cxd82fb5d3effecd8c9071a4bba3856ad7222c4b91,0x64d8de3022b7e7,0x6a89613975749c7f0d12958a7d5c50b7085062d8b3e4e1498e6afc6269bd7087,1,94209105,0.0283859464729866,1741099011189545,Balanced Dollar,0.1302098,bnUSD,0,1,2025-03-04
cx88fd7df7ddff82f7cc735c871dc519838cb235bb,hx2795b422d55c51caa27f5c6397561e73d73e8bff,cxd82fb5d3effecd8c9071a4bba3856ad7222c4b91,0x18455f2543120000,0x6a89613975749c7f0d12958a7d5c50b7085062d8b3e4e1498e6afc6269bd7087,0,94209105,1.7489086439469874,1741099011189545,Balanced Dollar,0.1302098,bnUSD,0,1,2025-03-04
cx88fd7df7ddff82f7cc735c871dc519838cb235bb,cxa0af3165c08318e988cb30993b3048335b94af6c,cx5faae53c4dbd1fbe4a2eb4aab6565030f10da5c6,0xb32b3c42711522d,0x3a2b7beb7fe2dd31344be44d1fe7c08ad810ae7b7482552b21fbdec18bb8f044,2,94209104,0.8069049383031486,1741099009214639,Balanced Dollar,0.070556025,bnUSD,0,3,2025-03-04
cx2609b924e33ef00b648a409245c7ea394c467824,cxa0af3165c08318e988cb30993b3048335b94af6c,hxc1718c79947e0f673296218b5b23adbd9a3b38a8,0xccaae415f4b734f475,0x3a2b7beb7fe2dd31344be44d1fe7c08ad810ae7b7482552b21fbdec18bb8f044,1,94209104,3775.449782458676,1741099009214639,Staked ICX,0.070556025,sICX,0,3,2025-03-04
cx88fd7df7ddff82f7cc735c871dc519838cb235bb,hxc1718c79947e0f673296218b5b23adbd9a3b38a8,cxa0af3165c08318e988cb30993b3048335b94af6c,0x1d295eced067c60000,0x3a2b7beb7fe2dd31344be44d1fe7c08ad810ae7b7482552b21fbdec18bb8f044,0,94209104,537.9366255354324,1741099009214639,Balanced Dollar,0.070556025,bnUSD,0,3,2025-03-04
cx88fd7df7ddff82f7cc735c871dc519838cb235bb,cxd82fb5d3effecd8c9071a4bba3856ad7222c4b91,hxc1718c79947e0f673296218b5b23adbd9a3b38a8,0x1d295eced067c60000,0x6fe3cc808eef630103b75fbc5b1c6444c887839435290de8ad2bffbdf0deb6e7,0,94209104,537.9366255354324,1741099009214639,Balanced Dollar,0.020690875,bnUSD,0,2,2025-03-04
cx07b184a37f03c6ab681fcbd0b45aec6dc3eafbeb,cx21e94c08c03daee80c25d8ee3ea22a20786ec231,hx2debd9ec927cca1639da8d3518dd9dbf1cdfb357,0x11c36ebfb12496,0xd9b4a2042a5faaf1a0f4fc728c3fe1d72a9a3996f4e0925a6ce4e2c1368dc998,5,94209104,0.004999955033957526,1741099009214639,Bitcoin,0.0882888875,BTC,0,1,2025-03-04
cx88fd7df7ddff82f7cc735c871dc519838cb235bb,cxa0af3165c08318e988cb30993b3048335b94af6c,cx5faae53c4dbd1fbe4a2eb4aab6565030f10da5c6,0x8befbcb8a1d5ad8,0xd9b4a2042a5faaf1a0f4fc728c3fe1d72a9a3996f4e0925a6ce4e2c1368dc998,3,94209104,0.6302178494925605,1741099009214639,Balanced Dollar,0.0882888875,bnUSD,0,1,2025-03-04
cx07b184a37f03c6ab681fcbd0b45aec6dc3eafbeb,cxa0af3165c08318e988cb30993b3048335b94af6c,cx21e94c08c03daee80c25d8ee3ea22a20786ec231,0x11c36ebfb12496,0xd9b4a2042a5faaf1a0f4fc728c3fe1d72a9a3996f4e0925a6ce4e2c1368dc998,2,94209104,0.004999955033957526,1741099009214639,Bitcoin,0.0882888875,BTC,0,1,2025-03-04
cx88fd7df7ddff82f7cc735c871dc519838cb235bb,cx21e94c08c03daee80c25d8ee3ea22a20786ec231,cxa0af3165c08318e988cb30993b3048335b94af6c,0x16c6afb762571c9280,0xd9b4a2042a5faaf1a0f4fc728c3fe1d72a9a3996f4e0925a6ce4e2c1368dc998,1,94209104,420.1452329950404,1741099009214639,Balanced Dollar,0.0882888875,bnUSD,0,1,2025-03-04
cx88fd7df7ddff82f7cc735c871dc519838cb235bb,hx2debd9ec927cca1639da8d3518dd9dbf1cdfb357,cx21e94c08c03daee80c25d8ee3ea22a20786ec231,0x16c6afb762571c9280,0xd9b4a2042a5faaf1a0f4fc728c3fe1d72a9a3996f4e0925a6ce4e2c1368dc998,0,94209104,420.1452329950404,1741099009214639,Balanced Dollar,0.0882888875,bnUSD,0,1,2025-03-04
cx88fd7df7ddff82f7cc735c871dc519838cb235bb,cxd82fb5d3effecd8c9071a4bba3856ad7222c4b91,hx2795b422d55c51caa27f5c6397561e73d73e8bff,0x18455f2543120000,0x5865c3b454c4ed082b246726b28456c3f7061d5acd46e2fe8224f32a73389939,0,94209103,1.7489086439469874,1741099007207889,Balanced Dollar,0.0206833125,bnUSD,0,1,2025-03-04
cx88fd7df7ddff82f7cc735c871dc519838cb235bb,cx21e94c08c03daee80c25d8ee3ea22a20786ec231,hx7497c286aa521b09b2b54d78cde3fa4573c0e157,0x3dea4e215e6d485c3,0xa112dd897d7f87eb1697fee00dc80eb208160b95db85c83294d5fffafe25931f,13,94209102,71.38342857742408,1741099005181921,Balanced Dollar,0.2235188875,bnUSD,0,1,2025-03-04
cx88fd7df7ddff82f7cc735c871dc519838cb235bb,cxa0af3165c08318e988cb30993b3048335b94af6c,cx5faae53c4dbd1fbe4a2eb4aab6565030f10da5c6,0x17d852f668a2d41,0xa112dd897d7f87eb1697fee00dc80eb208160b95db85c83294d5fffafe25931f,11,94209102,0.10738840475704864,1741099005181921,Balanced Dollar,0.2235188875,bnUSD,0,1,2025-03-04
cx88fd7df7ddff82f7cc735c871dc519838cb235bb,cxa0af3165c08318e988cb30993b3048335b94af6c,cx21e94c08c03daee80c25d8ee3ea22a20786ec231,0x3dea4e215e6d485c3,0xa112dd897d7f87eb1697fee00dc80eb208160b95db85c83294d5fffafe25931f,10,94209102,71.38342857742408,1741099005181921,Balanced Dollar,0.2235188875,bnUSD,0,1,2025-03-04
cx2609b924e33ef00b648a409245c7ea394c467824,cx21e94c08c03daee80c25d8ee3ea22a20786ec231,cxa0af3165c08318e988cb30993b3048335b94af6c,0x1b5668281bd9cd9d0d,0xa112dd897d7f87eb1697fee00dc80eb208160b95db85c83294d5fffafe25931f,9,94209102,504.28836057508096,1741099005181921,Staked ICX,0.2235188875,sICX,0,1,2025-03-04
cx2609b924e33ef00b648a409245c7ea394c467824,cxa0af3165c08318e988cb30993b3048335b94af6c,cx5faae53c4dbd1fbe4a2eb4aab6565030f10da5c6,0xa865e2a414ff268,0xa112dd897d7f87eb1697fee00dc80eb208160b95db85c83294d5fffafe25931f,7,94209102,0.7583971228359031,1741099005181921,Staked ICX,0.2235188875,sICX,0,1,2025-03-04
cx2609b924e33ef00b648a409245c7ea394c467824,cxa0af3165c08318e988cb30993b3048335b94af6c,cx21e94c08c03daee80c25d8ee3ea22a20786ec231,0x1b5668281bd9cd9d0d,0xa112dd897d7f87eb1697fee00dc80eb208160b95db85c83294d5fffafe25931f,6,94209102,504.28836057508096,1741099005181921,Staked ICX,0.2235188875,sICX,0,1,2025-03-04
cxf61cd5a45dc9f91c15aa65831a30a90d59a09619,cx21e94c08c03daee80c25d8ee3ea22a20786ec231,cxa0af3165c08318e988cb30993b3048335b94af6c,0x20df9b231233657dcc,0xa112dd897d7f87eb1697fee00dc80eb208160b95db85c83294d5fffafe25931f,5,94209102,606.4083210116324,1741099005181921,Balance Token,0.2235188875,BALN,0,1,2025-03-04
cx88fd7df7ddff82f7cc735c871dc519838cb235bb,cxa0af3165c08318e988cb30993b3048335b94af6c,cx5faae53c4dbd1fbe4a2eb4aab6565030f10da5c6,0x17bcff9d3d78f74,0xa112dd897d7f87eb1697fee00dc80eb208160b95db85c83294d5fffafe25931f,3,94209102,0.1069076880812645,1741099005181921,Balanced Dollar,0.2235188875,bnUSD,0,1,2025-03-04
cxf61cd5a45dc9f91c15aa65831a30a90d59a09619,cxa0af3165c08318e988cb30993b3048335b94af6c,cx21e94c08c03daee80c25d8ee3ea22a20786ec231,0x20df9b231233657dcc,0xa112dd897d7f87eb1697fee00dc80eb208160b95db85c83294d5fffafe25931f,2,94209102,606.4083210116324,1741099005181921,Balance Token,0.2235188875,BALN,0,1,2025-03-04
cx88fd7df7ddff82f7cc735c871dc519838cb235bb,cx21e94c08c03daee80c25d8ee3ea22a20786ec231,cxa0af3165c08318e988cb30993b3048335b94af6c,0x3dd18454256b04000,0xa112dd897d7f87eb1697fee00dc80eb208160b95db85c83294d5fffafe25931f,1,94209102,71.27179205417633,1741099005181921,Balanced Dollar,0.2235188875,bnUSD,0,1,2025-03-04
cx88fd7df7ddff82f7cc735c871dc519838cb235bb,hx7497c286aa521b09b2b54d78cde3fa4573c0e157,cx21e94c08c03daee80c25d8ee3ea22a20786ec231,0x3dd18454256b04000,0xa112dd897d7f87eb1697fee00dc80eb208160b95db85c83294d5fffafe25931f,0,94209102,71.27179205417633,1741099005181921,Balanced Dollar,0.2235188875,bnUSD,0,1,2025-03-04
cx88fd7df7ddff82f7cc735c871dc519838cb235bb,cxa0af3165c08318e988cb30993b3048335b94af6c,cx5faae53c4dbd1fbe4a2eb4aab6565030f10da5c6,0x1afa62204af7800,0x1d63db6965ff655b949b7e8c36a218b3c89b347e3b2ca9f1476cfd1cd29da943,2,94209101,0.12149838,1741099003156059,Balanced Dollar,0.056310275,bnUSD,0,3,2025-03-04
cx66a031cc3bd305c76371fb586e93801b948254f0,cxa0af3165c08318e988cb30993b3048335b94af6c,hxd75467e3e4ce64e3424c747dfb71503017440433,0x3840f936308fadb6,0x1d63db6965ff655b949b7e8c36a218b3c89b347e3b2ca9f1476cfd1cd29da943,1,94209101,4.053513675771719,1741099003156059,Avalanche,0.056310275,AVAX,0,3,2025-03-04
cx88fd7df7ddff82f7cc735c871dc519838cb235bb,hxd75467e3e4ce64e3424c747dfb71503017440433,cxa0af3165c08318e988cb30993b3048335b94af6c,0x46415f896de488000,0x1d63db6965ff655b949b7e8c36a218b3c89b347e3b2ca9f1476cfd1cd29da943,0,94209101,80.99892,1741099003156059,Balanced Dollar,0.056310275,bnUSD,0,3,2025-03-04
cx88fd7df7ddff82f7cc735c871dc519838cb235bb,cxa0af3165c08318e988cb30993b3048335b94af6c,cx5faae53c4dbd1fbe4a2eb4aab6565030f10da5c6,0xb2f9bf7b7305cac,0x4f61d1c2c1da5101bd974289cff8ae8fa0ede0d1f4271491ff875ade94c50727,2,94209101,0.8060343465552355,1741099003156059,Balanced Dollar,0.070556025,bnUSD,0,2,2025-03-04
cx2609b924e33ef00b648a409245c7ea394c467824,cxa0af3165c08318e988cb30993b3048335b94af6c,hxc1718c79947e0f673296218b5b23adbd9a3b38a8,0xccaae89647c2ecd0c9,0x4f61d1c2c1da5101bd974289cff8ae8fa0ede0d1f4271491ff875ade94c50727,1,94209101,3775.4510494527503,1741099003156059,Staked ICX,0.070556025,sICX,0,2,2025-03-04
cx88fd7df7ddff82f7cc735c871dc519838cb235bb,hxc1718c79947e0f673296218b5b23adbd9a3b38a8,cxa0af3165c08318e988cb30993b3048335b94af6c,0x1d2150d517b89c0000,0x4f61d1c2c1da5101bd974289cff8ae8fa0ede0d1f4271491ff875ade94c50727,0,94209101,537.3562310368237,1741099003156059,Balanced Dollar,0.070556025,bnUSD,0,2,2025-03-04
cx88fd7df7ddff82f7cc735c871dc519838cb235bb,cxd82fb5d3effecd8c9071a4bba3856ad7222c4b91,hxc1718c79947e0f673296218b5b23adbd9a3b38a8,0x1d2150d517b89c0000,0xbf5d8c4eb6866f954993a23665b464cbba08614348df47620e60eb072df991d8,0,94209101,537.3562310368237,1741099003156059,Balanced Dollar,0.020690875,bnUSD,0,1,2025-03-04
cx288d13e1b63563459a2ac6179f237711f6851cb5,cx21e94c08c03daee80c25d8ee3ea22a20786ec231,hx2debd9ec927cca1639da8d3518dd9dbf1cdfb357,0x30d970913f50a94,0x8ba1d30e4e31c9223a45259c0d8c57c1d7cd059ed4fafe8d24630c939c3796dd,5,94209100,0.2199980220563483,1741099001344501,Ethereum,0.0884698125,ETH,0,1,2025-03-04
cx88fd7df7ddff82f7cc735c871dc519838cb235bb,cxa0af3165c08318e988cb30993b3048335b94af6c,cx5faae53c4dbd1fbe4a2eb4aab6565030f10da5c6,0x9a0e9f52e9cea84,0x8ba1d30e4e31c9223a45259c0d8c57c1d7cd059ed4fafe8d24630c939c3796dd,3,94209100,0.6938115818733513,1741099001344501,Balanced Dollar,0.0884698125,bnUSD,0,1,2025-03-04
cx288d13e1b63563459a2ac6179f237711f6851cb5,cxa0af3165c08318e988cb30993b3048335b94af6c,cx21e94c08c03daee80c25d8ee3ea22a20786ec231,0x30d970913f50a94,0x8ba1d30e4e31c9223a45259c0d8c57c1d7cd059ed4fafe8d24630c939c3796dd,2,94209100,0.2199980220563483,1741099001344501,Ethereum,0.0884698125,ETH,0,1,2025-03-04
cx88fd7df7ddff82f7cc735c871dc519838cb235bb,cx21e94c08c03daee80c25d8ee3ea22a20786ec231,cxa0af3165c08318e988cb30993b3048335b94af6c,0x19130bee7eb8a2b7c0,0x8ba1d30e4e31c9223a45259c0d8c57c1d7cd059ed4fafe8d24630c939c3796dd,1,94209100,462.5410545822342,1741099001344501,Balanced Dollar,0.0884698125,bnUSD,0,1,2025-03-04
cx88fd7df7ddff82f7cc735c871dc519838cb235bb,hx2debd9ec927cca1639da8d3518dd9dbf1cdfb357,cx21e94c08c03daee80c25d8ee3ea22a20786ec231,0x19130bee7eb8a2b7c0,0x8ba1d30e4e31c9223a45259c0d8c57c1d7cd059ed4fafe8d24630c939c3796dd,0,94209100,462.5410545822342,1741099001344501,Balanced Dollar,0.0884698125,bnUSD,0,1,2025-03-04
cxf61cd5a45dc9f91c15aa65831a30a90d59a09619,cx9345f80d6c98357ccbb70392b14162199c2c5f66,cxd82fb5d3effecd8c9071a4bba3856ad7222c4b91,0x19e461dc39cb2520,0x7b19ace7ae833c18bc82335f2e4c418e55645159336ff842f5f0ac954391a1aa,4,94209099,1.865723744128542,1741098999145703,Balance Token,0.1302194875,BALN,0,1,2025-03-04
cx2609b924e33ef00b648a409245c7ea394c467824,cx9345f80d6c98357ccbb70392b14162199c2c5f66,cxd82fb5d3effecd8c9071a4bba3856ad7222c4b91,0x1c7b3a15c630673d2,0x7b19ace7ae833c18bc82335f2e4c418e55645159336ff842f5f0ac954391a1aa,3,94209099,32.83676672625885,1741098999145703,Staked ICX,0.1302194875,sICX,0,1,2025-03-04
cx88fd7df7ddff82f7cc735c871dc519838cb235bb,hx0000000000000000000000000000000000000000,cx5faae53c4dbd1fbe4a2eb4aab6565030f10da5c6,0x0,0x7b19ace7ae833c18bc82335f2e4c418e55645159336ff842f5f0ac954391a1aa,2,94209099,0.0,1741098999145703,Balanced Dollar,0.1302194875,bnUSD,0,1,2025-03-04
cx88fd7df7ddff82f7cc735c871dc519838cb235bb,hx0000000000000000000000000000000000000000,cxd82fb5d3effecd8c9071a4bba3856ad7222c4b91,0x48e51cbb1ee32523,0x7b19ace7ae833c18bc82335f2e4c418e55645159336ff842f5f0ac954391a1aa,1,94209099,5.252636130400217,1741098999145703,Balanced Dollar,0.1302194875,bnUSD,0,1,2025-03-04
cx88fd7df7ddff82f7cc735c871dc519838cb235bb,hx2795b422d55c51caa27f5c6397561e73d73e8bff,cxd82fb5d3effecd8c9071a4bba3856ad7222c4b91,0xf863516d104af3ea1,0x7b19ace7ae833c18bc82335f2e4c418e55645159336ff842f5f0ac954391a1aa,0,94209099,286.37182196747386,1741098999145703,Balanced Dollar,0.1302194875,bnUSD,0,1,2025-03-04
cx88fd7df7ddff82f7cc735c871dc519838cb235bb,cxa0af3165c08318e988cb30993b3048335b94af6c,cx5faae53c4dbd1fbe4a2eb4aab6565030f10da5c6,0xb2c0be7ef92f893,0x7ee5003aa6e0edd8f29406218d42c38343793c09bd2094a01447cc934405dcc4,2,94209098,0.8050315241772136,1741098997148726,Balanced Dollar,0.070556025,bnUSD,0,2,2025-03-04
cx2609b924e33ef00b648a409245c7ea394c467824,cxa0af3165c08318e988cb30993b3048335b94af6c,hxc1718c79947e0f673296218b5b23adbd9a3b38a8,0xccaaedc6b505b0d783,0x7ee5003aa6e0edd8f29406218d42c38343793c09bd2094a01447cc934405dcc4,1,94209098,3775.4525100734636,1741098997148726,Staked ICX,0.070556025,sICX,0,2,2025-03-04
cx88fd7df7ddff82f7cc735c871dc519838cb235bb,hxc1718c79947e0f673296218b5b23adbd9a3b38a8,cxa0af3165c08318e988cb30993b3048335b94af6c,0x1d1809abffe4120000,0x7ee5003aa6e0edd8f29406218d42c38343793c09bd2094a01447cc934405dcc4,0,94209098,536.6876827848091,1741098997148726,Balanced Dollar,0.070556025,bnUSD,0,2,2025-03-04
cx88fd7df7ddff82f7cc735c871dc519838cb235bb,cxd82fb5d3effecd8c9071a4bba3856ad7222c4b91,hxc1718c79947e0f673296218b5b23adbd9a3b38a8,0x1d1809abffe4120000,0x042142c5d58547f276fb7c24b6e4027429cac5d92d1adfa7030af58ced1fd202,0,94209098,536.6876827848091,1741098997148726,Balanced Dollar,0.020690875,bnUSD,0,1,2025-03-04
cx88fd7df7ddff82f7cc735c871dc519838cb235bb,cxd82fb5d3effecd8c9071a4bba3856ad7222c4b91,hx2795b422d55c51caa27f5c6397561e73d73e8bff,0xf863516d104af3ea1,0x5ffa5f3e2c3eb0dc248711f672ff7b6de270796a416955ff3c79cf22438d2c45,0,94209097,286.37182196747386,1741098995333458,Balanced Dollar,0.0206870625,bnUSD,0,2,2025-03-04
cx2d552c485ec8bcaa75aac02424e2aca6ffdb2f1b,cx21e94c08c03daee80c25d8ee3ea22a20786ec231,hx2debd9ec927cca1639da8d3518dd9dbf1cdfb357,0x9b6e0927ac74171,0x3adac1063d64811cab36b78f1828f82ca3eefee8d7916ed43660a2501da66427,5,94209097,0.6999937118324167,1741098995333458,Binance Coin,0.0882703375,BNB,0,1,2025-03-04
cx88fd7df7ddff82f7cc735c871dc519838cb235bb,cxa0af3165c08318e988cb30993b3048335b94af6c,cx5faae53c4dbd1fbe4a2eb4aab6565030f10da5c6,0x8595c8ca6ded785,0x3adac1063d64811cab36b78f1828f82ca3eefee8d7916ed43660a2501da66427,3,94209097,0.6016137843954708,1741098995333458,Balanced Dollar,0.0882703375,bnUSD,0,1,2025-03-04
cx2d552c485ec8bcaa75aac02424e2aca6ffdb2f1b,cxa0af3165c08318e988cb30993b3048335b94af6c,cx21e94c08c03daee80c25d8ee3ea22a20786ec231,0x9b6e0927ac74171,0x3adac1063d64811cab36b78f1828f82ca3eefee8d7916ed43660a2501da66427,2,94209097,0.6999937118324167,1741098995333458,Binance Coin,0.0882703375,BNB,0,1,2025-03-04
cx88fd7df7ddff82f7cc735c871dc519838cb235bb,cx21e94c08c03daee80c25d8ee3ea22a20786ec231,cxa0af3165c08318e988cb30993b3048335b94af6c,0x15be0bae47e4513fb0,0x3adac1063d64811cab36b78f1828f82ca3eefee8d7916ed43660a2501da66427,1,94209097,401.07585626364715,1741098995333458,Balanced Dollar,0.0882703375,bnUSD,0,1,2025-03-04
cx88fd7df7ddff82f7cc735c871dc519838cb235bb,hx2debd9ec927cca1639da8d3518dd9dbf1cdfb357,cx21e94c08c03daee80c25d8ee3ea22a20786ec231,0x15be0bae47e4513fb0,0x3adac1063d64811cab36b78f1828f82ca3eefee8d7916ed43660a2501da66427,0,94209097,401.07585626364715,1741098995333458,Balanced Dollar,0.0882703375,bnUSD,0,1,2025-03-04
cx88fd7df7ddff82f7cc735c871dc519838cb235bb,cx21e94c08c03daee80c25d8ee3ea22a20786ec231,hx7497c286aa521b09b2b54d78cde3fa4573c0e157,0x52963b5700bb1594d,0x1159dc81a2f5aacd6c25258848ae23f34e40e2a5b43e591dd2db47695bb511f1,13,94209096,95.2161472396343,1741098993193051,Balanced Dollar,0.2235377,bnUSD,0,2,2025-03-04
cx88fd7df7ddff82f7cc735c871dc519838cb235bb,cxa0af3165c08318e988cb30993b3048335b94af6c,cx5faae53c4dbd1fbe4a2eb4aab6565030f10da5c6,0x1fce2457cb279a6,0x1159dc81a2f5aacd6c25258848ae23f34e40e2a5b43e591dd2db47695bb511f1,11,94209096,0.14323807624170537,1741098993193051,Balanced Dollar,0.2235377,bnUSD,0,2,2025-03-04
cx88fd7df7ddff82f7cc735c871dc519838cb235bb,cxa0af3165c08318e988cb30993b3048335b94af6c,cx21e94c08c03daee80c25d8ee3ea22a20786ec231,0x52963b5700bb1594d,0x1159dc81a2f5aacd6c25258848ae23f34e40e2a5b43e591dd2db47695bb511f1,10,94209096,95.2161472396343,1741098993193051,Balanced Dollar,0.2235377,bnUSD,0,2,2025-03-04
cx2609b924e33ef00b648a409245c7ea394c467824,cx21e94c08c03daee80c25d8ee3ea22a20786ec231,cxa0af3165c08318e988cb30993b3048335b94af6c,0x248c6bb6bebb4ee60f,0x1159dc81a2f5aacd6c25258848ae23f34e40e2a5b43e591dd2db47695bb511f1,9,94209096,674.2011685716643,1741098993193051,Staked ICX,0.2235377,sICX,0,2,2025-03-04
cx2609b924e33ef00b648a409245c7ea394c467824,cxa0af3165c08318e988cb30993b3048335b94af6c,cx5faae53c4dbd1fbe4a2eb4aab6565030f10da5c6,0xe11b30857e56ba2,0x1159dc81a2f5aacd6c25258848ae23f34e40e2a5b43e591dd2db47695bb511f1,7,94209096,1.0137882395508355,1741098993193051,Staked ICX,0.2235377,sICX,0,2,2025-03-04
cx2609b924e33ef00b648a409245c7ea394c467824,cxa0af3165c08318e988cb30993b3048335b94af6c,cx21e94c08c03daee80c25d8ee3ea22a20786ec231,0x248c6bb6bebb4ee60f,0x1159dc81a2f5aacd6c25258848ae23f34e40e2a5b43e591dd2db47695bb511f1,6,94209096,674.2011685716643,1741098993193051,Staked ICX,0.2235377,sICX,0,2,2025-03-04
cxf61cd5a45dc9f91c15aa65831a30a90d59a09619,cx21e94c08c03daee80c25d8ee3ea22a20786ec231,cxa0af3165c08318e988cb30993b3048335b94af6c,0x2be856c5d7c3ebb56a,0x1159dc81a2f5aacd6c25258848ae23f34e40e2a5b43e591dd2db47695bb511f1,5,94209096,809.9517813648027,1741098993193051,Balance Token,0.2235377,BALN,0,2,2025-03-04
cx88fd7df7ddff82f7cc735c871dc519838cb235bb,cxa0af3165c08318e988cb30993b3048335b94af6c,cx5faae53c4dbd1fbe4a2eb4aab6565030f10da5c6,0x1fa6aa26fca1493,0x1159dc81a2f5aacd6c25258848ae23f34e40e2a5b43e591dd2db47695bb511f1,3,94209096,0.14254358410835266,1741098993193051,Balanced Dollar,0.2235377,bnUSD,0,2,2025-03-04
cxf61cd5a45dc9f91c15aa65831a30a90d59a09619,cxa0af3165c08318e988cb30993b3048335b94af6c,cx21e94c08c03daee80c25d8ee3ea22a20786ec231,0x2be856c5d7c3ebb56a,0x1159dc81a2f5aacd6c25258848ae23f34e40e2a5b43e591dd2db47695bb511f1,2,94209096,809.9517813648027,1741098993193051,Balance Token,0.2235377,BALN,0,2,2025-03-04
cx88fd7df7ddff82f7cc735c871dc519838cb235bb,cx21e94c08c03daee80c25d8ee3ea22a20786ec231,cxa0af3165c08318e988cb30993b3048335b94af6c,0x526cb07031e404000,0x1159dc81a2f5aacd6c25258848ae23f34e40e2a5b43e591dd2db47695bb511f1,1,94209096,95.02905607223511,1741098993193051,Balanced Dollar,0.2235377,bnUSD,0,2,2025-03-04
cx88fd7df7ddff82f7cc735c871dc519838cb235bb,hx7497c286aa521b09b2b54d78cde3fa4573c0e157,cx21e94c08c03daee80c25d8ee3ea22a20786ec231,0x526cb07031e404000,0x1159dc81a2f5aacd6c25258848ae23f34e40e2a5b43e591dd2db47695bb511f1,0,94209096,95.02905607223511,1741098993193051,Balanced Dollar,0.2235377,bnUSD,0,2,2025-03-04
cx53f8ccd5426534f82cf10cb742de033e51da72fc,hx8026678e3d08ba3203ce6161ee8e9e3b9793491f,hx8026678e3d08ba3203ce6161ee8e9e3b9793491f,0x0,0x8e963c15aecbfcf5f593d54264926dfa65d67269a3c20fe35cf5a2cf07300cfb,0,94209096,0.0,1741098993193051,unknown_token,0.004292,$unknown,1,1,2025-03-04
cx88fd7df7ddff82f7cc735c871dc519838cb235bb,cxa0af3165c08318e988cb30993b3048335b94af6c,cx5faae53c4dbd1fbe4a2eb4aab6565030f10da5c6,0xaeadd82f1666bc6,0x6426cef7b481ca9961b411dad298a559525c4f65f88ece8898984bccffb308dc,2,94209095,0.7866846393950812,1741098991239203,Balanced Dollar,0.0563843,bnUSD,0,6,2025-03-04
cx288d13e1b63563459a2ac6179f237711f6851cb5,cxa0af3165c08318e988cb30993b3048335b94af6c,hx2795b422d55c51caa27f5c6397561e73d73e8bff,0x3782ed1baa6680a,0x6426cef7b481ca9961b411dad298a559525c4f65f88ece8898984bccffb308dc,1,94209095,0.2500012576335729,1741098991239203,Ethereum,0.0563843,ETH,0,6,2025-03-04
cx88fd7df7ddff82f7cc735c871dc519838cb235bb,hx2795b422d55c51caa27f5c6397561e73d73e8bff,cxa0af3165c08318e988cb30993b3048335b94af6c,0x1c6e4b84ff500e0000,0x6426cef7b481ca9961b411dad298a559525c4f65f88ece8898984bccffb308dc,0,94209095,524.4564262633875,1741098991239203,Balanced Dollar,0.0563843,bnUSD,0,6,2025-03-04
cx88fd7df7ddff82f7cc735c871dc519838cb235bb,cxd82fb5d3effecd8c9071a4bba3856ad7222c4b91,hx2795b422d55c51caa27f5c6397561e73d73e8bff,0x3be2364861653bea1,0x66abd203e4ca003a9c1a4c530b6e29948b93c07509f3c43214f9ad2bf0bbb1b2,0,94209095,69.04113723958282,1741098991239203,Balanced Dollar,0.0206870625,bnUSD,0,5,2025-03-04
cx88fd7df7ddff82f7cc735c871dc519838cb235bb,cxd82fb5d3effecd8c9071a4bba3856ad7222c4b91,hx2795b422d55c51caa27f5c6397561e73d73e8bff,0xbc0f33835ee278000,0x25a23efce372acd0b4ca7e33c97ba7bcc6a07e6d774af72845b5aa1421bbdb6c,0,94209095,216.81770308970792,1741098991239203,Balanced Dollar,0.0206870625,bnUSD,0,4,2025-03-04
cx88fd7df7ddff82f7cc735c871dc519838cb235bb,cxa0af3165c08318e988cb30993b3048335b94af6c,cx5faae53c4dbd1fbe4a2eb4aab6565030f10da5c6,0xb291fbe6b43bc8b,0x4010faa333eec6f38983e0363c97755bb4c47c91db7726f9d5d91ad1f692599d,2,94209095,0.8042089111661928,1741098991239203,Balanced Dollar,0.070556025,bnUSD,0,3,2025-03-04
cx2609b924e33ef00b648a409245c7ea394c467824,cxa0af3165c08318e988cb30993b3048335b94af6c,hxc1718c79947e0f673296218b5b23adbd9a3b38a8,0xccaaf208ad1911e0a4,0x4010faa333eec6f38983e0363c97755bb4c47c91db7726f9d5d91ad1f692599d,1,94209095,3775.4537085071033,1741098991239203,Staked ICX,0.070556025,sICX,0,3,2025-03-04
cx88fd7df7ddff82f7cc735c871dc519838cb235bb,hxc1718c79947e0f673296218b5b23adbd9a3b38a8,cxa0af3165c08318e988cb30993b3048335b94af6c,0x1d106d553755bb0000,0x4010faa333eec6f38983e0363c97755bb4c47c91db7726f9d5d91ad1f692599d,0,94209095,536.1392741107952,1741098991239203,Balanced Dollar,0.070556025,bnUSD,0,3,2025-03-04
cx88fd7df7ddff82f7cc735c871dc519838cb235bb,cxd82fb5d3effecd8c9071a4bba3856ad7222c4b91,hxc1718c79947e0f673296218b5b23adbd9a3b38a8,0x1d106d553755bb0000,0xf26d5d98a32592e7b20dc47c085f01ea9238a613a21971507b7ad8f1f9a3ebbe,0,94209095,536.1392741107952,1741098991239203,Balanced Dollar,0.020690875,bnUSD,0,2,2025-03-04
cx88fd7df7ddff82f7cc735c871dc519838cb235bb,cxd82fb5d3effecd8c9071a4bba3856ad7222c4b91,hx2795b422d55c51caa27f5c6397561e73d73e8bff,0x1c5d249fef0d300000,0x31ded3965c8085ea2d4026179449ed347d5571c11bf12f8186949e1f34d2a977,0,94209095,523.2204992576236,1741098991239203,Balanced Dollar,0.0206895625,bnUSD,0,1,2025-03-04
cx4297f4b63262507623b6ad575d0d8dd2db980e4e,cx21e94c08c03daee80c25d8ee3ea22a20786ec231,hx2debd9ec927cca1639da8d3518dd9dbf1cdfb357,0x1a0213cadd3182d21,0x2838f1717fed76f26524be998920b926f80f0112b45abc3ba566ddd59014901b,5,94209093,29.98531451127806,1741098987156364,Injective,0.0883872375,INJ,0,3,2025-03-04
cx88fd7df7ddff82f7cc735c871dc519838cb235bb,cxa0af3165c08318e988cb30993b3048335b94af6c,cx5faae53c4dbd1fbe4a2eb4aab6565030f10da5c6,0x6ca4243255a4053,0x2838f1717fed76f26524be998920b926f80f0112b45abc3ba566ddd59014901b,3,94209093,0.48927636568003385,1741098987156364,Balanced Dollar,0.0883872375,bnUSD,0,3,2025-03-04
cx4297f4b63262507623b6ad575d0d8dd2db980e4e,cxa0af3165c08318e988cb30993b3048335b94af6c,cx21e94c08c03daee80c25d8ee3ea22a20786ec231,0x1a0213cadd3182d21,0x2838f1717fed76f26524be998920b926f80f0112b45abc3ba566ddd59014901b,2,94209093,29.98531451127806,1741098987156364,Injective,0.0883872375,INJ,0,3,2025-03-04
cx88fd7df7ddff82f7cc735c871dc519838cb235bb,cx21e94c08c03daee80c25d8ee3ea22a20786ec231,cxa0af3165c08318e988cb30993b3048335b94af6c,0x11aeb739869b0782d0,0x2838f1717fed76f26524be998920b926f80f0112b45abc3ba566ddd59014901b,1,94209093,326.18424378668925,1741098987156364,Balanced Dollar,0.0883872375,bnUSD,0,3,2025-03-04
cx88fd7df7ddff82f7cc735c871dc519838cb235bb,hx2debd9ec927cca1639da8d3518dd9dbf1cdfb357,cx21e94c08c03daee80c25d8ee3ea22a20786ec231,0x11aeb739869b0782d0,0x2838f1717fed76f26524be998920b926f80f0112b45abc3ba566ddd59014901b,0,94209093,326.18424378668925,1741098987156364,Balanced Dollar,0.0883872375,bnUSD,0,3,2025-03-04
cx88fd7df7ddff82f7cc735c871dc519838cb235bb,cxa0af3165c08318e988cb30993b3048335b94af6c,cx5faae53c4dbd1fbe4a2eb4aab6565030f10da5c6,0x5c3b05fe967bd1e,0xb049147818f69e77cedb4537c5b468d10e8fbd36f08c7c87fe4502458eeaeb8b,2,94209093,0.4153695166324892,1741098987156364,Balanced Dollar,0.046013175,bnUSD,0,2,2025-03-04
cx65c9e3d4fea842e00add0d32a5b4c5e4e04c7a6b,cxa0af3165c08318e988cb30993b3048335b94af6c,hx2795b422d55c51caa27f5c6397561e73d73e8bff,0x77359f2e,0xb049147818f69e77cedb4537c5b468d10e8fbd36f08c7c87fe4502458eeaeb8b,1,94209093,2.000002862,1741098987156364,Solana,0.046013175,SOL,0,2,2025-03-04
cx88fd7df7ddff82f7cc735c871dc519838cb235bb,hx2795b422d55c51caa27f5c6397561e73d73e8bff,cxa0af3165c08318e988cb30993b3048335b94af6c,0xf02f0a46fd37c8000,0xb049147818f69e77cedb4537c5b468d10e8fbd36f08c7c87fe4502458eeaeb8b,0,94209093,276.9130110883262,1741098987156364,Balanced Dollar,0.046013175,bnUSD,0,2,2025-03-04
cx88fd7df7ddff82f7cc735c871dc519838cb235bb,cxd82fb5d3effecd8c9071a4bba3856ad7222c4b91,hx2795b422d55c51caa27f5c6397561e73d73e8bff,0x1a69fc2eb481c3415f,0x84ebf4f45a63ef2969082777e6a56c119bf49cb1b3577eacb312a57bb4508376,0,94209093,487.25237633736793,1741098987156364,Balanced Dollar,0.0206895625,bnUSD,0,1,2025-03-04
cx88fd7df7ddff82f7cc735c871dc519838cb235bb,cxa0af3165c08318e988cb30993b3048335b94af6c,cx5faae53c4dbd1fbe4a2eb4aab6565030f10da5c6,0xeb85b6df115000,0x3191805df330112341ebf1372e2d4a3e5b9a8fca52a8d783280ae6c475658b5a,2,94209092,0.06629364,1741098985319189,Balanced Dollar,0.056364025,bnUSD,0,1,2025-03-04
cx4297f4b63262507623b6ad575d0d8dd2db980e4e,cxa0af3165c08318e988cb30993b3048335b94af6c,hxd75467e3e4ce64e3424c747dfb71503017440433,0x387f1320249c8a21,0x3191805df330112341ebf1372e2d4a3e5b9a8fca52a8d783280ae6c475658b5a,1,94209092,4.070993616940338,1741098985319189,Injective,0.056364025,INJ,0,1,2025-03-04
cx88fd7df7ddff82f7cc735c871dc519838cb235bb,hxd75467e3e4ce64e3424c747dfb71503017440433,cxa0af3165c08318e988cb30993b3048335b94af6c,0x26556e18f926b0000,0x3191805df330112341ebf1372e2d4a3e5b9a8fca52a8d783280ae6c475658b5a,0,94209092,44.19576,1741098985319189,Balanced Dollar,0.056364025,bnUSD,0,1,2025-03-04
cx88fd7df7ddff82f7cc735c871dc519838cb235bb,cxa0af3165c08318e988cb30993b3048335b94af6c,cx5faae53c4dbd1fbe4a2eb4aab6565030f10da5c6,0xb2592c6b7a626c8,0xa5b6be5c316b0bc902cab88d71e0c5e8c885e9dfbeee64143e17bc9de93d11e3,2,94209091,0.8032094907378009,1741098983197216,Balanced Dollar,0.070556025,bnUSD,0,3,2025-03-04
cx2609b924e33ef00b648a409245c7ea394c467824,cxa0af3165c08318e988cb30993b3048335b94af6c,hxc1718c79947e0f673296218b5b23adbd9a3b38a8,0xccaaf73619d402249f,0xa5b6be5c316b0bc902cab88d71e0c5e8c885e9dfbeee64143e17bc9de93d11e3,1,94209091,3775.455165827003,1741098983197216,Staked ICX,0.070556025,sICX,0,3,2025-03-04
cx88fd7df7ddff82f7cc735c871dc519838cb235bb,hxc1718c79947e0f673296218b5b23adbd9a3b38a8,cxa0af3165c08318e988cb30993b3048335b94af6c,0x1d072e3ad396050000,0xa5b6be5c316b0bc902cab88d71e0c5e8c885e9dfbeee64143e17bc9de93d11e3,0,94209091,535.4729938252005,1741098983197216,Balanced Dollar,0.070556025,bnUSD,0,3,2025-03-04
cx88fd7df7ddff82f7cc735c871dc519838cb235bb,cxd82fb5d3effecd8c9071a4bba3856ad7222c4b91,hxc1718c79947e0f673296218b5b23adbd9a3b38a8,0x1d072e3ad396050000,0x1dc0ab8e4d7badd95d9534f71020318efae72ed3da8f3ea45d9276f5080662cb,0,94209091,535.4729938252005,1741098983197216,Balanced Dollar,0.020690875,bnUSD,0,2,2025-03-04
cx53f8ccd5426534f82cf10cb742de033e51da72fc,hx8026678e3d08ba3203ce6161ee8e9e3b9793491f,hx8026678e3d08ba3203ce6161ee8e9e3b9793491f,0x0,0xc6d2aea84ec9d30129f5202b62484330fb17102fa3edbbf67797611cc0fe5747,0,94209091,0.0,1741098983197216,unknown_token,0.0043484375,$unknown,1,1,2025-03-04
cx88fd7df7ddff82f7cc735c871dc519838cb235bb,cxa0af3165c08318e988cb30993b3048335b94af6c,cx5faae53c4dbd1fbe4a2eb4aab6565030f10da5c6,0x4836fd40c846947,0xda9df08344838d63dc09801795c387842180bbc170f03de4987ae6f748f2601a,2,94209090,0.32522655463456185,1741098981234590,Balanced Dollar,0.0563440875,bnUSD,0,2,2025-03-04
cx4297f4b63262507623b6ad575d0d8dd2db980e4e,cxa0af3165c08318e988cb30993b3048335b94af6c,hx2795b422d55c51caa27f5c6397561e73d73e8bff,0x1158ea17dbe6f1527,0xda9df08344838d63dc09801795c387842180bbc170f03de4987ae6f748f2601a,1,94209090,20.000100556636887,1741098981234590,Injective,0.0563440875,INJ,0,2,2025-03-04
cx88fd7df7ddff82f7cc735c871dc519838cb235bb,hx2795b422d55c51caa27f5c6397561e73d73e8bff,cxa0af3165c08318e988cb30993b3048335b94af6c,0xbc0f33835ee278000,0xda9df08344838d63dc09801795c387842180bbc170f03de4987ae6f748f2601a,0,94209090,216.81770308970792,1741098981234590,Balanced Dollar,0.0563440875,bnUSD,0,2,2025-03-04
cx88fd7df7ddff82f7cc735c871dc519838cb235bb,cxd82fb5d3effecd8c9071a4bba3856ad7222c4b91,hx2795b422d55c51caa27f5c6397561e73d73e8bff,0xb670b8a44ae46c15f,0x24cd6f594adfa1e2b71713b0c2478d3801db10d3830053f92950547c1d5f0de8,0,94209090,210.33936524904175,1741098981234590,Balanced Dollar,0.0206870625,bnUSD,0,1,2025-03-04
cx66a031cc3bd305c76371fb586e93801b948254f0,cx21e94c08c03daee80c25d8ee3ea22a20786ec231,hx2debd9ec927cca1639da8d3518dd9dbf1cdfb357,0x1158da29814da2807,0xd97d13edbbd1571e0b54c182fca0ef43ba79ed358f285a64bacd853e730a40c5,5,94209089,19.99982029429081,1741098979339913,Avalanche,0.0882975,AVAX,0,2,2025-03-04
cx88fd7df7ddff82f7cc735c871dc519838cb235bb,cxa0af3165c08318e988cb30993b3048335b94af6c,cx5faae53c4dbd1fbe4a2eb4aab6565030f10da5c6,0x84d8a3bf96ea090,0xd97d13edbbd1571e0b54c182fca0ef43ba79ed358f285a64bacd853e730a40c5,3,94209089,0.5982863157026244,1741098979339913,Balanced Dollar,0.0882975,bnUSD,0,2,2025-03-04
cx66a031cc3bd305c76371fb586e93801b948254f0,cxa0af3165c08318e988cb30993b3048335b94af6c,cx21e94c08c03daee80c25d8ee3ea22a20786ec231,0x1158da29814da2807,0xd97d13edbbd1571e0b54c182fca0ef43ba79ed358f285a64bacd853e730a40c5,2,94209089,19.99982029429081,1741098979339913,Avalanche,0.0882975,AVAX,0,2,2025-03-04
cx88fd7df7ddff82f7cc735c871dc519838cb235bb,cx21e94c08c03daee80c25d8ee3ea22a20786ec231,cxa0af3165c08318e988cb30993b3048335b94af6c,0x159f42a6d990177700,0xd97d13edbbd1571e0b54c182fca0ef43ba79ed358f285a64bacd853e730a40c5,1,94209089,398.8575438017496,1741098979339913,Balanced Dollar,0.0882975,bnUSD,0,2,2025-03-04
cx88fd7df7ddff82f7cc735c871dc519838cb235bb,hx2debd9ec927cca1639da8d3518dd9dbf1cdfb357,cx21e94c08c03daee80c25d8ee3ea22a20786ec231,0x159f42a6d990177700,0xd97d13edbbd1571e0b54c182fca0ef43ba79ed358f285a64bacd853e730a40c5,0,94209089,398.8575438017496,1741098979339913,Balanced Dollar,0.0882975,bnUSD,0,2,2025-03-04
cx88fd7df7ddff82f7cc735c871dc519838cb235bb,cxa0af3165c08318e988cb30993b3048335b94af6c,cx5faae53c4dbd1fbe4a2eb4aab6565030f10da5c6,0xb220780516556a7,0x6508a12c970e013d70dc09ea9bfb5a5b4e6c97041e97fad0ea1325911867d93a,2,94209088,0.8022119313281737,1741098977126074,Balanced Dollar,0.070556025,bnUSD,0,4,2025-03-04
cx2609b924e33ef00b648a409245c7ea394c467824,cxa0af3165c08318e988cb30993b3048335b94af6c,hxc1718c79947e0f673296218b5b23adbd9a3b38a8,0xccaafc61e1b9e4b2d1,0x6508a12c970e013d70dc09ea9bfb5a5b4e6c97041e97fad0ea1325911867d93a,1,94209088,3775.456621339442,1741098977126074,Staked ICX,0.070556025,sICX,0,4,2025-03-04
cx88fd7df7ddff82f7cc735c871dc519838cb235bb,hxc1718c79947e0f673296218b5b23adbd9a3b38a8,cxa0af3165c08318e988cb30993b3048335b94af6c,0x1cfdf388d3f7e70000,0x6508a12c970e013d70dc09ea9bfb5a5b4e6c97041e97fad0ea1325911867d93a,0,94209088,534.8079542187825,1741098977126074,Balanced Dollar,0.070556025,bnUSD,0,4,2025-03-04
cx88fd7df7ddff82f7cc735c871dc519838cb235bb,cxd82fb5d3effecd8c9071a4bba3856ad7222c4b91,hxc1718c79947e0f673296218b5b23adbd9a3b38a8,0x1cfdf388d3f7e70000,0x602233e6e8ea45cc95bcd5ccc11b5d05eef5337d295d95ca2f7f9b16daafa153,0,94209088,534.8079542187825,1741098977126074,Balanced Dollar,0.020690875,bnUSD,0,3,2025-03-04
cx88fd7df7ddff82f7cc735c871dc519838cb235bb,cxa0af3165c08318e988cb30993b3048335b94af6c,cx5faae53c4dbd1fbe4a2eb4aab6565030f10da5c6,0xae447686c2e0624,0x75b230ed5732caee3923118d53213ca9ccba9a87bdf6d4e36bd944e67303a982,2,94209088,0.7848307488864353,1741098977126074,Balanced Dollar,0.0563843,bnUSD,0,2,2025-03-04
cx288d13e1b63563459a2ac6179f237711f6851cb5,cxa0af3165c08318e988cb30993b3048335b94af6c,hx2795b422d55c51caa27f5c6397561e73d73e8bff,0x3782ed229759b56,0x75b230ed5732caee3923118d53213ca9ccba9a87bdf6d4e36bd944e67303a982,1,94209088,0.25000125949264573,1741098977126074,Ethereum,0.0563843,ETH,0,2,2025-03-04
cx88fd7df7ddff82f7cc735c871dc519838cb235bb,hx2795b422d55c51caa27f5c6397561e73d73e8bff,cxa0af3165c08318e988cb30993b3048335b94af6c,0x1c5d249fef0d300000,0x75b230ed5732caee3923118d53213ca9ccba9a87bdf6d4e36bd944e67303a982,0,94209088,523.2204992576236,1741098977126074,Balanced Dollar,0.0563843,bnUSD,0,2,2025-03-04
cx88fd7df7ddff82f7cc735c871dc519838cb235bb,cxd82fb5d3effecd8c9071a4bba3856ad7222c4b91,hx2795b422d55c51caa27f5c6397561e73d73e8bff,0x1c4c0d3aa45ef00000,0x577cfbf430148268086e5b245667d2d0787c35e88bf7da4f82e6d71a71ead256,0,94209088,521.9889348630891,1741098977126074,Balanced Dollar,0.0206895625,bnUSD,0,1,2025-03-04
cx88fd7df7ddff82f7cc735c871dc519838cb235bb,cxa0af3165c08318e988cb30993b3048335b94af6c,cx5faae53c4dbd1fbe4a2eb4aab6565030f10da5c6,0xb1e7dea255902d0,0xc4bf66cfd175f5ddf72f32211720859cd725f5cac04a8dd16a1ebb9d0bd821d3,2,94209085,0.8012162283209366,1741098971142535,Balanced Dollar,0.070556025,bnUSD,0,3,2025-03-04
cx2609b924e33ef00b648a409245c7ea394c467824,cxa0af3165c08318e988cb30993b3048335b94af6c,hxc1718c79947e0f673296218b5b23adbd9a3b38a8,0xccab018c059304b7ab,0xc4bf66cfd175f5ddf72f32211720859cd725f5cac04a8dd16a1ebb9d0bd821d3,1,94209085,3775.4580750477803,1741098971142535,Staked ICX,0.070556025,sICX,0,3,2025-03-04
cx88fd7df7ddff82f7cc735c871dc519838cb235bb,hxc1718c79947e0f673296218b5b23adbd9a3b38a8,cxa0af3165c08318e988cb30993b3048335b94af6c,0x1cf4bd3c6bed220000,0xc4bf66cfd175f5ddf72f32211720859cd725f5cac04a8dd16a1ebb9d0bd821d3,0,94209085,534.1441522139578,1741098971142535,Balanced Dollar,0.070556025,bnUSD,0,3,2025-03-04
cx88fd7df7ddff82f7cc735c871dc519838cb235bb,cxd82fb5d3effecd8c9071a4bba3856ad7222c4b91,hxc1718c79947e0f673296218b5b23adbd9a3b38a8,0x1cf4bd3c6bed220000,0x15bf8fb8fdbd4f63cfbbc63971ddea8415bd5b72f5e5b5817ab1b93c44392411,0,94209085,534.1441522139578,1741098971142535,Balanced Dollar,0.020690875,bnUSD,0,2,2025-03-04
cx88fd7df7ddff82f7cc735c871dc519838cb235bb,cxa0af3165c08318e988cb30993b3048335b94af6c,cx5faae53c4dbd1fbe4a2eb4aab6565030f10da5c6,0xaddb74186cc645a,0x187bcc0b6717d57343f6d304d8797ed03fe90cd09c0c3a735f311b81052f5283,2,94209085,0.7829834022946336,1741098971142535,Balanced Dollar,0.0563843,bnUSD,0,1,2025-03-04
cx288d13e1b63563459a2ac6179f237711f6851cb5,cxa0af3165c08318e988cb30993b3048335b94af6c,hx2795b422d55c51caa27f5c6397561e73d73e8bff,0x3782ed297f394b5,0x187bcc0b6717d57343f6d304d8797ed03fe90cd09c0c3a735f311b81052f5283,1,94209085,0.25000126134639533,1741098971142535,Ethereum,0.0563843,ETH,0,1,2025-03-04
cx88fd7df7ddff82f7cc735c871dc519838cb235bb,hx2795b422d55c51caa27f5c6397561e73d73e8bff,cxa0af3165c08318e988cb30993b3048335b94af6c,0x1c4c0d3aa45ef00000,0x187bcc0b6717d57343f6d304d8797ed03fe90cd09c0c3a735f311b81052f5283,0,94209085,521.9889348630891,1741098971142535,Balanced Dollar,0.0563843,bnUSD,0,1,2025-03-04
cx88fd7df7ddff82f7cc735c871dc519838cb235bb,cxa0af3165c08318e988cb30993b3048335b94af6c,cx5faae53c4dbd1fbe4a2eb4aab6565030f10da5c6,0xb1af60321331d4f,0xd17746cebcedac7b97762b0b077af1dd6afd9d3d0c3c3589b54d08b440af0fea,2,94209082,0.8002223771140171,1741098965262210,Balanced Dollar,0.070556025,bnUSD,0,3,2025-03-04
cx2609b924e33ef00b648a409245c7ea394c467824,cxa0af3165c08318e988cb30993b3048335b94af6c,hxc1718c79947e0f673296218b5b23adbd9a3b38a8,0xccab06b486271ca67e,0xd17746cebcedac7b97762b0b077af1dd6afd9d3d0c3c3589b54d08b440af0fea,1,94209082,3775.4595269553693,1741098965262210,Staked ICX,0.070556025,sICX,0,3,2025-03-04
cx88fd7df7ddff82f7cc735c871dc519838cb235bb,hxc1718c79947e0f673296218b5b23adbd9a3b38a8,cxa0af3165c08318e988cb30993b3048335b94af6c,0x1ceb8b52d11fc70000,0xd17746cebcedac7b97762b0b077af1dd6afd9d3d0c3c3589b54d08b440af0fea,0,94209082,533.481584742678,1741098965262210,Balanced Dollar,0.070556025,bnUSD,0,3,2025-03-04
cx88fd7df7ddff82f7cc735c871dc519838cb235bb,cxd82fb5d3effecd8c9071a4bba3856ad7222c4b91,hxc1718c79947e0f673296218b5b23adbd9a3b38a8,0x1ceb8b52d11fc70000,0x2882d7d8dc25e62fce470261ab20a5095cb2d37279545e2b6e768d5f9583aa32,0,94209082,533.481584742678,1741098965262210,Balanced Dollar,0.020690875,bnUSD,0,2,2025-03-04
cx65c9e3d4fea842e00add0d32a5b4c5e4e04c7a6b,cx21e94c08c03daee80c25d8ee3ea22a20786ec231,hx2debd9ec927cca1639da8d3518dd9dbf1cdfb357,0xb2cff4d1,0x29b277f59bc22900c7c09fa5be18c0e57df7eecfb8b68246a93274f34bf9b9a3,5,94209082,2.999973073,1741098965262210,Solana,0.0780118625,SOL,0,1,2025-03-04
cx88fd7df7ddff82f7cc735c871dc519838cb235bb,cxa0af3165c08318e988cb30993b3048335b94af6c,cx5faae53c4dbd1fbe4a2eb4aab6565030f10da5c6,0x89ba924d754a715,0x29b277f59bc22900c7c09fa5be18c0e57df7eecfb8b68246a93274f34bf9b9a3,3,94209082,0.6202753493901412,1741098965262210,Balanced Dollar,0.0780118625,bnUSD,0,1,2025-03-04
cx65c9e3d4fea842e00add0d32a5b4c5e4e04c7a6b,cxa0af3165c08318e988cb30993b3048335b94af6c,cx21e94c08c03daee80c25d8ee3ea22a20786ec231,0xb2cff4d1,0x29b277f59bc22900c7c09fa5be18c0e57df7eecfb8b68246a93274f34bf9b9a3,2,94209082,2.999973073,1741098965262210,Solana,0.0780118625,SOL,0,1,2025-03-04
cx88fd7df7ddff82f7cc735c871dc519838cb235bb,cx21e94c08c03daee80c25d8ee3ea22a20786ec231,cxa0af3165c08318e988cb30993b3048335b94af6c,0x166ab32546171dc6b0,0x29b277f59bc22900c7c09fa5be18c0e57df7eecfb8b68246a93274f34bf9b9a3,1,94209082,413.51689959342747,1741098965262210,Balanced Dollar,0.0780118625,bnUSD,0,1,2025-03-04
cx88fd7df7ddff82f7cc735c871dc519838cb235bb,hx2debd9ec927cca1639da8d3518dd9dbf1cdfb357,cx21e94c08c03daee80c25d8ee3ea22a20786ec231,0x166ab32546171dc6b0,0x29b277f59bc22900c7c09fa5be18c0e57df7eecfb8b68246a93274f34bf9b9a3,0,94209082,413.51689959342747,1741098965262210,Balanced Dollar,0.0780118625,bnUSD,0,1,2025-03-04
cx88fd7df7ddff82f7cc735c871dc519838cb235bb,cxa0af3165c08318e988cb30993b3048335b94af6c,hx4dc7903504bb800a462378348a42f53742759e0b,0x1c7c0c681d5f0bb,0xa201827c2b028c719525a85b76bd6a4ffd7fe70b18cf5337d1644c18632b6f9a,3,94209081,0.12828307321768773,1741098963151470,Balanced Dollar,0.0347539,bnUSD,0,3,2025-03-04
cx07b184a37f03c6ab681fcbd0b45aec6dc3eafbeb,hx4dc7903504bb800a462378348a42f53742759e0b,cxa0af3165c08318e988cb30993b3048335b94af6c,0x1cbb2d622b7a0,0x427a63f419638379303458c5ff2a6611300c2bb438f6e0b9dde4d87161c4dc58,0,94209081,0.000505443933927328,1741098963151470,Bitcoin,0.0215962625,BTC,0,2,2025-03-04
cx88fd7df7ddff82f7cc735c871dc519838cb235bb,hx4dc7903504bb800a462378348a42f53742759e0b,cxa0af3165c08318e988cb30993b3048335b94af6c,0x24cfda9edb2b88000,0xcddc913143578b55966b7cbbed8e4c4694cee680828f2c468e2fd555166ead14,0,94209081,42.4412653017802,1741098963151470,Balanced Dollar,0.02221895,bnUSD,0,1,2025-03-04
cx07b184a37f03c6ab681fcbd0b45aec6dc3eafbeb,cx21e94c08c03daee80c25d8ee3ea22a20786ec231,hx4dc7903504bb800a462378348a42f53742759e0b,0x1cbedb0955869,0xcb24188faa3d6761b4d08f05603085f7ad7d2b900c994a8ae45dd8daf6bd586a,12,94209079,0.000505696706975849,1741098959204437,Bitcoin,0.2288852125,BTC,0,2,2025-03-04
cx88fd7df7ddff82f7cc735c871dc519838cb235bb,cxa0af3165c08318e988cb30993b3048335b94af6c,cx5faae53c4dbd1fbe4a2eb4aab6565030f10da5c6,0xe2435fa8da21a4,0xcb24188faa3d6761b4d08f05603085f7ad7d2b900c994a8ae45dd8daf6bd586a,10,94209079,0.06368742287043011,1741098959204437,Balanced Dollar,0.2288852125,bnUSD,0,2,2025-03-04
cx07b184a37f03c6ab681fcbd0b45aec6dc3eafbeb,cxa0af3165c08318e988cb30993b3048335b94af6c,cx21e94c08c03daee80c25d8ee3ea22a20786ec231,0x1cbedb0955869,0xcb24188faa3d6761b4d08f05603085f7ad7d2b900c994a8ae45dd8daf6bd586a,9,94209079,0.000505696706975849,1741098959204437,Bitcoin,0.2288852125,BTC,0,2,2025-03-04
cx88fd7df7ddff82f7cc735c871dc519838cb235bb,cx21e94c08c03daee80c25d8ee3ea22a20786ec231,cxa0af3165c08318e988cb30993b3048335b94af6c,0x24d3a1e7262b79d44,0xcb24188faa3d6761b4d08f05603085f7ad7d2b900c994a8ae45dd8daf6bd586a,8,94209079,42.45828191362008,1741098959204437,Balanced Dollar,0.2288852125,bnUSD,0,2,2025-03-04
cx88fd7df7ddff82f7cc735c871dc519838cb235bb,cxa0af3165c08318e988cb30993b3048335b94af6c,cx5faae53c4dbd1fbe4a2eb4aab6565030f10da5c6,0xe2eec7ffff998d,0xcb24188faa3d6761b4d08f05603085f7ad7d2b900c994a8ae45dd8daf6bd586a,6,94209079,0.06387588749745192,1741098959204437,Balanced Dollar,0.2288852125,bnUSD,0,2,2025-03-04
cx88fd7df7ddff82f7cc735c871dc519838cb235bb,cxa0af3165c08318e988cb30993b3048335b94af6c,cx21e94c08c03daee80c25d8ee3ea22a20786ec231,0x24d3a1e7262b79d44,0xcb24188faa3d6761b4d08f05603085f7ad7d2b900c994a8ae45dd8daf6bd586a,5,94209079,42.45828191362008,1741098959204437,Balanced Dollar,0.2288852125,bnUSD,0,2,2025-03-04
cx2609b924e33ef00b648a409245c7ea394c467824,cx21e94c08c03daee80c25d8ee3ea22a20786ec231,cxa0af3165c08318e988cb30993b3048335b94af6c,0x10657f5cb45fa97ce3,0xcb24188faa3d6761b4d08f05603085f7ad7d2b900c994a8ae45dd8daf6bd586a,4,94209079,302.4615714289946,1741098959204437,Staked ICX,0.2288852125,sICX,0,2,2025-03-04
cx2609b924e33ef00b648a409245c7ea394c467824,hx0000000000000000000000000000000000000000,cx21e94c08c03daee80c25d8ee3ea22a20786ec231,0x10657f5cb45fa97ce3,0xcb24188faa3d6761b4d08f05603085f7ad7d2b900c994a8ae45dd8daf6bd586a,2,94209079,302.4615714289946,1741098959204437,Staked ICX,0.2288852125,sICX,0,2,2025-03-04
cx88fd7df7ddff82f7cc735c871dc519838cb235bb,cx21e94c08c03daee80c25d8ee3ea22a20786ec231,hx4dc7903504bb800a462378348a42f53742759e0b,0x24d4917a2e38423c0,0x8185984de0c282114e371beec5555df9d8b0ec252af85ee86fb53d64a4fa0f0f,8,94209079,42.46249655000866,1741098959204437,Balanced Dollar,0.1713531625,bnUSD,0,1,2025-03-04
cx88fd7df7ddff82f7cc735c871dc519838cb235bb,cxa0af3165c08318e988cb30993b3048335b94af6c,cx5faae53c4dbd1fbe4a2eb4aab6565030f10da5c6,0xe2f48c438bfb9d,0x8185984de0c282114e371beec5555df9d8b0ec252af85ee86fb53d64a4fa0f0f,6,94209079,0.06388222800245442,1741098959204437,Balanced Dollar,0.1713531625,bnUSD,0,1,2025-03-04
cx88fd7df7ddff82f7cc735c871dc519838cb235bb,cxa0af3165c08318e988cb30993b3048335b94af6c,cx21e94c08c03daee80c25d8ee3ea22a20786ec231,0x24d4917a2e38423c0,0x8185984de0c282114e371beec5555df9d8b0ec252af85ee86fb53d64a4fa0f0f,5,94209079,42.46249655000866,1741098959204437,Balanced Dollar,0.1713531625,bnUSD,0,1,2025-03-04
cx2609b924e33ef00b648a409245c7ea394c467824,cx21e94c08c03daee80c25d8ee3ea22a20786ec231,cxa0af3165c08318e988cb30993b3048335b94af6c,0x10657f5cb45fa97ce3,0x8185984de0c282114e371beec5555df9d8b0ec252af85ee86fb53d64a4fa0f0f,4,94209079,302.4615714289946,1741098959204437,Staked ICX,0.1713531625,sICX,0,1,2025-03-04
cx2609b924e33ef00b648a409245c7ea394c467824,hx0000000000000000000000000000000000000000,cx21e94c08c03daee80c25d8ee3ea22a20786ec231,0x10657f5cb45fa97ce3,0x8185984de0c282114e371beec5555df9d8b0ec252af85ee86fb53d64a4fa0f0f,2,94209079,302.4615714289946,1741098959204437,Staked ICX,0.1713531625,sICX,0,1,2025-03-04
cx88fd7df7ddff82f7cc735c871dc519838cb235bb,cxd82fb5d3effecd8c9071a4bba3856ad7222c4b91,hx2795b422d55c51caa27f5c6397561e73d73e8bff,0x1c3b054278ee900000,0xad313389006b896b539f5f5441205dead64cd851ad1cca61c117a78110de4289,0,94209078,520.7617125741547,1741098957162547,Balanced Dollar,0.0206895625,bnUSD,0,2,2025-03-04
cx88fd7df7ddff82f7cc735c871dc519838cb235bb,cxa0af3165c08318e988cb30993b3048335b94af6c,cx5faae53c4dbd1fbe4a2eb4aab6565030f10da5c6,0xe853fcd6f33800,0x8743e92a4f1a68e3def50315e5b0bbdec0577f87901f12e747d36132d32718c8,2,94209077,0.06539454,1741098955160225,Balanced Dollar,0.056364025,bnUSD,0,2,2025-03-04
cx4297f4b63262507623b6ad575d0d8dd2db980e4e,cxa0af3165c08318e988cb30993b3048335b94af6c,hxd75467e3e4ce64e3424c747dfb71503017440433,0x37e37eda14dfaa61,0x8743e92a4f1a68e3def50315e5b0bbdec0577f87901f12e747d36132d32718c8,1,94209077,4.027201966917528,1741098955160225,Injective,0.056364025,INJ,0,2,2025-03-04
cx88fd7df7ddff82f7cc735c871dc519838cb235bb,hxd75467e3e4ce64e3424c747dfb71503017440433,cxa0af3165c08318e988cb30993b3048335b94af6c,0x25d05626fc40c8000,0x8743e92a4f1a68e3def50315e5b0bbdec0577f87901f12e747d36132d32718c8,0,94209077,43.59636,1741098955160225,Balanced Dollar,0.056364025,bnUSD,0,2,2025-03-04
cx88fd7df7ddff82f7cc735c871dc519838cb235bb,cxa0af3165c08318e988cb30993b3048335b94af6c,cx5faae53c4dbd1fbe4a2eb4aab6565030f10da5c6,0xad72d0717e8eb85,0xbf30791752f770645fc28fb12de77bb880a9fc971e8ddac2f552477e6b2c3971,2,94209076,0.781142568861232,1741098953142219,Balanced Dollar,0.056389675,bnUSD,0,1,2025-03-04
cx288d13e1b63563459a2ac6179f237711f6851cb5,cxa0af3165c08318e988cb30993b3048335b94af6c,hx2795b422d55c51caa27f5c6397561e73d73e8bff,0x3782ed30620aa9a,0xbf30791752f770645fc28fb12de77bb880a9fc971e8ddac2f552477e6b2c3971,1,94209076,0.2500012631948438,1741098953142219,Ethereum,0.056389675,ETH,0,1,2025-03-04
cx88fd7df7ddff82f7cc735c871dc519838cb235bb,hx2795b422d55c51caa27f5c6397561e73d73e8bff,cxa0af3165c08318e988cb30993b3048335b94af6c,0x1c3b054278ee900000,0xbf30791752f770645fc28fb12de77bb880a9fc971e8ddac2f552477e6b2c3971,0,94209076,520.7617125741547,1741098953142219,Balanced Dollar,0.056389675,bnUSD,0,1,2025-03-04
cx2d552c485ec8bcaa75aac02424e2aca6ffdb2f1b,cx21e94c08c03daee80c25d8ee3ea22a20786ec231,hx2debd9ec927cca1639da8d3518dd9dbf1cdfb357,0x9b6e09279751695,0x58604f772c7e48efe60c53b93400fc6fa99a432419314155c73891ca84eda17e,5,94209074,0.6999937118102545,1741098949127424,Binance Coin,0.0882703375,BNB,0,1,2025-03-04
cx88fd7df7ddff82f7cc735c871dc519838cb235bb,cxa0af3165c08318e988cb30993b3048335b94af6c,cx5faae53c4dbd1fbe4a2eb4aab6565030f10da5c6,0x85157890208fc82,0x58604f772c7e48efe60c53b93400fc6fa99a432419314155c73891ca84eda17e,3,94209074,0.5993564713732661,1741098949127424,Balanced Dollar,0.0882703375,bnUSD,0,1,2025-03-04
cx2d552c485ec8bcaa75aac02424e2aca6ffdb2f1b,cxa0af3165c08318e988cb30993b3048335b94af6c,cx21e94c08c03daee80c25d8ee3ea22a20786ec231,0x9b6e09279751695,0x58604f772c7e48efe60c53b93400fc6fa99a432419314155c73891ca84eda17e,2,94209074,0.6999937118102545,1741098949127424,Binance Coin,0.0882703375,BNB,0,1,2025-03-04
cx88fd7df7ddff82f7cc735c871dc519838cb235bb,cx21e94c08c03daee80c25d8ee3ea22a20786ec231,cxa0af3165c08318e988cb30993b3048335b94af6c,0x15a9294a1ff766e7e0,0x58604f772c7e48efe60c53b93400fc6fa99a432419314155c73891ca84eda17e,1,94209074,399.5709809155107,1741098949127424,Balanced Dollar,0.0882703375,bnUSD,0,1,2025-03-04
cx88fd7df7ddff82f7cc735c871dc519838cb235bb,hx2debd9ec927cca1639da8d3518dd9dbf1cdfb357,cx21e94c08c03daee80c25d8ee3ea22a20786ec231,0x15a9294a1ff766e7e0,0x58604f772c7e48efe60c53b93400fc6fa99a432419314155c73891ca84eda17e,0,94209074,399.5709809155107,1741098949127424,Balanced Dollar,0.0882703375,bnUSD,0,1,2025-03-04
cx518f64edcd35db9044a2de63fdc10abfd5f7d611,cx21e94c08c03daee80c25d8ee3ea22a20786ec231,hxd75467e3e4ce64e3424c747dfb71503017440433,0xef857f9c,0x31ccbc6e2ae5afbbd5c817840558c707c81753a645864770d7a223e697754a31,16,94209073,401.850358,1741098947132622,Stellar,0.3683052,XLM,0,1,2025-03-04
cx2609b924e33ef00b648a409245c7ea394c467824,cx203d9cd2a669be67177e997b8948ce2c35caffae,cx835b300dcfe01f0bdb794e134a0c5628384f4367,0x5e37dd6795b2151,0x31ccbc6e2ae5afbbd5c817840558c707c81753a645864770d7a223e697754a31,13,94209073,0.4243211500154474,1741098947132622,Staked ICX,0.3683052,sICX,0,1,2025-03-04
cx2609b924e33ef00b648a409245c7ea394c467824,cx5faae53c4dbd1fbe4a2eb4aab6565030f10da5c6,cx203d9cd2a669be67177e997b8948ce2c35caffae,0x8698f3264390b07,0x31ccbc6e2ae5afbbd5c817840558c707c81753a645864770d7a223e697754a31,10,94209073,0.6061730714506391,1741098947132622,Staked ICX,0.3683052,sICX,0,1,2025-03-04
cx2609b924e33ef00b648a409245c7ea394c467824,cx5faae53c4dbd1fbe4a2eb4aab6565030f10da5c6,cxdc30a0d3a1f131565c071272a20bc0b06fd4c17b,0x8698f3264390b06,0x31ccbc6e2ae5afbbd5c817840558c707c81753a645864770d7a223e697754a31,8,94209073,0.6061730714506391,1741098947132622,Staked ICX,0.3683052,sICX,0,1,2025-03-04
cx2609b924e33ef00b648a409245c7ea394c467824,cxa0af3165c08318e988cb30993b3048335b94af6c,cx5faae53c4dbd1fbe4a2eb4aab6565030f10da5c6,0x10c1ee1276a99b92,0x31ccbc6e2ae5afbbd5c817840558c707c81753a645864770d7a223e697754a31,7,94209073,1.2075079381796525,1741098947132622,Staked ICX,0.3683052,sICX,0,1,2025-03-04
cx518f64edcd35db9044a2de63fdc10abfd5f7d611,cxa0af3165c08318e988cb30993b3048335b94af6c,cx21e94c08c03daee80c25d8ee3ea22a20786ec231,0xef857f9c,0x31ccbc6e2ae5afbbd5c817840558c707c81753a645864770d7a223e697754a31,6,94209073,401.850358,1741098947132622,Stellar,0.3683052,XLM,0,1,2025-03-04
cx2609b924e33ef00b648a409245c7ea394c467824,cx21e94c08c03daee80c25d8ee3ea22a20786ec231,cxa0af3165c08318e988cb30993b3048335b94af6c,0x2ba3b15015045a7858,0x31ccbc6e2ae5afbbd5c817840558c707c81753a645864770d7a223e697754a31,5,94209073,805.0052921197683,1741098947132622,Staked ICX,0.3683052,sICX,0,1,2025-03-04
cx88fd7df7ddff82f7cc735c871dc519838cb235bb,cxa0af3165c08318e988cb30993b3048335b94af6c,cx5faae53c4dbd1fbe4a2eb4aab6565030f10da5c6,0x25dd77eae4bc7e7,0x31ccbc6e2ae5afbbd5c817840558c707c81753a645864770d7a223e697754a31,3,94209073,0.17052929999999997,1741098947132622,Balanced Dollar,0.3683052,bnUSD,0,1,2025-03-04
cx2609b924e33ef00b648a409245c7ea394c467824,cxa0af3165c08318e988cb30993b3048335b94af6c,cx21e94c08c03daee80c25d8ee3ea22a20786ec231,0x2ba3b15015045a7858,0x31ccbc6e2ae5afbbd5c817840558c707c81753a645864770d7a223e697754a31,2,94209073,805.0052921197683,1741098947132622,Staked ICX,0.3683052,sICX,0,1,2025-03-04
cx88fd7df7ddff82f7cc735c871dc519838cb235bb,cx21e94c08c03daee80c25d8ee3ea22a20786ec231,cxa0af3165c08318e988cb30993b3048335b94af6c,0x629b6849090034000,0x31ccbc6e2ae5afbbd5c817840558c707c81753a645864770d7a223e697754a31,1,94209073,113.68619999999999,1741098947132622,Balanced Dollar,0.3683052,bnUSD,0,1,2025-03-04
cx88fd7df7ddff82f7cc735c871dc519838cb235bb,hxd75467e3e4ce64e3424c747dfb71503017440433,cx21e94c08c03daee80c25d8ee3ea22a20786ec231,0x629b6849090034000,0x31ccbc6e2ae5afbbd5c817840558c707c81753a645864770d7a223e697754a31,0,94209073,113.68619999999999,1741098947132622,Balanced Dollar,0.3683052,bnUSD,0,1,2025-03-04
cx4297f4b63262507623b6ad575d0d8dd2db980e4e,cx21e94c08c03daee80c25d8ee3ea22a20786ec231,hx2debd9ec927cca1639da8d3518dd9dbf1cdfb357,0x1a05473ec52a81930,0x6bf1f90381c226fc6897c0e29110515cd23805519a7c1c68baa765f79f01037f,5,94209071,29.99973047665794,1741098943170341,Injective,0.0883872375,INJ,0,1,2025-03-04
cx88fd7df7ddff82f7cc735c871dc519838cb235bb,cxa0af3165c08318e988cb30993b3048335b94af6c,cx5faae53c4dbd1fbe4a2eb4aab6565030f10da5c6,0x6bf34966523877d,0x6bf1f90381c226fc6897c0e29110515cd23805519a7c1c68baa765f79f01037f,3,94209071,0.48616510532586893,1741098943170341,Balanced Dollar,0.0883872375,bnUSD,0,1,2025-03-04
cx4297f4b63262507623b6ad575d0d8dd2db980e4e,cxa0af3165c08318e988cb30993b3048335b94af6c,cx21e94c08c03daee80c25d8ee3ea22a20786ec231,0x1a05473ec52a81930,0x6bf1f90381c226fc6897c0e29110515cd23805519a7c1c68baa765f79f01037f,2,94209071,29.99973047665794,1741098943170341,Injective,0.0883872375,INJ,0,1,2025-03-04
cx88fd7df7ddff82f7cc735c871dc519838cb235bb,cx21e94c08c03daee80c25d8ee3ea22a20786ec231,cxa0af3165c08318e988cb30993b3048335b94af6c,0x1191ee47a761db8030,0x6bf1f90381c226fc6897c0e29110515cd23805519a7c1c68baa765f79f01037f,1,94209071,324.11007021724595,1741098943170341,Balanced Dollar,0.0883872375,bnUSD,0,1,2025-03-04
cx88fd7df7ddff82f7cc735c871dc519838cb235bb,hx2debd9ec927cca1639da8d3518dd9dbf1cdfb357,cx21e94c08c03daee80c25d8ee3ea22a20786ec231,0x1191ee47a761db8030,0x6bf1f90381c226fc6897c0e29110515cd23805519a7c1c68baa765f79f01037f,0,94209071,324.11007021724595,1741098943170341,Balanced Dollar,0.0883872375,bnUSD,0,1,2025-03-04
cx88fd7df7ddff82f7cc735c871dc519838cb235bb,cxa0af3165c08318e988cb30993b3048335b94af6c,cx5faae53c4dbd1fbe4a2eb4aab6565030f10da5c6,0xb173fce59616687,0x84fd3f165b882536919ef0e3f88512924fac87aaafb0c2fa5670342f96c8cefd,2,94209070,0.7991776143769207,1741098941221368,Balanced Dollar,0.070556025,bnUSD,0,2,2025-03-04
cx2609b924e33ef00b648a409245c7ea394c467824,cxa0af3165c08318e988cb30993b3048335b94af6c,hxc1718c79947e0f673296218b5b23adbd9a3b38a8,0xccab0c213d6e431833,0x84fd3f165b882536919ef0e3f88512924fac87aaafb0c2fa5670342f96c8cefd,1,94209070,3775.461053864681,1741098941221368,Staked ICX,0.070556025,sICX,0,2,2025-03-04
cx88fd7df7ddff82f7cc735c871dc519838cb235bb,hxc1718c79947e0f673296218b5b23adbd9a3b38a8,cxa0af3165c08318e988cb30993b3048335b94af6c,0x1ce1e0d408c2fb0000,0x84fd3f165b882536919ef0e3f88512924fac87aaafb0c2fa5670342f96c8cefd,0,94209070,532.7850762512804,1741098941221368,Balanced Dollar,0.070556025,bnUSD,0,2,2025-03-04
cx88fd7df7ddff82f7cc735c871dc519838cb235bb,cxd82fb5d3effecd8c9071a4bba3856ad7222c4b91,hxc1718c79947e0f673296218b5b23adbd9a3b38a8,0x1ce1e0d408c2fb0000,0x407c1408b724aba989f4f93b75423ea00a7d8d36caf2e681b07dad3a63fd1db1,0,94209070,532.7850762512804,1741098941221368,Balanced Dollar,0.020690875,bnUSD,0,1,2025-03-04
cx66a031cc3bd305c76371fb586e93801b948254f0,cx21e94c08c03daee80c25d8ee3ea22a20786ec231,hx2debd9ec927cca1639da8d3518dd9dbf1cdfb357,0x1158da297f83bae5a,0x0c74070d424988e9275da9c14d799cea04a6b05f6db2a447b0ef244e6d12867b,5,94209068,19.999820293810664,1741098937142260,Avalanche,0.0882975,AVAX,0,1,2025-03-04
cx88fd7df7ddff82f7cc735c871dc519838cb235bb,cxa0af3165c08318e988cb30993b3048335b94af6c,cx5faae53c4dbd1fbe4a2eb4aab6565030f10da5c6,0x84698881c123578,0x0c74070d424988e9275da9c14d799cea04a6b05f6db2a447b0ef244e6d12867b,3,94209068,0.596331711027099,1741098937142260,Balanced Dollar,0.0882975,bnUSD,0,1,2025-03-04
cx66a031cc3bd305c76371fb586e93801b948254f0,cxa0af3165c08318e988cb30993b3048335b94af6c,cx21e94c08c03daee80c25d8ee3ea22a20786ec231,0x1158da297f83bae5a,0x0c74070d424988e9275da9c14d799cea04a6b05f6db2a447b0ef244e6d12867b,2,94209068,19.999820293810664,1741098937142260,Avalanche,0.0882975,AVAX,0,1,2025-03-04
cx88fd7df7ddff82f7cc735c871dc519838cb235bb,cx21e94c08c03daee80c25d8ee3ea22a20786ec231,cxa0af3165c08318e988cb30993b3048335b94af6c,0x158d2d37c91a15e880,0x0c74070d424988e9275da9c14d799cea04a6b05f6db2a447b0ef244e6d12867b,1,94209068,397.554474018066,1741098937142260,Balanced Dollar,0.0882975,bnUSD,0,1,2025-03-04
cx88fd7df7ddff82f7cc735c871dc519838cb235bb,hx2debd9ec927cca1639da8d3518dd9dbf1cdfb357,cx21e94c08c03daee80c25d8ee3ea22a20786ec231,0x158d2d37c91a15e880,0x0c74070d424988e9275da9c14d799cea04a6b05f6db2a447b0ef244e6d12867b,0,94209068,397.554474018066,1741098937142260,Balanced Dollar,0.0882975,bnUSD,0,1,2025-03-04
cx88fd7df7ddff82f7cc735c871dc519838cb235bb,cxa0af3165c08318e988cb30993b3048335b94af6c,cx5faae53c4dbd1fbe4a2eb4aab6565030f10da5c6,0xb13bb5938038831,0xb35e988d754e9e9c162823eee683eb4ec3b7fc2fc0ed1456ec10548e88fc9208,2,94209067,0.7981875508409488,1741098935299220,Balanced Dollar,0.070556025,bnUSD,0,2,2025-03-04
cx2609b924e33ef00b648a409245c7ea394c467824,cxa0af3165c08318e988cb30993b3048335b94af6c,hxc1718c79947e0f673296218b5b23adbd9a3b38a8,0xccab114663b019956b,0xb35e988d754e9e9c162823eee683eb4ec3b7fc2fc0ed1456ec10548e88fc9208,1,94209067,3775.4625020858084,1741098935299220,Staked ICX,0.070556025,sICX,0,2,2025-03-04
cx88fd7df7ddff82f7cc735c871dc519838cb235bb,hxc1718c79947e0f673296218b5b23adbd9a3b38a8,cxa0af3165c08318e988cb30993b3048335b94af6c,0x1cd8b7e301de880000,0xb35e988d754e9e9c162823eee683eb4ec3b7fc2fc0ed1456ec10548e88fc9208,0,94209067,532.1250338939659,1741098935299220,Balanced Dollar,0.070556025,bnUSD,0,2,2025-03-04
cx88fd7df7ddff82f7cc735c871dc519838cb235bb,cxd82fb5d3effecd8c9071a4bba3856ad7222c4b91,hxc1718c79947e0f673296218b5b23adbd9a3b38a8,0x1cd8b7e301de880000,0xaafaeaccf9653df32c3749db60acec7f9da2cf855f5d910c7281ec3517d3ddc6,0,94209067,532.1250338939659,1741098935299220,Balanced Dollar,0.020690875,bnUSD,0,1,2025-03-04
cx88fd7df7ddff82f7cc735c871dc519838cb235bb,cxa0af3165c08318e988cb30993b3048335b94af6c,cx5faae53c4dbd1fbe4a2eb4aab6565030f10da5c6,0x14e3eeba357400c,0x94ce7e9382e2ac91529a1d13031dbf12a74f3fe68651d286061042b895ae2bfc,2,94209065,0.09408182400000001,1741098931219544,Balanced Dollar,0.0564017375,bnUSD,0,1,2025-03-04
cx288d13e1b63563459a2ac6179f237711f6851cb5,cxa0af3165c08318e988cb30993b3048335b94af6c,hxd75467e3e4ce64e3424c747dfb71503017440433,0x6b1d6a1d252349,0x94ce7e9382e2ac91529a1d13031dbf12a74f3fe68651d286061042b895ae2bfc,1,94209065,0.030150164100752202,1741098931219544,Ethereum,0.0564017375,ETH,0,1,2025-03-04
cx88fd7df7ddff82f7cc735c871dc519838cb235bb,hxd75467e3e4ce64e3424c747dfb71503017440433,cxa0af3165c08318e988cb30993b3048335b94af6c,0x3666e85a4088c2000,0x94ce7e9382e2ac91529a1d13031dbf12a74f3fe68651d286061042b895ae2bfc,0,94209065,62.721216000000005,1741098931219544,Balanced Dollar,0.0564017375,bnUSD,0,1,2025-03-04
cx88fd7df7ddff82f7cc735c871dc519838cb235bb,cxa0af3165c08318e988cb30993b3048335b94af6c,cx5faae53c4dbd1fbe4a2eb4aab6565030f10da5c6,0xb0e5db606aa0851,0x38b993f141f93873fb027f38d21b5f63ea6395ddbbca6a962214eb2a603cddfd,2,94209064,0.7966772204683941,1741098929320213,Balanced Dollar,0.070556025,bnUSD,0,3,2025-03-04
cx2609b924e33ef00b648a409245c7ea394c467824,cxa0af3165c08318e988cb30993b3048335b94af6c,hxc1718c79947e0f673296218b5b23adbd9a3b38a8,0xcc88c062de4e00722a,0x38b993f141f93873fb027f38d21b5f63ea6395ddbbca6a962214eb2a603cddfd,1,94209064,3772.989775728366,1741098929320213,Staked ICX,0.070556025,sICX,0,3,2025-03-04
cx88fd7df7ddff82f7cc735c871dc519838cb235bb,hxc1718c79947e0f673296218b5b23adbd9a3b38a8,cxa0af3165c08318e988cb30993b3048335b94af6c,0x1ccabeb4b15acb0000,0x38b993f141f93873fb027f38d21b5f63ea6395ddbbca6a962214eb2a603cddfd,0,94209064,531.1181469789294,1741098929320213,Balanced Dollar,0.070556025,bnUSD,0,3,2025-03-04
cx2609b924e33ef00b648a409245c7ea394c467824,cx21e94c08c03daee80c25d8ee3ea22a20786ec231,hx2debd9ec927cca1639da8d3518dd9dbf1cdfb357,0x6c6b536e017e6a7be3,0xbad738999bf1478686f18cad89d940798b4037fa314220e33536bc5efebb92eb,5,94209064,1999.9820058984517,1741098929320213,Staked ICX,0.112702,sICX,0,2,2025-03-04
cx88fd7df7ddff82f7cc735c871dc519838cb235bb,cxa0af3165c08318e988cb30993b3048335b94af6c,cx5faae53c4dbd1fbe4a2eb4aab6565030f10da5c6,0x5dae5b7b887250e,0xbad738999bf1478686f18cad89d940798b4037fa314220e33536bc5efebb92eb,3,94209064,0.42190209235020315,1741098929320213,Balanced Dollar,0.112702,bnUSD,0,2,2025-03-04
cx2609b924e33ef00b648a409245c7ea394c467824,cxa0af3165c08318e988cb30993b3048335b94af6c,cx21e94c08c03daee80c25d8ee3ea22a20786ec231,0x6c6b536e017e6a7be3,0xbad738999bf1478686f18cad89d940798b4037fa314220e33536bc5efebb92eb,2,94209064,1999.9820058984517,1741098929320213,Staked ICX,0.112702,sICX,0,2,2025-03-04
cx88fd7df7ddff82f7cc735c871dc519838cb235bb,cx21e94c08c03daee80c25d8ee3ea22a20786ec231,cxa0af3165c08318e988cb30993b3048335b94af6c,0xf3f60e3c5dff07f20,0xbad738999bf1478686f18cad89d940798b4037fa314220e33536bc5efebb92eb,1,94209064,281.2680615668021,1741098929320213,Balanced Dollar,0.112702,bnUSD,0,2,2025-03-04
cx88fd7df7ddff82f7cc735c871dc519838cb235bb,hx2debd9ec927cca1639da8d3518dd9dbf1cdfb357,cx21e94c08c03daee80c25d8ee3ea22a20786ec231,0xf3f60e3c5dff07f20,0xbad738999bf1478686f18cad89d940798b4037fa314220e33536bc5efebb92eb,0,94209064,281.2680615668021,1741098929320213,Balanced Dollar,0.112702,bnUSD,0,2,2025-03-04
cx88fd7df7ddff82f7cc735c871dc519838cb235bb,cxd82fb5d3effecd8c9071a4bba3856ad7222c4b91,hxc1718c79947e0f673296218b5b23adbd9a3b38a8,0x1ccabeb4b15acb0000,0x49f2b0ed91c2f41ec1992257bc6c61da3f15140d22215d6eb528df7e94c10c6d,0,94209064,531.1181469789294,1741098929320213,Balanced Dollar,0.020690875,bnUSD,0,1,2025-03-04
cx88fd7df7ddff82f7cc735c871dc519838cb235bb,cxa0af3165c08318e988cb30993b3048335b94af6c,cx5faae53c4dbd1fbe4a2eb4aab6565030f10da5c6,0xb0add790e0c28f5,0x40b791e50d5fb3eb290a391aad38e59c7015080dba0b76e5db1ca10ff473797e,2,94209061,0.7956917961807731,1741098923201262,Balanced Dollar,0.070556025,bnUSD,0,2,2025-03-04
cx2609b924e33ef00b648a409245c7ea394c467824,cxa0af3165c08318e988cb30993b3048335b94af6c,hxc1718c79947e0f673296218b5b23adbd9a3b38a8,0xccab1e424cbee613c9,0x40b791e50d5fb3eb290a391aad38e59c7015080dba0b76e5db1ca10ff473797e,1,94209061,3775.466156763923,1741098923201262,Staked ICX,0.070556025,sICX,0,2,2025-03-04
cx88fd7df7ddff82f7cc735c871dc519838cb235bb,hxc1718c79947e0f673296218b5b23adbd9a3b38a8,cxa0af3165c08318e988cb30993b3048335b94af6c,0x1cc1a0c09495000000,0x40b791e50d5fb3eb290a391aad38e59c7015080dba0b76e5db1ca10ff473797e,0,94209061,530.4611974538487,1741098923201262,Balanced Dollar,0.070556025,bnUSD,0,2,2025-03-04
cx88fd7df7ddff82f7cc735c871dc519838cb235bb,cxd82fb5d3effecd8c9071a4bba3856ad7222c4b91,hxc1718c79947e0f673296218b5b23adbd9a3b38a8,0x1cc1a0c09495000000,0xdf3f354740c759fea520d257d01096f53a5715c1ffe3a39723ade599e15e0498,0,94209061,530.4611974538487,1741098923201262,Balanced Dollar,0.020690875,bnUSD,0,1,2025-03-04
cx65c9e3d4fea842e00add0d32a5b4c5e4e04c7a6b,cx21e94c08c03daee80c25d8ee3ea22a20786ec231,hx2debd9ec927cca1639da8d3518dd9dbf1cdfb357,0xb2cff4d0,0xce5bb704ba34108e8f0a762420abb689bf86885d13a3cfeef0814be6c399d25d,5,94209060,2.999973072,1741098921129180,Solana,0.0780118625,SOL,0,1,2025-03-04
cx88fd7df7ddff82f7cc735c871dc519838cb235bb,cxa0af3165c08318e988cb30993b3048335b94af6c,cx5faae53c4dbd1fbe4a2eb4aab6565030f10da5c6,0x88fed42d14b9f6c,0xce5bb704ba34108e8f0a762420abb689bf86885d13a3cfeef0814be6c399d25d,3,94209060,0.6169725452080659,1741098921129180,Balanced Dollar,0.0780118625,bnUSD,0,1,2025-03-04
cx65c9e3d4fea842e00add0d32a5b4c5e4e04c7a6b,cxa0af3165c08318e988cb30993b3048335b94af6c,cx21e94c08c03daee80c25d8ee3ea22a20786ec231,0xb2cff4d0,0xce5bb704ba34108e8f0a762420abb689bf86885d13a3cfeef0814be6c399d25d,2,94209060,2.999973072,1741098921129180,Solana,0.0780118625,SOL,0,1,2025-03-04
cx88fd7df7ddff82f7cc735c871dc519838cb235bb,cx21e94c08c03daee80c25d8ee3ea22a20786ec231,cxa0af3165c08318e988cb30993b3048335b94af6c,0x164c2488abb4ef2940,0xce5bb704ba34108e8f0a762420abb689bf86885d13a3cfeef0814be6c399d25d,1,94209060,411.3150301387106,1741098921129180,Balanced Dollar,0.0780118625,bnUSD,0,1,2025-03-04
cx88fd7df7ddff82f7cc735c871dc519838cb235bb,hx2debd9ec927cca1639da8d3518dd9dbf1cdfb357,cx21e94c08c03daee80c25d8ee3ea22a20786ec231,0x164c2488abb4ef2940,0xce5bb704ba34108e8f0a762420abb689bf86885d13a3cfeef0814be6c399d25d,0,94209060,411.3150301387106,1741098921129180,Balanced Dollar,0.0780118625,bnUSD,0,1,2025-03-04
cx88fd7df7ddff82f7cc735c871dc519838cb235bb,cxa0af3165c08318e988cb30993b3048335b94af6c,cx5faae53c4dbd1fbe4a2eb4aab6565030f10da5c6,0xb075ee5519f9851,0x201a61bbdacaea74c63ffefd549fdcbbe4bd84c6bfc3f48225d2d74ce2da1bb8,2,94209058,0.7947081982641173,1741098917211406,Balanced Dollar,0.070556025,bnUSD,0,2,2025-03-04
cx2609b924e33ef00b648a409245c7ea394c467824,cxa0af3165c08318e988cb30993b3048335b94af6c,hxc1718c79947e0f673296218b5b23adbd9a3b38a8,0xccab2361b72d5df36b,0x201a61bbdacaea74c63ffefd549fdcbbe4bd84c6bfc3f48225d2d74ce2da1bb8,1,94209058,3775.467598680787,1741098917211406,Staked ICX,0.070556025,sICX,0,2,2025-03-04
cx88fd7df7ddff82f7cc735c871dc519838cb235bb,hxc1718c79947e0f673296218b5b23adbd9a3b38a8,cxa0af3165c08318e988cb30993b3048335b94af6c,0x1cb8871fd9e4f20000,0x201a61bbdacaea74c63ffefd549fdcbbe4bd84c6bfc3f48225d2d74ce2da1bb8,0,94209058,529.8054655094115,1741098917211406,Balanced Dollar,0.070556025,bnUSD,0,2,2025-03-04
cx88fd7df7ddff82f7cc735c871dc519838cb235bb,cxd82fb5d3effecd8c9071a4bba3856ad7222c4b91,hxc1718c79947e0f673296218b5b23adbd9a3b38a8,0x1cb8871fd9e4f20000,0xe73cdad2fc1f202dd7a2d36b0fff2f1297bcd54ee9b31629d4500ab2e5299f54,0,94209058,529.8054655094115,1741098917211406,Balanced Dollar,0.020690875,bnUSD,0,1,2025-03-04
cx4297f4b63262507623b6ad575d0d8dd2db980e4e,cx21e94c08c03daee80c25d8ee3ea22a20786ec231,hx2debd9ec927cca1639da8d3518dd9dbf1cdfb357,0x1a05473ec205f3c3d,0x10d0712ea7568fe2102b3ddb3e55829b367f3d5ecfdde24a171bae72be69dcf4,5,94209056,29.999730475814303,1741098913132238,Injective,0.088389925,INJ,0,1,2025-03-04
cx88fd7df7ddff82f7cc735c871dc519838cb235bb,cxa0af3165c08318e988cb30993b3048335b94af6c,cx5faae53c4dbd1fbe4a2eb4aab6565030f10da5c6,0x6b91cfbbc39e321,0x10d0712ea7568fe2102b3ddb3e55829b367f3d5ecfdde24a171bae72be69dcf4,3,94209056,0.4844503024393183,1741098913132238,Balanced Dollar,0.088389925,bnUSD,0,1,2025-03-04
cx4297f4b63262507623b6ad575d0d8dd2db980e4e,cxa0af3165c08318e988cb30993b3048335b94af6c,cx21e94c08c03daee80c25d8ee3ea22a20786ec231,0x1a05473ec205f3c3d,0x10d0712ea7568fe2102b3ddb3e55829b367f3d5ecfdde24a171bae72be69dcf4,2,94209056,29.999730475814303,1741098913132238,Injective,0.088389925,INJ,0,1,2025-03-04
cx88fd7df7ddff82f7cc735c871dc519838cb235bb,cx21e94c08c03daee80c25d8ee3ea22a20786ec231,cxa0af3165c08318e988cb30993b3048335b94af6c,0x118210cf8f816a25f0,0x10d0712ea7568fe2102b3ddb3e55829b367f3d5ecfdde24a171bae72be69dcf4,1,94209056,322.96686829287887,1741098913132238,Balanced Dollar,0.088389925,bnUSD,0,1,2025-03-04
cx88fd7df7ddff82f7cc735c871dc519838cb235bb,hx2debd9ec927cca1639da8d3518dd9dbf1cdfb357,cx21e94c08c03daee80c25d8ee3ea22a20786ec231,0x118210cf8f816a25f0,0x10d0712ea7568fe2102b3ddb3e55829b367f3d5ecfdde24a171bae72be69dcf4,0,94209056,322.96686829287887,1741098913132238,Balanced Dollar,0.088389925,bnUSD,0,1,2025-03-04
cx88fd7df7ddff82f7cc735c871dc519838cb235bb,cxa0af3165c08318e988cb30993b3048335b94af6c,cx5faae53c4dbd1fbe4a2eb4aab6565030f10da5c6,0xb03e1f9c49eafbe,0xce71d3c50b1656c3ecd2d5ac7afcec1ab3a3329c484fa83215fde1a111b7b901,2,94209054,0.7937264222091795,1741098909154903,Balanced Dollar,0.070556025,bnUSD,0,2,2025-03-04
cx2609b924e33ef00b648a409245c7ea394c467824,cxa0af3165c08318e988cb30993b3048335b94af6c,hxc1718c79947e0f673296218b5b23adbd9a3b38a8,0xccab287f836d76c47e,0xce71d3c50b1656c3ecd2d5ac7afcec1ab3a3329c484fa83215fde1a111b7b901,1,94209054,3775.4690388187564,1741098909154903,Staked ICX,0.070556025,sICX,0,2,2025-03-04
cx88fd7df7ddff82f7cc735c871dc519838cb235bb,hxc1718c79947e0f673296218b5b23adbd9a3b38a8,cxa0af3165c08318e988cb30993b3048335b94af6c,0x1caf71cfc55d3f0000,0xce71d3c50b1656c3ecd2d5ac7afcec1ab3a3329c484fa83215fde1a111b7b901,0,94209054,529.150948139453,1741098909154903,Balanced Dollar,0.070556025,bnUSD,0,2,2025-03-04
cx88fd7df7ddff82f7cc735c871dc519838cb235bb,cxd82fb5d3effecd8c9071a4bba3856ad7222c4b91,hxc1718c79947e0f673296218b5b23adbd9a3b38a8,0x1caf71cfc55d3f0000,0x7fdd3fa6d9656bdd256d5698fdb54754b6cb145c41a74b7b8b2b94ef763f346b,0,94209054,529.150948139453,1741098909154903,Balanced Dollar,0.020690875,bnUSD,0,1,2025-03-04
cx66a031cc3bd305c76371fb586e93801b948254f0,cx21e94c08c03daee80c25d8ee3ea22a20786ec231,hx2debd9ec927cca1639da8d3518dd9dbf1cdfb357,0x1158da297dba272e2,0xa729efa641d457e47070aa17d8bd77c3e30e29a14532567a2c0cf849baffa694,5,94209052,19.99982029333086,1741098905140817,Avalanche,0.0883001875,AVAX,0,1,2025-03-04
cx88fd7df7ddff82f7cc735c871dc519838cb235bb,cxa0af3165c08318e988cb30993b3048335b94af6c,cx5faae53c4dbd1fbe4a2eb4aab6565030f10da5c6,0x83faf863bf2167a,0xa729efa641d457e47070aa17d8bd77c3e30e29a14532567a2c0cf849baffa694,3,94209052,0.5943866669023945,1741098905140817,Balanced Dollar,0.0883001875,bnUSD,0,1,2025-03-04
cx66a031cc3bd305c76371fb586e93801b948254f0,cxa0af3165c08318e988cb30993b3048335b94af6c,cx21e94c08c03daee80c25d8ee3ea22a20786ec231,0x1158da297dba272e2,0xa729efa641d457e47070aa17d8bd77c3e30e29a14532567a2c0cf849baffa694,2,94209052,19.99982029333086,1741098905140817,Avalanche,0.0883001875,AVAX,0,1,2025-03-04
cx88fd7df7ddff82f7cc735c871dc519838cb235bb,cx21e94c08c03daee80c25d8ee3ea22a20786ec231,cxa0af3165c08318e988cb30993b3048335b94af6c,0x157b2e6d91711a8860,0xa729efa641d457e47070aa17d8bd77c3e30e29a14532567a2c0cf849baffa694,1,94209052,396.25777793492966,1741098905140817,Balanced Dollar,0.0883001875,bnUSD,0,1,2025-03-04
cx88fd7df7ddff82f7cc735c871dc519838cb235bb,hx2debd9ec927cca1639da8d3518dd9dbf1cdfb357,cx21e94c08c03daee80c25d8ee3ea22a20786ec231,0x157b2e6d91711a8860,0xa729efa641d457e47070aa17d8bd77c3e30e29a14532567a2c0cf849baffa694,0,94209052,396.25777793492966,1741098905140817,Balanced Dollar,0.0883001875,bnUSD,0,1,2025-03-04
cx88fd7df7ddff82f7cc735c871dc519838cb235bb,cxa0af3165c08318e988cb30993b3048335b94af6c,hx4dc7903504bb800a462378348a42f53742759e0b,0x133ab9cb6593d55,0x2a4065da5d6bfcd0586bd61510ead68805533f5ae9eecaab88171ddfc5795d03,3,94209048,0.08660150741272098,1741098897113289,Balanced Dollar,0.0347563375,bnUSD,0,4,2025-03-04
cx288d13e1b63563459a2ac6179f237711f6851cb5,hx4dc7903504bb800a462378348a42f53742759e0b,cxa0af3165c08318e988cb30993b3048335b94af6c,0x3144789825d08e,0xe3a2da9c4379dea67d2805eec125051598e0833dbc56253d5c8651a2043d755a,0,94209048,0.013867558598201485,1741098897113289,Ethereum,0.0216352,ETH,0,3,2025-03-04
cx88fd7df7ddff82f7cc735c871dc519838cb235bb,hx4dc7903504bb800a462378348a42f53742759e0b,cxa0af3165c08318e988cb30993b3048335b94af6c,0x1904c8dbc6216c000,0xf99ca2d1ea594354751e1e5128686d9d3f0c46a56fee991206ff8502c3e83f7c,0,94209048,28.84458555364021,1741098897113289,Balanced Dollar,0.02221895,bnUSD,0,2,2025-03-04
cx07b184a37f03c6ab681fcbd0b45aec6dc3eafbeb,cx21e94c08c03daee80c25d8ee3ea22a20786ec231,hx970eda4988e547df0de8324226fdf3e8ebc9734f,0xc36034b7fdb000,0x21e545a3bdf9d31637eb6a30c35cae23b103ad2958ade6c3d804daa9b6e3c9bc,3,94209048,0.0549934,1741098897113289,Bitcoin,0.0409389125,BTC,0,1,2025-03-04
cx07b184a37f03c6ab681fcbd0b45aec6dc3eafbeb,hx0000000000000000000000000000000000000000,cx21e94c08c03daee80c25d8ee3ea22a20786ec231,0xc36034b7fdb000,0x21e545a3bdf9d31637eb6a30c35cae23b103ad2958ade6c3d804daa9b6e3c9bc,1,94209048,0.0549934,1741098897113289,Bitcoin,0.0409389125,BTC,0,1,2025-03-04
cx288d13e1b63563459a2ac6179f237711f6851cb5,cx21e94c08c03daee80c25d8ee3ea22a20786ec231,hx4dc7903504bb800a462378348a42f53742759e0b,0x314ac7784297da,0x4c72be08f8059f7085b4ef7ee3b37902d614ec7abe063d7e3dec5a062d54bcd0,12,94209046,0.013874494435399643,1741098893148954,Ethereum,0.2290358875,ETH,0,2,2025-03-04
cx88fd7df7ddff82f7cc735c871dc519838cb235bb,cxa0af3165c08318e988cb30993b3048335b94af6c,cx5faae53c4dbd1fbe4a2eb4aab6565030f10da5c6,0x99c803de8bdc10,0x4c72be08f8059f7085b4ef7ee3b37902d614ec7abe063d7e3dec5a062d54bcd0,10,94209046,0.043285590380895245,1741098893148954,Balanced Dollar,0.2290358875,bnUSD,0,2,2025-03-04
cx288d13e1b63563459a2ac6179f237711f6851cb5,cxa0af3165c08318e988cb30993b3048335b94af6c,cx21e94c08c03daee80c25d8ee3ea22a20786ec231,0x314ac7784297da,0x4c72be08f8059f7085b4ef7ee3b37902d614ec7abe063d7e3dec5a062d54bcd0,9,94209046,0.013874494435399643,1741098893148954,Ethereum,0.2290358875,ETH,0,2,2025-03-04
cx88fd7df7ddff82f7cc735c871dc519838cb235bb,cx21e94c08c03daee80c25d8ee3ea22a20786ec231,cxa0af3165c08318e988cb30993b3048335b94af6c,0x19078df68e18d16c3,0x4c72be08f8059f7085b4ef7ee3b37902d614ec7abe063d7e3dec5a062d54bcd0,8,94209046,28.857060253930165,1741098893148954,Balanced Dollar,0.2290358875,bnUSD,0,2,2025-03-04
cx88fd7df7ddff82f7cc735c871dc519838cb235bb,cxa0af3165c08318e988cb30993b3048335b94af6c,cx5faae53c4dbd1fbe4a2eb4aab6565030f10da5c6,0x9a3d22ddda8a8e,0x4c72be08f8059f7085b4ef7ee3b37902d614ec7abe063d7e3dec5a062d54bcd0,6,94209046,0.043414366373710475,1741098893148954,Balanced Dollar,0.2290358875,bnUSD,0,2,2025-03-04
cx88fd7df7ddff82f7cc735c871dc519838cb235bb,cxa0af3165c08318e988cb30993b3048335b94af6c,cx21e94c08c03daee80c25d8ee3ea22a20786ec231,0x19078df68e18d16c3,0x4c72be08f8059f7085b4ef7ee3b37902d614ec7abe063d7e3dec5a062d54bcd0,5,94209046,28.857060253930165,1741098893148954,Balanced Dollar,0.2290358875,bnUSD,0,2,2025-03-04
cx2609b924e33ef00b648a409245c7ea394c467824,cx21e94c08c03daee80c25d8ee3ea22a20786ec231,cxa0af3165c08318e988cb30993b3048335b94af6c,0xb3c405675661f37d3,0x4c72be08f8059f7085b4ef7ee3b37902d614ec7abe063d7e3dec5a062d54bcd0,4,94209046,207.2557499138147,1741098893148954,Staked ICX,0.2290358875,sICX,0,2,2025-03-04
cx2609b924e33ef00b648a409245c7ea394c467824,hx0000000000000000000000000000000000000000,cx21e94c08c03daee80c25d8ee3ea22a20786ec231,0xb3c405675661f37d3,0x4c72be08f8059f7085b4ef7ee3b37902d614ec7abe063d7e3dec5a062d54bcd0,2,94209046,207.2557499138147,1741098893148954,Staked ICX,0.2290358875,sICX,0,2,2025-03-04
cx88fd7df7ddff82f7cc735c871dc519838cb235bb,cx21e94c08c03daee80c25d8ee3ea22a20786ec231,hx4dc7903504bb800a462378348a42f53742759e0b,0x1907fd14be60cec4b,0x1e9f34b5cdc52c999c53484e3199ff87d7f1d606eaa05dc457a1f8328f22c4c6,8,94209046,28.85901506112579,1741098893148954,Balanced Dollar,0.1713494,bnUSD,0,1,2025-03-04
cx88fd7df7ddff82f7cc735c871dc519838cb235bb,cxa0af3165c08318e988cb30993b3048335b94af6c,cx5faae53c4dbd1fbe4a2eb4aab6565030f10da5c6,0x9a3fcf98383a5e,0x1e9f34b5cdc52c999c53484e3199ff87d7f1d606eaa05dc457a1f8328f22c4c6,6,94209046,0.04341730725804297,1741098893148954,Balanced Dollar,0.1713494,bnUSD,0,1,2025-03-04
cx88fd7df7ddff82f7cc735c871dc519838cb235bb,cxa0af3165c08318e988cb30993b3048335b94af6c,cx21e94c08c03daee80c25d8ee3ea22a20786ec231,0x1907fd14be60cec4b,0x1e9f34b5cdc52c999c53484e3199ff87d7f1d606eaa05dc457a1f8328f22c4c6,5,94209046,28.85901506112579,1741098893148954,Balanced Dollar,0.1713494,bnUSD,0,1,2025-03-04
cx2609b924e33ef00b648a409245c7ea394c467824,cx21e94c08c03daee80c25d8ee3ea22a20786ec231,cxa0af3165c08318e988cb30993b3048335b94af6c,0xb3c405675661f37d3,0x1e9f34b5cdc52c999c53484e3199ff87d7f1d606eaa05dc457a1f8328f22c4c6,4,94209046,207.2557499138147,1741098893148954,Staked ICX,0.1713494,sICX,0,1,2025-03-04
cx2609b924e33ef00b648a409245c7ea394c467824,hx0000000000000000000000000000000000000000,cx21e94c08c03daee80c25d8ee3ea22a20786ec231,0xb3c405675661f37d3,0x1e9f34b5cdc52c999c53484e3199ff87d7f1d606eaa05dc457a1f8328f22c4c6,2,94209046,207.2557499138147,1741098893148954,Staked ICX,0.1713494,sICX,0,1,2025-03-04
cx65c9e3d4fea842e00add0d32a5b4c5e4e04c7a6b,cx21e94c08c03daee80c25d8ee3ea22a20786ec231,hx2debd9ec927cca1639da8d3518dd9dbf1cdfb357,0xb2cff4d0,0xc4b268fd10caf2cab2681fb7a4b3aa33cced916723031164f3c6d0af9d501f66,5,94209030,2.999973072,1741098861144944,Solana,0.07801055,SOL,0,1,2025-03-04
cx88fd7df7ddff82f7cc735c871dc519838cb235bb,cxa0af3165c08318e988cb30993b3048335b94af6c,cx5faae53c4dbd1fbe4a2eb4aab6565030f10da5c6,0x884494d0034bf07,0xc4b268fd10caf2cab2681fb7a4b3aa33cced916723031164f3c6d0af9d501f66,3,94209030,0.6136960442939963,1741098861144944,Balanced Dollar,0.07801055,bnUSD,0,1,2025-03-04
cx65c9e3d4fea842e00add0d32a5b4c5e4e04c7a6b,cxa0af3165c08318e988cb30993b3048335b94af6c,cx21e94c08c03daee80c25d8ee3ea22a20786ec231,0xb2cff4d0,0xc4b268fd10caf2cab2681fb7a4b3aa33cced916723031164f3c6d0af9d501f66,2,94209030,2.999973072,1741098861144944,Solana,0.07801055,SOL,0,1,2025-03-04
cx88fd7df7ddff82f7cc735c871dc519838cb235bb,cx21e94c08c03daee80c25d8ee3ea22a20786ec231,cxa0af3165c08318e988cb30993b3048335b94af6c,0x162dd43885deb17790,0xc4b268fd10caf2cab2681fb7a4b3aa33cced916723031164f3c6d0af9d501f66,1,94209030,409.13069619599753,1741098861144944,Balanced Dollar,0.07801055,bnUSD,0,1,2025-03-04
cx88fd7df7ddff82f7cc735c871dc519838cb235bb,hx2debd9ec927cca1639da8d3518dd9dbf1cdfb357,cx21e94c08c03daee80c25d8ee3ea22a20786ec231,0x162dd43885deb17790,0xc4b268fd10caf2cab2681fb7a4b3aa33cced916723031164f3c6d0af9d501f66,0,94209030,409.13069619599753,1741098861144944,Balanced Dollar,0.07801055,bnUSD,0,1,2025-03-04
cx65c9e3d4fea842e00add0d32a5b4c5e4e04c7a6b,cx21e94c08c03daee80c25d8ee3ea22a20786ec231,hx2debd9ec927cca1639da8d3518dd9dbf1cdfb357,0xb2cff4d0,0x24ae355c87c34cd097c863c2df9afc41eb591b87c5ec5cbe5d89c6bc323cbadf,5,94209026,2.999973072,1741098853110549,Solana,0.0780132375,SOL,0,1,2025-03-04
cx88fd7df7ddff82f7cc735c871dc519838cb235bb,cxa0af3165c08318e988cb30993b3048335b94af6c,cx5faae53c4dbd1fbe4a2eb4aab6565030f10da5c6,0x878bd028a731f66,0x24ae355c87c34cd097c863c2df9afc41eb591b87c5ec5cbe5d89c6bc323cbadf,3,94209026,0.6104455681190869,1741098853110549,Balanced Dollar,0.0780132375,bnUSD,0,1,2025-03-04
cx65c9e3d4fea842e00add0d32a5b4c5e4e04c7a6b,cxa0af3165c08318e988cb30993b3048335b94af6c,cx21e94c08c03daee80c25d8ee3ea22a20786ec231,0xb2cff4d0,0x24ae355c87c34cd097c863c2df9afc41eb591b87c5ec5cbe5d89c6bc323cbadf,2,94209026,2.999973072,1741098853110549,Solana,0.0780132375,SOL,0,1,2025-03-04
cx88fd7df7ddff82f7cc735c871dc519838cb235bb,cx21e94c08c03daee80c25d8ee3ea22a20786ec231,cxa0af3165c08318e988cb30993b3048335b94af6c,0x160fc18bf3367719a0,0x24ae355c87c34cd097c863c2df9afc41eb591b87c5ec5cbe5d89c6bc323cbadf,1,94209026,406.9637120793913,1741098853110549,Balanced Dollar,0.0780132375,bnUSD,0,1,2025-03-04
cx88fd7df7ddff82f7cc735c871dc519838cb235bb,hx2debd9ec927cca1639da8d3518dd9dbf1cdfb357,cx21e94c08c03daee80c25d8ee3ea22a20786ec231,0x160fc18bf3367719a0,0x24ae355c87c34cd097c863c2df9afc41eb591b87c5ec5cbe5d89c6bc323cbadf,0,94209026,406.9637120793913,1741098853110549,Balanced Dollar,0.0780132375,bnUSD,0,1,2025-03-04
cx6139a27c15f1653471ffba0b4b88dc15de7e3267,hx0000000000000000000000000000000000000000,hxf9abb02725118d18046e66054d856d74968d92be,0x14d1120d7b1600000,0x63fefbf8301f14a5514e78d4d28ff944ac24e90dbab31d3ade94fa821d7d6e54,0,94209020,24.0,1741098841195804,GangstaBet Token,0.0126616,GBET,0,1,2025-03-04
cx88fd7df7ddff82f7cc735c871dc519838cb235bb,cxa0af3165c08318e988cb30993b3048335b94af6c,cx5faae53c4dbd1fbe4a2eb4aab6565030f10da5c6,0x14b7e40479132f9,0x886b0d06560a511ee9f13d97f7f313e08dedf156f73c14c58e4f22afa0a707b8,2,94209007,0.09330703183493196,1741098815215676,Balanced Dollar,0.056975275,bnUSD,0,1,2025-03-04
cx88fd7df7ddff82f7cc735c871dc519838cb235bb,cxa0af3165c08318e988cb30993b3048335b94af6c,hxd75467e3e4ce64e3424c747dfb71503017440433,0x35ccb843f1934f411,0x886b0d06560a511ee9f13d97f7f313e08dedf156f73c14c58e4f22afa0a707b8,1,94209007,62.026815699431,1741098815215676,Balanced Dollar,0.056975275,bnUSD,0,1,2025-03-04
cx288d13e1b63563459a2ac6179f237711f6851cb5,hxd75467e3e4ce64e3424c747dfb71503017440433,cxa0af3165c08318e988cb30993b3048335b94af6c,0x6a94d74f430000,0x886b0d06560a511ee9f13d97f7f313e08dedf156f73c14c58e4f22afa0a707b8,0,94209007,0.03,1741098815215676,Ethereum,0.056975275,ETH,0,1,2025-03-04
cx6139a27c15f1653471ffba0b4b88dc15de7e3267,hx0000000000000000000000000000000000000000,hxf9abb02725118d18046e66054d856d74968d92be,0xf9ccd8a1c5080000,0xd99e9c66cec6f392be48f7d74447739fc7e843cc8b21a089b2f3dadc82dd0cb2,2,94209000,18.0,1741098801319874,GangstaBet Token,0.020118075,GBET,0,1,2025-03-04
cx6139a27c15f1653471ffba0b4b88dc15de7e3267,hx0000000000000000000000000000000000000000,hxf9abb02725118d18046e66054d856d74968d92be,0x14d1120d7b1600000,0xd99e9c66cec6f392be48f7d74447739fc7e843cc8b21a089b2f3dadc82dd0cb2,0,94209000,24.0,1741098801319874,GangstaBet Token,0.020118075,GBET,0,1,2025-03-04
cx88fd7df7ddff82f7cc735c871dc519838cb235bb,cxa0af3165c08318e988cb30993b3048335b94af6c,cx5faae53c4dbd1fbe4a2eb4aab6565030f10da5c6,0x14b96289e82f6f4,0x038816ce65a0bccc2248db700f05df50e39b4d42868b3de048076d9f63b914ff,2,94208998,0.0933333184934684,1741098797089079,Balanced Dollar,0.056975275,bnUSD,0,1,2025-03-04
cx88fd7df7ddff82f7cc735c871dc519838cb235bb,cxa0af3165c08318e988cb30993b3048335b94af6c,hxd75467e3e4ce64e3424c747dfb71503017440433,0x35d099a2d44d7800a,0x038816ce65a0bccc2248db700f05df50e39b4d42868b3de048076d9f63b914ff,1,94208998,62.04429126066553,1741098797089079,Balanced Dollar,0.056975275,bnUSD,0,1,2025-03-04
cx288d13e1b63563459a2ac6179f237711f6851cb5,hxd75467e3e4ce64e3424c747dfb71503017440433,cxa0af3165c08318e988cb30993b3048335b94af6c,0x6a94d74f430000,0x038816ce65a0bccc2248db700f05df50e39b4d42868b3de048076d9f63b914ff,0,94208998,0.03,1741098797089079,Ethereum,0.056975275,ETH,0,1,2025-03-04
cx88fd7df7ddff82f7cc735c871dc519838cb235bb,cxa0af3165c08318e988cb30993b3048335b94af6c,cx5faae53c4dbd1fbe4a2eb4aab6565030f10da5c6,0xe4646a94fdb4a8,0x4a44a1d5652992cfa671a7ff44fd16860f60926e26cd0d04e35f426259e19d69,2,94208984,0.06428670361899537,1741098769078542,Balanced Dollar,0.0569443375,bnUSD,0,1,2025-03-04
cx88fd7df7ddff82f7cc735c871dc519838cb235bb,cxa0af3165c08318e988cb30993b3048335b94af6c,hxd75467e3e4ce64e3424c747dfb71503017440433,0x25120650d92cda45d,0x4a44a1d5652992cfa671a7ff44fd16860f60926e26cd0d04e35f426259e19d69,1,94208984,42.73927157271794,1741098769078542,Balanced Dollar,0.0569443375,bnUSD,0,1,2025-03-04
cx4297f4b63262507623b6ad575d0d8dd2db980e4e,hxd75467e3e4ce64e3424c747dfb71503017440433,cxa0af3165c08318e988cb30993b3048335b94af6c,0x3782dace9d900000,0x4a44a1d5652992cfa671a7ff44fd16860f60926e26cd0d04e35f426259e19d69,0,94208984,4.0,1741098769078542,Injective,0.0569443375,INJ,0,1,2025-03-04
cx88fd7df7ddff82f7cc735c871dc519838cb235bb,cx21e94c08c03daee80c25d8ee3ea22a20786ec231,hx970eda4988e547df0de8324226fdf3e8ebc9734f,0x16a2ed9a279f966c10,0x6ca0f8e495d1ddc2943f3f0bc990ba139e2b846ba181f14fcd29c9931d30a0e9,5,94208982,417.56857892020673,1741098765196627,Balanced Dollar,0.086027725,bnUSD,0,1,2025-03-04
cx88fd7df7ddff82f7cc735c871dc519838cb235bb,cxa0af3165c08318e988cb30993b3048335b94af6c,cx5faae53c4dbd1fbe4a2eb4aab6565030f10da5c6,0x8b64392271e53d1,0x6ca0f8e495d1ddc2943f3f0bc990ba139e2b846ba181f14fcd29c9931d30a0e9,3,94208982,0.6277634930653481,1741098765196627,Balanced Dollar,0.086027725,bnUSD,0,1,2025-03-04
cx88fd7df7ddff82f7cc735c871dc519838cb235bb,cxa0af3165c08318e988cb30993b3048335b94af6c,cx21e94c08c03daee80c25d8ee3ea22a20786ec231,0x16a2ed9a279f966c10,0x6ca0f8e495d1ddc2943f3f0bc990ba139e2b846ba181f14fcd29c9931d30a0e9,2,94208982,417.56857892020673,1741098765196627,Balanced Dollar,0.086027725,bnUSD,0,1,2025-03-04
cx07b184a37f03c6ab681fcbd0b45aec6dc3eafbeb,cx21e94c08c03daee80c25d8ee3ea22a20786ec231,cxa0af3165c08318e988cb30993b3048335b94af6c,0x11c37937e08000,0x6ca0f8e495d1ddc2943f3f0bc990ba139e2b846ba181f14fcd29c9931d30a0e9,1,94208982,0.005,1741098765196627,Bitcoin,0.086027725,BTC,0,1,2025-03-04
cx07b184a37f03c6ab681fcbd0b45aec6dc3eafbeb,hx970eda4988e547df0de8324226fdf3e8ebc9734f,cx21e94c08c03daee80c25d8ee3ea22a20786ec231,0x11c37937e08000,0x6ca0f8e495d1ddc2943f3f0bc990ba139e2b846ba181f14fcd29c9931d30a0e9,0,94208982,0.005,1741098765196627,Bitcoin,0.086027725,BTC,0,1,2025-03-04
cx88fd7df7ddff82f7cc735c871dc519838cb235bb,cx21e94c08c03daee80c25d8ee3ea22a20786ec231,hx2debd9ec927cca1639da8d3518dd9dbf1cdfb357,0x15edfe3ecb48497b0c,0x7cb4e1ca2af87ead0262c068872511ebfda1fe989a46d5eea7adad9f71d65444,5,94208980,404.53083902178605,1741098761112270,Balanced Dollar,0.0786970875,bnUSD,0,2,2025-03-04
cx88fd7df7ddff82f7cc735c871dc519838cb235bb,cxa0af3165c08318e988cb30993b3048335b94af6c,cx5faae53c4dbd1fbe4a2eb4aab6565030f10da5c6,0x86c89c1ac2d03a5,0x7cb4e1ca2af87ead0262c068872511ebfda1fe989a46d5eea7adad9f71d65444,3,94208980,0.607011514698499,1741098761112270,Balanced Dollar,0.0786970875,bnUSD,0,2,2025-03-04
cx88fd7df7ddff82f7cc735c871dc519838cb235bb,cxa0af3165c08318e988cb30993b3048335b94af6c,cx21e94c08c03daee80c25d8ee3ea22a20786ec231,0x15edfe3ecb48497b0c,0x7cb4e1ca2af87ead0262c068872511ebfda1fe989a46d5eea7adad9f71d65444,2,94208980,404.53083902178605,1741098761112270,Balanced Dollar,0.0786970875,bnUSD,0,2,2025-03-04
cx65c9e3d4fea842e00add0d32a5b4c5e4e04c7a6b,cx21e94c08c03daee80c25d8ee3ea22a20786ec231,cxa0af3165c08318e988cb30993b3048335b94af6c,0xb2d05e00,0x7cb4e1ca2af87ead0262c068872511ebfda1fe989a46d5eea7adad9f71d65444,1,94208980,3.0,1741098761112270,Solana,0.0786970875,SOL,0,2,2025-03-04
cx65c9e3d4fea842e00add0d32a5b4c5e4e04c7a6b,hx2debd9ec927cca1639da8d3518dd9dbf1cdfb357,cx21e94c08c03daee80c25d8ee3ea22a20786ec231,0xb2d05e00,0x7cb4e1ca2af87ead0262c068872511ebfda1fe989a46d5eea7adad9f71d65444,0,94208980,3.0,1741098761112270,Solana,0.0786970875,SOL,0,2,2025-03-04
cx88fd7df7ddff82f7cc735c871dc519838cb235bb,cxa0af3165c08318e988cb30993b3048335b94af6c,cx5faae53c4dbd1fbe4a2eb4aab6565030f10da5c6,0x1a4634e77843014,0x268d1aa82ea0711a3435497b423a04c73d3be7cf4e6533579407dae33c55b143,2,94208980,0.1183286788822262,1741098761112270,Balanced Dollar,0.0569099625,bnUSD,0,1,2025-03-04
cx88fd7df7ddff82f7cc735c871dc519838cb235bb,cxa0af3165c08318e988cb30993b3048335b94af6c,hxd75467e3e4ce64e3424c747dfb71503017440433,0x443d4ef2e322bcce7,0x268d1aa82ea0711a3435497b423a04c73d3be7cf4e6533579407dae33c55b143,1,94208980,78.6747707721313,1741098761112270,Balanced Dollar,0.0569099625,bnUSD,0,1,2025-03-04
cx66a031cc3bd305c76371fb586e93801b948254f0,hxd75467e3e4ce64e3424c747dfb71503017440433,cxa0af3165c08318e988cb30993b3048335b94af6c,0x3782dace9d900000,0x268d1aa82ea0711a3435497b423a04c73d3be7cf4e6533579407dae33c55b143,0,94208980,4.0,1741098761112270,Avalanche,0.0569099625,AVAX,0,1,2025-03-04
cx88fd7df7ddff82f7cc735c871dc519838cb235bb,cxa0af3165c08318e988cb30993b3048335b94af6c,cx5faae53c4dbd1fbe4a2eb4aab6565030f10da5c6,0x14bae138bd24436,0xde6e00b37522232e41b2380455bdc8420706ffe161aa53b5258c5aa495fa7655,2,94208975,0.09335961626465183,1741098751282287,Balanced Dollar,0.056975275,bnUSD,0,1,2025-03-04
cx88fd7df7ddff82f7cc735c871dc519838cb235bb,cxa0af3165c08318e988cb30993b3048335b94af6c,hxd75467e3e4ce64e3424c747dfb71503017440433,0x35d47b6d3a8da25bc,0xde6e00b37522232e41b2380455bdc8420706ffe161aa53b5258c5aa495fa7655,1,94208975,62.06177421018963,1741098751282287,Balanced Dollar,0.056975275,bnUSD,0,1,2025-03-04
cx288d13e1b63563459a2ac6179f237711f6851cb5,hxd75467e3e4ce64e3424c747dfb71503017440433,cxa0af3165c08318e988cb30993b3048335b94af6c,0x6a94d74f430000,0xde6e00b37522232e41b2380455bdc8420706ffe161aa53b5258c5aa495fa7655,0,94208975,0.03,1741098751282287,Ethereum,0.056975275,ETH,0,1,2025-03-04
cx6139a27c15f1653471ffba0b4b88dc15de7e3267,hx0000000000000000000000000000000000000000,hxf9abb02725118d18046e66054d856d74968d92be,0xf9ccd8a1c5080000,0x20af26063ee192e776f965ff4d4f19cb00f4be3208ee4cab93b9ca5d9c1c1d09,18,94208971,18.0,1741098743123431,GangstaBet Token,0.0798108125,GBET,0,1,2025-03-04
cx6139a27c15f1653471ffba0b4b88dc15de7e3267,hx0000000000000000000000000000000000000000,hxf9abb02725118d18046e66054d856d74968d92be,0xf9ccd8a1c5080000,0x20af26063ee192e776f965ff4d4f19cb00f4be3208ee4cab93b9ca5d9c1c1d09,16,94208971,18.0,1741098743123431,GangstaBet Token,0.0798108125,GBET,0,1,2025-03-04
cx6139a27c15f1653471ffba0b4b88dc15de7e3267,hx0000000000000000000000000000000000000000,hxf9abb02725118d18046e66054d856d74968d92be,0xf9ccd8a1c5080000,0x20af26063ee192e776f965ff4d4f19cb00f4be3208ee4cab93b9ca5d9c1c1d09,14,94208971,18.0,1741098743123431,GangstaBet Token,0.0798108125,GBET,0,1,2025-03-04
cx6139a27c15f1653471ffba0b4b88dc15de7e3267,hx0000000000000000000000000000000000000000,hxf9abb02725118d18046e66054d856d74968d92be,0xf9ccd8a1c5080000,0x20af26063ee192e776f965ff4d4f19cb00f4be3208ee4cab93b9ca5d9c1c1d09,12,94208971,18.0,1741098743123431,GangstaBet Token,0.0798108125,GBET,0,1,2025-03-04
cx6139a27c15f1653471ffba0b4b88dc15de7e3267,hx0000000000000000000000000000000000000000,hxf9abb02725118d18046e66054d856d74968d92be,0xf9ccd8a1c5080000,0x20af26063ee192e776f965ff4d4f19cb00f4be3208ee4cab93b9ca5d9c1c1d09,10,94208971,18.0,1741098743123431,GangstaBet Token,0.0798108125,GBET,0,1,2025-03-04
cx6139a27c15f1653471ffba0b4b88dc15de7e3267,hx0000000000000000000000000000000000000000,hxf9abb02725118d18046e66054d856d74968d92be,0xf9ccd8a1c5080000,0x20af26063ee192e776f965ff4d4f19cb00f4be3208ee4cab93b9ca5d9c1c1d09,8,94208971,18.0,1741098743123431,GangstaBet Token,0.0798108125,GBET,0,1,2025-03-04
cx6139a27c15f1653471ffba0b4b88dc15de7e3267,hx0000000000000000000000000000000000000000,hxf9abb02725118d18046e66054d856d74968d92be,0xf9ccd8a1c5080000,0x20af26063ee192e776f965ff4d4f19cb00f4be3208ee4cab93b9ca5d9c1c1d09,6,94208971,18.0,1741098743123431,GangstaBet Token,0.0798108125,GBET,0,1,2025-03-04
cx6139a27c15f1653471ffba0b4b88dc15de7e3267,hx0000000000000000000000000000000000000000,hxf9abb02725118d18046e66054d856d74968d92be,0xf9ccd8a1c5080000,0x20af26063ee192e776f965ff4d4f19cb00f4be3208ee4cab93b9ca5d9c1c1d09,4,94208971,18.0,1741098743123431,GangstaBet Token,0.0798108125,GBET,0,1,2025-03-04
cx6139a27c15f1653471ffba0b4b88dc15de7e3267,hx0000000000000000000000000000000000000000,hxf9abb02725118d18046e66054d856d74968d92be,0xf9ccd8a1c5080000,0x20af26063ee192e776f965ff4d4f19cb00f4be3208ee4cab93b9ca5d9c1c1d09,2,94208971,18.0,1741098743123431,GangstaBet Token,0.0798108125,GBET,0,1,2025-03-04
cx6139a27c15f1653471ffba0b4b88dc15de7e3267,hx0000000000000000000000000000000000000000,hxf9abb02725118d18046e66054d856d74968d92be,0x14d1120d7b1600000,0x20af26063ee192e776f965ff4d4f19cb00f4be3208ee4cab93b9ca5d9c1c1d09,0,94208971,24.0,1741098743123431,GangstaBet Token,0.0798108125,GBET,0,1,2025-03-04
cx88fd7df7ddff82f7cc735c871dc519838cb235bb,cx21e94c08c03daee80c25d8ee3ea22a20786ec231,hx2debd9ec927cca1639da8d3518dd9dbf1cdfb357,0x160bd77e0a8acf0aeb,0xc69af395e9bb82503c7c38921162b848f8e19062fa7f227969440792d78f7bbe,5,94208970,406.68165885976373,1741098741171602,Balanced Dollar,0.0787010875,bnUSD,0,1,2025-03-04
cx88fd7df7ddff82f7cc735c871dc519838cb235bb,cxa0af3165c08318e988cb30993b3048335b94af6c,cx5faae53c4dbd1fbe4a2eb4aab6565030f10da5c6,0x877fd21003075d9,0xc69af395e9bb82503c7c38921162b848f8e19062fa7f227969440792d78f7bbe,3,94208970,0.6102345927109155,1741098741171602,Balanced Dollar,0.0787010875,bnUSD,0,1,2025-03-04
cx88fd7df7ddff82f7cc735c871dc519838cb235bb,cxa0af3165c08318e988cb30993b3048335b94af6c,cx21e94c08c03daee80c25d8ee3ea22a20786ec231,0x160bd77e0a8acf0aeb,0xc69af395e9bb82503c7c38921162b848f8e19062fa7f227969440792d78f7bbe,2,94208970,406.68165885976373,1741098741171602,Balanced Dollar,0.0787010875,bnUSD,0,1,2025-03-04
cx65c9e3d4fea842e00add0d32a5b4c5e4e04c7a6b,cx21e94c08c03daee80c25d8ee3ea22a20786ec231,cxa0af3165c08318e988cb30993b3048335b94af6c,0xb2d05e00,0xc69af395e9bb82503c7c38921162b848f8e19062fa7f227969440792d78f7bbe,1,94208970,3.0,1741098741171602,Solana,0.0787010875,SOL,0,1,2025-03-04
cx65c9e3d4fea842e00add0d32a5b4c5e4e04c7a6b,hx2debd9ec927cca1639da8d3518dd9dbf1cdfb357,cx21e94c08c03daee80c25d8ee3ea22a20786ec231,0xb2d05e00,0xc69af395e9bb82503c7c38921162b848f8e19062fa7f227969440792d78f7bbe,0,94208970,3.0,1741098741171602,Solana,0.0787010875,SOL,0,1,2025-03-04
cx6139a27c15f1653471ffba0b4b88dc15de7e3267,hx0000000000000000000000000000000000000000,hxf9abb02725118d18046e66054d856d74968d92be,0xf9ccd8a1c5080000,0x5a5768de309fbec69673289981fe6efefe845bb3524bd443f39c9b90bb842510,98,94208962,18.0,1741098725183115,GangstaBet Token,0.3783435625,GBET,0,1,2025-03-04
cx6139a27c15f1653471ffba0b4b88dc15de7e3267,hx0000000000000000000000000000000000000000,hxf9abb02725118d18046e66054d856d74968d92be,0xf9ccd8a1c5080000,0x5a5768de309fbec69673289981fe6efefe845bb3524bd443f39c9b90bb842510,96,94208962,18.0,1741098725183115,GangstaBet Token,0.3783435625,GBET,0,1,2025-03-04
cx6139a27c15f1653471ffba0b4b88dc15de7e3267,hx0000000000000000000000000000000000000000,hxf9abb02725118d18046e66054d856d74968d92be,0xf9ccd8a1c5080000,0x5a5768de309fbec69673289981fe6efefe845bb3524bd443f39c9b90bb842510,94,94208962,18.0,1741098725183115,GangstaBet Token,0.3783435625,GBET,0,1,2025-03-04
cx6139a27c15f1653471ffba0b4b88dc15de7e3267,hx0000000000000000000000000000000000000000,hxf9abb02725118d18046e66054d856d74968d92be,0xf9ccd8a1c5080000,0x5a5768de309fbec69673289981fe6efefe845bb3524bd443f39c9b90bb842510,92,94208962,18.0,1741098725183115,GangstaBet Token,0.3783435625,GBET,0,1,2025-03-04
cx6139a27c15f1653471ffba0b4b88dc15de7e3267,hx0000000000000000000000000000000000000000,hxf9abb02725118d18046e66054d856d74968d92be,0xf9ccd8a1c5080000,0x5a5768de309fbec69673289981fe6efefe845bb3524bd443f39c9b90bb842510,90,94208962,18.0,1741098725183115,GangstaBet Token,0.3783435625,GBET,0,1,2025-03-04
cx6139a27c15f1653471ffba0b4b88dc15de7e3267,hx0000000000000000000000000000000000000000,hxf9abb02725118d18046e66054d856d74968d92be,0x14d1120d7b1600000,0x5a5768de309fbec69673289981fe6efefe845bb3524bd443f39c9b90bb842510,88,94208962,24.0,1741098725183115,GangstaBet Token,0.3783435625,GBET,0,1,2025-03-04
cx6139a27c15f1653471ffba0b4b88dc15de7e3267,hx0000000000000000000000000000000000000000,hxf9abb02725118d18046e66054d856d74968d92be,0x14d1120d7b1600000,0x5a5768de309fbec69673289981fe6efefe845bb3524bd443f39c9b90bb842510,86,94208962,24.0,1741098725183115,GangstaBet Token,0.3783435625,GBET,0,1,2025-03-04
cx6139a27c15f1653471ffba0b4b88dc15de7e3267,hx0000000000000000000000000000000000000000,hxf9abb02725118d18046e66054d856d74968d92be,0x14d1120d7b1600000,0x5a5768de309fbec69673289981fe6efefe845bb3524bd443f39c9b90bb842510,84,94208962,24.0,1741098725183115,GangstaBet Token,0.3783435625,GBET,0,1,2025-03-04
cx6139a27c15f1653471ffba0b4b88dc15de7e3267,hx0000000000000000000000000000000000000000,hxf9abb02725118d18046e66054d856d74968d92be,0x14d1120d7b1600000,0x5a5768de309fbec69673289981fe6efefe845bb3524bd443f39c9b90bb842510,82,94208962,24.0,1741098725183115,GangstaBet Token,0.3783435625,GBET,0,1,2025-03-04
cx6139a27c15f1653471ffba0b4b88dc15de7e3267,hx0000000000000000000000000000000000000000,hxf9abb02725118d18046e66054d856d74968d92be,0x14d1120d7b1600000,0x5a5768de309fbec69673289981fe6efefe845bb3524bd443f39c9b90bb842510,80,94208962,24.0,1741098725183115,GangstaBet Token,0.3783435625,GBET,0,1,2025-03-04
cx6139a27c15f1653471ffba0b4b88dc15de7e3267,hx0000000000000000000000000000000000000000,hxf9abb02725118d18046e66054d856d74968d92be,0x14d1120d7b1600000,0x5a5768de309fbec69673289981fe6efefe845bb3524bd443f39c9b90bb842510,78,94208962,24.0,1741098725183115,GangstaBet Token,0.3783435625,GBET,0,1,2025-03-04
cx6139a27c15f1653471ffba0b4b88dc15de7e3267,hx0000000000000000000000000000000000000000,hxf9abb02725118d18046e66054d856d74968d92be,0x14d1120d7b1600000,0x5a5768de309fbec69673289981fe6efefe845bb3524bd443f39c9b90bb842510,76,94208962,24.0,1741098725183115,GangstaBet Token,0.3783435625,GBET,0,1,2025-03-04
cx6139a27c15f1653471ffba0b4b88dc15de7e3267,hx0000000000000000000000000000000000000000,hxf9abb02725118d18046e66054d856d74968d92be,0x14d1120d7b1600000,0x5a5768de309fbec69673289981fe6efefe845bb3524bd443f39c9b90bb842510,74,94208962,24.0,1741098725183115,GangstaBet Token,0.3783435625,GBET,0,1,2025-03-04
cx6139a27c15f1653471ffba0b4b88dc15de7e3267,hx0000000000000000000000000000000000000000,hxf9abb02725118d18046e66054d856d74968d92be,0x14d1120d7b1600000,0x5a5768de309fbec69673289981fe6efefe845bb3524bd443f39c9b90bb842510,72,94208962,24.0,1741098725183115,GangstaBet Token,0.3783435625,GBET,0,1,2025-03-04
cx6139a27c15f1653471ffba0b4b88dc15de7e3267,hx0000000000000000000000000000000000000000,hxf9abb02725118d18046e66054d856d74968d92be,0x14d1120d7b1600000,0x5a5768de309fbec69673289981fe6efefe845bb3524bd443f39c9b90bb842510,70,94208962,24.0,1741098725183115,GangstaBet Token,0.3783435625,GBET,0,1,2025-03-04
cx6139a27c15f1653471ffba0b4b88dc15de7e3267,hx0000000000000000000000000000000000000000,hxf9abb02725118d18046e66054d856d74968d92be,0x14d1120d7b1600000,0x5a5768de309fbec69673289981fe6efefe845bb3524bd443f39c9b90bb842510,68,94208962,24.0,1741098725183115,GangstaBet Token,0.3783435625,GBET,0,1,2025-03-04
cx6139a27c15f1653471ffba0b4b88dc15de7e3267,hx0000000000000000000000000000000000000000,hxf9abb02725118d18046e66054d856d74968d92be,0x14d1120d7b1600000,0x5a5768de309fbec69673289981fe6efefe845bb3524bd443f39c9b90bb842510,66,94208962,24.0,1741098725183115,GangstaBet Token,0.3783435625,GBET,0,1,2025-03-04
cx6139a27c15f1653471ffba0b4b88dc15de7e3267,hx0000000000000000000000000000000000000000,hxf9abb02725118d18046e66054d856d74968d92be,0x14d1120d7b1600000,0x5a5768de309fbec69673289981fe6efefe845bb3524bd443f39c9b90bb842510,64,94208962,24.0,1741098725183115,GangstaBet Token,0.3783435625,GBET,0,1,2025-03-04
cx6139a27c15f1653471ffba0b4b88dc15de7e3267,hx0000000000000000000000000000000000000000,hxf9abb02725118d18046e66054d856d74968d92be,0x14d1120d7b1600000,0x5a5768de309fbec69673289981fe6efefe845bb3524bd443f39c9b90bb842510,62,94208962,24.0,1741098725183115,GangstaBet Token,0.3783435625,GBET,0,1,2025-03-04
cx6139a27c15f1653471ffba0b4b88dc15de7e3267,hx0000000000000000000000000000000000000000,hxf9abb02725118d18046e66054d856d74968d92be,0x14d1120d7b1600000,0x5a5768de309fbec69673289981fe6efefe845bb3524bd443f39c9b90bb842510,60,94208962,24.0,1741098725183115,GangstaBet Token,0.3783435625,GBET,0,1,2025-03-04
cx6139a27c15f1653471ffba0b4b88dc15de7e3267,hx0000000000000000000000000000000000000000,hxf9abb02725118d18046e66054d856d74968d92be,0x14d1120d7b1600000,0x5a5768de309fbec69673289981fe6efefe845bb3524bd443f39c9b90bb842510,58,94208962,24.0,1741098725183115,GangstaBet Token,0.3783435625,GBET,0,1,2025-03-04
cx6139a27c15f1653471ffba0b4b88dc15de7e3267,hx0000000000000000000000000000000000000000,hxf9abb02725118d18046e66054d856d74968d92be,0x14d1120d7b1600000,0x5a5768de309fbec69673289981fe6efefe845bb3524bd443f39c9b90bb842510,56,94208962,24.0,1741098725183115,GangstaBet Token,0.3783435625,GBET,0,1,2025-03-04
cx6139a27c15f1653471ffba0b4b88dc15de7e3267,hx0000000000000000000000000000000000000000,hxf9abb02725118d18046e66054d856d74968d92be,0x14d1120d7b1600000,0x5a5768de309fbec69673289981fe6efefe845bb3524bd443f39c9b90bb842510,54,94208962,24.0,1741098725183115,GangstaBet Token,0.3783435625,GBET,0,1,2025-03-04
cx6139a27c15f1653471ffba0b4b88dc15de7e3267,hx0000000000000000000000000000000000000000,hxf9abb02725118d18046e66054d856d74968d92be,0x14d1120d7b1600000,0x5a5768de309fbec69673289981fe6efefe845bb3524bd443f39c9b90bb842510,52,94208962,24.0,1741098725183115,GangstaBet Token,0.3783435625,GBET,0,1,2025-03-04
cx6139a27c15f1653471ffba0b4b88dc15de7e3267,hx0000000000000000000000000000000000000000,hxf9abb02725118d18046e66054d856d74968d92be,0x14d1120d7b1600000,0x5a5768de309fbec69673289981fe6efefe845bb3524bd443f39c9b90bb842510,50,94208962,24.0,1741098725183115,GangstaBet Token,0.3783435625,GBET,0,1,2025-03-04
cx6139a27c15f1653471ffba0b4b88dc15de7e3267,hx0000000000000000000000000000000000000000,hxf9abb02725118d18046e66054d856d74968d92be,0x14d1120d7b1600000,0x5a5768de309fbec69673289981fe6efefe845bb3524bd443f39c9b90bb842510,48,94208962,24.0,1741098725183115,GangstaBet Token,0.3783435625,GBET,0,1,2025-03-04
cx6139a27c15f1653471ffba0b4b88dc15de7e3267,hx0000000000000000000000000000000000000000,hxf9abb02725118d18046e66054d856d74968d92be,0x14d1120d7b1600000,0x5a5768de309fbec69673289981fe6efefe845bb3524bd443f39c9b90bb842510,46,94208962,24.0,1741098725183115,GangstaBet Token,0.3783435625,GBET,0,1,2025-03-04
cx6139a27c15f1653471ffba0b4b88dc15de7e3267,hx0000000000000000000000000000000000000000,hxf9abb02725118d18046e66054d856d74968d92be,0x14d1120d7b1600000,0x5a5768de309fbec69673289981fe6efefe845bb3524bd443f39c9b90bb842510,44,94208962,24.0,1741098725183115,GangstaBet Token,0.3783435625,GBET,0,1,2025-03-04
cx6139a27c15f1653471ffba0b4b88dc15de7e3267,hx0000000000000000000000000000000000000000,hxf9abb02725118d18046e66054d856d74968d92be,0x14d1120d7b1600000,0x5a5768de309fbec69673289981fe6efefe845bb3524bd443f39c9b90bb842510,42,94208962,24.0,1741098725183115,GangstaBet Token,0.3783435625,GBET,0,1,2025-03-04
cx6139a27c15f1653471ffba0b4b88dc15de7e3267,hx0000000000000000000000000000000000000000,hxf9abb02725118d18046e66054d856d74968d92be,0x14d1120d7b1600000,0x5a5768de309fbec69673289981fe6efefe845bb3524bd443f39c9b90bb842510,40,94208962,24.0,1741098725183115,GangstaBet Token,0.3783435625,GBET,0,1,2025-03-04
cx6139a27c15f1653471ffba0b4b88dc15de7e3267,hx0000000000000000000000000000000000000000,hxf9abb02725118d18046e66054d856d74968d92be,0x14d1120d7b1600000,0x5a5768de309fbec69673289981fe6efefe845bb3524bd443f39c9b90bb842510,38,94208962,24.0,1741098725183115,GangstaBet Token,0.3783435625,GBET,0,1,2025-03-04
cx6139a27c15f1653471ffba0b4b88dc15de7e3267,hx0000000000000000000000000000000000000000,hxf9abb02725118d18046e66054d856d74968d92be,0x14d1120d7b1600000,0x5a5768de309fbec69673289981fe6efefe845bb3524bd443f39c9b90bb842510,36,94208962,24.0,1741098725183115,GangstaBet Token,0.3783435625,GBET,0,1,2025-03-04
cx6139a27c15f1653471ffba0b4b88dc15de7e3267,hx0000000000000000000000000000000000000000,hxf9abb02725118d18046e66054d856d74968d92be,0x14d1120d7b1600000,0x5a5768de309fbec69673289981fe6efefe845bb3524bd443f39c9b90bb842510,34,94208962,24.0,1741098725183115,GangstaBet Token,0.3783435625,GBET,0,1,2025-03-04
cx6139a27c15f1653471ffba0b4b88dc15de7e3267,hx0000000000000000000000000000000000000000,hxf9abb02725118d18046e66054d856d74968d92be,0x14d1120d7b1600000,0x5a5768de309fbec69673289981fe6efefe845bb3524bd443f39c9b90bb842510,32,94208962,24.0,1741098725183115,GangstaBet Token,0.3783435625,GBET,0,1,2025-03-04
cx6139a27c15f1653471ffba0b4b88dc15de7e3267,hx0000000000000000000000000000000000000000,hxf9abb02725118d18046e66054d856d74968d92be,0x14d1120d7b1600000,0x5a5768de309fbec69673289981fe6efefe845bb3524bd443f39c9b90bb842510,30,94208962,24.0,1741098725183115,GangstaBet Token,0.3783435625,GBET,0,1,2025-03-04
cx6139a27c15f1653471ffba0b4b88dc15de7e3267,hx0000000000000000000000000000000000000000,hxf9abb02725118d18046e66054d856d74968d92be,0x14d1120d7b1600000,0x5a5768de309fbec69673289981fe6efefe845bb3524bd443f39c9b90bb842510,28,94208962,24.0,1741098725183115,GangstaBet Token,0.3783435625,GBET,0,1,2025-03-04
cx6139a27c15f1653471ffba0b4b88dc15de7e3267,hx0000000000000000000000000000000000000000,hxf9abb02725118d18046e66054d856d74968d92be,0x14d1120d7b1600000,0x5a5768de309fbec69673289981fe6efefe845bb3524bd443f39c9b90bb842510,26,94208962,24.0,1741098725183115,GangstaBet Token,0.3783435625,GBET,0,1,2025-03-04
cx6139a27c15f1653471ffba0b4b88dc15de7e3267,hx0000000000000000000000000000000000000000,hxf9abb02725118d18046e66054d856d74968d92be,0x14d1120d7b1600000,0x5a5768de309fbec69673289981fe6efefe845bb3524bd443f39c9b90bb842510,24,94208962,24.0,1741098725183115,GangstaBet Token,0.3783435625,GBET,0,1,2025-03-04
cx6139a27c15f1653471ffba0b4b88dc15de7e3267,hx0000000000000000000000000000000000000000,hxf9abb02725118d18046e66054d856d74968d92be,0x14d1120d7b1600000,0x5a5768de309fbec69673289981fe6efefe845bb3524bd443f39c9b90bb842510,22,94208962,24.0,1741098725183115,GangstaBet Token,0.3783435625,GBET,0,1,2025-03-04
cx6139a27c15f1653471ffba0b4b88dc15de7e3267,hx0000000000000000000000000000000000000000,hxf9abb02725118d18046e66054d856d74968d92be,0x14d1120d7b1600000,0x5a5768de309fbec69673289981fe6efefe845bb3524bd443f39c9b90bb842510,20,94208962,24.0,1741098725183115,GangstaBet Token,0.3783435625,GBET,0,1,2025-03-04
cx6139a27c15f1653471ffba0b4b88dc15de7e3267,hx0000000000000000000000000000000000000000,hxf9abb02725118d18046e66054d856d74968d92be,0x14d1120d7b1600000,0x5a5768de309fbec69673289981fe6efefe845bb3524bd443f39c9b90bb842510,18,94208962,24.0,1741098725183115,GangstaBet Token,0.3783435625,GBET,0,1,2025-03-04
cx6139a27c15f1653471ffba0b4b88dc15de7e3267,hx0000000000000000000000000000000000000000,hxf9abb02725118d18046e66054d856d74968d92be,0x14d1120d7b1600000,0x5a5768de309fbec69673289981fe6efefe845bb3524bd443f39c9b90bb842510,16,94208962,24.0,1741098725183115,GangstaBet Token,0.3783435625,GBET,0,1,2025-03-04
cx6139a27c15f1653471ffba0b4b88dc15de7e3267,hx0000000000000000000000000000000000000000,hxf9abb02725118d18046e66054d856d74968d92be,0x14d1120d7b1600000,0x5a5768de309fbec69673289981fe6efefe845bb3524bd443f39c9b90bb842510,14,94208962,24.0,1741098725183115,GangstaBet Token,0.3783435625,GBET,0,1,2025-03-04
cx6139a27c15f1653471ffba0b4b88dc15de7e3267,hx0000000000000000000000000000000000000000,hxf9abb02725118d18046e66054d856d74968d92be,0x14d1120d7b1600000,0x5a5768de309fbec69673289981fe6efefe845bb3524bd443f39c9b90bb842510,12,94208962,24.0,1741098725183115,GangstaBet Token,0.3783435625,GBET,0,1,2025-03-04
cx6139a27c15f1653471ffba0b4b88dc15de7e3267,hx0000000000000000000000000000000000000000,hxf9abb02725118d18046e66054d856d74968d92be,0x14d1120d7b1600000,0x5a5768de309fbec69673289981fe6efefe845bb3524bd443f39c9b90bb842510,10,94208962,24.0,1741098725183115,GangstaBet Token,0.3783435625,GBET,0,1,2025-03-04
cx6139a27c15f1653471ffba0b4b88dc15de7e3267,hx0000000000000000000000000000000000000000,hxf9abb02725118d18046e66054d856d74968d92be,0x14d1120d7b1600000,0x5a5768de309fbec69673289981fe6efefe845bb3524bd443f39c9b90bb842510,8,94208962,24.0,1741098725183115,GangstaBet Token,0.3783435625,GBET,0,1,2025-03-04
cx6139a27c15f1653471ffba0b4b88dc15de7e3267,hx0000000000000000000000000000000000000000,hxf9abb02725118d18046e66054d856d74968d92be,0x14d1120d7b1600000,0x5a5768de309fbec69673289981fe6efefe845bb3524bd443f39c9b90bb842510,6,94208962,24.0,1741098725183115,GangstaBet Token,0.3783435625,GBET,0,1,2025-03-04
cx6139a27c15f1653471ffba0b4b88dc15de7e3267,hx0000000000000000000000000000000000000000,hxf9abb02725118d18046e66054d856d74968d92be,0x14d1120d7b1600000,0x5a5768de309fbec69673289981fe6efefe845bb3524bd443f39c9b90bb842510,4,94208962,24.0,1741098725183115,GangstaBet Token,0.3783435625,GBET,0,1,2025-03-04
cx6139a27c15f1653471ffba0b4b88dc15de7e3267,hx0000000000000000000000000000000000000000,hxf9abb02725118d18046e66054d856d74968d92be,0x14d1120d7b1600000,0x5a5768de309fbec69673289981fe6efefe845bb3524bd443f39c9b90bb842510,2,94208962,24.0,1741098725183115,GangstaBet Token,0.3783435625,GBET,0,1,2025-03-04
cx6139a27c15f1653471ffba0b4b88dc15de7e3267,hx0000000000000000000000000000000000000000,hxf9abb02725118d18046e66054d856d74968d92be,0x14d1120d7b1600000,0x5a5768de309fbec69673289981fe6efefe845bb3524bd443f39c9b90bb842510,0,94208962,24.0,1741098725183115,GangstaBet Token,0.3783435625,GBET,0,1,2025-03-04
cx6139a27c15f1653471ffba0b4b88dc15de7e3267,hxf9abb02725118d18046e66054d856d74968d92be,hx0000000000000000000000000000000000000000,0x14d1120d7b1600000,0x570213ac676d4da6826e7185e8096a5ccd011761f795c5f52c61b841efc8e7ac,0,94208950,24.0,1741098701251925,GangstaBet Token,0.0136312625,GBET,0,1,2025-03-04
cx6139a27c15f1653471ffba0b4b88dc15de7e3267,hxf9abb02725118d18046e66054d856d74968d92be,hx0000000000000000000000000000000000000000,0x68155a43676e00000,0x42c392dd07334097541a1a2050f5c8a9002c1e3a3ada28b0f0dd0ed2f047ed82,0,94208941,120.0,1741098683087354,GangstaBet Token,0.0101080625,GBET,0,1,2025-03-04
cx88fd7df7ddff82f7cc735c871dc519838cb235bb,cxa0af3165c08318e988cb30993b3048335b94af6c,cx5faae53c4dbd1fbe4a2eb4aab6565030f10da5c6,0xb00c855735761eb,0x49dbf16ad24bc428ec9527e9ec0c36ea292ea63a3231403d2071b24208b83e30,2,94208921,0.7928538037500892,1741098643084538,Balanced Dollar,0.0705547125,bnUSD,0,2,2025-03-04
cx2609b924e33ef00b648a409245c7ea394c467824,cxa0af3165c08318e988cb30993b3048335b94af6c,hxc1718c79947e0f673296218b5b23adbd9a3b38a8,0xccab2d0c26198d4d7b,0x49dbf16ad24bc428ec9527e9ec0c36ea292ea63a3231403d2071b24208b83e30,1,94208921,3775.470319348963,1741098643084538,Staked ICX,0.0705547125,sICX,0,2,2025-03-04
cx88fd7df7ddff82f7cc735c871dc519838cb235bb,hxc1718c79947e0f673296218b5b23adbd9a3b38a8,cxa0af3165c08318e988cb30993b3048335b94af6c,0x1ca75f0931b38f0000,0x49dbf16ad24bc428ec9527e9ec0c36ea292ea63a3231403d2071b24208b83e30,0,94208921,528.5692025000594,1741098643084538,Balanced Dollar,0.0705547125,bnUSD,0,2,2025-03-04
cx88fd7df7ddff82f7cc735c871dc519838cb235bb,cxd82fb5d3effecd8c9071a4bba3856ad7222c4b91,hxc1718c79947e0f673296218b5b23adbd9a3b38a8,0x1ca75f0931b38f0000,0x6e666944db7d5d6777065bfd717d390a46759350a312c55911c3867adce8447e,0,94208921,528.5692025000594,1741098643084538,Balanced Dollar,0.020690875,bnUSD,0,1,2025-03-04
cx6139a27c15f1653471ffba0b4b88dc15de7e3267,hxf9abb02725118d18046e66054d856d74968d92be,hx0000000000000000000000000000000000000000,0x14d1120d7b1600000,0x46b6ffb82e4417c8ed5681b33f08df1420919a0d8a835fffe220c47cf01e733b,0,94208887,24.0,1741098575146443,GangstaBet Token,0.013609475,GBET,0,1,2025-03-04
cx6139a27c15f1653471ffba0b4b88dc15de7e3267,hxf9abb02725118d18046e66054d856d74968d92be,hx0000000000000000000000000000000000000000,0x68155a43676e00000,0x613db87d71f1dce36c437a6e8832c217c0343687881963f2c302c3436b40d458,0,94208877,120.0,1741098555029139,GangstaBet Token,0.0100695,GBET,0,1,2025-03-04
cx6139a27c15f1653471ffba0b4b88dc15de7e3267,hxf9abb02725118d18046e66054d856d74968d92be,hx0000000000000000000000000000000000000000,0x14d1120d7b1600000,0x89e9cd818fc23ab79475a5fe1c296cc0b3514381f1efba353e0c880458dd29a8,0,94208841,24.0,1741098483041033,GangstaBet Token,0.0137594875,GBET,0,1,2025-03-04
cx6139a27c15f1653471ffba0b4b88dc15de7e3267,hxf9abb02725118d18046e66054d856d74968d92be,hx0000000000000000000000000000000000000000,0x68155a43676e00000,0x20b17d109822b21a1f7e362c632961415d623f6cab8c6fd973c5472ce9c0be61,0,94208832,120.0,1741098465095947,GangstaBet Token,0.0101256,GBET,0,1,2025-03-04
cx88fd7df7ddff82f7cc735c871dc519838cb235bb,cxa0af3165c08318e988cb30993b3048335b94af6c,cx5faae53c4dbd1fbe4a2eb4aab6565030f10da5c6,0xafd4e88e37e57ce,0xa53d4dd73726e8214fbfa795ec3ef6af90bf54bb59f01ee46eff53467c94c8c3,2,94208804,0.7918754593263022,1741098409006440,Balanced Dollar,0.0705547125,bnUSD,0,2,2025-03-04
cx2609b924e33ef00b648a409245c7ea394c467824,cxa0af3165c08318e988cb30993b3048335b94af6c,hxc1718c79947e0f673296218b5b23adbd9a3b38a8,0xccab3226e58d040f1a,0xa53d4dd73726e8214fbfa795ec3ef6af90bf54bb59f01ee46eff53467c94c8c3,1,94208804,3775.471756133425,1741098409006440,Staked ICX,0.0705547125,sICX,0,2,2025-03-04
cx88fd7df7ddff82f7cc735c871dc519838cb235bb,hxc1718c79947e0f673296218b5b23adbd9a3b38a8,cxa0af3165c08318e988cb30993b3048335b94af6c,0x1c9e51d9d06e5a0000,0xa53d4dd73726e8214fbfa795ec3ef6af90bf54bb59f01ee46eff53467c94c8c3,0,94208804,527.9169728842014,1741098409006440,Balanced Dollar,0.0705547125,bnUSD,0,2,2025-03-04
cx88fd7df7ddff82f7cc735c871dc519838cb235bb,cxd82fb5d3effecd8c9071a4bba3856ad7222c4b91,hxc1718c79947e0f673296218b5b23adbd9a3b38a8,0x1c9e51d9d06e5a0000,0xc636956b78640c6d237d0a45306983f8eb7740cd5d38d3dd4ea0a311c4a99d95,0,94208804,527.9169728842014,1741098409006440,Balanced Dollar,0.020690875,bnUSD,0,1,2025-03-04
cx6139a27c15f1653471ffba0b4b88dc15de7e3267,hxf9abb02725118d18046e66054d856d74968d92be,hx0000000000000000000000000000000000000000,0x14d1120d7b1600000,0x845cf2cc6fc44942b637d4d8ad3f54e5d693c964f392901ea019eff1d8da0499,0,94208787,24.0,1741098375074449,GangstaBet Token,0.0139548,GBET,0,1,2025-03-04
cx88fd7df7ddff82f7cc735c871dc519838cb235bb,hx0000000000000000000000000000000000000000,cx5faae53c4dbd1fbe4a2eb4aab6565030f10da5c6,0x58d15e176280000,0x2bbf171076f7f42bf5f535009cf067deb13915930af8959434b4fef361cb5c0f,3,94208715,0.4,1741098230999958,Balanced Dollar,0.108635725,bnUSD,0,1,2025-03-04
cx88fd7df7ddff82f7cc735c871dc519838cb235bb,cx66d4d90f5f113eba575bf793570135f9b10cece1,hxdf36c569368c483c4fbced3bdb2385f00e360a1b,0xad78ebc5ac6200000,0x2bbf171076f7f42bf5f535009cf067deb13915930af8959434b4fef361cb5c0f,1,94208715,200.0,1741098230999958,Balanced Dollar,0.108635725,bnUSD,0,1,2025-03-04
cx88fd7df7ddff82f7cc735c871dc519838cb235bb,hx0000000000000000000000000000000000000000,cx66d4d90f5f113eba575bf793570135f9b10cece1,0xad78ebc5ac6200000,0x2bbf171076f7f42bf5f535009cf067deb13915930af8959434b4fef361cb5c0f,0,94208715,200.0,1741098230999958,Balanced Dollar,0.108635725,bnUSD,0,1,2025-03-04
cx88fd7df7ddff82f7cc735c871dc519838cb235bb,cxa0af3165c08318e988cb30993b3048335b94af6c,cx5faae53c4dbd1fbe4a2eb4aab6565030f10da5c6,0xaf9d6617ee29df3,0xe79d213de2f51a1ee43bfc8e76f1fff2aeb98d80e06dc73bcaace3f1671d4cc1,2,94208702,0.7908989238091853,1741098204913065,Balanced Dollar,0.0705547125,bnUSD,0,2,2025-03-04
cx2609b924e33ef00b648a409245c7ea394c467824,cxa0af3165c08318e988cb30993b3048335b94af6c,hxc1718c79947e0f673296218b5b23adbd9a3b38a8,0xccab3740090776cf31,0xe79d213de2f51a1ee43bfc8e76f1fff2aeb98d80e06dc73bcaace3f1671d4cc1,1,94208702,3775.4731911484773,1741098204913065,Staked ICX,0.0705547125,sICX,0,2,2025-03-04
cx88fd7df7ddff82f7cc735c871dc519838cb235bb,hxc1718c79947e0f673296218b5b23adbd9a3b38a8,cxa0af3165c08318e988cb30993b3048335b94af6c,0x1c9548f33a6e260000,0xe79d213de2f51a1ee43bfc8e76f1fff2aeb98d80e06dc73bcaace3f1671d4cc1,0,94208702,527.2659492061235,1741098204913065,Balanced Dollar,0.0705547125,bnUSD,0,2,2025-03-04
cx88fd7df7ddff82f7cc735c871dc519838cb235bb,cxd82fb5d3effecd8c9071a4bba3856ad7222c4b91,hxc1718c79947e0f673296218b5b23adbd9a3b38a8,0x1c9548f33a6e260000,0x938436f03aca5be88baf8f601149b79bd10ac403640c9c370998e92878dc37c1,0,94208702,527.2659492061235,1741098204913065,Balanced Dollar,0.020690875,bnUSD,0,1,2025-03-04
cx65c9e3d4fea842e00add0d32a5b4c5e4e04c7a6b,cx21e94c08c03daee80c25d8ee3ea22a20786ec231,hx2debd9ec927cca1639da8d3518dd9dbf1cdfb357,0xb2cff4d0,0x25ec18c2b1152bdea85f44109f4f47d718710212c439a4a440a1f34abbb261a6,5,94208678,2.999973072,1741098156913078,Solana,0.07801055,SOL,0,1,2025-03-04
cx88fd7df7ddff82f7cc735c871dc519838cb235bb,cxa0af3165c08318e988cb30993b3048335b94af6c,cx5faae53c4dbd1fbe4a2eb4aab6565030f10da5c6,0x884407779163cef,0x25ec18c2b1152bdea85f44109f4f47d718710212c439a4a440a1f34abbb261a6,3,94208678,0.6136863311060164,1741098156913078,Balanced Dollar,0.07801055,bnUSD,0,1,2025-03-04
cx65c9e3d4fea842e00add0d32a5b4c5e4e04c7a6b,cxa0af3165c08318e988cb30993b3048335b94af6c,cx21e94c08c03daee80c25d8ee3ea22a20786ec231,0xb2cff4d0,0x25ec18c2b1152bdea85f44109f4f47d718710212c439a4a440a1f34abbb261a6,2,94208678,2.999973072,1741098156913078,Solana,0.07801055,SOL,0,1,2025-03-04
cx88fd7df7ddff82f7cc735c871dc519838cb235bb,cx21e94c08c03daee80c25d8ee3ea22a20786ec231,cxa0af3165c08318e988cb30993b3048335b94af6c,0x162dbd3720a9e95910,0x25ec18c2b1152bdea85f44109f4f47d718710212c439a4a440a1f34abbb261a6,1,94208678,409.12422073734433,1741098156913078,Balanced Dollar,0.07801055,bnUSD,0,1,2025-03-04
cx88fd7df7ddff82f7cc735c871dc519838cb235bb,hx2debd9ec927cca1639da8d3518dd9dbf1cdfb357,cx21e94c08c03daee80c25d8ee3ea22a20786ec231,0x162dbd3720a9e95910,0x25ec18c2b1152bdea85f44109f4f47d718710212c439a4a440a1f34abbb261a6,0,94208678,409.12422073734433,1741098156913078,Balanced Dollar,0.07801055,bnUSD,0,1,2025-03-04
cx2609b924e33ef00b648a409245c7ea394c467824,hxdf36c569368c483c4fbced3bdb2385f00e360a1b,cx66d4d90f5f113eba575bf793570135f9b10cece1,0x1b1ae4d6e2ef500000,0x4102f35c78451635997a530b281cb3009b55c325d51cfb915f00a4157d07c53c,1,94208676,500.0,1741098152890042,Staked ICX,0.09529425,sICX,0,1,2025-03-04
cx2609b924e33ef00b648a409245c7ea394c467824,hx0000000000000000000000000000000000000000,cx66d4d90f5f113eba575bf793570135f9b10cece1,0x9bda3780ed892c4c,0xb64bcfe4c179c17f56c3caf1ce66f08c933ea6694114c4384c6ad7c696712b07,2,94208631,11.230349647682285,1741098062859937,Staked ICX,0.1024287,sICX,0,1,2025-03-04
cx2609b924e33ef00b648a409245c7ea394c467824,hxdf36c569368c483c4fbced3bdb2385f00e360a1b,cx66d4d90f5f113eba575bf793570135f9b10cece1,0xa2a15d09519be00000,0x831ffa4455885bd69a9372df7f0f26b46f73f3eefb91c13fe99dc2bc29a19782,1,94208622,3000.0,1741098045022043,Staked ICX,0.0967583125,sICX,0,1,2025-03-04
cx6139a27c15f1653471ffba0b4b88dc15de7e3267,hxf9abb02725118d18046e66054d856d74968d92be,hx0000000000000000000000000000000000000000,0x14d1120d7b1600000,0x9c61ac3c123e8086c991178ae6c4d90de737936a99abee94b292dc06aeb2e2cc,0,94208617,24.0,1741098035000942,GangstaBet Token,0.013756675,GBET,0,1,2025-03-04
cx6139a27c15f1653471ffba0b4b88dc15de7e3267,hxf9abb02725118d18046e66054d856d74968d92be,hx0000000000000000000000000000000000000000,0x68155a43676e00000,0x8ca0f3acd62535f8ee1c368221d25fbeeced62d70f3e02883f11ed219bb9d21a,0,94208608,120.0,1741098016951264,GangstaBet Token,0.0101277625,GBET,0,1,2025-03-04
cx88fd7df7ddff82f7cc735c871dc519838cb235bb,cxa0af3165c08318e988cb30993b3048335b94af6c,cx5faae53c4dbd1fbe4a2eb4aab6565030f10da5c6,0x14bc6010fdeb540,0x0cd81db6ebc852d846882616d8da2ac87d1b95dfe6f4e519b685dbfd63aa3e7e,2,94208588,0.09338592515474771,1741097976807424,Balanced Dollar,0.056975275,bnUSD,0,2,2025-03-04
cx88fd7df7ddff82f7cc735c871dc519838cb235bb,cxa0af3165c08318e988cb30993b3048335b94af6c,hxd75467e3e4ce64e3424c747dfb71503017440433,0x35d85da333d8bcbd2,0x0cd81db6ebc852d846882616d8da2ac87d1b95dfe6f4e519b685dbfd63aa3e7e,1,94208588,62.07926455216923,1741097976807424,Balanced Dollar,0.056975275,bnUSD,0,2,2025-03-04
cx288d13e1b63563459a2ac6179f237711f6851cb5,hxd75467e3e4ce64e3424c747dfb71503017440433,cxa0af3165c08318e988cb30993b3048335b94af6c,0x6a94d74f430000,0x0cd81db6ebc852d846882616d8da2ac87d1b95dfe6f4e519b685dbfd63aa3e7e,0,94208588,0.03,1741097976807424,Ethereum,0.056975275,ETH,0,2,2025-03-04
cx88fd7df7ddff82f7cc735c871dc519838cb235bb,cxa0af3165c08318e988cb30993b3048335b94af6c,cx5faae53c4dbd1fbe4a2eb4aab6565030f10da5c6,0x14bddf12b07f5d5,0x58c11a10756e94dccd721383e3bfb1eb7c406d68aac35e11badb3b65d43e7250,2,94208582,0.09341224517002594,1741097964974190,Balanced Dollar,0.0569779625,bnUSD,0,1,2025-03-04
cx88fd7df7ddff82f7cc735c871dc519838cb235bb,cxa0af3165c08318e988cb30993b3048335b94af6c,hxd75467e3e4ce64e3424c747dfb71503017440433,0x35dc4044cfb68290e,0x58c11a10756e94dccd721383e3bfb1eb7c406d68aac35e11badb3b65d43e7250,1,94208582,62.09676229077318,1741097964974190,Balanced Dollar,0.0569779625,bnUSD,0,1,2025-03-04
cx288d13e1b63563459a2ac6179f237711f6851cb5,hxd75467e3e4ce64e3424c747dfb71503017440433,cxa0af3165c08318e988cb30993b3048335b94af6c,0x6a94d74f430000,0x58c11a10756e94dccd721383e3bfb1eb7c406d68aac35e11badb3b65d43e7250,0,94208582,0.03,1741097964974190,Ethereum,0.0569779625,ETH,0,1,2025-03-04
cx28b2ec885b50c8a93da752f2d0467a67127a70e8,cx7127ae2887ef7676bf8014e995bd2ed4fd71f05b,cx5a0af85407c69945eb318d4ac18e9e842184163c,0x4e7a9889dcd580000,0x560e3d6238bc92bcf2280d27cc4b052899ef0d3f40d5fc5ba39afdf6f11c1995,7,94208576,90.48,1741097952835313,CROWN,0.0415295375,CROWN,0,1,2025-03-04
cx28b2ec885b50c8a93da752f2d0467a67127a70e8,cx7127ae2887ef7676bf8014e995bd2ed4fd71f05b,hx0000000000000000000000000000000000000000,0xd146ec1a4ce40000,0x560e3d6238bc92bcf2280d27cc4b052899ef0d3f40d5fc5ba39afdf6f11c1995,5,94208576,15.08,1741097952835313,CROWN,0.0415295375,CROWN,0,1,2025-03-04
cx28b2ec885b50c8a93da752f2d0467a67127a70e8,cx7127ae2887ef7676bf8014e995bd2ed4fd71f05b,cxd77007090899311f1afbcae86b49cfe817fc6810,0x1a28dd83499c80000,0x560e3d6238bc92bcf2280d27cc4b052899ef0d3f40d5fc5ba39afdf6f11c1995,4,94208576,30.16,1741097952835313,CROWN,0.0415295375,CROWN,0,1,2025-03-04
cx28b2ec885b50c8a93da752f2d0467a67127a70e8,cx7127ae2887ef7676bf8014e995bd2ed4fd71f05b,hx84f2cd8dd94ed2da42f6a1b959b0baaecf6651c1,0xd146ec1a4ce40000,0x560e3d6238bc92bcf2280d27cc4b052899ef0d3f40d5fc5ba39afdf6f11c1995,2,94208576,15.08,1741097952835313,CROWN,0.0415295375,CROWN,0,1,2025-03-04
cx28b2ec885b50c8a93da752f2d0467a67127a70e8,hxd2ab70a9d09d60aabec1b6c3dadc35e4bf33b6f1,cx7127ae2887ef7676bf8014e995bd2ed4fd71f05b,0x82cc5390700e80000,0x560e3d6238bc92bcf2280d27cc4b052899ef0d3f40d5fc5ba39afdf6f11c1995,0,94208576,150.8,1741097952835313,CROWN,0.0415295375,CROWN,0,1,2025-03-04
cx88fd7df7ddff82f7cc735c871dc519838cb235bb,cx66d4d90f5f113eba575bf793570135f9b10cece1,hx0000000000000000000000000000000000000000,0x30b3a9c0a8c3d5c3,0xa2afeeb9b68359514e03bdde0cddad298764bb5a47f506ba22034f39cf6bd66a,1,94208568,3.50933517958197,1741097936833187,Balanced Dollar,0.07819435,bnUSD,0,2,2025-03-04
cx88fd7df7ddff82f7cc735c871dc519838cb235bb,cxa0af3165c08318e988cb30993b3048335b94af6c,cx5faae53c4dbd1fbe4a2eb4aab6565030f10da5c6,0x14bf5e3ddadc2fd,0x3a587c04574e3df37a1bb7217e5ce4de71daf315070439894c4e1e05f390ce3c,2,94208568,0.09343857631676084,1741097936833187,Balanced Dollar,0.0569739625,bnUSD,0,1,2025-03-04
cx88fd7df7ddff82f7cc735c871dc519838cb235bb,cxa0af3165c08318e988cb30993b3048335b94af6c,hxd75467e3e4ce64e3424c747dfb71503017440433,0x35e023521db17cdf4,0x3a587c04574e3df37a1bb7217e5ce4de71daf315070439894c4e1e05f390ce3c,1,94208568,62.114267430173264,1741097936833187,Balanced Dollar,0.0569739625,bnUSD,0,1,2025-03-04
cx288d13e1b63563459a2ac6179f237711f6851cb5,hxd75467e3e4ce64e3424c747dfb71503017440433,cxa0af3165c08318e988cb30993b3048335b94af6c,0x6a94d74f430000,0x3a587c04574e3df37a1bb7217e5ce4de71daf315070439894c4e1e05f390ce3c,0,94208568,0.03,1741097936833187,Ethereum,0.0569739625,ETH,0,1,2025-03-04
cx6139a27c15f1653471ffba0b4b88dc15de7e3267,hxf9abb02725118d18046e66054d856d74968d92be,hx0000000000000000000000000000000000000000,0x14d1120d7b1600000,0x2875defaeaff88bad6a0bf82ff6754978cba1d113da5a92be33def9883e0ab62,0,94208563,24.0,1741097926789271,GangstaBet Token,0.01359655,GBET,0,1,2025-03-04
cx6139a27c15f1653471ffba0b4b88dc15de7e3267,hxf9abb02725118d18046e66054d856d74968d92be,hx0000000000000000000000000000000000000000,0x68155a43676e00000,0x11c0317517ab23106362a5272f3cb36110791cd05147900b6c4699073694b8e4,0,94208548,120.0,1741097896783899,GangstaBet Token,0.0101551125,GBET,0,1,2025-03-04
cx6139a27c15f1653471ffba0b4b88dc15de7e3267,hxf9abb02725118d18046e66054d856d74968d92be,hx0000000000000000000000000000000000000000,0x14d1120d7b1600000,0xf091df1ea2b3b1d4a6fa30880c2d2a7d3a6e60c3fd9a277477bddb64ccb575ae,0,94208530,24.0,1741097860828042,GangstaBet Token,0.0138386625,GBET,0,1,2025-03-04
cx88fd7df7ddff82f7cc735c871dc519838cb235bb,cxa0af3165c08318e988cb30993b3048335b94af6c,cx5faae53c4dbd1fbe4a2eb4aab6565030f10da5c6,0x14c0dd9282feb05,0x48de9b9027611a4f0a1d607cb1ab641a3ce5ad38df683a3664b66f22c7ef71ae,2,94208523,0.09346491860123111,1741097846776049,Balanced Dollar,0.0569739625,bnUSD,0,1,2025-03-04
cx88fd7df7ddff82f7cc735c871dc519838cb235bb,cxa0af3165c08318e988cb30993b3048335b94af6c,hxd75467e3e4ce64e3424c747dfb71503017440433,0x35e406cb2d5702e8c,0x48de9b9027611a4f0a1d607cb1ab641a3ce5ad38df683a3664b66f22c7ef71ae,1,94208523,62.13177997454424,1741097846776049,Balanced Dollar,0.0569739625,bnUSD,0,1,2025-03-04
cx288d13e1b63563459a2ac6179f237711f6851cb5,hxd75467e3e4ce64e3424c747dfb71503017440433,cxa0af3165c08318e988cb30993b3048335b94af6c,0x6a94d74f430000,0x48de9b9027611a4f0a1d607cb1ab641a3ce5ad38df683a3664b66f22c7ef71ae,0,94208523,0.03,1741097846776049,Ethereum,0.0569739625,ETH,0,1,2025-03-04
cx6139a27c15f1653471ffba0b4b88dc15de7e3267,hxf9abb02725118d18046e66054d856d74968d92be,hx0000000000000000000000000000000000000000,0x68155a43676e00000,0x8923481421eea46078b8715a94d87e609f3dc7aaa26e9455ae00423cdbedfdc0,0,94208518,120.0,1741097836792119,GangstaBet Token,0.0101937375,GBET,0,1,2025-03-04
cx88fd7df7ddff82f7cc735c871dc519838cb235bb,cx21e94c08c03daee80c25d8ee3ea22a20786ec231,hx2debd9ec927cca1639da8d3518dd9dbf1cdfb357,0x11695c38927f248952,0x1b99da5c36b3488333173844f4e65b77ea400966100474ae735a3f57dc9041fb,5,94208517,321.1866545267517,1741097834941947,Balanced Dollar,0.088406925,bnUSD,0,1,2025-03-04
cx88fd7df7ddff82f7cc735c871dc519838cb235bb,cxa0af3165c08318e988cb30993b3048335b94af6c,cx5faae53c4dbd1fbe4a2eb4aab6565030f10da5c6,0x6b1c01f8d72d9d6,0x1b99da5c36b3488333173844f4e65b77ea400966100474ae735a3f57dc9041fb,3,94208517,0.48237787685498723,1741097834941947,Balanced Dollar,0.088406925,bnUSD,0,1,2025-03-04
cx88fd7df7ddff82f7cc735c871dc519838cb235bb,cxa0af3165c08318e988cb30993b3048335b94af6c,cx21e94c08c03daee80c25d8ee3ea22a20786ec231,0x11695c38927f248952,0x1b99da5c36b3488333173844f4e65b77ea400966100474ae735a3f57dc9041fb,2,94208517,321.1866545267517,1741097834941947,Balanced Dollar,0.088406925,bnUSD,0,1,2025-03-04
cx4297f4b63262507623b6ad575d0d8dd2db980e4e,cx21e94c08c03daee80c25d8ee3ea22a20786ec231,cxa0af3165c08318e988cb30993b3048335b94af6c,0x1a055690d9db80000,0x1b99da5c36b3488333173844f4e65b77ea400966100474ae735a3f57dc9041fb,1,94208517,30.0,1741097834941947,Injective,0.088406925,INJ,0,1,2025-03-04
cx4297f4b63262507623b6ad575d0d8dd2db980e4e,hx2debd9ec927cca1639da8d3518dd9dbf1cdfb357,cx21e94c08c03daee80c25d8ee3ea22a20786ec231,0x1a055690d9db80000,0x1b99da5c36b3488333173844f4e65b77ea400966100474ae735a3f57dc9041fb,0,94208517,30.0,1741097834941947,Injective,0.088406925,INJ,0,1,2025-03-04
cx88fd7df7ddff82f7cc735c871dc519838cb235bb,cxa0af3165c08318e988cb30993b3048335b94af6c,cx5faae53c4dbd1fbe4a2eb4aab6565030f10da5c6,0xaf65fde3bf39041,0xf6c017e04331f8131a3840a4cc08e184ec5d6af68c4da671ddbac421ed2f0ae0,2,94208479,0.7899241927432971,1741097758774779,Balanced Dollar,0.070573525,bnUSD,0,2,2025-03-04
cx2609b924e33ef00b648a409245c7ea394c467824,cxa0af3165c08318e988cb30993b3048335b94af6c,hxc1718c79947e0f673296218b5b23adbd9a3b38a8,0xccab3c57914b6de07a,0xf6c017e04331f8131a3840a4cc08e184ec5d6af68c4da671ddbac421ed2f0ae0,1,94208479,3775.474624397384,1741097758774779,Staked ICX,0.070573525,sICX,0,2,2025-03-04
cx88fd7df7ddff82f7cc735c871dc519838cb235bb,hxc1718c79947e0f673296218b5b23adbd9a3b38a8,cxa0af3165c08318e988cb30993b3048335b94af6c,0x1c8c4452bc1f9d0000,0xf6c017e04331f8131a3840a4cc08e184ec5d6af68c4da671ddbac421ed2f0ae0,0,94208479,526.6161284955314,1741097758774779,Balanced Dollar,0.070573525,bnUSD,0,2,2025-03-04
cx88fd7df7ddff82f7cc735c871dc519838cb235bb,cxd82fb5d3effecd8c9071a4bba3856ad7222c4b91,hxc1718c79947e0f673296218b5b23adbd9a3b38a8,0x1c8c4452bc1f9d0000,0xa9ef7fe0efdaf47edacb9bb22533af48fe61d83977f3db623132cf1749f9881e,0,94208479,526.6161284955314,1741097758774779,Balanced Dollar,0.020690875,bnUSD,0,1,2025-03-04
cx65c9e3d4fea842e00add0d32a5b4c5e4e04c7a6b,cx21e94c08c03daee80c25d8ee3ea22a20786ec231,hx2debd9ec927cca1639da8d3518dd9dbf1cdfb357,0xb2cff4d0,0x9d205a6eedf82cc59c0cffcf6fbf6950c3615e3128fea308324e41795012523a,10,94208474,2.999973072,1741097748733246,Solana,0.1201427625,SOL,0,1,2025-03-04
cx88fd7df7ddff82f7cc735c871dc519838cb235bb,cx203d9cd2a669be67177e997b8948ce2c35caffae,cx835b300dcfe01f0bdb794e134a0c5628384f4367,0x66f56042c3a06efa,0x9d205a6eedf82cc59c0cffcf6fbf6950c3615e3128fea308324e41795012523a,7,94208474,7.418941801028939,1741097748733246,Balanced Dollar,0.1201427625,bnUSD,0,1,2025-03-04
cx88fd7df7ddff82f7cc735c871dc519838cb235bb,cx5faae53c4dbd1fbe4a2eb4aab6565030f10da5c6,cx203d9cd2a669be67177e997b8948ce2c35caffae,0x931564f1a9c09e8a,0x9d205a6eedf82cc59c0cffcf6fbf6950c3615e3128fea308324e41795012523a,5,94208474,10.5984882871842,1741097748733246,Balanced Dollar,0.1201427625,bnUSD,0,1,2025-03-04
cx88fd7df7ddff82f7cc735c871dc519838cb235bb,cx5faae53c4dbd1fbe4a2eb4aab6565030f10da5c6,cxdc30a0d3a1f131565c071272a20bc0b06fd4c17b,0x931564f1a9c09e89,0x9d205a6eedf82cc59c0cffcf6fbf6950c3615e3128fea308324e41795012523a,4,94208474,10.5984882871842,1741097748733246,Balanced Dollar,0.1201427625,bnUSD,0,1,2025-03-04
cx88fd7df7ddff82f7cc735c871dc519838cb235bb,cxa0af3165c08318e988cb30993b3048335b94af6c,cx5faae53c4dbd1fbe4a2eb4aab6565030f10da5c6,0x878b438f492db3e,0x9d205a6eedf82cc59c0cffcf6fbf6950c3615e3128fea308324e41795012523a,3,94208474,0.6104359062231356,1741097748733246,Balanced Dollar,0.1201427625,bnUSD,0,1,2025-03-04
cx65c9e3d4fea842e00add0d32a5b4c5e4e04c7a6b,cxa0af3165c08318e988cb30993b3048335b94af6c,cx21e94c08c03daee80c25d8ee3ea22a20786ec231,0xb2cff4d0,0x9d205a6eedf82cc59c0cffcf6fbf6950c3615e3128fea308324e41795012523a,2,94208474,2.999973072,1741097748733246,Solana,0.1201427625,SOL,0,1,2025-03-04
cx88fd7df7ddff82f7cc735c871dc519838cb235bb,cx21e94c08c03daee80c25d8ee3ea22a20786ec231,cxa0af3165c08318e988cb30993b3048335b94af6c,0x160faaa9a793c59c20,0x9d205a6eedf82cc59c0cffcf6fbf6950c3615e3128fea308324e41795012523a,1,94208474,406.9572708154237,1741097748733246,Balanced Dollar,0.1201427625,bnUSD,0,1,2025-03-04
cx88fd7df7ddff82f7cc735c871dc519838cb235bb,hx2debd9ec927cca1639da8d3518dd9dbf1cdfb357,cx21e94c08c03daee80c25d8ee3ea22a20786ec231,0x160faaa9a793c59c20,0x9d205a6eedf82cc59c0cffcf6fbf6950c3615e3128fea308324e41795012523a,0,94208474,406.9572708154237,1741097748733246,Balanced Dollar,0.1201427625,bnUSD,0,1,2025-03-04
cx2609b924e33ef00b648a409245c7ea394c467824,hxc6b0f59918b94671a5e20a9a860c703cfec5a4b1,cxa0af3165c08318e988cb30993b3048335b94af6c,0xcfdc616c21f84acdbb,0xeba6caabf616ef92b89151684cdf4fa63e3d3288a9afb63d8be8fb7cee1b9b80,0,94208440,3834.3561159121177,1741097680803546,Staked ICX,0.0312403625,sICX,0,1,2025-03-04
cx3975b43d260fb8ec802cef6e60c2f4d07486f11d,hxc6b0f59918b94671a5e20a9a860c703cfec5a4b1,cxa0af3165c08318e988cb30993b3048335b94af6c,0x1124a9e9f4904706f00,0x5ef6bb09f05f8168dfcd30fcbf4420f195e8a109fcd91490b313c337644d4835,1,94208435,5059.7847863375,1741097670728428,Wrapped ICX,0.0165812125,wICX,0,1,2025-03-04
cx3975b43d260fb8ec802cef6e60c2f4d07486f11d,hx0000000000000000000000000000000000000000,hxc6b0f59918b94671a5e20a9a860c703cfec5a4b1,0x1124a9e9f4904706f00,0x5ef6bb09f05f8168dfcd30fcbf4420f195e8a109fcd91490b313c337644d4835,0,94208435,5059.7847863375,1741097670728428,Wrapped ICX,0.0165812125,wICX,0,1,2025-03-04
cx2609b924e33ef00b648a409245c7ea394c467824,cx21e94c08c03daee80c25d8ee3ea22a20786ec231,hxc6b0f59918b94671a5e20a9a860c703cfec5a4b1,0xcca4d36dd07227c0e5,0xa90adc3200226b1fbdc97a62c841dbd48a37784fe9b1f3842d36ddd5d5e8d268,4,94208419,3775.0127484210907,1741097638861557,Staked ICX,0.1074604625,sICX,0,1,2025-03-04
cx2609b924e33ef00b648a409245c7ea394c467824,hx0000000000000000000000000000000000000000,cx21e94c08c03daee80c25d8ee3ea22a20786ec231,0xcca4d36dd07227c0e5,0xa90adc3200226b1fbdc97a62c841dbd48a37784fe9b1f3842d36ddd5d5e8d268,2,94208419,3775.0127484210907,1741097638861557,Staked ICX,0.1074604625,sICX,0,1,2025-03-04
cx53f8ccd5426534f82cf10cb742de033e51da72fc,hx9645117f1b0c7181a126c7f4f222caefc6ee7a61,hx9645117f1b0c7181a126c7f4f222caefc6ee7a61,0x0,0x239cad035094188879262e0b64e0a34ba238cb1fc207647c6c0c7c048464a2d4,0,94208411,0.0,1741097622769274,unknown_token,0.004292,$unknown,3,1,2025-03-04
cx53f8ccd5426534f82cf10cb742de033e51da72fc,hx9645117f1b0c7181a126c7f4f222caefc6ee7a61,hx9645117f1b0c7181a126c7f4f222caefc6ee7a61,0x0,0x481a06f12f7d2fc436b27d136c6eb8a8efd5df9e1aa9c652001253ec46371e12,0,94208403,0.0,1741097606768029,unknown_token,0.004292,$unknown,3,1,2025-03-04
cx53f8ccd5426534f82cf10cb742de033e51da72fc,hx9645117f1b0c7181a126c7f4f222caefc6ee7a61,hx9645117f1b0c7181a126c7f4f222caefc6ee7a61,0x0,0x8cab261dfc1bb8773a8990841881d4bcb55b092dddc05f2fe2d2054e647619b2,0,94208389,0.0,1741097578830472,unknown_token,0.004292,$unknown,2,1,2025-03-04
cx53f8ccd5426534f82cf10cb742de033e51da72fc,hx7b6a3ad1027b74ec0f838869636663cd414a7637,hx7b6a3ad1027b74ec0f838869636663cd414a7637,0x0,0xcf2d927abc1da2af419eb281944374356d3b6b7426381443105a842b918a297f,0,94208357,0.0,1741097514803543,unknown_token,0.004295375,$unknown,21,1,2025-03-04
cx53f8ccd5426534f82cf10cb742de033e51da72fc,hx9645117f1b0c7181a126c7f4f222caefc6ee7a61,hx9645117f1b0c7181a126c7f4f222caefc6ee7a61,0x0,0x5e913f9a3ea5e0178d22aa859ca07eb06621907684d7708b01c39191e05049c9,0,94208344,0.0,1741097488827230,unknown_token,0.004292,$unknown,5,1,2025-03-04
cx53f8ccd5426534f82cf10cb742de033e51da72fc,hx9645117f1b0c7181a126c7f4f222caefc6ee7a61,hx9645117f1b0c7181a126c7f4f222caefc6ee7a61,0x0,0x88faf685544cf39725232953b79b524fca859abd8ccfc7ca4e3204cb07374ce2,0,94208338,0.0,1741097476650132,unknown_token,0.004292,$unknown,3,1,2025-03-04
cx53f8ccd5426534f82cf10cb742de033e51da72fc,hx9645117f1b0c7181a126c7f4f222caefc6ee7a61,hx9645117f1b0c7181a126c7f4f222caefc6ee7a61,0x0,0x540a9f27976e270d7c828014768615cd54e5feea582b8f2f87df0abd3b2f0541,0,94208333,0.0,1741097466681847,unknown_token,0.004292,$unknown,2,1,2025-03-04
cx53f8ccd5426534f82cf10cb742de033e51da72fc,hx9645117f1b0c7181a126c7f4f222caefc6ee7a61,hx9645117f1b0c7181a126c7f4f222caefc6ee7a61,0x0,0x50d0dfd26709c4eb653d0d734438a003d170dde29e594f786743bcff270b68c2,0,94208311,0.0,1741097422698901,unknown_token,0.004292,$unknown,1,1,2025-03-04
cx53f8ccd5426534f82cf10cb742de033e51da72fc,hx9645117f1b0c7181a126c7f4f222caefc6ee7a61,hx9645117f1b0c7181a126c7f4f222caefc6ee7a61,0x0,0xe04081753538633c1ada3d9b9490756992302eca1c1fcb55e7d815e55eadf289,0,94208307,0.0,1741097414769062,unknown_token,0.0043484375,$unknown,1,1,2025-03-04
cx53f8ccd5426534f82cf10cb742de033e51da72fc,hx9645117f1b0c7181a126c7f4f222caefc6ee7a61,hx9645117f1b0c7181a126c7f4f222caefc6ee7a61,0x0,0xe8151c17271b449719c7e9f3997636050d3062adafc6a1a08c65f8f8a0c6e46e,0,94208302,0.0,1741097404664296,unknown_token,0.004292,$unknown,3,1,2025-03-04
cx53f8ccd5426534f82cf10cb742de033e51da72fc,hx9645117f1b0c7181a126c7f4f222caefc6ee7a61,hx9645117f1b0c7181a126c7f4f222caefc6ee7a61,0x0,0x813f6a824060a2bb3374974a2f18803ae26703c330370bd16e0618f502049ab2,0,94208297,0.0,1741097394804501,unknown_token,0.004292,$unknown,2,1,2025-03-04
cx4297f4b63262507623b6ad575d0d8dd2db980e4e,cx21e94c08c03daee80c25d8ee3ea22a20786ec231,hx2debd9ec927cca1639da8d3518dd9dbf1cdfb357,0x1a05473ec27147c69,0xdbf41145c90a064b960d00afa24d319f985273203995a58891a3c00199595e4e,5,94208246,29.999730475926846,1741097292647439,Injective,0.088389925,INJ,0,1,2025-03-04
cx88fd7df7ddff82f7cc735c871dc519838cb235bb,cxa0af3165c08318e988cb30993b3048335b94af6c,cx5faae53c4dbd1fbe4a2eb4aab6565030f10da5c6,0x6b9e9d2dca3a6a7,0xdbf41145c90a064b960d00afa24d319f985273203995a58891a3c00199595e4e,3,94208246,0.4846755267731555,1741097292647439,Balanced Dollar,0.088389925,bnUSD,0,1,2025-03-04
cx4297f4b63262507623b6ad575d0d8dd2db980e4e,cxa0af3165c08318e988cb30993b3048335b94af6c,cx21e94c08c03daee80c25d8ee3ea22a20786ec231,0x1a05473ec27147c69,0xdbf41145c90a064b960d00afa24d319f985273203995a58891a3c00199595e4e,2,94208246,29.999730475926846,1741097292647439,Injective,0.088389925,INJ,0,1,2025-03-04
cx88fd7df7ddff82f7cc735c871dc519838cb235bb,cx21e94c08c03daee80c25d8ee3ea22a20786ec231,cxa0af3165c08318e988cb30993b3048335b94af6c,0x1184263fc93f81fd90,0xdbf41145c90a064b960d00afa24d319f985273203995a58891a3c00199595e4e,1,94208246,323.11701784877033,1741097292647439,Balanced Dollar,0.088389925,bnUSD,0,1,2025-03-04
cx88fd7df7ddff82f7cc735c871dc519838cb235bb,hx2debd9ec927cca1639da8d3518dd9dbf1cdfb357,cx21e94c08c03daee80c25d8ee3ea22a20786ec231,0x1184263fc93f81fd90,0xdbf41145c90a064b960d00afa24d319f985273203995a58891a3c00199595e4e,0,94208246,323.11701784877033,1741097292647439,Balanced Dollar,0.088389925,bnUSD,0,1,2025-03-04
cx66a031cc3bd305c76371fb586e93801b948254f0,cx21e94c08c03daee80c25d8ee3ea22a20786ec231,hx2debd9ec927cca1639da8d3518dd9dbf1cdfb357,0x1158da297c4d75d54,0x828d744643b3c6cc62acb4871267f4a81b325b273045c301de923eae2b6dd33d,5,94208232,19.99982029294845,1741097264750055,Avalanche,0.0883001875,AVAX,0,1,2025-03-04
cx88fd7df7ddff82f7cc735c871dc519838cb235bb,cxa0af3165c08318e988cb30993b3048335b94af6c,cx5faae53c4dbd1fbe4a2eb4aab6565030f10da5c6,0x83a2e04308bb100,0x828d744643b3c6cc62acb4871267f4a81b325b273045c301de923eae2b6dd33d,3,94208232,0.5928368964818496,1741097264750055,Balanced Dollar,0.0883001875,bnUSD,0,1,2025-03-04
cx66a031cc3bd305c76371fb586e93801b948254f0,cxa0af3165c08318e988cb30993b3048335b94af6c,cx21e94c08c03daee80c25d8ee3ea22a20786ec231,0x1158da297c4d75d54,0x828d744643b3c6cc62acb4871267f4a81b325b273045c301de923eae2b6dd33d,2,94208232,19.99982029294845,1741097264750055,Avalanche,0.0883001875,AVAX,0,1,2025-03-04
cx88fd7df7ddff82f7cc735c871dc519838cb235bb,cx21e94c08c03daee80c25d8ee3ea22a20786ec231,cxa0af3165c08318e988cb30993b3048335b94af6c,0x156cd7d593c11cf000,0x828d744643b3c6cc62acb4871267f4a81b325b273045c301de923eae2b6dd33d,1,94208232,395.2245976545664,1741097264750055,Balanced Dollar,0.0883001875,bnUSD,0,1,2025-03-04
cx88fd7df7ddff82f7cc735c871dc519838cb235bb,hx2debd9ec927cca1639da8d3518dd9dbf1cdfb357,cx21e94c08c03daee80c25d8ee3ea22a20786ec231,0x156cd7d593c11cf000,0x828d744643b3c6cc62acb4871267f4a81b325b273045c301de923eae2b6dd33d,0,94208232,395.2245976545664,1741097264750055,Balanced Dollar,0.0883001875,bnUSD,0,1,2025-03-04
cx28b2ec885b50c8a93da752f2d0467a67127a70e8,cx7127ae2887ef7676bf8014e995bd2ed4fd71f05b,cx5a0af85407c69945eb318d4ac18e9e842184163c,0xc0c331685a2d00000,0x026c65b25605205d8f3a901c67d4fd66feaf1f06264a5a1072c5e50f3c734dac,7,94208225,222.24,1741097250744444,CROWN,0.0414936625,CROWN,0,1,2025-03-04
cx28b2ec885b50c8a93da752f2d0467a67127a70e8,cx7127ae2887ef7676bf8014e995bd2ed4fd71f05b,hx0000000000000000000000000000000000000000,0x2020883c0f0780000,0x026c65b25605205d8f3a901c67d4fd66feaf1f06264a5a1072c5e50f3c734dac,5,94208225,37.04,1741097250744444,CROWN,0.0414936625,CROWN,0,1,2025-03-04
cx28b2ec885b50c8a93da752f2d0467a67127a70e8,cx7127ae2887ef7676bf8014e995bd2ed4fd71f05b,cxd77007090899311f1afbcae86b49cfe817fc6810,0x404110781e0f00000,0x026c65b25605205d8f3a901c67d4fd66feaf1f06264a5a1072c5e50f3c734dac,4,94208225,74.08,1741097250744444,CROWN,0.0414936625,CROWN,0,1,2025-03-04
cx28b2ec885b50c8a93da752f2d0467a67127a70e8,cx7127ae2887ef7676bf8014e995bd2ed4fd71f05b,hx84f2cd8dd94ed2da42f6a1b959b0baaecf6651c1,0x2020883c0f0780000,0x026c65b25605205d8f3a901c67d4fd66feaf1f06264a5a1072c5e50f3c734dac,2,94208225,37.04,1741097250744444,CROWN,0.0414936625,CROWN,0,1,2025-03-04
cx28b2ec885b50c8a93da752f2d0467a67127a70e8,hx9645117f1b0c7181a126c7f4f222caefc6ee7a61,cx7127ae2887ef7676bf8014e995bd2ed4fd71f05b,0x141455258964b00000,0x026c65b25605205d8f3a901c67d4fd66feaf1f06264a5a1072c5e50f3c734dac,0,94208225,370.4,1741097250744444,CROWN,0.0414936625,CROWN,0,1,2025-03-04
cx88fd7df7ddff82f7cc735c871dc519838cb235bb,cxa0af3165c08318e988cb30993b3048335b94af6c,cx5faae53c4dbd1fbe4a2eb4aab6565030f10da5c6,0xaf2eafe11f1b147,0xbe7eb3bfee13de3cbaa8e32407118f42ce8d907b43db4443e737e629f306fcbf,2,94208220,0.7889512616869031,1741097240636491,Balanced Dollar,0.070556025,bnUSD,0,2,2025-03-04
cx2609b924e33ef00b648a409245c7ea394c467824,cxa0af3165c08318e988cb30993b3048335b94af6c,hxc1718c79947e0f673296218b5b23adbd9a3b38a8,0xccab416d7f1b200329,0xbe7eb3bfee13de3cbaa8e32407118f42ce8d907b43db4443e737e629f306fcbf,1,94208220,3775.4760558834037,1741097240636491,Staked ICX,0.070556025,sICX,0,2,2025-03-04
cx88fd7df7ddff82f7cc735c871dc519838cb235bb,hxc1718c79947e0f673296218b5b23adbd9a3b38a8,cxa0af3165c08318e988cb30993b3048335b94af6c,0x1c8343f5a410130000,0xbe7eb3bfee13de3cbaa8e32407118f42ce8d907b43db4443e737e629f306fcbf,0,94208220,525.9675077912688,1741097240636491,Balanced Dollar,0.070556025,bnUSD,0,2,2025-03-04
cx88fd7df7ddff82f7cc735c871dc519838cb235bb,cxd82fb5d3effecd8c9071a4bba3856ad7222c4b91,hxc1718c79947e0f673296218b5b23adbd9a3b38a8,0x1c8343f5a410130000,0x547316406b1f0a2d4163e9df1c3cb6fa799ab632625cdb6d49f08f8e911fcc9b,0,94208220,525.9675077912688,1741097240636491,Balanced Dollar,0.020690875,bnUSD,0,1,2025-03-04
cx88fd7df7ddff82f7cc735c871dc519838cb235bb,cxa0af3165c08318e988cb30993b3048335b94af6c,cx5faae53c4dbd1fbe4a2eb4aab6565030f10da5c6,0xaef77bff8ede28f,0xaba2945798e7cfc2760ee3cd0d4901951fc56dadcd83275d36171d91be1f6357,2,94208213,0.7879801262119246,1741097226567126,Balanced Dollar,0.070556025,bnUSD,0,2,2025-03-04
cx2609b924e33ef00b648a409245c7ea394c467824,cxa0af3165c08318e988cb30993b3048335b94af6c,hxc1718c79947e0f673296218b5b23adbd9a3b38a8,0xccab4681d3384a3318,0xaba2945798e7cfc2760ee3cd0d4901951fc56dadcd83275d36171d91be1f6357,1,94208213,3775.4774856097865,1741097226567126,Staked ICX,0.070556025,sICX,0,2,2025-03-04
cx88fd7df7ddff82f7cc735c871dc519838cb235bb,hxc1718c79947e0f673296218b5b23adbd9a3b38a8,cxa0af3165c08318e988cb30993b3048335b94af6c,0x1c7a47d942eb7e0000,0xaba2945798e7cfc2760ee3cd0d4901951fc56dadcd83275d36171d91be1f6357,0,94208213,525.3200841412831,1741097226567126,Balanced Dollar,0.070556025,bnUSD,0,2,2025-03-04
cx88fd7df7ddff82f7cc735c871dc519838cb235bb,cxd82fb5d3effecd8c9071a4bba3856ad7222c4b91,hxc1718c79947e0f673296218b5b23adbd9a3b38a8,0x1c7a47d942eb7e0000,0xd393d55d3b4fbfa1ff66d04be48a2d192f9368ff91cecf365ba3b04d73e102ea,0,94208213,525.3200841412831,1741097226567126,Balanced Dollar,0.020690875,bnUSD,0,1,2025-03-04
cx88fd7df7ddff82f7cc735c871dc519838cb235bb,cxa0af3165c08318e988cb30993b3048335b94af6c,cx5faae53c4dbd1fbe4a2eb4aab6565030f10da5c6,0xd7a64dfb756b84,0x5e06abfebe10d9e5deea84eafc67f25e9cfbe7146d08b12f4b928358039230ad,2,94208142,0.0606999738542601,1741097084688556,Balanced Dollar,0.047366825,bnUSD,0,1,2025-03-04
cx88fd7df7ddff82f7cc735c871dc519838cb235bb,cxa0af3165c08318e988cb30993b3048335b94af6c,hxd75467e3e4ce64e3424c747dfb71503017440433,0x2300d0f6640a23a0c,0x5e06abfebe10d9e5deea84eafc67f25e9cfbe7146d08b12f4b928358039230ad,1,94208142,40.35592876778234,1741097084688556,Balanced Dollar,0.047366825,bnUSD,0,1,2025-03-04
cx65c9e3d4fea842e00add0d32a5b4c5e4e04c7a6b,hxd75467e3e4ce64e3424c747dfb71503017440433,cxa0af3165c08318e988cb30993b3048335b94af6c,0x11e1a300,0x5e06abfebe10d9e5deea84eafc67f25e9cfbe7146d08b12f4b928358039230ad,0,94208142,0.3,1741097084688556,Solana,0.047366825,SOL,0,1,2025-03-04
cx88fd7df7ddff82f7cc735c871dc519838cb235bb,cxa0af3165c08318e988cb30993b3048335b94af6c,cx5faae53c4dbd1fbe4a2eb4aab6565030f10da5c6,0xe47f930ebfcb39,0x60cbbf5106c0031597dd1b8bef78b563204540bea6365a2c987d9df31b1a780c,2,94208133,0.06431656427440005,1741097066673742,Balanced Dollar,0.0569443375,bnUSD,0,1,2025-03-04
cx88fd7df7ddff82f7cc735c871dc519838cb235bb,cxa0af3165c08318e988cb30993b3048335b94af6c,hxd75467e3e4ce64e3424c747dfb71503017440433,0x25166ee886b35d544,0x60cbbf5106c0031597dd1b8bef78b563204540bea6365a2c987d9df31b1a780c,1,94208133,42.7591259817974,1741097066673742,Balanced Dollar,0.0569443375,bnUSD,0,1,2025-03-04
cx4297f4b63262507623b6ad575d0d8dd2db980e4e,hxd75467e3e4ce64e3424c747dfb71503017440433,cxa0af3165c08318e988cb30993b3048335b94af6c,0x3782dace9d900000,0x60cbbf5106c0031597dd1b8bef78b563204540bea6365a2c987d9df31b1a780c,0,94208133,4.0,1741097066673742,Injective,0.0569443375,INJ,0,1,2025-03-04
cx88fd7df7ddff82f7cc735c871dc519838cb235bb,cxa0af3165c08318e988cb30993b3048335b94af6c,cx5faae53c4dbd1fbe4a2eb4aab6565030f10da5c6,0x1c611fb0c8dc70e,0x4bc292fd0b872edbd304b61f17a14b87bead3ad1ec6bd82d08de2fa4ec2614d6,2,94208128,0.12780940937171945,1741097056588382,Balanced Dollar,0.056909525,bnUSD,0,1,2025-03-04
cx88fd7df7ddff82f7cc735c871dc519838cb235bb,cxa0af3165c08318e988cb30993b3048335b94af6c,hxd75467e3e4ce64e3424c747dfb71503017440433,0x49b66a37ed5100022,0x4bc292fd0b872edbd304b61f17a14b87bead3ad1ec6bd82d08de2fa4ec2614d6,1,94208128,84.98479358347733,1741097056588382,Balanced Dollar,0.056909525,bnUSD,0,1,2025-03-04
cx2d552c485ec8bcaa75aac02424e2aca6ffdb2f1b,hxd75467e3e4ce64e3424c747dfb71503017440433,cxa0af3165c08318e988cb30993b3048335b94af6c,0x214e8348c4f0000,0x4bc292fd0b872edbd304b61f17a14b87bead3ad1ec6bd82d08de2fa4ec2614d6,0,94208128,0.15,1741097056588382,Binance Coin,0.056909525,BNB,0,1,2025-03-04
cx88fd7df7ddff82f7cc735c871dc519838cb235bb,cxa0af3165c08318e988cb30993b3048335b94af6c,cx5faae53c4dbd1fbe4a2eb4aab6565030f10da5c6,0xd7c383564b1089,0xb64b405cddcb1884452d392704e4199dcffe5f3ed26ea96d7755e3228e253bea,2,94208124,0.06073208884868315,1741097048496774,Balanced Dollar,0.047366825,bnUSD,0,1,2025-03-04
cx88fd7df7ddff82f7cc735c871dc519838cb235bb,cxa0af3165c08318e988cb30993b3048335b94af6c,hxd75467e3e4ce64e3424c747dfb71503017440433,0x23058ecf9059e23bb,0xb64b405cddcb1884452d392704e4199dcffe5f3ed26ea96d7755e3228e253bea,1,94208124,40.37728301347544,1741097048496774,Balanced Dollar,0.047366825,bnUSD,0,1,2025-03-04
cx65c9e3d4fea842e00add0d32a5b4c5e4e04c7a6b,hxd75467e3e4ce64e3424c747dfb71503017440433,cxa0af3165c08318e988cb30993b3048335b94af6c,0x11e1a300,0xb64b405cddcb1884452d392704e4199dcffe5f3ed26ea96d7755e3228e253bea,0,94208124,0.3,1741097048496774,Solana,0.047366825,SOL,0,1,2025-03-04
cx88fd7df7ddff82f7cc735c871dc519838cb235bb,cxa0af3165c08318e988cb30993b3048335b94af6c,cx5faae53c4dbd1fbe4a2eb4aab6565030f10da5c6,0xd7e0bea10d8967,0x8051e08da31f5f7536a1382ae7bdab4527dc093a3b38c3f5ea38b85d03faf49f,2,94208118,0.060764229343218026,1741097036538032,Balanced Dollar,0.047366825,bnUSD,0,1,2025-03-04
cx88fd7df7ddff82f7cc735c871dc519838cb235bb,cxa0af3165c08318e988cb30993b3048335b94af6c,hxd75467e3e4ce64e3424c747dfb71503017440433,0x230a4d9f8256bc384,0x8051e08da31f5f7536a1382ae7bdab4527dc093a3b38c3f5ea38b85d03faf49f,1,94208118,40.398654217223125,1741097036538032,Balanced Dollar,0.047366825,bnUSD,0,1,2025-03-04
cx65c9e3d4fea842e00add0d32a5b4c5e4e04c7a6b,hxd75467e3e4ce64e3424c747dfb71503017440433,cxa0af3165c08318e988cb30993b3048335b94af6c,0x11e1a300,0x8051e08da31f5f7536a1382ae7bdab4527dc093a3b38c3f5ea38b85d03faf49f,0,94208118,0.3,1741097036538032,Solana,0.047366825,SOL,0,1,2025-03-04
cx88fd7df7ddff82f7cc735c871dc519838cb235bb,cxa0af3165c08318e988cb30993b3048335b94af6c,cx5faae53c4dbd1fbe4a2eb4aab6565030f10da5c6,0xd7fdffdd58f02a,0xc13021e92f97c0370e340d79fd774afbd077e63f5b9e24546d7fbaf6dd7780eb,2,94208103,0.06079639536487223,1741097006552683,Balanced Dollar,0.047366825,bnUSD,0,1,2025-03-04
cx88fd7df7ddff82f7cc735c871dc519838cb235bb,cxa0af3165c08318e988cb30993b3048335b94af6c,hxd75467e3e4ce64e3424c747dfb71503017440433,0x230f0d667ceb6dafc,0xc13021e92f97c0370e340d79fd774afbd077e63f5b9e24546d7fbaf6dd7780eb,1,94208103,40.420042396988265,1741097006552683,Balanced Dollar,0.047366825,bnUSD,0,1,2025-03-04
cx65c9e3d4fea842e00add0d32a5b4c5e4e04c7a6b,hxd75467e3e4ce64e3424c747dfb71503017440433,cxa0af3165c08318e988cb30993b3048335b94af6c,0x11e1a300,0xc13021e92f97c0370e340d79fd774afbd077e63f5b9e24546d7fbaf6dd7780eb,0,94208103,0.3,1741097006552683,Solana,0.047366825,SOL,0,1,2025-03-04
cx3975b43d260fb8ec802cef6e60c2f4d07486f11d,hx247e7c6b63c63d5b04c539373a0fbcffbdedd358,hx0000000000000000000000000000000000000000,0x1e7a66fc6272b52d,0x88df2207969cb05033e711a1259aaf50eb62914c1d99437b976e75603d9eb46b,18,94208068,2.1961810024660147,1741096936510839,Wrapped ICX,0.2943363125,wICX,0,1,2025-03-04
cx3975b43d260fb8ec802cef6e60c2f4d07486f11d,cx21e94c08c03daee80c25d8ee3ea22a20786ec231,hx247e7c6b63c63d5b04c539373a0fbcffbdedd358,0x1e7a66fc6272b52d,0x88df2207969cb05033e711a1259aaf50eb62914c1d99437b976e75603d9eb46b,17,94208068,2.1961810024660147,1741096936510839,Wrapped ICX,0.2943363125,wICX,0,1,2025-03-04
cx2609b924e33ef00b648a409245c7ea394c467824,cxa0af3165c08318e988cb30993b3048335b94af6c,cx5faae53c4dbd1fbe4a2eb4aab6565030f10da5c6,0x8e552999814f2,0x88df2207969cb05033e711a1259aaf50eb62914c1d99437b976e75603d9eb46b,15,94208068,0.002503942740645106,1741096936510839,Staked ICX,0.2943363125,sICX,0,1,2025-03-04
cx3975b43d260fb8ec802cef6e60c2f4d07486f11d,cxa0af3165c08318e988cb30993b3048335b94af6c,cx21e94c08c03daee80c25d8ee3ea22a20786ec231,0x1e7a66fc6272b52d,0x88df2207969cb05033e711a1259aaf50eb62914c1d99437b976e75603d9eb46b,14,94208068,2.1961810024660147,1741096936510839,Wrapped ICX,0.2943363125,wICX,0,1,2025-03-04
cx2609b924e33ef00b648a409245c7ea394c467824,cx21e94c08c03daee80c25d8ee3ea22a20786ec231,cxa0af3165c08318e988cb30993b3048335b94af6c,0x172a871aa6b68bef,0x88df2207969cb05033e711a1259aaf50eb62914c1d99437b976e75603d9eb46b,13,94208068,1.6692951604300708,1741096936510839,Staked ICX,0.2943363125,sICX,0,1,2025-03-04
cx88fd7df7ddff82f7cc735c871dc519838cb235bb,cxa0af3165c08318e988cb30993b3048335b94af6c,cx5faae53c4dbd1fbe4a2eb4aab6565030f10da5c6,0x13cabf77141bc,0x88df2207969cb05033e711a1259aaf50eb62914c1d99437b976e75603d9eb46b,11,94208068,0.00034818426517958,1741096936510839,Balanced Dollar,0.2943363125,bnUSD,0,1,2025-03-04
cx2609b924e33ef00b648a409245c7ea394c467824,cxa0af3165c08318e988cb30993b3048335b94af6c,cx21e94c08c03daee80c25d8ee3ea22a20786ec231,0x172a871aa6b68bef,0x88df2207969cb05033e711a1259aaf50eb62914c1d99437b976e75603d9eb46b,10,94208068,1.6692951604300708,1741096936510839,Staked ICX,0.2943363125,sICX,0,1,2025-03-04
cx88fd7df7ddff82f7cc735c871dc519838cb235bb,cx21e94c08c03daee80c25d8ee3ea22a20786ec231,cxa0af3165c08318e988cb30993b3048335b94af6c,0x338aa7f0c45db4d,0x88df2207969cb05033e711a1259aaf50eb62914c1d99437b976e75603d9eb46b,9,94208068,0.23212284345305378,1741096936510839,Balanced Dollar,0.2943363125,bnUSD,0,1,2025-03-04
cx88fd7df7ddff82f7cc735c871dc519838cb235bb,cxa0af3165c08318e988cb30993b3048335b94af6c,cx5faae53c4dbd1fbe4a2eb4aab6565030f10da5c6,0x130817106143c,0x88df2207969cb05033e711a1259aaf50eb62914c1d99437b976e75603d9eb46b,7,94208068,0.000334807481848892,1741096936510839,Balanced Dollar,0.2943363125,bnUSD,0,1,2025-03-04
cx88fd7df7ddff82f7cc735c871dc519838cb235bb,cxa0af3165c08318e988cb30993b3048335b94af6c,cx21e94c08c03daee80c25d8ee3ea22a20786ec231,0x338aa7f0c45db4d,0x88df2207969cb05033e711a1259aaf50eb62914c1d99437b976e75603d9eb46b,6,94208068,0.23212284345305378,1741096936510839,Balanced Dollar,0.2943363125,bnUSD,0,1,2025-03-04
cx1a29259a59f463a67bb2ef84398b30ca56b5830a,cx21e94c08c03daee80c25d8ee3ea22a20786ec231,cxa0af3165c08318e988cb30993b3048335b94af6c,0x907e9ccd5dacbb2fa,0x88df2207969cb05033e711a1259aaf50eb62914c1d99437b976e75603d9eb46b,5,94208068,166.59090871009593,1741096936510839,Omm Token,0.2943363125,OMM,0,1,2025-03-04
cx2609b924e33ef00b648a409245c7ea394c467824,cxa0af3165c08318e988cb30993b3048335b94af6c,cx5faae53c4dbd1fbe4a2eb4aab6565030f10da5c6,0x84affb8306589,0x88df2207969cb05033e711a1259aaf50eb62914c1d99437b976e75603d9eb46b,3,94208068,0.002334261980980617,1741096936510839,Staked ICX,0.2943363125,sICX,0,1,2025-03-04
cx1a29259a59f463a67bb2ef84398b30ca56b5830a,cxa0af3165c08318e988cb30993b3048335b94af6c,cx21e94c08c03daee80c25d8ee3ea22a20786ec231,0x907e9ccd5dacbb2fa,0x88df2207969cb05033e711a1259aaf50eb62914c1d99437b976e75603d9eb46b,2,94208068,166.59090871009593,1741096936510839,Omm Token,0.2943363125,OMM,0,1,2025-03-04
cx2609b924e33ef00b648a409245c7ea394c467824,cx21e94c08c03daee80c25d8ee3ea22a20786ec231,cxa0af3165c08318e988cb30993b3048335b94af6c,0x1598a49a535dbfe6,0x88df2207969cb05033e711a1259aaf50eb62914c1d99437b976e75603d9eb46b,1,94208068,1.5561746539870782,1741096936510839,Staked ICX,0.2943363125,sICX,0,1,2025-03-04
cx2609b924e33ef00b648a409245c7ea394c467824,hx247e7c6b63c63d5b04c539373a0fbcffbdedd358,cx21e94c08c03daee80c25d8ee3ea22a20786ec231,0x1598a49a535dbfe6,0x88df2207969cb05033e711a1259aaf50eb62914c1d99437b976e75603d9eb46b,0,94208068,1.5561746539870782,1741096936510839,Staked ICX,0.2943363125,sICX,0,1,2025-03-04
cxf61cd5a45dc9f91c15aa65831a30a90d59a09619,cx10d59e8103ab44635190bd4139dbfd682fa2d07e,hx247e7c6b63c63d5b04c539373a0fbcffbdedd358,0x87c4c01d509e9e,0x72bc855f93d80dd9aafea5d622f2715a3d9645c61d95b4f0736347994e6d2f60,3,94208046,0.03821545126052624,1741096892521093,Balance Token,0.091029975,BALN,0,1,2025-03-04
cx2609b924e33ef00b648a409245c7ea394c467824,cx10d59e8103ab44635190bd4139dbfd682fa2d07e,hx247e7c6b63c63d5b04c539373a0fbcffbdedd358,0x1598a49a535dbfe6,0x72bc855f93d80dd9aafea5d622f2715a3d9645c61d95b4f0736347994e6d2f60,1,94208046,1.5561746539870782,1741096892521093,Staked ICX,0.091029975,sICX,0,1,2025-03-04
cx88fd7df7ddff82f7cc735c871dc519838cb235bb,cxa0af3165c08318e988cb30993b3048335b94af6c,cx5faae53c4dbd1fbe4a2eb4aab6565030f10da5c6,0x17e157cb6e20f4,0xdb0a911937ecd9490fb8b95ae7aef3bf5a84ccd705c3847a9b8244c6c3665c18,2,94208019,0.006721691655741684,1741096838606083,Balanced Dollar,0.0473482125,bnUSD,0,1,2025-03-04
cx88fd7df7ddff82f7cc735c871dc519838cb235bb,cxa0af3165c08318e988cb30993b3048335b94af6c,hxd75467e3e4ce64e3424c747dfb71503017440433,0x3e010ff1467ada18,0xdb0a911937ecd9490fb8b95ae7aef3bf5a84ccd705c3847a9b8244c6c3665c18,1,94208019,4.467869834272234,1741096838606083,Balanced Dollar,0.0473482125,bnUSD,0,1,2025-03-04
cx65c9e3d4fea842e00add0d32a5b4c5e4e04c7a6b,hxd75467e3e4ce64e3424c747dfb71503017440433,cxa0af3165c08318e988cb30993b3048335b94af6c,0x1f9d85f,0xdb0a911937ecd9490fb8b95ae7aef3bf5a84ccd705c3847a9b8244c6c3665c18,0,94208019,0.033151071,1741096838606083,Solana,0.0473482125,SOL,0,1,2025-03-04
cx88fd7df7ddff82f7cc735c871dc519838cb235bb,cxa0af3165c08318e988cb30993b3048335b94af6c,cx5faae53c4dbd1fbe4a2eb4aab6565030f10da5c6,0x14c25d10aee4d8a,0x58a21b95097146ff7956633c747e0e76be5d654fd7e1abc73b45952d91eb64c9,2,94207996,0.09349127202971995,1741096792491170,Balanced Dollar,0.056975275,bnUSD,0,1,2025-03-04
cx88fd7df7ddff82f7cc735c871dc519838cb235bb,cxa0af3165c08318e988cb30993b3048335b94af6c,hxd75467e3e4ce64e3424c747dfb71503017440433,0x35e7eab00e373ac15,0x58a21b95097146ff7956633c747e0e76be5d654fd7e1abc73b45952d91eb64c9,1,94207996,62.14929992806378,1741096792491170,Balanced Dollar,0.056975275,bnUSD,0,1,2025-03-04
cx288d13e1b63563459a2ac6179f237711f6851cb5,hxd75467e3e4ce64e3424c747dfb71503017440433,cxa0af3165c08318e988cb30993b3048335b94af6c,0x6a94d74f430000,0x58a21b95097146ff7956633c747e0e76be5d654fd7e1abc73b45952d91eb64c9,0,94207996,0.03,1741096792491170,Ethereum,0.056975275,ETH,0,1,2025-03-04
cx88fd7df7ddff82f7cc735c871dc519838cb235bb,cxa0af3165c08318e988cb30993b3048335b94af6c,cx5faae53c4dbd1fbe4a2eb4aab6565030f10da5c6,0x14c3dcb8648db76,0x332f2458e47bf1530814e88051dee4b809aa9aa55a6c1cb7280bc3348d74559f,2,94207989,0.09351763660851493,1741096778532312,Balanced Dollar,0.056975275,bnUSD,0,1,2025-03-04
cx88fd7df7ddff82f7cc735c871dc519838cb235bb,cxa0af3165c08318e988cb30993b3048335b94af6c,hxd75467e3e4ce64e3424c747dfb71503017440433,0x35ebcf00cfe519ec2,0x332f2458e47bf1530814e88051dee4b809aa9aa55a6c1cb7280bc3348d74559f,1,94207989,62.16682729491252,1741096778532312,Balanced Dollar,0.056975275,bnUSD,0,1,2025-03-04
cx288d13e1b63563459a2ac6179f237711f6851cb5,hxd75467e3e4ce64e3424c747dfb71503017440433,cxa0af3165c08318e988cb30993b3048335b94af6c,0x6a94d74f430000,0x332f2458e47bf1530814e88051dee4b809aa9aa55a6c1cb7280bc3348d74559f,0,94207989,0.03,1741096778532312,Ethereum,0.056975275,ETH,0,1,2025-03-04
cxf61cd5a45dc9f91c15aa65831a30a90d59a09619,cx9345f80d6c98357ccbb70392b14162199c2c5f66,cxd82fb5d3effecd8c9071a4bba3856ad7222c4b91,0x57051394a2fba20,0xf9646574fdf6d327c420af5ce9d4a3e7dbcd9c9c0df67939a56b276556f7bd0a,4,94207985,0.3919024740808607,1741096770428505,Balance Token,0.1302316125,BALN,0,1,2025-03-04
cx2609b924e33ef00b648a409245c7ea394c467824,cx9345f80d6c98357ccbb70392b14162199c2c5f66,cxd82fb5d3effecd8c9071a4bba3856ad7222c4b91,0x5fb8ce3f11955922,0xf9646574fdf6d327c420af5ce9d4a3e7dbcd9c9c0df67939a56b276556f7bd0a,3,94207985,6.897489599591177,1741096770428505,Staked ICX,0.1302316125,sICX,0,1,2025-03-04
cx88fd7df7ddff82f7cc735c871dc519838cb235bb,hx0000000000000000000000000000000000000000,cx5faae53c4dbd1fbe4a2eb4aab6565030f10da5c6,0x0,0xf9646574fdf6d327c420af5ce9d4a3e7dbcd9c9c0df67939a56b276556f7bd0a,2,94207985,0.0,1741096770428505,Balanced Dollar,0.1302316125,bnUSD,0,1,2025-03-04
cx88fd7df7ddff82f7cc735c871dc519838cb235bb,hx0000000000000000000000000000000000000000,cxd82fb5d3effecd8c9071a4bba3856ad7222c4b91,0xf4f743a3e4da69f,0xf9646574fdf6d327c420af5ce9d4a3e7dbcd9c9c0df67939a56b276556f7bd0a,1,94207985,1.1032282272312623,1741096770428505,Balanced Dollar,0.1302316125,bnUSD,0,1,2025-03-04
cx88fd7df7ddff82f7cc735c871dc519838cb235bb,hxd75467e3e4ce64e3424c747dfb71503017440433,cxd82fb5d3effecd8c9071a4bba3856ad7222c4b91,0x54ff4942a2e6640000,0xf9646574fdf6d327c420af5ce9d4a3e7dbcd9c9c0df67939a56b276556f7bd0a,0,94207985,1567.9218096119912,1741096770428505,Balanced Dollar,0.1302316125,bnUSD,0,1,2025-03-04
cxf14dea1cff7ceb29a46e6d04533a08f84441e41d,hx891d1d00f371272c0d2f735d58acd435ffef9e62,hxfb185f9bd35ce14b17ba914e4c65ebc4db9baf2d,0x3712e75b0a1150e,0xd0180b9c228e7bee60080e2ace7b35ceef1a35101dfd6aa5e96f8b9bb2f75fbc,0,94207979,0.24803053749148596,1741096758451976,Blobble Stake Token,0.004025475,BST,0,1,2025-03-04
cx2609b924e33ef00b648a409245c7ea394c467824,hx247e7c6b63c63d5b04c539373a0fbcffbdedd358,cx66d4d90f5f113eba575bf793570135f9b10cece1,0x10caa65415ec146491,0x572e0639cdcbb4f29c6e7f0a442d280851f4dd9d5651bd4889e0a1ea427ba223,1,94207978,309.75035647428007,1741096756481600,Staked ICX,0.0952493125,sICX,0,1,2025-03-04
cxf14dea1cff7ceb29a46e6d04533a08f84441e41d,hx891d1d00f371272c0d2f735d58acd435ffef9e62,hx78db693f26e0780fe0b21fcdce78b5d627fbc8c5,0x957c73f71b53926,0x94ae2a5974b86abf644d10fcabd066fe99ce176b689d246686b15cb185102f28,0,94207977,0.6732257446197476,1741096754453406,Blobble Stake Token,0.0040241625,BST,0,1,2025-03-04
cxf14dea1cff7ceb29a46e6d04533a08f84441e41d,hx891d1d00f371272c0d2f735d58acd435ffef9e62,hx18cbff68c05b85c9aa7ad144ad36d7118ab4549b,0x3712e75b0a1150e,0x9d75f30856a03ad0c093b81ddea4eb5f229528f46acb89d05f59305b74ef48b9,0,94207975,0.24803053749148596,1741096750587207,Blobble Stake Token,0.004025475,BST,0,1,2025-03-04
cxf14dea1cff7ceb29a46e6d04533a08f84441e41d,hx891d1d00f371272c0d2f735d58acd435ffef9e62,hx76948ccd4e07437bf7073b395b8109e0c8c162c4,0x2f34c64e08a120c,0x141b3313e498cc339d46c4090f1a72be187d822d7185d6b09a27403a13932896,0,94207973,0.21259760356413082,1741096746422620,Blobble Stake Token,0.0040241625,BST,0,1,2025-03-04
cxf14dea1cff7ceb29a46e6d04533a08f84441e41d,hx891d1d00f371272c0d2f735d58acd435ffef9e62,hxb9bf2fe4975afa508ecd90ee2e3f3ac88bb792cd,0x7de210d0170302,0xc34763cdc6013527e134534851e29064a915e495e7152f776e04f3cce8701d29,0,94207971,0.03543293392735514,1741096742484700,Blobble Stake Token,0.0040204125,BST,0,2,2025-03-04
cx88fd7df7ddff82f7cc735c871dc519838cb235bb,hx53796e5b7b4c5c8e5531b2c965f73460a2708db3,hx0000000000000000000000000000000000000000,0x6b2190d6db9b88ab57,0xea0a258d62fd148b92723e846fede0a28041d5b37c39f6bb38076b19e580c89c,0,94207971,1976.2202851255156,1741096742484700,Balanced Dollar,0.0604725375,bnUSD,0,1,2025-03-04
cx88fd7df7ddff82f7cc735c871dc519838cb235bb,cxa0ffa71e76299fbc9005ba7000ccad86f7f22971,hxd75467e3e4ce64e3424c747dfb71503017440433,0xa64ff7c74bb454cec1,0x3c3717455efa6b2b885381becb7351a8c3962ea3331268918428bbf8f4028c45,8,94207969,3067.921809611991,1741096738582320,Balanced Dollar,0.153508825,bnUSD,0,2,2025-03-04
cx65c9e3d4fea842e00add0d32a5b4c5e4e04c7a6b,cx66d4d90f5f113eba575bf793570135f9b10cece1,cx835b300dcfe01f0bdb794e134a0c5628384f4367,0x51c0b,0x3c3717455efa6b2b885381becb7351a8c3962ea3331268918428bbf8f4028c45,5,94207969,0.000334859,1741096738582320,Solana,0.153508825,SOL,0,2,2025-03-04
cx65c9e3d4fea842e00add0d32a5b4c5e4e04c7a6b,cxa0ffa71e76299fbc9005ba7000ccad86f7f22971,hxd75467e3e4ce64e3424c747dfb71503017440433,0x1f9d860,0x3c3717455efa6b2b885381becb7351a8c3962ea3331268918428bbf8f4028c45,3,94207969,0.033151072,1741096738582320,Solana,0.153508825,SOL,0,2,2025-03-04
cx65c9e3d4fea842e00add0d32a5b4c5e4e04c7a6b,cx66d4d90f5f113eba575bf793570135f9b10cece1,cxa0ffa71e76299fbc9005ba7000ccad86f7f22971,0x1f9d860,0x3c3717455efa6b2b885381becb7351a8c3962ea3331268918428bbf8f4028c45,2,94207969,0.033151072,1741096738582320,Solana,0.153508825,SOL,0,2,2025-03-04
cx88fd7df7ddff82f7cc735c871dc519838cb235bb,cxa0ffa71e76299fbc9005ba7000ccad86f7f22971,hx0000000000000000000000000000000000000000,0x3aec444a5783313f,0x3c3717455efa6b2b885381becb7351a8c3962ea3331268918428bbf8f4028c45,1,94207969,4.2458436347900195,1741096738582320,Balanced Dollar,0.153508825,bnUSD,0,2,2025-03-04
cx88fd7df7ddff82f7cc735c871dc519838cb235bb,hxd75467e3e4ce64e3424c747dfb71503017440433,cxa0ffa71e76299fbc9005ba7000ccad86f7f22971,0xa68ae40b960bd80000,0x3c3717455efa6b2b885381becb7351a8c3962ea3331268918428bbf8f4028c45,0,94207969,3072.1676532467814,1741096738582320,Balanced Dollar,0.153508825,bnUSD,0,2,2025-03-04
cxf14dea1cff7ceb29a46e6d04533a08f84441e41d,hx891d1d00f371272c0d2f735d58acd435ffef9e62,hxab5df692abc89645d517619ec2324e659f810f46,0x7de210d0170302,0xb18c86a108e94a0bcebcf5e3b77755fd182e77aa92315bf5b367b5f14d361341,0,94207969,0.03543293392735514,1741096738582320,Blobble Stake Token,0.0040204125,BST,0,1,2025-03-04
cxf61cd5a45dc9f91c15aa65831a30a90d59a09619,cx10d59e8103ab44635190bd4139dbfd682fa2d07e,hx247e7c6b63c63d5b04c539373a0fbcffbdedd358,0x692389525a921d1b,0x39e4b2b730f35618eaec253ae49382ae5cc51b697fdd6b29efb21475a2fdc5ee,3,94207967,7.576049984967155,1741096734570008,Balance Token,0.0908926625,BALN,0,2,2025-03-04
cx2609b924e33ef00b648a409245c7ea394c467824,cx10d59e8103ab44635190bd4139dbfd682fa2d07e,hx247e7c6b63c63d5b04c539373a0fbcffbdedd358,0x10caa65415ec146491,0x39e4b2b730f35618eaec253ae49382ae5cc51b697fdd6b29efb21475a2fdc5ee,1,94207967,309.75035647428007,1741096734570008,Staked ICX,0.0908926625,sICX,0,2,2025-03-04
cxf14dea1cff7ceb29a46e6d04533a08f84441e41d,hx891d1d00f371272c0d2f735d58acd435ffef9e62,hxbda9ea6ce93b75cc2f3234fe2d3c84fa8083a420,0x2756a5410730f0a,0xd530818d11898ff8fbdbcc4a2d41ce6cabb6d281ef7283ebcdd0378ca000693d,0,94207967,0.17716466963677568,1741096734570008,Blobble Stake Token,0.0040241625,BST,0,1,2025-03-04
cxf14dea1cff7ceb29a46e6d04533a08f84441e41d,hx891d1d00f371272c0d2f735d58acd435ffef9e62,hxc0a2c4b422657ff499640f07606b1516e9935b9b,0xfbc421a02e0604,0x4cc73c21af179bb700bd7c49b75fb9e8bbf5f6567c0523fe25a5358746024a7e,0,94207965,0.07086586785471027,1741096730481143,Blobble Stake Token,0.0040216625,BST,0,1,2025-03-04
cx88fd7df7ddff82f7cc735c871dc519838cb235bb,cxa0af3165c08318e988cb30993b3048335b94af6c,cx5faae53c4dbd1fbe4a2eb4aab6565030f10da5c6,0x14c55c89a9f9707,0x88defc5335ea5a1dd87a32c5f81dfd9c8f2ff9718497d8d27aa0ce6baab59641,2,94207963,0.0935440123439081,1741096726408282,Balanced Dollar,0.0569765875,bnUSD,0,2,2025-03-04
cx88fd7df7ddff82f7cc735c871dc519838cb235bb,cxa0af3165c08318e988cb30993b3048335b94af6c,hxd75467e3e4ce64e3424c747dfb71503017440433,0x35efb3bd81f665f7c,0x88defc5335ea5a1dd87a32c5f81dfd9c8f2ff9718497d8d27aa0ce6baab59641,1,94207963,62.18436207927403,1741096726408282,Balanced Dollar,0.0569765875,bnUSD,0,2,2025-03-04
cx288d13e1b63563459a2ac6179f237711f6851cb5,hxd75467e3e4ce64e3424c747dfb71503017440433,cxa0af3165c08318e988cb30993b3048335b94af6c,0x6a94d74f430000,0x88defc5335ea5a1dd87a32c5f81dfd9c8f2ff9718497d8d27aa0ce6baab59641,0,94207963,0.03,1741096726408282,Ethereum,0.0569765875,ETH,0,2,2025-03-04
cxf14dea1cff7ceb29a46e6d04533a08f84441e41d,hx891d1d00f371272c0d2f735d58acd435ffef9e62,hx62207d1640bf8e1fefe9bcfe64366cbbd7ce3330,0x2756a5410730f0a,0x38d524e9eda44c398d59ff26eac2293484613a1f4670680608b9f29145b82dd1,0,94207963,0.17716466963677568,1741096726408282,Blobble Stake Token,0.0040241625,BST,0,1,2025-03-04
cxf14dea1cff7ceb29a46e6d04533a08f84441e41d,hx891d1d00f371272c0d2f735d58acd435ffef9e62,hx8107ca0ebc0e7eb23b58e5d77f589bbe70ad4cb0,0xfbc421a02e0604,0xde1c17e657552f926c9ed8108bc6fb80afd2fe54dba65be28f27f7dc44848845,0,94207961,0.07086586785471027,1741096722480333,Blobble Stake Token,0.004022975,BST,0,1,2025-03-04
cxf14dea1cff7ceb29a46e6d04533a08f84441e41d,hx891d1d00f371272c0d2f735d58acd435ffef9e62,hx970eda4988e547df0de8324226fdf3e8ebc9734f,0x7de210d0170302,0x0ec74b76e1f5d1be3f92b1ef1eaeb9d84c814263d1687d5e954fc0c792febea9,0,94207959,0.03543293392735514,1741096718387631,Blobble Stake Token,0.0040204125,BST,0,1,2025-03-04
cx88fd7df7ddff82f7cc735c871dc519838cb235bb,cx21e94c08c03daee80c25d8ee3ea22a20786ec231,hx7497c286aa521b09b2b54d78cde3fa4573c0e157,0x64cbdd4892f8085a,0xe1f9978816c4870823adcf645221a07a44b017139733ed8de42818ed39b0834b,13,94207958,7.26314212783817,1741096716540406,Balanced Dollar,0.19203795,bnUSD,0,1,2025-03-04
cx5b5a03cb525a1845d0af3a872d525b18a810acb0,cx21e94c08c03daee80c25d8ee3ea22a20786ec231,cxa0af3165c08318e988cb30993b3048335b94af6c,0x4ce7e28c3a41,0xe1f9978816c4870823adcf645221a07a44b017139733ed8de42818ed39b0834b,12,94207958,8.4558821997121e-05,1741096716540406,btp-0x38.bsc-BTCB,0.19203795,BTCB,0,1,2025-03-04
cx88fd7df7ddff82f7cc735c871dc519838cb235bb,cxa0af3165c08318e988cb30993b3048335b94af6c,cx5faae53c4dbd1fbe4a2eb4aab6565030f10da5c6,0x2658ddcc36604f,0xe1f9978816c4870823adcf645221a07a44b017139733ed8de42818ed39b0834b,10,94207958,0.010793758752137296,1741096716540406,Balanced Dollar,0.19203795,bnUSD,0,1,2025-03-04
cx88fd7df7ddff82f7cc735c871dc519838cb235bb,cxa0af3165c08318e988cb30993b3048335b94af6c,cx21e94c08c03daee80c25d8ee3ea22a20786ec231,0x64cbdd4892f8085a,0xe1f9978816c4870823adcf645221a07a44b017139733ed8de42818ed39b0834b,9,94207958,7.26314212783817,1741096716540406,Balanced Dollar,0.19203795,bnUSD,0,1,2025-03-04
cx5b5a03cb525a1845d0af3a872d525b18a810acb0,cxa0af3165c08318e988cb30993b3048335b94af6c,cx5faae53c4dbd1fbe4a2eb4aab6565030f10da5c6,0x1d8ba040b4,0xe1f9978816c4870823adcf645221a07a44b017139733ed8de42818ed39b0834b,7,94207958,1.26896586932e-07,1741096716540406,btp-0x38.bsc-BTCB,0.19203795,BTCB,0,1,2025-03-04
cx5b5a03cb525a1845d0af3a872d525b18a810acb0,cxa0af3165c08318e988cb30993b3048335b94af6c,cx21e94c08c03daee80c25d8ee3ea22a20786ec231,0x4ce7e28c3a41,0xe1f9978816c4870823adcf645221a07a44b017139733ed8de42818ed39b0834b,6,94207958,8.4558821997121e-05,1741096716540406,btp-0x38.bsc-BTCB,0.19203795,BTCB,0,1,2025-03-04
cx2609b924e33ef00b648a409245c7ea394c467824,cx21e94c08c03daee80c25d8ee3ea22a20786ec231,cxa0af3165c08318e988cb30993b3048335b94af6c,0x2c81c23bb54106def,0xe1f9978816c4870823adcf645221a07a44b017139733ed8de42818ed39b0834b,5,94207958,51.312927541828806,1741096716540406,Staked ICX,0.19203795,sICX,0,1,2025-03-04
cx88fd7df7ddff82f7cc735c871dc519838cb235bb,cxa0af3165c08318e988cb30993b3048335b94af6c,cx5faae53c4dbd1fbe4a2eb4aab6565030f10da5c6,0x26062d31ce4792,0xe1f9978816c4870823adcf645221a07a44b017139733ed8de42818ed39b0834b,3,94207958,0.010702840293902225,1741096716540406,Balanced Dollar,0.19203795,bnUSD,0,1,2025-03-04
cx2609b924e33ef00b648a409245c7ea394c467824,cxa0af3165c08318e988cb30993b3048335b94af6c,cx21e94c08c03daee80c25d8ee3ea22a20786ec231,0x2c81c23bb54106def,0xe1f9978816c4870823adcf645221a07a44b017139733ed8de42818ed39b0834b,2,94207958,51.312927541828806,1741096716540406,Staked ICX,0.19203795,sICX,0,1,2025-03-04
cx88fd7df7ddff82f7cc735c871dc519838cb235bb,cx21e94c08c03daee80c25d8ee3ea22a20786ec231,cxa0af3165c08318e988cb30993b3048335b94af6c,0x63056b07092fb800,0xe1f9978816c4870823adcf645221a07a44b017139733ed8de42818ed39b0834b,1,94207958,7.135226862601484,1741096716540406,Balanced Dollar,0.19203795,bnUSD,0,1,2025-03-04
cx88fd7df7ddff82f7cc735c871dc519838cb235bb,hx7497c286aa521b09b2b54d78cde3fa4573c0e157,cx21e94c08c03daee80c25d8ee3ea22a20786ec231,0x63056b07092fb800,0xe1f9978816c4870823adcf645221a07a44b017139733ed8de42818ed39b0834b,0,94207958,7.135226862601484,1741096716540406,Balanced Dollar,0.19203795,bnUSD,0,1,2025-03-04
cxf14dea1cff7ceb29a46e6d04533a08f84441e41d,hx891d1d00f371272c0d2f735d58acd435ffef9e62,hxb946c680221e6ff41de8a2b62fd810315ce65fb9,0x179a63270450906,0x39dbefc76ac2a725c7969fb20793cc88c88a3c55ad903f5e77c7ccdcffae27c1,0,94207957,0.10629880178206541,1741096714517676,Blobble Stake Token,0.0040241625,BST,0,1,2025-03-04
cxf14dea1cff7ceb29a46e6d04533a08f84441e41d,hx891d1d00f371272c0d2f735d58acd435ffef9e62,hx25ee33bbaf76616b432dfb4b785beb1f92db07c9,0x7de210d0170302,0xd45bb2a4716ca2107d06ff570d3e50785c4bd03a8c08a25df6e56cb84997068d,0,94207955,0.03543293392735514,1741096710461507,Blobble Stake Token,0.0040204125,BST,0,3,2025-03-04
cx88fd7df7ddff82f7cc735c871dc519838cb235bb,cx21e94c08c03daee80c25d8ee3ea22a20786ec231,hx7497c286aa521b09b2b54d78cde3fa4573c0e157,0x92f7e6d50c250d282,0x6cff3feb6a5a9896c8ad493ed6bd6e8934c08ace435afc32e2b2385bc253a57f,20,94207955,169.442989623859,1741096710461507,Balanced Dollar,0.4224297125,bnUSD,0,1,2025-03-04
cx88fd7df7ddff82f7cc735c871dc519838cb235bb,cxa0af3165c08318e988cb30993b3048335b94af6c,cx5faae53c4dbd1fbe4a2eb4aab6565030f10da5c6,0x388143d98e6546e,0x6cff3feb6a5a9896c8ad493ed6bd6e8934c08ace435afc32e2b2385bc253a57f,18,94207955,0.2544756337372253,1741096710461507,Balanced Dollar,0.4224297125,bnUSD,0,1,2025-03-04
cx88fd7df7ddff82f7cc735c871dc519838cb235bb,cxa0af3165c08318e988cb30993b3048335b94af6c,cx21e94c08c03daee80c25d8ee3ea22a20786ec231,0x92f7e6d50c250d282,0x6cff3feb6a5a9896c8ad493ed6bd6e8934c08ace435afc32e2b2385bc253a57f,17,94207955,169.442989623859,1741096710461507,Balanced Dollar,0.4224297125,bnUSD,0,1,2025-03-04
cxf61cd5a45dc9f91c15aa65831a30a90d59a09619,cx21e94c08c03daee80c25d8ee3ea22a20786ec231,cxa0af3165c08318e988cb30993b3048335b94af6c,0x4eb31f008a875ec7ef,0x6cff3feb6a5a9896c8ad493ed6bd6e8934c08ace435afc32e2b2385bc253a57f,16,94207955,1451.7530734013887,1741096710461507,Balance Token,0.4224297125,BALN,0,1,2025-03-04
cx2609b924e33ef00b648a409245c7ea394c467824,cx203d9cd2a669be67177e997b8948ce2c35caffae,cx835b300dcfe01f0bdb794e134a0c5628384f4367,0x1827b02c442cfdcb,0x6cff3feb6a5a9896c8ad493ed6bd6e8934c08ace435afc32e2b2385bc253a57f,13,94207955,1.7405534851708349,1741096710461507,Staked ICX,0.4224297125,sICX,0,1,2025-03-04
cx2609b924e33ef00b648a409245c7ea394c467824,cx5faae53c4dbd1fbe4a2eb4aab6565030f10da5c6,cx203d9cd2a669be67177e997b8948ce2c35caffae,0x2281d71aaa896a91,0x6cff3feb6a5a9896c8ad493ed6bd6e8934c08ace435afc32e2b2385bc253a57f,10,94207955,2.4865049788154785,1741096710461507,Staked ICX,0.4224297125,sICX,0,1,2025-03-04
cx2609b924e33ef00b648a409245c7ea394c467824,cx5faae53c4dbd1fbe4a2eb4aab6565030f10da5c6,cxdc30a0d3a1f131565c071272a20bc0b06fd4c17b,0x2281d71aaa896a91,0x6cff3feb6a5a9896c8ad493ed6bd6e8934c08ace435afc32e2b2385bc253a57f,8,94207955,2.4865049788154785,1741096710461507,Staked ICX,0.4224297125,sICX,0,1,2025-03-04
cx2609b924e33ef00b648a409245c7ea394c467824,cxa0af3165c08318e988cb30993b3048335b94af6c,cx5faae53c4dbd1fbe4a2eb4aab6565030f10da5c6,0x194bcf64d3adce8f,0x6cff3feb6a5a9896c8ad493ed6bd6e8934c08ace435afc32e2b2385bc253a57f,7,94207955,1.82277850615656,1741096710461507,Staked ICX,0.4224297125,sICX,0,1,2025-03-04
cxf61cd5a45dc9f91c15aa65831a30a90d59a09619,cxa0af3165c08318e988cb30993b3048335b94af6c,cx21e94c08c03daee80c25d8ee3ea22a20786ec231,0x4eb31f008a875ec7ef,0x6cff3feb6a5a9896c8ad493ed6bd6e8934c08ace435afc32e2b2385bc253a57f,6,94207955,1451.7530734013887,1741096710461507,Balance Token,0.4224297125,BALN,0,1,2025-03-04
cx2609b924e33ef00b648a409245c7ea394c467824,cx21e94c08c03daee80c25d8ee3ea22a20786ec231,cxa0af3165c08318e988cb30993b3048335b94af6c,0x41e016c13c949f3f98,0x6cff3feb6a5a9896c8ad493ed6bd6e8934c08ace435afc32e2b2385bc253a57f,5,94207955,1215.1856707710401,1741096710461507,Staked ICX,0.4224297125,sICX,0,1,2025-03-04
cx88fd7df7ddff82f7cc735c871dc519838cb235bb,cxa0af3165c08318e988cb30993b3048335b94af6c,cx5faae53c4dbd1fbe4a2eb4aab6565030f10da5c6,0x3844bcb716740f5,0x6cff3feb6a5a9896c8ad493ed6bd6e8934c08ace435afc32e2b2385bc253a57f,3,94207955,0.25341081619262695,1741096710461507,Balanced Dollar,0.4224297125,bnUSD,0,1,2025-03-04
cx2609b924e33ef00b648a409245c7ea394c467824,cxa0af3165c08318e988cb30993b3048335b94af6c,cx21e94c08c03daee80c25d8ee3ea22a20786ec231,0x41e016c13c949f3f98,0x6cff3feb6a5a9896c8ad493ed6bd6e8934c08ace435afc32e2b2385bc253a57f,2,94207955,1215.1856707710401,1741096710461507,Staked ICX,0.4224297125,sICX,0,1,2025-03-04
cx88fd7df7ddff82f7cc735c871dc519838cb235bb,cx21e94c08c03daee80c25d8ee3ea22a20786ec231,cxa0af3165c08318e988cb30993b3048335b94af6c,0x9288561cca78e8000,0x6cff3feb6a5a9896c8ad493ed6bd6e8934c08ace435afc32e2b2385bc253a57f,1,94207955,168.94054412841797,1741096710461507,Balanced Dollar,0.4224297125,bnUSD,0,1,2025-03-04
cx88fd7df7ddff82f7cc735c871dc519838cb235bb,hx7497c286aa521b09b2b54d78cde3fa4573c0e157,cx21e94c08c03daee80c25d8ee3ea22a20786ec231,0x9288561cca78e8000,0x6cff3feb6a5a9896c8ad493ed6bd6e8934c08ace435afc32e2b2385bc253a57f,0,94207955,168.94054412841797,1741096710461507,Balanced Dollar,0.4224297125,bnUSD,0,1,2025-03-04
cx88fd7df7ddff82f7cc735c871dc519838cb235bb,cx21e94c08c03daee80c25d8ee3ea22a20786ec231,hx53796e5b7b4c5c8e5531b2c965f73460a2708db3,0x6e5dbe5c555d4f55cf,0xefeab82c04ea8cd058a2cae36b860ad083efaf039afd6bcecfb0d9a92b895bb6,5,94207954,2035.8967861208605,1741096708453869,Balanced Dollar,0.1103854625,bnUSD,0,1,2025-03-04
cx88fd7df7ddff82f7cc735c871dc519838cb235bb,cxa0af3165c08318e988cb30993b3048335b94af6c,cx5faae53c4dbd1fbe4a2eb4aab6565030f10da5c6,0x2a680615e211c28d,0xefeab82c04ea8cd058a2cae36b860ad083efaf039afd6bcecfb0d9a92b895bb6,3,94207954,3.055699038227776,1741096708453869,Balanced Dollar,0.1103854625,bnUSD,0,1,2025-03-04
cx88fd7df7ddff82f7cc735c871dc519838cb235bb,cxa0af3165c08318e988cb30993b3048335b94af6c,cx21e94c08c03daee80c25d8ee3ea22a20786ec231,0x6e5dbe5c555d4f55cf,0xefeab82c04ea8cd058a2cae36b860ad083efaf039afd6bcecfb0d9a92b895bb6,2,94207954,2035.8967861208605,1741096708453869,Balanced Dollar,0.1103854625,bnUSD,0,1,2025-03-04
cx2609b924e33ef00b648a409245c7ea394c467824,cx21e94c08c03daee80c25d8ee3ea22a20786ec231,cxa0af3165c08318e988cb30993b3048335b94af6c,0x31ce37b140fe2300000,0xefeab82c04ea8cd058a2cae36b860ad083efaf039afd6bcecfb0d9a92b895bb6,1,94207954,14700.0,1741096708453869,Staked ICX,0.1103854625,sICX,0,1,2025-03-04
cx2609b924e33ef00b648a409245c7ea394c467824,hx53796e5b7b4c5c8e5531b2c965f73460a2708db3,cx21e94c08c03daee80c25d8ee3ea22a20786ec231,0x31ce37b140fe2300000,0xefeab82c04ea8cd058a2cae36b860ad083efaf039afd6bcecfb0d9a92b895bb6,0,94207954,14700.0,1741096708453869,Staked ICX,0.1103854625,sICX,0,1,2025-03-04
cxf14dea1cff7ceb29a46e6d04533a08f84441e41d,hx891d1d00f371272c0d2f735d58acd435ffef9e62,hxf270f35cbdacd1964e1a8366b65cd508a2ff105c,0x7de210d0170302,0xb0836fdbad389275ec38bb56501ea765b05a002cbdf7f3220226fb90eaa3e2a5,0,94207953,0.03543293392735514,1741096706468362,Blobble Stake Token,0.0040204125,BST,0,2,2025-03-04
cx88fd7df7ddff82f7cc735c871dc519838cb235bb,cxa0af3165c08318e988cb30993b3048335b94af6c,cx5faae53c4dbd1fbe4a2eb4aab6565030f10da5c6,0x14c6dc8485293d3,0xfc353ad144140bb4eaa437cc6f1b6b2edbf4436e8fddd4c704b59b62667547f6,2,94207951,0.09357039924219593,1741096702429686,Balanced Dollar,0.0569765875,bnUSD,0,2,2025-03-04
cx88fd7df7ddff82f7cc735c871dc519838cb235bb,cxa0af3165c08318e988cb30993b3048335b94af6c,hxd75467e3e4ce64e3424c747dfb71503017440433,0x35f398e63403b51a1,0xfc353ad144140bb4eaa437cc6f1b6b2edbf4436e8fddd4c704b59b62667547f6,1,94207951,62.201904285334855,1741096702429686,Balanced Dollar,0.0569765875,bnUSD,0,2,2025-03-04
cx288d13e1b63563459a2ac6179f237711f6851cb5,hxd75467e3e4ce64e3424c747dfb71503017440433,cxa0af3165c08318e988cb30993b3048335b94af6c,0x6a94d74f430000,0xfc353ad144140bb4eaa437cc6f1b6b2edbf4436e8fddd4c704b59b62667547f6,0,94207951,0.03,1741096702429686,Ethereum,0.0569765875,ETH,0,2,2025-03-04
cxf14dea1cff7ceb29a46e6d04533a08f84441e41d,hx891d1d00f371272c0d2f735d58acd435ffef9e62,hx7ce6b7b82843388bf0b4e1bd826f68a3afd8ab1f,0x1f78843405c0c08,0x88da33aad39a4859825b85a4c65fe477bd921082af9387ee3514cb1a366ec3e2,0,94207951,0.14173173570942055,1741096702429686,Blobble Stake Token,0.0040241625,BST,0,1,2025-03-04
cxf14dea1cff7ceb29a46e6d04533a08f84441e41d,hx891d1d00f371272c0d2f735d58acd435ffef9e62,hxa9ebee56a07790b3bc222a85d097eba61ea17f7d,0x7de210d0170302,0xc64681f23fa23d29c5dded15ce055b829748eb2a6b2e0a182ced55a341b771d1,0,94207949,0.03543293392735514,1741096698371353,Blobble Stake Token,0.0040204125,BST,0,1,2025-03-04
cxf14dea1cff7ceb29a46e6d04533a08f84441e41d,hx891d1d00f371272c0d2f735d58acd435ffef9e62,hxc470b44679cadcad6ec05d3b8e701292274cb5d7,0x7de210d0170302,0xb8302e36ea8f8cd6b998c45e50efe857897978342ee644d793b00b3f408d2ebd,0,94207947,0.03543293392735514,1741096694570877,Blobble Stake Token,0.0040204125,BST,0,1,2025-03-04
cxf14dea1cff7ceb29a46e6d04533a08f84441e41d,hx891d1d00f371272c0d2f735d58acd435ffef9e62,hx9dffde8442c8edad4ab47b18c650b750bf7fc400,0x2756a5410730f0a,0x0edb81d9fa92ea0abd0ba49f3e2b0c239e8e7ca85dd9c615ab847ec228067ed3,0,94207945,0.17716466963677568,1741096690469191,Blobble Stake Token,0.0040241625,BST,0,2,2025-03-04
cx88fd7df7ddff82f7cc735c871dc519838cb235bb,cxa0af3165c08318e988cb30993b3048335b94af6c,cx5faae53c4dbd1fbe4a2eb4aab6565030f10da5c6,0xe49b0f497f1460,0x41a876e12c53224cbd8ccf190c9d159f7a0fc4a26fba9ff07e2802f2bdea3bc4,2,94207945,0.06434678464990934,1741096690469191,Balanced Dollar,0.05694565,bnUSD,0,1,2025-03-04
cx88fd7df7ddff82f7cc735c871dc519838cb235bb,cxa0af3165c08318e988cb30993b3048335b94af6c,hxd75467e3e4ce64e3424c747dfb71503017440433,0x251ae51857ccf23c2,0x41a876e12c53224cbd8ccf190c9d159f7a0fc4a26fba9ff07e2802f2bdea3bc4,1,94207945,42.77921954420537,1741096690469191,Balanced Dollar,0.05694565,bnUSD,0,1,2025-03-04
cx4297f4b63262507623b6ad575d0d8dd2db980e4e,hxd75467e3e4ce64e3424c747dfb71503017440433,cxa0af3165c08318e988cb30993b3048335b94af6c,0x3782dace9d900000,0x41a876e12c53224cbd8ccf190c9d159f7a0fc4a26fba9ff07e2802f2bdea3bc4,0,94207945,4.0,1741096690469191,Injective,0.05694565,INJ,0,1,2025-03-04
cxf14dea1cff7ceb29a46e6d04533a08f84441e41d,hx891d1d00f371272c0d2f735d58acd435ffef9e62,hx53bd3ba841728a31952ba8fe36ed060afbd4945d,0x3712e75b0a1150e,0x53f5d111cbd13e5c77a373628355c6a884653c3531b56a59b63d636b24ae2925,0,94207943,0.24803053749148596,1741096686438126,Blobble Stake Token,0.004025475,BST,0,1,2025-03-04
cxf14dea1cff7ceb29a46e6d04533a08f84441e41d,hx891d1d00f371272c0d2f735d58acd435ffef9e62,hx9092a3fc19763f078f069b5406c4433f37b7ea56,0xfbc421a02e0604,0xf84d0326713eb6a6d8fc3a58d69373e739c8ab2337cf2448b97613645b8d62ca,0,94207941,0.07086586785471027,1741096682475553,Blobble Stake Token,0.0040216625,BST,0,1,2025-03-04
cxf14dea1cff7ceb29a46e6d04533a08f84441e41d,hx891d1d00f371272c0d2f735d58acd435ffef9e62,hx184860bb6e243b19ae2b5f6cb0227b614052369a,0x179a63270450906,0x1e50b7fa24e38977a7b7b4c5214687eda16c6a9cb0ee5f79d1a09facde2b85ba,0,94207939,0.10629880178206541,1741096678496658,Blobble Stake Token,0.004025475,BST,0,1,2025-03-04
cxf14dea1cff7ceb29a46e6d04533a08f84441e41d,hx891d1d00f371272c0d2f735d58acd435ffef9e62,hx55a661af5af91ccf9ee99f768eb445db1979d69b,0x7de210d0170302,0x0f0a2ca7a4188d08a8fe0add1687a8ef1c792589a6aa97576c6777dae2fa8da7,0,94207937,0.03543293392735514,1741096674525310,Blobble Stake Token,0.004021725,BST,0,2,2025-03-04
cx88fd7df7ddff82f7cc735c871dc519838cb235bb,cxa0af3165c08318e988cb30993b3048335b94af6c,cx5faae53c4dbd1fbe4a2eb4aab6565030f10da5c6,0x1a34aef1c56051d,0xcff4e787bbd4b8028cfc1e91dd38fd6220224072e65ef438aab3fd28fe1e9d03,2,94207937,0.11802040607480349,1741096674525310,Balanced Dollar,0.0569085875,bnUSD,0,1,2025-03-04
cx88fd7df7ddff82f7cc735c871dc519838cb235bb,cxa0af3165c08318e988cb30993b3048335b94af6c,hxd75467e3e4ce64e3424c747dfb71503017440433,0x440fca1e1f1efe4f3,0xcff4e787bbd4b8028cfc1e91dd38fd6220224072e65ef438aab3fd28fe1e9d03,1,94207937,78.46977199919543,1741096674525310,Balanced Dollar,0.0569085875,bnUSD,0,1,2025-03-04
cx66a031cc3bd305c76371fb586e93801b948254f0,hxd75467e3e4ce64e3424c747dfb71503017440433,cxa0af3165c08318e988cb30993b3048335b94af6c,0x3782dace9d900000,0xcff4e787bbd4b8028cfc1e91dd38fd6220224072e65ef438aab3fd28fe1e9d03,0,94207937,4.0,1741096674525310,Avalanche,0.0569085875,AVAX,0,1,2025-03-04
cxf14dea1cff7ceb29a46e6d04533a08f84441e41d,hx891d1d00f371272c0d2f735d58acd435ffef9e62,hx184860bb6e243b19ae2b5f6cb0227b614052369a,0x1fcab076da1ab3,0x38949a8d55e0372174db1a81be770ca08ff14f1b276e1d519bd6cea2de85823d,0,94207935,0.008948583535090355,1741096670419680,Blobble Stake Token,0.004021725,BST,0,1,2025-03-04
cxf14dea1cff7ceb29a46e6d04533a08f84441e41d,hx891d1d00f371272c0d2f735d58acd435ffef9e62,hx6e26bb673c4af3bb347d1023ec2f460f3f79fcbf,0x1fcab076da1ab3,0xccc57a526895162f0f42471dd9151967e79c17bfaf671205b217fdb0f65e4c2c,0,94207933,0.008948583535090355,1741096666537233,Blobble Stake Token,0.0040204125,BST,0,1,2025-03-04
cxf14dea1cff7ceb29a46e6d04533a08f84441e41d,hx891d1d00f371272c0d2f735d58acd435ffef9e62,hxf270f35cbdacd1964e1a8366b65cd508a2ff105c,0x1fcab076da1ab3,0x0f8c72512435c8277ffd2be4c35bccf4b697eb8134ead0ac6941ee217dd98a7e,0,94207931,0.008948583535090355,1741096662398749,Blobble Stake Token,0.0040204125,BST,0,2,2025-03-04
cxf14dea1cff7ceb29a46e6d04533a08f84441e41d,hx891d1d00f371272c0d2f735d58acd435ffef9e62,hx25ee33bbaf76616b432dfb4b785beb1f92db07c9,0x1fcab076da1ab3,0x49b4ff862065f28019b2dbafad9d9a9fbd06ce91f47569c68b5d3b5a13661f43,0,94207929,0.008948583535090355,1741096658420092,Blobble Stake Token,0.0040204125,BST,0,2,2025-03-04
cx288d13e1b63563459a2ac6179f237711f6851cb5,hx0000000000000000000000000000000000000000,hxd75467e3e4ce64e3424c747dfb71503017440433,0x6efe77ff0a4a800,0x3fd4ecaf0219728a73231f751f94fdc3e69843e7e97e7a4d9af7f06abb91b00b,1,94207928,0.4998726203456,1741096656447473,Ethereum,0.0230416875,ETH,0,1,2025-03-04
cxf14dea1cff7ceb29a46e6d04533a08f84441e41d,hx891d1d00f371272c0d2f735d58acd435ffef9e62,hx691d9ca4e15022f8f629d5c2166a84c494b2decb,0x1fcab076da1ab3,0x79805188bcc9c55a8071aba91a607f430a5f161e7f8054edff96f807c84277c5,0,94207927,0.008948583535090355,1741096654421966,Blobble Stake Token,0.004021725,BST,0,1,2025-03-04
cxf14dea1cff7ceb29a46e6d04533a08f84441e41d,hx891d1d00f371272c0d2f735d58acd435ffef9e62,hx78db693f26e0780fe0b21fcdce78b5d627fbc8c5,0x1fcab076da1ab3,0x1e7ba80e18047910e0fcbc96ff0a330bec3b60cc77a599319b03ada983d79a37,0,94207925,0.008948583535090355,1741096650560603,Blobble Stake Token,0.0040204125,BST,0,1,2025-03-04
cx88fd7df7ddff82f7cc735c871dc519838cb235bb,cxa0af3165c08318e988cb30993b3048335b94af6c,cx5faae53c4dbd1fbe4a2eb4aab6565030f10da5c6,0x1a390cb3bea7f52,0x18f7a30d73ee29cd39c20ca0b8a79a6ce105ffaf13b82d59902bff88949579a8,2,94207924,0.11809721779974945,1741096648364260,Balanced Dollar,0.0569125875,bnUSD,0,1,2025-03-04
cx88fd7df7ddff82f7cc735c871dc519838cb235bb,cxa0af3165c08318e988cb30993b3048335b94af6c,hxd75467e3e4ce64e3424c747dfb71503017440433,0x441b21a176206027d,0x18f7a30d73ee29cd39c20ca0b8a79a6ce105ffaf13b82d59902bff88949579a8,1,94207924,78.52085114088915,1741096648364260,Balanced Dollar,0.0569125875,bnUSD,0,1,2025-03-04
cx66a031cc3bd305c76371fb586e93801b948254f0,hxd75467e3e4ce64e3424c747dfb71503017440433,cxa0af3165c08318e988cb30993b3048335b94af6c,0x3782dace9d900000,0x18f7a30d73ee29cd39c20ca0b8a79a6ce105ffaf13b82d59902bff88949579a8,0,94207924,4.0,1741096648364260,Avalanche,0.0569125875,AVAX,0,1,2025-03-04
cxf14dea1cff7ceb29a46e6d04533a08f84441e41d,hx891d1d00f371272c0d2f735d58acd435ffef9e62,hxbda9ea6ce93b75cc2f3234fe2d3c84fa8083a420,0x1fcab076da1ab3,0xe4c2ae8d7f1f1917686c81166c0900322ac03f1fd88f049e8cfbb7769e85e1d7,0,94207923,0.008948583535090355,1741096646390070,Blobble Stake Token,0.0040204125,BST,0,4,2025-03-04
cxf14dea1cff7ceb29a46e6d04533a08f84441e41d,hx891d1d00f371272c0d2f735d58acd435ffef9e62,hx25ee33bbaf76616b432dfb4b785beb1f92db07c9,0x1fcab076da1ab3,0x3a59af62ec788ef3dae47ec8ff983723023d804dae2e0ef12fb597d6cf8acc76,0,94207921,0.008948583535090355,1741096642451770,Blobble Stake Token,0.0040204125,BST,0,1,2025-03-04
cxf14dea1cff7ceb29a46e6d04533a08f84441e41d,hx891d1d00f371272c0d2f735d58acd435ffef9e62,hx8107ca0ebc0e7eb23b58e5d77f589bbe70ad4cb0,0x1fcab076da1ab3,0xf17ec1bded29dcb5cb7407855c88cb4858212408ec6408a32a9e10eb8abe2891,0,94207919,0.008948583535090355,1741096638556134,Blobble Stake Token,0.004021725,BST,0,1,2025-03-04
cxf14dea1cff7ceb29a46e6d04533a08f84441e41d,hx891d1d00f371272c0d2f735d58acd435ffef9e62,hx53bd3ba841728a31952ba8fe36ed060afbd4945d,0x1fcab076da1ab3,0x65d06c6b9097d6a7028e4d8c7f47d52586187aae105984559b85a69dca0a501f,0,94207917,0.008948583535090355,1741096634538124,Blobble Stake Token,0.004021725,BST,0,1,2025-03-04
cxf14dea1cff7ceb29a46e6d04533a08f84441e41d,hx891d1d00f371272c0d2f735d58acd435ffef9e62,hx6e26bb673c4af3bb347d1023ec2f460f3f79fcbf,0x1fcab076da1ab3,0xd9206ecda5cee1afc41af752f704b92df1de3e6767bf1bd45300578346f33081,0,94207915,0.008948583535090355,1741096630443806,Blobble Stake Token,0.0040204125,BST,0,1,2025-03-04
cx88fd7df7ddff82f7cc735c871dc519838cb235bb,cxa0af3165c08318e988cb30993b3048335b94af6c,cx5faae53c4dbd1fbe4a2eb4aab6565030f10da5c6,0x1a3d6b8d3ad5a76,0xbec28faa601ec4c6ca737bcf57b0d78d21e49c8b76af0630e776f09b3d588d68,2,94207914,0.11817410455544486,1741096628485308,Balanced Dollar,0.0569125875,bnUSD,0,1,2025-03-04
cx88fd7df7ddff82f7cc735c871dc519838cb235bb,cxa0af3165c08318e988cb30993b3048335b94af6c,hxd75467e3e4ce64e3424c747dfb71503017440433,0x44267bfafc1625e7f,0xbec28faa601ec4c6ca737bcf57b0d78d21e49c8b76af0630e776f09b3d588d68,1,94207914,78.57198018552728,1741096628485308,Balanced Dollar,0.0569125875,bnUSD,0,1,2025-03-04
cx66a031cc3bd305c76371fb586e93801b948254f0,hxd75467e3e4ce64e3424c747dfb71503017440433,cxa0af3165c08318e988cb30993b3048335b94af6c,0x3782dace9d900000,0xbec28faa601ec4c6ca737bcf57b0d78d21e49c8b76af0630e776f09b3d588d68,0,94207914,4.0,1741096628485308,Avalanche,0.0569125875,AVAX,0,1,2025-03-04
cxf14dea1cff7ceb29a46e6d04533a08f84441e41d,hx891d1d00f371272c0d2f735d58acd435ffef9e62,hx9092a3fc19763f078f069b5406c4433f37b7ea56,0x1fcab076da1ab3,0x60aabcbd14e24e58b5bb66d06230186e170598c11d8889efdf04dc0f6bcfaf7b,0,94207913,0.008948583535090355,1741096626379495,Blobble Stake Token,0.0040204125,BST,0,1,2025-03-04
cxf14dea1cff7ceb29a46e6d04533a08f84441e41d,hx891d1d00f371272c0d2f735d58acd435ffef9e62,hxb946c680221e6ff41de8a2b62fd810315ce65fb9,0x1fcab076da1ab3,0xb038a7ef6182c0efe78b5cb04735662d8715ed49102a8d241d91529f7eeb8188,0,94207911,0.008948583535090355,1741096622438470,Blobble Stake Token,0.0040204125,BST,0,1,2025-03-04
cxf14dea1cff7ceb29a46e6d04533a08f84441e41d,hx891d1d00f371272c0d2f735d58acd435ffef9e62,hx25ee33bbaf76616b432dfb4b785beb1f92db07c9,0x1fcab076da1ab3,0xdf6ef399e203d4af1aae452b645930e246ca16d08e2305ab5e0bf9ea351b5f38,0,94207909,0.008948583535090355,1741096618351122,Blobble Stake Token,0.0040204125,BST,0,1,2025-03-04
cxf14dea1cff7ceb29a46e6d04533a08f84441e41d,hx891d1d00f371272c0d2f735d58acd435ffef9e62,hx691d9ca4e15022f8f629d5c2166a84c494b2decb,0x1fcab076da1ab3,0x5a43f580738716a89868a3c4e4769a21bb20dff3141eb12920073440677f1e20,0,94207907,0.008948583535090355,1741096614482800,Blobble Stake Token,0.004021725,BST,0,1,2025-03-04
cxf14dea1cff7ceb29a46e6d04533a08f84441e41d,hx891d1d00f371272c0d2f735d58acd435ffef9e62,hx55a661af5af91ccf9ee99f768eb445db1979d69b,0x1fcab076da1ab3,0x06c0d6b64c86820d2d48eb2648e468d272fe8090bff76386df4e8cf1906e085d,0,94207905,0.008948583535090355,1741096610431483,Blobble Stake Token,0.004021725,BST,0,1,2025-03-04
cx88fd7df7ddff82f7cc735c871dc519838cb235bb,cxa0af3165c08318e988cb30993b3048335b94af6c,cx5faae53c4dbd1fbe4a2eb4aab6565030f10da5c6,0xd81e83a8f339d1,0x2b8dde0c082ddc519f84a6c5cae4680745f5b3fd2dda70d1901704b4e079a09a,2,94207904,0.06083214579356309,1741096608404980,Balanced Dollar,0.0473681375,bnUSD,0,1,2025-03-04
cx88fd7df7ddff82f7cc735c871dc519838cb235bb,cxa0af3165c08318e988cb30993b3048335b94af6c,hxd75467e3e4ce64e3424c747dfb71503017440433,0x231454a84a1446eae,0x2b8dde0c082ddc519f84a6c5cae4680745f5b3fd2dda70d1901704b4e079a09a,1,94207904,40.443813962172364,1741096608404980,Balanced Dollar,0.0473681375,bnUSD,0,1,2025-03-04
cx65c9e3d4fea842e00add0d32a5b4c5e4e04c7a6b,hxd75467e3e4ce64e3424c747dfb71503017440433,cxa0af3165c08318e988cb30993b3048335b94af6c,0x11e1a300,0x2b8dde0c082ddc519f84a6c5cae4680745f5b3fd2dda70d1901704b4e079a09a,0,94207904,0.3,1741096608404980,Solana,0.0473681375,SOL,0,1,2025-03-04
cxf14dea1cff7ceb29a46e6d04533a08f84441e41d,hx891d1d00f371272c0d2f735d58acd435ffef9e62,hx6e26bb673c4af3bb347d1023ec2f460f3f79fcbf,0x1fcab076da1ab3,0xf065edf71abeeb71ff8418c08716a94a47f33ecdeda5ed54e74876aedfc55b87,0,94207903,0.008948583535090355,1741096606428086,Blobble Stake Token,0.0040204125,BST,0,1,2025-03-04
cxf14dea1cff7ceb29a46e6d04533a08f84441e41d,hx891d1d00f371272c0d2f735d58acd435ffef9e62,hx6e26bb673c4af3bb347d1023ec2f460f3f79fcbf,0x1fcab076da1ab3,0x818d7f550ded6a7946a79a3f15e8e3f4674aa48cee9b2e16e2c7365c7ff8c446,0,94207901,0.008948583535090355,1741096602399228,Blobble Stake Token,0.0040204125,BST,0,1,2025-03-04
cx88fd7df7ddff82f7cc735c871dc519838cb235bb,cxa0af3165c08318e988cb30993b3048335b94af6c,cx5faae53c4dbd1fbe4a2eb4aab6565030f10da5c6,0x1a41cb7e9725eff,0x20a448a8e4163e03ab37c6c9a1aa87d18415a8a77cd9c55c60d1b48bcf2c0e91,2,94207900,0.11825106643965516,1741096600535455,Balanced Dollar,0.0569125875,bnUSD,0,1,2025-03-04
cx88fd7df7ddff82f7cc735c871dc519838cb235bb,cxa0af3165c08318e988cb30993b3048335b94af6c,hxd75467e3e4ce64e3424c747dfb71503017440433,0x4431d92ba345f964f,0x20a448a8e4163e03ab37c6c9a1aa87d18415a8a77cd9c55c60d1b48bcf2c0e91,1,94207900,78.62315919814424,1741096600535455,Balanced Dollar,0.0569125875,bnUSD,0,1,2025-03-04
cx66a031cc3bd305c76371fb586e93801b948254f0,hxd75467e3e4ce64e3424c747dfb71503017440433,cxa0af3165c08318e988cb30993b3048335b94af6c,0x3782dace9d900000,0x20a448a8e4163e03ab37c6c9a1aa87d18415a8a77cd9c55c60d1b48bcf2c0e91,0,94207900,4.0,1741096600535455,Avalanche,0.0569125875,AVAX,0,1,2025-03-04
cxf14dea1cff7ceb29a46e6d04533a08f84441e41d,hx891d1d00f371272c0d2f735d58acd435ffef9e62,hx6e26bb673c4af3bb347d1023ec2f460f3f79fcbf,0x1fcab076da1ab3,0x5250f8528cb1ced2ebde8cd1df94114c5db218aa272f5f78978c75fad41da49e,0,94207899,0.008948583535090355,1741096598343517,Blobble Stake Token,0.0040204125,BST,0,1,2025-03-04
cxf14dea1cff7ceb29a46e6d04533a08f84441e41d,hx891d1d00f371272c0d2f735d58acd435ffef9e62,hxc0a2c4b422657ff499640f07606b1516e9935b9b,0x1fcab076da1ab3,0xe00b927082ed45ebe157930ec29f3a92ea1a80eb10c58ef123dc4d5115aa93ac,0,94207897,0.008948583535090355,1741096594531998,Blobble Stake Token,0.0040204125,BST,0,1,2025-03-04
cxf14dea1cff7ceb29a46e6d04533a08f84441e41d,hx891d1d00f371272c0d2f735d58acd435ffef9e62,hx6e26bb673c4af3bb347d1023ec2f460f3f79fcbf,0x1fcab076da1ab3,0x5030ecbf1a98ef8cf3f571a3cef7364421bceb9f73eb4883b6e478a9992a303a,0,94207895,0.008948583535090355,1741096590428065,Blobble Stake Token,0.0040204125,BST,0,1,2025-03-04
cx88fd7df7ddff82f7cc735c871dc519838cb235bb,cxa0af3165c08318e988cb30993b3048335b94af6c,cx5faae53c4dbd1fbe4a2eb4aab6565030f10da5c6,0x1a462c8830fc3a6,0xc38dfbac5348d9b65993145d9fc390c7a4692f945e4dcf7c8080ed867162980e,2,94207893,0.1183281035503052,1741096586405631,Balanced Dollar,0.0569125875,bnUSD,0,3,2025-03-04
cx88fd7df7ddff82f7cc735c871dc519838cb235bb,cxa0af3165c08318e988cb30993b3048335b94af6c,hxd75467e3e4ce64e3424c747dfb71503017440433,0x443d39345e5a97b69,0xc38dfbac5348d9b65993145d9fc390c7a4692f945e4dcf7c8080ed867162980e,1,94207893,78.67438824388044,1741096586405631,Balanced Dollar,0.0569125875,bnUSD,0,3,2025-03-04
cx66a031cc3bd305c76371fb586e93801b948254f0,hxd75467e3e4ce64e3424c747dfb71503017440433,cxa0af3165c08318e988cb30993b3048335b94af6c,0x3782dace9d900000,0xc38dfbac5348d9b65993145d9fc390c7a4692f945e4dcf7c8080ed867162980e,0,94207893,4.0,1741096586405631,Avalanche,0.0569125875,AVAX,0,3,2025-03-04
cxf14dea1cff7ceb29a46e6d04533a08f84441e41d,hx891d1d00f371272c0d2f735d58acd435ffef9e62,hx81d4f834b91569b43cde903ec241eb1fce64a171,0x1fcab076da1ab3,0xc2bc86acaf1e5692f55dbc4bf881743247044688c15f90fb8c0f2ee4afb3fccb,0,94207893,0.008948583535090355,1741096586405631,Blobble Stake Token,0.0040204125,BST,0,1,2025-03-04
cxf14dea1cff7ceb29a46e6d04533a08f84441e41d,hx891d1d00f371272c0d2f735d58acd435ffef9e62,hx53bd3ba841728a31952ba8fe36ed060afbd4945d,0x1fcab076da1ab3,0x89614d6784baab9e1e29bb2caf4104bcf74969636153c09effa624c020e1e3ea,0,94207891,0.008948583535090355,1741096582435629,Blobble Stake Token,0.004021725,BST,0,1,2025-03-04
cx88fd7df7ddff82f7cc735c871dc519838cb235bb,cxa0af3165c08318e988cb30993b3048335b94af6c,cx5faae53c4dbd1fbe4a2eb4aab6565030f10da5c6,0xd83bd175be2d30,0xeb70df87b438be3920f94a4aa66d27fe816d56a90b2c13ca957b4993692acd97,2,94207890,0.06086436577910302,1741096580417051,Balanced Dollar,0.0473681375,bnUSD,0,1,2025-03-04
cx88fd7df7ddff82f7cc735c871dc519838cb235bb,cxa0af3165c08318e988cb30993b3048335b94af6c,hxd75467e3e4ce64e3424c747dfb71503017440433,0x231916797e33a8f99,0xeb70df87b438be3920f94a4aa66d27fe816d56a90b2c13ca957b4993692acd97,1,94207890,40.46523802895061,1741096580417051,Balanced Dollar,0.0473681375,bnUSD,0,1,2025-03-04
cx65c9e3d4fea842e00add0d32a5b4c5e4e04c7a6b,hxd75467e3e4ce64e3424c747dfb71503017440433,cxa0af3165c08318e988cb30993b3048335b94af6c,0x11e1a300,0xeb70df87b438be3920f94a4aa66d27fe816d56a90b2c13ca957b4993692acd97,0,94207890,0.3,1741096580417051,Solana,0.0473681375,SOL,0,1,2025-03-04
cxf14dea1cff7ceb29a46e6d04533a08f84441e41d,hx891d1d00f371272c0d2f735d58acd435ffef9e62,hx9092a3fc19763f078f069b5406c4433f37b7ea56,0x1fcab076da1ab3,0x0b77a623891d39c27f802a0431f9f902a083869b009e876a5c1fdc4d99903c18,0,94207889,0.008948583535090355,1741096578469408,Blobble Stake Token,0.0040204125,BST,0,1,2025-03-04
cxf14dea1cff7ceb29a46e6d04533a08f84441e41d,hx891d1d00f371272c0d2f735d58acd435ffef9e62,hx9092a3fc19763f078f069b5406c4433f37b7ea56,0x1fcab076da1ab3,0xba3d5e8d270284d9aee52d1a3736ebf9c614db01809fba8333432472fec43c83,0,94207887,0.008948583535090355,1741096574461187,Blobble Stake Token,0.0040204125,BST,0,1,2025-03-04
cxf14dea1cff7ceb29a46e6d04533a08f84441e41d,hx891d1d00f371272c0d2f735d58acd435ffef9e62,hx6e26bb673c4af3bb347d1023ec2f460f3f79fcbf,0x1fcab076da1ab3,0xbc50464a238a709f52d9d1582f4defc65430bebd96f73a8c39b665adf3294011,0,94207885,0.008948583535090355,1741096570393173,Blobble Stake Token,0.0040204125,BST,0,2,2025-03-04
cx88fd7df7ddff82f7cc735c871dc519838cb235bb,cxa0af3165c08318e988cb30993b3048335b94af6c,cx5faae53c4dbd1fbe4a2eb4aab6565030f10da5c6,0xe4b6907a67bfd8,0x2dc2a8b2fd7c2f0e8040af2dc713d261776d5eb20b4701b5b952f1c96ea3cb0f,2,94207885,0.0643770263351951,1741096570393173,Balanced Dollar,0.05694565,bnUSD,0,1,2025-03-04
cx88fd7df7ddff82f7cc735c871dc519838cb235bb,cxa0af3165c08318e988cb30993b3048335b94af6c,hxd75467e3e4ce64e3424c747dfb71503017440433,0x251f5c165e5c1f012,0x2dc2a8b2fd7c2f0e8040af2dc713d261776d5eb20b4701b5b952f1c96ea3cb0f,1,94207885,42.79932727717593,1741096570393173,Balanced Dollar,0.05694565,bnUSD,0,1,2025-03-04
cx4297f4b63262507623b6ad575d0d8dd2db980e4e,hxd75467e3e4ce64e3424c747dfb71503017440433,cxa0af3165c08318e988cb30993b3048335b94af6c,0x3782dace9d900000,0x2dc2a8b2fd7c2f0e8040af2dc713d261776d5eb20b4701b5b952f1c96ea3cb0f,0,94207885,4.0,1741096570393173,Injective,0.05694565,INJ,0,1,2025-03-04
cxf14dea1cff7ceb29a46e6d04533a08f84441e41d,hx891d1d00f371272c0d2f735d58acd435ffef9e62,hx81d4f834b91569b43cde903ec241eb1fce64a171,0x1fcab076da1ab3,0x5c94d36b25d39d87588967f66f69b96b4b780c9d848a29659425f01c2a1c3ee4,0,94207883,0.008948583535090355,1741096566533139,Blobble Stake Token,0.0040204125,BST,0,1,2025-03-04
cxf14dea1cff7ceb29a46e6d04533a08f84441e41d,hx891d1d00f371272c0d2f735d58acd435ffef9e62,hx6e26bb673c4af3bb347d1023ec2f460f3f79fcbf,0x1fcab076da1ab3,0x08f7eb9aa83bab65b838d40f8ce176cf7e60ae6f358c892fb9802505e75c12f9,0,94207881,0.008948583535090355,1741096562364800,Blobble Stake Token,0.0040204125,BST,0,1,2025-03-04
cxf14dea1cff7ceb29a46e6d04533a08f84441e41d,hx891d1d00f371272c0d2f735d58acd435ffef9e62,hxb946c680221e6ff41de8a2b62fd810315ce65fb9,0x1fcab076da1ab3,0xababc84b3aa25d9efb8fec8687aa1fc9dd16546fda04849a2302d051b7beb89c,0,94207879,0.008948583535090355,1741096558386956,Blobble Stake Token,0.0040204125,BST,0,1,2025-03-04
cxf14dea1cff7ceb29a46e6d04533a08f84441e41d,hx891d1d00f371272c0d2f735d58acd435ffef9e62,hxab5df692abc89645d517619ec2324e659f810f46,0x1fcab076da1ab3,0x6660d1f8536504b3f89a9162f91d0adff3dadbd72e3ebdac77f89c0b8d5c6cba,0,94207877,0.008948583535090355,1741096554388838,Blobble Stake Token,0.0040204125,BST,0,1,2025-03-04
cx88fd7df7ddff82f7cc735c871dc519838cb235bb,cxa0af3165c08318e988cb30993b3048335b94af6c,cx5faae53c4dbd1fbe4a2eb4aab6565030f10da5c6,0xd85925391764b0,0xc945031163b20bf4b8491bf862aca9d9cace28564ff336e5ac66bf2ce51cb69a,2,94207876,0.060896611375998125,1741096552386606,Balanced Dollar,0.04736545,bnUSD,0,1,2025-03-04
cx88fd7df7ddff82f7cc735c871dc519838cb235bb,cxa0af3165c08318e988cb30993b3048335b94af6c,hxd75467e3e4ce64e3424c747dfb71503017440433,0x231dd9428ba150036,0xc945031163b20bf4b8491bf862aca9d9cace28564ff336e5ac66bf2ce51cb69a,1,94207876,40.48667912777217,1741096552386606,Balanced Dollar,0.04736545,bnUSD,0,1,2025-03-04
cx65c9e3d4fea842e00add0d32a5b4c5e4e04c7a6b,hxd75467e3e4ce64e3424c747dfb71503017440433,cxa0af3165c08318e988cb30993b3048335b94af6c,0x11e1a300,0xc945031163b20bf4b8491bf862aca9d9cace28564ff336e5ac66bf2ce51cb69a,0,94207876,0.3,1741096552386606,Solana,0.04736545,SOL,0,1,2025-03-04
cxf14dea1cff7ceb29a46e6d04533a08f84441e41d,hx891d1d00f371272c0d2f735d58acd435ffef9e62,hx8107ca0ebc0e7eb23b58e5d77f589bbe70ad4cb0,0x1fcab076da1ab3,0x9a89de5c4ad441151d0fb312a62f535e282939bfafc80d9fdd694cb11257a78d,0,94207875,0.008948583535090355,1741096550535028,Blobble Stake Token,0.004021725,BST,0,1,2025-03-04
cxf14dea1cff7ceb29a46e6d04533a08f84441e41d,hx891d1d00f371272c0d2f735d58acd435ffef9e62,hx25ee33bbaf76616b432dfb4b785beb1f92db07c9,0x1fcab076da1ab3,0x723af96dbaa4abf2f192b10f689d2cfd89371bb9fa4ca46534cd37e90196820d,0,94207873,0.008948583535090355,1741096546353179,Blobble Stake Token,0.0040204125,BST,0,1,2025-03-04
cx88fd7df7ddff82f7cc735c871dc519838cb235bb,cxa0af3165c08318e988cb30993b3048335b94af6c,cx5faae53c4dbd1fbe4a2eb4aab6565030f10da5c6,0x1a4a8eaa65e2ea1,0xb435ea9c5d335b48af045810d31650dafe8a82ba7e01642d9729506af89c014c,2,94207872,0.11840521598547933,1741096544522002,Balanced Dollar,0.0569125875,bnUSD,0,1,2025-03-04
cx88fd7df7ddff82f7cc735c871dc519838cb235bb,cxa0af3165c08318e988cb30993b3048335b94af6c,hxd75467e3e4ce64e3424c747dfb71503017440433,0x44489c16206403d57,0xb435ea9c5d335b48af045810d31650dafe8a82ba7e01642d9729506af89c014c,1,94207872,78.7256673879825,1741096544522002,Balanced Dollar,0.0569125875,bnUSD,0,1,2025-03-04
cx66a031cc3bd305c76371fb586e93801b948254f0,hxd75467e3e4ce64e3424c747dfb71503017440433,cxa0af3165c08318e988cb30993b3048335b94af6c,0x3782dace9d900000,0xb435ea9c5d335b48af045810d31650dafe8a82ba7e01642d9729506af89c014c,0,94207872,4.0,1741096544522002,Avalanche,0.0569125875,AVAX,0,1,2025-03-04
cxf14dea1cff7ceb29a46e6d04533a08f84441e41d,hx891d1d00f371272c0d2f735d58acd435ffef9e62,hx184860bb6e243b19ae2b5f6cb0227b614052369a,0x1fcab076da1ab3,0x072da2b18fdbc259ac4f46599bfcd192f63120a3ae4befd9aa8f64a9eae2b221,0,94207871,0.008948583535090355,1741096542415795,Blobble Stake Token,0.004021725,BST,0,1,2025-03-04
cxf14dea1cff7ceb29a46e6d04533a08f84441e41d,hx891d1d00f371272c0d2f735d58acd435ffef9e62,hx6e26bb673c4af3bb347d1023ec2f460f3f79fcbf,0x1fcab076da1ab3,0xb46e7ab0b376412531d8e2f627b8340ffe146f376ce97e55bcc963f3173944bc,0,94207869,0.008948583535090355,1741096538512275,Blobble Stake Token,0.0040204125,BST,0,1,2025-03-04
cxf14dea1cff7ceb29a46e6d04533a08f84441e41d,hx891d1d00f371272c0d2f735d58acd435ffef9e62,hx6e26bb673c4af3bb347d1023ec2f460f3f79fcbf,0x1fcab076da1ab3,0x160c47b67e2b93fc15e28f2ef1eb764abcbc85461167f3b13ae5100977886249,0,94207867,0.008948583535090355,1741096534525711,Blobble Stake Token,0.0040204125,BST,0,1,2025-03-04
cxf14dea1cff7ceb29a46e6d04533a08f84441e41d,hx891d1d00f371272c0d2f735d58acd435ffef9e62,hxab5df692abc89645d517619ec2324e659f810f46,0x1fcab076da1ab3,0x37e34b0b16b39402137e59926e93bcf67ce039439e66a3bbbcf018ad83557a53,0,94207865,0.008948583535090355,1741096530405454,Blobble Stake Token,0.0040204125,BST,0,1,2025-03-04
cxf14dea1cff7ceb29a46e6d04533a08f84441e41d,hx891d1d00f371272c0d2f735d58acd435ffef9e62,hx62207d1640bf8e1fefe9bcfe64366cbbd7ce3330,0x1fcab076da1ab3,0xe610046d1dc3d7c90e9afd2b75823b26038484f3cd59449ee50733d1a00523e3,0,94207863,0.008948583535090355,1741096526344248,Blobble Stake Token,0.0040204125,BST,0,2,2025-03-04
cx88fd7df7ddff82f7cc735c871dc519838cb235bb,hx53796e5b7b4c5c8e5531b2c965f73460a2708db3,hx0000000000000000000000000000000000000000,0x6f808824a96b47ab57,0x8da5d9c98f8e4355f1d463a2c3858fd211f685e32838c4e37e3f430e4adbaa55,0,94207863,2056.8502851255157,1741096526344248,Balanced Dollar,0.0604685375,bnUSD,0,1,2025-03-04
cx88fd7df7ddff82f7cc735c871dc519838cb235bb,cxa0af3165c08318e988cb30993b3048335b94af6c,cx5faae53c4dbd1fbe4a2eb4aab6565030f10da5c6,0xd8767ef49d3a16,0x61b98d7db9eafa5e1e838a632abe7cc992858551736fc0a254dced73b5040999,2,94207862,0.060928882611403286,1741096524434066,Balanced Dollar,0.04736945,bnUSD,0,1,2025-03-04
cx88fd7df7ddff82f7cc735c871dc519838cb235bb,cxa0af3165c08318e988cb30993b3048335b94af6c,hxd75467e3e4ce64e3424c747dfb71503017440433,0x23229d03b5a577a18,0x61b98d7db9eafa5e1e838a632abe7cc992858551736fc0a254dced73b5040999,1,94207862,40.508137276697965,1741096524434066,Balanced Dollar,0.04736945,bnUSD,0,1,2025-03-04
cx65c9e3d4fea842e00add0d32a5b4c5e4e04c7a6b,hxd75467e3e4ce64e3424c747dfb71503017440433,cxa0af3165c08318e988cb30993b3048335b94af6c,0x11e1a300,0x61b98d7db9eafa5e1e838a632abe7cc992858551736fc0a254dced73b5040999,0,94207862,0.3,1741096524434066,Solana,0.04736945,SOL,0,1,2025-03-04
cxf14dea1cff7ceb29a46e6d04533a08f84441e41d,hx891d1d00f371272c0d2f735d58acd435ffef9e62,hx759f4e13974fedf34fade0d45640c286a963471b,0x1fcab076da1ab3,0xdc947181eee57e4f36fa35664c493cf0adee69b1dc0e06906034db33f4a1e219,0,94207861,0.008948583535090355,1741096522404249,Blobble Stake Token,0.0040204125,BST,0,1,2025-03-04
cxf14dea1cff7ceb29a46e6d04533a08f84441e41d,hx891d1d00f371272c0d2f735d58acd435ffef9e62,hx81d4f834b91569b43cde903ec241eb1fce64a171,0x1fcab076da1ab3,0xdcaaf31e7b25d67a8fb9b53ca03f8e821f9435c829e4cfc0c6773d4b14a3b3b6,0,94207859,0.008948583535090355,1741096518323527,Blobble Stake Token,0.0040204125,BST,0,2,2025-03-04
cx88fd7df7ddff82f7cc735c871dc519838cb235bb,cxa0af3165c08318e988cb30993b3048335b94af6c,cx5faae53c4dbd1fbe4a2eb4aab6565030f10da5c6,0x1a4ef1e5938b6d8,0xbe0116f9919a80adf99b13666d0dbc016bbc541ff1d01482c35776b76a672ad5,2,94207859,0.11848240384342192,1741096518323527,Balanced Dollar,0.0569125875,bnUSD,0,1,2025-03-04
cx88fd7df7ddff82f7cc735c871dc519838cb235bb,cxa0af3165c08318e988cb30993b3048335b94af6c,hxd75467e3e4ce64e3424c747dfb71503017440433,0x445401d1dcd7b9581,0xbe0116f9919a80adf99b13666d0dbc016bbc541ff1d01482c35776b76a672ad5,1,94207859,78.7769966958034,1741096518323527,Balanced Dollar,0.0569125875,bnUSD,0,1,2025-03-04
cx66a031cc3bd305c76371fb586e93801b948254f0,hxd75467e3e4ce64e3424c747dfb71503017440433,cxa0af3165c08318e988cb30993b3048335b94af6c,0x3782dace9d900000,0xbe0116f9919a80adf99b13666d0dbc016bbc541ff1d01482c35776b76a672ad5,0,94207859,4.0,1741096518323527,Avalanche,0.0569125875,AVAX,0,1,2025-03-04
cx88fd7df7ddff82f7cc735c871dc519838cb235bb,cx21e94c08c03daee80c25d8ee3ea22a20786ec231,hx2debd9ec927cca1639da8d3518dd9dbf1cdfb357,0x116fa13f28a8b484b7,0xca1fe82cfa2a086c299a85b7fe93e42827b1bcc1047e7d3324174a206eda7cda,5,94207858,321.6384291063844,1741096516372833,Balanced Dollar,0.0884082375,bnUSD,0,1,2025-03-04
cx88fd7df7ddff82f7cc735c871dc519838cb235bb,cxa0af3165c08318e988cb30993b3048335b94af6c,cx5faae53c4dbd1fbe4a2eb4aab6565030f10da5c6,0x6b428abacfe2641,0xca1fe82cfa2a086c299a85b7fe93e42827b1bcc1047e7d3324174a206eda7cda,3,94207858,0.48305577784234144,1741096516372833,Balanced Dollar,0.0884082375,bnUSD,0,1,2025-03-04
cx88fd7df7ddff82f7cc735c871dc519838cb235bb,cxa0af3165c08318e988cb30993b3048335b94af6c,cx21e94c08c03daee80c25d8ee3ea22a20786ec231,0x116fa13f28a8b484b7,0xca1fe82cfa2a086c299a85b7fe93e42827b1bcc1047e7d3324174a206eda7cda,2,94207858,321.6384291063844,1741096516372833,Balanced Dollar,0.0884082375,bnUSD,0,1,2025-03-04
cx4297f4b63262507623b6ad575d0d8dd2db980e4e,cx21e94c08c03daee80c25d8ee3ea22a20786ec231,cxa0af3165c08318e988cb30993b3048335b94af6c,0x1a055690d9db80000,0xca1fe82cfa2a086c299a85b7fe93e42827b1bcc1047e7d3324174a206eda7cda,1,94207858,30.0,1741096516372833,Injective,0.0884082375,INJ,0,1,2025-03-04
cx4297f4b63262507623b6ad575d0d8dd2db980e4e,hx2debd9ec927cca1639da8d3518dd9dbf1cdfb357,cx21e94c08c03daee80c25d8ee3ea22a20786ec231,0x1a055690d9db80000,0xca1fe82cfa2a086c299a85b7fe93e42827b1bcc1047e7d3324174a206eda7cda,0,94207858,30.0,1741096516372833,Injective,0.0884082375,INJ,0,1,2025-03-04
cxf14dea1cff7ceb29a46e6d04533a08f84441e41d,hx891d1d00f371272c0d2f735d58acd435ffef9e62,hx53bd3ba841728a31952ba8fe36ed060afbd4945d,0x1fcab076da1ab3,0x0cca6ca52ff91fc17f5154d3e742c7522d7f96941b8a15c651718ab60f3b3e46,0,94207857,0.008948583535090355,1741096514464966,Blobble Stake Token,0.004021725,BST,0,1,2025-03-04
cxf14dea1cff7ceb29a46e6d04533a08f84441e41d,hx891d1d00f371272c0d2f735d58acd435ffef9e62,hx53bd3ba841728a31952ba8fe36ed060afbd4945d,0x1fcab076da1ab3,0x5fdfe602486508b0da51518918125118befe1a80ffa536db827520648464b326,0,94207855,0.008948583535090355,1741096510403659,Blobble Stake Token,0.004021725,BST,0,2,2025-03-04
cx88fd7df7ddff82f7cc735c871dc519838cb235bb,cxa0af3165c08318e988cb30993b3048335b94af6c,cx5faae53c4dbd1fbe4a2eb4aab6565030f10da5c6,0x14c85ca8fc1f6c9,0x1bef642139847d93badde46f717309ba5ef9658ab49a79814281ada62745ea53,2,94207855,0.0935967973096793,1741096510403659,Balanced Dollar,0.056975275,bnUSD,0,1,2025-03-04
cx88fd7df7ddff82f7cc735c871dc519838cb235bb,cxa0af3165c08318e988cb30993b3048335b94af6c,hxd75467e3e4ce64e3424c747dfb71503017440433,0x35f77e7af5a86ecc8,0x1bef642139847d93badde46f717309ba5ef9658ab49a79814281ada62745ea53,1,94207855,62.21945391728446,1741096510403659,Balanced Dollar,0.056975275,bnUSD,0,1,2025-03-04
cx288d13e1b63563459a2ac6179f237711f6851cb5,hxd75467e3e4ce64e3424c747dfb71503017440433,cxa0af3165c08318e988cb30993b3048335b94af6c,0x6a94d74f430000,0x1bef642139847d93badde46f717309ba5ef9658ab49a79814281ada62745ea53,0,94207855,0.03,1741096510403659,Ethereum,0.056975275,ETH,0,1,2025-03-04
cxf14dea1cff7ceb29a46e6d04533a08f84441e41d,hx891d1d00f371272c0d2f735d58acd435ffef9e62,hxfb185f9bd35ce14b17ba914e4c65ebc4db9baf2d,0x1fcab076da1ab3,0x77c206a816f44eadefbe8abb1775814dba787d90dc91bb010d3a8cc8a5aafd62,0,94207853,0.008948583535090355,1741096506418658,Blobble Stake Token,0.004021725,BST,0,1,2025-03-04
cxf14dea1cff7ceb29a46e6d04533a08f84441e41d,hx891d1d00f371272c0d2f735d58acd435ffef9e62,hx970eda4988e547df0de8324226fdf3e8ebc9734f,0x1fcab076da1ab3,0x319dac3cc1ff776ea41b962e849554ca989853756a75b32c8ac1f14e083a897c,0,94207851,0.008948583535090355,1741096502367994,Blobble Stake Token,0.0040204125,BST,0,1,2025-03-04
cx88fd7df7ddff82f7cc735c871dc519838cb235bb,cxa0af3165c08318e988cb30993b3048335b94af6c,cx5faae53c4dbd1fbe4a2eb4aab6565030f10da5c6,0xd893dea9ee93c8,0x60e31cbcf6f459a8773288edc2fae1de47c1f26146f545107ed6e96910217631,2,94207849,0.060961179512509386,1741096498305000,Balanced Dollar,0.0473721375,bnUSD,0,2,2025-03-04
cx88fd7df7ddff82f7cc735c871dc519838cb235bb,cxa0af3165c08318e988cb30993b3048335b94af6c,hxd75467e3e4ce64e3424c747dfb71503017440433,0x232761bd3f9f321fd,0x60e31cbcf6f459a8773288edc2fae1de47c1f26146f545107ed6e96910217631,1,94207849,40.52961249381287,1741096498305000,Balanced Dollar,0.0473721375,bnUSD,0,2,2025-03-04
cx65c9e3d4fea842e00add0d32a5b4c5e4e04c7a6b,hxd75467e3e4ce64e3424c747dfb71503017440433,cxa0af3165c08318e988cb30993b3048335b94af6c,0x11e1a300,0x60e31cbcf6f459a8773288edc2fae1de47c1f26146f545107ed6e96910217631,0,94207849,0.3,1741096498305000,Solana,0.0473721375,SOL,0,2,2025-03-04
cxf14dea1cff7ceb29a46e6d04533a08f84441e41d,hx891d1d00f371272c0d2f735d58acd435ffef9e62,hx6e26bb673c4af3bb347d1023ec2f460f3f79fcbf,0x1fcab076da1ab3,0x0e5e65d4f01fed8453a1415d8d1624dd65adaae2b6d780fe5d0613bb550bd625,0,94207849,0.008948583535090355,1741096498305000,Blobble Stake Token,0.0040204125,BST,0,1,2025-03-04
cxf14dea1cff7ceb29a46e6d04533a08f84441e41d,hx891d1d00f371272c0d2f735d58acd435ffef9e62,hxb946c680221e6ff41de8a2b62fd810315ce65fb9,0x1fcab076da1ab3,0x51ece4c088dbea75ef233f8becf5030c9c8f46e68171582ed4daf254363810c7,0,94207847,0.008948583535090355,1741096494515209,Blobble Stake Token,0.0040204125,BST,0,1,2025-03-04
cxf14dea1cff7ceb29a46e6d04533a08f84441e41d,hx891d1d00f371272c0d2f735d58acd435ffef9e62,hx184860bb6e243b19ae2b5f6cb0227b614052369a,0x1fcab076da1ab3,0xd636e3896582387f62ba61489b0731625aa3e0fe7cc71a8fb3cdcd3b2aa8f993,0,94207845,0.008948583535090355,1741096490396700,Blobble Stake Token,0.004021725,BST,0,2,2025-03-04
cx88fd7df7ddff82f7cc735c871dc519838cb235bb,cxa0af3165c08318e988cb30993b3048335b94af6c,cx5faae53c4dbd1fbe4a2eb4aab6565030f10da5c6,0x14c9dcf714df639,0xafc002c0bc99b3faec767c09350fb6e22f2b5e33b2bed6b25bc021d09eb46771,2,94207845,0.09362320655266361,1741096490396700,Balanced Dollar,0.056971275,bnUSD,0,1,2025-03-04
cx88fd7df7ddff82f7cc735c871dc519838cb235bb,cxa0af3165c08318e988cb30993b3048335b94af6c,hxd75467e3e4ce64e3424c747dfb71503017440433,0x35fb647bd682cc685,0xafc002c0bc99b3faec767c09350fb6e22f2b5e33b2bed6b25bc021d09eb46771,1,94207845,62.2370109793153,1741096490396700,Balanced Dollar,0.056971275,bnUSD,0,1,2025-03-04
cx288d13e1b63563459a2ac6179f237711f6851cb5,hxd75467e3e4ce64e3424c747dfb71503017440433,cxa0af3165c08318e988cb30993b3048335b94af6c,0x6a94d74f430000,0xafc002c0bc99b3faec767c09350fb6e22f2b5e33b2bed6b25bc021d09eb46771,0,94207845,0.03,1741096490396700,Ethereum,0.056971275,ETH,0,1,2025-03-04
cxf14dea1cff7ceb29a46e6d04533a08f84441e41d,hx891d1d00f371272c0d2f735d58acd435ffef9e62,hx81d4f834b91569b43cde903ec241eb1fce64a171,0x1fcab076da1ab3,0xfc4cd1b8c9824463b8483e981945435940a99822f1e6132a0a0bd595c3c96764,0,94207843,0.008948583535090355,1741096486383606,Blobble Stake Token,0.0040204125,BST,0,1,2025-03-04
cxf14dea1cff7ceb29a46e6d04533a08f84441e41d,hx891d1d00f371272c0d2f735d58acd435ffef9e62,hx7ce6b7b82843388bf0b4e1bd826f68a3afd8ab1f,0x1fcab076da1ab3,0x86c76df80fc1d4eaf489351a8e1be1d735b16fd97b55a9c36ef96d4776be40b0,0,94207841,0.008948583535090355,1741096482409482,Blobble Stake Token,0.0040204125,BST,0,2,2025-03-04
cx88fd7df7ddff82f7cc735c871dc519838cb235bb,cxa0af3165c08318e988cb30993b3048335b94af6c,cx5faae53c4dbd1fbe4a2eb4aab6565030f10da5c6,0x1a53563a17ce522,0x4a866c16f6f9af19536346e0509541eadf06fc0a7f0e20fe46ae4fb31ca91547,2,94207841,0.11855966722253751,1741096482409482,Balanced Dollar,0.056911275,bnUSD,0,1,2025-03-04
cx88fd7df7ddff82f7cc735c871dc519838cb235bb,cxa0af3165c08318e988cb30993b3048335b94af6c,hxd75467e3e4ce64e3424c747dfb71503017440433,0x445f6a688790df4cc,0x4a866c16f6f9af19536346e0509541eadf06fc0a7f0e20fe46ae4fb31ca91547,1,94207841,78.82837623280278,1741096482409482,Balanced Dollar,0.056911275,bnUSD,0,1,2025-03-04
cx66a031cc3bd305c76371fb586e93801b948254f0,hxd75467e3e4ce64e3424c747dfb71503017440433,cxa0af3165c08318e988cb30993b3048335b94af6c,0x3782dace9d900000,0x4a866c16f6f9af19536346e0509541eadf06fc0a7f0e20fe46ae4fb31ca91547,0,94207841,4.0,1741096482409482,Avalanche,0.056911275,AVAX,0,1,2025-03-04
cxf14dea1cff7ceb29a46e6d04533a08f84441e41d,hx891d1d00f371272c0d2f735d58acd435ffef9e62,hx691d9ca4e15022f8f629d5c2166a84c494b2decb,0x1fcab076da1ab3,0x543cdf1fd672d9e0216e5432634d48fe50c02b4c5e43a04fb0907ce697735e57,0,94207839,0.008948583535090355,1741096478432525,Blobble Stake Token,0.004021725,BST,0,1,2025-03-04
cxf14dea1cff7ceb29a46e6d04533a08f84441e41d,hx891d1d00f371272c0d2f735d58acd435ffef9e62,hx6e26bb673c4af3bb347d1023ec2f460f3f79fcbf,0x1fcab076da1ab3,0x4a970e73c6f7a8c6861c30fb7fe2f5a9c9b2f603dfc7e71ee455472e2660e243,0,94207837,0.008948583535090355,1741096474424996,Blobble Stake Token,0.0040204125,BST,0,1,2025-03-04
cxf14dea1cff7ceb29a46e6d04533a08f84441e41d,hx891d1d00f371272c0d2f735d58acd435ffef9e62,hxab5df692abc89645d517619ec2324e659f810f46,0x1fcab076da1ab3,0xf9243b4cba4a9d1c8ddc3de8da5bc08f51647aff641c6e7996b61c7f205768eb,0,94207835,0.008948583535090355,1741096470362781,Blobble Stake Token,0.0040204125,BST,0,1,2025-03-04
cxf14dea1cff7ceb29a46e6d04533a08f84441e41d,hx891d1d00f371272c0d2f735d58acd435ffef9e62,hxc470b44679cadcad6ec05d3b8e701292274cb5d7,0x1fcab076da1ab3,0x51c705281c0e0748c2a7b1a3ada8da39d56bd910ea940e4b0a2d8662a0647828,0,94207833,0.008948583535090355,1741096466428894,Blobble Stake Token,0.0040204125,BST,0,1,2025-03-04
cxf14dea1cff7ceb29a46e6d04533a08f84441e41d,hx891d1d00f371272c0d2f735d58acd435ffef9e62,hx970eda4988e547df0de8324226fdf3e8ebc9734f,0x1fcab076da1ab3,0x94d119aa1b54f9624c0da256965e7038bcfbe68a293ab9831c770c82dc1079b6,0,94207831,0.008948583535090355,1741096462358273,Blobble Stake Token,0.0040204125,BST,0,1,2025-03-04
cx88fd7df7ddff82f7cc735c871dc519838cb235bb,cx21e94c08c03daee80c25d8ee3ea22a20786ec231,hx2debd9ec927cca1639da8d3518dd9dbf1cdfb357,0x15688db0307d1b6bc9,0xf1034659ea8a9ce5bc094b85c90866959b0007ae84b5367503777f45e8f660da,5,94207830,394.9154970218652,1741096460387736,Balanced Dollar,0.08831455,bnUSD,0,1,2025-03-04
cx88fd7df7ddff82f7cc735c871dc519838cb235bb,cxa0af3165c08318e988cb30993b3048335b94af6c,cx5faae53c4dbd1fbe4a2eb4aab6565030f10da5c6,0x83b6bb309909394,0xf1034659ea8a9ce5bc094b85c90866959b0007ae84b5367503777f45e8f660da,3,94207830,0.5931861926331401,1741096460387736,Balanced Dollar,0.08831455,bnUSD,0,1,2025-03-04
cx88fd7df7ddff82f7cc735c871dc519838cb235bb,cxa0af3165c08318e988cb30993b3048335b94af6c,cx21e94c08c03daee80c25d8ee3ea22a20786ec231,0x15688db0307d1b6bc9,0xf1034659ea8a9ce5bc094b85c90866959b0007ae84b5367503777f45e8f660da,2,94207830,394.9154970218652,1741096460387736,Balanced Dollar,0.08831455,bnUSD,0,1,2025-03-04
cx66a031cc3bd305c76371fb586e93801b948254f0,cx21e94c08c03daee80c25d8ee3ea22a20786ec231,cxa0af3165c08318e988cb30993b3048335b94af6c,0x1158e460913d00000,0xf1034659ea8a9ce5bc094b85c90866959b0007ae84b5367503777f45e8f660da,1,94207830,20.0,1741096460387736,Avalanche,0.08831455,AVAX,0,1,2025-03-04
cx66a031cc3bd305c76371fb586e93801b948254f0,hx2debd9ec927cca1639da8d3518dd9dbf1cdfb357,cx21e94c08c03daee80c25d8ee3ea22a20786ec231,0x1158e460913d00000,0xf1034659ea8a9ce5bc094b85c90866959b0007ae84b5367503777f45e8f660da,0,94207830,20.0,1741096460387736,Avalanche,0.08831455,AVAX,0,1,2025-03-04
cxf14dea1cff7ceb29a46e6d04533a08f84441e41d,hx891d1d00f371272c0d2f735d58acd435ffef9e62,hx53bd3ba841728a31952ba8fe36ed060afbd4945d,0x1fcab076da1ab3,0x594a5d619d4161256ff80022b735feb03027a964fb2e9bffc95941dd2842265b,0,94207829,0.008948583535090355,1741096458354673,Blobble Stake Token,0.004021725,BST,0,2,2025-03-04
cx66a031cc3bd305c76371fb586e93801b948254f0,cx21e94c08c03daee80c25d8ee3ea22a20786ec231,hx0000000000000000000000000000000000000000,0x2cc976773f391dce5,0x05c19259d9b3445395733dd8bfbb8cccc758f9144486c46c0d07a15d0e78fe32,13,94207828,51.63585380034503,1741096456381190,Avalanche,0.1798549625,AVAX,0,1,2025-03-04
cx88fd7df7ddff82f7cc735c871dc519838cb235bb,cxa0af3165c08318e988cb30993b3048335b94af6c,cx5faae53c4dbd1fbe4a2eb4aab6565030f10da5c6,0x154c14c18c360aa0,0x05c19259d9b3445395733dd8bfbb8cccc758f9144486c46c0d07a15d0e78fe32,9,94207828,1.5346243945400921,1741096456381190,Balanced Dollar,0.1798549625,bnUSD,0,1,2025-03-04
cx66a031cc3bd305c76371fb586e93801b948254f0,cxa0af3165c08318e988cb30993b3048335b94af6c,cx21e94c08c03daee80c25d8ee3ea22a20786ec231,0x2cc976773f391dce5,0x05c19259d9b3445395733dd8bfbb8cccc758f9144486c46c0d07a15d0e78fe32,8,94207828,51.63585380034503,1741096456381190,Avalanche,0.1798549625,AVAX,0,1,2025-03-04
cx88fd7df7ddff82f7cc735c871dc519838cb235bb,cx21e94c08c03daee80c25d8ee3ea22a20786ec231,cxa0af3165c08318e988cb30993b3048335b94af6c,0x377620b807ccbbac7d,0x05c19259d9b3445395733dd8bfbb8cccc758f9144486c46c0d07a15d0e78fe32,7,94207828,1023.0829296933947,1741096456381190,Balanced Dollar,0.1798549625,bnUSD,0,1,2025-03-04
cx88fd7df7ddff82f7cc735c871dc519838cb235bb,cxa0af3165c08318e988cb30993b3048335b94af6c,cx5faae53c4dbd1fbe4a2eb4aab6565030f10da5c6,0x1543c2115e36fed4,0x05c19259d9b3445395733dd8bfbb8cccc758f9144486c46c0d07a15d0e78fe32,5,94207828,1.5322816780869957,1741096456381190,Balanced Dollar,0.1798549625,bnUSD,0,1,2025-03-04
cx88fd7df7ddff82f7cc735c871dc519838cb235bb,cxa0af3165c08318e988cb30993b3048335b94af6c,cx21e94c08c03daee80c25d8ee3ea22a20786ec231,0x377620b807ccbbac7d,0x05c19259d9b3445395733dd8bfbb8cccc758f9144486c46c0d07a15d0e78fe32,4,94207828,1023.0829296933947,1741096456381190,Balanced Dollar,0.1798549625,bnUSD,0,1,2025-03-04
cx508002ec116fbf3ab406329c0df28e70d7e75fb3,cx21e94c08c03daee80c25d8ee3ea22a20786ec231,cxa0af3165c08318e988cb30993b3048335b94af6c,0x62f3f95a00,0x05c19259d9b3445395733dd8bfbb8cccc758f9144486c46c0d07a15d0e78fe32,3,94207828,425.0,1741096456381190,Sui,0.1798549625,SUI,0,1,2025-03-04
cx508002ec116fbf3ab406329c0df28e70d7e75fb3,hx0000000000000000000000000000000000000000,cx21e94c08c03daee80c25d8ee3ea22a20786ec231,0x62f3f95a00,0x05c19259d9b3445395733dd8bfbb8cccc758f9144486c46c0d07a15d0e78fe32,1,94207828,425.0,1741096456381190,Sui,0.1798549625,SUI,0,1,2025-03-04
cxf14dea1cff7ceb29a46e6d04533a08f84441e41d,hx891d1d00f371272c0d2f735d58acd435ffef9e62,hx6e26bb673c4af3bb347d1023ec2f460f3f79fcbf,0x1fcab076da1ab3,0x6396fcd0d893adffbf1027c47de7ba2e6504abea8bf7e4d055c9b5860a004cf5,0,94207827,0.008948583535090355,1741096454360112,Blobble Stake Token,0.0040204125,BST,0,2,2025-03-04
cx88fd7df7ddff82f7cc735c871dc519838cb235bb,cx21e94c08c03daee80c25d8ee3ea22a20786ec231,hx53796e5b7b4c5c8e5531b2c965f73460a2708db3,0x6f807da96d8537a187,0x33eae4bde3d486ea71a343206032b74e6e8a219e3ae01b8690ad48f935f8e352,5,94207826,2056.8473348785556,1741096452354702,Balanced Dollar,0.11038815,bnUSD,0,2,2025-03-04
cx88fd7df7ddff82f7cc735c871dc519838cb235bb,cxa0af3165c08318e988cb30993b3048335b94af6c,cx5faae53c4dbd1fbe4a2eb4aab6565030f10da5c6,0x2ad7881b9e866bc8,0x33eae4bde3d486ea71a343206032b74e6e8a219e3ae01b8690ad48f935f8e352,3,94207826,3.0870857217908685,1741096452354702,Balanced Dollar,0.11038815,bnUSD,0,2,2025-03-04
cx88fd7df7ddff82f7cc735c871dc519838cb235bb,cxa0af3165c08318e988cb30993b3048335b94af6c,cx21e94c08c03daee80c25d8ee3ea22a20786ec231,0x6f807da96d8537a187,0x33eae4bde3d486ea71a343206032b74e6e8a219e3ae01b8690ad48f935f8e352,2,94207826,2056.8473348785556,1741096452354702,Balanced Dollar,0.11038815,bnUSD,0,2,2025-03-04
cx2609b924e33ef00b648a409245c7ea394c467824,cx21e94c08c03daee80c25d8ee3ea22a20786ec231,cxa0af3165c08318e988cb30993b3048335b94af6c,0x32139b42c3431700000,0x33eae4bde3d486ea71a343206032b74e6e8a219e3ae01b8690ad48f935f8e352,1,94207826,14780.0,1741096452354702,Staked ICX,0.11038815,sICX,0,2,2025-03-04
cx2609b924e33ef00b648a409245c7ea394c467824,hx53796e5b7b4c5c8e5531b2c965f73460a2708db3,cx21e94c08c03daee80c25d8ee3ea22a20786ec231,0x32139b42c3431700000,0x33eae4bde3d486ea71a343206032b74e6e8a219e3ae01b8690ad48f935f8e352,0,94207826,14780.0,1741096452354702,Staked ICX,0.11038815,sICX,0,2,2025-03-04
cxf14dea1cff7ceb29a46e6d04533a08f84441e41d,hx891d1d00f371272c0d2f735d58acd435ffef9e62,hxf270f35cbdacd1964e1a8366b65cd508a2ff105c,0x1fcab076da1ab3,0x9c88a70a47bb4e6bfde0815095a47c7d2e622b97a5698cc5f5b3166793169ed5,0,94207825,0.008948583535090355,1741096450516435,Blobble Stake Token,0.0040204125,BST,0,1,2025-03-04
cxf14dea1cff7ceb29a46e6d04533a08f84441e41d,hx891d1d00f371272c0d2f735d58acd435ffef9e62,hxc470b44679cadcad6ec05d3b8e701292274cb5d7,0x1fcab076da1ab3,0x02739eda155f57b5e03f56f626cb0611441032bcf6545634cd4b1ed8c6cf5da2,0,94207823,0.008948583535090355,1741096446325393,Blobble Stake Token,0.0040204125,BST,0,1,2025-03-04
cxf14dea1cff7ceb29a46e6d04533a08f84441e41d,hx891d1d00f371272c0d2f735d58acd435ffef9e62,hx55a661af5af91ccf9ee99f768eb445db1979d69b,0x1fcab076da1ab3,0x45879e3a0064b269e8f5dd2a7b03c6e300889f845f7cc975f857eae99b5da39c,0,94207821,0.008948583535090355,1741096442392815,Blobble Stake Token,0.004021725,BST,0,1,2025-03-04
cxf14dea1cff7ceb29a46e6d04533a08f84441e41d,hx891d1d00f371272c0d2f735d58acd435ffef9e62,hxc0a2c4b422657ff499640f07606b1516e9935b9b,0x1fcab076da1ab3,0x941ba2af6b2e7f528422bdf4ca7a6527db7aabc65b1c81d6e483fd55a66e7173,0,94207819,0.008948583535090355,1741096438519755,Blobble Stake Token,0.0040204125,BST,0,1,2025-03-04
cxf14dea1cff7ceb29a46e6d04533a08f84441e41d,hx891d1d00f371272c0d2f735d58acd435ffef9e62,hx9092a3fc19763f078f069b5406c4433f37b7ea56,0x1fcab076da1ab3,0xf12dae5789e04df7ecd705e1b7d0db567d5b490e2be9c3f8589b25f08d2e92c3,0,94207817,0.008948583535090355,1741096434476228,Blobble Stake Token,0.0040204125,BST,0,1,2025-03-04
cxf14dea1cff7ceb29a46e6d04533a08f84441e41d,hx891d1d00f371272c0d2f735d58acd435ffef9e62,hx6e26bb673c4af3bb347d1023ec2f460f3f79fcbf,0x1fcab076da1ab3,0xb2f057289de5b91ada8691c50769dd0b62c3c18f506a87a9d8f0bb2c117edecb,0,94207815,0.008948583535090355,1741096430369661,Blobble Stake Token,0.0040204125,BST,0,1,2025-03-04
cxf14dea1cff7ceb29a46e6d04533a08f84441e41d,hx891d1d00f371272c0d2f735d58acd435ffef9e62,hx7ce6b7b82843388bf0b4e1bd826f68a3afd8ab1f,0x1fcab076da1ab3,0x316be3198a4a456532644aca15bdf699cbaa05a4a647e62e4ea33024302a095e,0,94207813,0.008948583535090355,1741096426329747,Blobble Stake Token,0.0040204125,BST,0,1,2025-03-04
cxf14dea1cff7ceb29a46e6d04533a08f84441e41d,hx891d1d00f371272c0d2f735d58acd435ffef9e62,hx970eda4988e547df0de8324226fdf3e8ebc9734f,0x1fcab076da1ab3,0xa77ae04e6e9c8329585f1cb1ab181023c0a97e16efa16c9a794fcf00d513fbc6,0,94207811,0.008948583535090355,1741096422364007,Blobble Stake Token,0.0040204125,BST,0,1,2025-03-04
cxf14dea1cff7ceb29a46e6d04533a08f84441e41d,hx891d1d00f371272c0d2f735d58acd435ffef9e62,hxf270f35cbdacd1964e1a8366b65cd508a2ff105c,0x1fcab076da1ab3,0x103cb080251ef674c8e4068d0161b3359c7c179702b7121ab45250dc8fb86d93,0,94207809,0.008948583535090355,1741096418281465,Blobble Stake Token,0.0040204125,BST,0,1,2025-03-04
cxf14dea1cff7ceb29a46e6d04533a08f84441e41d,hx891d1d00f371272c0d2f735d58acd435ffef9e62,hxf270f35cbdacd1964e1a8366b65cd508a2ff105c,0x1fcab076da1ab3,0x16fa1e6059346c1bff3d6a82eb75e809cec3b7ce4a25acdbbb3e73df1ac49e06,0,94207807,0.008948583535090355,1741096414424138,Blobble Stake Token,0.0040204125,BST,0,2,2025-03-04
cxf14dea1cff7ceb29a46e6d04533a08f84441e41d,hx891d1d00f371272c0d2f735d58acd435ffef9e62,hx9092a3fc19763f078f069b5406c4433f37b7ea56,0x1fcab076da1ab3,0x8840711804c5f8a2273f9a8baa494fbfe889f2f9b81ba1477975bc13894cde7d,0,94207805,0.008948583535090355,1741096410374437,Blobble Stake Token,0.0040204125,BST,0,1,2025-03-04
cxf14dea1cff7ceb29a46e6d04533a08f84441e41d,hx891d1d00f371272c0d2f735d58acd435ffef9e62,hxb946c680221e6ff41de8a2b62fd810315ce65fb9,0x1fcab076da1ab3,0xd743d815f883f4f2b01c84971531251a5f3db8d15bdc24c585d15b32846d2bfa,0,94207803,0.008948583535090355,1741096406367992,Blobble Stake Token,0.0040204125,BST,0,1,2025-03-04
cxf14dea1cff7ceb29a46e6d04533a08f84441e41d,hx891d1d00f371272c0d2f735d58acd435ffef9e62,hx691d9ca4e15022f8f629d5c2166a84c494b2decb,0x1fcab076da1ab3,0x4fbe8611bc15d70c5d3f0730294d7afcf372ca51e0b1726b471252c92b7b39ac,0,94207801,0.008948583535090355,1741096402345412,Blobble Stake Token,0.004021725,BST,0,1,2025-03-04
cxf14dea1cff7ceb29a46e6d04533a08f84441e41d,hx891d1d00f371272c0d2f735d58acd435ffef9e62,hxc470b44679cadcad6ec05d3b8e701292274cb5d7,0x1fcab076da1ab3,0xffe48e591f1d5eb76a18f4043752682ca9845e978d87075ad75723ba69af996a,0,94207799,0.008948583535090355,1741096398288567,Blobble Stake Token,0.0040204125,BST,0,1,2025-03-04
cxf14dea1cff7ceb29a46e6d04533a08f84441e41d,hx891d1d00f371272c0d2f735d58acd435ffef9e62,hx81d4f834b91569b43cde903ec241eb1fce64a171,0x1fcab076da1ab3,0xebb177e0620ab34e0552e53ca39acfffb0a838267a8bb6da8bdd674e23bf7f06,0,94207797,0.008948583535090355,1741096394468856,Blobble Stake Token,0.0040204125,BST,0,1,2025-03-04
cxf14dea1cff7ceb29a46e6d04533a08f84441e41d,hx891d1d00f371272c0d2f735d58acd435ffef9e62,hx6e26bb673c4af3bb347d1023ec2f460f3f79fcbf,0x1fcab076da1ab3,0xd7f5afc995e97bdc72a2559dfcd68d69847a078b63378b006b17b419a84c644e,0,94207795,0.008948583535090355,1741096390351996,Blobble Stake Token,0.0040204125,BST,0,1,2025-03-04
cxf14dea1cff7ceb29a46e6d04533a08f84441e41d,hx891d1d00f371272c0d2f735d58acd435ffef9e62,hx970eda4988e547df0de8324226fdf3e8ebc9734f,0x1fcab076da1ab3,0x64814ac773e35fbed0ae6a9c9280ac2f36386eac4a292e3ce9a286e4f4dd9483,0,94207793,0.008948583535090355,1741096386348021,Blobble Stake Token,0.0040204125,BST,0,1,2025-03-04
cxf14dea1cff7ceb29a46e6d04533a08f84441e41d,hx891d1d00f371272c0d2f735d58acd435ffef9e62,hxbda9ea6ce93b75cc2f3234fe2d3c84fa8083a420,0x1fcab076da1ab3,0xffc56f733c0b2a5697349d470bceab6eebaafbd34ff0a9666c8e92bb29b4a3e7,0,94207791,0.008948583535090355,1741096382372986,Blobble Stake Token,0.0040204125,BST,0,1,2025-03-04
cxf14dea1cff7ceb29a46e6d04533a08f84441e41d,hx891d1d00f371272c0d2f735d58acd435ffef9e62,hx6e26bb673c4af3bb347d1023ec2f460f3f79fcbf,0x1fcab076da1ab3,0xee7464ec494074a14bc93f74298fd0099e4e50ede1df670dfd9bf1c9f54391c3,0,94207789,0.008948583535090355,1741096378405502,Blobble Stake Token,0.0040204125,BST,0,1,2025-03-04
cxf14dea1cff7ceb29a46e6d04533a08f84441e41d,hx891d1d00f371272c0d2f735d58acd435ffef9e62,hxb9bf2fe4975afa508ecd90ee2e3f3ac88bb792cd,0x1fcab076da1ab3,0x2384d4e0f4968b62e3874d8f294a4466c4d01cae706ad6cb1b93ebffd119b0d2,0,94207787,0.008948583535090355,1741096374392237,Blobble Stake Token,0.0040204125,BST,0,1,2025-03-04
cx88fd7df7ddff82f7cc735c871dc519838cb235bb,cxa0af3165c08318e988cb30993b3048335b94af6c,cx5faae53c4dbd1fbe4a2eb4aab6565030f10da5c6,0x14cb5d6ed56d9d4,0x7fc771e300c2ca1f13db8dc08c7293fb172a55f420d68207348cd09048dcb02d,2,94207786,0.09364962697745864,1741096372341928,Balanced Dollar,0.0569739625,bnUSD,0,1,2025-03-04
cx88fd7df7ddff82f7cc735c871dc519838cb235bb,cxa0af3165c08318e988cb30993b3048335b94af6c,hxd75467e3e4ce64e3424c747dfb71503017440433,0x35ff4ae8e633d9c37,0x7fc771e300c2ca1f13db8dc08c7293fb172a55f420d68207348cd09048dcb02d,1,94207786,62.25457547562278,1741096372341928,Balanced Dollar,0.0569739625,bnUSD,0,1,2025-03-04
cx288d13e1b63563459a2ac6179f237711f6851cb5,hxd75467e3e4ce64e3424c747dfb71503017440433,cxa0af3165c08318e988cb30993b3048335b94af6c,0x6a94d74f430000,0x7fc771e300c2ca1f13db8dc08c7293fb172a55f420d68207348cd09048dcb02d,0,94207786,0.03,1741096372341928,Ethereum,0.0569739625,ETH,0,1,2025-03-04
cxf14dea1cff7ceb29a46e6d04533a08f84441e41d,hx891d1d00f371272c0d2f735d58acd435ffef9e62,hxab5df692abc89645d517619ec2324e659f810f46,0x1fcab076da1ab3,0xfa681d898fba7f5a311c39451ec0e843189861f3a9f51053591a1dd71c11c6a8,0,94207785,0.008948583535090355,1741096370314093,Blobble Stake Token,0.0040204125,BST,0,1,2025-03-04
cxf14dea1cff7ceb29a46e6d04533a08f84441e41d,hx891d1d00f371272c0d2f735d58acd435ffef9e62,hx970eda4988e547df0de8324226fdf3e8ebc9734f,0x1fcab076da1ab3,0x5ab4320c0bd4cd4fab3a69a56e43409cc90a2ae7b39065b1dcf0bd8493cc4829,0,94207783,0.008948583535090355,1741096366327435,Blobble Stake Token,0.0040204125,BST,0,1,2025-03-04
cxf14dea1cff7ceb29a46e6d04533a08f84441e41d,hx891d1d00f371272c0d2f735d58acd435ffef9e62,hx81d4f834b91569b43cde903ec241eb1fce64a171,0x1fcab076da1ab3,0x77f561342232e0d582f6ff87426fbb38b90213544591b9dbbd481305c30e977b,0,94207781,0.008948583535090355,1741096362307017,Blobble Stake Token,0.0040204125,BST,0,1,2025-03-04
cxf14dea1cff7ceb29a46e6d04533a08f84441e41d,hx891d1d00f371272c0d2f735d58acd435ffef9e62,hxc470b44679cadcad6ec05d3b8e701292274cb5d7,0x1fcab076da1ab3,0xe0e8a0f7b21f51ef411859ddfd17360e255bb53094eab608cc0f6d058f370a1a,0,94207779,0.008948583535090355,1741096358318123,Blobble Stake Token,0.0040204125,BST,0,2,2025-03-04
cx88fd7df7ddff82f7cc735c871dc519838cb235bb,cxa0af3165c08318e988cb30993b3048335b94af6c,cx5faae53c4dbd1fbe4a2eb4aab6565030f10da5c6,0x1a34fef4427563f,0x9eeb014bf03e2c8c224832e126cfda4e6059275eae840309a663938647e8273d,2,94207779,0.11802590430097158,1741096358318123,Balanced Dollar,0.0569099625,bnUSD,0,1,2025-03-04
cx88fd7df7ddff82f7cc735c871dc519838cb235bb,cxa0af3165c08318e988cb30993b3048335b94af6c,hxd75467e3e4ce64e3424c747dfb71503017440433,0x441099f6401d048b0,0x9eeb014bf03e2c8c224832e126cfda4e6059275eae840309a663938647e8273d,1,94207779,78.47342843396989,1741096358318123,Balanced Dollar,0.0569099625,bnUSD,0,1,2025-03-04
cx66a031cc3bd305c76371fb586e93801b948254f0,hxd75467e3e4ce64e3424c747dfb71503017440433,cxa0af3165c08318e988cb30993b3048335b94af6c,0x3782dace9d900000,0x9eeb014bf03e2c8c224832e126cfda4e6059275eae840309a663938647e8273d,0,94207779,4.0,1741096358318123,Avalanche,0.0569099625,AVAX,0,1,2025-03-04
cxf14dea1cff7ceb29a46e6d04533a08f84441e41d,hx891d1d00f371272c0d2f735d58acd435ffef9e62,hx9092a3fc19763f078f069b5406c4433f37b7ea56,0x1fcab076da1ab3,0x93d3a91b1cf5bb3191ef2c7f11f68cf63214c0e36e2d24a88532108ea7395633,0,94207777,0.008948583535090355,1741096354327355,Blobble Stake Token,0.0040204125,BST,0,1,2025-03-04
cxf14dea1cff7ceb29a46e6d04533a08f84441e41d,hx891d1d00f371272c0d2f735d58acd435ffef9e62,hx970eda4988e547df0de8324226fdf3e8ebc9734f,0x1fcab076da1ab3,0x066115918b1d6fcab47890cedb8c8c3e392c08ed03720caf4b398e09c6272b04,0,94207775,0.008948583535090355,1741096350468841,Blobble Stake Token,0.0040204125,BST,0,2,2025-03-04
cx88fd7df7ddff82f7cc735c871dc519838cb235bb,cxa0af3165c08318e988cb30993b3048335b94af6c,cx5faae53c4dbd1fbe4a2eb4aab6565030f10da5c6,0x14ccde1043cfab0,0xe0a35d46ded3f31450eff5eaca849c250bbf5e21e674c8820bf10680f79116e1,2,94207775,0.09367605859037867,1741096350468841,Balanced Dollar,0.0569739625,bnUSD,0,1,2025-03-04
cx88fd7df7ddff82f7cc735c871dc519838cb235bb,cxa0af3165c08318e988cb30993b3048335b94af6c,hxd75467e3e4ce64e3424c747dfb71503017440433,0x360331c2345f75ccf,0xe0a35d46ded3f31450eff5eaca849c250bbf5e21e674c8820bf10680f79116e1,1,94207775,62.27214741040525,1741096350468841,Balanced Dollar,0.0569739625,bnUSD,0,1,2025-03-04
cx288d13e1b63563459a2ac6179f237711f6851cb5,hxd75467e3e4ce64e3424c747dfb71503017440433,cxa0af3165c08318e988cb30993b3048335b94af6c,0x6a94d74f430000,0xe0a35d46ded3f31450eff5eaca849c250bbf5e21e674c8820bf10680f79116e1,0,94207775,0.03,1741096350468841,Ethereum,0.0569739625,ETH,0,1,2025-03-04
cxf14dea1cff7ceb29a46e6d04533a08f84441e41d,hx891d1d00f371272c0d2f735d58acd435ffef9e62,hx62207d1640bf8e1fefe9bcfe64366cbbd7ce3330,0x1fcab076da1ab3,0x7601a963e5d366569502a887a3e0a086545d35531ac0a4bcfcd458b73c741f5a,0,94207773,0.008948583535090355,1741096346291751,Blobble Stake Token,0.0040204125,BST,0,2,2025-03-04
cx2609b924e33ef00b648a409245c7ea394c467824,cx66d4d90f5f113eba575bf793570135f9b10cece1,hx53796e5b7b4c5c8e5531b2c965f73460a2708db3,0x31dfe966ffa6c280000,0xf7033d1a58bb05e4f922e54c6ad0702fa0cb4c4b97c163daf0808c3f15243158,1,94207773,14720.4,1741096346291751,Staked ICX,0.1100739125,sICX,0,1,2025-03-04
cxf14dea1cff7ceb29a46e6d04533a08f84441e41d,hx891d1d00f371272c0d2f735d58acd435ffef9e62,hx53bd3ba841728a31952ba8fe36ed060afbd4945d,0x1fcab076da1ab3,0x4cd7edfba396f425ab65c2f6e82660a8db0870b41bd3f26737cae1d6489680a6,0,94207771,0.008948583535090355,1741096342358210,Blobble Stake Token,0.004021725,BST,0,1,2025-03-04
cxf14dea1cff7ceb29a46e6d04533a08f84441e41d,hx891d1d00f371272c0d2f735d58acd435ffef9e62,hx184860bb6e243b19ae2b5f6cb0227b614052369a,0x1fcab076da1ab3,0x1adb0d1c7f868b3860125da20ea9ff943d2ab18c1457af49460857d7dafde895,0,94207769,0.008948583535090355,1741096338449411,Blobble Stake Token,0.004021725,BST,0,1,2025-03-04
cxf14dea1cff7ceb29a46e6d04533a08f84441e41d,hx891d1d00f371272c0d2f735d58acd435ffef9e62,hx6e26bb673c4af3bb347d1023ec2f460f3f79fcbf,0x1fcab076da1ab3,0x94bcca9e4932a1b1a1a05bfed0160531c7c42e478143dcd8fb5b723d52c0083e,0,94207767,0.008948583535090355,1741096334439104,Blobble Stake Token,0.0040204125,BST,0,1,2025-03-04
cxf14dea1cff7ceb29a46e6d04533a08f84441e41d,hx891d1d00f371272c0d2f735d58acd435ffef9e62,hx6e26bb673c4af3bb347d1023ec2f460f3f79fcbf,0x1fcab076da1ab3,0xf43c7e56fffd88f5e378e1c654c594526fbb82fd5a4c2351b66e82732d64a479,0,94207765,0.008948583535090355,1741096330339396,Blobble Stake Token,0.0040204125,BST,0,1,2025-03-04
cx88fd7df7ddff82f7cc735c871dc519838cb235bb,cxa0af3165c08318e988cb30993b3048335b94af6c,cx5faae53c4dbd1fbe4a2eb4aab6565030f10da5c6,0x14ce5edb660c351,0x36242cdec7f4cb507d2258756a86a440f278d3ec490b39e27367320a4ec764c0,2,94207764,0.09370250139774242,1741096328385445,Balanced Dollar,0.0569739625,bnUSD,0,1,2025-03-04
cx88fd7df7ddff82f7cc735c871dc519838cb235bb,cxa0af3165c08318e988cb30993b3048335b94af6c,hxd75467e3e4ce64e3424c747dfb71503017440433,0x36071907d0ac5329c,0x36242cdec7f4cb507d2258756a86a440f278d3ec490b39e27367320a4ec764c0,1,94207764,62.28972678786405,1741096328385445,Balanced Dollar,0.0569739625,bnUSD,0,1,2025-03-04
cx288d13e1b63563459a2ac6179f237711f6851cb5,hxd75467e3e4ce64e3424c747dfb71503017440433,cxa0af3165c08318e988cb30993b3048335b94af6c,0x6a94d74f430000,0x36242cdec7f4cb507d2258756a86a440f278d3ec490b39e27367320a4ec764c0,0,94207764,0.03,1741096328385445,Ethereum,0.0569739625,ETH,0,1,2025-03-04
cxf14dea1cff7ceb29a46e6d04533a08f84441e41d,hx891d1d00f371272c0d2f735d58acd435ffef9e62,hx6e26bb673c4af3bb347d1023ec2f460f3f79fcbf,0x1fcab076da1ab3,0x06aec90f1d70a4785146ee3b9e89683cf2a9611d88f9dc2b2fe4da4a0588a5c1,0,94207763,0.008948583535090355,1741096326280314,Blobble Stake Token,0.0040204125,BST,0,1,2025-03-04
cxf14dea1cff7ceb29a46e6d04533a08f84441e41d,hx891d1d00f371272c0d2f735d58acd435ffef9e62,hx6e26bb673c4af3bb347d1023ec2f460f3f79fcbf,0x1fcab076da1ab3,0x1e396474f22c16185e8fe93904b7078e4d3f79f728d14d5eb424116eabe7cb29,0,94207761,0.008948583535090355,1741096322327937,Blobble Stake Token,0.0040204125,BST,0,1,2025-03-04
cxf14dea1cff7ceb29a46e6d04533a08f84441e41d,hx891d1d00f371272c0d2f735d58acd435ffef9e62,hx691d9ca4e15022f8f629d5c2166a84c494b2decb,0x1fcab076da1ab3,0x834a999d18e28e20382acaa19376d33c16bdd0344bda2dfc948adc3d44fdc598,0,94207759,0.008948583535090355,1741096318255525,Blobble Stake Token,0.004021725,BST,0,1,2025-03-04
cx2609b924e33ef00b648a409245c7ea394c467824,cx66d4d90f5f113eba575bf793570135f9b10cece1,hx53796e5b7b4c5c8e5531b2c965f73460a2708db3,0x31dfe966ffa6c280000,0x9237803782f7504dd333f0c9120f963210619cf214db83a8fee4b629bd5cd55b,1,94207758,14720.4,1741096316313156,Staked ICX,0.1100766,sICX,0,1,2025-03-04
cxf14dea1cff7ceb29a46e6d04533a08f84441e41d,hx891d1d00f371272c0d2f735d58acd435ffef9e62,hx18cbff68c05b85c9aa7ad144ad36d7118ab4549b,0x1fcab076da1ab3,0xe76cfb46a0a935870555fab1820cef0ade2422bae8a58dc812f67b22cd29390a,0,94207757,0.008948583535090355,1741096314401687,Blobble Stake Token,0.004021725,BST,0,1,2025-03-04
cxf14dea1cff7ceb29a46e6d04533a08f84441e41d,hx891d1d00f371272c0d2f735d58acd435ffef9e62,hx970eda4988e547df0de8324226fdf3e8ebc9734f,0x1fcab076da1ab3,0x505e8e28afcc7ba13727dc5a8eed66a8b565a0bcb3eb92b158e9822a9ba64e59,0,94207755,0.008948583535090355,1741096310359660,Blobble Stake Token,0.0040204125,BST,0,1,2025-03-04
cxf14dea1cff7ceb29a46e6d04533a08f84441e41d,hx891d1d00f371272c0d2f735d58acd435ffef9e62,hxb946c680221e6ff41de8a2b62fd810315ce65fb9,0x1fcab076da1ab3,0xbdcf2794bd73f4bf91b977f37bdfb95d697ed56181c5da587d01504a740507cd,0,94207753,0.008948583535090355,1741096306357317,Blobble Stake Token,0.0040204125,BST,0,1,2025-03-04
cx88fd7df7ddff82f7cc735c871dc519838cb235bb,cxa0af3165c08318e988cb30993b3048335b94af6c,cx5faae53c4dbd1fbe4a2eb4aab6565030f10da5c6,0x14cfdfd0422afa4,0x5e0e54148a4ae7af8b0c0914a1cbfe4252116b8c027390f640a10845f6993dda,2,94207752,0.09372895540587306,1741096304314269,Balanced Dollar,0.0569739625,bnUSD,0,1,2025-03-04
cx88fd7df7ddff82f7cc735c871dc519838cb235bb,cxa0af3165c08318e988cb30993b3048335b94af6c,hxd75467e3e4ce64e3424c747dfb71503017440433,0x360b00b9cac3f8d22,0x5e0e54148a4ae7af8b0c0914a1cbfe4252116b8c027390f640a10845f6993dda,1,94207752,62.307313612203465,1741096304314269,Balanced Dollar,0.0569739625,bnUSD,0,1,2025-03-04
cx288d13e1b63563459a2ac6179f237711f6851cb5,hxd75467e3e4ce64e3424c747dfb71503017440433,cxa0af3165c08318e988cb30993b3048335b94af6c,0x6a94d74f430000,0x5e0e54148a4ae7af8b0c0914a1cbfe4252116b8c027390f640a10845f6993dda,0,94207752,0.03,1741096304314269,Ethereum,0.0569739625,ETH,0,1,2025-03-04
cxf14dea1cff7ceb29a46e6d04533a08f84441e41d,hx891d1d00f371272c0d2f735d58acd435ffef9e62,hxf270f35cbdacd1964e1a8366b65cd508a2ff105c,0x1fcab076da1ab3,0x47d0f56bc77318990f72c4577d0c43988a6dc40fd34813fa8744b70d86f0d526,0,94207751,0.008948583535090355,1741096302315256,Blobble Stake Token,0.0040204125,BST,0,2,2025-03-04
cxf61cd5a45dc9f91c15aa65831a30a90d59a09619,cx9345f80d6c98357ccbb70392b14162199c2c5f66,cxd82fb5d3effecd8c9071a4bba3856ad7222c4b91,0x5764471545980f0,0x3e46fdd621956afecc9b2bbc5039a1216630f5269052d8070de1500e8224c3d6,4,94207751,0.39357727097864215,1741096302315256,Balance Token,0.130184925,BALN,0,1,2025-03-04
cx2609b924e33ef00b648a409245c7ea394c467824,cx9345f80d6c98357ccbb70392b14162199c2c5f66,cxd82fb5d3effecd8c9071a4bba3856ad7222c4b91,0x602186ec3162914f,0x3e46fdd621956afecc9b2bbc5039a1216630f5269052d8070de1500e8224c3d6,3,94207751,6.9269660508714805,1741096302315256,Staked ICX,0.130184925,sICX,0,1,2025-03-04
cx88fd7df7ddff82f7cc735c871dc519838cb235bb,hx0000000000000000000000000000000000000000,cx5faae53c4dbd1fbe4a2eb4aab6565030f10da5c6,0x0,0x3e46fdd621956afecc9b2bbc5039a1216630f5269052d8070de1500e8224c3d6,2,94207751,0.0,1741096302315256,Balanced Dollar,0.130184925,bnUSD,0,1,2025-03-04
cx88fd7df7ddff82f7cc735c871dc519838cb235bb,hx0000000000000000000000000000000000000000,cxd82fb5d3effecd8c9071a4bba3856ad7222c4b91,0xf645aed7e3ffa1b,0x3e46fdd621956afecc9b2bbc5039a1216630f5269052d8070de1500e8224c3d6,1,94207751,1.1091113843118556,1741096302315256,Balanced Dollar,0.130184925,bnUSD,0,1,2025-03-04
cx88fd7df7ddff82f7cc735c871dc519838cb235bb,hx5d8a28197b7c0fd9a38070a8303f8373c52456c1,cxd82fb5d3effecd8c9071a4bba3856ad7222c4b91,0x15a4c3c4687e52956,0x3e46fdd621956afecc9b2bbc5039a1216630f5269052d8070de1500e8224c3d6,0,94207751,24.953385908978394,1741096302315256,Balanced Dollar,0.130184925,bnUSD,0,1,2025-03-04
cxf14dea1cff7ceb29a46e6d04533a08f84441e41d,hx891d1d00f371272c0d2f735d58acd435ffef9e62,hx18cbff68c05b85c9aa7ad144ad36d7118ab4549b,0x1fcab076da1ab3,0x35c1ac14b72b86f5142c3bb70c8e9f534bf8c91ddfd335629981ce0e9af5de35,0,94207749,0.008948583535090355,1741096298258978,Blobble Stake Token,0.004021725,BST,0,1,2025-03-04
cxf14dea1cff7ceb29a46e6d04533a08f84441e41d,hx891d1d00f371272c0d2f735d58acd435ffef9e62,hx18cbff68c05b85c9aa7ad144ad36d7118ab4549b,0x1fcab076da1ab3,0x77eab2b2a7886be592345aefd8d33fe3294a8e55cec4ba619c67446665037c8c,0,94207747,0.008948583535090355,1741096294442278,Blobble Stake Token,0.004021725,BST,0,1,2025-03-04
cxf14dea1cff7ceb29a46e6d04533a08f84441e41d,hx891d1d00f371272c0d2f735d58acd435ffef9e62,hxf270f35cbdacd1964e1a8366b65cd508a2ff105c,0x1fcab076da1ab3,0x3182ea70187ffd3f33a3ec94cb3fc5387e4047a693c716954025f9da62bcd7a9,0,94207745,0.008948583535090355,1741096290321598,Blobble Stake Token,0.0040204125,BST,0,1,2025-03-04
cx88fd7df7ddff82f7cc735c871dc519838cb235bb,cxa0af3165c08318e988cb30993b3048335b94af6c,cx5faae53c4dbd1fbe4a2eb4aab6565030f10da5c6,0x1a395ccc0c504b4,0xd19a54c8d1b02e7c8368c1798d62e47157ea97f3d5cff4e8729b953745789fe7,2,94207744,0.11810272188176914,1741096288458096,Balanced Dollar,0.0569099625,bnUSD,0,1,2025-03-04
cx88fd7df7ddff82f7cc735c871dc519838cb235bb,cxa0af3165c08318e988cb30993b3048335b94af6c,hxd75467e3e4ce64e3424c747dfb71503017440433,0x441bf1b2447ed51df,0xd19a54c8d1b02e7c8368c1798d62e47157ea97f3d5cff4e8729b953745789fe7,1,94207744,78.52451147049477,1741096288458096,Balanced Dollar,0.0569099625,bnUSD,0,1,2025-03-04
cx66a031cc3bd305c76371fb586e93801b948254f0,hxd75467e3e4ce64e3424c747dfb71503017440433,cxa0af3165c08318e988cb30993b3048335b94af6c,0x3782dace9d900000,0xd19a54c8d1b02e7c8368c1798d62e47157ea97f3d5cff4e8729b953745789fe7,0,94207744,4.0,1741096288458096,Avalanche,0.0569099625,AVAX,0,1,2025-03-04
cxf14dea1cff7ceb29a46e6d04533a08f84441e41d,hx891d1d00f371272c0d2f735d58acd435ffef9e62,hxf270f35cbdacd1964e1a8366b65cd508a2ff105c,0x1fcab076da1ab3,0x36df3b0396626815675834c67236a23e1ffaf88c62e8e2f9b67483bfecf4ab13,0,94207743,0.008948583535090355,1741096286316763,Blobble Stake Token,0.0040204125,BST,0,2,2025-03-04
cxb8cf9a4700e0c804b780978bf9d9de759c62e787,hx0000000000000000000000000000000000000000,cx66d4d90f5f113eba575bf793570135f9b10cece1,0x39c8ae4500,0x73ab92f6e46d672db09ed2f4945763cae70d5db3427969df51155c0d407099d0,1,94207743,248.18,1741096286316763,Mirai Staked SUI,0.0366572375,mSUI,0,1,2025-03-04
cxf14dea1cff7ceb29a46e6d04533a08f84441e41d,hx891d1d00f371272c0d2f735d58acd435ffef9e62,hx6e26bb673c4af3bb347d1023ec2f460f3f79fcbf,0x1fcab076da1ab3,0x3e9d2aaef836ba98d3648e69b88047ba25ff882b5f658f8bea1b8bfe743d9052,0,94207741,0.008948583535090355,1741096282348623,Blobble Stake Token,0.0040204125,BST,0,1,2025-03-04
cxf14dea1cff7ceb29a46e6d04533a08f84441e41d,hx891d1d00f371272c0d2f735d58acd435ffef9e62,hx6e26bb673c4af3bb347d1023ec2f460f3f79fcbf,0x1fcab076da1ab3,0x098e910805b017462a39d35cdffeb7982250edde54e574754081343380aed349,0,94207739,0.008948583535090355,1741096278372196,Blobble Stake Token,0.0040204125,BST,0,3,2025-03-04
cx88fd7df7ddff82f7cc735c871dc519838cb235bb,hx0000000000000000000000000000000000000000,cx5faae53c4dbd1fbe4a2eb4aab6565030f10da5c6,0xb146a8b5875d8e,0x4a9fe980f9ef848915f19132b7508fb0ffcb325795096fb20d96fdd718250a45,3,94207739,0.04989876129178357,1741096278372196,Balanced Dollar,0.1012961375,bnUSD,0,1,2025-03-04
cx88fd7df7ddff82f7cc735c871dc519838cb235bb,cx66d4d90f5f113eba575bf793570135f9b10cece1,hx5d8a28197b7c0fd9a38070a8303f8373c52456c1,0x15a3e01828c62ba58,0x4a9fe980f9ef848915f19132b7508fb0ffcb325795096fb20d96fdd718250a45,1,94207739,24.949380645891782,1741096278372196,Balanced Dollar,0.1012961375,bnUSD,0,1,2025-03-04
cx88fd7df7ddff82f7cc735c871dc519838cb235bb,hx0000000000000000000000000000000000000000,cx66d4d90f5f113eba575bf793570135f9b10cece1,0x15a3e01828c62ba58,0x4a9fe980f9ef848915f19132b7508fb0ffcb325795096fb20d96fdd718250a45,0,94207739,24.949380645891782,1741096278372196,Balanced Dollar,0.1012961375,bnUSD,0,1,2025-03-04
cxf14dea1cff7ceb29a46e6d04533a08f84441e41d,hx891d1d00f371272c0d2f735d58acd435ffef9e62,hx6e26bb673c4af3bb347d1023ec2f460f3f79fcbf,0x1fcab076da1ab3,0x20f39cbd33a6306bb480dab7f44dff7bb040d07524fcd74e8228931e7d645d8a,0,94207737,0.008948583535090355,1741096274359346,Blobble Stake Token,0.0040204125,BST,0,1,2025-03-04
cxf14dea1cff7ceb29a46e6d04533a08f84441e41d,hx891d1d00f371272c0d2f735d58acd435ffef9e62,hx62207d1640bf8e1fefe9bcfe64366cbbd7ce3330,0x1fcab076da1ab3,0xed576510644c6aceeee4172fbb68fc1b128877ebfdbf750704ba5b0cd107e6cd,0,94207735,0.008948583535090355,1741096270312158,Blobble Stake Token,0.0040204125,BST,0,1,2025-03-04
cxf14dea1cff7ceb29a46e6d04533a08f84441e41d,hx891d1d00f371272c0d2f735d58acd435ffef9e62,hxb946c680221e6ff41de8a2b62fd810315ce65fb9,0x1fcab076da1ab3,0x83d51b20d9e694e9dd841571bf708abc9bab0ce4dcf2f813121c419c14f62c21,0,94207733,0.008948583535090355,1741096266391173,Blobble Stake Token,0.0040204125,BST,0,1,2025-03-04
cxf14dea1cff7ceb29a46e6d04533a08f84441e41d,hx891d1d00f371272c0d2f735d58acd435ffef9e62,hxf270f35cbdacd1964e1a8366b65cd508a2ff105c,0x1fcab076da1ab3,0x1017d7aa691730043015d3bdb56b9a5e528fa6aa45994550c5ba79a4ccdc569f,0,94207731,0.008948583535090355,1741096262294867,Blobble Stake Token,0.0040204125,BST,0,1,2025-03-04
cxf14dea1cff7ceb29a46e6d04533a08f84441e41d,hx891d1d00f371272c0d2f735d58acd435ffef9e62,hx25ee33bbaf76616b432dfb4b785beb1f92db07c9,0x1fcab076da1ab3,0xc3ce9638c55962aa84d545bbba18b4593699f833e7112c1ab8d7bddb8e198fdd,0,94207729,0.008948583535090355,1741096258294283,Blobble Stake Token,0.0040204125,BST,0,1,2025-03-04
cx07b184a37f03c6ab681fcbd0b45aec6dc3eafbeb,hx5d8a28197b7c0fd9a38070a8303f8373c52456c1,cx66d4d90f5f113eba575bf793570135f9b10cece1,0x43963a2a35000,0xff1c0ce15895cc3be4603029c9ec90374ec4d36bb7d7c9cf82232fe1099f21be,0,94207728,0.001189,1741096256324714,Bitcoin,0.02253625,BTC,0,1,2025-03-04
cxf14dea1cff7ceb29a46e6d04533a08f84441e41d,hx891d1d00f371272c0d2f735d58acd435ffef9e62,hx184860bb6e243b19ae2b5f6cb0227b614052369a,0x1fcab076da1ab3,0x84408e16c2d9ecb14a13869084ff48bcace785a975ac1fe3abf6a23e64dc6c83,0,94207727,0.008948583535090355,1741096254300156,Blobble Stake Token,0.004021725,BST,0,1,2025-03-04
cxf14dea1cff7ceb29a46e6d04533a08f84441e41d,hx891d1d00f371272c0d2f735d58acd435ffef9e62,hxc470b44679cadcad6ec05d3b8e701292274cb5d7,0x1fcab076da1ab3,0x516552262f3656596c8a12f8db49b6d3d0667f9f0a00b0c7e3cc7de555d3fc42,0,94207725,0.008948583535090355,1741096250454149,Blobble Stake Token,0.0040204125,BST,0,1,2025-03-04
cxf14dea1cff7ceb29a46e6d04533a08f84441e41d,hx891d1d00f371272c0d2f735d58acd435ffef9e62,hx184860bb6e243b19ae2b5f6cb0227b614052369a,0x1fcab076da1ab3,0x4aede3d0a6eb554a4a3cb6c4c110d92ca8287a24a9ab354efe2c2f5ee9c65bb6,0,94207723,0.008948583535090355,1741096246265214,Blobble Stake Token,0.004021725,BST,0,1,2025-03-04
cxf14dea1cff7ceb29a46e6d04533a08f84441e41d,hx891d1d00f371272c0d2f735d58acd435ffef9e62,hx81d4f834b91569b43cde903ec241eb1fce64a171,0x1fcab076da1ab3,0x78ec4ffbfbf7ea259e739fba5dbf8f3b0cd4970ef29fb322cba4c93ac6158f70,0,94207721,0.008948583535090355,1741096242336800,Blobble Stake Token,0.0040204125,BST,0,1,2025-03-04
cxf14dea1cff7ceb29a46e6d04533a08f84441e41d,hx891d1d00f371272c0d2f735d58acd435ffef9e62,hx9092a3fc19763f078f069b5406c4433f37b7ea56,0x1fcab076da1ab3,0xf756b935167bfe8f788eba043a82e7eb0c92b3433b4ec143e2ac7548d82e8960,0,94207719,0.008948583535090355,1741096238443639,Blobble Stake Token,0.0040204125,BST,0,1,2025-03-04
cxf14dea1cff7ceb29a46e6d04533a08f84441e41d,hx891d1d00f371272c0d2f735d58acd435ffef9e62,hx6e26bb673c4af3bb347d1023ec2f460f3f79fcbf,0x1fcab076da1ab3,0x0bf1b2aa48c92bf8c160ffb26723c02f98ccd1778cf86f14e9e299e3b32424bb,0,94207717,0.008948583535090355,1741096234421663,Blobble Stake Token,0.0040204125,BST,0,1,2025-03-04
cxf14dea1cff7ceb29a46e6d04533a08f84441e41d,hx891d1d00f371272c0d2f735d58acd435ffef9e62,hxf270f35cbdacd1964e1a8366b65cd508a2ff105c,0x1fcab076da1ab3,0x7f285eb917cbb69a8047b9f6346e64bf7c0b3d0147b15e793ec953ee88583621,0,94207715,0.008948583535090355,1741096230320027,Blobble Stake Token,0.0040204125,BST,0,1,2025-03-04
cxf14dea1cff7ceb29a46e6d04533a08f84441e41d,hx891d1d00f371272c0d2f735d58acd435ffef9e62,hxb946c680221e6ff41de8a2b62fd810315ce65fb9,0x1fcab076da1ab3,0x20a5b630e1b438ad744d00399bb6b9c58721d97c0efb16cf3c87e5e8dd4a8e5d,0,94207713,0.008948583535090355,1741096226270076,Blobble Stake Token,0.0040204125,BST,0,1,2025-03-04
cxf14dea1cff7ceb29a46e6d04533a08f84441e41d,hx891d1d00f371272c0d2f735d58acd435ffef9e62,hx81d4f834b91569b43cde903ec241eb1fce64a171,0x1fcab076da1ab3,0xfb222ed11d17c78b01c383f05755b5932be5e822e72d7fa23eff6a9740984eec,0,94207711,0.008948583535090355,1741096222299485,Blobble Stake Token,0.0040204125,BST,0,1,2025-03-04
cxf14dea1cff7ceb29a46e6d04533a08f84441e41d,hx891d1d00f371272c0d2f735d58acd435ffef9e62,hxc0a2c4b422657ff499640f07606b1516e9935b9b,0x1fcab076da1ab3,0xa33b71a2297146523ed1eb55102e9c6fdecb24bded461bb519c981df03b12377,0,94207709,0.008948583535090355,1741096218237100,Blobble Stake Token,0.0040204125,BST,0,1,2025-03-04
cxf14dea1cff7ceb29a46e6d04533a08f84441e41d,hx891d1d00f371272c0d2f735d58acd435ffef9e62,hx9092a3fc19763f078f069b5406c4433f37b7ea56,0x1fcab076da1ab3,0x4ce234236128a2a06c280b4aa66df75f8e80ae48df8e21846885d20f0466cea1,0,94207707,0.008948583535090355,1741096214348065,Blobble Stake Token,0.0040204125,BST,0,1,2025-03-04
cxf14dea1cff7ceb29a46e6d04533a08f84441e41d,hx891d1d00f371272c0d2f735d58acd435ffef9e62,hxf270f35cbdacd1964e1a8366b65cd508a2ff105c,0x1fcab076da1ab3,0x2ad68f079c48668c172c33c12e15712d59c322d57ab95d2cb2342768ded92ee2,0,94207705,0.008948583535090355,1741096210303238,Blobble Stake Token,0.0040204125,BST,0,1,2025-03-04
cxf14dea1cff7ceb29a46e6d04533a08f84441e41d,hx891d1d00f371272c0d2f735d58acd435ffef9e62,hx759f4e13974fedf34fade0d45640c286a963471b,0x1fcab076da1ab3,0x60971f5b750e7948f3c4a688fd61b913d93dee02e53f46aa73920b4587ad9acc,0,94207703,0.008948583535090355,1741096206307951,Blobble Stake Token,0.0040204125,BST,0,1,2025-03-04
cxf14dea1cff7ceb29a46e6d04533a08f84441e41d,hx891d1d00f371272c0d2f735d58acd435ffef9e62,hx6e26bb673c4af3bb347d1023ec2f460f3f79fcbf,0x1fcab076da1ab3,0x7e47039f50e9001a2a1353c2f2378202b30a57ae24f8c8e5b58d1201526ce8d4,0,94207701,0.008948583535090355,1741096202283465,Blobble Stake Token,0.0040204125,BST,0,1,2025-03-04
cxf14dea1cff7ceb29a46e6d04533a08f84441e41d,hx891d1d00f371272c0d2f735d58acd435ffef9e62,hx18cbff68c05b85c9aa7ad144ad36d7118ab4549b,0x1fcab076da1ab3,0xfa5275f0a075f2c20346da892f02ff85d4a0d2df9da9e93489330a6d2b7441ad,0,94207699,0.008948583535090355,1741096198232014,Blobble Stake Token,0.004021725,BST,0,1,2025-03-04
cxf14dea1cff7ceb29a46e6d04533a08f84441e41d,hx891d1d00f371272c0d2f735d58acd435ffef9e62,hx76948ccd4e07437bf7073b395b8109e0c8c162c4,0x1fcab076da1ab3,0xb64db8b5b2d2c4b1de78205245323954b47d8f80175e1cb95f7db23c3fdcf86c,0,94207697,0.008948583535090355,1741096194409751,Blobble Stake Token,0.0040204125,BST,0,1,2025-03-04
cxf14dea1cff7ceb29a46e6d04533a08f84441e41d,hx891d1d00f371272c0d2f735d58acd435ffef9e62,hx81d4f834b91569b43cde903ec241eb1fce64a171,0x1fcab076da1ab3,0x463b2533bf447119603506f2576b41314642360b4a0bc88e17616ec7775b7568,0,94207695,0.008948583535090355,1741096190289038,Blobble Stake Token,0.0040204125,BST,0,1,2025-03-04
cxf14dea1cff7ceb29a46e6d04533a08f84441e41d,hx891d1d00f371272c0d2f735d58acd435ffef9e62,hx184860bb6e243b19ae2b5f6cb0227b614052369a,0x1fcab076da1ab3,0x7187080a55a5417f9e1b15de3455349f682c31473b87cbdedef7269b9b5807d7,0,94207693,0.008948583535090355,1741096186291180,Blobble Stake Token,0.004021725,BST,0,1,2025-03-04
cxf14dea1cff7ceb29a46e6d04533a08f84441e41d,hx891d1d00f371272c0d2f735d58acd435ffef9e62,hx184860bb6e243b19ae2b5f6cb0227b614052369a,0x1fcab076da1ab3,0x733d4cd96e9f21f8ad64c2aea346449aff57b8e785476582a00b11644870c2b8,0,94207691,0.008948583535090355,1741096182317353,Blobble Stake Token,0.004021725,BST,0,1,2025-03-04
cxf14dea1cff7ceb29a46e6d04533a08f84441e41d,hx891d1d00f371272c0d2f735d58acd435ffef9e62,hx6e26bb673c4af3bb347d1023ec2f460f3f79fcbf,0x1fcab076da1ab3,0x00cb175c3d883db319a162a76f80b2288b47d1cd0b0ebc5a691432d11f5fe065,0,94207689,0.008948583535090355,1741096178334721,Blobble Stake Token,0.0040204125,BST,0,1,2025-03-04
cxf14dea1cff7ceb29a46e6d04533a08f84441e41d,hx891d1d00f371272c0d2f735d58acd435ffef9e62,hx6e26bb673c4af3bb347d1023ec2f460f3f79fcbf,0x1fcab076da1ab3,0x526bf2789a067ad4c0f06ec4e3322d09d92d592e12155552c517958f3e43e6c8,0,94207687,0.008948583535090355,1741096174333936,Blobble Stake Token,0.0040204125,BST,0,1,2025-03-04
cxf14dea1cff7ceb29a46e6d04533a08f84441e41d,hx891d1d00f371272c0d2f735d58acd435ffef9e62,hx25ee33bbaf76616b432dfb4b785beb1f92db07c9,0x1fcab076da1ab3,0xe5e7d3fe216bd2cb6c12df297b005d4972b301506457a196774a4138f702f7d7,0,94207685,0.008948583535090355,1741096170288753,Blobble Stake Token,0.0040204125,BST,0,1,2025-03-04
cxf14dea1cff7ceb29a46e6d04533a08f84441e41d,hx891d1d00f371272c0d2f735d58acd435ffef9e62,hx9092a3fc19763f078f069b5406c4433f37b7ea56,0x1fcab076da1ab3,0x48ea8cf0804bcbed29aff7d07fbcc88981d80b9d02d5c1506bbd8fec0d1f1e96,0,94207683,0.008948583535090355,1741096166382085,Blobble Stake Token,0.0040204125,BST,0,1,2025-03-04
cxf14dea1cff7ceb29a46e6d04533a08f84441e41d,hx891d1d00f371272c0d2f735d58acd435ffef9e62,hx81d4f834b91569b43cde903ec241eb1fce64a171,0x1fcab076da1ab3,0xba99fdd12c642e439ab001689cfa4ce12ffe9ae281bfc20df8c9c7340abe023c,0,94207681,0.008948583535090355,1741096162253606,Blobble Stake Token,0.0040204125,BST,0,1,2025-03-04
cxf14dea1cff7ceb29a46e6d04533a08f84441e41d,hx891d1d00f371272c0d2f735d58acd435ffef9e62,hx691d9ca4e15022f8f629d5c2166a84c494b2decb,0x1fcab076da1ab3,0x17e02cb4c5546c3ca582ad42bc06385672f2472b6ebb19a23c21fbe2b051fc98,0,94207679,0.008948583535090355,1741096158258098,Blobble Stake Token,0.004021725,BST,0,1,2025-03-04
cxf14dea1cff7ceb29a46e6d04533a08f84441e41d,hx891d1d00f371272c0d2f735d58acd435ffef9e62,hx6e26bb673c4af3bb347d1023ec2f460f3f79fcbf,0x1fcab076da1ab3,0xa29abae5058b64c4c6cdde225f88a9f6231451b63b637c2fb917c04c95ca3932,0,94207677,0.008948583535090355,1741096154268804,Blobble Stake Token,0.0040204125,BST,0,1,2025-03-04
cxf14dea1cff7ceb29a46e6d04533a08f84441e41d,hx891d1d00f371272c0d2f735d58acd435ffef9e62,hx81d4f834b91569b43cde903ec241eb1fce64a171,0x1fcab076da1ab3,0xbdfd72e956a21c4f44f6689f6addcb35737a6e8ac2309e35c7653189a60fa98a,0,94207675,0.008948583535090355,1741096150405980,Blobble Stake Token,0.0040204125,BST,0,1,2025-03-04
cx07b184a37f03c6ab681fcbd0b45aec6dc3eafbeb,cx21e94c08c03daee80c25d8ee3ea22a20786ec231,hx5d8a28197b7c0fd9a38070a8303f8373c52456c1,0x439e460c2a742,0xb4ae1ae1b85cda90f174d764a7485c8dac3a53d5b17f9ce5e5083c3944b5d462,5,94207673,0.001189552945538882,1741096146232044,Bitcoin,0.0859923875,BTC,0,2,2025-03-04
cx88fd7df7ddff82f7cc735c871dc519838cb235bb,cxa0af3165c08318e988cb30993b3048335b94af6c,cx5faae53c4dbd1fbe4a2eb4aab6565030f10da5c6,0x214e8348c4f0000,0xb4ae1ae1b85cda90f174d764a7485c8dac3a53d5b17f9ce5e5083c3944b5d462,3,94207673,0.15,1741096146232044,Balanced Dollar,0.0859923875,bnUSD,0,2,2025-03-04
cx07b184a37f03c6ab681fcbd0b45aec6dc3eafbeb,cxa0af3165c08318e988cb30993b3048335b94af6c,cx21e94c08c03daee80c25d8ee3ea22a20786ec231,0x439e460c2a742,0xb4ae1ae1b85cda90f174d764a7485c8dac3a53d5b17f9ce5e5083c3944b5d462,2,94207673,0.001189552945538882,1741096146232044,Bitcoin,0.0859923875,BTC,0,2,2025-03-04
cx88fd7df7ddff82f7cc735c871dc519838cb235bb,cx21e94c08c03daee80c25d8ee3ea22a20786ec231,cxa0af3165c08318e988cb30993b3048335b94af6c,0x56bc75e2d63100000,0xb4ae1ae1b85cda90f174d764a7485c8dac3a53d5b17f9ce5e5083c3944b5d462,1,94207673,100.0,1741096146232044,Balanced Dollar,0.0859923875,bnUSD,0,2,2025-03-04
cx88fd7df7ddff82f7cc735c871dc519838cb235bb,hx5d8a28197b7c0fd9a38070a8303f8373c52456c1,cx21e94c08c03daee80c25d8ee3ea22a20786ec231,0x56bc75e2d63100000,0xb4ae1ae1b85cda90f174d764a7485c8dac3a53d5b17f9ce5e5083c3944b5d462,0,94207673,100.0,1741096146232044,Balanced Dollar,0.0859923875,bnUSD,0,2,2025-03-04
cxf14dea1cff7ceb29a46e6d04533a08f84441e41d,hx891d1d00f371272c0d2f735d58acd435ffef9e62,hxf270f35cbdacd1964e1a8366b65cd508a2ff105c,0x1fcab076da1ab3,0x50e38ebab4f05a6296f8afd9bd859a7a912d57be9e29f469fc921872f613fbf8,0,94207673,0.008948583535090355,1741096146232044,Blobble Stake Token,0.0040204125,BST,0,1,2025-03-04
cxf14dea1cff7ceb29a46e6d04533a08f84441e41d,hx891d1d00f371272c0d2f735d58acd435ffef9e62,hx9092a3fc19763f078f069b5406c4433f37b7ea56,0x1fcab076da1ab3,0x54075140e1c87cb4cfb0eba2d87920e00c433481cd8900f82918be4f27d1af6a,0,94207671,0.008948583535090355,1741096142303131,Blobble Stake Token,0.0040204125,BST,0,1,2025-03-04
cxf14dea1cff7ceb29a46e6d04533a08f84441e41d,hx891d1d00f371272c0d2f735d58acd435ffef9e62,hxf270f35cbdacd1964e1a8366b65cd508a2ff105c,0x1fcab076da1ab3,0xd617bb3c06da702e0c1453921267e84a9f0f7b3305838fa6a9f7ad0fdb819695,0,94207669,0.008948583535090355,1741096138404802,Blobble Stake Token,0.0040204125,BST,0,1,2025-03-04
cxf14dea1cff7ceb29a46e6d04533a08f84441e41d,hx891d1d00f371272c0d2f735d58acd435ffef9e62,hxb946c680221e6ff41de8a2b62fd810315ce65fb9,0x1fcab076da1ab3,0x745c88b4eda7cf2a4f489f2b6acf718d22489eb1762b6fc7dc86fac0f9043814,0,94207667,0.008948583535090355,1741096134391647,Blobble Stake Token,0.0040204125,BST,0,1,2025-03-04
cxf14dea1cff7ceb29a46e6d04533a08f84441e41d,hx891d1d00f371272c0d2f735d58acd435ffef9e62,hx53bd3ba841728a31952ba8fe36ed060afbd4945d,0x1fcab076da1ab3,0xb2dfd3d6264abcafcfe9f5f11c06462c73704daef8116369f397896d9d3069fa,0,94207665,0.008948583535090355,1741096130279593,Blobble Stake Token,0.004021725,BST,0,1,2025-03-04
cxf14dea1cff7ceb29a46e6d04533a08f84441e41d,hx891d1d00f371272c0d2f735d58acd435ffef9e62,hx970eda4988e547df0de8324226fdf3e8ebc9734f,0x1fcab076da1ab3,0x5fef2ba95f38e11d5d53516c98e4a4b39fe73491bddb7afbf5282aad167c51c3,0,94207663,0.008948583535090355,1741096126241069,Blobble Stake Token,0.0040204125,BST,0,1,2025-03-04
cxf14dea1cff7ceb29a46e6d04533a08f84441e41d,hx891d1d00f371272c0d2f735d58acd435ffef9e62,hx970eda4988e547df0de8324226fdf3e8ebc9734f,0x1fcab076da1ab3,0x502b189c134f8da28cecce8a1a4c2056ae4bb838b9fb422d391e688bd63a1aa6,0,94207661,0.008948583535090355,1741096122266110,Blobble Stake Token,0.0040204125,BST,0,1,2025-03-04
cxf14dea1cff7ceb29a46e6d04533a08f84441e41d,hx891d1d00f371272c0d2f735d58acd435ffef9e62,hxab5df692abc89645d517619ec2324e659f810f46,0x1fcab076da1ab3,0xf538b40abd931317f6a783b015647220f2dde7806e48e39a6bcec84dec9678cd,0,94207659,0.008948583535090355,1741096118201902,Blobble Stake Token,0.0040204125,BST,0,2,2025-03-04
cx88fd7df7ddff82f7cc735c871dc519838cb235bb,cxd82fb5d3effecd8c9071a4bba3856ad7222c4b91,hx5d8a28197b7c0fd9a38070a8303f8373c52456c1,0x56bc75e2d63100000,0x714c69f9c70b107e30abf8c5131cd473efe7d5ef6a6873b85a4a780b98e8351c,0,94207659,100.0,1741096118201902,Balanced Dollar,0.0206924375,bnUSD,0,1,2025-03-04
cxf14dea1cff7ceb29a46e6d04533a08f84441e41d,hx891d1d00f371272c0d2f735d58acd435ffef9e62,hx6e26bb673c4af3bb347d1023ec2f460f3f79fcbf,0x1fcab076da1ab3,0x6c21fb8efdd2ac29486ac3fa27391123d0465e29d1a61593277c07545def3b41,0,94207657,0.008948583535090355,1741096114311373,Blobble Stake Token,0.0040204125,BST,0,1,2025-03-04
cxf14dea1cff7ceb29a46e6d04533a08f84441e41d,hx891d1d00f371272c0d2f735d58acd435ffef9e62,hxc470b44679cadcad6ec05d3b8e701292274cb5d7,0x1fcab076da1ab3,0x466318929b33651c02cc6882a050255645341d2542eede9f94da04219a16a279,0,94207655,0.008948583535090355,1741096110293438,Blobble Stake Token,0.0040204125,BST,0,1,2025-03-04
cxf14dea1cff7ceb29a46e6d04533a08f84441e41d,hx891d1d00f371272c0d2f735d58acd435ffef9e62,hx6e26bb673c4af3bb347d1023ec2f460f3f79fcbf,0x1fcab076da1ab3,0xef3678f9e1cfe99cd0dc7fdf4b117ddbedb3aa2f890481f5f33ee25be8cdaeef,0,94207653,0.008948583535090355,1741096106277261,Blobble Stake Token,0.0040204125,BST,0,1,2025-03-04
cxf14dea1cff7ceb29a46e6d04533a08f84441e41d,hx891d1d00f371272c0d2f735d58acd435ffef9e62,hxa9ebee56a07790b3bc222a85d097eba61ea17f7d,0x1fcab076da1ab3,0xfaad88188bc6a36677c0fc13e696b323ebdffc7609c781ad8872d7c0b84f2df5,0,94207651,0.008948583535090355,1741096102250724,Blobble Stake Token,0.0040204125,BST,0,1,2025-03-04
cxf14dea1cff7ceb29a46e6d04533a08f84441e41d,hx891d1d00f371272c0d2f735d58acd435ffef9e62,hx6e26bb673c4af3bb347d1023ec2f460f3f79fcbf,0x1fcab076da1ab3,0xfa38c8fc99d4570fea616733d78a71329353fa6b784c8bdbca9ca13af6932c1a,0,94207649,0.008948583535090355,1741096098196858,Blobble Stake Token,0.0040204125,BST,0,1,2025-03-04
cxf14dea1cff7ceb29a46e6d04533a08f84441e41d,hx891d1d00f371272c0d2f735d58acd435ffef9e62,hx9dffde8442c8edad4ab47b18c650b750bf7fc400,0x1fcab076da1ab3,0x998f154b20cf0365d14b0427f36ed12dbbc2a854be1f940325f67b869b45c708,0,94207647,0.008948583535090355,1741096094385345,Blobble Stake Token,0.0040204125,BST,0,1,2025-03-04
cxf14dea1cff7ceb29a46e6d04533a08f84441e41d,hx891d1d00f371272c0d2f735d58acd435ffef9e62,hxb946c680221e6ff41de8a2b62fd810315ce65fb9,0x1fcab076da1ab3,0x8c30739f5104d24ee1c21585001006a9c66486c60bc9a89ec801c0a1c172701e,0,94207645,0.008948583535090355,1741096090253097,Blobble Stake Token,0.0040204125,BST,0,1,2025-03-04
cxf14dea1cff7ceb29a46e6d04533a08f84441e41d,hx891d1d00f371272c0d2f735d58acd435ffef9e62,hxbda9ea6ce93b75cc2f3234fe2d3c84fa8083a420,0x1fcab076da1ab3,0xc907f800c7f2d4ee7827c9a3d6f7689faae31526673a092f9500f57f2b179919,0,94207643,0.008948583535090355,1741096086263302,Blobble Stake Token,0.0040204125,BST,0,1,2025-03-04
cxf14dea1cff7ceb29a46e6d04533a08f84441e41d,hx891d1d00f371272c0d2f735d58acd435ffef9e62,hx6e26bb673c4af3bb347d1023ec2f460f3f79fcbf,0x1fcab076da1ab3,0xbd1f48d4051cb550152bfb4cc03bba7a8b1bce3e6157532ebfcd370d7405fcdd,0,94207641,0.008948583535090355,1741096082290240,Blobble Stake Token,0.0040204125,BST,0,1,2025-03-04
cxf14dea1cff7ceb29a46e6d04533a08f84441e41d,hx891d1d00f371272c0d2f735d58acd435ffef9e62,hx6e26bb673c4af3bb347d1023ec2f460f3f79fcbf,0x1fcab076da1ab3,0x66511b463cf84857008a4d65a0ea727c99fa1a7fc270519229c737613bef632d,0,94207639,0.008948583535090355,1741096078294720,Blobble Stake Token,0.0040204125,BST,0,1,2025-03-04
cxf14dea1cff7ceb29a46e6d04533a08f84441e41d,hx891d1d00f371272c0d2f735d58acd435ffef9e62,hx6e26bb673c4af3bb347d1023ec2f460f3f79fcbf,0x1fcab076da1ab3,0x6e216931d23b123fcb4ab5e3349b2a7f01de9de9eb6f13b834770bda26557953,0,94207637,0.008948583535090355,1741096074293545,Blobble Stake Token,0.0040204125,BST,0,1,2025-03-04
cxf14dea1cff7ceb29a46e6d04533a08f84441e41d,hx891d1d00f371272c0d2f735d58acd435ffef9e62,hx184860bb6e243b19ae2b5f6cb0227b614052369a,0x1fcab076da1ab3,0xf78696b0dd9e1a1f998f21a71a4ac7dd58f12f4d425b0682f2bca4bf71ff83a2,0,94207635,0.008948583535090355,1741096070232627,Blobble Stake Token,0.004021725,BST,0,1,2025-03-04
cxf14dea1cff7ceb29a46e6d04533a08f84441e41d,hx891d1d00f371272c0d2f735d58acd435ffef9e62,hx9dffde8442c8edad4ab47b18c650b750bf7fc400,0x1fcab076da1ab3,0xc848d6bc584ebf1a1d90ecb26cb2d5195507ce5c27f440287c9ed9661b039c26,0,94207633,0.008948583535090355,1741096066234407,Blobble Stake Token,0.0040204125,BST,0,1,2025-03-04
cxf14dea1cff7ceb29a46e6d04533a08f84441e41d,hx891d1d00f371272c0d2f735d58acd435ffef9e62,hxf270f35cbdacd1964e1a8366b65cd508a2ff105c,0x1fcab076da1ab3,0x19baa0795109e83fc37627517637be18377092fd585b1592923107efdd8f3785,0,94207631,0.008948583535090355,1741096062228793,Blobble Stake Token,0.0040204125,BST,0,1,2025-03-04
cxf14dea1cff7ceb29a46e6d04533a08f84441e41d,hx891d1d00f371272c0d2f735d58acd435ffef9e62,hx6e26bb673c4af3bb347d1023ec2f460f3f79fcbf,0x1fcab076da1ab3,0xb850c5b46d089785d8c86020d52a8f5d1f4a54a23e32d3ccc03750bd1ed3c45d,0,94207629,0.008948583535090355,1741096058251862,Blobble Stake Token,0.0040204125,BST,0,1,2025-03-04
cxf14dea1cff7ceb29a46e6d04533a08f84441e41d,hx891d1d00f371272c0d2f735d58acd435ffef9e62,hx6e26bb673c4af3bb347d1023ec2f460f3f79fcbf,0x1fcab076da1ab3,0x36056f077ea28d0b7ac943f2f2f11c6c96bc61ca5355dba8cbdcb28f955af5b9,0,94207627,0.008948583535090355,1741096054240380,Blobble Stake Token,0.0040204125,BST,0,1,2025-03-04
cxf14dea1cff7ceb29a46e6d04533a08f84441e41d,hx891d1d00f371272c0d2f735d58acd435ffef9e62,hxab5df692abc89645d517619ec2324e659f810f46,0x1fcab076da1ab3,0xdd4b58e110fb7edf86fb5625a3c1ae03f25392f23da1bd983278e8438f1effac,0,94207625,0.008948583535090355,1741096050371337,Blobble Stake Token,0.0040204125,BST,0,1,2025-03-04
cxf14dea1cff7ceb29a46e6d04533a08f84441e41d,hx891d1d00f371272c0d2f735d58acd435ffef9e62,hx25ee33bbaf76616b432dfb4b785beb1f92db07c9,0x1fcab076da1ab3,0xa3fbfbb54d5dbd87d708694094d7ad4f52559e5b4f6d5db8ecfaee71f5549b5e,0,94207623,0.008948583535090355,1741096046211924,Blobble Stake Token,0.0040204125,BST,0,1,2025-03-04
cxf14dea1cff7ceb29a46e6d04533a08f84441e41d,hx891d1d00f371272c0d2f735d58acd435ffef9e62,hxbda9ea6ce93b75cc2f3234fe2d3c84fa8083a420,0x1fcab076da1ab3,0xc4e65ba5b9fd5f517762a63d161cf97f54030062483ae93738204b0f4cbe585f,0,94207621,0.008948583535090355,1741096042276871,Blobble Stake Token,0.0040204125,BST,0,1,2025-03-04
cxf14dea1cff7ceb29a46e6d04533a08f84441e41d,hx891d1d00f371272c0d2f735d58acd435ffef9e62,hx6e26bb673c4af3bb347d1023ec2f460f3f79fcbf,0x1fcab076da1ab3,0x4e91ac942f48887e78ffb8ef9b19b8471d71d33ab5eb458a75e5d5fe034da062,0,94207619,0.008948583535090355,1741096038370106,Blobble Stake Token,0.0040204125,BST,0,1,2025-03-04
cxf14dea1cff7ceb29a46e6d04533a08f84441e41d,hx891d1d00f371272c0d2f735d58acd435ffef9e62,hx6e26bb673c4af3bb347d1023ec2f460f3f79fcbf,0x1fcab076da1ab3,0x325ef1cd24b75834fedf58e789c0736593858482ee3322d6623620876e089898,0,94207617,0.008948583535090355,1741096034363682,Blobble Stake Token,0.0040204125,BST,0,1,2025-03-04
cxf14dea1cff7ceb29a46e6d04533a08f84441e41d,hx891d1d00f371272c0d2f735d58acd435ffef9e62,hxf270f35cbdacd1964e1a8366b65cd508a2ff105c,0x1fcab076da1ab3,0x5e183f387f20e0157955ae23ed2c33f5965ac4f8176892fad4a9b333e67ae9ea,0,94207615,0.008948583535090355,1741096030255237,Blobble Stake Token,0.0040204125,BST,0,1,2025-03-04
cx88fd7df7ddff82f7cc735c871dc519838cb235bb,cxa0af3165c08318e988cb30993b3048335b94af6c,hx4dc7903504bb800a462378348a42f53742759e0b,0x119058b4c458fdd,0x217be25253c272f0b5c7957e5c3603dfaec87ebf73fc5075441c86ceb2713ab5,3,94207614,0.07910056429391459,1741096028288346,Balanced Dollar,0.0347563375,bnUSD,0,3,2025-03-04
cx288d13e1b63563459a2ac6179f237711f6851cb5,hx4dc7903504bb800a462378348a42f53742759e0b,cxa0af3165c08318e988cb30993b3048335b94af6c,0x2ccaf04b359dbe,0x59859956b2508b689948b18e71cd4fe9353886e50c8e7e238758b5f8a2dab1c8,0,94207614,0.012608032378035646,1741096028288346,Ethereum,0.0216352,ETH,0,2,2025-03-04
cx88fd7df7ddff82f7cc735c871dc519838cb235bb,hx4dc7903504bb800a462378348a42f53742759e0b,cxa0af3165c08318e988cb30993b3048335b94af6c,0x16da49548d6042000,0x5ff8ae16d5b95f0e8f74da6fb0544530912f7d01d42a9f4a34de399cb77b8429,0,94207614,26.347347860085023,1741096028288346,Balanced Dollar,0.02221895,bnUSD,0,1,2025-03-04
cxf14dea1cff7ceb29a46e6d04533a08f84441e41d,hx891d1d00f371272c0d2f735d58acd435ffef9e62,hx184860bb6e243b19ae2b5f6cb0227b614052369a,0x1fcab076da1ab3,0xea2fc144435543646353a3b9a4b86d5c76c38772db0583884b19763aa7f1e41c,0,94207613,0.008948583535090355,1741096026220573,Blobble Stake Token,0.004021725,BST,0,1,2025-03-04
cx288d13e1b63563459a2ac6179f237711f6851cb5,cx21e94c08c03daee80c25d8ee3ea22a20786ec231,hx4dc7903504bb800a462378348a42f53742759e0b,0x2cd0ac860f12cc,0x89248f4823112524e90ef12a8bc41fe164cddfd6d162d486390274e1dfa6dbbb,12,94207612,0.01261433837735598,1741096024274432,Ethereum,0.2290358875,ETH,0,2,2025-03-04
cx88fd7df7ddff82f7cc735c871dc519838cb235bb,cxa0af3165c08318e988cb30993b3048335b94af6c,cx5faae53c4dbd1fbe4a2eb4aab6565030f10da5c6,0x8c77eb067d182b,0x89248f4823112524e90ef12a8bc41fe164cddfd6d162d486390274e1dfa6dbbb,10,94207612,0.03953834804937323,1741096024274432,Balanced Dollar,0.2290358875,bnUSD,0,2,2025-03-04
cx288d13e1b63563459a2ac6179f237711f6851cb5,cxa0af3165c08318e988cb30993b3048335b94af6c,cx21e94c08c03daee80c25d8ee3ea22a20786ec231,0x2cd0ac860f12cc,0x89248f4823112524e90ef12a8bc41fe164cddfd6d162d486390274e1dfa6dbbb,9,94207612,0.01261433837735598,1741096024274432,Ethereum,0.2290358875,ETH,0,2,2025-03-04
cx88fd7df7ddff82f7cc735c871dc519838cb235bb,cx21e94c08c03daee80c25d8ee3ea22a20786ec231,cxa0af3165c08318e988cb30993b3048335b94af6c,0x16dcd9eb63b199bb8,0x89248f4823112524e90ef12a8bc41fe164cddfd6d162d486390274e1dfa6dbbb,8,94207612,26.358898699582152,1741096024274432,Balanced Dollar,0.2290358875,bnUSD,0,2,2025-03-04
cx88fd7df7ddff82f7cc735c871dc519838cb235bb,cxa0af3165c08318e988cb30993b3048335b94af6c,cx5faae53c4dbd1fbe4a2eb4aab6565030f10da5c6,0x8ce301c17543c0,0x89248f4823112524e90ef12a8bc41fe164cddfd6d162d486390274e1dfa6dbbb,6,94207612,0.03965609341965203,1741096024274432,Balanced Dollar,0.2290358875,bnUSD,0,2,2025-03-04
cx88fd7df7ddff82f7cc735c871dc519838cb235bb,cxa0af3165c08318e988cb30993b3048335b94af6c,cx21e94c08c03daee80c25d8ee3ea22a20786ec231,0x16dcd9eb63b199bb8,0x89248f4823112524e90ef12a8bc41fe164cddfd6d162d486390274e1dfa6dbbb,5,94207612,26.358898699582152,1741096024274432,Balanced Dollar,0.2290358875,bnUSD,0,2,2025-03-04
cx2609b924e33ef00b648a409245c7ea394c467824,cx21e94c08c03daee80c25d8ee3ea22a20786ec231,cxa0af3165c08318e988cb30993b3048335b94af6c,0xa3e2a5f1a84e716d9,0x89248f4823112524e90ef12a8bc41fe164cddfd6d162d486390274e1dfa6dbbb,4,94207612,188.9469380839724,1741096024274432,Staked ICX,0.2290358875,sICX,0,2,2025-03-04
cx2609b924e33ef00b648a409245c7ea394c467824,hx0000000000000000000000000000000000000000,cx21e94c08c03daee80c25d8ee3ea22a20786ec231,0xa3e2a5f1a84e716d9,0x89248f4823112524e90ef12a8bc41fe164cddfd6d162d486390274e1dfa6dbbb,2,94207612,188.9469380839724,1741096024274432,Staked ICX,0.2290358875,sICX,0,2,2025-03-04
cx88fd7df7ddff82f7cc735c871dc519838cb235bb,cx21e94c08c03daee80c25d8ee3ea22a20786ec231,hx4dc7903504bb800a462378348a42f53742759e0b,0x16dd368aa3361ebe3,0x281581922e4f7b9eefc38aca2c1fb3d7996e9199130b620d9b1ec701ecd196f2,8,94207612,26.36052812414543,1741096024274432,Balanced Dollar,0.1713494,bnUSD,0,1,2025-03-04
cx88fd7df7ddff82f7cc735c871dc519838cb235bb,cxa0af3165c08318e988cb30993b3048335b94af6c,cx5faae53c4dbd1fbe4a2eb4aab6565030f10da5c6,0x8ce53c82f2437e,0x281581922e4f7b9eefc38aca2c1fb3d7996e9199130b620d9b1ec701ecd196f2,6,94207612,0.039658544797205375,1741096024274432,Balanced Dollar,0.1713494,bnUSD,0,1,2025-03-04
cx88fd7df7ddff82f7cc735c871dc519838cb235bb,cxa0af3165c08318e988cb30993b3048335b94af6c,cx21e94c08c03daee80c25d8ee3ea22a20786ec231,0x16dd368aa3361ebe3,0x281581922e4f7b9eefc38aca2c1fb3d7996e9199130b620d9b1ec701ecd196f2,5,94207612,26.36052812414543,1741096024274432,Balanced Dollar,0.1713494,bnUSD,0,1,2025-03-04
cx2609b924e33ef00b648a409245c7ea394c467824,cx21e94c08c03daee80c25d8ee3ea22a20786ec231,cxa0af3165c08318e988cb30993b3048335b94af6c,0xa3e2a5f1a84e716d9,0x281581922e4f7b9eefc38aca2c1fb3d7996e9199130b620d9b1ec701ecd196f2,4,94207612,188.9469380839724,1741096024274432,Staked ICX,0.1713494,sICX,0,1,2025-03-04
cx2609b924e33ef00b648a409245c7ea394c467824,hx0000000000000000000000000000000000000000,cx21e94c08c03daee80c25d8ee3ea22a20786ec231,0xa3e2a5f1a84e716d9,0x281581922e4f7b9eefc38aca2c1fb3d7996e9199130b620d9b1ec701ecd196f2,2,94207612,188.9469380839724,1741096024274432,Staked ICX,0.1713494,sICX,0,1,2025-03-04
cxf14dea1cff7ceb29a46e6d04533a08f84441e41d,hx891d1d00f371272c0d2f735d58acd435ffef9e62,hx62207d1640bf8e1fefe9bcfe64366cbbd7ce3330,0x1fcab076da1ab3,0x5bb8dbbc669352fc3882ffb427417f59a1b92ee3ab3f38d71c8a11e97da74fb7,0,94207611,0.008948583535090355,1741096022241307,Blobble Stake Token,0.0040204125,BST,0,1,2025-03-04
cxf14dea1cff7ceb29a46e6d04533a08f84441e41d,hx891d1d00f371272c0d2f735d58acd435ffef9e62,hx6e26bb673c4af3bb347d1023ec2f460f3f79fcbf,0x1fcab076da1ab3,0x3eb24ddbece18892fd17eb69a16aba07053093a866ce7b324190e7d76a984716,0,94207609,0.008948583535090355,1741096018178163,Blobble Stake Token,0.0040204125,BST,0,1,2025-03-04
cxf14dea1cff7ceb29a46e6d04533a08f84441e41d,hx891d1d00f371272c0d2f735d58acd435ffef9e62,hx6e26bb673c4af3bb347d1023ec2f460f3f79fcbf,0x1fcab076da1ab3,0xbc9b166d1251147108863365a557a2578e9e7fa91f1678c9bd08d8f7f5b42a5f,0,94207607,0.008948583535090355,1741096014274171,Blobble Stake Token,0.0040204125,BST,0,1,2025-03-04
cxf14dea1cff7ceb29a46e6d04533a08f84441e41d,hx891d1d00f371272c0d2f735d58acd435ffef9e62,hx6e26bb673c4af3bb347d1023ec2f460f3f79fcbf,0x1fcab076da1ab3,0x213c68c5e925048a6560f9b3d0da033171fad1db81ddf491ac09c78ea14b1548,0,94207605,0.008948583535090355,1741096010271577,Blobble Stake Token,0.0040204125,BST,0,1,2025-03-04
cxf14dea1cff7ceb29a46e6d04533a08f84441e41d,hx891d1d00f371272c0d2f735d58acd435ffef9e62,hx691d9ca4e15022f8f629d5c2166a84c494b2decb,0x1fcab076da1ab3,0xb0599a46d606464dc1af8d9ce5cd57940b03faae3d54d10ea24dbca63c6b3dcd,0,94207603,0.008948583535090355,1741096006258451,Blobble Stake Token,0.004021725,BST,0,1,2025-03-04
cxf14dea1cff7ceb29a46e6d04533a08f84441e41d,hx891d1d00f371272c0d2f735d58acd435ffef9e62,hx6e26bb673c4af3bb347d1023ec2f460f3f79fcbf,0x1fcab076da1ab3,0x314824753bdb89f1dec9134a4b1c67a5a369e363b53a82834273fd6633a17825,0,94207601,0.008948583535090355,1741096002221951,Blobble Stake Token,0.0040204125,BST,0,1,2025-03-04
cxf14dea1cff7ceb29a46e6d04533a08f84441e41d,hx891d1d00f371272c0d2f735d58acd435ffef9e62,hx6e26bb673c4af3bb347d1023ec2f460f3f79fcbf,0x1fcab076da1ab3,0x1406afcf246faf9b35d4379fb2979fc04640efb4da5180f881b7c89753b66a97,0,94207599,0.008948583535090355,1741095998164505,Blobble Stake Token,0.0040204125,BST,0,1,2025-03-04
cxf14dea1cff7ceb29a46e6d04533a08f84441e41d,hx891d1d00f371272c0d2f735d58acd435ffef9e62,hx184860bb6e243b19ae2b5f6cb0227b614052369a,0x1fcab076da1ab3,0xe546339ec1a670b593bffe856a975a0d135f192853fd5ccadd678374aeada745,0,94207597,0.008948583535090355,1741095994376292,Blobble Stake Token,0.004021725,BST,0,1,2025-03-04
cxf14dea1cff7ceb29a46e6d04533a08f84441e41d,hx891d1d00f371272c0d2f735d58acd435ffef9e62,hxab5df692abc89645d517619ec2324e659f810f46,0x1fcab076da1ab3,0x35d52af668b2b293234922ab2f2c0219a51e16d752351d79739709ae038800a2,0,94207595,0.008948583535090355,1741095990225544,Blobble Stake Token,0.0040204125,BST,0,1,2025-03-04
cxf14dea1cff7ceb29a46e6d04533a08f84441e41d,hx891d1d00f371272c0d2f735d58acd435ffef9e62,hx6e26bb673c4af3bb347d1023ec2f460f3f79fcbf,0x1fcab076da1ab3,0x7dade8727313d2df6ed6498f93ece53ba668b949461cc2fda37729528b31d964,0,94207593,0.008948583535090355,1741095986233672,Blobble Stake Token,0.0040204125,BST,0,1,2025-03-04
cxf14dea1cff7ceb29a46e6d04533a08f84441e41d,hx891d1d00f371272c0d2f735d58acd435ffef9e62,hxc470b44679cadcad6ec05d3b8e701292274cb5d7,0x1fcab076da1ab3,0xd40b2bb8fec30df1575644c908f4e01ca254c2fb6078f84c8fac2f40549555ad,0,94207591,0.008948583535090355,1741095982259604,Blobble Stake Token,0.0040204125,BST,0,1,2025-03-04
cxf14dea1cff7ceb29a46e6d04533a08f84441e41d,hx891d1d00f371272c0d2f735d58acd435ffef9e62,hx970eda4988e547df0de8324226fdf3e8ebc9734f,0x1fcab076da1ab3,0x2ae91aee77c31ed30e3c3941e6161509a4760f33fde6ace87c6be79bc118f275,0,94207589,0.008948583535090355,1741095978262211,Blobble Stake Token,0.0040204125,BST,0,1,2025-03-04
cxf14dea1cff7ceb29a46e6d04533a08f84441e41d,hx891d1d00f371272c0d2f735d58acd435ffef9e62,hx184860bb6e243b19ae2b5f6cb0227b614052369a,0x1fcab076da1ab3,0xdaa5596cb1e958eff652b44a805eb45897ec49bdfa53a4c5ea327c3fafeb26b0,0,94207587,0.008948583535090355,1741095974248160,Blobble Stake Token,0.004021725,BST,0,1,2025-03-04
cxf14dea1cff7ceb29a46e6d04533a08f84441e41d,hx891d1d00f371272c0d2f735d58acd435ffef9e62,hxb946c680221e6ff41de8a2b62fd810315ce65fb9,0x1fcab076da1ab3,0x886c38aa311c71f587c4605f7bab70bda0a866deb3777338a9c8bdb42278e742,0,94207585,0.008948583535090355,1741095970212994,Blobble Stake Token,0.0040204125,BST,0,1,2025-03-04
cxf14dea1cff7ceb29a46e6d04533a08f84441e41d,hx891d1d00f371272c0d2f735d58acd435ffef9e62,hx9dffde8442c8edad4ab47b18c650b750bf7fc400,0x1fcab076da1ab3,0x943672d658429aac936232c619654693e00afe0ad08d5367af016fcea0c52824,0,94207583,0.008948583535090355,1741095966211107,Blobble Stake Token,0.0040204125,BST,0,1,2025-03-04
cxf14dea1cff7ceb29a46e6d04533a08f84441e41d,hx891d1d00f371272c0d2f735d58acd435ffef9e62,hx81d4f834b91569b43cde903ec241eb1fce64a171,0x1fcab076da1ab3,0xcddb99e63d7b72584d90e3bdd00a775d5e741260496494901ab03fe53cdec43d,0,94207581,0.008948583535090355,1741095962222684,Blobble Stake Token,0.0040204125,BST,0,1,2025-03-04
cx4297f4b63262507623b6ad575d0d8dd2db980e4e,cx21e94c08c03daee80c25d8ee3ea22a20786ec231,hx2debd9ec927cca1639da8d3518dd9dbf1cdfb357,0x1a05473ec3b2ad9e1,0xa26f3d804c6c98fc49cf05f1467ed364c133dfb342ed1dffb92d66c7f4c01c58,5,94207579,29.999730476263856,1741095958219746,Injective,0.0883886125,INJ,0,2,2025-03-04
cx88fd7df7ddff82f7cc735c871dc519838cb235bb,cxa0af3165c08318e988cb30993b3048335b94af6c,cx5faae53c4dbd1fbe4a2eb4aab6565030f10da5c6,0x6bc55daf4ddf238,0xa26f3d804c6c98fc49cf05f1467ed364c133dfb342ed1dffb92d66c7f4c01c58,3,94207579,0.4853572587485886,1741095958219746,Balanced Dollar,0.0883886125,bnUSD,0,2,2025-03-04
cx4297f4b63262507623b6ad575d0d8dd2db980e4e,cxa0af3165c08318e988cb30993b3048335b94af6c,cx21e94c08c03daee80c25d8ee3ea22a20786ec231,0x1a05473ec3b2ad9e1,0xa26f3d804c6c98fc49cf05f1467ed364c133dfb342ed1dffb92d66c7f4c01c58,2,94207579,29.999730476263856,1741095958219746,Injective,0.0883886125,INJ,0,2,2025-03-04
cx88fd7df7ddff82f7cc735c871dc519838cb235bb,cx21e94c08c03daee80c25d8ee3ea22a20786ec231,cxa0af3165c08318e988cb30993b3048335b94af6c,0x118a74ea3301fc1c80,0xa26f3d804c6c98fc49cf05f1467ed364c133dfb342ed1dffb92d66c7f4c01c58,1,94207579,323.5715058323924,1741095958219746,Balanced Dollar,0.0883886125,bnUSD,0,2,2025-03-04
cx88fd7df7ddff82f7cc735c871dc519838cb235bb,hx2debd9ec927cca1639da8d3518dd9dbf1cdfb357,cx21e94c08c03daee80c25d8ee3ea22a20786ec231,0x118a74ea3301fc1c80,0xa26f3d804c6c98fc49cf05f1467ed364c133dfb342ed1dffb92d66c7f4c01c58,0,94207579,323.5715058323924,1741095958219746,Balanced Dollar,0.0883886125,bnUSD,0,2,2025-03-04
cxf14dea1cff7ceb29a46e6d04533a08f84441e41d,hx891d1d00f371272c0d2f735d58acd435ffef9e62,hx691d9ca4e15022f8f629d5c2166a84c494b2decb,0x1fcab076da1ab3,0xc2a6876e9d11b23872016ae9becf6674ca8245c50ccf1ed7e719d45111108b4a,0,94207579,0.008948583535090355,1741095958219746,Blobble Stake Token,0.004021725,BST,0,1,2025-03-04
cxf14dea1cff7ceb29a46e6d04533a08f84441e41d,hx891d1d00f371272c0d2f735d58acd435ffef9e62,hx6e26bb673c4af3bb347d1023ec2f460f3f79fcbf,0x1fcab076da1ab3,0x767724e322c6643097c3b392a7d4361b3fb84082d69037899ed7e8919aa84e4b,0,94207577,0.008948583535090355,1741095954209107,Blobble Stake Token,0.0040204125,BST,0,1,2025-03-04
cxf14dea1cff7ceb29a46e6d04533a08f84441e41d,hx891d1d00f371272c0d2f735d58acd435ffef9e62,hx6e26bb673c4af3bb347d1023ec2f460f3f79fcbf,0x1fcab076da1ab3,0x6661ac4fea36fc5b8e796d91109ecc1759ea47bfc57f9d661276df57d1ae7dd9,0,94207575,0.008948583535090355,1741095950361658,Blobble Stake Token,0.0040204125,BST,0,1,2025-03-04
cxf14dea1cff7ceb29a46e6d04533a08f84441e41d,hx891d1d00f371272c0d2f735d58acd435ffef9e62,hx53bd3ba841728a31952ba8fe36ed060afbd4945d,0x1fcab076da1ab3,0x6cbbcfb22ab7a789058da575c9624c0803cde0d372c539a8ae797ca0a1ce48a5,0,94207573,0.008948583535090355,1741095946186745,Blobble Stake Token,0.004021725,BST,0,1,2025-03-04
cx66a031cc3bd305c76371fb586e93801b948254f0,cx21e94c08c03daee80c25d8ee3ea22a20786ec231,hx2debd9ec927cca1639da8d3518dd9dbf1cdfb357,0x1158da297b45fae7c,0x31f7822ba019fa166bbc65b2429b861c8ff78a29dbdb5f177f0cb0aa80b8e427,5,94207572,19.999820292672172,1741095944368949,Avalanche,0.088298875,AVAX,0,1,2025-03-04
cx88fd7df7ddff82f7cc735c871dc519838cb235bb,cxa0af3165c08318e988cb30993b3048335b94af6c,cx5faae53c4dbd1fbe4a2eb4aab6565030f10da5c6,0x83628e8c8310377,0x31f7822ba019fa166bbc65b2429b861c8ff78a29dbdb5f177f0cb0aa80b8e427,3,94207572,0.591705381301978,1741095944368949,Balanced Dollar,0.088298875,bnUSD,0,1,2025-03-04
cx66a031cc3bd305c76371fb586e93801b948254f0,cxa0af3165c08318e988cb30993b3048335b94af6c,cx21e94c08c03daee80c25d8ee3ea22a20786ec231,0x1158da297b45fae7c,0x31f7822ba019fa166bbc65b2429b861c8ff78a29dbdb5f177f0cb0aa80b8e427,2,94207572,19.999820292672172,1741095944368949,Avalanche,0.088298875,AVAX,0,1,2025-03-04
cx88fd7df7ddff82f7cc735c871dc519838cb235bb,cx21e94c08c03daee80c25d8ee3ea22a20786ec231,cxa0af3165c08318e988cb30993b3048335b94af6c,0x15625fde33ffa3b090,0x31f7822ba019fa166bbc65b2429b861c8ff78a29dbdb5f177f0cb0aa80b8e427,1,94207572,394.47025420131865,1741095944368949,Balanced Dollar,0.088298875,bnUSD,0,1,2025-03-04
cx88fd7df7ddff82f7cc735c871dc519838cb235bb,hx2debd9ec927cca1639da8d3518dd9dbf1cdfb357,cx21e94c08c03daee80c25d8ee3ea22a20786ec231,0x15625fde33ffa3b090,0x31f7822ba019fa166bbc65b2429b861c8ff78a29dbdb5f177f0cb0aa80b8e427,0,94207572,394.47025420131865,1741095944368949,Balanced Dollar,0.088298875,bnUSD,0,1,2025-03-04
cxf14dea1cff7ceb29a46e6d04533a08f84441e41d,hx891d1d00f371272c0d2f735d58acd435ffef9e62,hx25ee33bbaf76616b432dfb4b785beb1f92db07c9,0x1fcab076da1ab3,0x68e422c78ac604087679559b55e49c6a253195427e2e9bad121fd99c69e5a8af,0,94207571,0.008948583535090355,1741095942250217,Blobble Stake Token,0.0040204125,BST,0,1,2025-03-04
cxf14dea1cff7ceb29a46e6d04533a08f84441e41d,hx891d1d00f371272c0d2f735d58acd435ffef9e62,hxf270f35cbdacd1964e1a8366b65cd508a2ff105c,0x1fcab076da1ab3,0x18c1597819ecd3b3c5f6eeb8703afaa7e622b43d98417a28efd66353f8a5efd8,0,94207569,0.008948583535090355,1741095938345706,Blobble Stake Token,0.0040204125,BST,0,1,2025-03-04
cx2609b924e33ef00b648a409245c7ea394c467824,cx21e94c08c03daee80c25d8ee3ea22a20786ec231,hx2debd9ec927cca1639da8d3518dd9dbf1cdfb357,0x6c6b536dffe92aaad4,0xf303b0b5b0aa1a7cbf1ef687f37b6c1be522d94572211c6b0aa8445e6d9cd3d1,5,94207568,1999.9820058916528,1741095936223154,Staked ICX,0.1127006875,sICX,0,1,2025-03-04
cx88fd7df7ddff82f7cc735c871dc519838cb235bb,cxa0af3165c08318e988cb30993b3048335b94af6c,cx5faae53c4dbd1fbe4a2eb4aab6565030f10da5c6,0x5d773badb4e37c0,0xf303b0b5b0aa1a7cbf1ef687f37b6c1be522d94572211c6b0aa8445e6d9cd3d1,3,94207568,0.4209323365628784,1741095936223154,Balanced Dollar,0.1127006875,bnUSD,0,1,2025-03-04
cx2609b924e33ef00b648a409245c7ea394c467824,cxa0af3165c08318e988cb30993b3048335b94af6c,cx21e94c08c03daee80c25d8ee3ea22a20786ec231,0x6c6b536dffe92aaad4,0xf303b0b5b0aa1a7cbf1ef687f37b6c1be522d94572211c6b0aa8445e6d9cd3d1,2,94207568,1999.9820058916528,1741095936223154,Staked ICX,0.1127006875,sICX,0,1,2025-03-04
cx88fd7df7ddff82f7cc735c871dc519838cb235bb,cx21e94c08c03daee80c25d8ee3ea22a20786ec231,cxa0af3165c08318e988cb30993b3048335b94af6c,0xf36680bf071068400,0xf303b0b5b0aa1a7cbf1ef687f37b6c1be522d94572211c6b0aa8445e6d9cd3d1,1,94207568,280.6215577085856,1741095936223154,Balanced Dollar,0.1127006875,bnUSD,0,1,2025-03-04
cx88fd7df7ddff82f7cc735c871dc519838cb235bb,hx2debd9ec927cca1639da8d3518dd9dbf1cdfb357,cx21e94c08c03daee80c25d8ee3ea22a20786ec231,0xf36680bf071068400,0xf303b0b5b0aa1a7cbf1ef687f37b6c1be522d94572211c6b0aa8445e6d9cd3d1,0,94207568,280.6215577085856,1741095936223154,Balanced Dollar,0.1127006875,bnUSD,0,1,2025-03-04
cxf14dea1cff7ceb29a46e6d04533a08f84441e41d,hx891d1d00f371272c0d2f735d58acd435ffef9e62,hx18cbff68c05b85c9aa7ad144ad36d7118ab4549b,0x1fcab076da1ab3,0x9d12649e0d98bc614e430673f3c249eff2a0309e86b138e3b9cb32dbd6a1771c,0,94207567,0.008948583535090355,1741095934336887,Blobble Stake Token,0.004021725,BST,0,1,2025-03-04
cxf14dea1cff7ceb29a46e6d04533a08f84441e41d,hx891d1d00f371272c0d2f735d58acd435ffef9e62,hx6e26bb673c4af3bb347d1023ec2f460f3f79fcbf,0x1fcab076da1ab3,0x7fc2bfa461b815e7e27ea746715be0f8a9706981a8df80ce609c16271d111f21,0,94207565,0.008948583535090355,1741095930222563,Blobble Stake Token,0.0040204125,BST,0,1,2025-03-04
cxf14dea1cff7ceb29a46e6d04533a08f84441e41d,hx891d1d00f371272c0d2f735d58acd435ffef9e62,hxab5df692abc89645d517619ec2324e659f810f46,0x1fcab076da1ab3,0xc0e6f87547631b0cd96f58b7f1f89cde3e36cdb7925cc0d934a3b7d87c64886d,0,94207563,0.008948583535090355,1741095926185115,Blobble Stake Token,0.0040204125,BST,0,1,2025-03-04
cxf14dea1cff7ceb29a46e6d04533a08f84441e41d,hx891d1d00f371272c0d2f735d58acd435ffef9e62,hx6e26bb673c4af3bb347d1023ec2f460f3f79fcbf,0x1fcab076da1ab3,0xccca2655f9846bd37e6f655921d83116e5fabecb41e1dfe5648a8dffab836232,0,94207561,0.008948583535090355,1741095922208119,Blobble Stake Token,0.0040204125,BST,0,1,2025-03-04
cxf14dea1cff7ceb29a46e6d04533a08f84441e41d,hx891d1d00f371272c0d2f735d58acd435ffef9e62,hx970eda4988e547df0de8324226fdf3e8ebc9734f,0x1fcab076da1ab3,0x932cd1b9fd99fb564211d6a6eeb9dcbb7589b66b5d46b4c64dc2b1498bd07bf4,0,94207559,0.008948583535090355,1741095918146192,Blobble Stake Token,0.0040204125,BST,0,1,2025-03-04
cxf14dea1cff7ceb29a46e6d04533a08f84441e41d,hx891d1d00f371272c0d2f735d58acd435ffef9e62,hx53bd3ba841728a31952ba8fe36ed060afbd4945d,0x1fcab076da1ab3,0x0a796d9baae5cbd4d0800b01bbfffa00d2fb96249e069052b5fa6b09c5f06bc9,0,94207557,0.008948583535090355,1741095914238140,Blobble Stake Token,0.004021725,BST,0,1,2025-03-04
cxf14dea1cff7ceb29a46e6d04533a08f84441e41d,hx891d1d00f371272c0d2f735d58acd435ffef9e62,hx970eda4988e547df0de8324226fdf3e8ebc9734f,0x1fcab076da1ab3,0x7b76b598d32d44a218ec8e777aa83d4582ada107fb20db49328d5192f4a39b27,0,94207555,0.008948583535090355,1741095910225151,Blobble Stake Token,0.0040204125,BST,0,1,2025-03-04
cxf14dea1cff7ceb29a46e6d04533a08f84441e41d,hx891d1d00f371272c0d2f735d58acd435ffef9e62,hx184860bb6e243b19ae2b5f6cb0227b614052369a,0x1fcab076da1ab3,0x7de6c4e50fe1ea4dc8305c9d0ca879ad6f298960615c6d6e7350a68f3a820128,0,94207553,0.008948583535090355,1741095906244754,Blobble Stake Token,0.004021725,BST,0,1,2025-03-04
cxf14dea1cff7ceb29a46e6d04533a08f84441e41d,hx891d1d00f371272c0d2f735d58acd435ffef9e62,hxf270f35cbdacd1964e1a8366b65cd508a2ff105c,0x1fcab076da1ab3,0x7d950c83750e22930bda5a943e501db765edcdcdd37ed7efa2f566c5f68cfc75,0,94207551,0.008948583535090355,1741095902195065,Blobble Stake Token,0.0040204125,BST,0,1,2025-03-04
cxf14dea1cff7ceb29a46e6d04533a08f84441e41d,hx891d1d00f371272c0d2f735d58acd435ffef9e62,hx81d4f834b91569b43cde903ec241eb1fce64a171,0x1fcab076da1ab3,0x6140b0ac828d1d50e7bd6abc8a1a3a07625e14b24e5cb5f59c11d33527e73c66,0,94207549,0.008948583535090355,1741095898146115,Blobble Stake Token,0.0040204125,BST,0,1,2025-03-04
cxf14dea1cff7ceb29a46e6d04533a08f84441e41d,hx891d1d00f371272c0d2f735d58acd435ffef9e62,hx53bd3ba841728a31952ba8fe36ed060afbd4945d,0x1fcab076da1ab3,0x5d0370d9cf3627f0afa33880038c2751fa6ecd282219810e1e0323d04cbf26cb,0,94207547,0.008948583535090355,1741095894337397,Blobble Stake Token,0.004021725,BST,0,1,2025-03-04
cxf14dea1cff7ceb29a46e6d04533a08f84441e41d,hx891d1d00f371272c0d2f735d58acd435ffef9e62,hx184860bb6e243b19ae2b5f6cb0227b614052369a,0x1fcab076da1ab3,0xbe461a4faa1165241d98a3b6520e4d69a8fb930b77dce45a4af9ecb87ac951c8,0,94207545,0.008948583535090355,1741095890196151,Blobble Stake Token,0.004021725,BST,0,1,2025-03-04
cxf14dea1cff7ceb29a46e6d04533a08f84441e41d,hx891d1d00f371272c0d2f735d58acd435ffef9e62,hx45c4a70f21688d35a02c9715164731d199fdd4c6,0x1fcab076da1ab3,0x6b96b85f0133ff881d4a78658e5f1b0c0caaa9f2579db8e2090295db5143093f,0,94207543,0.008948583535090355,1741095886202747,Blobble Stake Token,0.0040204125,BST,0,1,2025-03-04
cxf14dea1cff7ceb29a46e6d04533a08f84441e41d,hx891d1d00f371272c0d2f735d58acd435ffef9e62,hxb946c680221e6ff41de8a2b62fd810315ce65fb9,0x1fcab076da1ab3,0xd447804553bb295b5036254a1d30785b9b4cab32b84417df82bd47dbe26a2e44,0,94207541,0.008948583535090355,1741095882230208,Blobble Stake Token,0.0040204125,BST,0,1,2025-03-04
cxf14dea1cff7ceb29a46e6d04533a08f84441e41d,hx891d1d00f371272c0d2f735d58acd435ffef9e62,hx6e26bb673c4af3bb347d1023ec2f460f3f79fcbf,0x1fcab076da1ab3,0xc9c9f40fec76e320981d9c94249e47bba8075aeeaa130b2200bde6af62a0c43e,0,94207539,0.008948583535090355,1741095878236292,Blobble Stake Token,0.0040204125,BST,0,1,2025-03-04
cxf14dea1cff7ceb29a46e6d04533a08f84441e41d,hx891d1d00f371272c0d2f735d58acd435ffef9e62,hxab5df692abc89645d517619ec2324e659f810f46,0x1fcab076da1ab3,0xc7850e98d79401ffce93d81c7039eb79862da66fb27c3fdd1496773eef9bedec,0,94207537,0.008948583535090355,1741095874218064,Blobble Stake Token,0.0040204125,BST,0,1,2025-03-04
cxf14dea1cff7ceb29a46e6d04533a08f84441e41d,hx891d1d00f371272c0d2f735d58acd435ffef9e62,hxbda9ea6ce93b75cc2f3234fe2d3c84fa8083a420,0x1fcab076da1ab3,0x27de5ed4a964289b0c82b61176526be12b17b9bb27045b794351744997fe1371,0,94207535,0.008948583535090355,1741095870181124,Blobble Stake Token,0.0040204125,BST,0,1,2025-03-04
cxf14dea1cff7ceb29a46e6d04533a08f84441e41d,hx891d1d00f371272c0d2f735d58acd435ffef9e62,hx81d4f834b91569b43cde903ec241eb1fce64a171,0x1fcab076da1ab3,0x9f348c8f3ee42aa113f802bd606debcfc6f766f8376ce336c986d8cddcc45669,0,94207533,0.008948583535090355,1741095866180948,Blobble Stake Token,0.0040204125,BST,0,1,2025-03-04
cxf14dea1cff7ceb29a46e6d04533a08f84441e41d,hx891d1d00f371272c0d2f735d58acd435ffef9e62,hx9092a3fc19763f078f069b5406c4433f37b7ea56,0x1fcab076da1ab3,0x34559cafa6e20bd7ecc23bf566b09383e2a71fdf2f058e7f6a2c9bf1c6df5489,0,94207531,0.008948583535090355,1741095862173279,Blobble Stake Token,0.0040204125,BST,0,1,2025-03-04
cxf14dea1cff7ceb29a46e6d04533a08f84441e41d,hx891d1d00f371272c0d2f735d58acd435ffef9e62,hx53bd3ba841728a31952ba8fe36ed060afbd4945d,0x1fcab076da1ab3,0x071b0889bac78c68494fb6a741d8ea7a1813a1e615fc848ca7c1d128792f1f54,0,94207529,0.008948583535090355,1741095858177792,Blobble Stake Token,0.004021725,BST,0,1,2025-03-04
cxf14dea1cff7ceb29a46e6d04533a08f84441e41d,hx891d1d00f371272c0d2f735d58acd435ffef9e62,hx6e26bb673c4af3bb347d1023ec2f460f3f79fcbf,0x1fcab076da1ab3,0x2e33c81df45b2d63a1a4e2485deb1b59541e8fd5bfb7d77dcb370f309c14cdf5,0,94207527,0.008948583535090355,1741095854175932,Blobble Stake Token,0.0040204125,BST,0,1,2025-03-04
cxf14dea1cff7ceb29a46e6d04533a08f84441e41d,hx891d1d00f371272c0d2f735d58acd435ffef9e62,hx81d4f834b91569b43cde903ec241eb1fce64a171,0x8d28d587d8fb1d,0x814be5bc2aa8a2a6802b34dd8645daab508169eb22790c487968770083fdb946,0,94207525,0.039732869288491804,1741095850322692,Blobble Stake Token,0.0040216625,BST,0,1,2025-03-04
cxf14dea1cff7ceb29a46e6d04533a08f84441e41d,hx891d1d00f371272c0d2f735d58acd435ffef9e62,hx759f4e13974fedf34fade0d45640c286a963471b,0x399dba6bb1614,0xd35d0bd071d293848d0ac714459e92de7ec86310097c4eaf5e874f6a2f347278,0,94207523,0.00101359360429826,1741095846151535,Blobble Stake Token,0.0040179125,BST,0,1,2025-03-04
cxf14dea1cff7ceb29a46e6d04533a08f84441e41d,hx891d1d00f371272c0d2f735d58acd435ffef9e62,hx25ee33bbaf76616b432dfb4b785beb1f92db07c9,0x5161fdb81dbfc9,0x0e3dec0f505eb819f17ac9ccf7cae9af3b6c6d64d1791e1026f83ff27a8da970,0,94207521,0.02290721545714068,1741095842213926,Blobble Stake Token,0.0040204125,BST,0,1,2025-03-04
cxf14dea1cff7ceb29a46e6d04533a08f84441e41d,hx891d1d00f371272c0d2f735d58acd435ffef9e62,hx62207d1640bf8e1fefe9bcfe64366cbbd7ce3330,0x67b582c1d8e24a,0x58a201963bf305c4ab422fdb8b9db240b0a1b665ac0457b67bafba16634f1012,0,94207519,0.029191495803789897,1741095838317676,Blobble Stake Token,0.0040204125,BST,0,1,2025-03-04
cxf14dea1cff7ceb29a46e6d04533a08f84441e41d,hx891d1d00f371272c0d2f735d58acd435ffef9e62,hx6e26bb673c4af3bb347d1023ec2f460f3f79fcbf,0x853cbf190a30ee,0x77577e668eacb52bc79966c8f0e040d37403c46c96a92d752bac1ce1d43fefe9,0,94207517,0.03750296335903563,1741095834304170,Blobble Stake Token,0.0040216625,BST,0,1,2025-03-04
cxf61cd5a45dc9f91c15aa65831a30a90d59a09619,cx9345f80d6c98357ccbb70392b14162199c2c5f66,cxd82fb5d3effecd8c9071a4bba3856ad7222c4b91,0x382760dfea444b0,0xb7167e1a4f4f159abbb69b2e714918022c4393e8029f96564ed8070b434f4f85,4,94207516,0.25289433156499985,1741095832213276,Balance Token,0.1302303,BALN,0,1,2025-03-04
cx2609b924e33ef00b648a409245c7ea394c467824,cx9345f80d6c98357ccbb70392b14162199c2c5f66,cxd82fb5d3effecd8c9071a4bba3856ad7222c4b91,0x3dc4ee1dc20c228b,0xb7167e1a4f4f159abbb69b2e714918022c4393e8029f96564ed8070b434f4f85,3,94207516,4.4509441433259305,1741095832213276,Staked ICX,0.1302303,sICX,0,1,2025-03-04
cx88fd7df7ddff82f7cc735c871dc519838cb235bb,hx0000000000000000000000000000000000000000,cx5faae53c4dbd1fbe4a2eb4aab6565030f10da5c6,0x0,0xb7167e1a4f4f159abbb69b2e714918022c4393e8029f96564ed8070b434f4f85,2,94207516,0.0,1741095832213276,Balanced Dollar,0.1302303,bnUSD,0,1,2025-03-04
cx88fd7df7ddff82f7cc735c871dc519838cb235bb,hx0000000000000000000000000000000000000000,cxd82fb5d3effecd8c9071a4bba3856ad7222c4b91,0x9e45d246073c6d7,0xb7167e1a4f4f159abbb69b2e714918022c4393e8029f96564ed8070b434f4f85,1,94207516,0.7127970518497871,1741095832213276,Balanced Dollar,0.1302303,bnUSD,0,1,2025-03-04
cx88fd7df7ddff82f7cc735c871dc519838cb235bb,hxd75467e3e4ce64e3424c747dfb71503017440433,cxd82fb5d3effecd8c9071a4bba3856ad7222c4b91,0x6c6b935b8bbd400000,0xb7167e1a4f4f159abbb69b2e714918022c4393e8029f96564ed8070b434f4f85,0,94207516,2000.0,1741095832213276,Balanced Dollar,0.1302303,bnUSD,0,1,2025-03-04
cxf14dea1cff7ceb29a46e6d04533a08f84441e41d,hx891d1d00f371272c0d2f735d58acd435ffef9e62,hx81d4f834b91569b43cde903ec241eb1fce64a171,0x8c707666805d15,0x441720fbb0ead208fd56c7922b47eb3e45ea8f5b2aca847a6814d4496a0028fb,0,94207515,0.03953015056763215,1741095830194302,Blobble Stake Token,0.0040216625,BST,0,1,2025-03-04
cxf14dea1cff7ceb29a46e6d04533a08f84441e41d,hx891d1d00f371272c0d2f735d58acd435ffef9e62,hx6e26bb673c4af3bb347d1023ec2f460f3f79fcbf,0x6644c47f27a642,0x1d17b96ddc0ab67f1bba6ed6e95210cd06c88ee7704f20c4c3c6f4ea79a153c9,0,94207513,0.028786058362070596,1741095826156279,Blobble Stake Token,0.0040204125,BST,0,1,2025-03-04
cxf14dea1cff7ceb29a46e6d04533a08f84441e41d,hx891d1d00f371272c0d2f735d58acd435ffef9e62,hx970eda4988e547df0de8324226fdf3e8ebc9734f,0x4523ac813b418,0x73320ba36e278b3133e027bb6a2e8c4a3ec9fa2cd8d3ec3e8e99e05238bdfdbf,0,94207511,0.001216312325157912,1741095822176730,Blobble Stake Token,0.0040179125,BST,0,1,2025-03-04
cxf14dea1cff7ceb29a46e6d04533a08f84441e41d,hx891d1d00f371272c0d2f735d58acd435ffef9e62,hxb946c680221e6ff41de8a2b62fd810315ce65fb9,0x2e17c856278104,0x8b7480ccbb2a97765d1eef7de99fe8cd5d5d00b62d9256f5dd8094ccedd2038e,0,94207509,0.012973998135017732,1741095818120427,Blobble Stake Token,0.0040204125,BST,0,1,2025-03-04
cxf14dea1cff7ceb29a46e6d04533a08f84441e41d,hx891d1d00f371272c0d2f735d58acd435ffef9e62,hxb946c680221e6ff41de8a2b62fd810315ce65fb9,0x31b1a3fce29717,0xa2801c35dcffcd8b974d587d41c651fc6d4fbac41a5e6b09c21d0131147e44f3,0,94207507,0.013987591739315991,1741095814199601,Blobble Stake Token,0.0040204125,BST,0,1,2025-03-04
cxf14dea1cff7ceb29a46e6d04533a08f84441e41d,hx891d1d00f371272c0d2f735d58acd435ffef9e62,hxf270f35cbdacd1964e1a8366b65cd508a2ff105c,0x326a031e3b351b,0x55f200f73dbd1fa55f825850667237d8c0d62c451071ad07702752975fa6bad7,0,94207505,0.014190310460175644,1741095810197005,Blobble Stake Token,0.0040204125,BST,0,1,2025-03-04
cxf14dea1cff7ceb29a46e6d04533a08f84441e41d,hx891d1d00f371272c0d2f735d58acd435ffef9e62,hxab5df692abc89645d517619ec2324e659f810f46,0x45dc0ba293df8a,0xcd2984d5a88a03de49016f4f9e0448763be90306737f1107f5b884b45726d991,0,94207503,0.01966371592338625,1741095806206188,Blobble Stake Token,0.0040204125,BST,0,1,2025-03-04
cxf14dea1cff7ceb29a46e6d04533a08f84441e41d,hx891d1d00f371272c0d2f735d58acd435ffef9e62,hx691d9ca4e15022f8f629d5c2166a84c494b2decb,0x917b104fecaf35,0x26c8aac9a8476bbc1c4c15fc8653519fa679eb1a4c794f4f7d333953211f36da,0,94207501,0.040949181613649716,1741095802161469,Blobble Stake Token,0.004022975,BST,0,1,2025-03-04
cxf14dea1cff7ceb29a46e6d04533a08f84441e41d,hx891d1d00f371272c0d2f735d58acd435ffef9e62,hx6e26bb673c4af3bb347d1023ec2f460f3f79fcbf,0xb85f21589e041,0xabd2a3aa0ee5343c14f2ccee9a8c3ffeaceab8d26b53c515a46bd79a04ded395,0,94207499,0.003243499533754433,1741095798111100,Blobble Stake Token,0.0040179125,BST,0,1,2025-03-04
cxf14dea1cff7ceb29a46e6d04533a08f84441e41d,hx891d1d00f371272c0d2f735d58acd435ffef9e62,hx970eda4988e547df0de8324226fdf3e8ebc9734f,0x159b25e862847a,0x07dd7ee66fe68a7e886d097816cbf381ebf5d0b0611eb8f536e41aa2eed5ddd1,0,94207497,0.006081561625789562,1741095794321224,Blobble Stake Token,0.0040204125,BST,0,1,2025-03-04
cxf14dea1cff7ceb29a46e6d04533a08f84441e41d,hx891d1d00f371272c0d2f735d58acd435ffef9e62,hx9092a3fc19763f078f069b5406c4433f37b7ea56,0x64d4063c766a37,0x87ed463ee401a6cb4a3fed8875567f39b9ebc34ff8a0efafd7e282dd78e8ba03,0,94207495,0.028380620920351287,1741095790170060,Blobble Stake Token,0.0040204125,BST,0,1,2025-03-04
cxf14dea1cff7ceb29a46e6d04533a08f84441e41d,hx891d1d00f371272c0d2f735d58acd435ffef9e62,hx6e26bb673c4af3bb347d1023ec2f460f3f79fcbf,0x6e30daedf6706d,0xc0136d0abbab6f0488883a08b97220c0c3b4e9f0cb01dc32722b0bfd6036a247,0,94207493,0.031015964291526765,1741095786172112,Blobble Stake Token,0.0040204125,BST,0,1,2025-03-04
cxf14dea1cff7ceb29a46e6d04533a08f84441e41d,hx891d1d00f371272c0d2f735d58acd435ffef9e62,hx970eda4988e547df0de8324226fdf3e8ebc9734f,0x6fa19930a7ac75,0xbe2b25d4ca30a1fdecb14579a2c4890243f7ab9dc03da02348e20ea10ed27b48,0,94207491,0.03142140173324607,1741095782204537,Blobble Stake Token,0.0040204125,BST,0,1,2025-03-04
cx88fd7df7ddff82f7cc735c871dc519838cb235bb,cxa0af3165c08318e988cb30993b3048335b94af6c,hx4dc7903504bb800a462378348a42f53742759e0b,0x2049d8c825faa31,0x9e3b6a39bd29d11c7775bb36aea00ce7756c3a441dbaa5337e064a7ad28927f8,3,94207490,0.14541431479098835,1741095780172869,Balanced Dollar,0.0347354625,bnUSD,0,3,2025-03-04
cx65c9e3d4fea842e00add0d32a5b4c5e4e04c7a6b,hx4dc7903504bb800a462378348a42f53742759e0b,cxa0af3165c08318e988cb30993b3048335b94af6c,0x16eb41c1,0x95dfb6ccf38ee9de0734f21ac4284e41000e3dfe9c4153a07a8e9f70373de0dd,0,94207490,0.384516545,1741095780172869,Solana,0.0215535125,SOL,0,2,2025-03-04
cx88fd7df7ddff82f7cc735c871dc519838cb235bb,hx4dc7903504bb800a462378348a42f53742759e0b,cxa0af3165c08318e988cb30993b3048335b94af6c,0x2d54c2b10bd6d8000,0x4153bb36a93111c40299479ffb5134a5ac3da85f84e53d1ad3c90d5683475c8c,0,94207490,52.263195126625305,1741095780172869,Balanced Dollar,0.02221895,bnUSD,0,1,2025-03-04
cxf14dea1cff7ceb29a46e6d04533a08f84441e41d,hx891d1d00f371272c0d2f735d58acd435ffef9e62,hx53bd3ba841728a31952ba8fe36ed060afbd4945d,0x78460ec0cf14a8,0x7b16c2b79cb458a3d79ab7d9fbbcec9fdcb6cbca63ddccc9f256ecdf1501592d,0,94207489,0.03385402638356189,1741095778201455,Blobble Stake Token,0.004021725,BST,0,1,2025-03-04
cx65c9e3d4fea842e00add0d32a5b4c5e4e04c7a6b,cx21e94c08c03daee80c25d8ee3ea22a20786ec231,hx4dc7903504bb800a462378348a42f53742759e0b,0x16ee30de,0xb899ff73e494e87a00a58bdc2dadac8f84941b84de9964e5b1f9627655eb7834,12,94207488,0.38470883,1741095776132863,Solana,0.2186649,SOL,0,2,2025-03-04
cx88fd7df7ddff82f7cc735c871dc519838cb235bb,cxa0af3165c08318e988cb30993b3048335b94af6c,cx5faae53c4dbd1fbe4a2eb4aab6565030f10da5c6,0x1169e916ac488e3,0xb899ff73e494e87a00a58bdc2dadac8f84941b84de9964e5b1f9627655eb7834,10,94207488,0.07842439092427389,1741095776132863,Balanced Dollar,0.2186649,bnUSD,0,2,2025-03-04
cx65c9e3d4fea842e00add0d32a5b4c5e4e04c7a6b,cxa0af3165c08318e988cb30993b3048335b94af6c,cx21e94c08c03daee80c25d8ee3ea22a20786ec231,0x16ee30de,0xb899ff73e494e87a00a58bdc2dadac8f84941b84de9964e5b1f9627655eb7834,9,94207488,0.38470883,1741095776132863,Solana,0.2186649,SOL,0,2,2025-03-04
cx88fd7df7ddff82f7cc735c871dc519838cb235bb,cx21e94c08c03daee80c25d8ee3ea22a20786ec231,cxa0af3165c08318e988cb30993b3048335b94af6c,0x2d592455b5fcf2498,0xb899ff73e494e87a00a58bdc2dadac8f84941b84de9964e5b1f9627655eb7834,8,94207488,52.28292728284926,1741095776132863,Balanced Dollar,0.2186649,bnUSD,0,2,2025-03-04
cx88fd7df7ddff82f7cc735c871dc519838cb235bb,cxa0af3165c08318e988cb30993b3048335b94af6c,cx5faae53c4dbd1fbe4a2eb4aab6565030f10da5c6,0x11770cd349fd40b,0xb899ff73e494e87a00a58bdc2dadac8f84941b84de9964e5b1f9627655eb7834,6,94207488,0.07865554515576935,1741095776132863,Balanced Dollar,0.2186649,bnUSD,0,2,2025-03-04
cx88fd7df7ddff82f7cc735c871dc519838cb235bb,cxa0af3165c08318e988cb30993b3048335b94af6c,cx21e94c08c03daee80c25d8ee3ea22a20786ec231,0x2d592455b5fcf2498,0xb899ff73e494e87a00a58bdc2dadac8f84941b84de9964e5b1f9627655eb7834,5,94207488,52.28292728284926,1741095776132863,Balanced Dollar,0.2186649,bnUSD,0,2,2025-03-04
cx2609b924e33ef00b648a409245c7ea394c467824,cx21e94c08c03daee80c25d8ee3ea22a20786ec231,cxa0af3165c08318e988cb30993b3048335b94af6c,0x1453ad636e2d734725,0xb899ff73e494e87a00a58bdc2dadac8f84941b84de9964e5b1f9627655eb7834,4,94207488,374.9644662751701,1741095776132863,Staked ICX,0.2186649,sICX,0,2,2025-03-04
cx2609b924e33ef00b648a409245c7ea394c467824,hx0000000000000000000000000000000000000000,cx21e94c08c03daee80c25d8ee3ea22a20786ec231,0x1453ad636e2d734725,0xb899ff73e494e87a00a58bdc2dadac8f84941b84de9964e5b1f9627655eb7834,2,94207488,374.9644662751701,1741095776132863,Staked ICX,0.2186649,sICX,0,2,2025-03-04
cx88fd7df7ddff82f7cc735c871dc519838cb235bb,cx21e94c08c03daee80c25d8ee3ea22a20786ec231,hx4dc7903504bb800a462378348a42f53742759e0b,0x2d5a90d8105b12082,0x54076a766c248e45595edf6754ced3cb6c91edaca8849c708ccb3667228f3d40,8,94207488,52.28933979635929,1741095776132863,Balanced Dollar,0.1713494,bnUSD,0,1,2025-03-04
cx88fd7df7ddff82f7cc735c871dc519838cb235bb,cxa0af3165c08318e988cb30993b3048335b94af6c,cx5faae53c4dbd1fbe4a2eb4aab6565030f10da5c6,0x11779934835b7ed,0x54076a766c248e45595edf6754ced3cb6c91edaca8849c708ccb3667228f3d40,6,94207488,0.07866519198090648,1741095776132863,Balanced Dollar,0.1713494,bnUSD,0,1,2025-03-04
cx88fd7df7ddff82f7cc735c871dc519838cb235bb,cxa0af3165c08318e988cb30993b3048335b94af6c,cx21e94c08c03daee80c25d8ee3ea22a20786ec231,0x2d5a90d8105b12082,0x54076a766c248e45595edf6754ced3cb6c91edaca8849c708ccb3667228f3d40,5,94207488,52.28933979635929,1741095776132863,Balanced Dollar,0.1713494,bnUSD,0,1,2025-03-04
cx2609b924e33ef00b648a409245c7ea394c467824,cx21e94c08c03daee80c25d8ee3ea22a20786ec231,cxa0af3165c08318e988cb30993b3048335b94af6c,0x1453ad636e2d734725,0x54076a766c248e45595edf6754ced3cb6c91edaca8849c708ccb3667228f3d40,4,94207488,374.9644662751701,1741095776132863,Staked ICX,0.1713494,sICX,0,1,2025-03-04
cx2609b924e33ef00b648a409245c7ea394c467824,hx0000000000000000000000000000000000000000,cx21e94c08c03daee80c25d8ee3ea22a20786ec231,0x1453ad636e2d734725,0x54076a766c248e45595edf6754ced3cb6c91edaca8849c708ccb3667228f3d40,2,94207488,374.9644662751701,1741095776132863,Staked ICX,0.1713494,sICX,0,1,2025-03-04
cxf14dea1cff7ceb29a46e6d04533a08f84441e41d,hx891d1d00f371272c0d2f735d58acd435ffef9e62,hx53bd3ba841728a31952ba8fe36ed060afbd4945d,0x8313a1b50056e6,0xa54306f0f67f111e84f9eee6cade28dfada11ed9de2ef07d6560ef3b68a062d9,0,94207487,0.03689480719645668,1741095774186518,Blobble Stake Token,0.004022975,BST,0,1,2025-03-04
cx2609b924e33ef00b648a409245c7ea394c467824,cx21e94c08c03daee80c25d8ee3ea22a20786ec231,hx2debd9ec927cca1639da8d3518dd9dbf1cdfb357,0x6c6b536dffb02a2a0d,0x4b58aca0090fbe41ee8e657b9a891416da873c4936dec45b223ca23cad6a30aa,5,94207485,1999.9820058906964,1741095770155400,Staked ICX,0.1127006875,sICX,0,2,2025-03-04
cx88fd7df7ddff82f7cc735c871dc519838cb235bb,cxa0af3165c08318e988cb30993b3048335b94af6c,cx5faae53c4dbd1fbe4a2eb4aab6565030f10da5c6,0x5d6d6db80b18cee,0x4b58aca0090fbe41ee8e657b9a891416da873c4936dec45b223ca23cad6a30aa,3,94207485,0.42075985345102157,1741095770155400,Balanced Dollar,0.1127006875,bnUSD,0,2,2025-03-04
cx2609b924e33ef00b648a409245c7ea394c467824,cxa0af3165c08318e988cb30993b3048335b94af6c,cx21e94c08c03daee80c25d8ee3ea22a20786ec231,0x6c6b536dffb02a2a0d,0x4b58aca0090fbe41ee8e657b9a891416da873c4936dec45b223ca23cad6a30aa,2,94207485,1999.9820058906964,1741095770155400,Staked ICX,0.1127006875,sICX,0,2,2025-03-04
cx88fd7df7ddff82f7cc735c871dc519838cb235bb,cx21e94c08c03daee80c25d8ee3ea22a20786ec231,cxa0af3165c08318e988cb30993b3048335b94af6c,0xf34cf8649ce5f0120,0x4b58aca0090fbe41ee8e657b9a891416da873c4936dec45b223ca23cad6a30aa,1,94207485,280.5065689673477,1741095770155400,Balanced Dollar,0.1127006875,bnUSD,0,2,2025-03-04
cx88fd7df7ddff82f7cc735c871dc519838cb235bb,hx2debd9ec927cca1639da8d3518dd9dbf1cdfb357,cx21e94c08c03daee80c25d8ee3ea22a20786ec231,0xf34cf8649ce5f0120,0x4b58aca0090fbe41ee8e657b9a891416da873c4936dec45b223ca23cad6a30aa,0,94207485,280.5065689673477,1741095770155400,Balanced Dollar,0.1127006875,bnUSD,0,2,2025-03-04
cxf14dea1cff7ceb29a46e6d04533a08f84441e41d,hx891d1d00f371272c0d2f735d58acd435ffef9e62,hx184860bb6e243b19ae2b5f6cb0227b614052369a,0x170be42b13c08,0x67133a759301641eea4a5d139c3fe9b7b5407dc2ef75271675720638f535fc2d,0,94207485,0.000405437441719304,1741095770155400,Blobble Stake Token,0.004019225,BST,0,1,2025-03-04
cxf14dea1cff7ceb29a46e6d04533a08f84441e41d,hx891d1d00f371272c0d2f735d58acd435ffef9e62,hxf270f35cbdacd1964e1a8366b65cd508a2ff105c,0x43b2ee3e8a057f,0x3a0af581f26da2ca01786d065f7535e53b513f0a8e062e17b18ad8553a2376ae,0,94207483,0.019055559760807295,1741095766145992,Blobble Stake Token,0.0040204125,BST,0,1,2025-03-04
cx2609b924e33ef00b648a409245c7ea394c467824,cx21e94c08c03daee80c25d8ee3ea22a20786ec231,hx2debd9ec927cca1639da8d3518dd9dbf1cdfb357,0x6c6b536dfef30182b7,0x89ae7e4ff9dfc701add185e1381e3fe20da3a21a9ebd35ede9500940b87fd8fa,5,94207481,1999.982005887523,1741095762151185,Staked ICX,0.1127006875,sICX,0,2,2025-03-04
cx88fd7df7ddff82f7cc735c871dc519838cb235bb,cxa0af3165c08318e988cb30993b3048335b94af6c,cx5faae53c4dbd1fbe4a2eb4aab6565030f10da5c6,0x5d5dc4cdf6781e7,0x89ae7e4ff9dfc701add185e1381e3fe20da3a21a9ebd35ede9500940b87fd8fa,3,94207481,0.4204843629527373,1741095762151185,Balanced Dollar,0.1127006875,bnUSD,0,2,2025-03-04
cx2609b924e33ef00b648a409245c7ea394c467824,cxa0af3165c08318e988cb30993b3048335b94af6c,cx21e94c08c03daee80c25d8ee3ea22a20786ec231,0x6c6b536dfef30182b7,0x89ae7e4ff9dfc701add185e1381e3fe20da3a21a9ebd35ede9500940b87fd8fa,2,94207481,1999.982005887523,1741095762151185,Staked ICX,0.1127006875,sICX,0,2,2025-03-04
cx88fd7df7ddff82f7cc735c871dc519838cb235bb,cx21e94c08c03daee80c25d8ee3ea22a20786ec231,cxa0af3165c08318e988cb30993b3048335b94af6c,0xf3243083072e24990,0x89ae7e4ff9dfc701add185e1381e3fe20da3a21a9ebd35ede9500940b87fd8fa,1,94207481,280.32290863515817,1741095762151185,Balanced Dollar,0.1127006875,bnUSD,0,2,2025-03-04
cx88fd7df7ddff82f7cc735c871dc519838cb235bb,hx2debd9ec927cca1639da8d3518dd9dbf1cdfb357,cx21e94c08c03daee80c25d8ee3ea22a20786ec231,0xf3243083072e24990,0x89ae7e4ff9dfc701add185e1381e3fe20da3a21a9ebd35ede9500940b87fd8fa,0,94207481,280.32290863515817,1741095762151185,Balanced Dollar,0.1127006875,bnUSD,0,2,2025-03-04
cxf14dea1cff7ceb29a46e6d04533a08f84441e41d,hx891d1d00f371272c0d2f735d58acd435ffef9e62,hx78db693f26e0780fe0b21fcdce78b5d627fbc8c5,0xfd82cdd9d9458,0x71e6cfc1aef3277620daaf3b1d762a65a2ddec04ba1ceabb767b5c9ab635dec1,0,94207481,0.004459811858912344,1741095762151185,Blobble Stake Token,0.0040179125,BST,0,1,2025-03-04
cxf14dea1cff7ceb29a46e6d04533a08f84441e41d,hx891d1d00f371272c0d2f735d58acd435ffef9e62,hx184860bb6e243b19ae2b5f6cb0227b614052369a,0x142a67a5b14871,0x8ac4bf6855866e068bc5476d2f2ba6f38bb9a95b594fa57a41a35c7b0dbcd15c,0,94207479,0.005676124184070257,1741095758172907,Blobble Stake Token,0.004021725,BST,0,1,2025-03-04
cx2609b924e33ef00b648a409245c7ea394c467824,cx21e94c08c03daee80c25d8ee3ea22a20786ec231,hx2debd9ec927cca1639da8d3518dd9dbf1cdfb357,0x6c6b536dfedf7bcef8,0x87c0a45dff7f15d6fc8f1fd667521d15e08261a47b7e987a39a3608c9eb77e9e,5,94207477,1999.9820058871953,1741095754147758,Staked ICX,0.1127006875,sICX,0,2,2025-03-04
cx88fd7df7ddff82f7cc735c871dc519838cb235bb,cxa0af3165c08318e988cb30993b3048335b94af6c,cx5faae53c4dbd1fbe4a2eb4aab6565030f10da5c6,0x5d4e1fd33b74eb2,0x87c0a45dff7f15d6fc8f1fd667521d15e08261a47b7e987a39a3608c9eb77e9e,3,94207477,0.4202091428629255,1741095754147758,Balanced Dollar,0.1127006875,bnUSD,0,2,2025-03-04
cx2609b924e33ef00b648a409245c7ea394c467824,cxa0af3165c08318e988cb30993b3048335b94af6c,cx21e94c08c03daee80c25d8ee3ea22a20786ec231,0x6c6b536dfedf7bcef8,0x87c0a45dff7f15d6fc8f1fd667521d15e08261a47b7e987a39a3608c9eb77e9e,2,94207477,1999.9820058871953,1741095754147758,Staked ICX,0.1127006875,sICX,0,2,2025-03-04
cx88fd7df7ddff82f7cc735c871dc519838cb235bb,cx21e94c08c03daee80c25d8ee3ea22a20786ec231,cxa0af3165c08318e988cb30993b3048335b94af6c,0xf2fb72e0c02b244e0,0x87c0a45dff7f15d6fc8f1fd667521d15e08261a47b7e987a39a3608c9eb77e9e,1,94207477,280.13942857528366,1741095754147758,Balanced Dollar,0.1127006875,bnUSD,0,2,2025-03-04
cx88fd7df7ddff82f7cc735c871dc519838cb235bb,hx2debd9ec927cca1639da8d3518dd9dbf1cdfb357,cx21e94c08c03daee80c25d8ee3ea22a20786ec231,0xf2fb72e0c02b244e0,0x87c0a45dff7f15d6fc8f1fd667521d15e08261a47b7e987a39a3608c9eb77e9e,0,94207477,280.13942857528366,1741095754147758,Balanced Dollar,0.1127006875,bnUSD,0,2,2025-03-04
cxf14dea1cff7ceb29a46e6d04533a08f84441e41d,hx891d1d00f371272c0d2f735d58acd435ffef9e62,hx18cbff68c05b85c9aa7ad144ad36d7118ab4549b,0x1c167e1480129f,0x87d83fef306ed8fd428f2957de43f3cfb92119f0ba46d7234c9bc700e813847f,0,94207477,0.007906030113526431,1741095754147758,Blobble Stake Token,0.004021725,BST,0,1,2025-03-04
cxf14dea1cff7ceb29a46e6d04533a08f84441e41d,hx891d1d00f371272c0d2f735d58acd435ffef9e62,hx6e26bb673c4af3bb347d1023ec2f460f3f79fcbf,0x1e3f9b7889ecaa,0x71b51c19cd37352cb806c1af42db9142949e6c8f8758d2edda5048677c3b13ec,0,94207475,0.008514186276105387,1741095750300221,Blobble Stake Token,0.0040204125,BST,0,1,2025-03-04
cx2609b924e33ef00b648a409245c7ea394c467824,cx21e94c08c03daee80c25d8ee3ea22a20786ec231,hx2debd9ec927cca1639da8d3518dd9dbf1cdfb357,0x6c6b536dfe2bb88d1d,0xd98b33fd45ed30c760c68a590013bebb2b0dbda53e17ede609e692a3aaa6a400,5,94207473,1999.9820058841794,1741095746129474,Staked ICX,0.1127006875,sICX,0,6,2025-03-04
cx88fd7df7ddff82f7cc735c871dc519838cb235bb,cxa0af3165c08318e988cb30993b3048335b94af6c,cx5faae53c4dbd1fbe4a2eb4aab6565030f10da5c6,0x5d3e7ec6879adc2,0xd98b33fd45ed30c760c68a590013bebb2b0dbda53e17ede609e692a3aaa6a400,3,94207473,0.41993419282669103,1741095746129474,Balanced Dollar,0.1127006875,bnUSD,0,6,2025-03-04
cx2609b924e33ef00b648a409245c7ea394c467824,cxa0af3165c08318e988cb30993b3048335b94af6c,cx21e94c08c03daee80c25d8ee3ea22a20786ec231,0x6c6b536dfe2bb88d1d,0xd98b33fd45ed30c760c68a590013bebb2b0dbda53e17ede609e692a3aaa6a400,2,94207473,1999.9820058841794,1741095746129474,Staked ICX,0.1127006875,sICX,0,6,2025-03-04
cx88fd7df7ddff82f7cc735c871dc519838cb235bb,cx21e94c08c03daee80c25d8ee3ea22a20786ec231,cxa0af3165c08318e988cb30993b3048335b94af6c,0xf2d2bf7a56789d3e0,0xd98b33fd45ed30c760c68a590013bebb2b0dbda53e17ede609e692a3aaa6a400,1,94207473,279.95612855112734,1741095746129474,Balanced Dollar,0.1127006875,bnUSD,0,6,2025-03-04
cx88fd7df7ddff82f7cc735c871dc519838cb235bb,hx2debd9ec927cca1639da8d3518dd9dbf1cdfb357,cx21e94c08c03daee80c25d8ee3ea22a20786ec231,0xf2d2bf7a56789d3e0,0xd98b33fd45ed30c760c68a590013bebb2b0dbda53e17ede609e692a3aaa6a400,0,94207473,279.95612855112734,1741095746129474,Balanced Dollar,0.1127006875,bnUSD,0,6,2025-03-04
cx88fd7df7ddff82f7cc735c871dc519838cb235bb,cxa0af3165c08318e988cb30993b3048335b94af6c,hx4dc7903504bb800a462378348a42f53742759e0b,0x3a4abab4595d32b,0xb146d8015ccd42d6f893ff2b8a87a9a8fd8c8f857f1f544e3790484193edd526,3,94207473,0.2625234303895355,1741095746129474,Balanced Dollar,0.0347539,bnUSD,0,4,2025-03-04
cx07b184a37f03c6ab681fcbd0b45aec6dc3eafbeb,hx4dc7903504bb800a462378348a42f53742759e0b,cxa0af3165c08318e988cb30993b3048335b94af6c,0x3a44ea5e10c1c,0x9426be39abea662e25075fe1314b002819ef76f66065219e7003737f79bdcbff,0,94207473,0.00102508262752566,1741095746129474,Bitcoin,0.0215962625,BTC,0,3,2025-03-04
cx88fd7df7ddff82f7cc735c871dc519838cb235bb,hx4dc7903504bb800a462378348a42f53742759e0b,cxa0af3165c08318e988cb30993b3048335b94af6c,0x4abbe1ef258870000,0x6ab3dd05ea963fd955c6e2ca4ec704b731f05e610db7631eded2cced2b6c77d5,0,94207473,86.16233914711506,1741095746129474,Balanced Dollar,0.02221895,bnUSD,0,2,2025-03-04
cxf14dea1cff7ceb29a46e6d04533a08f84441e41d,hx891d1d00f371272c0d2f735d58acd435ffef9e62,hxb946c680221e6ff41de8a2b62fd810315ce65fb9,0x234a3561f63ec7,0x450086f9cd2356a3e93b466cd16ac1317a1d0ca00b64bdbeaab7599ba738fbe7,0,94207473,0.009933217322122951,1741095746129474,Blobble Stake Token,0.0040204125,BST,0,1,2025-03-04
cx07b184a37f03c6ab681fcbd0b45aec6dc3eafbeb,cx21e94c08c03daee80c25d8ee3ea22a20786ec231,hx4dc7903504bb800a462378348a42f53742759e0b,0x3a4c5f86f0b0d,0x0b6786bd3509b59faee587e9fd13886115a023410de0ddf357f034652a84a0b3,12,94207471,0.001025595113671437,1741095742192767,Bitcoin,0.228886725,BTC,0,3,2025-03-04
cx88fd7df7ddff82f7cc735c871dc519838cb235bb,cxa0af3165c08318e988cb30993b3048335b94af6c,cx5faae53c4dbd1fbe4a2eb4aab6565030f10da5c6,0x1cb4d4946d91038,0x0b6786bd3509b59faee587e9fd13886115a023410de0ddf357f034652a84a0b3,10,94207471,0.12928199142677305,1741095742192767,Balanced Dollar,0.228886725,bnUSD,0,3,2025-03-04
cx07b184a37f03c6ab681fcbd0b45aec6dc3eafbeb,cxa0af3165c08318e988cb30993b3048335b94af6c,cx21e94c08c03daee80c25d8ee3ea22a20786ec231,0x3a4c5f86f0b0d,0x0b6786bd3509b59faee587e9fd13886115a023410de0ddf357f034652a84a0b3,9,94207471,0.001025595113671437,1741095742192767,Bitcoin,0.228886725,BTC,0,3,2025-03-04
cx88fd7df7ddff82f7cc735c871dc519838cb235bb,cx21e94c08c03daee80c25d8ee3ea22a20786ec231,cxa0af3165c08318e988cb30993b3048335b94af6c,0x4ac1944287fef9287,0x0b6786bd3509b59faee587e9fd13886115a023410de0ddf357f034652a84a0b3,8,94207471,86.18799428451537,1741095742192767,Balanced Dollar,0.228886725,bnUSD,0,3,2025-03-04
cx88fd7df7ddff82f7cc735c871dc519838cb235bb,cxa0af3165c08318e988cb30993b3048335b94af6c,cx5faae53c4dbd1fbe4a2eb4aab6565030f10da5c6,0x1cca325d612f474,0x0b6786bd3509b59faee587e9fd13886115a023410de0ddf357f034652a84a0b3,6,94207471,0.12965787218758565,1741095742192767,Balanced Dollar,0.228886725,bnUSD,0,3,2025-03-04
cx88fd7df7ddff82f7cc735c871dc519838cb235bb,cxa0af3165c08318e988cb30993b3048335b94af6c,cx21e94c08c03daee80c25d8ee3ea22a20786ec231,0x4ac1944287fef9287,0x0b6786bd3509b59faee587e9fd13886115a023410de0ddf357f034652a84a0b3,5,94207471,86.18799428451537,1741095742192767,Balanced Dollar,0.228886725,bnUSD,0,3,2025-03-04
cx2609b924e33ef00b648a409245c7ea394c467824,cx21e94c08c03daee80c25d8ee3ea22a20786ec231,cxa0af3165c08318e988cb30993b3048335b94af6c,0x2196437f4b0d197a8e,0x0b6786bd3509b59faee587e9fd13886115a023410de0ddf357f034652a84a0b3,4,94207471,619.570192321863,1741095742192767,Staked ICX,0.228886725,sICX,0,3,2025-03-04
cx2609b924e33ef00b648a409245c7ea394c467824,hx0000000000000000000000000000000000000000,cx21e94c08c03daee80c25d8ee3ea22a20786ec231,0x2196437f4b0d197a8e,0x0b6786bd3509b59faee587e9fd13886115a023410de0ddf357f034652a84a0b3,2,94207471,619.570192321863,1741095742192767,Staked ICX,0.228886725,sICX,0,3,2025-03-04
cxf14dea1cff7ceb29a46e6d04533a08f84441e41d,hx891d1d00f371272c0d2f735d58acd435ffef9e62,hx184860bb6e243b19ae2b5f6cb0227b614052369a,0x37749d07a78738,0x8e16fed54eaa9d7a1753bef4ec76b441f0fc64b014f0afc863ee07db943097fc,0,94207471,0.015609341506193208,1741095742192767,Blobble Stake Token,0.004021725,BST,0,2,2025-03-04
cx88fd7df7ddff82f7cc735c871dc519838cb235bb,cx21e94c08c03daee80c25d8ee3ea22a20786ec231,hx4dc7903504bb800a462378348a42f53742759e0b,0x4ac5740a494624f3b,0xa3bb7af3ac7a0a0acae2d9533179c5b72bdb0b3a062fb9e31ff4c56dde787ab7,8,94207471,86.20544186794392,1741095742192767,Balanced Dollar,0.1713682125,bnUSD,0,1,2025-03-04
cx88fd7df7ddff82f7cc735c871dc519838cb235bb,cxa0af3165c08318e988cb30993b3048335b94af6c,cx5faae53c4dbd1fbe4a2eb4aab6565030f10da5c6,0x1ccbb04bdbadc3b,0xa3bb7af3ac7a0a0acae2d9533179c5b72bdb0b3a062fb9e31ff4c56dde787ab7,6,94207471,0.12968411832430496,1741095742192767,Balanced Dollar,0.1713682125,bnUSD,0,1,2025-03-04
cx88fd7df7ddff82f7cc735c871dc519838cb235bb,cxa0af3165c08318e988cb30993b3048335b94af6c,cx21e94c08c03daee80c25d8ee3ea22a20786ec231,0x4ac5740a494624f3b,0xa3bb7af3ac7a0a0acae2d9533179c5b72bdb0b3a062fb9e31ff4c56dde787ab7,5,94207471,86.20544186794392,1741095742192767,Balanced Dollar,0.1713682125,bnUSD,0,1,2025-03-04
cx2609b924e33ef00b648a409245c7ea394c467824,cx21e94c08c03daee80c25d8ee3ea22a20786ec231,cxa0af3165c08318e988cb30993b3048335b94af6c,0x2196437f4b0d197a8e,0xa3bb7af3ac7a0a0acae2d9533179c5b72bdb0b3a062fb9e31ff4c56dde787ab7,4,94207471,619.570192321863,1741095742192767,Staked ICX,0.1713682125,sICX,0,1,2025-03-04
cx2609b924e33ef00b648a409245c7ea394c467824,hx0000000000000000000000000000000000000000,cx21e94c08c03daee80c25d8ee3ea22a20786ec231,0x2196437f4b0d197a8e,0xa3bb7af3ac7a0a0acae2d9533179c5b72bdb0b3a062fb9e31ff4c56dde787ab7,2,94207471,619.570192321863,1741095742192767,Staked ICX,0.1713682125,sICX,0,1,2025-03-04
cx2609b924e33ef00b648a409245c7ea394c467824,cx21e94c08c03daee80c25d8ee3ea22a20786ec231,hx2debd9ec927cca1639da8d3518dd9dbf1cdfb357,0x6c6b536dfe0f5b21b3,0x9ca17d152d3100a26af12f45288040ff3ed18d64e4679e8dd45d64b9781c0895,10,94207469,1999.9820058837036,1741095738256480,Staked ICX,0.154835025,sICX,0,2,2025-03-04
cx88fd7df7ddff82f7cc735c871dc519838cb235bb,cx203d9cd2a669be67177e997b8948ce2c35caffae,cx835b300dcfe01f0bdb794e134a0c5628384f4367,0xea1b334d06ba24a2,0x9ca17d152d3100a26af12f45288040ff3ed18d64e4679e8dd45d64b9781c0895,7,94207469,16.869133235164686,1741095738256480,Balanced Dollar,0.154835025,bnUSD,0,2,2025-03-04
cx88fd7df7ddff82f7cc735c871dc519838cb235bb,cx5faae53c4dbd1fbe4a2eb4aab6565030f10da5c6,cx203d9cd2a669be67177e997b8948ce2c35caffae,0x14e700024e509eb31,0x9ca17d152d3100a26af12f45288040ff3ed18d64e4679e8dd45d64b9781c0895,5,94207469,24.09876176452098,1741095738256480,Balanced Dollar,0.154835025,bnUSD,0,2,2025-03-04
cx88fd7df7ddff82f7cc735c871dc519838cb235bb,cx5faae53c4dbd1fbe4a2eb4aab6565030f10da5c6,cxdc30a0d3a1f131565c071272a20bc0b06fd4c17b,0x14e700024e509eb30,0x9ca17d152d3100a26af12f45288040ff3ed18d64e4679e8dd45d64b9781c0895,4,94207469,24.09876176452098,1741095738256480,Balanced Dollar,0.154835025,bnUSD,0,2,2025-03-04
cx88fd7df7ddff82f7cc735c871dc519838cb235bb,cxa0af3165c08318e988cb30993b3048335b94af6c,cx5faae53c4dbd1fbe4a2eb4aab6565030f10da5c6,0x5d3889fe024cf84,0x9ca17d152d3100a26af12f45288040ff3ed18d64e4679e8dd45d64b9781c0895,3,94207469,0.4198294105172745,1741095738256480,Balanced Dollar,0.154835025,bnUSD,0,2,2025-03-04
cx2609b924e33ef00b648a409245c7ea394c467824,cxa0af3165c08318e988cb30993b3048335b94af6c,cx21e94c08c03daee80c25d8ee3ea22a20786ec231,0x6c6b536dfe0f5b21b3,0x9ca17d152d3100a26af12f45288040ff3ed18d64e4679e8dd45d64b9781c0895,2,94207469,1999.9820058837036,1741095738256480,Staked ICX,0.154835025,sICX,0,2,2025-03-04
cx88fd7df7ddff82f7cc735c871dc519838cb235bb,cx21e94c08c03daee80c25d8ee3ea22a20786ec231,cxa0af3165c08318e988cb30993b3048335b94af6c,0xf2c33cb025fdc67c0,0x9ca17d152d3100a26af12f45288040ff3ed18d64e4679e8dd45d64b9781c0895,1,94207469,279.886273678183,1741095738256480,Balanced Dollar,0.154835025,bnUSD,0,2,2025-03-04
cx88fd7df7ddff82f7cc735c871dc519838cb235bb,hx2debd9ec927cca1639da8d3518dd9dbf1cdfb357,cx21e94c08c03daee80c25d8ee3ea22a20786ec231,0xf2c33cb025fdc67c0,0x9ca17d152d3100a26af12f45288040ff3ed18d64e4679e8dd45d64b9781c0895,0,94207469,279.886273678183,1741095738256480,Balanced Dollar,0.154835025,bnUSD,0,2,2025-03-04
cxf14dea1cff7ceb29a46e6d04533a08f84441e41d,hx891d1d00f371272c0d2f735d58acd435ffef9e62,hx6e26bb673c4af3bb347d1023ec2f460f3f79fcbf,0x3d3796126c7758,0x28ed07e32b8c60fca9e1fa02bafcfb57e5b639e9bf4dafed7f72527b8defb9a7,0,94207469,0.017231091273070424,1741095738256480,Blobble Stake Token,0.0040204125,BST,0,1,2025-03-04
cxf14dea1cff7ceb29a46e6d04533a08f84441e41d,hx891d1d00f371272c0d2f735d58acd435ffef9e62,hx53bd3ba841728a31952ba8fe36ed060afbd4945d,0x8de134a931991d,0x169107ff4c84bf269434eb05a6fbb5ba36bb82cc6d2899bbca1a713210095532,0,94207467,0.03993558800935145,1741095734255117,Blobble Stake Token,0.004022975,BST,0,1,2025-03-04
cxf14dea1cff7ceb29a46e6d04533a08f84441e41d,hx891d1d00f371272c0d2f735d58acd435ffef9e62,hx9dffde8442c8edad4ab47b18c650b750bf7fc400,0x95cd4b1800634,0x3deda8ac1e391e3e25dcbbda623651036277d128d26d1a1789679a7daa5371df,0,94207465,0.002635343371175476,1741095730153419,Blobble Stake Token,0.0040179125,BST,0,1,2025-03-04
cxf14dea1cff7ceb29a46e6d04533a08f84441e41d,hx891d1d00f371272c0d2f735d58acd435ffef9e62,hx6e26bb673c4af3bb347d1023ec2f460f3f79fcbf,0x170be42b13c082,0x7d50b7619edf569ba5131539ffb5cc5ceaf1c17ffd34cfdf3720b9596f70deb1,0,94207463,0.006486999067508866,1741095726120176,Blobble Stake Token,0.0040204125,BST,0,1,2025-03-04
cxf14dea1cff7ceb29a46e6d04533a08f84441e41d,hx891d1d00f371272c0d2f735d58acd435ffef9e62,hx6e26bb673c4af3bb347d1023ec2f460f3f79fcbf,0x1aa5bfd1ced696,0xa367b8d706116272b330821f76a2c100c09e98b624b9b0e44418a215fcaeeb1d,0,94207461,0.007500592671807126,1741095722150776,Blobble Stake Token,0.0040204125,BST,0,1,2025-03-04
cxf14dea1cff7ceb29a46e6d04533a08f84441e41d,hx891d1d00f371272c0d2f735d58acd435ffef9e62,hxf270f35cbdacd1964e1a8366b65cd508a2ff105c,0x5abed2699dc600,0x33e0e80e72cf6d7fb6ba5deb9ead1b8dd29de34fe2e5516144d329a739edb5f4,0,94207459,0.02554255882831616,1741095718091942,Blobble Stake Token,0.0040204125,BST,0,1,2025-03-04
cxf14dea1cff7ceb29a46e6d04533a08f84441e41d,hx891d1d00f371272c0d2f735d58acd435ffef9e62,hx970eda4988e547df0de8324226fdf3e8ebc9734f,0x728315b60a2481,0x93a4965fb6ed5a8d75e3cd9d45f3c777e8cadc29c7f954a6b0052098830f88f0,0,94207457,0.03223227661668467,1741095714163794,Blobble Stake Token,0.0040204125,BST,0,1,2025-03-04
cxf14dea1cff7ceb29a46e6d04533a08f84441e41d,hx891d1d00f371272c0d2f735d58acd435ffef9e62,hx7ce6b7b82843388bf0b4e1bd826f68a3afd8ab1f,0x81a2e3724f1ad7,0x334a24187478643b9c49080c7891ac3533d0a20aa073f08d51628de5b9cbb916,0,94207455,0.036489369754737364,1741095710188457,Blobble Stake Token,0.0040216625,BST,0,1,2025-03-04
cxf14dea1cff7ceb29a46e6d04533a08f84441e41d,hx891d1d00f371272c0d2f735d58acd435ffef9e62,hx6e26bb673c4af3bb347d1023ec2f460f3f79fcbf,0x6a96ff473b5a5a,0x9ef2412da4fddb82c88a8acfc67bd45b46235d452f3a5c363278969839223c00,0,94207453,0.030002370687228507,1741095706154807,Blobble Stake Token,0.0040204125,BST,0,1,2025-03-04
cxf14dea1cff7ceb29a46e6d04533a08f84441e41d,hx891d1d00f371272c0d2f735d58acd435ffef9e62,hx6e26bb673c4af3bb347d1023ec2f460f3f79fcbf,0x5c2f90ac4f020,0xe8bdf4a9cd9e5fc2ccc566843704669c35a0a81033972c6717a033026cf9bde1,0,94207451,0.001621749766877216,1741095702127193,Blobble Stake Token,0.0040179125,BST,0,1,2025-03-04
cxf14dea1cff7ceb29a46e6d04533a08f84441e41d,hx891d1d00f371272c0d2f735d58acd435ffef9e62,hx18cbff68c05b85c9aa7ad144ad36d7118ab4549b,0x12b9a963000c69,0x575f73609f91aeb403fb71a5f73d743b382752f939bc83f2b4d9b32b9b556278,0,94207449,0.005270686742350953,1741095698085743,Blobble Stake Token,0.004021725,BST,0,1,2025-03-04
cxf14dea1cff7ceb29a46e6d04533a08f84441e41d,hx891d1d00f371272c0d2f735d58acd435ffef9e62,hx81d4f834b91569b43cde903ec241eb1fce64a171,0x1fb059bb3b28b1,0xd2605f2674cda85728c4f5e4ad4ebe431056c015b854042ce1edc759eb5c3bcd,0,94207447,0.008919623717824688,1741095694254292,Blobble Stake Token,0.0040204125,BST,0,1,2025-03-04
cxf14dea1cff7ceb29a46e6d04533a08f84441e41d,hx891d1d00f371272c0d2f735d58acd435ffef9e62,hx9092a3fc19763f078f069b5406c4433f37b7ea56,0x474cc9e5451b92,0x393bfb6b816bc6228092a0ce6fad159d46c5becf0ba168f709fa6d51069204b3,0,94207445,0.020069153365105553,1741095690138745,Blobble Stake Token,0.0040204125,BST,0,1,2025-03-04
cxf14dea1cff7ceb29a46e6d04533a08f84441e41d,hx891d1d00f371272c0d2f735d58acd435ffef9e62,hx184860bb6e243b19ae2b5f6cb0227b614052369a,0x4ff13f756c83c1,0x2b026c6c2407ef7648ea12ad0bb1a9c26386debbf84d79f19a6148e8a76d161d,0,94207443,0.022501778015421376,1741095686137423,Blobble Stake Token,0.004021725,BST,0,1,2025-03-04
cxf14dea1cff7ceb29a46e6d04533a08f84441e41d,hx891d1d00f371272c0d2f735d58acd435ffef9e62,hxc470b44679cadcad6ec05d3b8e701292274cb5d7,0x5a0673484527fc,0x99a1056099acfe7337f9ab5e1b02ddbdf1718da24dfbde5afc57792bd3a65ce2,0,94207441,0.025339840107456508,1741095682150711,Blobble Stake Token,0.0040204125,BST,0,1,2025-03-04
cxf14dea1cff7ceb29a46e6d04533a08f84441e41d,hx891d1d00f371272c0d2f735d58acd435ffef9e62,hx25ee33bbaf76616b432dfb4b785beb1f92db07c9,0x636347f9c52e2f,0x8f9f41b2a76da11253e3c3c7bdf561704470fbb8f6e01986dc890a61290581b0,0,94207439,0.027975183478631982,1741095678175295,Blobble Stake Token,0.0040204125,BST,0,1,2025-03-04
cxf14dea1cff7ceb29a46e6d04533a08f84441e41d,hx891d1d00f371272c0d2f735d58acd435ffef9e62,hx691d9ca4e15022f8f629d5c2166a84c494b2decb,0x898ef9e11de506,0xdf07d681ee1010b7e5529cf95b60478f8493aa25fc9437eae20c9b8967ed6e14,0,94207437,0.03871927568419354,1741095674147283,Blobble Stake Token,0.004022975,BST,0,1,2025-03-04
cx88fd7df7ddff82f7cc735c871dc519838cb235bb,cx7ecb16e4c143b95e01d05933c17cb986cfe618e6,hx6d1285116376e3d554eedeacceffe92bd41d911e,0xe387dc00c26d8653,0x5f46eb7799f7aca50855134305197db6def7198029f2f4869cefb637d20019b4,1,94207436,16.39531486428565,1741095672130665,Balanced Dollar,0.0885816375,bnUSD,0,1,2025-03-04
cxf14dea1cff7ceb29a46e6d04533a08f84441e41d,hx891d1d00f371272c0d2f735d58acd435ffef9e62,hx6e26bb673c4af3bb347d1023ec2f460f3f79fcbf,0x1ef7fa99e28aae,0x66a06beedddd220bbe70fb79346ea3af9f8705951eadde7cfb4c3b0bddee7203,0,94207435,0.008716904996965038,1741095670158612,Blobble Stake Token,0.0040204125,BST,0,1,2025-03-04
cxf14dea1cff7ceb29a46e6d04533a08f84441e41d,hx891d1d00f371272c0d2f735d58acd435ffef9e62,hxab5df692abc89645d517619ec2324e659f810f46,0x24baf3a4a77acf,0xe2fcafffee9728a8c9039b7ffbfecd2768c8c7117d00c9d7eaca9d72e0de8ccc,0,94207433,0.010338654763842254,1741095666224588,Blobble Stake Token,0.0040204125,BST,0,1,2025-03-04
cxf14dea1cff7ceb29a46e6d04533a08f84441e41d,hx891d1d00f371272c0d2f735d58acd435ffef9e62,hxb946c680221e6ff41de8a2b62fd810315ce65fb9,0x3c7f36f113d954,0xbe1c01120a67b97f34594aa75a923b211cdc405e72372b5925e7c2486d914b32,0,94207431,0.017028372552210774,1741095662121242,Blobble Stake Token,0.0040204125,BST,0,1,2025-03-04
cxf14dea1cff7ceb29a46e6d04533a08f84441e41d,hx891d1d00f371272c0d2f735d58acd435ffef9e62,hxb946c680221e6ff41de8a2b62fd810315ce65fb9,0x7d50a8aa3b66bf,0xfa47dd1ff72c5b5d0fc28db9f0cd93281f8bb982aad03d3c3e9ebe7ca89e267e,0,94207429,0.03527305742957945,1741095658117199,Blobble Stake Token,0.0040204125,BST,0,1,2025-03-04
cxf14dea1cff7ceb29a46e6d04533a08f84441e41d,hx891d1d00f371272c0d2f735d58acd435ffef9e62,hx691d9ca4e15022f8f629d5c2166a84c494b2decb,0x80ea8450f67cd7,0x755ce1af99db8f87aec99e939f81ca16ee50d7dbe537675afb36a69cc75fbd69,0,94207427,0.036286651033877716,1741095654112873,Blobble Stake Token,0.004022975,BST,0,1,2025-03-04
cxf14dea1cff7ceb29a46e6d04533a08f84441e41d,hx891d1d00f371272c0d2f735d58acd435ffef9e62,hx55a661af5af91ccf9ee99f768eb445db1979d69b,0x93a42db3f6893d,0x7831090d5ae046ec88671a1509a8ad5344aa935f8d6c25be5632799ebd8c6af0,0,94207425,0.04155733777622867,1741095650278405,Blobble Stake Token,0.004022975,BST,0,1,2025-03-04
cxf14dea1cff7ceb29a46e6d04533a08f84441e41d,hx891d1d00f371272c0d2f735d58acd435ffef9e62,hx6e26bb673c4af3bb347d1023ec2f460f3f79fcbf,0x2854cf4b6290e2,0xbcf7a0f1fe3b6855566d1f31a5749849b3f7cba3d39302a8b0ca3ac751f718ba,0,94207423,0.011352248368140513,1741095646090789,Blobble Stake Token,0.0040204125,BST,0,1,2025-03-04
cxf14dea1cff7ceb29a46e6d04533a08f84441e41d,hx891d1d00f371272c0d2f735d58acd435ffef9e62,hx6e26bb673c4af3bb347d1023ec2f460f3f79fcbf,0x38e55b4a58c340,0x186ff9074ef4f17fae8958e641dc577322e850f2d4908eefed8034a0c15cc46b,0,94207421,0.016014778947912513,1741095642140317,Blobble Stake Token,0.0040204125,BST,0,1,2025-03-04
cxf14dea1cff7ceb29a46e6d04533a08f84441e41d,hx891d1d00f371272c0d2f735d58acd435ffef9e62,hx81d4f834b91569b43cde903ec241eb1fce64a171,0x54fbd95ed8d5e0,0xa72f7d34f136ecb22df63ca03286d84ed75e367debeb7487e6af41ec22c7a55e,0,94207419,0.023920809061438945,1741095638222393,Blobble Stake Token,0.0040204125,BST,0,1,2025-03-04
cxf14dea1cff7ceb29a46e6d04533a08f84441e41d,hx891d1d00f371272c0d2f735d58acd435ffef9e62,hx9092a3fc19763f078f069b5406c4433f37b7ea56,0x74ac331a13fe90,0x96184bec2567bf6b1b55df3c148f95b1ea1cbe5cf470c05f172d84d83970d24c,0,94207417,0.03284043277926363,1741095634210271,Blobble Stake Token,0.0040204125,BST,0,1,2025-03-04
cxf14dea1cff7ceb29a46e6d04533a08f84441e41d,hx891d1d00f371272c0d2f735d58acd435ffef9e62,hx53bd3ba841728a31952ba8fe36ed060afbd4945d,0x7b278b46318cb7,0x8448b63ad3f95a440abad2db9f963555d69ec9de10eecf42cecd8820cd9b681d,0,94207415,0.0346649012670005,1741095630121779,Blobble Stake Token,0.004021725,BST,0,1,2025-03-04
cxf14dea1cff7ceb29a46e6d04533a08f84441e41d,hx891d1d00f371272c0d2f735d58acd435ffef9e62,hx184860bb6e243b19ae2b5f6cb0227b614052369a,0x3deff533c5155c,0x5a9951727cabe81df27cf61cd1bd0f0a682e667733898b5077c5f709cf5e0075,0,94207413,0.017433809993930075,1741095626086871,Blobble Stake Token,0.004021725,BST,0,1,2025-03-04
cxf14dea1cff7ceb29a46e6d04533a08f84441e41d,hx891d1d00f371272c0d2f735d58acd435ffef9e62,hx6e26bb673c4af3bb347d1023ec2f460f3f79fcbf,0x5724f6c2e2afec,0x8203f51be38326253f73088a0d661426e20832e55408d4d50e490338760b7ff2,0,94207411,0.0245289652240179,1741095622111606,Blobble Stake Token,0.0040204125,BST,0,1,2025-03-04
cxf14dea1cff7ceb29a46e6d04533a08f84441e41d,hx891d1d00f371272c0d2f735d58acd435ffef9e62,hx9092a3fc19763f078f069b5406c4433f37b7ea56,0x78fe6de227b2a8,0xa2b26b59ad5d4b420fcb5228c15aabc2fff2b0ad83472a5c90a1dabf21b73452,0,94207409,0.03405674510442155,1741095618069453,Blobble Stake Token,0.0040204125,BST,0,1,2025-03-04
cxf14dea1cff7ceb29a46e6d04533a08f84441e41d,hx891d1d00f371272c0d2f735d58acd435ffef9e62,hxf270f35cbdacd1964e1a8366b65cd508a2ff105c,0x7e0907cb9404c7,0x13121df2accfb27a6e8c2083e1d89d8b1e8138da290b37ca67a77d3b7d3c46a6,0,94207407,0.03547577615043911,1741095614144633,Blobble Stake Token,0.0040204125,BST,0,1,2025-03-04
cxf14dea1cff7ceb29a46e6d04533a08f84441e41d,hx891d1d00f371272c0d2f735d58acd435ffef9e62,hx6e26bb673c4af3bb347d1023ec2f460f3f79fcbf,0x7ec166ececa2c,0xd69cb66c948dbabf94f017854405b51bb09ae77e29203c58fe42837cc6528119,0,94207405,0.002229905929456172,1741095610136696,Blobble Stake Token,0.0040179125,BST,0,1,2025-03-04
cxf14dea1cff7ceb29a46e6d04533a08f84441e41d,hx891d1d00f371272c0d2f735d58acd435ffef9e62,hxb946c680221e6ff41de8a2b62fd810315ce65fb9,0x2291d6409da0c3,0xd11f8f079abadd08c90e6d22717d82d7c87d0d5e7abcf904a7159b7ea5c95724,0,94207403,0.009730498601263298,1741095606121479,Blobble Stake Token,0.0040204125,BST,0,1,2025-03-04
cxf14dea1cff7ceb29a46e6d04533a08f84441e41d,hx891d1d00f371272c0d2f735d58acd435ffef9e62,hxf270f35cbdacd1964e1a8366b65cd508a2ff105c,0x42422ffbd8c977,0x74e9697bcb22aeeafc9ba710df083ed29755e214a7eafbc331fe6a35c11319a6,0,94207401,0.01865012231908799,1741095602092521,Blobble Stake Token,0.0040204125,BST,0,1,2025-03-04
cxf14dea1cff7ceb29a46e6d04533a08f84441e41d,hx891d1d00f371272c0d2f735d58acd435ffef9e62,hxf270f35cbdacd1964e1a8366b65cd508a2ff105c,0x7564923b6c9c98,0xa53245e000b4215651db07bf7ab422fe4cc57af09963bfa04001d2edb51faad2,0,94207399,0.03304315150012329,1741095598058691,Blobble Stake Token,0.0040204125,BST,0,1,2025-03-04
cxf14dea1cff7ceb29a46e6d04533a08f84441e41d,hx891d1d00f371272c0d2f735d58acd435ffef9e62,hxf270f35cbdacd1964e1a8366b65cd508a2ff105c,0x3322623f93d321,0x9b1c268d030ae73fa5cfc643f838c7b6df40d6b0805409f784c54c4b35805862,0,94207397,0.014393029181035298,1741095594210883,Blobble Stake Token,0.0040204125,BST,0,1,2025-03-04
cxf14dea1cff7ceb29a46e6d04533a08f84441e41d,hx891d1d00f371272c0d2f735d58acd435ffef9e62,hxfb185f9bd35ce14b17ba914e4c65ebc4db9baf2d,0x733b74d762c28,0x827c6a2b88054ef32aad08db845c83cca8ae1f71e75b0b1d0e6ddd0796de0479,0,94207395,0.00202718720859652,1741095590100211,Blobble Stake Token,0.004019225,BST,0,1,2025-03-04
cx88fd7df7ddff82f7cc735c871dc519838cb235bb,cxa0af3165c08318e988cb30993b3048335b94af6c,hx4dc7903504bb800a462378348a42f53742759e0b,0x468852170602da0,0xff2679b01e53a4c999fd5ef30e5cd851d5e5e46f34cd7b5efc25358eeaf7e784,3,94207394,0.3176501523953863,1741095588202926,Balanced Dollar,0.0347539,bnUSD,0,3,2025-03-04
cx07b184a37f03c6ab681fcbd0b45aec6dc3eafbeb,hx4dc7903504bb800a462378348a42f53742759e0b,cxa0af3165c08318e988cb30993b3048335b94af6c,0x464de22175f6a,0x5d8c09accbd878f4100d1e4e7a98f8e98a6b829eb7139737d37511e12f6c88c2,0,94207394,0.001236805124317034,1741095588202926,Bitcoin,0.0215962625,BTC,0,2,2025-03-04
cx88fd7df7ddff82f7cc735c871dc519838cb235bb,hx4dc7903504bb800a462378348a42f53742759e0b,cxa0af3165c08318e988cb30993b3048335b94af6c,0x5a247c373b8588000,0x58ffc185fb9129e6e5b7ec6ce52f2f446d966ca7c9966d8f9022bdd65a9b0cae,0,94207394,103.92725022782,1741095588202926,Balanced Dollar,0.02221895,bnUSD,0,1,2025-03-04
cxf14dea1cff7ceb29a46e6d04533a08f84441e41d,hx891d1d00f371272c0d2f735d58acd435ffef9e62,hxf270f35cbdacd1964e1a8366b65cd508a2ff105c,0xc3e5136e27e44,0x2522536b94e6e5025d04ffdf18306f92b8a4f3a72cd2790907c4b47055639e87,0,94207393,0.003446218254614084,1741095586102333,Blobble Stake Token,0.0040179125,BST,0,1,2025-03-04
cx07b184a37f03c6ab681fcbd0b45aec6dc3eafbeb,cx21e94c08c03daee80c25d8ee3ea22a20786ec231,hx4dc7903504bb800a462378348a42f53742759e0b,0x4656e152b0eeb,0xed2619a64fd0fa863963eec21408e5f64016058eba26e088c1416d5fd768f79b,12,94207392,0.001237423382793963,1741095584214801,Bitcoin,0.2288909125,BTC,0,2,2025-03-04
cx88fd7df7ddff82f7cc735c871dc519838cb235bb,cxa0af3165c08318e988cb30993b3048335b94af6c,cx5faae53c4dbd1fbe4a2eb4aab6565030f10da5c6,0x229fa3836deab64,0xed2619a64fd0fa863963eec21408e5f64016058eba26e088c1416d5fd768f79b,10,94207392,0.1559307814666679,1741095584214801,Balanced Dollar,0.2288909125,bnUSD,0,2,2025-03-04
cx07b184a37f03c6ab681fcbd0b45aec6dc3eafbeb,cxa0af3165c08318e988cb30993b3048335b94af6c,cx21e94c08c03daee80c25d8ee3ea22a20786ec231,0x4656e152b0eeb,0xed2619a64fd0fa863963eec21408e5f64016058eba26e088c1416d5fd768f79b,9,94207392,0.001237423382793963,1741095584214801,Bitcoin,0.2288909125,BTC,0,2,2025-03-04
cx88fd7df7ddff82f7cc735c871dc519838cb235bb,cx21e94c08c03daee80c25d8ee3ea22a20786ec231,cxa0af3165c08318e988cb30993b3048335b94af6c,0x5a2a647b98e890164,0xed2619a64fd0fa863963eec21408e5f64016058eba26e088c1416d5fd768f79b,8,94207392,103.95385431111191,1741095584214801,Balanced Dollar,0.2288909125,bnUSD,0,2,2025-03-04
cx88fd7df7ddff82f7cc735c871dc519838cb235bb,cxa0af3165c08318e988cb30993b3048335b94af6c,cx5faae53c4dbd1fbe4a2eb4aab6565030f10da5c6,0x22b9393da55d599,0xed2619a64fd0fa863963eec21408e5f64016058eba26e088c1416d5fd768f79b,6,94207392,0.156380875306948,1741095584214801,Balanced Dollar,0.2288909125,bnUSD,0,2,2025-03-04
cx88fd7df7ddff82f7cc735c871dc519838cb235bb,cxa0af3165c08318e988cb30993b3048335b94af6c,cx21e94c08c03daee80c25d8ee3ea22a20786ec231,0x5a2a647b98e890164,0xed2619a64fd0fa863963eec21408e5f64016058eba26e088c1416d5fd768f79b,5,94207392,103.95385431111191,1741095584214801,Balanced Dollar,0.2288909125,bnUSD,0,2,2025-03-04
cx2609b924e33ef00b648a409245c7ea394c467824,cx21e94c08c03daee80c25d8ee3ea22a20786ec231,cxa0af3165c08318e988cb30993b3048335b94af6c,0x2884fcce93419c59e7,0xed2619a64fd0fa863963eec21408e5f64016058eba26e088c1416d5fd768f79b,4,94207392,747.452524187376,1741095584214801,Staked ICX,0.2288909125,sICX,0,2,2025-03-04
cx2609b924e33ef00b648a409245c7ea394c467824,hx0000000000000000000000000000000000000000,cx21e94c08c03daee80c25d8ee3ea22a20786ec231,0x2884fcce93419c59e7,0xed2619a64fd0fa863963eec21408e5f64016058eba26e088c1416d5fd768f79b,2,94207392,747.452524187376,1741095584214801,Staked ICX,0.2288909125,sICX,0,2,2025-03-04
cx88fd7df7ddff82f7cc735c871dc519838cb235bb,cx21e94c08c03daee80c25d8ee3ea22a20786ec231,hx4dc7903504bb800a462378348a42f53742759e0b,0x5a30077bc66af80bc,0xe23385b3490da6b0d24fa65557c4c7d65fd6e9afe44370a9a7399c0941deffe0,8,94207392,103.97923984779035,1741095584214801,Balanced Dollar,0.1713524,bnUSD,0,1,2025-03-04
cx88fd7df7ddff82f7cc735c871dc519838cb235bb,cxa0af3165c08318e988cb30993b3048335b94af6c,cx5faae53c4dbd1fbe4a2eb4aab6565030f10da5c6,0x22bb64eb254b310,0xe23385b3490da6b0d24fa65557c4c7d65fd6e9afe44370a9a7399c0941deffe0,6,94207392,0.15641906119001373,1741095584214801,Balanced Dollar,0.1713524,bnUSD,0,1,2025-03-04
cx88fd7df7ddff82f7cc735c871dc519838cb235bb,cxa0af3165c08318e988cb30993b3048335b94af6c,cx21e94c08c03daee80c25d8ee3ea22a20786ec231,0x5a30077bc66af80bc,0xe23385b3490da6b0d24fa65557c4c7d65fd6e9afe44370a9a7399c0941deffe0,5,94207392,103.97923984779035,1741095584214801,Balanced Dollar,0.1713524,bnUSD,0,1,2025-03-04
cx2609b924e33ef00b648a409245c7ea394c467824,cx21e94c08c03daee80c25d8ee3ea22a20786ec231,cxa0af3165c08318e988cb30993b3048335b94af6c,0x2884fcce93419c59e7,0xe23385b3490da6b0d24fa65557c4c7d65fd6e9afe44370a9a7399c0941deffe0,4,94207392,747.452524187376,1741095584214801,Staked ICX,0.1713524,sICX,0,1,2025-03-04
cx2609b924e33ef00b648a409245c7ea394c467824,hx0000000000000000000000000000000000000000,cx21e94c08c03daee80c25d8ee3ea22a20786ec231,0x2884fcce93419c59e7,0xe23385b3490da6b0d24fa65557c4c7d65fd6e9afe44370a9a7399c0941deffe0,2,94207392,747.452524187376,1741095584214801,Staked ICX,0.1713524,sICX,0,1,2025-03-04
cxf14dea1cff7ceb29a46e6d04533a08f84441e41d,hx891d1d00f371272c0d2f735d58acd435ffef9e62,hxf270f35cbdacd1964e1a8366b65cd508a2ff105c,0x21d9771f4502bf,0x0728460729272c12a45ff18232dd9724c92c64e9e77da58b165e100ab36772fd,0,94207391,0.009527779880403648,1741095582117819,Blobble Stake Token,0.0040204125,BST,0,1,2025-03-04
cx2609b924e33ef00b648a409245c7ea394c467824,cx21e94c08c03daee80c25d8ee3ea22a20786ec231,hx2debd9ec927cca1639da8d3518dd9dbf1cdfb357,0x6c6b536dfdf316654c,0x194495b4e47dcf149d508c6847950f2862a2033c9021d0760231d9cbe06ebcd2,5,94207389,1999.9820058832292,1741095578146282,Staked ICX,0.1127046875,sICX,0,6,2025-03-04
cx88fd7df7ddff82f7cc735c871dc519838cb235bb,cxa0af3165c08318e988cb30993b3048335b94af6c,cx5faae53c4dbd1fbe4a2eb4aab6565030f10da5c6,0x5d3494141e63d82,0x194495b4e47dcf149d508c6847950f2862a2033c9021d0760231d9cbe06ebcd2,3,94207389,0.41975973490289803,1741095578146282,Balanced Dollar,0.1127046875,bnUSD,0,6,2025-03-04
cx2609b924e33ef00b648a409245c7ea394c467824,cxa0af3165c08318e988cb30993b3048335b94af6c,cx21e94c08c03daee80c25d8ee3ea22a20786ec231,0x6c6b536dfdf316654c,0x194495b4e47dcf149d508c6847950f2862a2033c9021d0760231d9cbe06ebcd2,2,94207389,1999.9820058832292,1741095578146282,Staked ICX,0.1127046875,sICX,0,6,2025-03-04
cx88fd7df7ddff82f7cc735c871dc519838cb235bb,cx21e94c08c03daee80c25d8ee3ea22a20786ec231,cxa0af3165c08318e988cb30993b3048335b94af6c,0xf2b8ec49b9cead7e0,0x194495b4e47dcf149d508c6847950f2862a2033c9021d0760231d9cbe06ebcd2,1,94207389,279.8398232685987,1741095578146282,Balanced Dollar,0.1127046875,bnUSD,0,6,2025-03-04
cx88fd7df7ddff82f7cc735c871dc519838cb235bb,hx2debd9ec927cca1639da8d3518dd9dbf1cdfb357,cx21e94c08c03daee80c25d8ee3ea22a20786ec231,0xf2b8ec49b9cead7e0,0x194495b4e47dcf149d508c6847950f2862a2033c9021d0760231d9cbe06ebcd2,0,94207389,279.8398232685987,1741095578146282,Balanced Dollar,0.1127046875,bnUSD,0,6,2025-03-04
cx88fd7df7ddff82f7cc735c871dc519838cb235bb,cxa0af3165c08318e988cb30993b3048335b94af6c,hx4dc7903504bb800a462378348a42f53742759e0b,0x4684f9e229083f5,0x52d61f01f456fd6ab4fc809fc6594ec10bd180a03bab0e089bb63c9d7db80ed4,3,94207389,0.31759131433294335,1741095578146282,Balanced Dollar,0.0347539,bnUSD,0,4,2025-03-04
cx07b184a37f03c6ab681fcbd0b45aec6dc3eafbeb,hx4dc7903504bb800a462378348a42f53742759e0b,cxa0af3165c08318e988cb30993b3048335b94af6c,0x4651a12f4978e,0xb65c9bd9c2ef8380402ed1f10af89585ff0b392f0cba7f7054c87e578cfa7c5b,0,94207389,0.001237062568417166,1741095578146282,Bitcoin,0.0215962625,BTC,0,3,2025-03-04
cx88fd7df7ddff82f7cc735c871dc519838cb235bb,hx4dc7903504bb800a462378348a42f53742759e0b,cxa0af3165c08318e988cb30993b3048335b94af6c,0x5a20a7c3a561cc000,0x16cf721b6a270b8126f85573f8bb4ad6ecc4b80c8569d13a6cec302f47f921d0,0,94207389,103.91000194245386,1741095578146282,Balanced Dollar,0.02221895,bnUSD,0,2,2025-03-04
cxf14dea1cff7ceb29a46e6d04533a08f84441e41d,hx891d1d00f371272c0d2f735d58acd435ffef9e62,hx53bd3ba841728a31952ba8fe36ed060afbd4945d,0x900a520d3b732d,0x041fb6261dc34ffc393a20f6dc6f9fbdafc1684af72fcbb4af6720da764bff4c,0,94207389,0.040543744171930414,1741095578146282,Blobble Stake Token,0.004022975,BST,0,1,2025-03-04
cxf14dea1cff7ceb29a46e6d04533a08f84441e41d,hx891d1d00f371272c0d2f735d58acd435ffef9e62,hxbda9ea6ce93b75cc2f3234fe2d3c84fa8083a420,0x3a56198d09ff48,0xc4ade3de75aa50d6be21f1d527183751e5277398926132d7fbef10445ee1fd51,0,94207387,0.016420216389631814,1741095574089963,Blobble Stake Token,0.0040204125,BST,0,3,2025-03-04
cx07b184a37f03c6ab681fcbd0b45aec6dc3eafbeb,cx21e94c08c03daee80c25d8ee3ea22a20786ec231,hx4dc7903504bb800a462378348a42f53742759e0b,0x465aa0db488ea,0xbfd9220fce20ea4d9a546de57293f7fe98b6ca8b6ed4b65526936149554843c5,12,94207387,0.001237680955623658,1741095574089963,Bitcoin,0.2288909125,BTC,0,2,2025-03-04
cx88fd7df7ddff82f7cc735c871dc519838cb235bb,cxa0af3165c08318e988cb30993b3048335b94af6c,cx5faae53c4dbd1fbe4a2eb4aab6565030f10da5c6,0x229e2af8285e072,0xbfd9220fce20ea4d9a546de57293f7fe98b6ca8b6ed4b65526936149554843c5,10,94207387,0.15590490555795877,1741095574089963,Balanced Dollar,0.2288909125,bnUSD,0,2,2025-03-04
cx07b184a37f03c6ab681fcbd0b45aec6dc3eafbeb,cxa0af3165c08318e988cb30993b3048335b94af6c,cx21e94c08c03daee80c25d8ee3ea22a20786ec231,0x465aa0db488ea,0xbfd9220fce20ea4d9a546de57293f7fe98b6ca8b6ed4b65526936149554843c5,9,94207387,0.001237680955623658,1741095574089963,Bitcoin,0.2288909125,BTC,0,2,2025-03-04
cx88fd7df7ddff82f7cc735c871dc519838cb235bb,cx21e94c08c03daee80c25d8ee3ea22a20786ec231,cxa0af3165c08318e988cb30993b3048335b94af6c,0x5a268fe63e74dd3b9,0xbfd9220fce20ea4d9a546de57293f7fe98b6ca8b6ed4b65526936149554843c5,8,94207387,103.93660370530584,1741095574089963,Balanced Dollar,0.2288909125,bnUSD,0,2,2025-03-04
cx88fd7df7ddff82f7cc735c871dc519838cb235bb,cxa0af3165c08318e988cb30993b3048335b94af6c,cx5faae53c4dbd1fbe4a2eb4aab6565030f10da5c6,0x22b7bfa200e8607,0xbfd9220fce20ea4d9a546de57293f7fe98b6ca8b6ed4b65526936149554843c5,6,94207387,0.15635492628427725,1741095574089963,Balanced Dollar,0.2288909125,bnUSD,0,2,2025-03-04
cx88fd7df7ddff82f7cc735c871dc519838cb235bb,cxa0af3165c08318e988cb30993b3048335b94af6c,cx21e94c08c03daee80c25d8ee3ea22a20786ec231,0x5a268fe63e74dd3b9,0xbfd9220fce20ea4d9a546de57293f7fe98b6ca8b6ed4b65526936149554843c5,5,94207387,103.93660370530584,1741095574089963,Balanced Dollar,0.2288909125,bnUSD,0,2,2025-03-04
cx2609b924e33ef00b648a409245c7ea394c467824,cx21e94c08c03daee80c25d8ee3ea22a20786ec231,cxa0af3165c08318e988cb30993b3048335b94af6c,0x2884fcce93419c59e7,0xbfd9220fce20ea4d9a546de57293f7fe98b6ca8b6ed4b65526936149554843c5,4,94207387,747.452524187376,1741095574089963,Staked ICX,0.2288909125,sICX,0,2,2025-03-04
cx2609b924e33ef00b648a409245c7ea394c467824,hx0000000000000000000000000000000000000000,cx21e94c08c03daee80c25d8ee3ea22a20786ec231,0x2884fcce93419c59e7,0xbfd9220fce20ea4d9a546de57293f7fe98b6ca8b6ed4b65526936149554843c5,2,94207387,747.452524187376,1741095574089963,Staked ICX,0.2288909125,sICX,0,2,2025-03-04
cx88fd7df7ddff82f7cc735c871dc519838cb235bb,cx21e94c08c03daee80c25d8ee3ea22a20786ec231,hx4dc7903504bb800a462378348a42f53742759e0b,0x5a2c328aa05a73d51,0x779864306604d90b9d1fb7fa603df057034b7ef3b2e76fd3c7136f0bfb8b5ac9,8,94207387,103.96198293385505,1741095574089963,Balanced Dollar,0.1713524,bnUSD,0,1,2025-03-04
cx88fd7df7ddff82f7cc735c871dc519838cb235bb,cxa0af3165c08318e988cb30993b3048335b94af6c,cx5faae53c4dbd1fbe4a2eb4aab6565030f10da5c6,0x22b9eb2c280ae2c,0x779864306604d90b9d1fb7fa603df057034b7ef3b2e76fd3c7136f0bfb8b5ac9,6,94207387,0.15639310267899448,1741095574089963,Balanced Dollar,0.1713524,bnUSD,0,1,2025-03-04
cx88fd7df7ddff82f7cc735c871dc519838cb235bb,cxa0af3165c08318e988cb30993b3048335b94af6c,cx21e94c08c03daee80c25d8ee3ea22a20786ec231,0x5a2c328aa05a73d51,0x779864306604d90b9d1fb7fa603df057034b7ef3b2e76fd3c7136f0bfb8b5ac9,5,94207387,103.96198293385505,1741095574089963,Balanced Dollar,0.1713524,bnUSD,0,1,2025-03-04
cx2609b924e33ef00b648a409245c7ea394c467824,cx21e94c08c03daee80c25d8ee3ea22a20786ec231,cxa0af3165c08318e988cb30993b3048335b94af6c,0x2884fcce93419c59e7,0x779864306604d90b9d1fb7fa603df057034b7ef3b2e76fd3c7136f0bfb8b5ac9,4,94207387,747.452524187376,1741095574089963,Staked ICX,0.1713524,sICX,0,1,2025-03-04
cx2609b924e33ef00b648a409245c7ea394c467824,hx0000000000000000000000000000000000000000,cx21e94c08c03daee80c25d8ee3ea22a20786ec231,0x2884fcce93419c59e7,0x779864306604d90b9d1fb7fa603df057034b7ef3b2e76fd3c7136f0bfb8b5ac9,2,94207387,747.452524187376,1741095574089963,Staked ICX,0.1713524,sICX,0,1,2025-03-04
cx2609b924e33ef00b648a409245c7ea394c467824,cx21e94c08c03daee80c25d8ee3ea22a20786ec231,hx2debd9ec927cca1639da8d3518dd9dbf1cdfb357,0x6c6b536dfdfd86d585,0xc9732af23ee3dbd89d9771c4d04979e8983ae0815d214396925d7232c03ef8e1,5,94207385,1999.9820058834046,1741095570119629,Staked ICX,0.112703375,sICX,0,2,2025-03-04
cx88fd7df7ddff82f7cc735c871dc519838cb235bb,cxa0af3165c08318e988cb30993b3048335b94af6c,cx5faae53c4dbd1fbe4a2eb4aab6565030f10da5c6,0x5d309e6aba6dc08,0xc9732af23ee3dbd89d9771c4d04979e8983ae0815d214396925d7232c03ef8e1,3,94207385,0.4196900766025554,1741095570119629,Balanced Dollar,0.112703375,bnUSD,0,2,2025-03-04
cx2609b924e33ef00b648a409245c7ea394c467824,cxa0af3165c08318e988cb30993b3048335b94af6c,cx21e94c08c03daee80c25d8ee3ea22a20786ec231,0x6c6b536dfdfd86d585,0xc9732af23ee3dbd89d9771c4d04979e8983ae0815d214396925d7232c03ef8e1,2,94207385,1999.9820058834046,1741095570119629,Staked ICX,0.112703375,sICX,0,2,2025-03-04
cx88fd7df7ddff82f7cc735c871dc519838cb235bb,cx21e94c08c03daee80c25d8ee3ea22a20786ec231,cxa0af3165c08318e988cb30993b3048335b94af6c,0xf2ae9c8b457dcff80,0xc9732af23ee3dbd89d9771c4d04979e8983ae0815d214396925d7232c03ef8e1,1,94207385,279.7933844017036,1741095570119629,Balanced Dollar,0.112703375,bnUSD,0,2,2025-03-04
cx88fd7df7ddff82f7cc735c871dc519838cb235bb,hx2debd9ec927cca1639da8d3518dd9dbf1cdfb357,cx21e94c08c03daee80c25d8ee3ea22a20786ec231,0xf2ae9c8b457dcff80,0xc9732af23ee3dbd89d9771c4d04979e8983ae0815d214396925d7232c03ef8e1,0,94207385,279.7933844017036,1741095570119629,Balanced Dollar,0.112703375,bnUSD,0,2,2025-03-04
cxf14dea1cff7ceb29a46e6d04533a08f84441e41d,hx891d1d00f371272c0d2f735d58acd435ffef9e62,hxf270f35cbdacd1964e1a8366b65cd508a2ff105c,0x446b4d5fe2a383,0x58008b9adfbee291bfcef95fb1dcaacd70d3e1b936926d2a188b1a43a3321b59,0,94207385,0.019258278481666946,1741095570119629,Blobble Stake Token,0.0040204125,BST,0,1,2025-03-04
cxf14dea1cff7ceb29a46e6d04533a08f84441e41d,hx891d1d00f371272c0d2f735d58acd435ffef9e62,hx81d4f834b91569b43cde903ec241eb1fce64a171,0x55b438803173e4,0xf2d108d935615065f5e04af166c803d8adcb30fd51973fb686e2ac3f5389637f,0,94207383,0.024123527782298596,1741095566074840,Blobble Stake Token,0.0040204125,BST,0,1,2025-03-04
cxf14dea1cff7ceb29a46e6d04533a08f84441e41d,hx891d1d00f371272c0d2f735d58acd435ffef9e62,hx6e26bb673c4af3bb347d1023ec2f460f3f79fcbf,0x7112577358e87d,0xc58892e42f8ae3f15efaa5d2690b0d65941417b21fde7de55b2b3d869c8068e2,0,94207381,0.03182683917496537,1741095562118346,Blobble Stake Token,0.0040204125,BST,0,1,2025-03-04
cxf14dea1cff7ceb29a46e6d04533a08f84441e41d,hx891d1d00f371272c0d2f735d58acd435ffef9e62,hx25ee33bbaf76616b432dfb4b785beb1f92db07c9,0x7ec166ececa2c7,0x0c1d732775e31b24e4ec15b313a8929fed93425052382400e7fd1f18aafeca24,0,94207379,0.03567849487129876,1741095558107783,Blobble Stake Token,0.0040204125,BST,0,1,2025-03-04
cxf14dea1cff7ceb29a46e6d04533a08f84441e41d,hx891d1d00f371272c0d2f735d58acd435ffef9e62,hx184860bb6e243b19ae2b5f6cb0227b614052369a,0x83cc00d658f4e6,0x6024269939f514b51afb86a71fcec5b2a720fddb61c9c99567236fabd7fa5b54,0,94207377,0.037097525917316326,1741095554073430,Blobble Stake Token,0.004022975,BST,0,1,2025-03-04
cxf14dea1cff7ceb29a46e6d04533a08f84441e41d,hx891d1d00f371272c0d2f735d58acd435ffef9e62,hx6e26bb673c4af3bb347d1023ec2f460f3f79fcbf,0x85f51e3a62cef6,0x0d11c70f23f85e677ff5b0d571c10102d2ad8a07e424fce0857579dadc5b1a60,0,94207375,0.03770568207989529,1741095550240359,Blobble Stake Token,0.0040216625,BST,0,1,2025-03-04
cx88fd7df7ddff82f7cc735c871dc519838cb235bb,cxa0af3165c08318e988cb30993b3048335b94af6c,hx4dc7903504bb800a462378348a42f53742759e0b,0x4681a1dcddd15bb,0x387adbef9ea65f9e6da8f189dfb8e4cb75afebc974df7089af197711d3d0de2b,3,94207373,0.317532489039812,1741095546062103,Balanced Dollar,0.0347539,bnUSD,0,4,2025-03-04
cx07b184a37f03c6ab681fcbd0b45aec6dc3eafbeb,hx4dc7903504bb800a462378348a42f53742759e0b,cxa0af3165c08318e988cb30993b3048335b94af6c,0x465560dc40f6f,0xf122382455ce1c921195141468d1b231532ae26c2bfb11ddd18047fd7b7e478b,0,94207373,0.001237320179388271,1741095546062103,Bitcoin,0.0215962625,BTC,0,3,2025-03-04
cx88fd7df7ddff82f7cc735c871dc519838cb235bb,hx4dc7903504bb800a462378348a42f53742759e0b,cxa0af3165c08318e988cb30993b3048335b94af6c,0x5a1cd38e6de3c8000,0x492105a5861dff3e6ac9e59fdf00bc97a310d5035bde8514e1aa1d8de0fd1df5,0,94207373,103.89275794310198,1741095546062103,Balanced Dollar,0.02221895,bnUSD,0,2,2025-03-04
cxf14dea1cff7ceb29a46e6d04533a08f84441e41d,hx891d1d00f371272c0d2f735d58acd435ffef9e62,hx9dffde8442c8edad4ab47b18c650b750bf7fc400,0x8e9993ca8a3725,0x6b629bf610d6320ca418b94cbde145bc7b854ec857edbc1dbfa8e34574ee2402,0,94207373,0.04013830673021111,1741095546062103,Blobble Stake Token,0.0040216625,BST,0,1,2025-03-04
cxf14dea1cff7ceb29a46e6d04533a08f84441e41d,hx891d1d00f371272c0d2f735d58acd435ffef9e62,hxb946c680221e6ff41de8a2b62fd810315ce65fb9,0x290d2e6cbb2ee6,0x5421ed0d5a4835674aa109f5c31bea2f0d6e7f8b340e28c021ce57e1c5068b56,0,94207371,0.011554967089000166,1741095542112869,Blobble Stake Token,0.0040204125,BST,0,3,2025-03-04
cx07b184a37f03c6ab681fcbd0b45aec6dc3eafbeb,cx21e94c08c03daee80c25d8ee3ea22a20786ec231,hx4dc7903504bb800a462378348a42f53742759e0b,0x465e610318b23,0x0bb19b1319a2820cc634369ca31300f0f1f67565e8e31013ec4ced88a8e1a6ae,12,94207371,0.001237938695408419,1741095542112869,Bitcoin,0.2288909125,BTC,0,2,2025-03-04
cx88fd7df7ddff82f7cc735c871dc519838cb235bb,cxa0af3165c08318e988cb30993b3048335b94af6c,cx5faae53c4dbd1fbe4a2eb4aab6565030f10da5c6,0x229cb284d64d082,0x0bb19b1319a2820cc634369ca31300f0f1f67565e8e31013ec4ced88a8e1a6ae,10,94207371,0.15587903607857576,1741095542112869,Balanced Dollar,0.2288909125,bnUSD,0,2,2025-03-04
cx07b184a37f03c6ab681fcbd0b45aec6dc3eafbeb,cxa0af3165c08318e988cb30993b3048335b94af6c,cx21e94c08c03daee80c25d8ee3ea22a20786ec231,0x465e610318b23,0x0bb19b1319a2820cc634369ca31300f0f1f67565e8e31013ec4ced88a8e1a6ae,9,94207371,0.001237938695408419,1741095542112869,Bitcoin,0.2288909125,BTC,0,2,2025-03-04
cx88fd7df7ddff82f7cc735c871dc519838cb235bb,cx21e94c08c03daee80c25d8ee3ea22a20786ec231,cxa0af3165c08318e988cb30993b3048335b94af6c,0x5a22bb8f43689a85d,0x0bb19b1319a2820cc634369ca31300f0f1f67565e8e31013ec4ced88a8e1a6ae,8,94207371,103.91935738571716,1741095542112869,Balanced Dollar,0.2288909125,bnUSD,0,2,2025-03-04
cx88fd7df7ddff82f7cc735c871dc519838cb235bb,cxa0af3165c08318e988cb30993b3048335b94af6c,cx5faae53c4dbd1fbe4a2eb4aab6565030f10da5c6,0x22b6461e60e29f9,0x0bb19b1319a2820cc634369ca31300f0f1f67565e8e31013ec4ced88a8e1a6ae,6,94207371,0.15632898370870732,1741095542112869,Balanced Dollar,0.2288909125,bnUSD,0,2,2025-03-04
cx88fd7df7ddff82f7cc735c871dc519838cb235bb,cxa0af3165c08318e988cb30993b3048335b94af6c,cx21e94c08c03daee80c25d8ee3ea22a20786ec231,0x5a22bb8f43689a85d,0x0bb19b1319a2820cc634369ca31300f0f1f67565e8e31013ec4ced88a8e1a6ae,5,94207371,103.91935738571716,1741095542112869,Balanced Dollar,0.2288909125,bnUSD,0,2,2025-03-04
cx2609b924e33ef00b648a409245c7ea394c467824,cx21e94c08c03daee80c25d8ee3ea22a20786ec231,cxa0af3165c08318e988cb30993b3048335b94af6c,0x2884fcce93419c59e7,0x0bb19b1319a2820cc634369ca31300f0f1f67565e8e31013ec4ced88a8e1a6ae,4,94207371,747.452524187376,1741095542112869,Staked ICX,0.2288909125,sICX,0,2,2025-03-04
cx2609b924e33ef00b648a409245c7ea394c467824,hx0000000000000000000000000000000000000000,cx21e94c08c03daee80c25d8ee3ea22a20786ec231,0x2884fcce93419c59e7,0x0bb19b1319a2820cc634369ca31300f0f1f67565e8e31013ec4ced88a8e1a6ae,2,94207371,747.452524187376,1741095542112869,Staked ICX,0.2288909125,sICX,0,2,2025-03-04
cx88fd7df7ddff82f7cc735c871dc519838cb235bb,cx21e94c08c03daee80c25d8ee3ea22a20786ec231,hx4dc7903504bb800a462378348a42f53742759e0b,0x5a285dd7e178b38b3,0xf09c4215a8bad46278c81c281bb21d21fd8e63ba975e92ca6ccb8cb5386caad1,8,94207371,103.94473030822522,1741095542112869,Balanced Dollar,0.1713524,bnUSD,0,1,2025-03-04
cx88fd7df7ddff82f7cc735c871dc519838cb235bb,cxa0af3165c08318e988cb30993b3048335b94af6c,cx5faae53c4dbd1fbe4a2eb4aab6565030f10da5c6,0x22b871853238894,0xf09c4215a8bad46278c81c281bb21d21fd8e63ba975e92ca6ccb8cb5386caad1,6,94207371,0.1563671506182166,1741095542112869,Balanced Dollar,0.1713524,bnUSD,0,1,2025-03-04
cx88fd7df7ddff82f7cc735c871dc519838cb235bb,cxa0af3165c08318e988cb30993b3048335b94af6c,cx21e94c08c03daee80c25d8ee3ea22a20786ec231,0x5a285dd7e178b38b3,0xf09c4215a8bad46278c81c281bb21d21fd8e63ba975e92ca6ccb8cb5386caad1,5,94207371,103.94473030822522,1741095542112869,Balanced Dollar,0.1713524,bnUSD,0,1,2025-03-04
cx2609b924e33ef00b648a409245c7ea394c467824,cx21e94c08c03daee80c25d8ee3ea22a20786ec231,cxa0af3165c08318e988cb30993b3048335b94af6c,0x2884fcce93419c59e7,0xf09c4215a8bad46278c81c281bb21d21fd8e63ba975e92ca6ccb8cb5386caad1,4,94207371,747.452524187376,1741095542112869,Staked ICX,0.1713524,sICX,0,1,2025-03-04
cx2609b924e33ef00b648a409245c7ea394c467824,hx0000000000000000000000000000000000000000,cx21e94c08c03daee80c25d8ee3ea22a20786ec231,0x2884fcce93419c59e7,0xf09c4215a8bad46278c81c281bb21d21fd8e63ba975e92ca6ccb8cb5386caad1,2,94207371,747.452524187376,1741095542112869,Staked ICX,0.1713524,sICX,0,1,2025-03-04
cx88fd7df7ddff82f7cc735c871dc519838cb235bb,cxd82fb5d3effecd8c9071a4bba3856ad7222c4b91,hxd75467e3e4ce64e3424c747dfb71503017440433,0x6c6b935b8bbd400000,0x16b09a8e2b0abf27447d52ca3d2886d860d344e0828106e7e011b364d99d6886,0,94207370,2000.0,1741095540071056,Balanced Dollar,0.02069225,bnUSD,0,1,2025-03-04
cxf14dea1cff7ceb29a46e6d04533a08f84441e41d,hx891d1d00f371272c0d2f735d58acd435ffef9e62,hx6e26bb673c4af3bb347d1023ec2f460f3f79fcbf,0x2b364bd0c508f4,0xce51d94b69f7cbee1a5a8335276c373eb3d107c3d87e0a2cecc392dab21852ff,0,94207369,0.012163123251579123,1741095538157137,Blobble Stake Token,0.0040204125,BST,0,1,2025-03-04
cx88fd7df7ddff82f7cc735c871dc519838cb235bb,cxa0af3165c08318e988cb30993b3048335b94af6c,hx4dc7903504bb800a462378348a42f53742759e0b,0x4689d914f29d2c6,0xc12d359f5ef0e1516dd24521b6f90718f54122b9d192cbc04f670bd81d9ac45a,3,94207367,0.3176770211535797,1741095534169344,Balanced Dollar,0.0347539,bnUSD,0,4,2025-03-04
cx07b184a37f03c6ab681fcbd0b45aec6dc3eafbeb,hx4dc7903504bb800a462378348a42f53742759e0b,cxa0af3165c08318e988cb30993b3048335b94af6c,0x4664eae3de894,0xfa829ea41e4f432a2b7fcfc264b44277a40d6a119c229215372d16e449252feb,0,94207367,0.001238388023617684,1741095534169344,Bitcoin,0.0215962625,BTC,0,3,2025-03-04
cx88fd7df7ddff82f7cc735c871dc519838cb235bb,hx4dc7903504bb800a462378348a42f53742759e0b,cxa0af3165c08318e988cb30993b3048335b94af6c,0x5a281844208ad8000,0xaa4ec8dff5712a2a1fb8f95012fe029f9ad168d1ef12b0ad59c6805f2f9cdd26,0,94207367,103.94350629383605,1741095534169344,Balanced Dollar,0.02221895,bnUSD,0,2,2025-03-04
cxf14dea1cff7ceb29a46e6d04533a08f84441e41d,hx891d1d00f371272c0d2f735d58acd435ffef9e62,hx25ee33bbaf76616b432dfb4b785beb1f92db07c9,0x354b7fa39dad2d,0x70e72b77d3dc87bd960225150a64683f5d260f89e666e8136ab7fe82a9d5b46f,0,94207367,0.015001185343614254,1741095534169344,Blobble Stake Token,0.0040204125,BST,0,1,2025-03-04
cxf61cd5a45dc9f91c15aa65831a30a90d59a09619,cx9345f80d6c98357ccbb70392b14162199c2c5f66,cxd82fb5d3effecd8c9071a4bba3856ad7222c4b91,0x3944fb61d219920,0xdf89ea933d4311d8790d3e0942712016ebf8abbc9110aad5c386ac96942123d6,4,94207365,0.2579187222583442,1741095530090782,Balance Token,0.1302316125,BALN,0,4,2025-03-04
cx2609b924e33ef00b648a409245c7ea394c467824,cx9345f80d6c98357ccbb70392b14162199c2c5f66,cxd82fb5d3effecd8c9071a4bba3856ad7222c4b91,0x3eff18252173cb12,0xdf89ea933d4311d8790d3e0942712016ebf8abbc9110aad5c386ac96942123d6,3,94207365,4.539373497166842,1741095530090782,Staked ICX,0.1302316125,sICX,0,4,2025-03-04
cx88fd7df7ddff82f7cc735c871dc519838cb235bb,hx0000000000000000000000000000000000000000,cx5faae53c4dbd1fbe4a2eb4aab6565030f10da5c6,0x0,0xdf89ea933d4311d8790d3e0942712016ebf8abbc9110aad5c386ac96942123d6,2,94207365,0.0,1741095530090782,Balanced Dollar,0.1302316125,bnUSD,0,4,2025-03-04
cx88fd7df7ddff82f7cc735c871dc519838cb235bb,hx0000000000000000000000000000000000000000,cxd82fb5d3effecd8c9071a4bba3856ad7222c4b91,0xa16900293025455,0xdf89ea933d4311d8790d3e0942712016ebf8abbc9110aad5c386ac96942123d6,1,94207365,0.7269267305976516,1741095530090782,Balanced Dollar,0.1302316125,bnUSD,0,4,2025-03-04
cx88fd7df7ddff82f7cc735c871dc519838cb235bb,hxd75467e3e4ce64e3424c747dfb71503017440433,cxd82fb5d3effecd8c9071a4bba3856ad7222c4b91,0x7eaa79ec726f300000,0xdf89ea933d4311d8790d3e0942712016ebf8abbc9110aad5c386ac96942123d6,0,94207365,2336.573862722269,1741095530090782,Balanced Dollar,0.1302316125,bnUSD,0,4,2025-03-04
cxf14dea1cff7ceb29a46e6d04533a08f84441e41d,hx891d1d00f371272c0d2f735d58acd435ffef9e62,hxc0a2c4b422657ff499640f07606b1516e9935b9b,0x594e1426ec89f8,0xe89714ec0ea26a0604a7d7501231e57260984af0d9daee24657d58fdf090aebf,0,94207365,0.025137121386596857,1741095530090782,Blobble Stake Token,0.0040204125,BST,0,3,2025-03-04
cx07b184a37f03c6ab681fcbd0b45aec6dc3eafbeb,cx21e94c08c03daee80c25d8ee3ea22a20786ec231,hx4dc7903504bb800a462378348a42f53742759e0b,0x466ded07accc8,0x4386f16caf41272362df0de6ba2575d67276a007d2b4dd10e9a63b274f332012,12,94207365,0.001239007073324232,1741095530090782,Bitcoin,0.2288909125,BTC,0,2,2025-03-04
cx88fd7df7ddff82f7cc735c871dc519838cb235bb,cxa0af3165c08318e988cb30993b3048335b94af6c,cx5faae53c4dbd1fbe4a2eb4aab6565030f10da5c6,0x22a1066549f64f5,0x4386f16caf41272362df0de6ba2575d67276a007d2b4dd10e9a63b274f332012,10,94207365,0.15595516879014423,1741095530090782,Balanced Dollar,0.2288909125,bnUSD,0,2,2025-03-04
cx07b184a37f03c6ab681fcbd0b45aec6dc3eafbeb,cxa0af3165c08318e988cb30993b3048335b94af6c,cx21e94c08c03daee80c25d8ee3ea22a20786ec231,0x466ded07accc8,0x4386f16caf41272362df0de6ba2575d67276a007d2b4dd10e9a63b274f332012,9,94207365,0.001239007073324232,1741095530090782,Bitcoin,0.2288909125,BTC,0,2,2025-03-04
cx88fd7df7ddff82f7cc735c871dc519838cb235bb,cx21e94c08c03daee80c25d8ee3ea22a20786ec231,cxa0af3165c08318e988cb30993b3048335b94af6c,0x5a2e00a7c5f16e944,0x4386f16caf41272362df0de6ba2575d67276a007d2b4dd10e9a63b274f332012,8,94207365,103.97011252676283,1741095530090782,Balanced Dollar,0.2288909125,bnUSD,0,2,2025-03-04
cx88fd7df7ddff82f7cc735c871dc519838cb235bb,cxa0af3165c08318e988cb30993b3048335b94af6c,cx5faae53c4dbd1fbe4a2eb4aab6565030f10da5c6,0x22ba9d201a634db,0x4386f16caf41272362df0de6ba2575d67276a007d2b4dd10e9a63b274f332012,6,94207365,0.1564053315103101,1741095530090782,Balanced Dollar,0.2288909125,bnUSD,0,2,2025-03-04
cx88fd7df7ddff82f7cc735c871dc519838cb235bb,cxa0af3165c08318e988cb30993b3048335b94af6c,cx21e94c08c03daee80c25d8ee3ea22a20786ec231,0x5a2e00a7c5f16e944,0x4386f16caf41272362df0de6ba2575d67276a007d2b4dd10e9a63b274f332012,5,94207365,103.97011252676283,1741095530090782,Balanced Dollar,0.2288909125,bnUSD,0,2,2025-03-04
cx2609b924e33ef00b648a409245c7ea394c467824,cx21e94c08c03daee80c25d8ee3ea22a20786ec231,cxa0af3165c08318e988cb30993b3048335b94af6c,0x2884fcce93419c59e7,0x4386f16caf41272362df0de6ba2575d67276a007d2b4dd10e9a63b274f332012,4,94207365,747.452524187376,1741095530090782,Staked ICX,0.2288909125,sICX,0,2,2025-03-04
cx2609b924e33ef00b648a409245c7ea394c467824,hx0000000000000000000000000000000000000000,cx21e94c08c03daee80c25d8ee3ea22a20786ec231,0x2884fcce93419c59e7,0x4386f16caf41272362df0de6ba2575d67276a007d2b4dd10e9a63b274f332012,2,94207365,747.452524187376,1741095530090782,Staked ICX,0.2288909125,sICX,0,2,2025-03-04
cx88fd7df7ddff82f7cc735c871dc519838cb235bb,cx21e94c08c03daee80c25d8ee3ea22a20786ec231,hx4dc7903504bb800a462378348a42f53742759e0b,0x5a33a3ff01be9e4fb,0x66a009f3807bc50de85b7ff064293df0e4b4d3105c9346b134401ee608aef04c,8,94207365,103.99550404587224,1741095530090782,Balanced Dollar,0.1713524,bnUSD,0,1,2025-03-04
cx88fd7df7ddff82f7cc735c871dc519838cb235bb,cxa0af3165c08318e988cb30993b3048335b94af6c,cx5faae53c4dbd1fbe4a2eb4aab6565030f10da5c6,0x22bcc8ef1fe6d73,0x66a009f3807bc50de85b7ff064293df0e4b4d3105c9346b134401ee608aef04c,6,94207365,0.15644352639181963,1741095530090782,Balanced Dollar,0.1713524,bnUSD,0,1,2025-03-04
cx88fd7df7ddff82f7cc735c871dc519838cb235bb,cxa0af3165c08318e988cb30993b3048335b94af6c,cx21e94c08c03daee80c25d8ee3ea22a20786ec231,0x5a33a3ff01be9e4fb,0x66a009f3807bc50de85b7ff064293df0e4b4d3105c9346b134401ee608aef04c,5,94207365,103.99550404587224,1741095530090782,Balanced Dollar,0.1713524,bnUSD,0,1,2025-03-04
cx2609b924e33ef00b648a409245c7ea394c467824,cx21e94c08c03daee80c25d8ee3ea22a20786ec231,cxa0af3165c08318e988cb30993b3048335b94af6c,0x2884fcce93419c59e7,0x66a009f3807bc50de85b7ff064293df0e4b4d3105c9346b134401ee608aef04c,4,94207365,747.452524187376,1741095530090782,Staked ICX,0.1713524,sICX,0,1,2025-03-04
cx2609b924e33ef00b648a409245c7ea394c467824,hx0000000000000000000000000000000000000000,cx21e94c08c03daee80c25d8ee3ea22a20786ec231,0x2884fcce93419c59e7,0x66a009f3807bc50de85b7ff064293df0e4b4d3105c9346b134401ee608aef04c,2,94207365,747.452524187376,1741095530090782,Staked ICX,0.1713524,sICX,0,1,2025-03-04
cxf14dea1cff7ceb29a46e6d04533a08f84441e41d,hx891d1d00f371272c0d2f735d58acd435ffef9e62,hx53bd3ba841728a31952ba8fe36ed060afbd4945d,0x733b74d762c289,0x97c0c999a5b707a8a8cf10489320deeab3838c24c1ce5273aad0ab284dcdf616,0,94207363,0.03243499533754433,1741095526073938,Blobble Stake Token,0.004021725,BST,0,1,2025-03-04
cxf14dea1cff7ceb29a46e6d04533a08f84441e41d,hx891d1d00f371272c0d2f735d58acd435ffef9e62,hx81d4f834b91569b43cde903ec241eb1fce64a171,0x8032252f9ddecf,0xbc051b95bb5a7b8eea90f1d1d88a72b9a937e0d0691b6e7dee89c49fcb555cea,0,94207361,0.03608393231301806,1741095522075324,Blobble Stake Token,0.0040216625,BST,0,5,2025-03-04
cx88fd7df7ddff82f7cc735c871dc519838cb235bb,cxa0af3165c08318e988cb30993b3048335b94af6c,hx4dc7903504bb800a462378348a42f53742759e0b,0x469211841621282,0x7f3db4962a883c7854c158e46212aeeec29caca1da8e3a71003e004a43ff2ee0,3,94207361,0.3178216367662086,1741095522075324,Balanced Dollar,0.0347539,bnUSD,0,3,2025-03-04
cx07b184a37f03c6ab681fcbd0b45aec6dc3eafbeb,hx4dc7903504bb800a462378348a42f53742759e0b,cxa0af3165c08318e988cb30993b3048335b94af6c,0x46747a656cd63,0xe28be07de9504e3dddb52b162c744b789809380f1bb6b299ccaf86f9f102a9e1,0,94207361,0.001239457337888099,1741095522075324,Bitcoin,0.0215962625,BTC,0,2,2025-03-04
cx88fd7df7ddff82f7cc735c871dc519838cb235bb,hx4dc7903504bb800a462378348a42f53742759e0b,cxa0af3165c08318e988cb30993b3048335b94af6c,0x5a335f172f2e5c000,0x37fd57edffcd4409e89143ebd4da7e1c6074ec3f08a7919b1590ed856aa18d43,0,94207361,103.99429184649938,1741095522075324,Balanced Dollar,0.02221895,bnUSD,0,1,2025-03-04
cxf14dea1cff7ceb29a46e6d04533a08f84441e41d,hx891d1d00f371272c0d2f735d58acd435ffef9e62,hxb946c680221e6ff41de8a2b62fd810315ce65fb9,0x4975e7494ef59e,0x4dd8c05dda15350254bd6c8660c83f6ef1dca00ccb744ff2c70684b8cd71fc6c,0,94207359,0.02067730952768451,1741095518036398,Blobble Stake Token,0.0040204125,BST,0,3,2025-03-04
cx07b184a37f03c6ab681fcbd0b45aec6dc3eafbeb,cx21e94c08c03daee80c25d8ee3ea22a20786ec231,hx4dc7903504bb800a462378348a42f53742759e0b,0x467d7e86e5487,0xe149295c6b9aca0d99d80ec3caddcc9bee2563bdfeea6e9200c868f973977123,12,94207359,0.001240076922016903,1741095518036398,Bitcoin,0.2288909125,BTC,0,2,2025-03-04
cx88fd7df7ddff82f7cc735c871dc519838cb235bb,cxa0af3165c08318e988cb30993b3048335b94af6c,cx5faae53c4dbd1fbe4a2eb4aab6565030f10da5c6,0x22a55b159fed148,0xe149295c6b9aca0d99d80ec3caddcc9bee2563bdfeea6e9200c868f973977123,10,94207359,0.15603135730514772,1741095518036398,Balanced Dollar,0.2288909125,bnUSD,0,2,2025-03-04
cx07b184a37f03c6ab681fcbd0b45aec6dc3eafbeb,cxa0af3165c08318e988cb30993b3048335b94af6c,cx21e94c08c03daee80c25d8ee3ea22a20786ec231,0x467d7e86e5487,0xe149295c6b9aca0d99d80ec3caddcc9bee2563bdfeea6e9200c868f973977123,9,94207359,0.001240076922016903,1741095518036398,Bitcoin,0.2288909125,BTC,0,2,2025-03-04
cx88fd7df7ddff82f7cc735c871dc519838cb235bb,cx21e94c08c03daee80c25d8ee3ea22a20786ec231,cxa0af3165c08318e988cb30993b3048335b94af6c,0x5a3947dda5cebae05,0xe149295c6b9aca0d99d80ec3caddcc9bee2563bdfeea6e9200c868f973977123,8,94207359,104.02090487009848,1741095518036398,Balanced Dollar,0.2288909125,bnUSD,0,2,2025-03-04
cx88fd7df7ddff82f7cc735c871dc519838cb235bb,cxa0af3165c08318e988cb30993b3048335b94af6c,cx5faae53c4dbd1fbe4a2eb4aab6565030f10da5c6,0x22bef4f24948151,0xe149295c6b9aca0d99d80ec3caddcc9bee2563bdfeea6e9200c868f973977123,6,94207359,0.15648173526958115,1741095518036398,Balanced Dollar,0.2288909125,bnUSD,0,2,2025-03-04
cx88fd7df7ddff82f7cc735c871dc519838cb235bb,cxa0af3165c08318e988cb30993b3048335b94af6c,cx21e94c08c03daee80c25d8ee3ea22a20786ec231,0x5a3947dda5cebae05,0xe149295c6b9aca0d99d80ec3caddcc9bee2563bdfeea6e9200c868f973977123,5,94207359,104.02090487009848,1741095518036398,Balanced Dollar,0.2288909125,bnUSD,0,2,2025-03-04
cx2609b924e33ef00b648a409245c7ea394c467824,cx21e94c08c03daee80c25d8ee3ea22a20786ec231,cxa0af3165c08318e988cb30993b3048335b94af6c,0x2884fcce93419c59e7,0xe149295c6b9aca0d99d80ec3caddcc9bee2563bdfeea6e9200c868f973977123,4,94207359,747.452524187376,1741095518036398,Staked ICX,0.2288909125,sICX,0,2,2025-03-04
cx2609b924e33ef00b648a409245c7ea394c467824,hx0000000000000000000000000000000000000000,cx21e94c08c03daee80c25d8ee3ea22a20786ec231,0x2884fcce93419c59e7,0xe149295c6b9aca0d99d80ec3caddcc9bee2563bdfeea6e9200c868f973977123,2,94207359,747.452524187376,1741095518036398,Staked ICX,0.2288909125,sICX,0,2,2025-03-04
cx88fd7df7ddff82f7cc735c871dc519838cb235bb,cx21e94c08c03daee80c25d8ee3ea22a20786ec231,hx4dc7903504bb800a462378348a42f53742759e0b,0x5a3eec43c312e25c2,0x59a395ad5436e157b83613aabc2362701e1a0aa62b34d42ad2ec922a151f7cb8,8,94207359,104.04631500398933,1741095518036398,Balanced Dollar,0.1713524,bnUSD,0,1,2025-03-04
cx88fd7df7ddff82f7cc735c871dc519838cb235bb,cxa0af3165c08318e988cb30993b3048335b94af6c,cx5faae53c4dbd1fbe4a2eb4aab6565030f10da5c6,0x22c121299d0cfb7,0x59a395ad5436e157b83613aabc2362701e1a0aa62b34d42ad2ec922a151f7cb8,6,94207359,0.15651995815043473,1741095518036398,Balanced Dollar,0.1713524,bnUSD,0,1,2025-03-04
cx88fd7df7ddff82f7cc735c871dc519838cb235bb,cxa0af3165c08318e988cb30993b3048335b94af6c,cx21e94c08c03daee80c25d8ee3ea22a20786ec231,0x5a3eec43c312e25c2,0x59a395ad5436e157b83613aabc2362701e1a0aa62b34d42ad2ec922a151f7cb8,5,94207359,104.04631500398933,1741095518036398,Balanced Dollar,0.1713524,bnUSD,0,1,2025-03-04
cx2609b924e33ef00b648a409245c7ea394c467824,cx21e94c08c03daee80c25d8ee3ea22a20786ec231,cxa0af3165c08318e988cb30993b3048335b94af6c,0x2884fcce93419c59e7,0x59a395ad5436e157b83613aabc2362701e1a0aa62b34d42ad2ec922a151f7cb8,4,94207359,747.452524187376,1741095518036398,Staked ICX,0.1713524,sICX,0,1,2025-03-04
cx2609b924e33ef00b648a409245c7ea394c467824,hx0000000000000000000000000000000000000000,cx21e94c08c03daee80c25d8ee3ea22a20786ec231,0x2884fcce93419c59e7,0x59a395ad5436e157b83613aabc2362701e1a0aa62b34d42ad2ec922a151f7cb8,2,94207359,747.452524187376,1741095518036398,Staked ICX,0.1713524,sICX,0,1,2025-03-04
cxf14dea1cff7ceb29a46e6d04533a08f84441e41d,hx891d1d00f371272c0d2f735d58acd435ffef9e62,hx62207d1640bf8e1fefe9bcfe64366cbbd7ce3330,0x399dba6bb16144,0x02a0571f2a97460e5f5d01b2f85b3822ecdd35ce4df83c8e41b235e4db5ce3b0,0,94207357,0.016217497668772164,1741095514086729,Blobble Stake Token,0.0040204125,BST,0,1,2025-03-04
cxf14dea1cff7ceb29a46e6d04533a08f84441e41d,hx891d1d00f371272c0d2f735d58acd435ffef9e62,hx81d4f834b91569b43cde903ec241eb1fce64a171,0x7bdfea678a2ab8,0x32b053d3f8e075e69438afa96a17e7805fbe3bc47487bf318b57ff8904159c95,0,94207355,0.03486761998786015,1741095510142103,Blobble Stake Token,0.0040204125,BST,0,1,2025-03-04
cxf14dea1cff7ceb29a46e6d04533a08f84441e41d,hx891d1d00f371272c0d2f735d58acd435ffef9e62,hx18cbff68c05b85c9aa7ad144ad36d7118ab4549b,0xcf6b0583b1c49,0xa6294fa25a95ee4ff341addb582e1411c4ebb62345f37f99146128a6c23a727e,0,94207353,0.003648936975473737,1741095506089642,Blobble Stake Token,0.004019225,BST,0,1,2025-03-04
cxf14dea1cff7ceb29a46e6d04533a08f84441e41d,hx891d1d00f371272c0d2f735d58acd435ffef9e62,hx6e26bb673c4af3bb347d1023ec2f460f3f79fcbf,0x16538509bb227e,0xf284d42ac86642e7635cdeedbad32744d4b944ac449d8da70c9646211dd2f25f,0,94207351,0.006284280346649214,1741095502050014,Blobble Stake Token,0.0040204125,BST,0,1,2025-03-04
cxf14dea1cff7ceb29a46e6d04533a08f84441e41d,hx891d1d00f371272c0d2f735d58acd435ffef9e62,hx8107ca0ebc0e7eb23b58e5d77f589bbe70ad4cb0,0x6c07bd89ec9661,0x85822df56ced4008eeee598277e96a0d2fa91261343b391b1928177fcee6cc42,0,94207349,0.03040780812894781,1741095498026870,Blobble Stake Token,0.004021725,BST,0,1,2025-03-04
cxf14dea1cff7ceb29a46e6d04533a08f84441e41d,hx891d1d00f371272c0d2f735d58acd435ffef9e62,hx9092a3fc19763f078f069b5406c4433f37b7ea56,0x761cf15cc53a98,0xef8a281e7008ed7443f7ca7c84cc2bca189db5245dfe7de82d64c389de7970b5,0,94207347,0.03324587022098294,1741095494160854,Blobble Stake Token,0.0040204125,BST,0,1,2025-03-04
cxf14dea1cff7ceb29a46e6d04533a08f84441e41d,hx891d1d00f371272c0d2f735d58acd435ffef9e62,hx691d9ca4e15022f8f629d5c2166a84c494b2decb,0x8affb823cf210e,0x8ade1d7e7f8a6573dee4134040f4c33358cd5afeaafb67a5f4e7f1139f2eafb2,0,94207345,0.03912471312591285,1741095490058779,Blobble Stake Token,0.004022975,BST,0,1,2025-03-04
cxf14dea1cff7ceb29a46e6d04533a08f84441e41d,hx891d1d00f371272c0d2f735d58acd435ffef9e62,hx6e26bb673c4af3bb347d1023ec2f460f3f79fcbf,0x1b5e1ef3277499,0xc55548591ff2f3b1130bc18aa850e3e13d2dc98457399c226fa6e5a9e05c202d,0,94207343,0.007703311392666777,1741095486070025,Blobble Stake Token,0.0040204125,BST,0,1,2025-03-04
cxf14dea1cff7ceb29a46e6d04533a08f84441e41d,hx891d1d00f371272c0d2f735d58acd435ffef9e62,hx6e26bb673c4af3bb347d1023ec2f460f3f79fcbf,0x1ccedd35d8b0a2,0x430a578f2b7011dfd64d56867a645289f53aead96139007614b556974814476a,0,94207341,0.008108748834386082,1741095482084340,Blobble Stake Token,0.0040204125,BST,0,1,2025-03-04
cxf14dea1cff7ceb29a46e6d04533a08f84441e41d,hx891d1d00f371272c0d2f735d58acd435ffef9e62,hx6e26bb673c4af3bb347d1023ec2f460f3f79fcbf,0x2068b8dc93c6b5,0xafdace41dd17cd8578efe208669b3d689e3a5f05259a18f575446b436738240e,0,94207339,0.009122342438684341,1741095478104650,Blobble Stake Token,0.0040204125,BST,0,1,2025-03-04
cxf14dea1cff7ceb29a46e6d04533a08f84441e41d,hx891d1d00f371272c0d2f735d58acd435ffef9e62,hx6e26bb673c4af3bb347d1023ec2f460f3f79fcbf,0x212117fdec64bb,0x19a3f59620cc79de5b02ec15e5adfaace81e16105d5cd84b95624a9b25187e68,0,94207337,0.009325061159543995,1741095474097749,Blobble Stake Token,0.0040204125,BST,0,1,2025-03-04
cxf14dea1cff7ceb29a46e6d04533a08f84441e41d,hx891d1d00f371272c0d2f735d58acd435ffef9e62,hx759f4e13974fedf34fade0d45640c286a963471b,0x4dc8221162a9b9,0x16bc923dc9ffabf83dcf95d98dbc02c7467f9392761355ec62f9bdb5741e3d1a,0,94207335,0.021893621852842424,1741095470067561,Blobble Stake Token,0.0040204125,BST,0,1,2025-03-04
cxf14dea1cff7ceb29a46e6d04533a08f84441e41d,hx891d1d00f371272c0d2f735d58acd435ffef9e62,hx55a661af5af91ccf9ee99f768eb445db1979d69b,0x521a5cd9765dcd,0xad5f11ea56501a543448bc1e404914561fb953fc07767b45eefda65be28b8c9f,0,94207333,0.023109934178000332,1741095466035165,Blobble Stake Token,0.004021725,BST,0,1,2025-03-04
cxf14dea1cff7ceb29a46e6d04533a08f84441e41d,hx891d1d00f371272c0d2f735d58acd435ffef9e62,hx9092a3fc19763f078f069b5406c4433f37b7ea56,0x7a6f2c24d8eeb0,0x0746edd4d37ad50f045c12c28ba33acfda749fc5348e946b34bd7053c3147bcb,0,94207331,0.03446218254614085,1741095462061315,Blobble Stake Token,0.0040204125,BST,0,1,2025-03-04
cxf14dea1cff7ceb29a46e6d04533a08f84441e41d,hx891d1d00f371272c0d2f735d58acd435ffef9e62,hx9092a3fc19763f078f069b5406c4433f37b7ea56,0x90c2b12e94112d,0x60c7e464a8da61701e0b09d50695d48384ed000bce994e4b05701486072b13ec,0,94207329,0.04074646289279006,1741095458058897,Blobble Stake Token,0.0040216625,BST,0,1,2025-03-04
cxf14dea1cff7ceb29a46e6d04533a08f84441e41d,hx891d1d00f371272c0d2f735d58acd435ffef9e62,hx184860bb6e243b19ae2b5f6cb0227b614052369a,0x2e17c85627810,0xac9197692109989ac282ff1d43c13240080b43d14170db17305a78ec46472104,0,94207327,0.000810874883438608,1741095454037194,Blobble Stake Token,0.004019225,BST,0,1,2025-03-04
cxf14dea1cff7ceb29a46e6d04533a08f84441e41d,hx891d1d00f371272c0d2f735d58acd435ffef9e62,hx6e26bb673c4af3bb347d1023ec2f460f3f79fcbf,0xdaf0f7993ba4c,0x3c0b32eb6915810b438e93b145e84173936efd2144fcb9db31e31af87b2fb877,0,94207325,0.003851655696333388,1741095450209985,Blobble Stake Token,0.0040179125,BST,0,1,2025-03-04
cxf14dea1cff7ceb29a46e6d04533a08f84441e41d,hx891d1d00f371272c0d2f735d58acd435ffef9e62,hx6e26bb673c4af3bb347d1023ec2f460f3f79fcbf,0x2ca70a137644fc,0x2eed965c9d0885cccc66b607a2564e2ff58db027269518cd9dee6464bb38fc31,0,94207323,0.012568560693298429,1741095446036047,Blobble Stake Token,0.0040204125,BST,0,1,2025-03-04
cxf14dea1cff7ceb29a46e6d04533a08f84441e41d,hx891d1d00f371272c0d2f735d58acd435ffef9e62,hx53bd3ba841728a31952ba8fe36ed060afbd4945d,0x6ee93a0f4f0e71,0xed4680d6ac563f9798523fb82b61ba005611fc3f25610eb151e9896892d28b14,0,94207321,0.031218683012386415,1741095442077458,Blobble Stake Token,0.004021725,BST,0,1,2025-03-04
cxf14dea1cff7ceb29a46e6d04533a08f84441e41d,hx891d1d00f371272c0d2f735d58acd435ffef9e62,hx6e26bb673c4af3bb347d1023ec2f460f3f79fcbf,0x4b9f04ad58cfaa,0xc1c4a6d05067d5db6c8cabf194677250509360622172ecf02971ea6551dfbe3b,0,94207319,0.021285465690263464,1741095438115786,Blobble Stake Token,0.0040204125,BST,0,1,2025-03-04
cxf14dea1cff7ceb29a46e6d04533a08f84441e41d,hx891d1d00f371272c0d2f735d58acd435ffef9e62,hxab5df692abc89645d517619ec2324e659f810f46,0x26e41108b154dc,0xe0423f5691119bab79aaf34fdca1f695becf3b509a81b19eff7113b57c1c8d93,0,94207317,0.010946810926421212,1741095434123273,Blobble Stake Token,0.0040204125,BST,0,1,2025-03-04
cxf14dea1cff7ceb29a46e6d04533a08f84441e41d,hx891d1d00f371272c0d2f735d58acd435ffef9e62,hxc470b44679cadcad6ec05d3b8e701292274cb5d7,0x2f888698d8bd0b,0x2f368a7776a93e480505ea274abfcb9639c2ca0b19c548647c0f8bcdf12799d4,0,94207315,0.013379435576737035,1741095430051415,Blobble Stake Token,0.0040204125,BST,0,1,2025-03-04
cxf14dea1cff7ceb29a46e6d04533a08f84441e41d,hx891d1d00f371272c0d2f735d58acd435ffef9e62,hx184860bb6e243b19ae2b5f6cb0227b614052369a,0x92ebce929deb3c,0x91c4abfa13b3c870b5f1b99c7bc576e631f68dcfca5f23150d6863365b9aaae4,0,94207313,0.04135461905536902,1741095426054875,Blobble Stake Token,0.004022975,BST,0,1,2025-03-04
cxf14dea1cff7ceb29a46e6d04533a08f84441e41d,hx891d1d00f371272c0d2f735d58acd435ffef9e62,hxab5df692abc89645d517619ec2324e659f810f46,0x257352c60018d3,0xf38252c0d9b8bc53d846e564e0622029fb5017dedb97587fa321abf5ae56a015,0,94207311,0.010541373484701907,1741095422044014,Blobble Stake Token,0.0040204125,BST,0,2,2025-03-04
cx88fd7df7ddff82f7cc735c871dc519838cb235bb,hx873ceaf39d9d3b1d0363c6a8f7a8bdcf1294c916,hx0000000000000000000000000000000000000000,0xd8fab6a52bacf7946,0x3e0c0e5799af336fa177024a708e9c3e58eacb56e71d3ebec31e4ec9f98e77f9,0,94207311,250.1601580302194,1741095422044014,Balanced Dollar,0.06045405,bnUSD,0,1,2025-03-04
cxf14dea1cff7ceb29a46e6d04533a08f84441e41d,hx891d1d00f371272c0d2f735d58acd435ffef9e62,hxf270f35cbdacd1964e1a8366b65cd508a2ff105c,0x40d171b9278d6b,0x60f66cb8747ed0848ccf40fdca2cf33314e2af72da0c80850a40943bc5681dae,0,94207309,0.018244684877368682,1741095418015509,Blobble Stake Token,0.0040204125,BST,0,1,2025-03-04
cxf14dea1cff7ceb29a46e6d04533a08f84441e41d,hx891d1d00f371272c0d2f735d58acd435ffef9e62,hx7ce6b7b82843388bf0b4e1bd826f68a3afd8ab1f,0x6081cb7462b623,0xb3d90dda3a0dc5ebb8c2978eba7a594446c3c42697a34fac4842b53986dde7ce,0,94207307,0.02716430859519338,1741095414062296,Blobble Stake Token,0.0040204125,BST,0,1,2025-03-04
cxf14dea1cff7ceb29a46e6d04533a08f84441e41d,hx891d1d00f371272c0d2f735d58acd435ffef9e62,hx8107ca0ebc0e7eb23b58e5d77f589bbe70ad4cb0,0x692641048a1e52,0x7b61cb1cf29797ea59facfe91b468df5c0a6f5cd6d7e4dbc57033c53bee8a967,0,94207305,0.029596933245509202,1741095410081571,Blobble Stake Token,0.004021725,BST,0,1,2025-03-04
cxf14dea1cff7ceb29a46e6d04533a08f84441e41d,hx891d1d00f371272c0d2f735d58acd435ffef9e62,hx691d9ca4e15022f8f629d5c2166a84c494b2decb,0x825b4293a7b8df,0x50392517c3d190c08fdec22b684468b84eb346ebb9f8b5f6460701364e642798,0,94207303,0.036692088475597025,1741095406075126,Blobble Stake Token,0.004022975,BST,0,1,2025-03-04
cxf14dea1cff7ceb29a46e6d04533a08f84441e41d,hx891d1d00f371272c0d2f735d58acd435ffef9e62,hxc470b44679cadcad6ec05d3b8e701292274cb5d7,0x5ce7efcda7a00b,0xc2af70c83dff877cb5c9d305441effd4a1373d9a395bc4afc1486d930470dfcf,0,94207301,0.026150714990895114,1741095402031183,Blobble Stake Token,0.0040204125,BST,0,2,2025-03-04
cx88fd7df7ddff82f7cc735c871dc519838cb235bb,cxa0af3165c08318e988cb30993b3048335b94af6c,cx5faae53c4dbd1fbe4a2eb4aab6565030f10da5c6,0xd88b80fd36a7eb,0xeea482d92560674a57b01f77610b3270038e5618ef465b12c960f3827d500f6e,2,94207301,0.06095198108979403,1741095402031183,Balanced Dollar,0.04736945,bnUSD,0,1,2025-03-04
cx88fd7df7ddff82f7cc735c871dc519838cb235bb,cxa0af3165c08318e988cb30993b3048335b94af6c,hxd75467e3e4ce64e3424c747dfb71503017440433,0x2326064661af7a8b8,0xeea482d92560674a57b01f77610b3270038e5618ef465b12c960f3827d500f6e,1,94207301,40.5234998367816,1741095402031183,Balanced Dollar,0.04736945,bnUSD,0,1,2025-03-04
cx65c9e3d4fea842e00add0d32a5b4c5e4e04c7a6b,hxd75467e3e4ce64e3424c747dfb71503017440433,cxa0af3165c08318e988cb30993b3048335b94af6c,0x11e1a300,0xeea482d92560674a57b01f77610b3270038e5618ef465b12c960f3827d500f6e,0,94207301,0.3,1741095402031183,Solana,0.04736945,SOL,0,1,2025-03-04
cxf14dea1cff7ceb29a46e6d04533a08f84441e41d,hx891d1d00f371272c0d2f735d58acd435ffef9e62,hx6e26bb673c4af3bb347d1023ec2f460f3f79fcbf,0xb85f21589e04,0x56ac04c2da8b74f9994e38f8d1901cbdfb33797ffb9d9f3556bc53f085608147,0,94207299,0.000202718720859652,1741095398000895,Blobble Stake Token,0.0040154125,BST,0,1,2025-03-04
cx88fd7df7ddff82f7cc735c871dc519838cb235bb,cxa0af3165c08318e988cb30993b3048335b94af6c,cx5faae53c4dbd1fbe4a2eb4aab6565030f10da5c6,0xe4d1c7a2949f87,0xad817738cd59538d11ffe53ee6ea318d94cb17536bacc41ead3ef8359632f539,2,94207298,0.06440695004637581,1741095396033363,Balanced Dollar,0.05694565,bnUSD,0,2,2025-03-04
cx88fd7df7ddff82f7cc735c871dc519838cb235bb,cxa0af3165c08318e988cb30993b3048335b94af6c,hxd75467e3e4ce64e3424c747dfb71503017440433,0x2523c71038962e590,0xad817738cd59538d11ffe53ee6ea318d94cb17536bacc41ead3ef8359632f539,1,94207298,42.819223617135634,1741095396033363,Balanced Dollar,0.05694565,bnUSD,0,2,2025-03-04
cx4297f4b63262507623b6ad575d0d8dd2db980e4e,hxd75467e3e4ce64e3424c747dfb71503017440433,cxa0af3165c08318e988cb30993b3048335b94af6c,0x3782dace9d900000,0xad817738cd59538d11ffe53ee6ea318d94cb17536bacc41ead3ef8359632f539,0,94207298,4.0,1741095396033363,Injective,0.05694565,INJ,0,2,2025-03-04
cx88fd7df7ddff82f7cc735c871dc519838cb235bb,cx21e94c08c03daee80c25d8ee3ea22a20786ec231,hx873ceaf39d9d3b1d0363c6a8f7a8bdcf1294c916,0xd8fae654c071993f5,0xcacf0755d3a5f45808d929fcf19d5e754ca180be2781ad539a9b0b37721e6c46,5,94207298,250.16099692880655,1741095396033363,Balanced Dollar,0.110342525,bnUSD,0,1,2025-03-04
cx88fd7df7ddff82f7cc735c871dc519838cb235bb,cxa0af3165c08318e988cb30993b3048335b94af6c,cx5faae53c4dbd1fbe4a2eb4aab6565030f10da5c6,0x538be8443818a36,0xcacf0755d3a5f45808d929fcf19d5e754ca180be2781ad539a9b0b37721e6c46,3,94207298,0.37626004416295994,1741095396033363,Balanced Dollar,0.110342525,bnUSD,0,1,2025-03-04
cx88fd7df7ddff82f7cc735c871dc519838cb235bb,cxa0af3165c08318e988cb30993b3048335b94af6c,cx21e94c08c03daee80c25d8ee3ea22a20786ec231,0xd8fae654c071993f5,0xcacf0755d3a5f45808d929fcf19d5e754ca180be2781ad539a9b0b37721e6c46,2,94207298,250.16099692880655,1741095396033363,Balanced Dollar,0.110342525,bnUSD,0,1,2025-03-04
cx2609b924e33ef00b648a409245c7ea394c467824,cx21e94c08c03daee80c25d8ee3ea22a20786ec231,cxa0af3165c08318e988cb30993b3048335b94af6c,0x6161a4545fcf570f21,0xcacf0755d3a5f45808d929fcf19d5e754ca180be2781ad539a9b0b37721e6c46,1,94207298,1796.3700164381632,1741095396033363,Staked ICX,0.110342525,sICX,0,1,2025-03-04
cx2609b924e33ef00b648a409245c7ea394c467824,hx873ceaf39d9d3b1d0363c6a8f7a8bdcf1294c916,cx21e94c08c03daee80c25d8ee3ea22a20786ec231,0x6161a4545fcf570f21,0xcacf0755d3a5f45808d929fcf19d5e754ca180be2781ad539a9b0b37721e6c46,0,94207298,1796.3700164381632,1741095396033363,Staked ICX,0.110342525,sICX,0,1,2025-03-04
cxf14dea1cff7ceb29a46e6d04533a08f84441e41d,hx891d1d00f371272c0d2f735d58acd435ffef9e62,hx6e26bb673c4af3bb347d1023ec2f460f3f79fcbf,0x10908bfef6325d,0x850e596897a8a6dff07ff67e788b79af5b660cdae4bf90b5a9e38d0eea77eed1,0,94207297,0.004662530579771997,1741095394117023,Blobble Stake Token,0.0040204125,BST,0,1,2025-03-04
cxf14dea1cff7ceb29a46e6d04533a08f84441e41d,hx891d1d00f371272c0d2f735d58acd435ffef9e62,hx970eda4988e547df0de8324226fdf3e8ebc9734f,0x14e2c6c709e677,0x9f024f6316aa6348c49a80b3334a46e6961af6f61aa2a7450b568db20ec4aba2,0,94207295,0.005878842904929911,1741095390041731,Blobble Stake Token,0.0040204125,BST,0,1,2025-03-04
cxf14dea1cff7ceb29a46e6d04533a08f84441e41d,hx891d1d00f371272c0d2f735d58acd435ffef9e62,hx6e26bb673c4af3bb347d1023ec2f460f3f79fcbf,0x1d873c57314ea6,0xf14ccb57c29f8b90633ca9ce15ad09b78e2512ae887a1da0e503b96ddcbdc026,0,94207293,0.008311467555245734,1741095386044710,Blobble Stake Token,0.0040204125,BST,0,1,2025-03-04
cxf14dea1cff7ceb29a46e6d04533a08f84441e41d,hx891d1d00f371272c0d2f735d58acd435ffef9e62,hxab5df692abc89645d517619ec2324e659f810f46,0x262bb1e758b6d7,0x9541513e70926b6366296e16d593d4838df533e7177887693f781ed125340b6d,0,94207291,0.01074409220556156,1741095382051907,Blobble Stake Token,0.0040204125,BST,0,1,2025-03-04
cx88fd7df7ddff82f7cc735c871dc519838cb235bb,hx53796e5b7b4c5c8e5531b2c965f73460a2708db3,hx0000000000000000000000000000000000000000,0xb5306b3ab20ecc0b42,0x8bada4ff6b623d628be28ae9afb1a12d0abceb8ab1db8b4b3189f18cf1ecc072,0,94207290,3342.349624214184,1741095380043919,Balanced Dollar,0.0604686625,bnUSD,0,1,2025-03-04
cx88fd7df7ddff82f7cc735c871dc519838cb235bb,cxa0af3165c08318e988cb30993b3048335b94af6c,cx5faae53c4dbd1fbe4a2eb4aab6565030f10da5c6,0xe4ed52b9ead1be,0xbdfd2b1fba49ca1a90009f9609e0a58acc4dc1c71fcd1698c7c511e35de562e7,2,94207289,0.06443723425230483,1741095378063811,Balanced Dollar,0.05694565,bnUSD,0,2,2025-03-04
cx88fd7df7ddff82f7cc735c871dc519838cb235bb,cxa0af3165c08318e988cb30993b3048335b94af6c,hxd75467e3e4ce64e3424c747dfb71503017440433,0x25283fa9b51b12581,0xbdfd2b1fba49ca1a90009f9609e0a58acc4dc1c71fcd1698c7c511e35de562e7,1,94207289,42.83935962547573,1741095378063811,Balanced Dollar,0.05694565,bnUSD,0,2,2025-03-04
cx4297f4b63262507623b6ad575d0d8dd2db980e4e,hxd75467e3e4ce64e3424c747dfb71503017440433,cxa0af3165c08318e988cb30993b3048335b94af6c,0x3782dace9d900000,0xbdfd2b1fba49ca1a90009f9609e0a58acc4dc1c71fcd1698c7c511e35de562e7,0,94207289,4.0,1741095378063811,Injective,0.05694565,INJ,0,2,2025-03-04
cxf14dea1cff7ceb29a46e6d04533a08f84441e41d,hx891d1d00f371272c0d2f735d58acd435ffef9e62,hxc0a2c4b422657ff499640f07606b1516e9935b9b,0x33dac160ec7125,0x4f1ad42fea22ad2e4794a6b3be5a0ffd18ac15dcf14d0b57103368584c972ab1,0,94207289,0.014595747901894949,1741095378063811,Blobble Stake Token,0.0040204125,BST,0,1,2025-03-04
cxf14dea1cff7ceb29a46e6d04533a08f84441e41d,hx891d1d00f371272c0d2f735d58acd435ffef9e62,hx25ee33bbaf76616b432dfb4b785beb1f92db07c9,0x641ba71b1dcc33,0x6c9cea688af35cd3d85efa2f6ba3030d5b1827eec3988825d656c04ea92b29b0,0,94207287,0.028177902199491636,1741095374030330,Blobble Stake Token,0.0040204125,BST,0,1,2025-03-04
cx66a031cc3bd305c76371fb586e93801b948254f0,hx0000000000000000000000000000000000000000,hxd75467e3e4ce64e3424c747dfb71503017440433,0x2703e7ed1f750bc1e,0xcb21f05008bbfd814f97a2b3150c906ded4bdfd07f7bbfa86b3916d534aaa985,1,94207286,44.98152956848562,1741095372026191,Avalanche,0.0237590375,AVAX,0,1,2025-03-04
cxf14dea1cff7ceb29a46e6d04533a08f84441e41d,hx891d1d00f371272c0d2f735d58acd435ffef9e62,hx970eda4988e547df0de8324226fdf3e8ebc9734f,0xacd92f431423d,0xfb8f0ce92febe8d6b2404dad6f1b06c2332d152716c9da178302cae14a4e7286,0,94207285,0.003040780812894781,1741095370033178,Blobble Stake Token,0.0040179125,BST,0,1,2025-03-04
cx2609b924e33ef00b648a409245c7ea394c467824,cx66d4d90f5f113eba575bf793570135f9b10cece1,hx873ceaf39d9d3b1d0363c6a8f7a8bdcf1294c916,0x6161a4545fcf570f21,0x2b2676fff7ca26a8aad3a90a23d7610a9cd31fad6de298fdbc29c4eb056cf50f,1,94207284,1796.3700164381632,1741095367998500,Staked ICX,0.11007355,sICX,0,2,2025-03-04
cxf14dea1cff7ceb29a46e6d04533a08f84441e41d,hx891d1d00f371272c0d2f735d58acd435ffef9e62,hxbda9ea6ce93b75cc2f3234fe2d3c84fa8083a420,0x187ca26dc4fc89,0x89eef1c9a3bb1d933a3816af440c7798b0efdf5ce24c57d3d91420c2e51c25d1,0,94207283,0.006892436509228169,1741095366003790,Blobble Stake Token,0.0040204125,BST,0,1,2025-03-04
cxf14dea1cff7ceb29a46e6d04533a08f84441e41d,hx891d1d00f371272c0d2f735d58acd435ffef9e62,hxf270f35cbdacd1964e1a8366b65cd508a2ff105c,0x4189d0da802b73,0x9eaf4c5d65a7f7f57b23374042904b8fdfdfc548e12f614e679de658bcf1227e,0,94207281,0.01844740359822834,1741095362031326,Blobble Stake Token,0.0040204125,BST,0,1,2025-03-04
cx88fd7df7ddff82f7cc735c871dc519838cb235bb,cx21e94c08c03daee80c25d8ee3ea22a20786ec231,hx53796e5b7b4c5c8e5531b2c965f73460a2708db3,0xb530811988929f2df2,0xef2f919dd0961f0342a212c3f1560a26eb816b15a242b021e3ca383d3675b948,5,94207280,3342.355780201611,1741095360064020,Balanced Dollar,0.1104024625,bnUSD,0,1,2025-03-04
cx88fd7df7ddff82f7cc735c871dc519838cb235bb,cxa0af3165c08318e988cb30993b3048335b94af6c,cx5faae53c4dbd1fbe4a2eb4aab6565030f10da5c6,0x4583669818ee2894,0xef2f919dd0961f0342a212c3f1560a26eb816b15a242b021e3ca383d3675b948,3,94207280,5.008960014005447,1741095360064020,Balanced Dollar,0.1104024625,bnUSD,0,1,2025-03-04
cx88fd7df7ddff82f7cc735c871dc519838cb235bb,cxa0af3165c08318e988cb30993b3048335b94af6c,cx21e94c08c03daee80c25d8ee3ea22a20786ec231,0xb530811988929f2df2,0xef2f919dd0961f0342a212c3f1560a26eb816b15a242b021e3ca383d3675b948,2,94207280,3342.355780201611,1741095360064020,Balanced Dollar,0.1104024625,bnUSD,0,1,2025-03-04
cx2609b924e33ef00b648a409245c7ea394c467824,cx21e94c08c03daee80c25d8ee3ea22a20786ec231,cxa0af3165c08318e988cb30993b3048335b94af6c,0x50f9f20ec5f7bf00000,0xef2f919dd0961f0342a212c3f1560a26eb816b15a242b021e3ca383d3675b948,1,94207280,23900.0,1741095360064020,Staked ICX,0.1104024625,sICX,0,1,2025-03-04
cx2609b924e33ef00b648a409245c7ea394c467824,hx53796e5b7b4c5c8e5531b2c965f73460a2708db3,cx21e94c08c03daee80c25d8ee3ea22a20786ec231,0x50f9f20ec5f7bf00000,0xef2f919dd0961f0342a212c3f1560a26eb816b15a242b021e3ca383d3675b948,0,94207280,23900.0,1741095360064020,Staked ICX,0.1104024625,sICX,0,1,2025-03-04
cxf14dea1cff7ceb29a46e6d04533a08f84441e41d,hx891d1d00f371272c0d2f735d58acd435ffef9e62,hx81d4f834b91569b43cde903ec241eb1fce64a171,0x54437a3d8037dc,0x4021c6c3466ab20a45fdacd6c538608b9c3ffb46c1db069f949699dff9e2e369,0,94207279,0.02371809034057929,1741095358030995,Blobble Stake Token,0.0040204125,BST,0,2,2025-03-04
cx88fd7df7ddff82f7cc735c871dc519838cb235bb,cxa0af3165c08318e988cb30993b3048335b94af6c,cx5faae53c4dbd1fbe4a2eb4aab6565030f10da5c6,0x14d0beb9d16b3f2,0x693d5b1185b22065fe0b1e8d0de24d05978c360ee64db6baf8a3f08209c2d777,2,94207279,0.09374427382537931,1741095358030995,Balanced Dollar,0.0569765875,bnUSD,0,1,2025-03-04
cx88fd7df7ddff82f7cc735c871dc519838cb235bb,cxa0af3165c08318e988cb30993b3048335b94af6c,hxd75467e3e4ce64e3424c747dfb71503017440433,0x360d43a339042ca53,0x693d5b1185b22065fe0b1e8d0de24d05978c360ee64db6baf8a3f08209c2d777,1,94207279,62.31749793697043,1741095358030995,Balanced Dollar,0.0569765875,bnUSD,0,1,2025-03-04
cx288d13e1b63563459a2ac6179f237711f6851cb5,hxd75467e3e4ce64e3424c747dfb71503017440433,cxa0af3165c08318e988cb30993b3048335b94af6c,0x6a94d74f430000,0x693d5b1185b22065fe0b1e8d0de24d05978c360ee64db6baf8a3f08209c2d777,0,94207279,0.03,1741095358030995,Ethereum,0.0569765875,ETH,0,1,2025-03-04
cxf14dea1cff7ceb29a46e6d04533a08f84441e41d,hx891d1d00f371272c0d2f735d58acd435ffef9e62,hx6e26bb673c4af3bb347d1023ec2f460f3f79fcbf,0x5fc96c530a181b,0x0dad5838d7459a5074ffcb8b31922f4a98ab7f17dbffae8722032ed279cd5a1a,0,94207277,0.026961589874333725,1741095354007118,Blobble Stake Token,0.0040204125,BST,0,1,2025-03-04
cxf14dea1cff7ceb29a46e6d04533a08f84441e41d,hx891d1d00f371272c0d2f735d58acd435ffef9e62,hx9092a3fc19763f078f069b5406c4433f37b7ea56,0x8765dc7d140afe,0xac01b47d9a07f83b7b8dc7b2a61367b0d48377ca85b47558bb21d3ffe5474bb7,0,94207275,0.03811111952161459,1741095350192155,Blobble Stake Token,0.0040216625,BST,0,1,2025-03-04
cxf14dea1cff7ceb29a46e6d04533a08f84441e41d,hx891d1d00f371272c0d2f735d58acd435ffef9e62,hx184860bb6e243b19ae2b5f6cb0227b614052369a,0x36bc3de64ee933,0x7d4022d39dfc866968bc5e7e8907479ab2c6eff0cbbf0218801605cb5692c32b,0,94207273,0.015406622785333555,1741095346016404,Blobble Stake Token,0.004021725,BST,0,1,2025-03-04
cx88fd7df7ddff82f7cc735c871dc519838cb235bb,cxa0af3165c08318e988cb30993b3048335b94af6c,cx5faae53c4dbd1fbe4a2eb4aab6565030f10da5c6,0xe508e2caff3f39,0xdb86c2ed32651541f8521a0b4b0a15c08bfb327dc5d307cd20954ff3ac276f23,2,94207272,0.06446753982809683,1741095344092822,Balanced Dollar,0.05694565,bnUSD,0,1,2025-03-04
cx88fd7df7ddff82f7cc735c871dc519838cb235bb,cxa0af3165c08318e988cb30993b3048335b94af6c,hxd75467e3e4ce64e3424c747dfb71503017440433,0x252cb911fbf358f38,0xdb86c2ed32651541f8521a0b4b0a15c08bfb327dc5d307cd20954ff3ac276f23,1,94207272,42.85950984433943,1741095344092822,Balanced Dollar,0.05694565,bnUSD,0,1,2025-03-04
cx4297f4b63262507623b6ad575d0d8dd2db980e4e,hxd75467e3e4ce64e3424c747dfb71503017440433,cxa0af3165c08318e988cb30993b3048335b94af6c,0x3782dace9d900000,0xdb86c2ed32651541f8521a0b4b0a15c08bfb327dc5d307cd20954ff3ac276f23,0,94207272,4.0,1741095344092822,Injective,0.05694565,INJ,0,1,2025-03-04
cxf14dea1cff7ceb29a46e6d04533a08f84441e41d,hx891d1d00f371272c0d2f735d58acd435ffef9e62,hxf270f35cbdacd1964e1a8366b65cd508a2ff105c,0x4523ac813b4186,0x8c5c2dce3813bf64e2228e2669167b7f56586939f25eb472f742ff7fcd24995c,0,94207271,0.019460997202526597,1741095342050052,Blobble Stake Token,0.0040204125,BST,0,2,2025-03-04
cxf14dea1cff7ceb29a46e6d04533a08f84441e41d,hx891d1d00f371272c0d2f735d58acd435ffef9e62,hx62207d1640bf8e1fefe9bcfe64366cbbd7ce3330,0x62aae8d86c9027,0x313f56910cffd4d92249db5300fb53d99581710600c5b513f659af12d900eead,0,94207269,0.027772464757772328,1741095338069465,Blobble Stake Token,0.0040204125,BST,0,1,2025-03-04
cx65c9e3d4fea842e00add0d32a5b4c5e4e04c7a6b,hx0000000000000000000000000000000000000000,hxd75467e3e4ce64e3424c747dfb71503017440433,0xb263b18a,0xda9effb715239e22dfe74f66c0e08f89ffcee6dddc48622d252c848809490e31,1,94207268,2.992877962,1741095336020465,Solana,0.022660075,SOL,0,1,2025-03-04
cxf14dea1cff7ceb29a46e6d04533a08f84441e41d,hx891d1d00f371272c0d2f735d58acd435ffef9e62,hx6e26bb673c4af3bb347d1023ec2f460f3f79fcbf,0x69dea025e2bc56,0xecc7e7b71fb3018a07cc7f1273368c6044c4e73a2a456ec0db946839935b941b,0,94207267,0.029799651966368853,1741095334093295,Blobble Stake Token,0.0040204125,BST,0,1,2025-03-04
cxf14dea1cff7ceb29a46e6d04533a08f84441e41d,hx891d1d00f371272c0d2f735d58acd435ffef9e62,hx6e26bb673c4af3bb347d1023ec2f460f3f79fcbf,0x6b4f5e6893f861,0x231452d481f0f53609919d8af3bb97635616f94e887c4a6bb5be112c19216921,0,94207265,0.03020508940808816,1741095330001162,Blobble Stake Token,0.0040204125,BST,0,2,2025-03-04
cxf14dea1cff7ceb29a46e6d04533a08f84441e41d,hx891d1d00f371272c0d2f735d58acd435ffef9e62,hx9092a3fc19763f078f069b5406c4433f37b7ea56,0x7c984988e2c8bf,0x2f0bf993a6e263ff8351e272da11229a87c9081b4ae73b866654b84a08541fda,0,94207263,0.035070338708719805,1741095326005372,Blobble Stake Token,0.0040204125,BST,0,4,2025-03-04
cxd17316e24ee40f2ef8ed6f3a497311db1b35206d,hx8026678e3d08ba3203ce6161ee8e9e3b9793491f,hx8026678e3d08ba3203ce6161ee8e9e3b9793491f,0x0,0xd49a0f4d11e54825128b8b6bbd164758f5f2d67c722edce955f9717713a306fb,5,94207262,0.0,1741095324008736,unknown_token,0.0204253375,$unknown,34,1,2025-03-04
cx53f8ccd5426534f82cf10cb742de033e51da72fc,hx8026678e3d08ba3203ce6161ee8e9e3b9793491f,hx0000000000000000000000000000000000000000,0x0,0xd49a0f4d11e54825128b8b6bbd164758f5f2d67c722edce955f9717713a306fb,4,94207262,0.0,1741095324008736,unknown_token,0.0204253375,$unknown,5,1,2025-03-04
cx7baf94bd53b505353285ee4c4c050f9703581703,hx8026678e3d08ba3203ce6161ee8e9e3b9793491f,hx0000000000000000000000000000000000000000,0x0,0xd49a0f4d11e54825128b8b6bbd164758f5f2d67c722edce955f9717713a306fb,2,94207262,0.0,1741095324008736,unknown_token,0.0204253375,$unknown,1,1,2025-03-04
cx7baf94bd53b505353285ee4c4c050f9703581703,hx8026678e3d08ba3203ce6161ee8e9e3b9793491f,hx0000000000000000000000000000000000000000,0x0,0xd49a0f4d11e54825128b8b6bbd164758f5f2d67c722edce955f9717713a306fb,0,94207262,0.0,1741095324008736,unknown_token,0.0204253375,$unknown,1,1,2025-03-04
cxf14dea1cff7ceb29a46e6d04533a08f84441e41d,hx891d1d00f371272c0d2f735d58acd435ffef9e62,hx691d9ca4e15022f8f629d5c2166a84c494b2decb,0x8f51f2ebe2d525,0x2f242bc2c98406f20b8f1c9fed92e3446ff6602441f8281dce0dfa7dc14c04de,0,94207261,0.04034102545107076,1741095322008909,Blobble Stake Token,0.004022975,BST,0,1,2025-03-04
cxf14dea1cff7ceb29a46e6d04533a08f84441e41d,hx891d1d00f371272c0d2f735d58acd435ffef9e62,hx184860bb6e243b19ae2b5f6cb0227b614052369a,0x2291d6409da0c,0xe187d7438a4f16e40e1f55f5ee6eaadbd8ba26303d2cdd5dfc2503d6b5940f13,0,94207259,0.000608156162578956,1741095317981552,Blobble Stake Token,0.004019225,BST,0,2,2025-03-04
cx2609b924e33ef00b648a409245c7ea394c467824,cx66d4d90f5f113eba575bf793570135f9b10cece1,hx53796e5b7b4c5c8e5531b2c965f73460a2708db3,0x509cd359530ce000000,0xfc4a42119b1fd05aec0cc22a8a7cd963f5d3d38a1d72d784740bedb4fae33726,1,94207259,23792.64,1741095317981552,Staked ICX,0.1100752375,sICX,0,1,2025-03-04
cxf14dea1cff7ceb29a46e6d04533a08f84441e41d,hx891d1d00f371272c0d2f735d58acd435ffef9e62,hxa9ebee56a07790b3bc222a85d097eba61ea17f7d,0x84845ff7b192ee,0xb45ccf9b136f546366f52dd239bd315fad2122a6a56f689b118b1af6903e3125,0,94207257,0.03730024463817598,1741095314016097,Blobble Stake Token,0.00402435,BST,0,1,2025-03-04
cxf14dea1cff7ceb29a46e6d04533a08f84441e41d,hx891d1d00f371272c0d2f735d58acd435ffef9e62,hx6e26bb673c4af3bb347d1023ec2f460f3f79fcbf,0x67b582c1d8e24,0x2bed1fe17e905292b7d312b5c762e0090cb98d231309694644890c22f8259938,0,94207255,0.001824468487736868,1741095310044336,Blobble Stake Token,0.0040179125,BST,0,1,2025-03-04
cxf14dea1cff7ceb29a46e6d04533a08f84441e41d,hx891d1d00f371272c0d2f735d58acd435ffef9e62,hxb946c680221e6ff41de8a2b62fd810315ce65fb9,0xa1533d2d8a438,0xae85e2f1aa9176c54049a3afec328ffd3c15c8d3fbea35dd877355b0d1ae9bcf,0,94207253,0.002838062092035128,1741095306020853,Blobble Stake Token,0.0040179125,BST,0,1,2025-03-04
cxf14dea1cff7ceb29a46e6d04533a08f84441e41d,hx891d1d00f371272c0d2f735d58acd435ffef9e62,hx184860bb6e243b19ae2b5f6cb0227b614052369a,0x1935018f1d9a8d,0x42eb7ec07fa0b3398bcbc80f274275eb0cb1c4fbb7e829c07fb83b75d576df87,0,94207251,0.007095155230087821,1741095301990270,Blobble Stake Token,0.004021725,BST,0,1,2025-03-04
cxf14dea1cff7ceb29a46e6d04533a08f84441e41d,hx891d1d00f371272c0d2f735d58acd435ffef9e62,hxab5df692abc89645d517619ec2324e659f810f46,0x240294834edccb,0x7d5b249f2f67b65eaa7abd5bfd49106c902797ddcbdb22a5c212a902beef5e06,0,94207249,0.010135936042982603,1741095297977212,Blobble Stake Token,0.0040204125,BST,0,1,2025-03-04
cxf14dea1cff7ceb29a46e6d04533a08f84441e41d,hx891d1d00f371272c0d2f735d58acd435ffef9e62,hxc470b44679cadcad6ec05d3b8e701292274cb5d7,0x5e58ae1058dc13,0x238fffe183e682ad05313c13874631dcead381a004d06f829fd268cc50ff5ab3,0,94207247,0.02655615243261442,1741095294075944,Blobble Stake Token,0.0040204125,BST,0,1,2025-03-04
cxf14dea1cff7ceb29a46e6d04533a08f84441e41d,hx891d1d00f371272c0d2f735d58acd435ffef9e62,hx53bd3ba841728a31952ba8fe36ed060afbd4945d,0x66fd23a0804446,0x25d96b6d63a9f183255ccb3e644ffa3c7ebf769a7ca17d26603a7311c11c2d66,0,94207245,0.028988777082930246,1741095289994749,Blobble Stake Token,0.004021725,BST,0,1,2025-03-04
cxf14dea1cff7ceb29a46e6d04533a08f84441e41d,hx891d1d00f371272c0d2f735d58acd435ffef9e62,hx25ee33bbaf76616b432dfb4b785beb1f92db07c9,0x79b6cd038050b0,0xdbfe2f7e4fbb0781a10e3c3503538e052c99386dcd89bba52d36522eecf7a2dd,0,94207243,0.0342594638252812,1741095286001934,Blobble Stake Token,0.0040204125,BST,0,2,2025-03-04
cx88fd7df7ddff82f7cc735c871dc519838cb235bb,cxa0af3165c08318e988cb30993b3048335b94af6c,cx5faae53c4dbd1fbe4a2eb4aab6565030f10da5c6,0xe52477d704cf66,0x8bffc7759b271662c6ddd3f8b12483a1f89a81020b5760b8a4554addc16e6d77,2,94207243,0.06449786679386506,1741095286001934,Balanced Dollar,0.05694565,bnUSD,0,1,2025-03-04
cx88fd7df7ddff82f7cc735c871dc519838cb235bb,cxa0af3165c08318e988cb30993b3048335b94af6c,hxd75467e3e4ce64e3424c747dfb71503017440433,0x253133493ef3d1ecb,0x8bffc7759b271662c6ddd3f8b12483a1f89a81020b5760b8a4554addc16e6d77,1,94207243,42.87967428710322,1741095286001934,Balanced Dollar,0.05694565,bnUSD,0,1,2025-03-04
cx4297f4b63262507623b6ad575d0d8dd2db980e4e,hxd75467e3e4ce64e3424c747dfb71503017440433,cxa0af3165c08318e988cb30993b3048335b94af6c,0x3782dace9d900000,0x8bffc7759b271662c6ddd3f8b12483a1f89a81020b5760b8a4554addc16e6d77,0,94207243,4.0,1741095286001934,Injective,0.05694565,INJ,0,1,2025-03-04
cxf14dea1cff7ceb29a46e6d04533a08f84441e41d,hx891d1d00f371272c0d2f735d58acd435ffef9e62,hx970eda4988e547df0de8324226fdf3e8ebc9734f,0x7059f852004a7d,0xcf9a7d0fb57ef2d22e90042440aa2d38369680ddb3fc23b36639fe9ff3f47556,0,94207241,0.031624120454105724,1741095282025995,Blobble Stake Token,0.0040204125,BST,0,1,2025-03-04
cxf14dea1cff7ceb29a46e6d04533a08f84441e41d,hx891d1d00f371272c0d2f735d58acd435ffef9e62,hx6e26bb673c4af3bb347d1023ec2f460f3f79fcbf,0xe676e9aec5851,0xf4000ec7039a1c7cc3a20f985020b2c83ffbb644a58cb744de0e0ce02cd1eb45,0,94207239,0.004054374417193041,1741095278033350,Blobble Stake Token,0.0040179125,BST,0,2,2025-03-04
cxf14dea1cff7ceb29a46e6d04533a08f84441e41d,hx891d1d00f371272c0d2f735d58acd435ffef9e62,hx18cbff68c05b85c9aa7ad144ad36d7118ab4549b,0x12014a41a76e65,0x632f35409a7d82ee0df5b73a0fa26a82e73d9ef89c82296b4168d7c9957536e2,0,94207237,0.005067968021491301,1741095273994544,Blobble Stake Token,0.004021725,BST,0,1,2025-03-04
cxf14dea1cff7ceb29a46e6d04533a08f84441e41d,hx891d1d00f371272c0d2f735d58acd435ffef9e62,hx6e26bb673c4af3bb347d1023ec2f460f3f79fcbf,0x3040e5ba315b11,0x021a0a4ff7cc542d87fe035ca763c9647fd5808be09529511fd7bb0f4aae7223,0,94207235,0.01358215429759669,1741095270009454,Blobble Stake Token,0.0040204125,BST,0,1,2025-03-04
cxf14dea1cff7ceb29a46e6d04533a08f84441e41d,hx891d1d00f371272c0d2f735d58acd435ffef9e62,hx184860bb6e243b19ae2b5f6cb0227b614052369a,0x686de1e331804a,0x25764eaaa38a6681b86cf1516090c3b669e8cb7c2c04c7a07554e1742e35a972,0,94207233,0.029394214524649544,1741095265969081,Blobble Stake Token,0.004021725,BST,0,1,2025-03-04
cxf14dea1cff7ceb29a46e6d04533a08f84441e41d,hx891d1d00f371272c0d2f735d58acd435ffef9e62,hx53bd3ba841728a31952ba8fe36ed060afbd4945d,0x6d787bcc9dd266,0x91225824eba95781ae2229c8dadcd99868d0d490f79a19923f3430d6d5add607,0,94207231,0.03081324557066711,1741095262000540,Blobble Stake Token,0.004021725,BST,0,1,2025-03-04
cxf14dea1cff7ceb29a46e6d04533a08f84441e41d,hx891d1d00f371272c0d2f735d58acd435ffef9e62,hxb946c680221e6ff41de8a2b62fd810315ce65fb9,0x279c702a09f2de,0xec86c877b5ceb489048e74db151b6976dd17c06e535699482a85956d607e2216,0,94207229,0.011149529647280863,1741095258003816,Blobble Stake Token,0.0040204125,BST,0,1,2025-03-04
cxf14dea1cff7ceb29a46e6d04533a08f84441e41d,hx891d1d00f371272c0d2f735d58acd435ffef9e62,hx45c4a70f21688d35a02c9715164731d199fdd4c6,0x8a47590276830,0x4604fffdb2cb8e869a527a1888a916ca181ce4cc7a3fbc21cf7cd6d7f32d03cb,0,94207227,0.002432624650315824,1741095253978602,Blobble Stake Token,0.0040179125,BST,0,1,2025-03-04
cxf14dea1cff7ceb29a46e6d04533a08f84441e41d,hx891d1d00f371272c0d2f735d58acd435ffef9e62,hx6e26bb673c4af3bb347d1023ec2f460f3f79fcbf,0x17c4434c6c5e85,0x85092acbc56dd3ed71c4266fdcf9fe98139fe44aa1d20b02b7fd0c1e6254703b,0,94207225,0.006689717788368517,1741095250161408,Blobble Stake Token,0.0040204125,BST,0,1,2025-03-04
cxf14dea1cff7ceb29a46e6d04533a08f84441e41d,hx891d1d00f371272c0d2f735d58acd435ffef9e62,hx184860bb6e243b19ae2b5f6cb0227b614052369a,0x8a47590276830d,0xc27002fa6338cb568a2fe9c94e3cbe1a5c243ed55df8c51322d8f3e634c433d6,0,94207223,0.038921994405053194,1741095245976178,Blobble Stake Token,0.004022975,BST,0,1,2025-03-04
cx88fd7df7ddff82f7cc735c871dc519838cb235bb,cxa0af3165c08318e988cb30993b3048335b94af6c,cx5faae53c4dbd1fbe4a2eb4aab6565030f10da5c6,0x14d23ff678a5c1a,0x75f5ff894fa8a58b0c6e964c4b2bc682075b14a02624c4a29ca0d7f8cfa1c962,2,94207221,0.09377074710540188,1741095242021661,Balanced Dollar,0.0569765875,bnUSD,0,2,2025-03-04
cx88fd7df7ddff82f7cc735c871dc519838cb235bb,cxa0af3165c08318e988cb30993b3048335b94af6c,hxd75467e3e4ce64e3424c747dfb71503017440433,0x36112c0fa7d2f9e17,0x75f5ff894fa8a58b0c6e964c4b2bc682075b14a02624c4a29ca0d7f8cfa1c962,1,94207221,62.335097574463084,1741095242021661,Balanced Dollar,0.0569765875,bnUSD,0,2,2025-03-04
cx288d13e1b63563459a2ac6179f237711f6851cb5,hxd75467e3e4ce64e3424c747dfb71503017440433,cxa0af3165c08318e988cb30993b3048335b94af6c,0x6a94d74f430000,0x75f5ff894fa8a58b0c6e964c4b2bc682075b14a02624c4a29ca0d7f8cfa1c962,0,94207221,0.03,1741095242021661,Ethereum,0.0569765875,ETH,0,2,2025-03-04
cxf14dea1cff7ceb29a46e6d04533a08f84441e41d,hx891d1d00f371272c0d2f735d58acd435ffef9e62,hx6e26bb673c4af3bb347d1023ec2f460f3f79fcbf,0x29c58d8e13ccee,0x25219167e0d1e83aac16ef8cf7623adf5ff5bac4a125f6ac59947d62fb6bee14,0,94207221,0.011757685809859822,1741095242021661,Blobble Stake Token,0.0040204125,BST,0,1,2025-03-04
cxf14dea1cff7ceb29a46e6d04533a08f84441e41d,hx891d1d00f371272c0d2f735d58acd435ffef9e62,hx184860bb6e243b19ae2b5f6cb0227b614052369a,0x2a7decaf6c6af0,0x88c12888c15133eb088e69428d021c6975eb10a85338a14dcc10317d289e6c3d,0,94207219,0.011960404530719473,1741095238032348,Blobble Stake Token,0.004021725,BST,0,1,2025-03-04
cxf14dea1cff7ceb29a46e6d04533a08f84441e41d,hx891d1d00f371272c0d2f735d58acd435ffef9e62,hx6e26bb673c4af3bb347d1023ec2f460f3f79fcbf,0x2ed02777801f06,0x5a80353814d9cad3fd06bba6d4b27729cb894438d05b7630bfe3c74d1bb4fd0b,0,94207217,0.013176716855877383,1741095234055617,Blobble Stake Token,0.0040204125,BST,0,1,2025-03-04
cx88fd7df7ddff82f7cc735c871dc519838cb235bb,cxd82fb5d3effecd8c9071a4bba3856ad7222c4b91,hxd75467e3e4ce64e3424c747dfb71503017440433,0x6c6b935b8bbd400000,0xc2f23da63b4d4a23f3540ba2708b181fbd58c72ead5820aab2f911084dd1b6b2,0,94207215,2000.0,1741095229971468,Balanced Dollar,0.02069225,bnUSD,0,2,2025-03-04
cxf14dea1cff7ceb29a46e6d04533a08f84441e41d,hx891d1d00f371272c0d2f735d58acd435ffef9e62,hx9dffde8442c8edad4ab47b18c650b750bf7fc400,0x34932082450f29,0xd3fa621a3eb4f177c2803ffbf5e5c6d0ea6015a650ed98e109d482318e95db45,0,94207215,0.014798466622754601,1741095229971468,Blobble Stake Token,0.0040204125,BST,0,1,2025-03-04
cxf14dea1cff7ceb29a46e6d04533a08f84441e41d,hx891d1d00f371272c0d2f735d58acd435ffef9e62,hxab5df692abc89645d517619ec2324e659f810f46,0x46946ac3ec7d8e,0x54ae08583926994711aea3a4bf3a76476b924197802656a7f0117e92c2647271,0,94207213,0.019866434644245902,1741095225979981,Blobble Stake Token,0.0040204125,BST,0,1,2025-03-04
cxf61cd5a45dc9f91c15aa65831a30a90d59a09619,cx9345f80d6c98357ccbb70392b14162199c2c5f66,cxd82fb5d3effecd8c9071a4bba3856ad7222c4b91,0x3a03626317526c0,0x4bd43b7650aaef28fbf8c5504c63904c14e53660e909049031db03caabbaba1e,4,94207211,0.26126831605390716,1741095221979283,Balance Token,0.1302328625,BALN,0,2,2025-03-04
cx2609b924e33ef00b648a409245c7ea394c467824,cx9345f80d6c98357ccbb70392b14162199c2c5f66,cxd82fb5d3effecd8c9071a4bba3856ad7222c4b91,0x3fd0897f610e3b6c,0x4bd43b7650aaef28fbf8c5504c63904c14e53660e909049031db03caabbaba1e,3,94207211,4.598326399727451,1741095221979283,Staked ICX,0.1302328625,sICX,0,2,2025-03-04
cx88fd7df7ddff82f7cc735c871dc519838cb235bb,hx0000000000000000000000000000000000000000,cx5faae53c4dbd1fbe4a2eb4aab6565030f10da5c6,0x0,0x4bd43b7650aaef28fbf8c5504c63904c14e53660e909049031db03caabbaba1e,2,94207211,0.0,1741095221979283,Balanced Dollar,0.1302328625,bnUSD,0,2,2025-03-04
cx88fd7df7ddff82f7cc735c871dc519838cb235bb,hx0000000000000000000000000000000000000000,cxd82fb5d3effecd8c9071a4bba3856ad7222c4b91,0xa452bb841937c6b,0x4bd43b7650aaef28fbf8c5504c63904c14e53660e909049031db03caabbaba1e,1,94207211,0.7400457841464761,1741095221979283,Balanced Dollar,0.1302328625,bnUSD,0,2,2025-03-04
cx88fd7df7ddff82f7cc735c871dc519838cb235bb,hxd75467e3e4ce64e3424c747dfb71503017440433,cxd82fb5d3effecd8c9071a4bba3856ad7222c4b91,0xa0851dd9f91ba00000,0x4bd43b7650aaef28fbf8c5504c63904c14e53660e909049031db03caabbaba1e,0,94207211,2961.071114238831,1741095221979283,Balanced Dollar,0.1302328625,bnUSD,0,2,2025-03-04
cxf14dea1cff7ceb29a46e6d04533a08f84441e41d,hx891d1d00f371272c0d2f735d58acd435ffef9e62,hxb9bf2fe4975afa508ecd90ee2e3f3ac88bb792cd,0x4d0fc2f00a0bb2,0x770002153f4d8af2b792ceda7942f92f471df77ff9b1ffb2c121dc5647e96824,0,94207211,0.02169090313198277,1741095221979283,Blobble Stake Token,0.0040204125,BST,0,1,2025-03-04
cxf14dea1cff7ceb29a46e6d04533a08f84441e41d,hx891d1d00f371272c0d2f735d58acd435ffef9e62,hxab5df692abc89645d517619ec2324e659f810f46,0x52d2bbfacefbcd,0x87432f8a578da08b4b2cc0d3b3c99b40e6ca2a098209bd9aa8e220aeb2ecdcc9,0,94207209,0.023312652898859983,1741095217957495,Blobble Stake Token,0.0040204125,BST,0,1,2025-03-04
cxf14dea1cff7ceb29a46e6d04533a08f84441e41d,hx891d1d00f371272c0d2f735d58acd435ffef9e62,hx9092a3fc19763f078f069b5406c4433f37b7ea56,0x5b77318af66404,0x06615589f315c175c5ba5811cd634d037b1301e56eb3a2b30de79c248d6ec95e,0,94207207,0.025745277549175813,1741095213977229,Blobble Stake Token,0.0040204125,BST,0,1,2025-03-04
cxf14dea1cff7ceb29a46e6d04533a08f84441e41d,hx891d1d00f371272c0d2f735d58acd435ffef9e62,hx6e26bb673c4af3bb347d1023ec2f460f3f79fcbf,0x30f944db89f913,0xee3b247c4e645383b40021fa7468008b4b19f3873b57b92e7754589a6fc84902,0,94207205,0.013784873018456338,1741095210036239,Blobble Stake Token,0.0040204125,BST,0,2,2025-03-04
cxf14dea1cff7ceb29a46e6d04533a08f84441e41d,hx891d1d00f371272c0d2f735d58acd435ffef9e62,hx6e26bb673c4af3bb347d1023ec2f460f3f79fcbf,0x3b0e78ae629d4c,0xcb235c9e92f10d242fd82ef440dc94ff2b94356b5346a8b114b6a7a5f2ef3cbb,0,94207203,0.01662293511049147,1741095205987533,Blobble Stake Token,0.0040204125,BST,0,1,2025-03-04
cxf14dea1cff7ceb29a46e6d04533a08f84441e41d,hx891d1d00f371272c0d2f735d58acd435ffef9e62,hx81d4f834b91569b43cde903ec241eb1fce64a171,0x3f60b376765163,0x0113756cfd6340425039dd69b1dec521edd3d4e95ff46242af200b3c4bb261a0,0,94207201,0.01783924743564938,1741095201959674,Blobble Stake Token,0.0040204125,BST,0,1,2025-03-04
cxf14dea1cff7ceb29a46e6d04533a08f84441e41d,hx891d1d00f371272c0d2f735d58acd435ffef9e62,hx6e26bb673c4af3bb347d1023ec2f460f3f79fcbf,0x57dd55e43b4df0,0xd5abb51b4b3a2914ab4770b32e488d9aa7abe78ef3bfd01b7230e19baf55bcff,0,94207199,0.024731683944877552,1741095197941850,Blobble Stake Token,0.0040204125,BST,0,1,2025-03-04
cxf14dea1cff7ceb29a46e6d04533a08f84441e41d,hx891d1d00f371272c0d2f735d58acd435ffef9e62,hxf270f35cbdacd1964e1a8366b65cd508a2ff105c,0x7f79c60e4540cf,0x19c09481298e6b10208b83b728302c79c3a75e9e816f50c91922616b63c12d64,0,94207197,0.035881213592158415,1741095194015834,Blobble Stake Token,0.0040204125,BST,0,1,2025-03-04
cxf14dea1cff7ceb29a46e6d04533a08f84441e41d,hx891d1d00f371272c0d2f735d58acd435ffef9e62,hx81d4f834b91569b43cde903ec241eb1fce64a171,0x613a2a95bb5423,0xa58e4627065a1b7d01b1bd01f2a51e2bca516f4b3d31bc4c40784f4001cbd169,0,94207195,0.027367027316053026,1741095189966321,Blobble Stake Token,0.0040204125,BST,0,1,2025-03-04
cxf14dea1cff7ceb29a46e6d04533a08f84441e41d,hx891d1d00f371272c0d2f735d58acd435ffef9e62,hx25ee33bbaf76616b432dfb4b785beb1f92db07c9,0x6cc01cab453465,0x143a80b5026ec3ab870a3adc1d31be2025e809a9ccbaa89bfd4fdaa57746b3e8,0,94207193,0.03061052684980746,1741095185974596,Blobble Stake Token,0.0040204125,BST,0,1,2025-03-04
cx88fd7df7ddff82f7cc735c871dc519838cb235bb,cxa0af3165c08318e988cb30993b3048335b94af6c,cx5faae53c4dbd1fbe4a2eb4aab6565030f10da5c6,0x14d3c15cea9a728,0x321c4b1b934cf17272a53362a3e1b9ba576902f5ca11715d7140ccd678745e3b,2,94207192,0.0937972316038531,1741095184009045,Balanced Dollar,0.0569765875,bnUSD,0,1,2025-03-04
cx88fd7df7ddff82f7cc735c871dc519838cb235bb,cxa0af3165c08318e988cb30993b3048335b94af6c,hxd75467e3e4ce64e3424c747dfb71503017440433,0x361514e8a02bed2f8,0x321c4b1b934cf17272a53362a3e1b9ba576902f5ca11715d7140ccd678745e3b,1,94207192,62.35270467057974,1741095184009045,Balanced Dollar,0.0569765875,bnUSD,0,1,2025-03-04
cx288d13e1b63563459a2ac6179f237711f6851cb5,hxd75467e3e4ce64e3424c747dfb71503017440433,cxa0af3165c08318e988cb30993b3048335b94af6c,0x6a94d74f430000,0x321c4b1b934cf17272a53362a3e1b9ba576902f5ca11715d7140ccd678745e3b,0,94207192,0.03,1741095184009045,Ethereum,0.0569765875,ETH,0,1,2025-03-04
cxf14dea1cff7ceb29a46e6d04533a08f84441e41d,hx891d1d00f371272c0d2f735d58acd435ffef9e62,hx6e26bb673c4af3bb347d1023ec2f460f3f79fcbf,0x88d69abfc54706,0x6e358c8f18762d3b4e2219554141e9b1f6c6ee478fc123b0019d7f80fb509ff1,0,94207191,0.03851655696333389,1741095181992748,Blobble Stake Token,0.0040216625,BST,0,1,2025-03-04
cxf14dea1cff7ceb29a46e6d04533a08f84441e41d,hx891d1d00f371272c0d2f735d58acd435ffef9e62,hx6e26bb673c4af3bb347d1023ec2f460f3f79fcbf,0xf1fcdbc44f655,0x41cec9e84ccb8157d908e40459df99e46f0805dff221d839c7efbcaf5b5e0172,0,94207189,0.004257093138052693,1741095177991478,Blobble Stake Token,0.0040179125,BST,0,1,2025-03-04
cxd17316e24ee40f2ef8ed6f3a497311db1b35206d,hx9645117f1b0c7181a126c7f4f222caefc6ee7a61,hx9645117f1b0c7181a126c7f4f222caefc6ee7a61,0x0,0xb5796c640f0201f6d6f3472cedfd9930d79d036e3613a2ad30c27efb0dcb1e6e,4,94207188,0.0,1741095176048953,unknown_token,0.0194646375,$unknown,34,2,2025-03-04
cx7baf94bd53b505353285ee4c4c050f9703581703,hx9645117f1b0c7181a126c7f4f222caefc6ee7a61,hx0000000000000000000000000000000000000000,0x0,0xb5796c640f0201f6d6f3472cedfd9930d79d036e3613a2ad30c27efb0dcb1e6e,2,94207188,0.0,1741095176048953,unknown_token,0.0194646375,$unknown,16,2,2025-03-04
cx7baf94bd53b505353285ee4c4c050f9703581703,hx9645117f1b0c7181a126c7f4f222caefc6ee7a61,hx0000000000000000000000000000000000000000,0x0,0xb5796c640f0201f6d6f3472cedfd9930d79d036e3613a2ad30c27efb0dcb1e6e,0,94207188,0.0,1741095176048953,unknown_token,0.0194646375,$unknown,4,2,2025-03-04
cxf14dea1cff7ceb29a46e6d04533a08f84441e41d,hx891d1d00f371272c0d2f735d58acd435ffef9e62,hx970eda4988e547df0de8324226fdf3e8ebc9734f,0x3ea854551db35f,0x71e6f916a18d7c832d4f8ac969f42289e79cb36e08798e15ddf5709df424ad5e,0,94207187,0.017636528714789726,1741095173960951,Blobble Stake Token,0.0040204125,BST,0,2,2025-03-04
cxf14dea1cff7ceb29a46e6d04533a08f84441e41d,hx891d1d00f371272c0d2f735d58acd435ffef9e62,hx6e26bb673c4af3bb347d1023ec2f460f3f79fcbf,0x48bd8827f6579a,0x7d3ea6a73e2cdfb25edb3510214c981ddc8ccfe5c46a0a3780bf84cde6cb22db,0,94207185,0.020474590806824858,1741095169964628,Blobble Stake Token,0.0040204125,BST,0,1,2025-03-04
cxf14dea1cff7ceb29a46e6d04533a08f84441e41d,hx891d1d00f371272c0d2f735d58acd435ffef9e62,hx81d4f834b91569b43cde903ec241eb1fce64a171,0x538b1b1c2799dc,0x9b9493d69201f200597e080ffd329b9b9a6425a6dc8decfb17c81769daaceafa,0,94207183,0.023515371619719644,1741095165938218,Blobble Stake Token,0.0040204125,BST,0,1,2025-03-04
cxf14dea1cff7ceb29a46e6d04533a08f84441e41d,hx891d1d00f371272c0d2f735d58acd435ffef9e62,hx6e26bb673c4af3bb347d1023ec2f460f3f79fcbf,0x5895b50593ebf0,0x53fae54b9be26e0daaa6348006b8361a9c4714b2dd27bbff553463c395ef2dc3,0,94207181,0.0249344026657372,1741095161973258,Blobble Stake Token,0.0040204125,BST,0,1,2025-03-04
cxf14dea1cff7ceb29a46e6d04533a08f84441e41d,hx891d1d00f371272c0d2f735d58acd435ffef9e62,hxc0a2c4b422657ff499640f07606b1516e9935b9b,0x5da04eef003e0c,0x06017244488ee1fc3d94a584757b6fc42e4d198524e55a22e4f0a96712a8dcf5,0,94207179,0.026353433711754765,1741095157968119,Blobble Stake Token,0.0040204125,BST,0,1,2025-03-04
cxf14dea1cff7ceb29a46e6d04533a08f84441e41d,hx891d1d00f371272c0d2f735d58acd435ffef9e62,hx81d4f834b91569b43cde903ec241eb1fce64a171,0x61f289b713f227,0x47ac04824a000e1b321f464ddba728d0a0b463c6ee65106c14b37b63b2ebcfab,0,94207177,0.02756974603691268,1741095153949371,Blobble Stake Token,0.0040204125,BST,0,1,2025-03-04
cxf14dea1cff7ceb29a46e6d04533a08f84441e41d,hx891d1d00f371272c0d2f735d58acd435ffef9e62,hx970eda4988e547df0de8324226fdf3e8ebc9734f,0x71cab694b18681,0xbc2af3e329aeabd2e5443f1e1fdd95325876dc8d1063a45c92269d3df3f67163,0,94207175,0.032029557895825025,1741095150133341,Blobble Stake Token,0.0040204125,BST,0,1,2025-03-04
cxf14dea1cff7ceb29a46e6d04533a08f84441e41d,hx891d1d00f371272c0d2f735d58acd435ffef9e62,hx6e26bb673c4af3bb347d1023ec2f460f3f79fcbf,0x19ed60b0763892,0x7e587bb611c83db93fa9c236872c367ae5d62b3fec0c4c5eff8b0096ccb8b775,0,94207173,0.007297873950947474,1741095145956465,Blobble Stake Token,0.0040204125,BST,0,1,2025-03-04
cx88fd7df7ddff82f7cc735c871dc519838cb235bb,hx873ceaf39d9d3b1d0363c6a8f7a8bdcf1294c916,hx0000000000000000000000000000000000000000,0x9a1076b8b3d1ec5a1,0x46e1755001c49970099c9fae68f2d0010e5a92577b93f332df1c0f95192689d0,0,94207172,177.62405787409938,1741095143991193,Balanced Dollar,0.06045405,bnUSD,0,1,2025-03-04
cxf14dea1cff7ceb29a46e6d04533a08f84441e41d,hx891d1d00f371272c0d2f735d58acd435ffef9e62,hxc470b44679cadcad6ec05d3b8e701292274cb5d7,0x4f38e05413e5bd,0x9a83c0027c6858b02865a02927a0d79639507bebb345ad151f61912770fe50a2,0,94207171,0.022299059294561725,1741095141985587,Blobble Stake Token,0.0040204125,BST,0,1,2025-03-04
cxf14dea1cff7ceb29a46e6d04533a08f84441e41d,hx891d1d00f371272c0d2f735d58acd435ffef9e62,hxb946c680221e6ff41de8a2b62fd810315ce65fb9,0x5f110d31b17a17,0x5ba8f1d26a147e7d64cfc68c9e5e3553d3952103d11b7c5761bf78c1e6f9b3bf,0,94207169,0.02675887115347407,1741095137996830,Blobble Stake Token,0.0040204125,BST,0,1,2025-03-04
cxf14dea1cff7ceb29a46e6d04533a08f84441e41d,hx891d1d00f371272c0d2f735d58acd435ffef9e62,hx691d9ca4e15022f8f629d5c2166a84c494b2decb,0x881e3b9e6ca8fe,0x8ba65571c8101ee87a743250162a6518980d5064acc2aa438439d78b2b57dc23,0,94207167,0.03831383824247424,1741095133985462,Blobble Stake Token,0.004022975,BST,0,1,2025-03-04
cxf14dea1cff7ceb29a46e6d04533a08f84441e41d,hx891d1d00f371272c0d2f735d58acd435ffef9e62,hx6e26bb673c4af3bb347d1023ec2f460f3f79fcbf,0x1372088458aa6e,0xe6177faa5b6fee6f51cc9604569388dcc745feb961bc0c583563e460fd93f296,0,94207165,0.005473405463210606,1741095129938967,Blobble Stake Token,0.0040204125,BST,0,2,2025-03-04
cx88fd7df7ddff82f7cc735c871dc519838cb235bb,cxa0af3165c08318e988cb30993b3048335b94af6c,cx5faae53c4dbd1fbe4a2eb4aab6565030f10da5c6,0x14d542ed2d553f6,0x2e8bb23ac6930cc052125d0656a869e6b0793abc971e9b1fce65c71a45ceb9bf,2,94207165,0.09382372732707327,1741095129938967,Balanced Dollar,0.0569765875,bnUSD,0,1,2025-03-04
cx88fd7df7ddff82f7cc735c871dc519838cb235bb,cxa0af3165c08318e988cb30993b3048335b94af6c,hxd75467e3e4ce64e3424c747dfb71503017440433,0x3618fe2e31c36a7ff,0x2e8bb23ac6930cc052125d0656a869e6b0793abc971e9b1fce65c71a45ceb9bf,1,94207165,62.370319229536086,1741095129938967,Balanced Dollar,0.0569765875,bnUSD,0,1,2025-03-04
cx288d13e1b63563459a2ac6179f237711f6851cb5,hxd75467e3e4ce64e3424c747dfb71503017440433,cxa0af3165c08318e988cb30993b3048335b94af6c,0x6a94d74f430000,0x2e8bb23ac6930cc052125d0656a869e6b0793abc971e9b1fce65c71a45ceb9bf,0,94207165,0.03,1741095129938967,Ethereum,0.0569765875,ETH,0,1,2025-03-04
cxf14dea1cff7ceb29a46e6d04533a08f84441e41d,hx891d1d00f371272c0d2f735d58acd435ffef9e62,hx76948ccd4e07437bf7073b395b8109e0c8c162c4,0x382cfc2900253e,0x652d1314bf0d8a7443d0e39cee9ca22f22817b63753c1d2a55defd86ed229c75,0,94207163,0.015812060227052862,1741095125947007,Blobble Stake Token,0.0040204125,BST,0,1,2025-03-04
cxf14dea1cff7ceb29a46e6d04533a08f84441e41d,hx891d1d00f371272c0d2f735d58acd435ffef9e62,hx6e26bb673c4af3bb347d1023ec2f460f3f79fcbf,0x4ae6a58c0031a6,0x6a61fafe2c9d2b485cc9651a73744fea7aaaa8b80582e4050f9da674ccc6e230,0,94207161,0.021082746969403814,1741095121940902,Blobble Stake Token,0.0040204125,BST,0,1,2025-03-04
cxf14dea1cff7ceb29a46e6d04533a08f84441e41d,hx891d1d00f371272c0d2f735d58acd435ffef9e62,hxbda9ea6ce93b75cc2f3234fe2d3c84fa8083a420,0x5c2f90ac4f0208,0x3518d78100f0726b290a7a5c711b32ae1ab9f9a33e898bbdc80dbb0d2d6f1537,0,94207159,0.025947996270035464,1741095117925476,Blobble Stake Token,0.0040204125,BST,0,2,2025-03-04
cx88fd7df7ddff82f7cc735c871dc519838cb235bb,cxa0af3165c08318e988cb30993b3048335b94af6c,cx5faae53c4dbd1fbe4a2eb4aab6565030f10da5c6,0xd8a8e78a1d0046,0x7b9a7122457c40f469b31204dd2836b04e7962adac4af7ea634e7fcad7d45ff6,2,94207159,0.06098430737756986,1741095117925476,Balanced Dollar,0.0473681375,bnUSD,0,1,2025-03-04
cx88fd7df7ddff82f7cc735c871dc519838cb235bb,cxa0af3165c08318e988cb30993b3048335b94af6c,hxd75467e3e4ce64e3424c747dfb71503017440433,0x232acc1c5528f4754,0x7b9a7122457c40f469b31204dd2836b04e7962adac4af7ea634e7fcad7d45ff6,1,94207159,40.544994598547575,1741095117925476,Balanced Dollar,0.0473681375,bnUSD,0,1,2025-03-04
cx65c9e3d4fea842e00add0d32a5b4c5e4e04c7a6b,hxd75467e3e4ce64e3424c747dfb71503017440433,cxa0af3165c08318e988cb30993b3048335b94af6c,0x11e1a300,0x7b9a7122457c40f469b31204dd2836b04e7962adac4af7ea634e7fcad7d45ff6,0,94207159,0.3,1741095117925476,Solana,0.0473681375,SOL,0,1,2025-03-04
cxf14dea1cff7ceb29a46e6d04533a08f84441e41d,hx891d1d00f371272c0d2f735d58acd435ffef9e62,hx970eda4988e547df0de8324226fdf3e8ebc9734f,0x658c655dcf083e,0xf96ce662993c3c50849da2d99ceefc8d7816a0581046db22e8a3fef40ccc7034,0,94207157,0.02858333964121094,1741095113946825,Blobble Stake Token,0.0040204125,BST,0,1,2025-03-04
cx88fd7df7ddff82f7cc735c871dc519838cb235bb,cxa0af3165c08318e988cb30993b3048335b94af6c,cx5faae53c4dbd1fbe4a2eb4aab6565030f10da5c6,0xe54011df2ec62c,0xc95d6ab0b641c59ea78593dc954781b2e05ab310f09f6265381e7f3aa5e88bba,2,94207156,0.06452821516974648,1741095111949716,Balanced Dollar,0.05694565,bnUSD,0,1,2025-03-04
cx88fd7df7ddff82f7cc735c871dc519838cb235bb,cxa0af3165c08318e988cb30993b3048335b94af6c,hxd75467e3e4ce64e3424c747dfb71503017440433,0x2535ae4fb00050cdb,0xc95d6ab0b641c59ea78593dc954781b2e05ab310f09f6265381e7f3aa5e88bba,1,94207156,42.89985296715933,1741095111949716,Balanced Dollar,0.05694565,bnUSD,0,1,2025-03-04
cx4297f4b63262507623b6ad575d0d8dd2db980e4e,hxd75467e3e4ce64e3424c747dfb71503017440433,cxa0af3165c08318e988cb30993b3048335b94af6c,0x3782dace9d900000,0xc95d6ab0b641c59ea78593dc954781b2e05ab310f09f6265381e7f3aa5e88bba,0,94207156,4.0,1741095111949716,Injective,0.05694565,INJ,0,1,2025-03-04
cxf14dea1cff7ceb29a46e6d04533a08f84441e41d,hx891d1d00f371272c0d2f735d58acd435ffef9e62,hx53bd3ba841728a31952ba8fe36ed060afbd4945d,0x778daf9f7676a0,0x7355bafa54241cdddab35ba4c5afe2b914002750d481bb6aec5e4d7e64b9ff8a,0,94207155,0.03365130766270224,1741095109978963,Blobble Stake Token,0.004021725,BST,0,1,2025-03-04
cxf14dea1cff7ceb29a46e6d04533a08f84441e41d,hx891d1d00f371272c0d2f735d58acd435ffef9e62,hxf270f35cbdacd1964e1a8366b65cd508a2ff105c,0x42fa8f1d31677b,0xdc18d131a77f316ac426ef648b75e1d2866d401d240efe2db1047b1c6eb26d5a,0,94207153,0.018852841039947645,1741095105961298,Blobble Stake Token,0.0040204125,BST,0,1,2025-03-04
cxf14dea1cff7ceb29a46e6d04533a08f84441e41d,hx891d1d00f371272c0d2f735d58acd435ffef9e62,hx970eda4988e547df0de8324226fdf3e8ebc9734f,0x50a99e96c521c,0x4e4c441c68b8b9f970a3e0149b5fa2ddb01720164d0807cd07920d50e4ca5817,0,94207151,0.001419031046017564,1741095101927356,Blobble Stake Token,0.0040179125,BST,0,1,2025-03-04
cxf14dea1cff7ceb29a46e6d04533a08f84441e41d,hx891d1d00f371272c0d2f735d58acd435ffef9e62,hx18cbff68c05b85c9aa7ad144ad36d7118ab4549b,0x1148eb204ed061,0x8a1766793a81c5db89bf3a706bd7e9256ef5e53a5259dbd5eeb1bc8094f8a477,0,94207149,0.004865249300631649,1741095097923508,Blobble Stake Token,0.004021725,BST,0,1,2025-03-04
cxf14dea1cff7ceb29a46e6d04533a08f84441e41d,hx891d1d00f371272c0d2f735d58acd435ffef9e62,hx62207d1640bf8e1fefe9bcfe64366cbbd7ce3330,0x2beeaaf21da6f8,0x47754c5de6563f91af2c2bc494cda1f52df39812af54139123ba20fab12f45aa,0,94207147,0.012365841972438776,1741095093964963,Blobble Stake Token,0.0040204125,BST,0,2,2025-03-04
cx88fd7df7ddff82f7cc735c871dc519838cb235bb,cxa0af3165c08318e988cb30993b3048335b94af6c,cx5faae53c4dbd1fbe4a2eb4aab6565030f10da5c6,0x14d6c4a746e32df,0xaa71bf1d9156a715d04e5eebec5092d8fb32d219909fce07de90f015c2a00f91,2,94207147,0.0938502342814072,1741095093964963,Balanced Dollar,0.0569765875,bnUSD,0,1,2025-03-04
cx88fd7df7ddff82f7cc735c871dc519838cb235bb,cxa0af3165c08318e988cb30993b3048335b94af6c,hxd75467e3e4ce64e3424c747dfb71503017440433,0x361ce7e06c50ad135,0xaa71bf1d9156a715d04e5eebec5092d8fb32d219909fce07de90f015c2a00f91,1,94207147,62.387941255550786,1741095093964963,Balanced Dollar,0.0569765875,bnUSD,0,1,2025-03-04
cx288d13e1b63563459a2ac6179f237711f6851cb5,hxd75467e3e4ce64e3424c747dfb71503017440433,cxa0af3165c08318e988cb30993b3048335b94af6c,0x6a94d74f430000,0xaa71bf1d9156a715d04e5eebec5092d8fb32d219909fce07de90f015c2a00f91,0,94207147,0.03,1741095093964963,Ethereum,0.0569765875,ETH,0,1,2025-03-04
cxf14dea1cff7ceb29a46e6d04533a08f84441e41d,hx891d1d00f371272c0d2f735d58acd435ffef9e62,hxbda9ea6ce93b75cc2f3234fe2d3c84fa8083a420,0x3bc6d7cfbb3b50,0x35734e0162a6b0af973a3bb519bb4f3386dfee499415a52126c0bb74f42502ba,0,94207145,0.01682565383135112,1741095089938570,Blobble Stake Token,0.0040204125,BST,0,1,2025-03-04
cx88fd7df7ddff82f7cc735c871dc519838cb235bb,cx21e94c08c03daee80c25d8ee3ea22a20786ec231,hx873ceaf39d9d3b1d0363c6a8f7a8bdcf1294c916,0x754d23e25537ffcf7,0xa2018ded126d2f648e505918c7135fa9c13423802210095ba132ab251788e1b0,5,94207143,135.23922449029766,1741095085937737,Balanced Dollar,0.1103398375,bnUSD,0,3,2025-03-04
cx88fd7df7ddff82f7cc735c871dc519838cb235bb,cxa0af3165c08318e988cb30993b3048335b94af6c,cx5faae53c4dbd1fbe4a2eb4aab6565030f10da5c6,0x2d2c0ee440bcff8,0xa2018ded126d2f648e505918c7135fa9c13423802210095ba132ab251788e1b0,3,94207143,0.2034370627614679,1741095085937737,Balanced Dollar,0.1103398375,bnUSD,0,3,2025-03-04
cx88fd7df7ddff82f7cc735c871dc519838cb235bb,cxa0af3165c08318e988cb30993b3048335b94af6c,cx21e94c08c03daee80c25d8ee3ea22a20786ec231,0x754d23e25537ffcf7,0xa2018ded126d2f648e505918c7135fa9c13423802210095ba132ab251788e1b0,2,94207143,135.23922449029766,1741095085937737,Balanced Dollar,0.1103398375,bnUSD,0,3,2025-03-04
cx2609b924e33ef00b648a409245c7ea394c467824,cx21e94c08c03daee80c25d8ee3ea22a20786ec231,cxa0af3165c08318e988cb30993b3048335b94af6c,0x34360de5d2f245edc4,0xa2018ded126d2f648e505918c7135fa9c13423802210095ba132ab251788e1b0,1,94207143,963.1257137798126,1741095085937737,Staked ICX,0.1103398375,sICX,0,3,2025-03-04
cx2609b924e33ef00b648a409245c7ea394c467824,hx873ceaf39d9d3b1d0363c6a8f7a8bdcf1294c916,cx21e94c08c03daee80c25d8ee3ea22a20786ec231,0x34360de5d2f245edc4,0xa2018ded126d2f648e505918c7135fa9c13423802210095ba132ab251788e1b0,0,94207143,963.1257137798126,1741095085937737,Staked ICX,0.1103398375,sICX,0,3,2025-03-04
cxf14dea1cff7ceb29a46e6d04533a08f84441e41d,hx891d1d00f371272c0d2f735d58acd435ffef9e62,hxbda9ea6ce93b75cc2f3234fe2d3c84fa8083a420,0x40191297ceef67,0xcbcea5f8ce9fd0491bded122f5e81a0d14da0a6b9651fd604da91c5bac182060,0,94207143,0.01804196615650903,1741095085937737,Blobble Stake Token,0.0040204125,BST,0,2,2025-03-04
cxf14dea1cff7ceb29a46e6d04533a08f84441e41d,hx891d1d00f371272c0d2f735d58acd435ffef9e62,hx81d4f834b91569b43cde903ec241eb1fce64a171,0x92336f71454d35,0xe37273d61b5051f6adfd3c8da7856c3cbe2df5d56397ebe9c423ab14bc65c382,0,94207141,0.04115190033450936,1741095081959267,Blobble Stake Token,0.0040216625,BST,0,1,2025-03-04
cxf14dea1cff7ceb29a46e6d04533a08f84441e41d,hx891d1d00f371272c0d2f735d58acd435ffef9e62,hxab5df692abc89645d517619ec2324e659f810f46,0x480529069db996,0x832ad24a4683c3099f0be1bac07cb3999b947bf8c078a4f69029c6d897d9a91a,0,94207139,0.020271872085965207,1741095077951095,Blobble Stake Token,0.0040204125,BST,0,1,2025-03-04
cxf14dea1cff7ceb29a46e6d04533a08f84441e41d,hx891d1d00f371272c0d2f735d58acd435ffef9e62,hx6e26bb673c4af3bb347d1023ec2f460f3f79fcbf,0x4a2e466aa793a2,0x4ba17816c2618a6db50a45bfd279d5b63026105d1d367dd451fe968e4a9c74b5,0,94207137,0.020880028248544163,1741095073927176,Blobble Stake Token,0.0040231,BST,0,1,2025-03-04
cxf14dea1cff7ceb29a46e6d04533a08f84441e41d,hx891d1d00f371272c0d2f735d58acd435ffef9e62,hxc470b44679cadcad6ec05d3b8e701292274cb5d7,0x4e808132bb47b9,0x5239edd17e51566943efda6e3049aaea90a1f48a97c26162dbfb777e4e362a88,0,94207135,0.022096340573702074,1741095069929625,Blobble Stake Token,0.0040204125,BST,0,1,2025-03-04
cxf14dea1cff7ceb29a46e6d04533a08f84441e41d,hx891d1d00f371272c0d2f735d58acd435ffef9e62,hx970eda4988e547df0de8324226fdf3e8ebc9734f,0x73f3d3f8bb608d,0x7305cdebe557c9694e87771b022c8ef25cad3fa39821a80aed600f7d40c76af0,0,94207133,0.03263771405840398,1741095065905569,Blobble Stake Token,0.0040204125,BST,0,1,2025-03-04
cxf14dea1cff7ceb29a46e6d04533a08f84441e41d,hx891d1d00f371272c0d2f735d58acd435ffef9e62,hx53bd3ba841728a31952ba8fe36ed060afbd4945d,0x76d5507e1dd8a0,0xec66545c756f235162b498a816d5acf86bb17c93010a70b73ddf348c214f3dd3,0,94207131,0.03344858894184259,1741095061941745,Blobble Stake Token,0.004021725,BST,0,1,2025-03-04
cx88fd7df7ddff82f7cc735c871dc519838cb235bb,cxa0af3165c08318e988cb30993b3048335b94af6c,cx5faae53c4dbd1fbe4a2eb4aab6565030f10da5c6,0x14d8468b3d525bf,0x73dca4c62ac9c86901999a072772c0cb173b594b68f172d069339a6b46b589e4,2,94207130,0.09387675247320416,1741095059972520,Balanced Dollar,0.0569765875,bnUSD,0,1,2025-03-04
cx88fd7df7ddff82f7cc735c871dc519838cb235bb,cxa0af3165c08318e988cb30993b3048335b94af6c,hxd75467e3e4ce64e3424c747dfb71503017440433,0x3620d1ff5f8dc8189,0x73dca4c62ac9c86901999a072772c0cb173b594b68f172d069339a6b46b589e4,1,94207130,62.40557075284548,1741095059972520,Balanced Dollar,0.0569765875,bnUSD,0,1,2025-03-04
cx288d13e1b63563459a2ac6179f237711f6851cb5,hxd75467e3e4ce64e3424c747dfb71503017440433,cxa0af3165c08318e988cb30993b3048335b94af6c,0x6a94d74f430000,0x73dca4c62ac9c86901999a072772c0cb173b594b68f172d069339a6b46b589e4,0,94207130,0.03,1741095059972520,Ethereum,0.0569765875,ETH,0,1,2025-03-04
cxf14dea1cff7ceb29a46e6d04533a08f84441e41d,hx891d1d00f371272c0d2f735d58acd435ffef9e62,hx691d9ca4e15022f8f629d5c2166a84c494b2decb,0x86ad7d5bbb6cf6,0x6e7a518e3859417d27126b0a54a0a22cfd453eaf329c6344b708898a659b8ccd,0,94207129,0.037908400800754936,1741095057939025,Blobble Stake Token,0.004022975,BST,0,1,2025-03-04
cxf14dea1cff7ceb29a46e6d04533a08f84441e41d,hx891d1d00f371272c0d2f735d58acd435ffef9e62,hxc470b44679cadcad6ec05d3b8e701292274cb5d7,0x8bb8174527bf15,0xb678692210071f34579bf1c7db712b8f435af17740ab6978df5b1c60309c1ab6,0,94207127,0.0393274318467725,1741095053916625,Blobble Stake Token,0.0040216625,BST,0,1,2025-03-04
cxf14dea1cff7ceb29a46e6d04533a08f84441e41d,hx891d1d00f371272c0d2f735d58acd435ffef9e62,hx81d4f834b91569b43cde903ec241eb1fce64a171,0x566c97a18a11e8,0x6e1bfcd9aac8909236ca7da15848c98bb840ed4fc2bf8916b982e2c12a6d2104,0,94207125,0.024326246503158247,1741095050117792,Blobble Stake Token,0.0040204125,BST,0,1,2025-03-04
cxf14dea1cff7ceb29a46e6d04533a08f84441e41d,hx891d1d00f371272c0d2f735d58acd435ffef9e62,hxf270f35cbdacd1964e1a8366b65cd508a2ff105c,0x2d5f6934cee300,0x023657c01ab636fdad5531e7e74ba39b5d273826e020dba671338fe6906f43aa,0,94207123,0.01277127941415808,1741095045929896,Blobble Stake Token,0.0040204125,BST,0,1,2025-03-04
cxf14dea1cff7ceb29a46e6d04533a08f84441e41d,hx891d1d00f371272c0d2f735d58acd435ffef9e62,hx25ee33bbaf76616b432dfb4b785beb1f92db07c9,0x3603dec4f64b30,0xd047649187fd20d3249b75f0d5575c4da403758bef7b047594c912f697b9e24a,0,94207121,0.015203904064473904,1741095041954603,Blobble Stake Token,0.0040204125,BST,0,1,2025-03-04
cxf14dea1cff7ceb29a46e6d04533a08f84441e41d,hx891d1d00f371272c0d2f735d58acd435ffef9e62,hx9092a3fc19763f078f069b5406c4433f37b7ea56,0x4c5763ceb16dae,0x0ff7f9efe0f2434b50363d250df4d3c2e7011fc17e1da674d5e7711b20f60235,0,94207119,0.02148818441112312,1741095037949802,Blobble Stake Token,0.0040204125,BST,0,1,2025-03-04
cxf14dea1cff7ceb29a46e6d04533a08f84441e41d,hx891d1d00f371272c0d2f735d58acd435ffef9e62,hx6e26bb673c4af3bb347d1023ec2f460f3f79fcbf,0x50a99e96c521c5,0x00809efa6a7078bf8080a5c362d164b6a2a11e98259743af9a7f8d71bd553cef,0,94207117,0.02270449673628103,1741095033941488,Blobble Stake Token,0.0040191,BST,0,1,2025-03-04
cx88fd7df7ddff82f7cc735c871dc519838cb235bb,cxa0af3165c08318e988cb30993b3048335b94af6c,cx5faae53c4dbd1fbe4a2eb4aab6565030f10da5c6,0xe55bb0e4b0c408,0xe8770f359b78f4cbf4de6a82899074f689398b4e6bca3cd030e1f036e842ca33,2,94207115,0.06455858497590171,1741095029909549,Balanced Dollar,0.05694565,bnUSD,0,2,2025-03-04
cx88fd7df7ddff82f7cc735c871dc519838cb235bb,cxa0af3165c08318e988cb30993b3048335b94af6c,hxd75467e3e4ce64e3424c747dfb71503017440433,0x253a2a25810bb2575,0xe8770f359b78f4cbf4de6a82899074f689398b4e6bca3cd030e1f036e842ca33,1,94207115,42.92004589791577,1741095029909549,Balanced Dollar,0.05694565,bnUSD,0,2,2025-03-04
cx4297f4b63262507623b6ad575d0d8dd2db980e4e,hxd75467e3e4ce64e3424c747dfb71503017440433,cxa0af3165c08318e988cb30993b3048335b94af6c,0x3782dace9d900000,0xe8770f359b78f4cbf4de6a82899074f689398b4e6bca3cd030e1f036e842ca33,0,94207115,4.0,1741095029909549,Injective,0.05694565,INJ,0,2,2025-03-04
cxf14dea1cff7ceb29a46e6d04533a08f84441e41d,hxec052dfc0db0ae26086ca78e36a054a8424d3707,hx891d1d00f371272c0d2f735d58acd435ffef9e62,0x0,0x3d301b2644bebdb2813eb80732771d2131deaa541b2f7098c62db5d40c0b89df,0,94207115,0.0,1741095029909549,Blobble Stake Token,0.0039801,BST,0,1,2025-03-04
cx88fd7df7ddff82f7cc735c871dc519838cb235bb,cxa0af3165c08318e988cb30993b3048335b94af6c,cx5faae53c4dbd1fbe4a2eb4aab6565030f10da5c6,0x301cf2ab5495ed,0x53947c809b43f4c4262094cf3f454bebc810ec798957be89bf0a254f37439b79,2,94207114,0.013542627464222188,1741095027941690,Balanced Dollar,0.056862925,bnUSD,0,1,2025-03-04
cx88fd7df7ddff82f7cc735c871dc519838cb235bb,cxa0af3165c08318e988cb30993b3048335b94af6c,hx06efa9167ece33af37f7153dc53bce2775f812f2,0x7cecbd07b45e7fab,0x53947c809b43f4c4262094cf3f454bebc810ec798957be89bf0a254f37439b79,1,94207114,9.001777595995291,1741095027941690,Balanced Dollar,0.056862925,bnUSD,0,1,2025-03-04
cx4297f4b63262507623b6ad575d0d8dd2db980e4e,hx06efa9167ece33af37f7153dc53bce2775f812f2,cxa0af3165c08318e988cb30993b3048335b94af6c,0xba3a5b1d9eec1f1,0x53947c809b43f4c4262094cf3f454bebc810ec798957be89bf0a254f37439b79,0,94207114,0.8386961389051417,1741095027941690,Injective,0.056862925,INJ,0,1,2025-03-04
cxf14dea1cff7ceb29a46e6d04533a08f84441e41d,hxec052dfc0db0ae26086ca78e36a054a8424d3707,hxc6b7736cb8a3c53d1bd208715f69406ec38b1af4,0x0,0x21984a97ee83ecc658f189b66fa7ca359d4d78e408402c25b84f4a9000705946,0,94207113,0.0,1741095025927611,Blobble Stake Token,0.0039801,BST,0,1,2025-03-04
cx88fd7df7ddff82f7cc735c871dc519838cb235bb,cxa0af3165c08318e988cb30993b3048335b94af6c,cx5faae53c4dbd1fbe4a2eb4aab6565030f10da5c6,0xd8c65414a34944,0x294b4263412c0cd6c02f7f796efb7a57499f7cd8291a3bec0d12dca7f64841d5,2,94207112,0.061016659395299655,1741095023915024,Balanced Dollar,0.0473681375,bnUSD,0,3,2025-03-04
cx88fd7df7ddff82f7cc735c871dc519838cb235bb,cxa0af3165c08318e988cb30993b3048335b94af6c,hxd75467e3e4ce64e3424c747dfb71503017440433,0x232f92eb47ccecaac,0x294b4263412c0cd6c02f7f796efb7a57499f7cd8291a3bec0d12dca7f64841d5,1,94207112,40.56650647123937,1741095023915024,Balanced Dollar,0.0473681375,bnUSD,0,3,2025-03-04
cx65c9e3d4fea842e00add0d32a5b4c5e4e04c7a6b,hxd75467e3e4ce64e3424c747dfb71503017440433,cxa0af3165c08318e988cb30993b3048335b94af6c,0x11e1a300,0x294b4263412c0cd6c02f7f796efb7a57499f7cd8291a3bec0d12dca7f64841d5,0,94207112,0.3,1741095023915024,Solana,0.0473681375,SOL,0,3,2025-03-04
cx88fd7df7ddff82f7cc735c871dc519838cb235bb,cxbf469921730ed3c3c8c1924fc482d369f8795fe2,hx385a695da4288bf7d70df14d1201e832c2bcf2a6,0xbd7dd03085a2a0000,0x9821f0e61b7928ed2028d7c8241186ce6406c9916009ccae7c76dd05cdb9278c,1,94207112,218.46877683321995,1741095023915024,Balanced Dollar,0.0417461375,bnUSD,0,2,2025-03-04
cx88fd7df7ddff82f7cc735c871dc519838cb235bb,hx385a695da4288bf7d70df14d1201e832c2bcf2a6,cxbf469921730ed3c3c8c1924fc482d369f8795fe2,0xbd7dd03085a2a0000,0x9821f0e61b7928ed2028d7c8241186ce6406c9916009ccae7c76dd05cdb9278c,0,94207112,218.46877683321995,1741095023915024,Balanced Dollar,0.0417461375,bnUSD,0,2,2025-03-04
cx4297f4b63262507623b6ad575d0d8dd2db980e4e,cx66d4d90f5f113eba575bf793570135f9b10cece1,cx835b300dcfe01f0bdb794e134a0c5628384f4367,0x1e18f24804ff5f,0x737f0a067949c986ebe63e43db0af695c7ca8e5b5fa02aa17a889f1f5107e72b,3,94207112,0.008471678170759007,1741095023915024,Injective,0.0928055625,INJ,0,1,2025-03-04
cx4297f4b63262507623b6ad575d0d8dd2db980e4e,cx66d4d90f5f113eba575bf793570135f9b10cece1,hx06efa9167ece33af37f7153dc53bce2775f812f2,0xba3a5b1d9eec1f1,0x737f0a067949c986ebe63e43db0af695c7ca8e5b5fa02aa17a889f1f5107e72b,1,94207112,0.8386961389051417,1741095023915024,Injective,0.0928055625,INJ,0,1,2025-03-04
cx88fd7df7ddff82f7cc735c871dc519838cb235bb,hx06efa9167ece33af37f7153dc53bce2775f812f2,hx0000000000000000000000000000000000000000,0x76eeca26ba6e187d,0x737f0a067949c986ebe63e43db0af695c7ca8e5b5fa02aa17a889f1f5107e72b,0,94207112,8.570009408617977,1741095023915024,Balanced Dollar,0.0928055625,bnUSD,0,1,2025-03-04
cxf14dea1cff7ceb29a46e6d04533a08f84441e41d,hxec052dfc0db0ae26086ca78e36a054a8424d3707,hxfb185f9bd35ce14b17ba914e4c65ebc4db9baf2d,0x0,0x2347dbd64a54d7736e925a63a7677dcb0700de9a07b8291ce8b6cc0c47534ee8,0,94207111,0.0,1741095021910423,Blobble Stake Token,0.0039801,BST,0,1,2025-03-04
cxf14dea1cff7ceb29a46e6d04533a08f84441e41d,hxec052dfc0db0ae26086ca78e36a054a8424d3707,hx2813eeecf85986287792ac84eccdaa2d4c3d7948,0x0,0xe13ef29bc38ef35c626c2726faa1a00e2fcfaf51067483317d380a0c2c8595c5,0,94207109,0.0,1741095017897329,Blobble Stake Token,0.0039801,BST,0,2,2025-03-04
cx88fd7df7ddff82f7cc735c871dc519838cb235bb,cxa0af3165c08318e988cb30993b3048335b94af6c,cx5faae53c4dbd1fbe4a2eb4aab6565030f10da5c6,0x14d9c89916b1ffc,0xdfab5ddea1ef50a0c656227dfaa07387c586d177cb89dfb78fe90307b0192a17,2,94207109,0.09390328190881791,1741095017897329,Balanced Dollar,0.0569765875,bnUSD,0,1,2025-03-04
cx88fd7df7ddff82f7cc735c871dc519838cb235bb,cxa0af3165c08318e988cb30993b3048335b94af6c,hxd75467e3e4ce64e3424c747dfb71503017440433,0x3624bc8b1b37a74ab,0xdfab5ddea1ef50a0c656227dfaa07387c586d177cb89dfb78fe90307b0192a17,1,94207109,62.42320772564481,1741095017897329,Balanced Dollar,0.0569765875,bnUSD,0,1,2025-03-04
cx288d13e1b63563459a2ac6179f237711f6851cb5,hxd75467e3e4ce64e3424c747dfb71503017440433,cxa0af3165c08318e988cb30993b3048335b94af6c,0x6a94d74f430000,0xdfab5ddea1ef50a0c656227dfaa07387c586d177cb89dfb78fe90307b0192a17,0,94207109,0.03,1741095017897329,Ethereum,0.0569765875,ETH,0,1,2025-03-04
cxf14dea1cff7ceb29a46e6d04533a08f84441e41d,hxec052dfc0db0ae26086ca78e36a054a8424d3707,hx2e7db537ca3ff73336bee1bab4cf733a94ae769b,0x0,0x3aac0f0a91fd0c7f04c3ec1a4eddac66aa96357c58af9bf81b1133db11ac7b20,0,94207107,0.0,1741095013906708,Blobble Stake Token,0.0039801,BST,0,1,2025-03-04
cx88fd7df7ddff82f7cc735c871dc519838cb235bb,cx21e94c08c03daee80c25d8ee3ea22a20786ec231,hx970eda4988e547df0de8324226fdf3e8ebc9734f,0x2d42aae390e31671ec,0x2d0c00193c84efda61db9a937ceb7fc72237444bf4351eb12909a8a2c40545a4,5,94207106,834.9073854808986,1741095011917453,Balanced Dollar,0.0860290375,bnUSD,0,1,2025-03-04
cx88fd7df7ddff82f7cc735c871dc519838cb235bb,cxa0af3165c08318e988cb30993b3048335b94af6c,cx5faae53c4dbd1fbe4a2eb4aab6565030f10da5c6,0x1167eddb0926d5a7,0x2d0c00193c84efda61db9a937ceb7fc72237444bf4351eb12909a8a2c40545a4,3,94207106,1.2542325462531332,1741095011917453,Balanced Dollar,0.0860290375,bnUSD,0,1,2025-03-04
cx88fd7df7ddff82f7cc735c871dc519838cb235bb,cxa0af3165c08318e988cb30993b3048335b94af6c,cx21e94c08c03daee80c25d8ee3ea22a20786ec231,0x2d42aae390e31671ec,0x2d0c00193c84efda61db9a937ceb7fc72237444bf4351eb12909a8a2c40545a4,2,94207106,834.9073854808986,1741095011917453,Balanced Dollar,0.0860290375,bnUSD,0,1,2025-03-04
cx07b184a37f03c6ab681fcbd0b45aec6dc3eafbeb,cx21e94c08c03daee80c25d8ee3ea22a20786ec231,cxa0af3165c08318e988cb30993b3048335b94af6c,0x2386f26fc10000,0x2d0c00193c84efda61db9a937ceb7fc72237444bf4351eb12909a8a2c40545a4,1,94207106,0.01,1741095011917453,Bitcoin,0.0860290375,BTC,0,1,2025-03-04
cx07b184a37f03c6ab681fcbd0b45aec6dc3eafbeb,hx970eda4988e547df0de8324226fdf3e8ebc9734f,cx21e94c08c03daee80c25d8ee3ea22a20786ec231,0x2386f26fc10000,0x2d0c00193c84efda61db9a937ceb7fc72237444bf4351eb12909a8a2c40545a4,0,94207106,0.01,1741095011917453,Bitcoin,0.0860290375,BTC,0,1,2025-03-04
cxf14dea1cff7ceb29a46e6d04533a08f84441e41d,hxec052dfc0db0ae26086ca78e36a054a8424d3707,hx904631ee1f8bdbac314e763e62ce20f58b053f9f,0x0,0xeff61edff03ea94b0cdd43ec35f435b6c7528c1bbc8ca80538dae0ea1ecee651,0,94207105,0.0,1741095009949492,Blobble Stake Token,0.0039801,BST,0,1,2025-03-04
cx2609b924e33ef00b648a409245c7ea394c467824,cx66d4d90f5f113eba575bf793570135f9b10cece1,hx873ceaf39d9d3b1d0363c6a8f7a8bdcf1294c916,0x1c1c063b9e3e33d7b1,0xb3818a409df59b8ae90b46cfda8f901430fdaf3fbf881d7816c7130bc758e23d,1,94207103,518.5282010976241,1741095005927665,Staked ICX,0.110049925,sICX,0,2,2025-03-04
cxf14dea1cff7ceb29a46e6d04533a08f84441e41d,hxec052dfc0db0ae26086ca78e36a054a8424d3707,hxa750e0b32977e43345d792ad014fff1044a09d6b,0x0,0x2f6f4a7e908157e9a5857743b653018f57d22f2a476ce754fe8fe9688df61783,0,94207103,0.0,1741095005927665,Blobble Stake Token,0.0039787875,BST,0,1,2025-03-04
cxf14dea1cff7ceb29a46e6d04533a08f84441e41d,hxec052dfc0db0ae26086ca78e36a054a8424d3707,hxec408aa402df810bcb80911473e2648035434da1,0x0,0x7dad7e1c6204347819f0ee50fabb07fd49797e0931d8b9a0be12f614111f2722,0,94207101,0.0,1741095001906614,Blobble Stake Token,0.0039801,BST,0,1,2025-03-04
cxf14dea1cff7ceb29a46e6d04533a08f84441e41d,hxec052dfc0db0ae26086ca78e36a054a8424d3707,hxc373dce33849e84e984e12853e841a7229d4d914,0x0,0xf089a109fed5611173aa27ac021151bb88f3bff9e6f06876af48a80be887fbff,0,94207099,0.0,1741094996633500,Blobble Stake Token,0.0039801,BST,0,1,2025-03-04
cxf14dea1cff7ceb29a46e6d04533a08f84441e41d,hxec052dfc0db0ae26086ca78e36a054a8424d3707,hxcc0de0c2b1b14a11e4156e7c42ea6e56e9b33a6a,0x0,0x769baf9f692e500c5377aac2cbac99de65c287b28b1d214c80d91382bc98351e,0,94207097,0.0,1741094992833855,Blobble Stake Token,0.0039787875,BST,0,2,2025-03-04
cx1a29259a59f463a67bb2ef84398b30ca56b5830a,hxf39ec72347977b0d0b313eb067353ba32927f51d,cxeaff5a10cb72bf85965b8b4af3e708ab772b7921,0xd897d57583cec7c0000,0x96605e60bc24b22a630006dad540487de530b9a66c15671dc1c2a46bb437df5f,0,94207097,63927.0,1741094992833855,Omm Token,0.2281807375,OMM,0,1,2025-03-04
cx88fd7df7ddff82f7cc735c871dc519838cb235bb,cx21e94c08c03daee80c25d8ee3ea22a20786ec231,hxd75467e3e4ce64e3424c747dfb71503017440433,0x6108f31ac1b925700,0x203f4fbdaf7e7768507daba5be8b7a2aed4b0ed4223280fc93bd9a8ca7f5e5fd,9,94207095,111.87369148380049,1741094988726958,Balanced Dollar,0.169998275,bnUSD,0,2,2025-03-04
cx88fd7df7ddff82f7cc735c871dc519838cb235bb,cxa0af3165c08318e988cb30993b3048335b94af6c,cx5faae53c4dbd1fbe4a2eb4aab6565030f10da5c6,0x255e603a3cc8698,0x203f4fbdaf7e7768507daba5be8b7a2aed4b0ed4223280fc93bd9a8ca7f5e5fd,7,94207095,0.168293464403642,1741094988726958,Balanced Dollar,0.169998275,bnUSD,0,2,2025-03-04
cx88fd7df7ddff82f7cc735c871dc519838cb235bb,cxa0af3165c08318e988cb30993b3048335b94af6c,cx21e94c08c03daee80c25d8ee3ea22a20786ec231,0x6108f31ac1b925700,0x203f4fbdaf7e7768507daba5be8b7a2aed4b0ed4223280fc93bd9a8ca7f5e5fd,6,94207095,111.87369148380049,1741094988726958,Balanced Dollar,0.169998275,bnUSD,0,2,2025-03-04
cx2609b924e33ef00b648a409245c7ea394c467824,cx21e94c08c03daee80c25d8ee3ea22a20786ec231,cxa0af3165c08318e988cb30993b3048335b94af6c,0x2b2d958ed2b0791042,0x203f4fbdaf7e7768507daba5be8b7a2aed4b0ed4223280fc93bd9a8ca7f5e5fd,5,94207095,796.4946837083023,1741094988726958,Staked ICX,0.169998275,sICX,0,2,2025-03-04
cx2609b924e33ef00b648a409245c7ea394c467824,cxa0af3165c08318e988cb30993b3048335b94af6c,cx5faae53c4dbd1fbe4a2eb4aab6565030f10da5c6,0x109bb4f969dc7028,0x203f4fbdaf7e7768507daba5be8b7a2aed4b0ed4223280fc93bd9a8ca7f5e5fd,3,94207095,1.1967491093129095,1741094988726958,Staked ICX,0.169998275,sICX,0,2,2025-03-04
cx2609b924e33ef00b648a409245c7ea394c467824,cxa0af3165c08318e988cb30993b3048335b94af6c,cx21e94c08c03daee80c25d8ee3ea22a20786ec231,0x2b2d958ed2b0791042,0x203f4fbdaf7e7768507daba5be8b7a2aed4b0ed4223280fc93bd9a8ca7f5e5fd,2,94207095,796.4946837083023,1741094988726958,Staked ICX,0.169998275,sICX,0,2,2025-03-04
cx518f64edcd35db9044a2de63fdc10abfd5f7d611,cx21e94c08c03daee80c25d8ee3ea22a20786ec231,cxa0af3165c08318e988cb30993b3048335b94af6c,0xee6b2800,0x203f4fbdaf7e7768507daba5be8b7a2aed4b0ed4223280fc93bd9a8ca7f5e5fd,1,94207095,400.0,1741094988726958,Stellar,0.169998275,XLM,0,2,2025-03-04
cx518f64edcd35db9044a2de63fdc10abfd5f7d611,hxd75467e3e4ce64e3424c747dfb71503017440433,cx21e94c08c03daee80c25d8ee3ea22a20786ec231,0xee6b2800,0x203f4fbdaf7e7768507daba5be8b7a2aed4b0ed4223280fc93bd9a8ca7f5e5fd,0,94207095,400.0,1741094988726958,Stellar,0.169998275,XLM,0,2,2025-03-04
cxf14dea1cff7ceb29a46e6d04533a08f84441e41d,hxec052dfc0db0ae26086ca78e36a054a8424d3707,hx93fc022d3c65d2e9cfa09678035385fa6514c813,0x0,0x8615996eae270e82fd2b3b2131c21e2ce6c853c9211e4ec8f318db086f26fcc3,0,94207095,0.0,1741094988726958,Blobble Stake Token,0.003977475,BST,0,1,2025-03-04
cxf14dea1cff7ceb29a46e6d04533a08f84441e41d,hxec052dfc0db0ae26086ca78e36a054a8424d3707,hxfbf235f190745379a198eb188c836cc91c9d41cb,0x0,0xd18a1fd4c34100e0791b0f2977375edf2fad5b6f01efb5c2ea4832631a537e82,0,94207093,0.0,1741094984629913,Blobble Stake Token,0.0039787875,BST,0,1,2025-03-04
cxf14dea1cff7ceb29a46e6d04533a08f84441e41d,hxec052dfc0db0ae26086ca78e36a054a8424d3707,hxf59d7f397fe565afe4d2f5ca9870b7d56f9adffd,0x0,0xf5c6b8391fedb58787b6444f67dd62f1c00cdbc2734ae687fda9437e40fafeb1,0,94207091,0.0,1741094980631498,Blobble Stake Token,0.0039787875,BST,0,1,2025-03-04
cx88fd7df7ddff82f7cc735c871dc519838cb235bb,cxa0af3165c08318e988cb30993b3048335b94af6c,cx5faae53c4dbd1fbe4a2eb4aab6565030f10da5c6,0x14db4ad0d912687,0x3ff1f297664f3890d3146a0ea9502542afbdbb1792142f3d01e4412a770f14e5,2,94207090,0.09392982259460672,1741094978820371,Balanced Dollar,0.0569765875,bnUSD,0,1,2025-03-04
cx88fd7df7ddff82f7cc735c871dc519838cb235bb,cxa0af3165c08318e988cb30993b3048335b94af6c,hxd75467e3e4ce64e3424c747dfb71503017440433,0x3628a783af0e0f8f4,0x3ff1f297664f3890d3146a0ea9502542afbdbb1792142f3d01e4412a770f14e5,1,94207090,62.44085217817638,1741094978820371,Balanced Dollar,0.0569765875,bnUSD,0,1,2025-03-04
cx288d13e1b63563459a2ac6179f237711f6851cb5,hxd75467e3e4ce64e3424c747dfb71503017440433,cxa0af3165c08318e988cb30993b3048335b94af6c,0x6a94d74f430000,0x3ff1f297664f3890d3146a0ea9502542afbdbb1792142f3d01e4412a770f14e5,0,94207090,0.03,1741094978820371,Ethereum,0.0569765875,ETH,0,1,2025-03-04
cxf14dea1cff7ceb29a46e6d04533a08f84441e41d,hxec052dfc0db0ae26086ca78e36a054a8424d3707,hxa9fe5afa56c947cb4e313114e87e2072034be7ac,0x0,0x8ddfb67c9786f69d418d7627a910a75e0869c64c905ebf7ec99fe5c4551c0029,0,94207089,0.0,1741094976837043,Blobble Stake Token,0.0039787875,BST,0,1,2025-03-04
cxf14dea1cff7ceb29a46e6d04533a08f84441e41d,hxec052dfc0db0ae26086ca78e36a054a8424d3707,hx222e768cd4d1f6fce98d490e7818ae9fca55302e,0x0,0xee604c18be0258b0f25a75331ff9062c59d2dee263601a826ae084f5c00b177c,0,94207087,0.0,1741094972732125,Blobble Stake Token,0.0039787875,BST,0,2,2025-03-04
cx88fd7df7ddff82f7cc735c871dc519838cb235bb,cxa0af3165c08318e988cb30993b3048335b94af6c,cx5faae53c4dbd1fbe4a2eb4aab6565030f10da5c6,0xd8e3c69e6a5551,0x9421670aba123aaa8252e5be86dc1f5fb742dfe1ed61fe7820abf01b3f53111e,2,94207087,0.06104903717030024,1741094972732125,Balanced Dollar,0.0473681375,bnUSD,0,1,2025-03-04
cx88fd7df7ddff82f7cc735c871dc519838cb235bb,cxa0af3165c08318e988cb30993b3048335b94af6c,hxd75467e3e4ce64e3424c747dfb71503017440433,0x23345ab37d4a5d961,0x9421670aba123aaa8252e5be86dc1f5fb742dfe1ed61fe7820abf01b3f53111e,1,94207087,40.588035473025656,1741094972732125,Balanced Dollar,0.0473681375,bnUSD,0,1,2025-03-04
cx65c9e3d4fea842e00add0d32a5b4c5e4e04c7a6b,hxd75467e3e4ce64e3424c747dfb71503017440433,cxa0af3165c08318e988cb30993b3048335b94af6c,0x11e1a300,0x9421670aba123aaa8252e5be86dc1f5fb742dfe1ed61fe7820abf01b3f53111e,0,94207087,0.3,1741094972732125,Solana,0.0473681375,SOL,0,1,2025-03-04
cxf14dea1cff7ceb29a46e6d04533a08f84441e41d,hxec052dfc0db0ae26086ca78e36a054a8424d3707,hx56f788fde3f220879c1467ec8b23d7f70e561da2,0x0,0x6b3de483f8c03c9c7757d0c9007b54bc8fcf7716aca584adcad91c1709f2d8d6,0,94207085,0.0,1741094968626898,Blobble Stake Token,0.003977475,BST,0,1,2025-03-04
cxf14dea1cff7ceb29a46e6d04533a08f84441e41d,hxec052dfc0db0ae26086ca78e36a054a8424d3707,hxdd399c9ec1eb4e49e76d9c985990b3a159bcfd82,0x0,0x64633105f254840031e0ea732bfc3a1a1bf1eca096dc754d6a58d3c9d8956141,0,94207083,0.0,1741094964626501,Blobble Stake Token,0.0039787875,BST,0,2,2025-03-04
cx88fd7df7ddff82f7cc735c871dc519838cb235bb,cxa0af3165c08318e988cb30993b3048335b94af6c,cx5faae53c4dbd1fbe4a2eb4aab6565030f10da5c6,0xe57d21331cfdcf,0x819c48428ecb47e1c830fa91ff10ec57827154cdc3cff177557cb83ac7cbb897,2,94207083,0.064595351211671,1741094964626501,Balanced Dollar,0.05694565,bnUSD,0,1,2025-03-04
cx88fd7df7ddff82f7cc735c871dc519838cb235bb,cxa0af3165c08318e988cb30993b3048335b94af6c,hxd75467e3e4ce64e3424c747dfb71503017440433,0x253f97bc96bbd2f8a,0x819c48428ecb47e1c830fa91ff10ec57827154cdc3cff177557cb83ac7cbb897,1,94207083,42.94449182679428,1741094964626501,Balanced Dollar,0.05694565,bnUSD,0,1,2025-03-04
cx4297f4b63262507623b6ad575d0d8dd2db980e4e,hxd75467e3e4ce64e3424c747dfb71503017440433,cxa0af3165c08318e988cb30993b3048335b94af6c,0x3782dace9d900000,0x819c48428ecb47e1c830fa91ff10ec57827154cdc3cff177557cb83ac7cbb897,0,94207083,4.0,1741094964626501,Injective,0.05694565,INJ,0,1,2025-03-04
cxf14dea1cff7ceb29a46e6d04533a08f84441e41d,hxec052dfc0db0ae26086ca78e36a054a8424d3707,hxda93f26fb12647deec2bf4dcb5bd23e0abec3e87,0x0,0x98947dae5bc33ffbe997aff7fb5e7fe9a505c2be91c339e5c1d68e8ccd4d16df,0,94207081,0.0,1741094960625952,Blobble Stake Token,0.0039787875,BST,0,2,2025-03-04
cx6139a27c15f1653471ffba0b4b88dc15de7e3267,hx04c8c5e5f412aa7c1986514bbbef2d269a2733fc,hx5b24217047526bd1c9475ddc7e10f93325dd2322,0x2801ceb1e88e480000,0xae91dd6a8451c5bb3f7bf3c954af91be359c84e428f9c681ce4816fc10cc1f52,0,94207079,738.0,1741094956628589,GangstaBet Token,0.00303385,GBET,0,2,2025-03-04
cxf14dea1cff7ceb29a46e6d04533a08f84441e41d,hxec052dfc0db0ae26086ca78e36a054a8424d3707,hxdb251455b34ba279f22f272117cbd263d4e57c07,0x0,0x372ee8ffce7aaa7ba368df22c10b03ac67ab128a30c68abbd7b6ad247886c915,0,94207079,0.0,1741094956628589,Blobble Stake Token,0.0039787875,BST,0,1,2025-03-04
cxf14dea1cff7ceb29a46e6d04533a08f84441e41d,hxec052dfc0db0ae26086ca78e36a054a8424d3707,hx5510b4a79239e02fdbf51dfb370381bda18c0492,0x0,0x2b46b3fb326fb932f402c61f95ffa51c7c82d5aceb3291c2d9994f05e4aff0ac,0,94207077,0.0,1741094952623169,Blobble Stake Token,0.0039787875,BST,0,1,2025-03-04
cxf14dea1cff7ceb29a46e6d04533a08f84441e41d,hxec052dfc0db0ae26086ca78e36a054a8424d3707,hx9b33d79611c9ddd2d8c0365f78da318308a8ca82,0x0,0xacbbe29a8888f8f46dce1e7ec5ab0cc25a9381abac0f16851e77e81d6783d22e,0,94207075,0.0,1741094948840677,Blobble Stake Token,0.003977475,BST,0,1,2025-03-04
cxf14dea1cff7ceb29a46e6d04533a08f84441e41d,hxec052dfc0db0ae26086ca78e36a054a8424d3707,hx3bac22e9a6699457f922e1a8f4a5d290a6f9032f,0x0,0x0a4452e36e54d5436d485ad436aacc5a77d0c1770675173c48428d23e640fb5f,0,94207073,0.0,1741094944621353,Blobble Stake Token,0.0039787875,BST,0,2,2025-03-04
cx88fd7df7ddff82f7cc735c871dc519838cb235bb,cxa0af3165c08318e988cb30993b3048335b94af6c,cx5faae53c4dbd1fbe4a2eb4aab6565030f10da5c6,0x14dccd328a84fe1,0x1cd67b9123a5ba3e2c1f5456848ae368e8503796bc63910ef95d811b93e6317f,2,94207073,0.09395637453693334,1741094944621353,Balanced Dollar,0.0569765875,bnUSD,0,1,2025-03-04
cx88fd7df7ddff82f7cc735c871dc519838cb235bb,cxa0af3165c08318e988cb30993b3048335b94af6c,hxd75467e3e4ce64e3424c747dfb71503017440433,0x362c92e92ad39f94b,0x1cd67b9123a5ba3e2c1f5456848ae368e8503796bc63910ef95d811b93e6317f,1,94207073,62.458504114670795,1741094944621353,Balanced Dollar,0.0569765875,bnUSD,0,1,2025-03-04
cx288d13e1b63563459a2ac6179f237711f6851cb5,hxd75467e3e4ce64e3424c747dfb71503017440433,cxa0af3165c08318e988cb30993b3048335b94af6c,0x6a94d74f430000,0x1cd67b9123a5ba3e2c1f5456848ae368e8503796bc63910ef95d811b93e6317f,0,94207073,0.03,1741094944621353,Ethereum,0.0569765875,ETH,0,1,2025-03-04
cxf14dea1cff7ceb29a46e6d04533a08f84441e41d,hxec052dfc0db0ae26086ca78e36a054a8424d3707,hx4f45fd324c0cb69ede9437dbcc1ad846fd53ead2,0x0,0xc87972bf85330c32609e083c1cc92bfc1f78e027e039171cc3f9bda1b5062bc3,0,94207071,0.0,1741094940668938,Blobble Stake Token,0.0039801,BST,0,1,2025-03-04
cx88fd7df7ddff82f7cc735c871dc519838cb235bb,cxa0af3165c08318e988cb30993b3048335b94af6c,cx5faae53c4dbd1fbe4a2eb4aab6565030f10da5c6,0xd9013f29138482,0x0372f25348b020833a9af61dc75572d94f125b1fbb01387a015c63204e748db4,2,94207069,0.06108144072992474,1741094936756717,Balanced Dollar,0.0473681375,bnUSD,0,2,2025-03-04
cx88fd7df7ddff82f7cc735c871dc519838cb235bb,cxa0af3165c08318e988cb30993b3048335b94af6c,hxd75467e3e4ce64e3424c747dfb71503017440433,0x2339237539674303f,0x0372f25348b020833a9af61dc75572d94f125b1fbb01387a015c63204e748db4,1,94207069,40.60958162209919,1741094936756717,Balanced Dollar,0.0473681375,bnUSD,0,2,2025-03-04
cx65c9e3d4fea842e00add0d32a5b4c5e4e04c7a6b,hxd75467e3e4ce64e3424c747dfb71503017440433,cxa0af3165c08318e988cb30993b3048335b94af6c,0x11e1a300,0x0372f25348b020833a9af61dc75572d94f125b1fbb01387a015c63204e748db4,0,94207069,0.3,1741094936756717,Solana,0.0473681375,SOL,0,2,2025-03-04
cxf14dea1cff7ceb29a46e6d04533a08f84441e41d,hxec052dfc0db0ae26086ca78e36a054a8424d3707,hxdbf828645787b60b33c92b3ff484a14e543c7e8b,0x0,0x81c385af079a9b594d254363a5704a81e9e2ceb6ec1057e1db29f7224dab691b,0,94207069,0.0,1741094936756717,Blobble Stake Token,0.0039787875,BST,0,1,2025-03-04
cxf14dea1cff7ceb29a46e6d04533a08f84441e41d,hxec052dfc0db0ae26086ca78e36a054a8424d3707,hx508e5716e25d70a624e7647861e547aa4d33723b,0x0,0xa487537dd74a031175cb9501bb939506bfcd7a39211aac3b649354d05ce83247,0,94207067,0.0,1741094932809324,Blobble Stake Token,0.0039787875,BST,0,1,2025-03-04
cx88fd7df7ddff82f7cc735c871dc519838cb235bb,cxa0af3165c08318e988cb30993b3048335b94af6c,cx5faae53c4dbd1fbe4a2eb4aab6565030f10da5c6,0x1a27e3a2e149ff1,0xc47cb97d3a09ec2a47e414ed9cbd81b68af40846f8e57b2fc5754b181a86efb0,2,94207066,0.11779532861136076,1741094930617454,Balanced Dollar,0.056911275,bnUSD,0,2,2025-03-04
cx88fd7df7ddff82f7cc735c871dc519838cb235bb,cxa0af3165c08318e988cb30993b3048335b94af6c,hxd75467e3e4ce64e3424c747dfb71503017440433,0x43ee8e1e117935c49,0xc47cb97d3a09ec2a47e414ed9cbd81b68af40846f8e57b2fc5754b181a86efb0,1,94207066,78.32009767666604,1741094930617454,Balanced Dollar,0.056911275,bnUSD,0,2,2025-03-04
cx66a031cc3bd305c76371fb586e93801b948254f0,hxd75467e3e4ce64e3424c747dfb71503017440433,cxa0af3165c08318e988cb30993b3048335b94af6c,0x3782dace9d900000,0xc47cb97d3a09ec2a47e414ed9cbd81b68af40846f8e57b2fc5754b181a86efb0,0,94207066,4.0,1741094930617454,Avalanche,0.056911275,AVAX,0,2,2025-03-04
cx88fd7df7ddff82f7cc735c871dc519838cb235bb,cx21e94c08c03daee80c25d8ee3ea22a20786ec231,hx7497c286aa521b09b2b54d78cde3fa4573c0e157,0xedd06ec02d27c2bb,0xb3f618adb12f884f0c5e5d6502f58ed3459e83ab4975751d2801c256bd0d56e6,17,94207066,17.136318353815096,1741094930617454,Balanced Dollar,0.2587696375,bnUSD,0,1,2025-03-04
cx88fd7df7ddff82f7cc735c871dc519838cb235bb,cxa0af3165c08318e988cb30993b3048335b94af6c,cx5faae53c4dbd1fbe4a2eb4aab6565030f10da5c6,0x5b97f62871af17,0xb3f618adb12f884f0c5e5d6502f58ed3459e83ab4975751d2801c256bd0d56e6,15,94207066,0.02578130637695772,1741094930617454,Balanced Dollar,0.2587696375,bnUSD,0,1,2025-03-04
cx88fd7df7ddff82f7cc735c871dc519838cb235bb,cxa0af3165c08318e988cb30993b3048335b94af6c,cx21e94c08c03daee80c25d8ee3ea22a20786ec231,0xedd06ec02d27c2bb,0xb3f618adb12f884f0c5e5d6502f58ed3459e83ab4975751d2801c256bd0d56e6,14,94207066,17.136318353815096,1741094930617454,Balanced Dollar,0.2587696375,bnUSD,0,1,2025-03-04
cx2609b924e33ef00b648a409245c7ea394c467824,cx21e94c08c03daee80c25d8ee3ea22a20786ec231,cxa0af3165c08318e988cb30993b3048335b94af6c,0x69ce26ab1442cfe00,0xb3f618adb12f884f0c5e5d6502f58ed3459e83ab4975751d2801c256bd0d56e6,13,94207066,121.98517976649623,1741094930617454,Staked ICX,0.2587696375,sICX,0,1,2025-03-04
cx2609b924e33ef00b648a409245c7ea394c467824,cxa0af3165c08318e988cb30993b3048335b94af6c,cx5faae53c4dbd1fbe4a2eb4aab6565030f10da5c6,0x28910df0a7a0fd1,0xb3f618adb12f884f0c5e5d6502f58ed3459e83ab4975751d2801c256bd0d56e6,11,94207066,0.18269581002473878,1741094930617454,Staked ICX,0.2587696375,sICX,0,1,2025-03-04
cx2609b924e33ef00b648a409245c7ea394c467824,cxa0af3165c08318e988cb30993b3048335b94af6c,cx21e94c08c03daee80c25d8ee3ea22a20786ec231,0x69ce26ab1442cfe00,0xb3f618adb12f884f0c5e5d6502f58ed3459e83ab4975751d2801c256bd0d56e6,10,94207066,121.98517976649623,1741094930617454,Staked ICX,0.2587696375,sICX,0,1,2025-03-04
cx1a29259a59f463a67bb2ef84398b30ca56b5830a,cx21e94c08c03daee80c25d8ee3ea22a20786ec231,cxa0af3165c08318e988cb30993b3048335b94af6c,0x2c4fc5e80e2b2a5583d,0xb3f618adb12f884f0c5e5d6502f58ed3459e83ab4975751d2801c256bd0d56e6,9,94207066,13078.47991824288,1741094930617454,Omm Token,0.2587696375,OMM,0,1,2025-03-04
cxae3034235540b924dfcc1b45836c293dcc82bfb7,cx21e94c08c03daee80c25d8ee3ea22a20786ec231,cxa0af3165c08318e988cb30993b3048335b94af6c,0x31d9311,0xb3f618adb12f884f0c5e5d6502f58ed3459e83ab4975751d2801c256bd0d56e6,8,94207066,52.269841,1741094930617454,ICON USD Coin,0.2587696375,IUSDC,0,1,2025-03-04
cxae3034235540b924dfcc1b45836c293dcc82bfb7,cxa0af3165c08318e988cb30993b3048335b94af6c,cx5faae53c4dbd1fbe4a2eb4aab6565030f10da5c6,0x13244,0xb3f618adb12f884f0c5e5d6502f58ed3459e83ab4975751d2801c256bd0d56e6,6,94207066,0.078404,1741094930617454,ICON USD Coin,0.2587696375,IUSDC,0,1,2025-03-04
cx1a29259a59f463a67bb2ef84398b30ca56b5830a,cxa0af3165c08318e988cb30993b3048335b94af6c,cx21e94c08c03daee80c25d8ee3ea22a20786ec231,0x2c4fc5e80e2b2a5583d,0xb3f618adb12f884f0c5e5d6502f58ed3459e83ab4975751d2801c256bd0d56e6,5,94207066,13078.47991824288,1741094930617454,Omm Token,0.2587696375,OMM,0,1,2025-03-04
cx88fd7df7ddff82f7cc735c871dc519838cb235bb,cxa0af3165c08318e988cb30993b3048335b94af6c,cx5faae53c4dbd1fbe4a2eb4aab6565030f10da5c6,0x5a219a89056749,0xb3f618adb12f884f0c5e5d6502f58ed3459e83ab4975751d2801c256bd0d56e6,3,94207066,0.025369695511471946,1741094930617454,Balanced Dollar,0.2587696375,bnUSD,0,1,2025-03-04
cxae3034235540b924dfcc1b45836c293dcc82bfb7,cxa0af3165c08318e988cb30993b3048335b94af6c,cx21e94c08c03daee80c25d8ee3ea22a20786ec231,0x31d9311,0xb3f618adb12f884f0c5e5d6502f58ed3459e83ab4975751d2801c256bd0d56e6,2,94207066,52.269841,1741094930617454,ICON USD Coin,0.2587696375,IUSDC,0,1,2025-03-04
cx88fd7df7ddff82f7cc735c871dc519838cb235bb,cx21e94c08c03daee80c25d8ee3ea22a20786ec231,cxa0af3165c08318e988cb30993b3048335b94af6c,0xeab7826f7e125000,0xb3f618adb12f884f0c5e5d6502f58ed3459e83ab4975751d2801c256bd0d56e6,1,94207066,16.913130340981297,1741094930617454,Balanced Dollar,0.2587696375,bnUSD,0,1,2025-03-04
cx88fd7df7ddff82f7cc735c871dc519838cb235bb,hx7497c286aa521b09b2b54d78cde3fa4573c0e157,cx21e94c08c03daee80c25d8ee3ea22a20786ec231,0xeab7826f7e125000,0xb3f618adb12f884f0c5e5d6502f58ed3459e83ab4975751d2801c256bd0d56e6,0,94207066,16.913130340981297,1741094930617454,Balanced Dollar,0.2587696375,bnUSD,0,1,2025-03-04
cxf14dea1cff7ceb29a46e6d04533a08f84441e41d,hxec052dfc0db0ae26086ca78e36a054a8424d3707,hx402c021c67b145f891199fdadb7a28eff0805600,0x0,0xf7711d32851cdd0e719e9c98109de1d0cd379c849e9d0c1a6fcae59a0095a35c,0,94207065,0.0,1741094928807037,Blobble Stake Token,0.0039787875,BST,0,1,2025-03-04
cxf14dea1cff7ceb29a46e6d04533a08f84441e41d,hxec052dfc0db0ae26086ca78e36a054a8424d3707,hx5ba7261f42747945929e14ee93122642970a350a,0x0,0x94f342f240c73b3f1c25fbcd28c1460b09f2133996510656453a50ec72d16237,0,94207063,0.0,1741094924615030,Blobble Stake Token,0.0039787875,BST,0,2,2025-03-04
cx1a29259a59f463a67bb2ef84398b30ca56b5830a,cx21e94c08c03daee80c25d8ee3ea22a20786ec231,hxf39ec72347977b0d0b313eb067353ba32927f51d,0xd8984f1c1b030a4f313,0x48010955587508cb78742b4b0d42bbed4c495cfee497a81bed0d3c153340b816,10,94207063,63927.54786624847,1741094924615030,Omm Token,0.1622672875,OMM,0,1,2025-03-04
cx2609b924e33ef00b648a409245c7ea394c467824,cxa0af3165c08318e988cb30993b3048335b94af6c,cx5faae53c4dbd1fbe4a2eb4aab6565030f10da5c6,0xc45213341aa6448,0x48010955587508cb78742b4b0d42bbed4c495cfee497a81bed0d3c153340b816,8,94207063,0.884149405876905,1741094924615030,Staked ICX,0.1622672875,sICX,0,1,2025-03-04
cx1a29259a59f463a67bb2ef84398b30ca56b5830a,cxa0af3165c08318e988cb30993b3048335b94af6c,cx21e94c08c03daee80c25d8ee3ea22a20786ec231,0xd8984f1c1b030a4f313,0x48010955587508cb78742b4b0d42bbed4c495cfee497a81bed0d3c153340b816,7,94207063,63927.54786624847,1741094924615030,Omm Token,0.1622672875,OMM,0,1,2025-03-04
cx2609b924e33ef00b648a409245c7ea394c467824,cx21e94c08c03daee80c25d8ee3ea22a20786ec231,cxa0af3165c08318e988cb30993b3048335b94af6c,0x1ff406757b010fd30a,0x48010955587508cb78742b4b0d42bbed4c495cfee497a81bed0d3c153340b816,6,94207063,589.43293725127,1741094924615030,Staked ICX,0.1622672875,sICX,0,1,2025-03-04
cx2609b924e33ef00b648a409245c7ea394c467824,cxa0af3165c08318e988cb30993b3048335b94af6c,cx5faae53c4dbd1fbe4a2eb4aab6565030f10da5c6,0xc4df7c4cb642252,0x48010955587508cb78742b4b0d42bbed4c495cfee497a81bed0d3c153340b816,4,94207063,0.8866371262598437,1741094924615030,Staked ICX,0.1622672875,sICX,0,1,2025-03-04
cx2609b924e33ef00b648a409245c7ea394c467824,cxa0af3165c08318e988cb30993b3048335b94af6c,cx21e94c08c03daee80c25d8ee3ea22a20786ec231,0x1ff406757b010fd30a,0x48010955587508cb78742b4b0d42bbed4c495cfee497a81bed0d3c153340b816,3,94207063,589.43293725127,1741094924615030,Staked ICX,0.1622672875,sICX,0,1,2025-03-04
cx3975b43d260fb8ec802cef6e60c2f4d07486f11d,cx21e94c08c03daee80c25d8ee3ea22a20786ec231,cxa0af3165c08318e988cb30993b3048335b94af6c,0x2a48acab6204b00000,0x48010955587508cb78742b4b0d42bbed4c495cfee497a81bed0d3c153340b816,2,94207063,780.0,1741094924615030,Wrapped ICX,0.1622672875,wICX,0,1,2025-03-04
cx3975b43d260fb8ec802cef6e60c2f4d07486f11d,hxf39ec72347977b0d0b313eb067353ba32927f51d,cx21e94c08c03daee80c25d8ee3ea22a20786ec231,0x2a48acab6204b00000,0x48010955587508cb78742b4b0d42bbed4c495cfee497a81bed0d3c153340b816,1,94207063,780.0,1741094924615030,Wrapped ICX,0.1622672875,wICX,0,1,2025-03-04
cx3975b43d260fb8ec802cef6e60c2f4d07486f11d,hx0000000000000000000000000000000000000000,hxf39ec72347977b0d0b313eb067353ba32927f51d,0x2a48acab6204b00000,0x48010955587508cb78742b4b0d42bbed4c495cfee497a81bed0d3c153340b816,0,94207063,780.0,1741094924615030,Wrapped ICX,0.1622672875,wICX,0,1,2025-03-04
cx6139a27c15f1653471ffba0b4b88dc15de7e3267,hx8d8c3fb923e07671c8e6348f03a88bc398d82d05,hx5b24217047526bd1c9475ddc7e10f93325dd2322,0x3dccad980569500000,0xd7f23e3170479597c1bbcce023bb367de8aad75400a8ae33e3e7dca5b65b7995,0,94207061,1140.0,1741094920719360,GangstaBet Token,0.00303385,GBET,0,2,2025-03-04
cxf14dea1cff7ceb29a46e6d04533a08f84441e41d,hxec052dfc0db0ae26086ca78e36a054a8424d3707,hx6674fff76931b6d540c70c51a190c26229433a97,0x0,0xe33812845a10b13cdb2dab785d20337157fd20157854ca2fe4810f8b4ca6ab29,0,94207061,0.0,1741094920719360,Blobble Stake Token,0.0039787875,BST,0,1,2025-03-04
cx88fd7df7ddff82f7cc735c871dc519838cb235bb,cxa0af3165c08318e988cb30993b3048335b94af6c,cx5faae53c4dbd1fbe4a2eb4aab6565030f10da5c6,0xe598cb43672661,0x34d2bc28b60967fc08597b77c29093c01b4b8d67a4a8b4cb647b45fd8aed29d5,2,94207060,0.06462576844335677,1741094918613847,Balanced Dollar,0.05694565,bnUSD,0,1,2025-03-04
cx88fd7df7ddff82f7cc735c871dc519838cb235bb,cxa0af3165c08318e988cb30993b3048335b94af6c,hxd75467e3e4ce64e3424c747dfb71503017440433,0x2544155d545cc0b13,0x34d2bc28b60967fc08597b77c29093c01b4b8d67a4a8b4cb647b45fd8aed29d5,1,94207060,42.964716294578636,1741094918613847,Balanced Dollar,0.05694565,bnUSD,0,1,2025-03-04
cx4297f4b63262507623b6ad575d0d8dd2db980e4e,hxd75467e3e4ce64e3424c747dfb71503017440433,cxa0af3165c08318e988cb30993b3048335b94af6c,0x3782dace9d900000,0x34d2bc28b60967fc08597b77c29093c01b4b8d67a4a8b4cb647b45fd8aed29d5,0,94207060,4.0,1741094918613847,Injective,0.05694565,INJ,0,1,2025-03-04
cxf14dea1cff7ceb29a46e6d04533a08f84441e41d,hxec052dfc0db0ae26086ca78e36a054a8424d3707,hx5c206b2590f3fda29bf559dd094920cb2ba1d51a,0x0,0xc8fc4546605dd0b206e35c8d81573f7de346c450c9f9b85c759f9358af2414bf,0,94207059,0.0,1741094916614628,Blobble Stake Token,0.0039787875,BST,0,1,2025-03-04
cx88fd7df7ddff82f7cc735c871dc519838cb235bb,cxd82fb5d3effecd8c9071a4bba3856ad7222c4b91,hxd75467e3e4ce64e3424c747dfb71503017440433,0x6c6b935b8bbd400000,0xf7358175983b0a84e512671166563686f00ba31c547a07b8aba91529bbde8dd6,0,94207058,2000.0,1741094914612027,Balanced Dollar,0.02069225,bnUSD,0,1,2025-03-04
cx2609b924e33ef00b648a409245c7ea394c467824,cx66d4d90f5f113eba575bf793570135f9b10cece1,hx873ceaf39d9d3b1d0363c6a8f7a8bdcf1294c916,0x181a07aa34b4121613,0x6cc1a752665f08e2ba8e1596bfb4533e8ad4bcd1ef1757c85b8f86dcc8f13886,1,94207057,444.59751268218844,1741094912723206,Staked ICX,0.110059175,sICX,0,3,2025-03-04
cxf14dea1cff7ceb29a46e6d04533a08f84441e41d,hxec052dfc0db0ae26086ca78e36a054a8424d3707,hxf8649ec58e187485eaf19c7289f6276d67821aa0,0x0,0xa2b571d58adc300d4699f356c3e1c95813aa87ff7c3979f3c66f41590d2c6685,0,94207057,0.0,1741094912723206,Blobble Stake Token,0.0039787875,BST,0,2,2025-03-04
cxf14dea1cff7ceb29a46e6d04533a08f84441e41d,hxec052dfc0db0ae26086ca78e36a054a8424d3707,hxcef130683e9fc7672989c3852005d571d7107d6e,0x0,0xc80ae42374b0a8150292bb78bd757ca723a942aca54e3a1c460402189885ce93,0,94207055,0.0,1741094908609752,Blobble Stake Token,0.0039787875,BST,0,2,2025-03-04
cxf61cd5a45dc9f91c15aa65831a30a90d59a09619,cx9345f80d6c98357ccbb70392b14162199c2c5f66,cxd82fb5d3effecd8c9071a4bba3856ad7222c4b91,0x3944fb61d219920,0xe5ae8596f88c510b441d9e250765a9d60e65b0c9050d1592980da5cfc4caca65,4,94207055,0.2579187222583442,1741094908609752,Balance Token,0.1302328625,BALN,0,1,2025-03-04
cx2609b924e33ef00b648a409245c7ea394c467824,cx9345f80d6c98357ccbb70392b14162199c2c5f66,cxd82fb5d3effecd8c9071a4bba3856ad7222c4b91,0x3eff18252173cb12,0xe5ae8596f88c510b441d9e250765a9d60e65b0c9050d1592980da5cfc4caca65,3,94207055,4.539373497166842,1741094908609752,Staked ICX,0.1302328625,sICX,0,1,2025-03-04
cx88fd7df7ddff82f7cc735c871dc519838cb235bb,hx0000000000000000000000000000000000000000,cx5faae53c4dbd1fbe4a2eb4aab6565030f10da5c6,0x0,0xe5ae8596f88c510b441d9e250765a9d60e65b0c9050d1592980da5cfc4caca65,2,94207055,0.0,1741094908609752,Balanced Dollar,0.1302328625,bnUSD,0,1,2025-03-04
cx88fd7df7ddff82f7cc735c871dc519838cb235bb,hx0000000000000000000000000000000000000000,cxd82fb5d3effecd8c9071a4bba3856ad7222c4b91,0xa190bfc4b3eb06e,0xe5ae8596f88c510b441d9e250765a9d60e65b0c9050d1592980da5cfc4caca65,1,94207055,0.7276259930191095,1741094908609752,Balanced Dollar,0.1302328625,bnUSD,0,1,2025-03-04
cx88fd7df7ddff82f7cc735c871dc519838cb235bb,hxd75467e3e4ce64e3424c747dfb71503017440433,cxd82fb5d3effecd8c9071a4bba3856ad7222c4b91,0x89fe09db1a0aa80000,0xe5ae8596f88c510b441d9e250765a9d60e65b0c9050d1592980da5cfc4caca65,0,94207055,2545.509341163527,1741094908609752,Balanced Dollar,0.1302328625,bnUSD,0,1,2025-03-04
cxf14dea1cff7ceb29a46e6d04533a08f84441e41d,hxec052dfc0db0ae26086ca78e36a054a8424d3707,hx76948ccd4e07437bf7073b395b8109e0c8c162c4,0x0,0x73dd323b2aacea8255643ac7adb5e82ee7446cb3618b4fbd4c427f6e0ad394c4,0,94207053,0.0,1741094904610881,Blobble Stake Token,0.0039787875,BST,0,1,2025-03-04
cxf14dea1cff7ceb29a46e6d04533a08f84441e41d,hxec052dfc0db0ae26086ca78e36a054a8424d3707,hx2081139531ceb3c49cf589cd26a54c2546090384,0x0,0x33d4b123ce7469e3ff9e81364a72f3133685dca3a7e8f084fc19114b8da45397,0,94207051,0.0,1741094900609729,Blobble Stake Token,0.003977475,BST,0,2,2025-03-04
cx88fd7df7ddff82f7cc735c871dc519838cb235bb,cxa0af3165c08318e988cb30993b3048335b94af6c,cx5faae53c4dbd1fbe4a2eb4aab6565030f10da5c6,0x14de4fbe311c41c,0x5f5b1c3035dd123510902d3d538e65821574bd99e2994cacc328cdff8716ba3b,2,94207051,0.09398293774216503,1741094900609729,Balanced Dollar,0.0569765875,bnUSD,0,1,2025-03-04
cx88fd7df7ddff82f7cc735c871dc519838cb235bb,cxa0af3165c08318e988cb30993b3048335b94af6c,hxd75467e3e4ce64e3424c747dfb71503017440433,0x36307ebb9e4dd070c,0x5f5b1c3035dd123510902d3d538e65821574bd99e2994cacc328cdff8716ba3b,1,94207051,62.476163539361664,1741094900609729,Balanced Dollar,0.0569765875,bnUSD,0,1,2025-03-04
cx288d13e1b63563459a2ac6179f237711f6851cb5,hxd75467e3e4ce64e3424c747dfb71503017440433,cxa0af3165c08318e988cb30993b3048335b94af6c,0x6a94d74f430000,0x5f5b1c3035dd123510902d3d538e65821574bd99e2994cacc328cdff8716ba3b,0,94207051,0.03,1741094900609729,Ethereum,0.0569765875,ETH,0,1,2025-03-04
cx6139a27c15f1653471ffba0b4b88dc15de7e3267,hxe3a937f0065cef600e316ea7775abec0676cc369,hx5b24217047526bd1c9475ddc7e10f93325dd2322,0x3bd913e6c1df400000,0x81b1839b0ab21b7696c7a35a36eb88504b6d419154ebce3eda18444df95093ae,0,94207050,1104.0,1741094898813383,GangstaBet Token,0.00303385,GBET,0,1,2025-03-04
cxf14dea1cff7ceb29a46e6d04533a08f84441e41d,hxec052dfc0db0ae26086ca78e36a054a8424d3707,hx45615994119a110588ecc4ea08f5ee3c9da6affa,0x0,0x56960ea14e8effc50bdd13c05a0671de3514670ee6008e17f9a10394215880a1,0,94207049,0.0,1741094896607788,Blobble Stake Token,0.0039787875,BST,0,1,2025-03-04
cxf14dea1cff7ceb29a46e6d04533a08f84441e41d,hxec052dfc0db0ae26086ca78e36a054a8424d3707,hxb946c680221e6ff41de8a2b62fd810315ce65fb9,0x0,0x430b05a32595e532406449da22354b89041d3b1628a90f06c34d46b905b0547b,0,94207047,0.0,1741094892806065,Blobble Stake Token,0.0039787875,BST,0,1,2025-03-04
cxf14dea1cff7ceb29a46e6d04533a08f84441e41d,hxec052dfc0db0ae26086ca78e36a054a8424d3707,hx31748de2cef53a86dff63e144eeff0f698b2138b,0x0,0x2cd01a2fd7dfa0efc2ac472b07fdb2a02bc95a214fa01fb18a821fc91163c35b,0,94207045,0.0,1741094888697996,Blobble Stake Token,0.0039787875,BST,0,1,2025-03-04
cx88fd7df7ddff82f7cc735c871dc519838cb235bb,cxa0af3165c08318e988cb30993b3048335b94af6c,cx5faae53c4dbd1fbe4a2eb4aab6565030f10da5c6,0x14dfd273d2ebce4,0x96286424b5ad7dd1eb01d7be46580cf65bda5db6c78d3f9f87323041e84c4ad5,2,94207043,0.0940095122166735,1741094884605450,Balanced Dollar,0.0569765875,bnUSD,0,2,2025-03-04
cx88fd7df7ddff82f7cc735c871dc519838cb235bb,cxa0af3165c08318e988cb30993b3048335b94af6c,hxd75467e3e4ce64e3424c747dfb71503017440433,0x36346afb1944f63f7,0x96286424b5ad7dd1eb01d7be46580cf65bda5db6c78d3f9f87323041e84c4ad5,1,94207043,62.49383045648557,1741094884605450,Balanced Dollar,0.0569765875,bnUSD,0,2,2025-03-04
cx288d13e1b63563459a2ac6179f237711f6851cb5,hxd75467e3e4ce64e3424c747dfb71503017440433,cxa0af3165c08318e988cb30993b3048335b94af6c,0x6a94d74f430000,0x96286424b5ad7dd1eb01d7be46580cf65bda5db6c78d3f9f87323041e84c4ad5,0,94207043,0.03,1741094884605450,Ethereum,0.0569765875,ETH,0,2,2025-03-04
cxf14dea1cff7ceb29a46e6d04533a08f84441e41d,hxec052dfc0db0ae26086ca78e36a054a8424d3707,hxb86afed8db896012664b0fa6c874fe0e3001edaf,0x0,0x21286bca60f94a6786445572a2b9c8a9b0c7aebf50f8ff8431a647c3f6ad46f3,0,94207043,0.0,1741094884605450,Blobble Stake Token,0.0039696,BST,0,1,2025-03-04
cxf14dea1cff7ceb29a46e6d04533a08f84441e41d,hxec052dfc0db0ae26086ca78e36a054a8424d3707,hx3af0db6f7d9cc49555040a6e40584d829910c9d9,0x0,0x0d9a88153686d6d77b9e97878b913aceecfe719099701f94457d43ce09b560a6,0,94207040,0.0,1741094878788411,Blobble Stake Token,0.0039761625,BST,0,2,2025-03-04
cxf14dea1cff7ceb29a46e6d04533a08f84441e41d,hxec052dfc0db0ae26086ca78e36a054a8424d3707,hx148782df8c375cc2f647308cf319705736e4b9e7,0x0,0x6088de521f8e850313a2c87e1e2553cf0936fd5890c166b7f854a21674a915d3,0,94207038,0.0,1741094874602246,Blobble Stake Token,0.0039787875,BST,0,1,2025-03-04
cxf14dea1cff7ceb29a46e6d04533a08f84441e41d,hxec052dfc0db0ae26086ca78e36a054a8424d3707,hxaf658ceff1c15568fb149ed31720c50784bfa215,0x0,0x37c1ab4a8372eefa3fa915fc95af519a3a922b7682f7698e6401264e9c4a06c0,0,94207036,0.0,1741094870699908,Blobble Stake Token,0.0039787875,BST,0,1,2025-03-04
cxf14dea1cff7ceb29a46e6d04533a08f84441e41d,hxec052dfc0db0ae26086ca78e36a054a8424d3707,hxe57b098dedf592dd023674cfd3ce9029b80ec3db,0x0,0x9c151ea39364895792dfd6cc2467aab4ef87904057e16fb8d88bed51b96c4fa9,0,94207034,0.0,1741094866597321,Blobble Stake Token,0.0039787875,BST,0,1,2025-03-04
cx88fd7df7ddff82f7cc735c871dc519838cb235bb,cx21e94c08c03daee80c25d8ee3ea22a20786ec231,hx873ceaf39d9d3b1d0363c6a8f7a8bdcf1294c916,0x24d81a5945948533e,0xbd1c31954e4408d8cc55d54452a93e1f10c60eae1d10f2cf7e7347e22bf75e12,17,94207033,42.47841521690688,1741094864597417,Balanced Dollar,0.3545931875,bnUSD,0,1,2025-03-04
cx88fd7df7ddff82f7cc735c871dc519838cb235bb,cxa0af3165c08318e988cb30993b3048335b94af6c,cx5faae53c4dbd1fbe4a2eb4aab6565030f10da5c6,0xe30a54377670d3,0xbd1c31954e4408d8cc55d54452a93e1f10c60eae1d10f2cf7e7347e22bf75e12,15,94207033,0.06390617653735854,1741094864597417,Balanced Dollar,0.3545931875,bnUSD,0,1,2025-03-04
cx88fd7df7ddff82f7cc735c871dc519838cb235bb,cxa0af3165c08318e988cb30993b3048335b94af6c,cx21e94c08c03daee80c25d8ee3ea22a20786ec231,0x24d81a5945948533e,0xbd1c31954e4408d8cc55d54452a93e1f10c60eae1d10f2cf7e7347e22bf75e12,14,94207033,42.47841521690688,1741094864597417,Balanced Dollar,0.3545931875,bnUSD,0,1,2025-03-04
cx2609b924e33ef00b648a409245c7ea394c467824,cx21e94c08c03daee80c25d8ee3ea22a20786ec231,cxa0af3165c08318e988cb30993b3048335b94af6c,0x10641e83e4a84fa9b6,0xbd1c31954e4408d8cc55d54452a93e1f10c60eae1d10f2cf7e7347e22bf75e12,13,94207033,302.3622538505465,1741094864597417,Staked ICX,0.3545931875,sICX,0,1,2025-03-04
cx2609b924e33ef00b648a409245c7ea394c467824,cx203d9cd2a669be67177e997b8948ce2c35caffae,cx835b300dcfe01f0bdb794e134a0c5628384f4367,0x199da216c9341167,0xbd1c31954e4408d8cc55d54452a93e1f10c60eae1d10f2cf7e7347e22bf75e12,10,94207033,1.8458096410403844,1741094864597417,Staked ICX,0.3545931875,sICX,0,1,2025-03-04
cx2609b924e33ef00b648a409245c7ea394c467824,cx5faae53c4dbd1fbe4a2eb4aab6565030f10da5c6,cx203d9cd2a669be67177e997b8948ce2c35caffae,0x24980c208d25cfb9,0xbd1c31954e4408d8cc55d54452a93e1f10c60eae1d10f2cf7e7347e22bf75e12,7,94207033,2.636870915771978,1741094864597417,Staked ICX,0.3545931875,sICX,0,1,2025-03-04
cx2609b924e33ef00b648a409245c7ea394c467824,cx5faae53c4dbd1fbe4a2eb4aab6565030f10da5c6,cxdc30a0d3a1f131565c071272a20bc0b06fd4c17b,0x24980c208d25cfb8,0xbd1c31954e4408d8cc55d54452a93e1f10c60eae1d10f2cf7e7347e22bf75e12,5,94207033,2.636870915771978,1741094864597417,Staked ICX,0.3545931875,sICX,0,1,2025-03-04
cx2609b924e33ef00b648a409245c7ea394c467824,cxa0af3165c08318e988cb30993b3048335b94af6c,cx5faae53c4dbd1fbe4a2eb4aab6565030f10da5c6,0x64fff2e98f0e76f,0xbd1c31954e4408d8cc55d54452a93e1f10c60eae1d10f2cf7e7347e22bf75e12,4,94207033,0.4548626629872127,1741094864597417,Staked ICX,0.3545931875,sICX,0,1,2025-03-04
cx2609b924e33ef00b648a409245c7ea394c467824,cxa0af3165c08318e988cb30993b3048335b94af6c,cx21e94c08c03daee80c25d8ee3ea22a20786ec231,0x10641e83e4a84fa9b6,0xbd1c31954e4408d8cc55d54452a93e1f10c60eae1d10f2cf7e7347e22bf75e12,3,94207033,302.3622538505465,1741094864597417,Staked ICX,0.3545931875,sICX,0,1,2025-03-04
cx3975b43d260fb8ec802cef6e60c2f4d07486f11d,cx21e94c08c03daee80c25d8ee3ea22a20786ec231,cxa0af3165c08318e988cb30993b3048335b94af6c,0x15af1d78b58c400000,0xbd1c31954e4408d8cc55d54452a93e1f10c60eae1d10f2cf7e7347e22bf75e12,2,94207033,400.0,1741094864597417,Wrapped ICX,0.3545931875,wICX,0,1,2025-03-04
cx3975b43d260fb8ec802cef6e60c2f4d07486f11d,hx873ceaf39d9d3b1d0363c6a8f7a8bdcf1294c916,cx21e94c08c03daee80c25d8ee3ea22a20786ec231,0x15af1d78b58c400000,0xbd1c31954e4408d8cc55d54452a93e1f10c60eae1d10f2cf7e7347e22bf75e12,1,94207033,400.0,1741094864597417,Wrapped ICX,0.3545931875,wICX,0,1,2025-03-04
cx3975b43d260fb8ec802cef6e60c2f4d07486f11d,hx0000000000000000000000000000000000000000,hx873ceaf39d9d3b1d0363c6a8f7a8bdcf1294c916,0x15af1d78b58c400000,0xbd1c31954e4408d8cc55d54452a93e1f10c60eae1d10f2cf7e7347e22bf75e12,0,94207033,400.0,1741094864597417,Wrapped ICX,0.3545931875,wICX,0,1,2025-03-04
cxf14dea1cff7ceb29a46e6d04533a08f84441e41d,hxec052dfc0db0ae26086ca78e36a054a8424d3707,hx9fa1a120f79c2f707ae18999ca2459f3add58e5d,0x0,0xc6fb099efe286eb0c50b2fcda0b55cc0c1b4d64798566d4f124830c259b1e869,0,94207032,0.0,1741094862707309,Blobble Stake Token,0.0039787875,BST,0,1,2025-03-04
cxf14dea1cff7ceb29a46e6d04533a08f84441e41d,hxec052dfc0db0ae26086ca78e36a054a8424d3707,hx61261409316b3bca03b829b6dcda45167d312f5e,0x0,0x20f6ed163ca6a556c0973ba8aef40ebde2a1ca0ce0433056e0b7fc07817301bf,0,94207030,0.0,1741094858592604,Blobble Stake Token,0.003977475,BST,0,1,2025-03-04
cx6139a27c15f1653471ffba0b4b88dc15de7e3267,hx608ad77fee14ab0c1ea98d2868dd6ef1ffe0581c,hx5b24217047526bd1c9475ddc7e10f93325dd2322,0x34b135b21f8fb00000,0x95392ec41ab9656ce247891fb5584ce3361ba7f0c31f79951ec87ddd50aed488,0,94207029,972.0,1741094856598861,GangstaBet Token,0.00303385,GBET,0,2,2025-03-04
cx88fd7df7ddff82f7cc735c871dc519838cb235bb,cx21e94c08c03daee80c25d8ee3ea22a20786ec231,hx970eda4988e547df0de8324226fdf3e8ebc9734f,0x2d65bdf65916b170aa,0x258cd219a02c8b2a127b5bc63cc81436e288398be45172360f701686e944487b,5,94207029,837.4347699478521,1741094856598861,Balanced Dollar,0.0860290375,bnUSD,0,1,2025-03-04
cx88fd7df7ddff82f7cc735c871dc519838cb235bb,cxa0af3165c08318e988cb30993b3048335b94af6c,cx5faae53c4dbd1fbe4a2eb4aab6565030f10da5c6,0x1175685ae64bbc7e,0x258cd219a02c8b2a127b5bc63cc81436e288398be45172360f701686e944487b,3,94207029,1.25802641053999,1741094856598861,Balanced Dollar,0.0860290375,bnUSD,0,1,2025-03-04
cx88fd7df7ddff82f7cc735c871dc519838cb235bb,cxa0af3165c08318e988cb30993b3048335b94af6c,cx21e94c08c03daee80c25d8ee3ea22a20786ec231,0x2d65bdf65916b170aa,0x258cd219a02c8b2a127b5bc63cc81436e288398be45172360f701686e944487b,2,94207029,837.4347699478521,1741094856598861,Balanced Dollar,0.0860290375,bnUSD,0,1,2025-03-04
cx07b184a37f03c6ab681fcbd0b45aec6dc3eafbeb,cx21e94c08c03daee80c25d8ee3ea22a20786ec231,cxa0af3165c08318e988cb30993b3048335b94af6c,0x2386f26fc10000,0x258cd219a02c8b2a127b5bc63cc81436e288398be45172360f701686e944487b,1,94207029,0.01,1741094856598861,Bitcoin,0.0860290375,BTC,0,1,2025-03-04
cx07b184a37f03c6ab681fcbd0b45aec6dc3eafbeb,hx970eda4988e547df0de8324226fdf3e8ebc9734f,cx21e94c08c03daee80c25d8ee3ea22a20786ec231,0x2386f26fc10000,0x258cd219a02c8b2a127b5bc63cc81436e288398be45172360f701686e944487b,0,94207029,0.01,1741094856598861,Bitcoin,0.0860290375,BTC,0,1,2025-03-04
cxf14dea1cff7ceb29a46e6d04533a08f84441e41d,hxec052dfc0db0ae26086ca78e36a054a8424d3707,hxb9bf2fe4975afa508ecd90ee2e3f3ac88bb792cd,0x0,0x7b28a538f5a26686f98057ea364eba79448102b9abf5e88dfa37f75f6c18e14c,0,94207028,0.0,1741094854594680,Blobble Stake Token,0.0039787875,BST,0,1,2025-03-04
cxf14dea1cff7ceb29a46e6d04533a08f84441e41d,hxec052dfc0db0ae26086ca78e36a054a8424d3707,hx44a83bda8bba29ec9175dd679a2c94ce8a6201e8,0x0,0xcb1abb794941fc1bd5360895c4789d237fe3bd61a54c3daba2b3732193975aca,0,94207026,0.0,1741094850594563,Blobble Stake Token,0.0039696,BST,0,1,2025-03-04
cxf14dea1cff7ceb29a46e6d04533a08f84441e41d,hxec052dfc0db0ae26086ca78e36a054a8424d3707,hx53bd3ba841728a31952ba8fe36ed060afbd4945d,0x0,0xc4a71cf441880f0078e508321eb45a64cbafbca64d7c8a18de978fe400a0478d,0,94207023,0.0,1741094844589137,Blobble Stake Token,0.0039801,BST,0,1,2025-03-04
cxf14dea1cff7ceb29a46e6d04533a08f84441e41d,hxec052dfc0db0ae26086ca78e36a054a8424d3707,hx5dd0ed6937d6f58b942a8d836fe2b4cad1e34768,0x0,0xf23841a4182865e29501dd44042a323f443c5ea340f11c0224ada34caad3f1b2,0,94207021,0.0,1741094840632701,Blobble Stake Token,0.0039787875,BST,0,1,2025-03-04
cxf14dea1cff7ceb29a46e6d04533a08f84441e41d,hxec052dfc0db0ae26086ca78e36a054a8424d3707,hx640ce9a75a899aa5bc1061e0cedf44b041bebeb6,0x0,0xea4b649f16e35a4a015612965b0bccb29c33f6b62c729e63a506a7b278e55e8b,0,94207019,0.0,1741094836735426,Blobble Stake Token,0.0039787875,BST,0,1,2025-03-04
cxf14dea1cff7ceb29a46e6d04533a08f84441e41d,hxec052dfc0db0ae26086ca78e36a054a8424d3707,hx8b9b8a7c096371cd12d939f7c8e23a4c7c60a0fc,0x0,0x439b9437829064a28676278063a2c8942817a0b25379decb45b35ab7d3f41a22,0,94207017,0.0,1741094832773908,Blobble Stake Token,0.003977475,BST,0,1,2025-03-04
cxf14dea1cff7ceb29a46e6d04533a08f84441e41d,hxec052dfc0db0ae26086ca78e36a054a8424d3707,hxe98c476836d78ff406b38c3a253718b277db1951,0x0,0x8a8d1168b47ee21cc90c7b9874804750e3145028bcc842dc17420452e51afb0c,0,94207015,0.0,1741094828772067,Blobble Stake Token,0.003977475,BST,0,4,2025-03-04
cx22319ac7f412f53eabe3c9827acf5e27e9c6a95f,cx21e94c08c03daee80c25d8ee3ea22a20786ec231,hx0000000000000000000000000000000000000000,0x92ecea40,0x2f879134be7ff203b6b4089b381ffbcc02073f216e5bec263c567cf42500feb6,7,94207015,2465.0,1741094828772067,USDC,0.1045452375,USDC,0,3,2025-03-04
cx22319ac7f412f53eabe3c9827acf5e27e9c6a95f,cxa09dbb60dcb62fffbd232b6eae132d730a2aafa6,cx21e94c08c03daee80c25d8ee3ea22a20786ec231,0x92ecea40,0x2f879134be7ff203b6b4089b381ffbcc02073f216e5bec263c567cf42500feb6,4,94207015,2465.0,1741094828772067,USDC,0.1045452375,USDC,0,3,2025-03-04
cx88fd7df7ddff82f7cc735c871dc519838cb235bb,cxa09dbb60dcb62fffbd232b6eae132d730a2aafa6,cx5faae53c4dbd1fbe4a2eb4aab6565030f10da5c6,0x66ef5f2c5242ad10,0x2f879134be7ff203b6b4089b381ffbcc02073f216e5bec263c567cf42500feb6,3,94207015,7.417251755265798,1741094828772067,Balanced Dollar,0.1045452375,bnUSD,0,3,2025-03-04
cx88fd7df7ddff82f7cc735c871dc519838cb235bb,cxa09dbb60dcb62fffbd232b6eae132d730a2aafa6,hx0000000000000000000000000000000000000000,0x85a0bf37dec9e40000,0x2f879134be7ff203b6b4089b381ffbcc02073f216e5bec263c567cf42500feb6,2,94207015,2465.0,1741094828772067,Balanced Dollar,0.1045452375,bnUSD,0,3,2025-03-04
cx88fd7df7ddff82f7cc735c871dc519838cb235bb,cx21e94c08c03daee80c25d8ee3ea22a20786ec231,cxa09dbb60dcb62fffbd232b6eae132d730a2aafa6,0x8607ae970b1c26ad10,0x2f879134be7ff203b6b4089b381ffbcc02073f216e5bec263c567cf42500feb6,1,94207015,2472.4172517552656,1741094828772067,Balanced Dollar,0.1045452375,bnUSD,0,3,2025-03-04
cx88fd7df7ddff82f7cc735c871dc519838cb235bb,hx970eda4988e547df0de8324226fdf3e8ebc9734f,cx21e94c08c03daee80c25d8ee3ea22a20786ec231,0x8607ae970b1c26ad10,0x2f879134be7ff203b6b4089b381ffbcc02073f216e5bec263c567cf42500feb6,0,94207015,2472.4172517552656,1741094828772067,Balanced Dollar,0.1045452375,bnUSD,0,3,2025-03-04
cx288d13e1b63563459a2ac6179f237711f6851cb5,hx0000000000000000000000000000000000000000,hxd75467e3e4ce64e3424c747dfb71503017440433,0x6efbfbe5b5d8750,0xcfaa0e224d053ead364e4cb7def66343ed61c4645e95a93f9b0f2d87a97375ca,1,94207015,0.499828907958962,1741094828772067,Ethereum,0.0230416875,ETH,0,1,2025-03-04
cxf14dea1cff7ceb29a46e6d04533a08f84441e41d,hxec052dfc0db0ae26086ca78e36a054a8424d3707,hxb987f286550b65035bc45fb7a6232f230b4d3a82,0x0,0x24802e17ff18ff703bb1f962cb8f7d440834ae83c9c9c1eddb0d88112d97685e,0,94207013,0.0,1741094824582484,Blobble Stake Token,0.0039787875,BST,0,1,2025-03-04
cxf14dea1cff7ceb29a46e6d04533a08f84441e41d,hxec052dfc0db0ae26086ca78e36a054a8424d3707,hx5c08bd14fd1f136b5c0e67eda0084c0160515021,0x0,0xbab4079197f556c4757972aeebfa5bfdd289673144c89e202d344ad63dd919e9,0,94207011,0.0,1741094820682458,Blobble Stake Token,0.0039787875,BST,0,1,2025-03-04
cxf14dea1cff7ceb29a46e6d04533a08f84441e41d,hxec052dfc0db0ae26086ca78e36a054a8424d3707,hx4882748a9be7ace56dda36b330aa67764e1aa0ce,0x0,0xe75adc4dd9cf662d013f6b2edaadaab70d6966806b686b9d8db09eca49197147,0,94207009,0.0,1741094816578463,Blobble Stake Token,0.0039787875,BST,0,1,2025-03-04
cx6139a27c15f1653471ffba0b4b88dc15de7e3267,hx30c480cd4264ca1442096505b39a8142f33d736b,hx5b24217047526bd1c9475ddc7e10f93325dd2322,0x3d2625079990a00000,0xd7b5963298508297232c69c17820d7a486e130a00f025fdf0dc6130a95d6bb74,0,94207007,1128.0,1741094812692568,GangstaBet Token,0.00303385,GBET,0,2,2025-03-04
cxf14dea1cff7ceb29a46e6d04533a08f84441e41d,hxec052dfc0db0ae26086ca78e36a054a8424d3707,hx6cb7de3e24299edd2c7c65c40f57a0eb9788edbe,0x0,0xc6b47ce8b6bb4958fb877046495ac04412863c5f2e0a7d86beaaf0dc528e71c3,0,94207007,0.0,1741094812692568,Blobble Stake Token,0.0039787875,BST,0,1,2025-03-04
cxf14dea1cff7ceb29a46e6d04533a08f84441e41d,hxec052dfc0db0ae26086ca78e36a054a8424d3707,hx9dffde8442c8edad4ab47b18c650b750bf7fc400,0x0,0xb53a25c74fb7670fcc7908fc93d5b404b34f13417f4def2ca29c36cdc947908f,0,94207005,0.0,1741094808580085,Blobble Stake Token,0.0039787875,BST,0,1,2025-03-04
cxf14dea1cff7ceb29a46e6d04533a08f84441e41d,hxec052dfc0db0ae26086ca78e36a054a8424d3707,hx458238e8a7a7a86adf44e3ebc6354506c99596d3,0x0,0xc0f7097b4a2acee323539667edfdc0da6195ed90bad16fac75ea1b911b728709,0,94207003,0.0,1741094804579541,Blobble Stake Token,0.0039787875,BST,0,2,2025-03-04
cxf14dea1cff7ceb29a46e6d04533a08f84441e41d,hxec052dfc0db0ae26086ca78e36a054a8424d3707,hx2b0ec4687b157c40ce81c922e40e4abd619c7d39,0x0,0x93133a654a51c4c7d257b4a1816e8a8b89daa4df9d2b7afcc7165b52f94332d0,0,94207001,0.0,1741094800582189,Blobble Stake Token,0.0039787875,BST,0,1,2025-03-04
cxf14dea1cff7ceb29a46e6d04533a08f84441e41d,hxec052dfc0db0ae26086ca78e36a054a8424d3707,hxcc416cd1e9e94aa5a8bf301769d29616a1ba5b11,0x0,0xdbae69eee33e9b73f93214f79530a91ae1c06c3f76f7778d7c042b90a6822e94,0,94206999,0.0,1741094796574642,Blobble Stake Token,0.0039787875,BST,0,1,2025-03-04
cxf14dea1cff7ceb29a46e6d04533a08f84441e41d,hxec052dfc0db0ae26086ca78e36a054a8424d3707,hx633c51d76de81dddda5ddeda6bf4f0139dc6d4c0,0x0,0x5b7f2cfc86fdbf3c535298be14c9acad18af77fa2f72b5a85c176bd379ee4c5d,0,94206997,0.0,1741094792827365,Blobble Stake Token,0.0039787875,BST,0,1,2025-03-04
cxf14dea1cff7ceb29a46e6d04533a08f84441e41d,hxec052dfc0db0ae26086ca78e36a054a8424d3707,hx8dee629230b63e003d476345f88eafcc49d81926,0x0,0x81f16b0397b93118fe8107919521a251bcda62bcb974422b11e7fc690e729199,0,94206995,0.0,1741094788667731,Blobble Stake Token,0.0039787875,BST,0,2,2025-03-04
cx88fd7df7ddff82f7cc735c871dc519838cb235bb,cxa0af3165c08318e988cb30993b3048335b94af6c,cx5faae53c4dbd1fbe4a2eb4aab6565030f10da5c6,0x14e15553760857e,0x8ba99d9a73c5f8d75ce590821e67480a1bde9c4c950e8757ce82aad1bbe709b5,2,94206995,0.09403609796683507,1741094788667731,Balanced Dollar,0.0569725875,bnUSD,0,1,2025-03-04
cx88fd7df7ddff82f7cc735c871dc519838cb235bb,cxa0af3165c08318e988cb30993b3048335b94af6c,hxd75467e3e4ce64e3424c747dfb71503017440433,0x363857a7ab8440c19,0x8ba99d9a73c5f8d75ce590821e67480a1bde9c4c950e8757ce82aad1bbe709b5,1,94206995,62.5115048702821,1741094788667731,Balanced Dollar,0.0569725875,bnUSD,0,1,2025-03-04
cx288d13e1b63563459a2ac6179f237711f6851cb5,hxd75467e3e4ce64e3424c747dfb71503017440433,cxa0af3165c08318e988cb30993b3048335b94af6c,0x6a94d74f430000,0x8ba99d9a73c5f8d75ce590821e67480a1bde9c4c950e8757ce82aad1bbe709b5,0,94206995,0.03,1741094788667731,Ethereum,0.0569725875,ETH,0,1,2025-03-04
cxf14dea1cff7ceb29a46e6d04533a08f84441e41d,hxec052dfc0db0ae26086ca78e36a054a8424d3707,hx19c149bd4417cfa6177e191119acab11e76e8f60,0x0,0xdcf9a8a4c18f08a8ff013e42ddeb877800e6cffa2d0555704acf70b16dab199b,0,94206993,0.0,1741094784572837,Blobble Stake Token,0.0039787875,BST,0,1,2025-03-04
cx88fd7df7ddff82f7cc735c871dc519838cb235bb,cxd82fb5d3effecd8c9071a4bba3856ad7222c4b91,hx970eda4988e547df0de8324226fdf3e8ebc9734f,0x107171feadb36c40000,0xfdc2369359f69b69b1e5b8a473bc468e0b97902c5fb48fec71ce5276e7d46386,0,94206992,4853.16,1741094782755993,Balanced Dollar,0.0206973125,bnUSD,0,1,2025-03-04
cxf14dea1cff7ceb29a46e6d04533a08f84441e41d,hxec052dfc0db0ae26086ca78e36a054a8424d3707,hxa0e3d689c7d5943f1401db84f6ed2c4165336593,0x0,0x6566f7b17d7c9150ba9065e51d638039e860aa6ce289d6ff99dcb26eb6b3f876,0,94206990,0.0,1741094778757679,Blobble Stake Token,0.003977475,BST,0,1,2025-03-04
cxf14dea1cff7ceb29a46e6d04533a08f84441e41d,hxec052dfc0db0ae26086ca78e36a054a8424d3707,hx49a18c5221c71118c468dca9d99ce56f5d9f7806,0x0,0x2de9d8cf74e00f2a2ebe201e0dc20cdbfb1c30a3da95a413bbab579aeab716b8,0,94206988,0.0,1741094774566489,Blobble Stake Token,0.0039787875,BST,0,1,2025-03-04
cx88fd7df7ddff82f7cc735c871dc519838cb235bb,cxa0af3165c08318e988cb30993b3048335b94af6c,cx5faae53c4dbd1fbe4a2eb4aab6565030f10da5c6,0xd91ebdb640c4cd,0x5db62650347fb165472b4c8f08f15cc542763abf7b8fb1ce09ab38f6710a8dd4,2,94206987,0.06111387010156257,1741094772672371,Balanced Dollar,0.0473681375,bnUSD,0,1,2025-03-04
cx88fd7df7ddff82f7cc735c871dc519838cb235bb,cxa0af3165c08318e988cb30993b3048335b94af6c,hxd75467e3e4ce64e3424c747dfb71503017440433,0x233ded30c000a3869,0x5db62650347fb165472b4c8f08f15cc542763abf7b8fb1ce09ab38f6710a8dd4,1,94206987,40.63114493667693,1741094772672371,Balanced Dollar,0.0473681375,bnUSD,0,1,2025-03-04
cx65c9e3d4fea842e00add0d32a5b4c5e4e04c7a6b,hxd75467e3e4ce64e3424c747dfb71503017440433,cxa0af3165c08318e988cb30993b3048335b94af6c,0x11e1a300,0x5db62650347fb165472b4c8f08f15cc542763abf7b8fb1ce09ab38f6710a8dd4,0,94206987,0.3,1741094772672371,Solana,0.0473681375,SOL,0,1,2025-03-04
cxf14dea1cff7ceb29a46e6d04533a08f84441e41d,hxec052dfc0db0ae26086ca78e36a054a8424d3707,hxf7e93bd18a01f3df252ac8528b701fa5e4cbe96f,0x0,0xff677d5543db36b5df100730ec31e6a0803cde26dbf2b4a183beeb06e30a3b1a,0,94206986,0.0,1741094770665500,Blobble Stake Token,0.0039787875,BST,0,1,2025-03-04
cxf14dea1cff7ceb29a46e6d04533a08f84441e41d,hxec052dfc0db0ae26086ca78e36a054a8424d3707,hx5bf56ede697560a6ec0b068a73ea29f24f247ab1,0x0,0x62e44c41e26b3d768a1426c97b1ea23a6a8589f8d76d6dc5588c1c4dd229c0d1,0,94206984,0.0,1741094766563441,Blobble Stake Token,0.0039801,BST,0,1,2025-03-04
cxf14dea1cff7ceb29a46e6d04533a08f84441e41d,hxec052dfc0db0ae26086ca78e36a054a8424d3707,hx14784b6c3e9ef959a113fab2c18d752ab609539a,0x0,0x5a47a60141fda2d84205532f3b695a185896d98a83f3576954adecd58c183326,0,94206982,0.0,1741094762674024,Blobble Stake Token,0.003977475,BST,0,1,2025-03-04
cxf14dea1cff7ceb29a46e6d04533a08f84441e41d,hxec052dfc0db0ae26086ca78e36a054a8424d3707,hx3628fd4752c327bb740f808d2ecb8c9998353c60,0x0,0x920e422e6ee66957bf07d6576bd699b157bec8dc4dcff243db5e46b1ae41e0b5,0,94206980,0.0,1741094758562849,Blobble Stake Token,0.003977475,BST,0,1,2025-03-04
cx88fd7df7ddff82f7cc735c871dc519838cb235bb,cxa0af3165c08318e988cb30993b3048335b94af6c,cx5faae53c4dbd1fbe4a2eb4aab6565030f10da5c6,0xe5b47a54e72af4,0x6474baad3de64906928cc265370cc33b4df9359ea46a2a31b6fb4b5e78c7aeb8,2,94206979,0.06465620717018597,1741094756566634,Balanced Dollar,0.05694565,bnUSD,0,2,2025-03-04
cx88fd7df7ddff82f7cc735c871dc519838cb235bb,cxa0af3165c08318e988cb30993b3048335b94af6c,hxd75467e3e4ce64e3424c747dfb71503017440433,0x254893ce12b40e8cb,0x6474baad3de64906928cc265370cc33b4df9359ea46a2a31b6fb4b5e78c7aeb8,1,94206979,42.98495505620539,1741094756566634,Balanced Dollar,0.05694565,bnUSD,0,2,2025-03-04
cx4297f4b63262507623b6ad575d0d8dd2db980e4e,hxd75467e3e4ce64e3424c747dfb71503017440433,cxa0af3165c08318e988cb30993b3048335b94af6c,0x3782dace9d900000,0x6474baad3de64906928cc265370cc33b4df9359ea46a2a31b6fb4b5e78c7aeb8,0,94206979,4.0,1741094756566634,Injective,0.05694565,INJ,0,2,2025-03-04
cx7baf94bd53b505353285ee4c4c050f9703581703,hx30c480cd4264ca1442096505b39a8142f33d736b,hx0000000000000000000000000000000000000000,0x0,0x3f1d6504cc5e86616164ce78b302ddde655e2b78ab73e3348a0401ef19f00ddb,6,94206979,0.0,1741094756566634,unknown_token,0.063730425,$unknown,21,1,2025-03-04
cx7baf94bd53b505353285ee4c4c050f9703581703,hx30c480cd4264ca1442096505b39a8142f33d736b,hx0000000000000000000000000000000000000000,0x0,0x3f1d6504cc5e86616164ce78b302ddde655e2b78ab73e3348a0401ef19f00ddb,5,94206979,0.0,1741094756566634,unknown_token,0.063730425,$unknown,10,1,2025-03-04
cx7baf94bd53b505353285ee4c4c050f9703581703,hx30c480cd4264ca1442096505b39a8142f33d736b,hx0000000000000000000000000000000000000000,0x0,0x3f1d6504cc5e86616164ce78b302ddde655e2b78ab73e3348a0401ef19f00ddb,4,94206979,0.0,1741094756566634,unknown_token,0.063730425,$unknown,21,1,2025-03-04
cx53f8ccd5426534f82cf10cb742de033e51da72fc,hx30c480cd4264ca1442096505b39a8142f33d736b,hx0000000000000000000000000000000000000000,0x0,0x3f1d6504cc5e86616164ce78b302ddde655e2b78ab73e3348a0401ef19f00ddb,0,94206979,0.0,1741094756566634,unknown_token,0.063730425,$unknown,1,1,2025-03-04
cxf14dea1cff7ceb29a46e6d04533a08f84441e41d,hxec052dfc0db0ae26086ca78e36a054a8424d3707,hx9a3d83567b208cbcacb208894139fbf78a91761b,0x0,0xb3d372f050453da727a636bc311721116dedf8c6949bf81edab6f11d2bfd01e5,0,94206978,0.0,1741094754563147,Blobble Stake Token,0.0039787875,BST,0,1,2025-03-04
cx88fd7df7ddff82f7cc735c871dc519838cb235bb,cxa0af3165c08318e988cb30993b3048335b94af6c,cx5faae53c4dbd1fbe4a2eb4aab6565030f10da5c6,0x14e2d85d2087acd,0x5368f8970e12d9c7031b4d5247d23067f696a5dd85a6736e130fc8fab17faf1a,2,94206976,0.09406269499903047,1741094750559218,Balanced Dollar,0.0569765875,bnUSD,0,2,2025-03-04
cx88fd7df7ddff82f7cc735c871dc519838cb235bb,cxa0af3165c08318e988cb30993b3048335b94af6c,hxd75467e3e4ce64e3424c747dfb71503017440433,0x363c44c164d9bbfc0,0x5368f8970e12d9c7031b4d5247d23067f696a5dd85a6736e130fc8fab17faf1a,1,94206976,62.529186784993854,1741094750559218,Balanced Dollar,0.0569765875,bnUSD,0,2,2025-03-04
cx288d13e1b63563459a2ac6179f237711f6851cb5,hxd75467e3e4ce64e3424c747dfb71503017440433,cxa0af3165c08318e988cb30993b3048335b94af6c,0x6a94d74f430000,0x5368f8970e12d9c7031b4d5247d23067f696a5dd85a6736e130fc8fab17faf1a,0,94206976,0.03,1741094750559218,Ethereum,0.0569765875,ETH,0,2,2025-03-04
cxf14dea1cff7ceb29a46e6d04533a08f84441e41d,hxec052dfc0db0ae26086ca78e36a054a8424d3707,hx9213dfd0eba46fefff91b5ddc0ccb105a10c0f70,0x0,0x34d1126f3a5fc61a84e45e86e8206cae79025cb2e6edfe11e580d9c8f1167ef6,0,94206976,0.0,1741094750559218,Blobble Stake Token,0.003977475,BST,0,1,2025-03-04
cxf14dea1cff7ceb29a46e6d04533a08f84441e41d,hxec052dfc0db0ae26086ca78e36a054a8424d3707,hxc871c5ab23fbc2334fe03ffc14372b4de579ac79,0x0,0x53892814eae4ab8560b632fe1940fc1d7332c0f32c85c1b7f2cddeabf8cb7215,0,94206973,0.0,1741094744556639,Blobble Stake Token,0.003977475,BST,0,1,2025-03-04
cxf14dea1cff7ceb29a46e6d04533a08f84441e41d,hxec052dfc0db0ae26086ca78e36a054a8424d3707,hxe04ad791700ffcb51229fa1cd94d9977f0b90d68,0x0,0xc8bb36470bf023a7f85e94adc1a44e41000bb708932e5eb3cd9ff967cd77dc17,0,94206971,0.0,1741094740604423,Blobble Stake Token,0.003977475,BST,0,1,2025-03-04
cxf14dea1cff7ceb29a46e6d04533a08f84441e41d,hxec052dfc0db0ae26086ca78e36a054a8424d3707,hx91a1c2984e6e3287b5811a8017c1835ea3d041e7,0x0,0x1b5eb750267b05f4a56a9d4b480fc9cb89005f0eaec3353bc22cd92f483f1f9f,0,94206969,0.0,1741094736690354,Blobble Stake Token,0.0039787875,BST,0,1,2025-03-04
cxf14dea1cff7ceb29a46e6d04533a08f84441e41d,hxec052dfc0db0ae26086ca78e36a054a8424d3707,hxa54ac069fe52551b4b7e25cc9a446c16d1ee1147,0x0,0x166cc743372285fbda54f822273cdef245848cb08fe8cc1fb6e505dbd48d356a,0,94206967,0.0,1741094732742940,Blobble Stake Token,0.0039787875,BST,0,1,2025-03-04
cx88fd7df7ddff82f7cc735c871dc519838cb235bb,cxa0af3165c08318e988cb30993b3048335b94af6c,cx5faae53c4dbd1fbe4a2eb4aab6565030f10da5c6,0xe5d02e68d23340,0x50eefcfca63b2b52ab90c02b6a3b085e31299a8546bc0a375f7f5c8110913e6d,2,94206966,0.0646866674124194,1741094730558309,Balanced Dollar,0.05694565,bnUSD,0,1,2025-03-04
cx88fd7df7ddff82f7cc735c871dc519838cb235bb,cxa0af3165c08318e988cb30993b3048335b94af6c,hxd75467e3e4ce64e3424c747dfb71503017440433,0x254d130f03f420fc5,0x50eefcfca63b2b52ab90c02b6a3b085e31299a8546bc0a375f7f5c8110913e6d,1,94206966,43.00520812514915,1741094730558309,Balanced Dollar,0.05694565,bnUSD,0,1,2025-03-04
cx4297f4b63262507623b6ad575d0d8dd2db980e4e,hxd75467e3e4ce64e3424c747dfb71503017440433,cxa0af3165c08318e988cb30993b3048335b94af6c,0x3782dace9d900000,0x50eefcfca63b2b52ab90c02b6a3b085e31299a8546bc0a375f7f5c8110913e6d,0,94206966,4.0,1741094730558309,Injective,0.05694565,INJ,0,1,2025-03-04
cxf14dea1cff7ceb29a46e6d04533a08f84441e41d,hxec052dfc0db0ae26086ca78e36a054a8424d3707,hx8890741527f29a2171f75ea74be350358c9b2779,0x0,0x18b8bcfd9bb33821fa2c4e3cc9c3cc04105365b05afd00adb642172c0c7bef62,0,94206965,0.0,1741094728748232,Blobble Stake Token,0.0039787875,BST,0,1,2025-03-04
cxf14dea1cff7ceb29a46e6d04533a08f84441e41d,hxec052dfc0db0ae26086ca78e36a054a8424d3707,hx9149c2de46219ca2ed05cfdca5eff35fb9725319,0x0,0xfceb8e36938c706b1350b9b2166d19ffb457f8fe7e2fdb469b777ad94f962fa5,0,94206963,0.0,1741094724551346,Blobble Stake Token,0.0039787875,BST,0,1,2025-03-04
cxf14dea1cff7ceb29a46e6d04533a08f84441e41d,hxec052dfc0db0ae26086ca78e36a054a8424d3707,hxef66882b9d32cd7c4704f84e92efd7723e8f565d,0x0,0x1132be1740ef1a4d830b249d8249642c56c3554bc3930b241d63940cc06caee1,0,94206961,0.0,1741094720655629,Blobble Stake Token,0.0039787875,BST,0,2,2025-03-04
cx88fd7df7ddff82f7cc735c871dc519838cb235bb,cxa0af3165c08318e988cb30993b3048335b94af6c,cx5faae53c4dbd1fbe4a2eb4aab6565030f10da5c6,0x14e45b90d880b5a,0x73fc025ae04ed3724379f510bc0de4b6f94f3e99bf25b22bffe82ef1620b1c67,2,94206961,0.09408930331964502,1741094720655629,Balanced Dollar,0.0569765875,bnUSD,0,1,2025-03-04
cx88fd7df7ddff82f7cc735c871dc519838cb235bb,cxa0af3165c08318e988cb30993b3048335b94af6c,hxd75467e3e4ce64e3424c747dfb71503017440433,0x36403248551650d6e,0x73fc025ae04ed3724379f510bc0de4b6f94f3e99bf25b22bffe82ef1620b1c67,1,94206961,62.54687620486641,1741094720655629,Balanced Dollar,0.0569765875,bnUSD,0,1,2025-03-04
cx288d13e1b63563459a2ac6179f237711f6851cb5,hxd75467e3e4ce64e3424c747dfb71503017440433,cxa0af3165c08318e988cb30993b3048335b94af6c,0x6a94d74f430000,0x73fc025ae04ed3724379f510bc0de4b6f94f3e99bf25b22bffe82ef1620b1c67,0,94206961,0.03,1741094720655629,Ethereum,0.0569765875,ETH,0,1,2025-03-04
cx2609b924e33ef00b648a409245c7ea394c467824,hx0000000000000000000000000000000000000000,cx66d4d90f5f113eba575bf793570135f9b10cece1,0x1615621e46c442225441,0xde0639b5056aaf0fd0f1a8b12a6c3a77c61923f679f7d961cbc81914cf2dfebd,2,94206959,104286.51441495385,1741094716547988,Staked ICX,0.10511925,sICX,0,2,2025-03-04
cxf14dea1cff7ceb29a46e6d04533a08f84441e41d,hxec052dfc0db0ae26086ca78e36a054a8424d3707,hx80ece7f7ec5193bb14f0c4bb592b8cd4761bb617,0x0,0xa8d872dadf106fd6b93b09b0934421509538edd7e2802a7254db2e1da36bd913,0,94206959,0.0,1741094716547988,Blobble Stake Token,0.003977475,BST,0,1,2025-03-04
cxf14dea1cff7ceb29a46e6d04533a08f84441e41d,hxec052dfc0db0ae26086ca78e36a054a8424d3707,hxb3ec843e3cdd68fb793bfb22c2d044163416ca10,0x0,0xaa2d73a0bbc716d8101bffb25a92a4e6ef475b7de4f85972ebcecf1d8efba9b9,0,94206957,0.0,1741094712657613,Blobble Stake Token,0.003977475,BST,0,1,2025-03-04
cxf14dea1cff7ceb29a46e6d04533a08f84441e41d,hxec052dfc0db0ae26086ca78e36a054a8424d3707,hx3d07ebfd1b905aef34a2d35bbee620307daca347,0x0,0xcc979c41a074b5ea578058fd8c45574c6abfab3fd45d1f7cdbd1453c60dc4fe2,0,94206955,0.0,1741094708550930,Blobble Stake Token,0.0039787875,BST,0,2,2025-03-04
cx88fd7df7ddff82f7cc735c871dc519838cb235bb,cxa0af3165c08318e988cb30993b3048335b94af6c,cx5faae53c4dbd1fbe4a2eb4aab6565030f10da5c6,0x14e5deeea40b74f,0x89c3be94751911ed6b1ad1f3361930daf9ff9c5dd3c4174377fb6c0fe0dd61de,2,94206955,0.0941159229350685,1741094708550930,Balanced Dollar,0.0569765875,bnUSD,0,1,2025-03-04
cx88fd7df7ddff82f7cc735c871dc519838cb235bb,cxa0af3165c08318e988cb30993b3048335b94af6c,hxd75467e3e4ce64e3424c747dfb71503017440433,0x3644203c8c0dc5bcc,0x89c3be94751911ed6b1ad1f3361930daf9ff9c5dd3c4174377fb6c0fe0dd61de,1,94206955,62.56457313414836,1741094708550930,Balanced Dollar,0.0569765875,bnUSD,0,1,2025-03-04
cx288d13e1b63563459a2ac6179f237711f6851cb5,hxd75467e3e4ce64e3424c747dfb71503017440433,cxa0af3165c08318e988cb30993b3048335b94af6c,0x6a94d74f430000,0x89c3be94751911ed6b1ad1f3361930daf9ff9c5dd3c4174377fb6c0fe0dd61de,0,94206955,0.03,1741094708550930,Ethereum,0.0569765875,ETH,0,1,2025-03-04
cxf14dea1cff7ceb29a46e6d04533a08f84441e41d,hxec052dfc0db0ae26086ca78e36a054a8424d3707,hx62207d1640bf8e1fefe9bcfe64366cbbd7ce3330,0x0,0xee5d6f61735f3c965ee530d89001c98725ba648e18f38b3afd58a2473a4e3660,0,94206953,0.0,1741094704545740,Blobble Stake Token,0.0039787875,BST,0,1,2025-03-04
cxf14dea1cff7ceb29a46e6d04533a08f84441e41d,hxec052dfc0db0ae26086ca78e36a054a8424d3707,hx9896ba2aac0a4cb8790bcff4cd14ae0340c1d34c,0x0,0x1d0e74d52ef2ae42732caee40d954da52ca2f91a7f93be623e777369479f6bc2,0,94206951,0.0,1741094700545866,Blobble Stake Token,0.0039787875,BST,0,1,2025-03-04
cxf14dea1cff7ceb29a46e6d04533a08f84441e41d,hxec052dfc0db0ae26086ca78e36a054a8424d3707,hx1e589619133899c55fe96dbf0d9cd4ae8ea6ef67,0x0,0x95dffac7f1185f21b17dbe138baec222054f0fd3a182ed80dc09fbb264540e7a,0,94206949,0.0,1741094696542591,Blobble Stake Token,0.0039787875,BST,0,1,2025-03-04
cx88fd7df7ddff82f7cc735c871dc519838cb235bb,cxa0ffa71e76299fbc9005ba7000ccad86f7f22971,hxd75467e3e4ce64e3424c747dfb71503017440433,0xc01ba1949adcc49eca,0x6fbc3f7cb487a62b61ca1e71e72b460e0d5908595f0cac5213e140862a2e2b62,8,94206948,3543.7658980553583,1741094694541297,Balanced Dollar,0.153512425,bnUSD,0,1,2025-03-04
cx65c9e3d4fea842e00add0d32a5b4c5e4e04c7a6b,cx66d4d90f5f113eba575bf793570135f9b10cece1,cx835b300dcfe01f0bdb794e134a0c5628384f4367,0x16992b,0x6fbc3f7cb487a62b61ca1e71e72b460e0d5908595f0cac5213e140862a2e2b62,5,94206948,0.001481003,1741094694541297,Solana,0.153512425,SOL,0,1,2025-03-04
cx65c9e3d4fea842e00add0d32a5b4c5e4e04c7a6b,cxa0ffa71e76299fbc9005ba7000ccad86f7f22971,hxd75467e3e4ce64e3424c747dfb71503017440433,0x8bd3bf2,0x6fbc3f7cb487a62b61ca1e71e72b460e0d5908595f0cac5213e140862a2e2b62,3,94206948,0.146619378,1741094694541297,Solana,0.153512425,SOL,0,1,2025-03-04
cx65c9e3d4fea842e00add0d32a5b4c5e4e04c7a6b,cx66d4d90f5f113eba575bf793570135f9b10cece1,cxa0ffa71e76299fbc9005ba7000ccad86f7f22971,0x8bd3bf2,0x6fbc3f7cb487a62b61ca1e71e72b460e0d5908595f0cac5213e140862a2e2b62,2,94206948,0.146619378,1741094694541297,Solana,0.153512425,SOL,0,1,2025-03-04
cx88fd7df7ddff82f7cc735c871dc519838cb235bb,cxa0ffa71e76299fbc9005ba7000ccad86f7f22971,hx0000000000000000000000000000000000000000,0x10521357b47db6136,0x6fbc3f7cb487a62b61ca1e71e72b460e0d5908595f0cac5213e140862a2e2b62,1,94206948,18.816379521733452,1741094694541297,Balanced Dollar,0.153512425,bnUSD,0,1,2025-03-04
cx88fd7df7ddff82f7cc735c871dc519838cb235bb,hxd75467e3e4ce64e3424c747dfb71503017440433,cxa0ffa71e76299fbc9005ba7000ccad86f7f22971,0xc120c2ca1624a00000,0x6fbc3f7cb487a62b61ca1e71e72b460e0d5908595f0cac5213e140862a2e2b62,0,94206948,3562.5822775770916,1741094694541297,Balanced Dollar,0.153512425,bnUSD,0,1,2025-03-04
cxf14dea1cff7ceb29a46e6d04533a08f84441e41d,hxec052dfc0db0ae26086ca78e36a054a8424d3707,hx8e1621603179a032ac53680c6930832bc09191b2,0x0,0xd2a936582815a9c04d3e05ea222998c7273233e232e2d06709ad39c29c419b92,0,94206947,0.0,1741094692739574,Blobble Stake Token,0.0039787875,BST,0,1,2025-03-04
cxf14dea1cff7ceb29a46e6d04533a08f84441e41d,hxec052dfc0db0ae26086ca78e36a054a8424d3707,hx31be4d39fbaee72ad3e523005a798c172507db46,0x0,0x4956001f23a2a4c403fc23d8341cffef47212a3fd6fd451bef0c0fce7e93b201,0,94206945,0.0,1741094688640275,Blobble Stake Token,0.003977475,BST,0,1,2025-03-04
cxf14dea1cff7ceb29a46e6d04533a08f84441e41d,hxec052dfc0db0ae26086ca78e36a054a8424d3707,hx1497e91ac3eb534057213b110533e0a0158fa9da,0x0,0x4e89e6543cca3fce6bb1a6aabac9f9e2f736ea8c2542f5d1ae44f96b4fdbaa80,0,94206943,0.0,1741094684541099,Blobble Stake Token,0.0039761625,BST,0,1,2025-03-04
cxf14dea1cff7ceb29a46e6d04533a08f84441e41d,hxec052dfc0db0ae26086ca78e36a054a8424d3707,hx7221ca7aed1a1f56f064fba721a72cc82afde2a0,0x0,0x01e328b30dc23701bfe389ff8801d45dc5a1868eeb11fb195d8f8de243f6b64f,0,94206941,0.0,1741094680541723,Blobble Stake Token,0.0039787875,BST,0,1,2025-03-04
cx6139a27c15f1653471ffba0b4b88dc15de7e3267,hx0000000000000000000000000000000000000000,hx30c480cd4264ca1442096505b39a8142f33d736b,0x3d2625079990a00000,0x88d561f9dffcc2a001f9ed4a3499ca1a4633da95e7dcd41891b1fc31a02b5374,0,94206940,1128.0,1741094678732722,GangstaBet Token,0.012759975,GBET,0,1,2025-03-04
cxf14dea1cff7ceb29a46e6d04533a08f84441e41d,hxec052dfc0db0ae26086ca78e36a054a8424d3707,hxb89d884d3c4aba55d8bc7b67745a5b00a5bcdf5b,0x0,0xf19bb3084eade1c08c94893de43a45a631179b1d8bf179915b1ab25286fa16d3,0,94206939,0.0,1741094676751597,Blobble Stake Token,0.0039787875,BST,0,1,2025-03-04
cx88fd7df7ddff82f7cc735c871dc519838cb235bb,cxa0af3165c08318e988cb30993b3048335b94af6c,cx5faae53c4dbd1fbe4a2eb4aab6565030f10da5c6,0x14e762768941085,0xc8bb3041f273ea227f2643bb6c46a3fd7bf4ac22b361c3416bec48a506e141f7,2,94206938,0.09414255385169523,1741094674534607,Balanced Dollar,0.0569765875,bnUSD,0,1,2025-03-04
cx88fd7df7ddff82f7cc735c871dc519838cb235bb,cxa0af3165c08318e988cb30993b3048335b94af6c,hxd75467e3e4ce64e3424c747dfb71503017440433,0x36480e9e1996bf3a1,0xc8bb3041f273ea227f2643bb6c46a3fd7bf4ac22b361c3416bec48a506e141f7,1,94206938,62.58227757709131,1741094674534607,Balanced Dollar,0.0569765875,bnUSD,0,1,2025-03-04
cx288d13e1b63563459a2ac6179f237711f6851cb5,hxd75467e3e4ce64e3424c747dfb71503017440433,cxa0af3165c08318e988cb30993b3048335b94af6c,0x6a94d74f430000,0xc8bb3041f273ea227f2643bb6c46a3fd7bf4ac22b361c3416bec48a506e141f7,0,94206938,0.03,1741094674534607,Ethereum,0.0569765875,ETH,0,1,2025-03-04
cxf14dea1cff7ceb29a46e6d04533a08f84441e41d,hxec052dfc0db0ae26086ca78e36a054a8424d3707,hx304793fef6c301c7b01c4d6918b60aaae6c3ee19,0x0,0xcfe02ac17ef15dffd59b61667f45fa0f9f78c55387e2973e6584fc18adb4c8be,0,94206937,0.0,1741094672640819,Blobble Stake Token,0.0039787875,BST,0,1,2025-03-04
cxf14dea1cff7ceb29a46e6d04533a08f84441e41d,hxec052dfc0db0ae26086ca78e36a054a8424d3707,hx5ccf4ac9380fa981ade32b94455f5aa5cfea8d2e,0x0,0x892879735338d37c8a5220e586484c27b5f0c31b3e75a4563989f8b2439da241,0,94206935,0.0,1741094668539088,Blobble Stake Token,0.0039787875,BST,0,1,2025-03-04
cxf14dea1cff7ceb29a46e6d04533a08f84441e41d,hxec052dfc0db0ae26086ca78e36a054a8424d3707,hx52f56c3478fd29bf8d3d156b2da26f027d9940e2,0x0,0xf29cbbcb44b8d85fc2fd6f92f8a018fca5edaa32e7fb5326010af197407e2b67,0,94206933,0.0,1741094664534461,Blobble Stake Token,0.0039787875,BST,0,1,2025-03-04
cxf14dea1cff7ceb29a46e6d04533a08f84441e41d,hxec052dfc0db0ae26086ca78e36a054a8424d3707,hx2c96e0722370a92aab4d38aa847123c75276cdfd,0x0,0x3bedd46ac7e37935141eadd5e7466d0e0492844041b1c384bcb3bb1f561b8b12,0,94206931,0.0,1741094660529567,Blobble Stake Token,0.0039787875,BST,0,1,2025-03-04
cx88fd7df7ddff82f7cc735c871dc519838cb235bb,cx21e94c08c03daee80c25d8ee3ea22a20786ec231,hx2debd9ec927cca1639da8d3518dd9dbf1cdfb357,0x13b1e4eeb24ca22f55,0xf986a2f3f86f811b20850e4b5b93b03410f74b9d1aae631b9c007213227db90f,5,94206929,363.30677028944206,1741094656534108,Balanced Dollar,0.0786905875,bnUSD,0,2,2025-03-04
cx88fd7df7ddff82f7cc735c871dc519838cb235bb,cxa0af3165c08318e988cb30993b3048335b94af6c,cx5faae53c4dbd1fbe4a2eb4aab6565030f10da5c6,0x792ccbdc28e58be,0xf986a2f3f86f811b20850e4b5b93b03410f74b9d1aae631b9c007213227db90f,3,94206929,0.5457236202502453,1741094656534108,Balanced Dollar,0.0786905875,bnUSD,0,2,2025-03-04
cx88fd7df7ddff82f7cc735c871dc519838cb235bb,cxa0af3165c08318e988cb30993b3048335b94af6c,cx21e94c08c03daee80c25d8ee3ea22a20786ec231,0x13b1e4eeb24ca22f55,0xf986a2f3f86f811b20850e4b5b93b03410f74b9d1aae631b9c007213227db90f,2,94206929,363.30677028944206,1741094656534108,Balanced Dollar,0.0786905875,bnUSD,0,2,2025-03-04
cx508002ec116fbf3ab406329c0df28e70d7e75fb3,cx21e94c08c03daee80c25d8ee3ea22a20786ec231,cxa0af3165c08318e988cb30993b3048335b94af6c,0x22ecb25c00,0xf986a2f3f86f811b20850e4b5b93b03410f74b9d1aae631b9c007213227db90f,1,94206929,150.0,1741094656534108,Sui,0.0786905875,SUI,0,2,2025-03-04
cx508002ec116fbf3ab406329c0df28e70d7e75fb3,hx2debd9ec927cca1639da8d3518dd9dbf1cdfb357,cx21e94c08c03daee80c25d8ee3ea22a20786ec231,0x22ecb25c00,0xf986a2f3f86f811b20850e4b5b93b03410f74b9d1aae631b9c007213227db90f,0,94206929,150.0,1741094656534108,Sui,0.0786905875,SUI,0,2,2025-03-04
cxf14dea1cff7ceb29a46e6d04533a08f84441e41d,hxec052dfc0db0ae26086ca78e36a054a8424d3707,hx7b854ed4eb8a34fbd1ff3c916e9fa34847988253,0x0,0x4c4c6be259852d736d4b96466693a5eca24d63dd88086a7a6411997142eca087,0,94206929,0.0,1741094656534108,Blobble Stake Token,0.003977475,BST,0,1,2025-03-04
cxf14dea1cff7ceb29a46e6d04533a08f84441e41d,hxec052dfc0db0ae26086ca78e36a054a8424d3707,hxd4c117d58c7befac27d2b7fc3255b8d1f3ce75df,0x0,0xf029ad4b3eb2e8a0a37633ca578e5c148dab63beee31ffc0c2bf6b8f66a910a4,0,94206927,0.0,1741094652529417,Blobble Stake Token,0.003977475,BST,0,1,2025-03-04
cx88fd7df7ddff82f7cc735c871dc519838cb235bb,cx21e94c08c03daee80c25d8ee3ea22a20786ec231,hx2debd9ec927cca1639da8d3518dd9dbf1cdfb357,0x13c219d70c4c90a525,0x63a104b5a4740191a0d850dd1047643c9cd1e28d3d2841c6bf7655a8f5e88cd1,5,94206925,364.4745839660814,1741094648733919,Balanced Dollar,0.0786945875,bnUSD,0,2,2025-03-04
cx88fd7df7ddff82f7cc735c871dc519838cb235bb,cxa0af3165c08318e988cb30993b3048335b94af6c,cx5faae53c4dbd1fbe4a2eb4aab6565030f10da5c6,0x79906dea8bd70b3,0x63a104b5a4740191a0d850dd1047643c9cd1e28d3d2841c6bf7655a8f5e88cd1,3,94206925,0.5474763830857198,1741094648733919,Balanced Dollar,0.0786945875,bnUSD,0,2,2025-03-04
cx88fd7df7ddff82f7cc735c871dc519838cb235bb,cxa0af3165c08318e988cb30993b3048335b94af6c,cx21e94c08c03daee80c25d8ee3ea22a20786ec231,0x13c219d70c4c90a525,0x63a104b5a4740191a0d850dd1047643c9cd1e28d3d2841c6bf7655a8f5e88cd1,2,94206925,364.4745839660814,1741094648733919,Balanced Dollar,0.0786945875,bnUSD,0,2,2025-03-04
cx508002ec116fbf3ab406329c0df28e70d7e75fb3,cx21e94c08c03daee80c25d8ee3ea22a20786ec231,cxa0af3165c08318e988cb30993b3048335b94af6c,0x22ecb25c00,0x63a104b5a4740191a0d850dd1047643c9cd1e28d3d2841c6bf7655a8f5e88cd1,1,94206925,150.0,1741094648733919,Sui,0.0786945875,SUI,0,2,2025-03-04
cx508002ec116fbf3ab406329c0df28e70d7e75fb3,hx2debd9ec927cca1639da8d3518dd9dbf1cdfb357,cx21e94c08c03daee80c25d8ee3ea22a20786ec231,0x22ecb25c00,0x63a104b5a4740191a0d850dd1047643c9cd1e28d3d2841c6bf7655a8f5e88cd1,0,94206925,150.0,1741094648733919,Sui,0.0786945875,SUI,0,2,2025-03-04
cxf14dea1cff7ceb29a46e6d04533a08f84441e41d,hxec052dfc0db0ae26086ca78e36a054a8424d3707,hx907d59dbfbfd17ec5eefd1f873346e6caee8185e,0x0,0x8731a7edeb9104e4f8a52ac04c1519d21e632d4c3854cff18035f39b047ddb70,0,94206925,0.0,1741094648733919,Blobble Stake Token,0.0039696,BST,0,1,2025-03-04
cxf14dea1cff7ceb29a46e6d04533a08f84441e41d,hxec052dfc0db0ae26086ca78e36a054a8424d3707,hx7412a1c4656e59a044d3d250b779a4012004dd69,0x0,0xc8542a747a325a1917fff3761ff341a9224e05868f950399d1ec1d54767b2448,0,94206923,0.0,1741094644527400,Blobble Stake Token,0.003977475,BST,0,1,2025-03-04
cx88fd7df7ddff82f7cc735c871dc519838cb235bb,cx21e94c08c03daee80c25d8ee3ea22a20786ec231,hx2debd9ec927cca1639da8d3518dd9dbf1cdfb357,0x13d262ca0de293b1e8,0xca65c5cea130f88bd328c85098663d15ef3d9f3a6db17309dc8bc7b24b0d5321,5,94206921,365.6480388571487,1741094640570400,Balanced Dollar,0.0786945875,bnUSD,0,2,2025-03-04
cx88fd7df7ddff82f7cc735c871dc519838cb235bb,cxa0af3165c08318e988cb30993b3048335b94af6c,cx5faae53c4dbd1fbe4a2eb4aab6565030f10da5c6,0x79f48b14ffd9f26,0xca65c5cea130f88bd328c85098663d15ef3d9f3a6db17309dc8bc7b24b0d5321,3,94206921,0.5492376059509225,1741094640570400,Balanced Dollar,0.0786945875,bnUSD,0,2,2025-03-04
cx88fd7df7ddff82f7cc735c871dc519838cb235bb,cxa0af3165c08318e988cb30993b3048335b94af6c,cx21e94c08c03daee80c25d8ee3ea22a20786ec231,0x13d262ca0de293b1e8,0xca65c5cea130f88bd328c85098663d15ef3d9f3a6db17309dc8bc7b24b0d5321,2,94206921,365.6480388571487,1741094640570400,Balanced Dollar,0.0786945875,bnUSD,0,2,2025-03-04
cx508002ec116fbf3ab406329c0df28e70d7e75fb3,cx21e94c08c03daee80c25d8ee3ea22a20786ec231,cxa0af3165c08318e988cb30993b3048335b94af6c,0x22ecb25c00,0xca65c5cea130f88bd328c85098663d15ef3d9f3a6db17309dc8bc7b24b0d5321,1,94206921,150.0,1741094640570400,Sui,0.0786945875,SUI,0,2,2025-03-04
cx508002ec116fbf3ab406329c0df28e70d7e75fb3,hx2debd9ec927cca1639da8d3518dd9dbf1cdfb357,cx21e94c08c03daee80c25d8ee3ea22a20786ec231,0x22ecb25c00,0xca65c5cea130f88bd328c85098663d15ef3d9f3a6db17309dc8bc7b24b0d5321,0,94206921,150.0,1741094640570400,Sui,0.0786945875,SUI,0,2,2025-03-04
cxf14dea1cff7ceb29a46e6d04533a08f84441e41d,hxec052dfc0db0ae26086ca78e36a054a8424d3707,hx3547884cc5401581af2edc79ba927a43d0c8f366,0x0,0x697dadb387147ead30c50852a2d9acd2b89f64dcde3f8eb415f47c9e700b06fd,0,94206921,0.0,1741094640570400,Blobble Stake Token,0.0039787875,BST,0,1,2025-03-04
cxf14dea1cff7ceb29a46e6d04533a08f84441e41d,hxec052dfc0db0ae26086ca78e36a054a8424d3707,hxacea06647a9e230661071331869f59f914b89124,0x0,0x2b5569d18f2450b14e33d1bb779f7af0578390960aace3138afb97e8c11b2331,0,94206919,0.0,1741094636658824,Blobble Stake Token,0.0039787875,BST,0,1,2025-03-04
cxf14dea1cff7ceb29a46e6d04533a08f84441e41d,hxec052dfc0db0ae26086ca78e36a054a8424d3707,hxb416dc714da1c540017a0222896c103b5ad2a527,0x0,0xf11906344fbc3a3c25757bee23870b3f0be05b2b8fd461c416b92ea473338606,0,94206917,0.0,1741094632705738,Blobble Stake Token,0.0039787875,BST,0,1,2025-03-04
cxf14dea1cff7ceb29a46e6d04533a08f84441e41d,hxec052dfc0db0ae26086ca78e36a054a8424d3707,hx68151644cf9a6173a17afed35cd1ec2bd6b1c652,0x0,0xc8b3490a5fd72ab928244116d5756f420d6915fafd07d505ac58e196f5fcbf1d,0,94206915,0.0,1741094628716759,Blobble Stake Token,0.0039801,BST,0,1,2025-03-04
cxf14dea1cff7ceb29a46e6d04533a08f84441e41d,hxec052dfc0db0ae26086ca78e36a054a8424d3707,hxb5b025cf9179a283f7df76a9c22d0a0a19130a16,0x0,0x2c86b76a0ddde5075fd8a14d3120995913e7d219e960014d0d20132471b87e14,0,94206913,0.0,1741094624519053,Blobble Stake Token,0.0039787875,BST,0,1,2025-03-04
cx6139a27c15f1653471ffba0b4b88dc15de7e3267,hx8015ff0b8e53cdd1cb60af3b24a4fdd33d4934b9,hx5b24217047526bd1c9475ddc7e10f93325dd2322,0x3dccad980569500000,0x2605c8c445d0c116c9c1cd63851433fd343d8acc41269b59cf7e691a4cddd460,0,94206912,1140.0,1741094622626554,GangstaBet Token,0.0030365375,GBET,0,1,2025-03-04
cxf14dea1cff7ceb29a46e6d04533a08f84441e41d,hxec052dfc0db0ae26086ca78e36a054a8424d3707,hx52fa607939414dfca3803bd6966f8c60cffd0adf,0x0,0x75691aa6691975b68b4dd68fee75fa1786f702fb4d5aedfeba122de703fc4d4a,0,94206911,0.0,1741094620612749,Blobble Stake Token,0.0039787875,BST,0,1,2025-03-04
cxf14dea1cff7ceb29a46e6d04533a08f84441e41d,hxec052dfc0db0ae26086ca78e36a054a8424d3707,hxc34cfcc1fa2a557d0343891aec016a0040b1ba6d,0x0,0xfe8f8e46be9c08f72d8b6bb01b73e8d76917b6386b61cc8228642a8f16ee5bbe,0,94206909,0.0,1741094616517764,Blobble Stake Token,0.0039787875,BST,0,3,2025-03-04
cx88fd7df7ddff82f7cc735c871dc519838cb235bb,cxd82fb5d3effecd8c9071a4bba3856ad7222c4b91,hxd75467e3e4ce64e3424c747dfb71503017440433,0x6c6b935b8bbd400000,0x52bbe5717e8ec000bde1cfc276c8d154380af04d0fb0049798074e52706ffb7e,0,94206909,2000.0,1741094616517764,Balanced Dollar,0.02069225,bnUSD,0,2,2025-03-04
cx508002ec116fbf3ab406329c0df28e70d7e75fb3,cx21e94c08c03daee80c25d8ee3ea22a20786ec231,hx2debd9ec927cca1639da8d3518dd9dbf1cdfb357,0x68c6171400,0x019e8b57ca0227ed9d1f46e7c642e24638ee18f8cb75505ee266928ddfcd34ea,3,94206909,450.0,1741094616517764,Sui,0.042006575,SUI,0,1,2025-03-04
cx508002ec116fbf3ab406329c0df28e70d7e75fb3,hx0000000000000000000000000000000000000000,cx21e94c08c03daee80c25d8ee3ea22a20786ec231,0x68c6171400,0x019e8b57ca0227ed9d1f46e7c642e24638ee18f8cb75505ee266928ddfcd34ea,1,94206909,450.0,1741094616517764,Sui,0.042006575,SUI,0,1,2025-03-04
cxf14dea1cff7ceb29a46e6d04533a08f84441e41d,hxec052dfc0db0ae26086ca78e36a054a8424d3707,hx361635233c90ffd211978ca6043b1eda61770863,0x0,0x34a3f969a21ca18bc84bb1dd5b357d6a26d9ffd846cee3fdb6d95f813a244b6f,0,94206907,0.0,1741094612632042,Blobble Stake Token,0.003977475,BST,0,2,2025-03-04
cxf14dea1cff7ceb29a46e6d04533a08f84441e41d,hxec052dfc0db0ae26086ca78e36a054a8424d3707,hxf80c637ed6569eada1a621cbed01ed5bc2873c1a,0x0,0xab6244c09abce6f9076f10338cf519ffccbfd56d77e2326389bf4195655d9548,0,94206905,0.0,1741094608517400,Blobble Stake Token,0.0039696,BST,0,1,2025-03-04
cxf14dea1cff7ceb29a46e6d04533a08f84441e41d,hxec052dfc0db0ae26086ca78e36a054a8424d3707,hx6a7c99794e15a4ee03557887f11a98b0d4adbedc,0x0,0x339ae7cf5d14f3d21d11f822588246c4ec6e48ab4b18344cb68b8f01379240e1,0,94206903,0.0,1741094604517368,Blobble Stake Token,0.0039787875,BST,0,1,2025-03-04
cxf61cd5a45dc9f91c15aa65831a30a90d59a09619,cx9345f80d6c98357ccbb70392b14162199c2c5f66,cxd82fb5d3effecd8c9071a4bba3856ad7222c4b91,0x3c9dcae78999670,0xe66d69836acf3a2d3a561118abf8058a3f3f37f406e4e61e1aa6b2e41752a792,4,94206901,0.27299189433837734,1741094600514667,Balance Token,0.1302328625,BALN,0,2,2025-03-04
cx2609b924e33ef00b648a409245c7ea394c467824,cx9345f80d6c98357ccbb70392b14162199c2c5f66,cxd82fb5d3effecd8c9071a4bba3856ad7222c4b91,0x42ad963b3faac4a7,0xe66d69836acf3a2d3a561118abf8058a3f3f37f406e4e61e1aa6b2e41752a792,3,94206901,4.80466155868958,1741094600514667,Staked ICX,0.1302328625,sICX,0,2,2025-03-04
cx88fd7df7ddff82f7cc735c871dc519838cb235bb,hx0000000000000000000000000000000000000000,cx5faae53c4dbd1fbe4a2eb4aab6565030f10da5c6,0x0,0xe66d69836acf3a2d3a561118abf8058a3f3f37f406e4e61e1aa6b2e41752a792,2,94206901,0.0,1741094600514667,Balanced Dollar,0.1302328625,bnUSD,0,2,2025-03-04
cx88fd7df7ddff82f7cc735c871dc519838cb235bb,hx0000000000000000000000000000000000000000,cxd82fb5d3effecd8c9071a4bba3856ad7222c4b91,0xab029778b515afc,0xe66d69836acf3a2d3a561118abf8058a3f3f37f406e4e61e1aa6b2e41752a792,1,94206901,0.7701611296955666,1741094600514667,Balanced Dollar,0.1302328625,bnUSD,0,2,2025-03-04
cx88fd7df7ddff82f7cc735c871dc519838cb235bb,hxd75467e3e4ce64e3424c747dfb71503017440433,cxd82fb5d3effecd8c9071a4bba3856ad7222c4b91,0xb32e18fb3cc1800000,0xe66d69836acf3a2d3a561118abf8058a3f3f37f406e4e61e1aa6b2e41752a792,0,94206901,3305.2888701575584,1741094600514667,Balanced Dollar,0.1302328625,bnUSD,0,2,2025-03-04
cxf14dea1cff7ceb29a46e6d04533a08f84441e41d,hxec052dfc0db0ae26086ca78e36a054a8424d3707,hxbba86ef72cb7dccec4b39b520d42c241ed890c22,0x0,0x2c60bacb3f012822b375a2b7062739d575d0e7c99af02f6d5a5a8ad947937f69,0,94206901,0.0,1741094600514667,Blobble Stake Token,0.003977475,BST,0,1,2025-03-04
cx88fd7df7ddff82f7cc735c871dc519838cb235bb,cxa0af3165c08318e988cb30993b3048335b94af6c,cx5faae53c4dbd1fbe4a2eb4aab6565030f10da5c6,0x1a2c3e34d7f1014,0xed74af0c21205fb57105c3b19d5f91d151bea951fae2c3b941dd53710a69ca99,2,94206899,0.11787192129021953,1741094596508040,Balanced Dollar,0.0569085875,bnUSD,0,2,2025-03-04
cx88fd7df7ddff82f7cc735c871dc519838cb235bb,cxa0af3165c08318e988cb30993b3048335b94af6c,hxd75467e3e4ce64e3424c747dfb71503017440433,0x43f9dd5960e576360,0xed74af0c21205fb57105c3b19d5f91d151bea951fae2c3b941dd53710a69ca99,1,94206899,78.37103113103366,1741094596508040,Balanced Dollar,0.0569085875,bnUSD,0,2,2025-03-04
cx66a031cc3bd305c76371fb586e93801b948254f0,hxd75467e3e4ce64e3424c747dfb71503017440433,cxa0af3165c08318e988cb30993b3048335b94af6c,0x3782dace9d900000,0xed74af0c21205fb57105c3b19d5f91d151bea951fae2c3b941dd53710a69ca99,0,94206899,4.0,1741094596508040,Avalanche,0.0569085875,AVAX,0,2,2025-03-04
cxf14dea1cff7ceb29a46e6d04533a08f84441e41d,hxec052dfc0db0ae26086ca78e36a054a8424d3707,hx746fcfc42a4b713776ff7bf77b95b228f61a63aa,0x0,0x32ffa909967167434f91c542200188735ad5e89c00fa6285f9fdf4e0456329e9,0,94206899,0.0,1741094596508040,Blobble Stake Token,0.0039787875,BST,0,1,2025-03-04
cxf14dea1cff7ceb29a46e6d04533a08f84441e41d,hxec052dfc0db0ae26086ca78e36a054a8424d3707,hx1cddbe0876c87343b8daa93bc988b1f4ea173141,0x0,0x8b1e5e9a4d0498ece802910214f01d2cef9ca903248f959f6764d1737d85d148,0,94206897,0.0,1741094592702168,Blobble Stake Token,0.0039801,BST,0,1,2025-03-04
cx88fd7df7ddff82f7cc735c871dc519838cb235bb,cxa0af3165c08318e988cb30993b3048335b94af6c,cx5faae53c4dbd1fbe4a2eb4aab6565030f10da5c6,0x14e8e6288e3ba81,0x0d5f1699d035c8ef38a871c91355197ab2c2ab1f1af3574458d8033ed54c4df1,2,94206896,0.0941691960759241,1741094590555658,Balanced Dollar,0.0569765875,bnUSD,0,1,2025-03-04
cx88fd7df7ddff82f7cc735c871dc519838cb235bb,cxa0af3165c08318e988cb30993b3048335b94af6c,hxd75467e3e4ce64e3424c747dfb71503017440433,0x364bfd6d0d8ac09d0,0x0d5f1699d035c8ef38a871c91355197ab2c2ab1f1af3574458d8033ed54c4df1,1,94206896,62.59998953794988,1741094590555658,Balanced Dollar,0.0569765875,bnUSD,0,1,2025-03-04
cx288d13e1b63563459a2ac6179f237711f6851cb5,hxd75467e3e4ce64e3424c747dfb71503017440433,cxa0af3165c08318e988cb30993b3048335b94af6c,0x6a94d74f430000,0x0d5f1699d035c8ef38a871c91355197ab2c2ab1f1af3574458d8033ed54c4df1,0,94206896,0.03,1741094590555658,Ethereum,0.0569765875,ETH,0,1,2025-03-04
cxf14dea1cff7ceb29a46e6d04533a08f84441e41d,hxec052dfc0db0ae26086ca78e36a054a8424d3707,hx5769de2ad3afea0cec4cf721019f35e75f43296d,0x0,0x1b9aade2ec9ea92c37adcf3f3b312be97049549d2d5bdca08489e5976898fbf7,0,94206895,0.0,1741094588602334,Blobble Stake Token,0.0039787875,BST,0,1,2025-03-04
cxf14dea1cff7ceb29a46e6d04533a08f84441e41d,hxec052dfc0db0ae26086ca78e36a054a8424d3707,hxc584f5372414407c0e8cfa6535a407219efe0c51,0x0,0xf9cbbb2a8d1e1f44d7d9c47212652faba1b415a7a5cc872ffb0285a357333a0c,0,94206893,0.0,1741094584507707,Blobble Stake Token,0.0039787875,BST,0,3,2025-03-04
cx88fd7df7ddff82f7cc735c871dc519838cb235bb,cxa0af3165c08318e988cb30993b3048335b94af6c,cx5faae53c4dbd1fbe4a2eb4aab6565030f10da5c6,0xe5ebe7805dc444,0x11e660d5a878a841362154673156a864f8a93985d9b559edcd63668521bdf2e3,2,94206893,0.0647171491903417,1741094584507707,Balanced Dollar,0.05694565,bnUSD,0,2,2025-03-04
cx88fd7df7ddff82f7cc735c871dc519838cb235bb,cxa0af3165c08318e988cb30993b3048335b94af6c,hxd75467e3e4ce64e3424c747dfb71503017440433,0x255193205a5e82179,0x11e660d5a878a841362154673156a864f8a93985d9b559edcd63668521bdf2e3,1,94206893,43.02547551490042,1741094584507707,Balanced Dollar,0.05694565,bnUSD,0,2,2025-03-04
cx4297f4b63262507623b6ad575d0d8dd2db980e4e,hxd75467e3e4ce64e3424c747dfb71503017440433,cxa0af3165c08318e988cb30993b3048335b94af6c,0x3782dace9d900000,0x11e660d5a878a841362154673156a864f8a93985d9b559edcd63668521bdf2e3,0,94206893,4.0,1741094584507707,Injective,0.05694565,INJ,0,2,2025-03-04
cxf14dea1cff7ceb29a46e6d04533a08f84441e41d,hxec052dfc0db0ae26086ca78e36a054a8424d3707,hxeaf708b437ee8d801e2ccc8310d24e1719f2c81b,0x0,0x78930def068c73fbd06af83ca500d16d45ccfe8648c94c61debd1beb74dea51b,0,94206891,0.0,1741094580509149,Blobble Stake Token,0.0039801,BST,0,1,2025-03-04
cx88fd7df7ddff82f7cc735c871dc519838cb235bb,cxa0af3165c08318e988cb30993b3048335b94af6c,cx5faae53c4dbd1fbe4a2eb4aab6565030f10da5c6,0xd93c4247949245,0xd2ea6f4bedc6df2f3983e21d6ae94994dff4c596974d5968db1ff19a87a5163f,2,94206890,0.061146325312639555,1741094578701892,Balanced Dollar,0.0473681375,bnUSD,0,1,2025-03-04
cx88fd7df7ddff82f7cc735c871dc519838cb235bb,cxa0af3165c08318e988cb30993b3048335b94af6c,hxd75467e3e4ce64e3424c747dfb71503017440433,0x2342b7e6550a99dd2,0xd2ea6f4bedc6df2f3983e21d6ae94994dff4c596974d5968db1ff19a87a5163f,1,94206890,40.652725435,1741094578701892,Balanced Dollar,0.0473681375,bnUSD,0,1,2025-03-04
cx65c9e3d4fea842e00add0d32a5b4c5e4e04c7a6b,hxd75467e3e4ce64e3424c747dfb71503017440433,cxa0af3165c08318e988cb30993b3048335b94af6c,0x11e1a300,0xd2ea6f4bedc6df2f3983e21d6ae94994dff4c596974d5968db1ff19a87a5163f,0,94206890,0.3,1741094578701892,Solana,0.0473681375,SOL,0,1,2025-03-04
cxf14dea1cff7ceb29a46e6d04533a08f84441e41d,hxec052dfc0db0ae26086ca78e36a054a8424d3707,hxd8d136bfeba56af565f0c60ad71f02d4e2666a0c,0x0,0xef29fa361149041d05d89ff56419c85254f86341d25da4e06aa14d8a578c9327,0,94206889,0.0,1741094576703425,Blobble Stake Token,0.0039787875,BST,0,1,2025-03-04
cxf14dea1cff7ceb29a46e6d04533a08f84441e41d,hxec052dfc0db0ae26086ca78e36a054a8424d3707,hx2e85b5e2e5b98f4b8e2bd71483da37b0f750a116,0x0,0xceb25898b274a94af59259ff5a788e688fd7486dfa9718a203ddba4d00c4fe99,0,94206887,0.0,1741094572611051,Blobble Stake Token,0.0039787875,BST,0,1,2025-03-04
cxf14dea1cff7ceb29a46e6d04533a08f84441e41d,hxec052dfc0db0ae26086ca78e36a054a8424d3707,hxf277418952673e86896d06fc69e83730daeb620f,0x0,0x5b07c5d74a9959edbf43812035781b438fc104703e07ebf995f71499ad18cc09,0,94206885,0.0,1741094568504437,Blobble Stake Token,0.003977475,BST,0,1,2025-03-04
cxf14dea1cff7ceb29a46e6d04533a08f84441e41d,hxec052dfc0db0ae26086ca78e36a054a8424d3707,hx47df1406cd23e7c58ca27097c4cab4f668085fb3,0x0,0x6ae1c11cbc7a88d7416e47bbd3ba10cc1475ebb18d64a810ae276e2dfdd09d9b,0,94206883,0.0,1741094564500830,Blobble Stake Token,0.0039787875,BST,0,1,2025-03-04
cx88fd7df7ddff82f7cc735c871dc519838cb235bb,cx21e94c08c03daee80c25d8ee3ea22a20786ec231,hx970eda4988e547df0de8324226fdf3e8ebc9734f,0x2d88f9e10fb7006cc0,0x23fc92a1303e7df209f0f9d4c22c0e9253f6394c0ae98f9bfce9f81751157640,5,94206882,839.9736508329,1741094562621024,Balanced Dollar,0.086027725,bnUSD,0,1,2025-03-04
cx88fd7df7ddff82f7cc735c871dc519838cb235bb,cxa0af3165c08318e988cb30993b3048335b94af6c,cx5faae53c4dbd1fbe4a2eb4aab6565030f10da5c6,0x1182f289be1e86f4,0x23fc92a1303e7df209f0f9d4c22c0e9253f6394c0ae98f9bfce9f81751157640,3,94206882,1.2618375190312732,1741094562621024,Balanced Dollar,0.086027725,bnUSD,0,1,2025-03-04
cx88fd7df7ddff82f7cc735c871dc519838cb235bb,cxa0af3165c08318e988cb30993b3048335b94af6c,cx21e94c08c03daee80c25d8ee3ea22a20786ec231,0x2d88f9e10fb7006cc0,0x23fc92a1303e7df209f0f9d4c22c0e9253f6394c0ae98f9bfce9f81751157640,2,94206882,839.9736508329,1741094562621024,Balanced Dollar,0.086027725,bnUSD,0,1,2025-03-04
cx07b184a37f03c6ab681fcbd0b45aec6dc3eafbeb,cx21e94c08c03daee80c25d8ee3ea22a20786ec231,cxa0af3165c08318e988cb30993b3048335b94af6c,0x2386f26fc10000,0x23fc92a1303e7df209f0f9d4c22c0e9253f6394c0ae98f9bfce9f81751157640,1,94206882,0.01,1741094562621024,Bitcoin,0.086027725,BTC,0,1,2025-03-04
cx07b184a37f03c6ab681fcbd0b45aec6dc3eafbeb,hx970eda4988e547df0de8324226fdf3e8ebc9734f,cx21e94c08c03daee80c25d8ee3ea22a20786ec231,0x2386f26fc10000,0x23fc92a1303e7df209f0f9d4c22c0e9253f6394c0ae98f9bfce9f81751157640,0,94206882,0.01,1741094562621024,Bitcoin,0.086027725,BTC,0,1,2025-03-04
cxf14dea1cff7ceb29a46e6d04533a08f84441e41d,hxec052dfc0db0ae26086ca78e36a054a8424d3707,hx4d92d1ce7dbacec5d134b10b7361d42e5e31a82d,0x0,0xc88e5a448bba17e248abafc207df02668b16f4d7fdf9c41999e446963787b83f,0,94206881,0.0,1741094560502254,Blobble Stake Token,0.0039787875,BST,0,1,2025-03-04
cxf14dea1cff7ceb29a46e6d04533a08f84441e41d,hxec052dfc0db0ae26086ca78e36a054a8424d3707,hx6a49a2f9a029312506ec2eab3fd6eab6d5397eae,0x0,0xf6baf73dde2410d9845d9e65d4d70af86324ee0928d67449d221df7443221332,0,94206879,0.0,1741094556501963,Blobble Stake Token,0.003977475,BST,0,1,2025-03-04
cx7baf94bd53b505353285ee4c4c050f9703581703,hx8015ff0b8e53cdd1cb60af3b24a4fdd33d4934b9,hx0000000000000000000000000000000000000000,0x0,0x9684c21c60d6d4fa3a5eb4546119de328fb6c51c2cdb7b86f324decc3605aadf,6,94206878,0.0,1741094554500464,unknown_token,0.063847425,$unknown,30,1,2025-03-04
cx7baf94bd53b505353285ee4c4c050f9703581703,hx8015ff0b8e53cdd1cb60af3b24a4fdd33d4934b9,hx0000000000000000000000000000000000000000,0x0,0x9684c21c60d6d4fa3a5eb4546119de328fb6c51c2cdb7b86f324decc3605aadf,5,94206878,0.0,1741094554500464,unknown_token,0.063847425,$unknown,27,1,2025-03-04
cx7baf94bd53b505353285ee4c4c050f9703581703,hx8015ff0b8e53cdd1cb60af3b24a4fdd33d4934b9,hx0000000000000000000000000000000000000000,0x0,0x9684c21c60d6d4fa3a5eb4546119de328fb6c51c2cdb7b86f324decc3605aadf,4,94206878,0.0,1741094554500464,unknown_token,0.063847425,$unknown,1,1,2025-03-04
cx53f8ccd5426534f82cf10cb742de033e51da72fc,hx8015ff0b8e53cdd1cb60af3b24a4fdd33d4934b9,hx0000000000000000000000000000000000000000,0x0,0x9684c21c60d6d4fa3a5eb4546119de328fb6c51c2cdb7b86f324decc3605aadf,0,94206878,0.0,1741094554500464,unknown_token,0.063847425,$unknown,3,1,2025-03-04
cxf14dea1cff7ceb29a46e6d04533a08f84441e41d,hxec052dfc0db0ae26086ca78e36a054a8424d3707,hx3706e47d60987209402617e01049cc45ba2d94ec,0x0,0xb0ceeb295a34c82e6a70bd40a564f7b7c9726ea51482293b521abe98d39d2747,0,94206877,0.0,1741094552495573,Blobble Stake Token,0.003977475,BST,0,1,2025-03-04
cxf14dea1cff7ceb29a46e6d04533a08f84441e41d,hxec052dfc0db0ae26086ca78e36a054a8424d3707,hx53c3f6669c6de42e6fc531f5b8d5676230eea222,0x0,0x3f407bad7df4f3e803ef3ed4d8ace35bf5603551f3cab1792dad17600b6538a3,0,94206875,0.0,1741094548694354,Blobble Stake Token,0.0039696,BST,0,1,2025-03-04
cx88fd7df7ddff82f7cc735c871dc519838cb235bb,cxa0af3165c08318e988cb30993b3048335b94af6c,cx5faae53c4dbd1fbe4a2eb4aab6565030f10da5c6,0xd959ccdeb1f753,0x420567aa87c23940a409ac889d0c65a92608227e8e64848b002560a0ba6b3839,2,94206873,0.061178806390617936,1741094544490779,Balanced Dollar,0.0473681375,bnUSD,0,2,2025-03-04
cx88fd7df7ddff82f7cc735c871dc519838cb235bb,cxa0af3165c08318e988cb30993b3048335b94af6c,hxd75467e3e4ce64e3424c747dfb71503017440433,0x234783963c905e5f8,0x420567aa87c23940a409ac889d0c65a92608227e8e64848b002560a0ba6b3839,1,94206873,40.674323135333786,1741094544490779,Balanced Dollar,0.0473681375,bnUSD,0,2,2025-03-04
cx65c9e3d4fea842e00add0d32a5b4c5e4e04c7a6b,hxd75467e3e4ce64e3424c747dfb71503017440433,cxa0af3165c08318e988cb30993b3048335b94af6c,0x11e1a300,0x420567aa87c23940a409ac889d0c65a92608227e8e64848b002560a0ba6b3839,0,94206873,0.3,1741094544490779,Solana,0.0473681375,SOL,0,2,2025-03-04
cxf14dea1cff7ceb29a46e6d04533a08f84441e41d,hxec052dfc0db0ae26086ca78e36a054a8424d3707,hxccfef470fefd49d9a548a2517e11ce5547094881,0x0,0x92f432794d705ed62a35ea1b6ac0927edeaf0faa69113f9ba54e64b4cc65719b,0,94206873,0.0,1741094544490779,Blobble Stake Token,0.0039696,BST,0,1,2025-03-04
cxf14dea1cff7ceb29a46e6d04533a08f84441e41d,hxec052dfc0db0ae26086ca78e36a054a8424d3707,hxdc8c68c62b0af5cbd78e2e718d09d1d804e22cb6,0x0,0x0f1d906907bf1f34bb29da934bfb26bfc7776e1bedc102b5c5daf0764414393c,0,94206871,0.0,1741094540547010,Blobble Stake Token,0.0039787875,BST,0,1,2025-03-04
cx88fd7df7ddff82f7cc735c871dc519838cb235bb,cxa0af3165c08318e988cb30993b3048335b94af6c,cx5faae53c4dbd1fbe4a2eb4aab6565030f10da5c6,0xe607a59cbfc067,0x26a3fb47b7b45e8f37747c5cfce72dc711feefb691433884063428116925ed50,2,94206870,0.06474765252426148,1741094538585999,Balanced Dollar,0.05694565,bnUSD,0,1,2025-03-04
cx88fd7df7ddff82f7cc735c871dc519838cb235bb,cxa0af3165c08318e988cb30993b3048335b94af6c,hxd75467e3e4ce64e3424c747dfb71503017440433,0x255614024843e7193,0x26a3fb47b7b45e8f37747c5cfce72dc711feefb691433884063428116925ed50,1,94206870,43.0457572389656,1741094538585999,Balanced Dollar,0.05694565,bnUSD,0,1,2025-03-04
cx4297f4b63262507623b6ad575d0d8dd2db980e4e,hxd75467e3e4ce64e3424c747dfb71503017440433,cxa0af3165c08318e988cb30993b3048335b94af6c,0x3782dace9d900000,0x26a3fb47b7b45e8f37747c5cfce72dc711feefb691433884063428116925ed50,0,94206870,4.0,1741094538585999,Injective,0.05694565,INJ,0,1,2025-03-04
cxf14dea1cff7ceb29a46e6d04533a08f84441e41d,hxec052dfc0db0ae26086ca78e36a054a8424d3707,hx4986dd1ff7b04774075f51cbec7e3716c6dcf7f8,0x0,0x6397c593b1d928c4ba25ac469584bbf101fbbbf9bf1ce500f6c1946ea3a0765c,0,94206869,0.0,1741094536625546,Blobble Stake Token,0.0039787875,BST,0,1,2025-03-04
cx88fd7df7ddff82f7cc735c871dc519838cb235bb,cxa0af3165c08318e988cb30993b3048335b94af6c,cx5faae53c4dbd1fbe4a2eb4aab6565030f10da5c6,0x14ea6a04b916a79,0x8345c3710c011b4b511fce4389abf37140f93b9bf6a679d32f3f1fc92610db99,2,94206867,0.09419584961415846,1741094532670068,Balanced Dollar,0.0569765875,bnUSD,0,2,2025-03-04
cx88fd7df7ddff82f7cc735c871dc519838cb235bb,cxa0af3165c08318e988cb30993b3048335b94af6c,hxd75467e3e4ce64e3424c747dfb71503017440433,0x364feca977c62c955,0x8345c3710c011b4b511fce4389abf37140f93b9bf6a679d32f3f1fc92610db99,1,94206867,62.61770902098168,1741094532670068,Balanced Dollar,0.0569765875,bnUSD,0,2,2025-03-04
cx288d13e1b63563459a2ac6179f237711f6851cb5,hxd75467e3e4ce64e3424c747dfb71503017440433,cxa0af3165c08318e988cb30993b3048335b94af6c,0x6a94d74f430000,0x8345c3710c011b4b511fce4389abf37140f93b9bf6a679d32f3f1fc92610db99,0,94206867,0.03,1741094532670068,Ethereum,0.0569765875,ETH,0,2,2025-03-04
cxf14dea1cff7ceb29a46e6d04533a08f84441e41d,hxec052dfc0db0ae26086ca78e36a054a8424d3707,hxdccfa9ebb12a451050196044263b3ef8c97f01c3,0x0,0xe1791a7d79f910170124b039f565333946c292336e3c0068b0d0a1efe56a4ac2,0,94206867,0.0,1741094532670068,Blobble Stake Token,0.0039787875,BST,0,1,2025-03-04
cxf14dea1cff7ceb29a46e6d04533a08f84441e41d,hxec052dfc0db0ae26086ca78e36a054a8424d3707,hx290df0ec1393a609f0fc80022dddb8c68081b1c7,0x0,0x7d2cdae0540a13b161c39aae2e99c6e2acfda2420fce5782f22bbf7d5e83f9b6,0,94206865,0.0,1741094528693971,Blobble Stake Token,0.003977475,BST,0,1,2025-03-04
cx88fd7df7ddff82f7cc735c871dc519838cb235bb,cxa0af3165c08318e988cb30993b3048335b94af6c,cx5faae53c4dbd1fbe4a2eb4aab6565030f10da5c6,0x1a3099dd41e31cd,0x4007f85a8cfb537918b10cbb96fd7a1f57de98d3fe63a4b6ee8ca8c792f9cf03,2,94206864,0.11794858871502895,1741094526689180,Balanced Dollar,0.0569125875,bnUSD,0,1,2025-03-04
cx88fd7df7ddff82f7cc735c871dc519838cb235bb,cxa0af3165c08318e988cb30993b3048335b94af6c,hxd75467e3e4ce64e3424c747dfb71503017440433,0x44052f681d8432ac2,0x4007f85a8cfb537918b10cbb96fd7a1f57de98d3fe63a4b6ee8ca8c792f9cf03,1,94206864,78.42201429889536,1741094526689180,Balanced Dollar,0.0569125875,bnUSD,0,1,2025-03-04
cx66a031cc3bd305c76371fb586e93801b948254f0,hxd75467e3e4ce64e3424c747dfb71503017440433,cxa0af3165c08318e988cb30993b3048335b94af6c,0x3782dace9d900000,0x4007f85a8cfb537918b10cbb96fd7a1f57de98d3fe63a4b6ee8ca8c792f9cf03,0,94206864,4.0,1741094526689180,Avalanche,0.0569125875,AVAX,0,1,2025-03-04
cx6139a27c15f1653471ffba0b4b88dc15de7e3267,hx0000000000000000000000000000000000000000,hx8015ff0b8e53cdd1cb60af3b24a4fdd33d4934b9,0x3dccad980569500000,0xee99ab4ac93d8899836dd35e4ba2245977586d038615200309c8cc196a62ca58,0,94206863,1140.0,1741094524483571,GangstaBet Token,0.01275535,GBET,0,2,2025-03-04
cxf14dea1cff7ceb29a46e6d04533a08f84441e41d,hxec052dfc0db0ae26086ca78e36a054a8424d3707,hx46fca9671f1811c860bb19d895704ce2ef4171e7,0x0,0x700adc4308921e0ff3762ac27d98f30db5fc9300ccd281b176ec6fcc3178a0f5,0,94206863,0.0,1741094524483571,Blobble Stake Token,0.0039801,BST,0,1,2025-03-04
cxf14dea1cff7ceb29a46e6d04533a08f84441e41d,hxec052dfc0db0ae26086ca78e36a054a8424d3707,hx4b3aec7d9d401557939d392e03721025eee2a6a7,0x0,0x373e7bb6940d4ff33ebaf7b299da97d2625da1253e68705e24e00531da5989ac,0,94206861,0.0,1741094520584564,Blobble Stake Token,0.0039787875,BST,0,1,2025-03-04
cxf14dea1cff7ceb29a46e6d04533a08f84441e41d,hxec052dfc0db0ae26086ca78e36a054a8424d3707,hx1be60841025db1b22126ba08ba519326603029c9,0x0,0xc991a7c29be2be81a8483f95a2cf891679a5940122e08ed78f9e92b7d3f02219,0,94206859,0.0,1741094516478490,Blobble Stake Token,0.0039801,BST,0,1,2025-03-04
cxf14dea1cff7ceb29a46e6d04533a08f84441e41d,hxec052dfc0db0ae26086ca78e36a054a8424d3707,hxaa437dd00e5a18077164c4af24622fce47643b69,0x0,0x58ed21487f776d945309c8b8b495a327f4b2cde3c4e80e4198039d9bc09a543b,0,94206857,0.0,1741094512598415,Blobble Stake Token,0.0039801,BST,0,1,2025-03-04
cxf14dea1cff7ceb29a46e6d04533a08f84441e41d,hxec052dfc0db0ae26086ca78e36a054a8424d3707,hxfe6f0f76997bfc0850ecd3b62610fc2b74e936f9,0x0,0x3079e4358374cfe5bfedcff21595d10d500c1e101a517fb06b5e3c498c21851e,0,94206855,0.0,1741094508483414,Blobble Stake Token,0.0039787875,BST,0,1,2025-03-04
cxf14dea1cff7ceb29a46e6d04533a08f84441e41d,hxec052dfc0db0ae26086ca78e36a054a8424d3707,hxdd705bf58bd2e7a6ce920c0c498f39391df2df6f,0x0,0x393ab3e3ba44ca3433c7db3614a881adcb2a02130e40d577124c6956e22240b2,0,94206853,0.0,1741094504482289,Blobble Stake Token,0.0039787875,BST,0,1,2025-03-04
cxf14dea1cff7ceb29a46e6d04533a08f84441e41d,hxec052dfc0db0ae26086ca78e36a054a8424d3707,hxaa99a64327937ce857ab147ce433e2d570714697,0x0,0x1d46b76da3aa79dc852ff35f5e1179b0b1d8de49514b29a01b4804e3fb76b66c,0,94206851,0.0,1741094500479811,Blobble Stake Token,0.003977475,BST,0,1,2025-03-04
cx88fd7df7ddff82f7cc735c871dc519838cb235bb,cxa0af3165c08318e988cb30993b3048335b94af6c,cx5faae53c4dbd1fbe4a2eb4aab6565030f10da5c6,0x1a34f69c7bebbaf,0xd39085db710b7dd61c165a4061126b542f385b4721101d276463e73ceba30643,2,94206849,0.11802533098309112,1741094496477374,Balanced Dollar,0.0569125875,bnUSD,0,2,2025-03-04
cx88fd7df7ddff82f7cc735c871dc519838cb235bb,cxa0af3165c08318e988cb30993b3048335b94af6c,hxd75467e3e4ce64e3424c747dfb71503017440433,0x4410844b387519cc4,0xd39085db710b7dd61c165a4061126b542f385b4721101d276463e73ceba30643,1,94206849,78.47304724497731,1741094496477374,Balanced Dollar,0.0569125875,bnUSD,0,2,2025-03-04
cx66a031cc3bd305c76371fb586e93801b948254f0,hxd75467e3e4ce64e3424c747dfb71503017440433,cxa0af3165c08318e988cb30993b3048335b94af6c,0x3782dace9d900000,0xd39085db710b7dd61c165a4061126b542f385b4721101d276463e73ceba30643,0,94206849,4.0,1741094496477374,Avalanche,0.0569125875,AVAX,0,2,2025-03-04
cxf14dea1cff7ceb29a46e6d04533a08f84441e41d,hxec052dfc0db0ae26086ca78e36a054a8424d3707,hxccdeb31d6694353e355011f78be5b657a7410db1,0x0,0xe20a4c8f1fc1d95c53c8db7b11aa0eb60478ece77cbb1dae2e67e084989bea94,0,94206849,0.0,1741094496477374,Blobble Stake Token,0.003977475,BST,0,1,2025-03-04
cxf14dea1cff7ceb29a46e6d04533a08f84441e41d,hxec052dfc0db0ae26086ca78e36a054a8424d3707,hxed7fb6d875d15d3cf4fc9e5006a4b6aa0f45111e,0x0,0xce128a40d23b7a5ba998ad880f3875ff89da0efaeec2b10e084088ca5705eda4,0,94206847,0.0,1741094492682453,Blobble Stake Token,0.0039787875,BST,0,1,2025-03-04
cx88fd7df7ddff82f7cc735c871dc519838cb235bb,cxa0af3165c08318e988cb30993b3048335b94af6c,cx5faae53c4dbd1fbe4a2eb4aab6565030f10da5c6,0xd9775d7d3c8cef,0x1c73a6f5f9788d172b5514fc50c97cfc910a1b844d526c58b7688449b29c1336,2,94206845,0.06121131336299646,1741094488570099,Balanced Dollar,0.04736545,bnUSD,0,2,2025-03-04
cx88fd7df7ddff82f7cc735c871dc519838cb235bb,cxa0af3165c08318e988cb30993b3048335b94af6c,hxd75467e3e4ce64e3424c747dfb71503017440433,0x234c5040bab4506ea,0x1c73a6f5f9788d172b5514fc50c97cfc910a1b844d526c58b7688449b29c1336,1,94206845,40.695938055967936,1741094488570099,Balanced Dollar,0.04736545,bnUSD,0,2,2025-03-04
cx65c9e3d4fea842e00add0d32a5b4c5e4e04c7a6b,hxd75467e3e4ce64e3424c747dfb71503017440433,cxa0af3165c08318e988cb30993b3048335b94af6c,0x11e1a300,0x1c73a6f5f9788d172b5514fc50c97cfc910a1b844d526c58b7688449b29c1336,0,94206845,0.3,1741094488570099,Solana,0.04736545,SOL,0,2,2025-03-04
cxf14dea1cff7ceb29a46e6d04533a08f84441e41d,hxec052dfc0db0ae26086ca78e36a054a8424d3707,hx7ba9bcbb6cf895dd7b325693718229afa9eec57b,0x0,0x485141c52d1a27f9737bbf53c9cc70ef845f852c9ef1c1bfc1fd3da510d577fe,0,94206845,0.0,1741094488570099,Blobble Stake Token,0.0039787875,BST,0,1,2025-03-04
cxf14dea1cff7ceb29a46e6d04533a08f84441e41d,hxec052dfc0db0ae26086ca78e36a054a8424d3707,hx8c5cc6b806aa640f38561d101caec8bc83f84ddf,0x0,0xc4ea33736185687d5a4485050160e50993da4fbd88eb0dffdfc3f461542c7b7b,0,94206843,0.0,1741094484475564,Blobble Stake Token,0.0039801,BST,0,1,2025-03-04
cx88fd7df7ddff82f7cc735c871dc519838cb235bb,cxa0af3165c08318e988cb30993b3048335b94af6c,cx5faae53c4dbd1fbe4a2eb4aab6565030f10da5c6,0x14ebee0b0fee759,0xb3ba451b22f3764af8017e2a0badb8e6feffa311ae8b3a76b55201056e01bff5,2,94206842,0.09422251447280623,1741094482662992,Balanced Dollar,0.0569765875,bnUSD,0,1,2025-03-04
cx88fd7df7ddff82f7cc735c871dc519838cb235bb,cxa0af3165c08318e988cb30993b3048335b94af6c,hxd75467e3e4ce64e3424c747dfb71503017440433,0x3653dc53682845d3f,0xb3ba451b22f3764af8017e2a0badb8e6feffa311ae8b3a76b55201056e01bff5,1,94206842,62.635436030447345,1741094482662992,Balanced Dollar,0.0569765875,bnUSD,0,1,2025-03-04
cx288d13e1b63563459a2ac6179f237711f6851cb5,hxd75467e3e4ce64e3424c747dfb71503017440433,cxa0af3165c08318e988cb30993b3048335b94af6c,0x6a94d74f430000,0xb3ba451b22f3764af8017e2a0badb8e6feffa311ae8b3a76b55201056e01bff5,0,94206842,0.03,1741094482662992,Ethereum,0.0569765875,ETH,0,1,2025-03-04
cxf14dea1cff7ceb29a46e6d04533a08f84441e41d,hxec052dfc0db0ae26086ca78e36a054a8424d3707,hx6711a77b081f2f38b181b4f6636a6d7c7c2a6e19,0x0,0x18eb34f5b054d9fe7cc6483ea778bb60687bf044a7bdabcc9db42579f3183db5,0,94206840,0.0,1741094478663717,Blobble Stake Token,0.003977475,BST,0,1,2025-03-04
cxf14dea1cff7ceb29a46e6d04533a08f84441e41d,hxec052dfc0db0ae26086ca78e36a054a8424d3707,hx73377846e3419511706146b8685860a2f0127607,0x0,0xf7da50fa6765eb0b93732a580d154821ec1bb6b8fd67b76202f0185a3df665f7,0,94206838,0.0,1741094474472152,Blobble Stake Token,0.0039787875,BST,0,2,2025-03-04
cx88fd7df7ddff82f7cc735c871dc519838cb235bb,cxa0af3165c08318e988cb30993b3048335b94af6c,cx5faae53c4dbd1fbe4a2eb4aab6565030f10da5c6,0xe62368bf2e679e,0xc4da41456143d34f2467b24c9c4cf1be807b90976821fcf5e8b832fbf00d5213,2,94206838,0.06477817743451127,1741094474472152,Balanced Dollar,0.05694565,bnUSD,0,1,2025-03-04
cx88fd7df7ddff82f7cc735c871dc519838cb235bb,cxa0af3165c08318e988cb30993b3048335b94af6c,hxd75467e3e4ce64e3424c747dfb71503017440433,0x255a95b5000435dd9,0xc4da41456143d34f2467b24c9c4cf1be807b90976821fcf5e8b832fbf00d5213,1,94206838,43.066053310867005,1741094474472152,Balanced Dollar,0.05694565,bnUSD,0,1,2025-03-04
cx4297f4b63262507623b6ad575d0d8dd2db980e4e,hxd75467e3e4ce64e3424c747dfb71503017440433,cxa0af3165c08318e988cb30993b3048335b94af6c,0x3782dace9d900000,0xc4da41456143d34f2467b24c9c4cf1be807b90976821fcf5e8b832fbf00d5213,0,94206838,4.0,1741094474472152,Injective,0.05694565,INJ,0,1,2025-03-04
cx88fd7df7ddff82f7cc735c871dc519838cb235bb,cx21e94c08c03daee80c25d8ee3ea22a20786ec231,hx2debd9ec927cca1639da8d3518dd9dbf1cdfb357,0x158c6ff54dc07c2e78,0x5cadca82172c8ee02a972be79d1551a3b3bb3f14594eaff241594bac79180244,5,94206837,397.501202149916,1741094472576526,Balanced Dollar,0.088319925,bnUSD,0,2,2025-03-04
cx88fd7df7ddff82f7cc735c871dc519838cb235bb,cxa0af3165c08318e988cb30993b3048335b94af6c,cx5faae53c4dbd1fbe4a2eb4aab6565030f10da5c6,0x848b38a6305f34c,0x5cadca82172c8ee02a972be79d1551a3b3bb3f14594eaff241594bac79180244,3,94206837,0.5969243575747838,1741094472576526,Balanced Dollar,0.088319925,bnUSD,0,2,2025-03-04
cx88fd7df7ddff82f7cc735c871dc519838cb235bb,cxa0af3165c08318e988cb30993b3048335b94af6c,cx21e94c08c03daee80c25d8ee3ea22a20786ec231,0x158c6ff54dc07c2e78,0x5cadca82172c8ee02a972be79d1551a3b3bb3f14594eaff241594bac79180244,2,94206837,397.501202149916,1741094472576526,Balanced Dollar,0.088319925,bnUSD,0,2,2025-03-04
cx2d552c485ec8bcaa75aac02424e2aca6ffdb2f1b,cx21e94c08c03daee80c25d8ee3ea22a20786ec231,cxa0af3165c08318e988cb30993b3048335b94af6c,0x9b6e64a8ec60000,0x5cadca82172c8ee02a972be79d1551a3b3bb3f14594eaff241594bac79180244,1,94206837,0.7,1741094472576526,Binance Coin,0.088319925,BNB,0,2,2025-03-04
cx2d552c485ec8bcaa75aac02424e2aca6ffdb2f1b,hx2debd9ec927cca1639da8d3518dd9dbf1cdfb357,cx21e94c08c03daee80c25d8ee3ea22a20786ec231,0x9b6e64a8ec60000,0x5cadca82172c8ee02a972be79d1551a3b3bb3f14594eaff241594bac79180244,0,94206837,0.7,1741094472576526,Binance Coin,0.088319925,BNB,0,2,2025-03-04
cx88fd7df7ddff82f7cc735c871dc519838cb235bb,cxa0af3165c08318e988cb30993b3048335b94af6c,cx5faae53c4dbd1fbe4a2eb4aab6565030f10da5c6,0xbc88b95a84f7,0x09eada0cc54cb9d8d67b7cb157a2179a72fb3c8c21d127bfb630b95a405d8997,2,94206837,0.000207295411291383,1741094472576526,Balanced Dollar,0.05684575,bnUSD,0,1,2025-03-04
cx88fd7df7ddff82f7cc735c871dc519838cb235bb,cxa0af3165c08318e988cb30993b3048335b94af6c,hx06efa9167ece33af37f7153dc53bce2775f812f2,0x1e9806973bab9db,0x09eada0cc54cb9d8d67b7cb157a2179a72fb3c8c21d127bfb630b95a405d8997,1,94206837,0.1377824540130493,1741094472576526,Balanced Dollar,0.05684575,bnUSD,0,1,2025-03-04
cx4297f4b63262507623b6ad575d0d8dd2db980e4e,hx06efa9167ece33af37f7153dc53bce2775f812f2,cxa0af3165c08318e988cb30993b3048335b94af6c,0x2d7457f53650ba,0x09eada0cc54cb9d8d67b7cb157a2179a72fb3c8c21d127bfb630b95a405d8997,0,94206837,0.012794295076933818,1741094472576526,Injective,0.05684575,INJ,0,1,2025-03-04
cxf14dea1cff7ceb29a46e6d04533a08f84441e41d,hxec052dfc0db0ae26086ca78e36a054a8424d3707,hxad59a2b4401dfb2f101c4ec7ea6010b7ca4dbbdc,0x0,0x7d4fd989f84a82a9393132975d1286b716f6c0910335ff24abe403638a3f3622,0,94206836,0.0,1741094470579413,Blobble Stake Token,0.0039787875,BST,0,1,2025-03-04
cx4297f4b63262507623b6ad575d0d8dd2db980e4e,cx66d4d90f5f113eba575bf793570135f9b10cece1,cx835b300dcfe01f0bdb794e134a0c5628384f4367,0x7589f06039b4,0xa9ad64276e1e0e8db19f21a9e9519405d6542ff8f5ca1a57d1925e6afa4f89e5,4,94206835,0.000129235303807412,1741094468471550,Injective,0.09406535,INJ,0,3,2025-03-04
cx4297f4b63262507623b6ad575d0d8dd2db980e4e,cx66d4d90f5f113eba575bf793570135f9b10cece1,hx06efa9167ece33af37f7153dc53bce2775f812f2,0x2d7457f53650ba,0xa9ad64276e1e0e8db19f21a9e9519405d6542ff8f5ca1a57d1925e6afa4f89e5,2,94206835,0.012794295076933818,1741094468471550,Injective,0.09406535,INJ,0,3,2025-03-04
cx88fd7df7ddff82f7cc735c871dc519838cb235bb,hx06efa9167ece33af37f7153dc53bce2775f812f2,hx0000000000000000000000000000000000000000,0x1d267bf6d9350cb,0xa9ad64276e1e0e8db19f21a9e9519405d6542ff8f5ca1a57d1925e6afa4f89e5,0,94206835,0.13128141102195118,1741094468471550,Balanced Dollar,0.09406535,bnUSD,0,3,2025-03-04
cx88fd7df7ddff82f7cc735c871dc519838cb235bb,cxa0af3165c08318e988cb30993b3048335b94af6c,cx5faae53c4dbd1fbe4a2eb4aab6565030f10da5c6,0x4fb8132a674e5f,0xbfe106d4af881b05f531bb2eb73d513994d5bfbd6f1d940a1db24bc56671ef40,2,94206835,0.022438915615444574,1741094468471550,Balanced Dollar,0.0568802875,bnUSD,0,2,2025-03-04
cx88fd7df7ddff82f7cc735c871dc519838cb235bb,cxa0af3165c08318e988cb30993b3048335b94af6c,hx06efa9167ece33af37f7153dc53bce2775f812f2,0xcefeeb36f22e2044,0xbfe106d4af881b05f531bb2eb73d513994d5bfbd6f1d940a1db24bc56671ef40,1,94206835,14.915617637121532,1741094468471550,Balanced Dollar,0.0568802875,bnUSD,0,2,2025-03-04
cx4297f4b63262507623b6ad575d0d8dd2db980e4e,hx06efa9167ece33af37f7153dc53bce2775f812f2,cxa0af3165c08318e988cb30993b3048335b94af6c,0x13384285d7938d35,0xbfe106d4af881b05f531bb2eb73d513994d5bfbd6f1d940a1db24bc56671ef40,0,94206835,1.3849300280312824,1741094468471550,Injective,0.0568802875,INJ,0,2,2025-03-04
cxf14dea1cff7ceb29a46e6d04533a08f84441e41d,hxec052dfc0db0ae26086ca78e36a054a8424d3707,hx2220b3da89c6ca6d2a265b2b30a9c1506b8f1a2d,0x0,0xe67ad62218bc1d9aaf37bf5a20a9d9a992b36c78dc0abc51d0a9bcd88bbe7447,0,94206834,0.0,1741094466471273,Blobble Stake Token,0.0039801,BST,0,1,2025-03-04
cx88fd7df7ddff82f7cc735c871dc519838cb235bb,cx21e94c08c03daee80c25d8ee3ea22a20786ec231,hx2debd9ec927cca1639da8d3518dd9dbf1cdfb357,0xf3cd0c276e2935d4d,0xbac0cb52deef1f8960dd16f66dded3a205a5d13cc609158e92fed79478fc33b6,5,94206833,281.083377358938,1741094464469800,Balanced Dollar,0.1126979125,bnUSD,0,3,2025-03-04
cx88fd7df7ddff82f7cc735c871dc519838cb235bb,cxa0af3165c08318e988cb30993b3048335b94af6c,cx5faae53c4dbd1fbe4a2eb4aab6565030f10da5c6,0x5dded409d3b61fc,0xbac0cb52deef1f8960dd16f66dded3a205a5d13cc609158e92fed79478fc33b6,3,94206833,0.42275480181429914,1741094464469800,Balanced Dollar,0.1126979125,bnUSD,0,3,2025-03-04
cx88fd7df7ddff82f7cc735c871dc519838cb235bb,cxa0af3165c08318e988cb30993b3048335b94af6c,cx21e94c08c03daee80c25d8ee3ea22a20786ec231,0xf3cd0c276e2935d4d,0xbac0cb52deef1f8960dd16f66dded3a205a5d13cc609158e92fed79478fc33b6,2,94206833,281.083377358938,1741094464469800,Balanced Dollar,0.1126979125,bnUSD,0,3,2025-03-04
cx2609b924e33ef00b648a409245c7ea394c467824,cx21e94c08c03daee80c25d8ee3ea22a20786ec231,cxa0af3165c08318e988cb30993b3048335b94af6c,0x6c6b935b8bbd400000,0xbac0cb52deef1f8960dd16f66dded3a205a5d13cc609158e92fed79478fc33b6,1,94206833,2000.0,1741094464469800,Staked ICX,0.1126979125,sICX,0,3,2025-03-04
cx2609b924e33ef00b648a409245c7ea394c467824,hx2debd9ec927cca1639da8d3518dd9dbf1cdfb357,cx21e94c08c03daee80c25d8ee3ea22a20786ec231,0x6c6b935b8bbd400000,0xbac0cb52deef1f8960dd16f66dded3a205a5d13cc609158e92fed79478fc33b6,0,94206833,2000.0,1741094464469800,Staked ICX,0.1126979125,sICX,0,3,2025-03-04
cx88fd7df7ddff82f7cc735c871dc519838cb235bb,cxbf469921730ed3c3c8c1924fc482d369f8795fe2,hx385a695da4288bf7d70df14d1201e832c2bcf2a6,0xc9d1328ab6e718000,0xc74345bb9c6c120bf95089c44ab4513dd547223862389ad1c85538b22644a170,1,94206833,232.67936388978427,1741094464469800,Balanced Dollar,0.0417461375,bnUSD,0,2,2025-03-04
cx88fd7df7ddff82f7cc735c871dc519838cb235bb,hx385a695da4288bf7d70df14d1201e832c2bcf2a6,cxbf469921730ed3c3c8c1924fc482d369f8795fe2,0xc9d1328ab6e718000,0xc74345bb9c6c120bf95089c44ab4513dd547223862389ad1c85538b22644a170,0,94206833,232.67936388978427,1741094464469800,Balanced Dollar,0.0417461375,bnUSD,0,2,2025-03-04
cx4297f4b63262507623b6ad575d0d8dd2db980e4e,cx66d4d90f5f113eba575bf793570135f9b10cece1,cx835b300dcfe01f0bdb794e134a0c5628384f4367,0x31b3189fea37ba,0x517da1706f913b6aaae4bfc8c0d4d6bea893d399cc4ac1911fa7071ec2adf3d5,3,94206833,0.013989192202336185,1741094464469800,Injective,0.0928135625,INJ,0,1,2025-03-04
cx4297f4b63262507623b6ad575d0d8dd2db980e4e,cx66d4d90f5f113eba575bf793570135f9b10cece1,hx06efa9167ece33af37f7153dc53bce2775f812f2,0x13384285d7938d35,0x517da1706f913b6aaae4bfc8c0d4d6bea893d399cc4ac1911fa7071ec2adf3d5,1,94206833,1.3849300280312824,1741094464469800,Injective,0.0928135625,INJ,0,1,2025-03-04
cx88fd7df7ddff82f7cc735c871dc519838cb235bb,hx06efa9167ece33af37f7153dc53bce2775f812f2,hx0000000000000000000000000000000000000000,0xc536758dcb62b8a8,0x517da1706f913b6aaae4bfc8c0d4d6bea893d399cc4ac1911fa7071ec2adf3d5,0,94206833,14.210674926077262,1741094464469800,Balanced Dollar,0.0928135625,bnUSD,0,1,2025-03-04
cxf14dea1cff7ceb29a46e6d04533a08f84441e41d,hxec052dfc0db0ae26086ca78e36a054a8424d3707,hx3147b161835bbf8e79321bd68ee1de88bfc714c4,0x0,0xa4ef450b5c330081d15a06be335bee488b9160861a3e345144ad9c7af388db2e,0,94206832,0.0,1741094462582683,Blobble Stake Token,0.0039787875,BST,0,2,2025-03-04
cxf14dea1cff7ceb29a46e6d04533a08f84441e41d,hxec052dfc0db0ae26086ca78e36a054a8424d3707,hxc0379b25391e4305066d489b3d0ce0a524368ca8,0x0,0x0c4beb1c6485c8839f645c616d688c937d9b7d1b6c317196b3ff10cfb0d2cc25,0,94206830,0.0,1741094458471076,Blobble Stake Token,0.003977475,BST,0,1,2025-03-04
cxf14dea1cff7ceb29a46e6d04533a08f84441e41d,hxec052dfc0db0ae26086ca78e36a054a8424d3707,hx860e6a4569e9c631420e800a7cb75f2381528e85,0x0,0x017c9f289a6fc5a30368184515f3c5378b0212f7ff5236ea7b51fc5b2a618bb0,0,94206828,0.0,1741094454464428,Blobble Stake Token,0.003977475,BST,0,1,2025-03-04
cx88fd7df7ddff82f7cc735c871dc519838cb235bb,cx21e94c08c03daee80c25d8ee3ea22a20786ec231,hx2debd9ec927cca1639da8d3518dd9dbf1cdfb357,0xf3f60e6f71798eecc,0x9a011b2eb90b07755c6c470427e89295e98eaabb6e285cd579a63c16dfa28288,5,94206826,281.26806507672416,1741094450464276,Balanced Dollar,0.112699225,bnUSD,0,2,2025-03-04
cx88fd7df7ddff82f7cc735c871dc519838cb235bb,cxa0af3165c08318e988cb30993b3048335b94af6c,cx5faae53c4dbd1fbe4a2eb4aab6565030f10da5c6,0x5dee9d83ec47fde,0x9a011b2eb90b07755c6c470427e89295e98eaabb6e285cd579a63c16dfa28288,3,94206826,0.4230325299946782,1741094450464276,Balanced Dollar,0.112699225,bnUSD,0,2,2025-03-04
cx88fd7df7ddff82f7cc735c871dc519838cb235bb,cxa0af3165c08318e988cb30993b3048335b94af6c,cx21e94c08c03daee80c25d8ee3ea22a20786ec231,0xf3f60e6f71798eecc,0x9a011b2eb90b07755c6c470427e89295e98eaabb6e285cd579a63c16dfa28288,2,94206826,281.26806507672416,1741094450464276,Balanced Dollar,0.112699225,bnUSD,0,2,2025-03-04
cx2609b924e33ef00b648a409245c7ea394c467824,cx21e94c08c03daee80c25d8ee3ea22a20786ec231,cxa0af3165c08318e988cb30993b3048335b94af6c,0x6c6b935b8bbd400000,0x9a011b2eb90b07755c6c470427e89295e98eaabb6e285cd579a63c16dfa28288,1,94206826,2000.0,1741094450464276,Staked ICX,0.112699225,sICX,0,2,2025-03-04
cx2609b924e33ef00b648a409245c7ea394c467824,hx2debd9ec927cca1639da8d3518dd9dbf1cdfb357,cx21e94c08c03daee80c25d8ee3ea22a20786ec231,0x6c6b935b8bbd400000,0x9a011b2eb90b07755c6c470427e89295e98eaabb6e285cd579a63c16dfa28288,0,94206826,2000.0,1741094450464276,Staked ICX,0.112699225,sICX,0,2,2025-03-04
cxf14dea1cff7ceb29a46e6d04533a08f84441e41d,hxec052dfc0db0ae26086ca78e36a054a8424d3707,hx97ee97799d7fd20b2c8542b2c76734306c2ce95b,0x0,0xe47f2f404a0b4c6414f5e82d1b617763fa91a69e555b837d79416cb8fcfed2d1,0,94206826,0.0,1741094450464276,Blobble Stake Token,0.0039787875,BST,0,1,2025-03-04
cxf14dea1cff7ceb29a46e6d04533a08f84441e41d,hxec052dfc0db0ae26086ca78e36a054a8424d3707,hx8245c5f474a1cdeb342c70b4997ee91ce30d0dd4,0x0,0xb3b83b5658bc64f3069eeb6ad3fcbca669ad1f371987e2d4e5b1aad0bc405580,0,94206823,0.0,1741094444462982,Blobble Stake Token,0.0039696,BST,0,1,2025-03-04
cx88fd7df7ddff82f7cc735c871dc519838cb235bb,cx21e94c08c03daee80c25d8ee3ea22a20786ec231,hx2debd9ec927cca1639da8d3518dd9dbf1cdfb357,0xf41f1b11cf2c27ab1,0x46f62c8d923c95d9cd388ee01aa448c73a16f27cb7fe2d2223c75c59bec7fcc7,5,94206822,281.4529349253859,1741094442676662,Balanced Dollar,0.112703225,bnUSD,0,2,2025-03-04
cx88fd7df7ddff82f7cc735c871dc519838cb235bb,cxa0af3165c08318e988cb30993b3048335b94af6c,cx5faae53c4dbd1fbe4a2eb4aab6565030f10da5c6,0x5dfe6afa254ef43,0x46f62c8d923c95d9cd388ee01aa448c73a16f27cb7fe2d2223c75c59bec7fcc7,3,94206822,0.4233105320132565,1741094442676662,Balanced Dollar,0.112703225,bnUSD,0,2,2025-03-04
cx88fd7df7ddff82f7cc735c871dc519838cb235bb,cxa0af3165c08318e988cb30993b3048335b94af6c,cx21e94c08c03daee80c25d8ee3ea22a20786ec231,0xf41f1b11cf2c27ab1,0x46f62c8d923c95d9cd388ee01aa448c73a16f27cb7fe2d2223c75c59bec7fcc7,2,94206822,281.4529349253859,1741094442676662,Balanced Dollar,0.112703225,bnUSD,0,2,2025-03-04
cx2609b924e33ef00b648a409245c7ea394c467824,cx21e94c08c03daee80c25d8ee3ea22a20786ec231,cxa0af3165c08318e988cb30993b3048335b94af6c,0x6c6b935b8bbd400000,0x46f62c8d923c95d9cd388ee01aa448c73a16f27cb7fe2d2223c75c59bec7fcc7,1,94206822,2000.0,1741094442676662,Staked ICX,0.112703225,sICX,0,2,2025-03-04
cx2609b924e33ef00b648a409245c7ea394c467824,hx2debd9ec927cca1639da8d3518dd9dbf1cdfb357,cx21e94c08c03daee80c25d8ee3ea22a20786ec231,0x6c6b935b8bbd400000,0x46f62c8d923c95d9cd388ee01aa448c73a16f27cb7fe2d2223c75c59bec7fcc7,0,94206822,2000.0,1741094442676662,Staked ICX,0.112703225,sICX,0,2,2025-03-04
cx88fd7df7ddff82f7cc735c871dc519838cb235bb,cxa0af3165c08318e988cb30993b3048335b94af6c,cx5faae53c4dbd1fbe4a2eb4aab6565030f10da5c6,0x14ed723b98e09c9,0x8a35e31644b2fd6220b5825ed1e09466f10bb8868e10d2c0221a6b9dba9dfc96,2,94206822,0.09424919065827989,1741094442676662,Balanced Dollar,0.0569765875,bnUSD,0,1,2025-03-04
cx88fd7df7ddff82f7cc735c871dc519838cb235bb,cxa0af3165c08318e988cb30993b3048335b94af6c,hxd75467e3e4ce64e3424c747dfb71503017440433,0x3657cc6aee932fab9,0x8a35e31644b2fd6220b5825ed1e09466f10bb8868e10d2c0221a6b9dba9dfc96,1,94206822,62.65317057061054,1741094442676662,Balanced Dollar,0.0569765875,bnUSD,0,1,2025-03-04
cx288d13e1b63563459a2ac6179f237711f6851cb5,hxd75467e3e4ce64e3424c747dfb71503017440433,cxa0af3165c08318e988cb30993b3048335b94af6c,0x6a94d74f430000,0x8a35e31644b2fd6220b5825ed1e09466f10bb8868e10d2c0221a6b9dba9dfc96,0,94206822,0.03,1741094442676662,Ethereum,0.0569765875,ETH,0,1,2025-03-04
cxf14dea1cff7ceb29a46e6d04533a08f84441e41d,hxec052dfc0db0ae26086ca78e36a054a8424d3707,hx669b587333213b0846c1a4c39ddc6a2a14f354e1,0x0,0xb6a0e5b7ec3da62b3ce1f6a3a67a0120c0bfda8b9d2e5ea36d441f0a6f7f6d52,0,94206821,0.0,1741094440511250,Blobble Stake Token,0.0039787875,BST,0,1,2025-03-04
cxf14dea1cff7ceb29a46e6d04533a08f84441e41d,hxec052dfc0db0ae26086ca78e36a054a8424d3707,hx421f624fd856517b4478b169c8849d087110ce93,0x0,0x39da14098877838436dedad52041fa5e8529d77d02e6705ee8fe9401f068f51b,0,94206819,0.0,1741094436590230,Blobble Stake Token,0.0039787875,BST,0,1,2025-03-04
cx88fd7df7ddff82f7cc735c871dc519838cb235bb,cx21e94c08c03daee80c25d8ee3ea22a20786ec231,hx2debd9ec927cca1639da8d3518dd9dbf1cdfb357,0xf448321203c9e8fb0,0xf512b9324fe148865f6fa3dfac5e8036c823dc845ba4bf571add25f094478521,5,94206817,281.63798714451116,1741094432648735,Balanced Dollar,0.112703225,bnUSD,0,2,2025-03-04
cx88fd7df7ddff82f7cc735c871dc519838cb235bb,cxa0af3165c08318e988cb30993b3048335b94af6c,cx5faae53c4dbd1fbe4a2eb4aab6565030f10da5c6,0x5e0e3c6dd6466be,0xf512b9324fe148865f6fa3dfac5e8036c823dc845ba4bf571add25f094478521,3,94206817,0.423588808230201,1741094432648735,Balanced Dollar,0.112703225,bnUSD,0,2,2025-03-04
cx88fd7df7ddff82f7cc735c871dc519838cb235bb,cxa0af3165c08318e988cb30993b3048335b94af6c,cx21e94c08c03daee80c25d8ee3ea22a20786ec231,0xf448321203c9e8fb0,0xf512b9324fe148865f6fa3dfac5e8036c823dc845ba4bf571add25f094478521,2,94206817,281.63798714451116,1741094432648735,Balanced Dollar,0.112703225,bnUSD,0,2,2025-03-04
cx2609b924e33ef00b648a409245c7ea394c467824,cx21e94c08c03daee80c25d8ee3ea22a20786ec231,cxa0af3165c08318e988cb30993b3048335b94af6c,0x6c6b935b8bbd400000,0xf512b9324fe148865f6fa3dfac5e8036c823dc845ba4bf571add25f094478521,1,94206817,2000.0,1741094432648735,Staked ICX,0.112703225,sICX,0,2,2025-03-04
cx2609b924e33ef00b648a409245c7ea394c467824,hx2debd9ec927cca1639da8d3518dd9dbf1cdfb357,cx21e94c08c03daee80c25d8ee3ea22a20786ec231,0x6c6b935b8bbd400000,0xf512b9324fe148865f6fa3dfac5e8036c823dc845ba4bf571add25f094478521,0,94206817,2000.0,1741094432648735,Staked ICX,0.112703225,sICX,0,2,2025-03-04
cxf14dea1cff7ceb29a46e6d04533a08f84441e41d,hxec052dfc0db0ae26086ca78e36a054a8424d3707,hx20eed39b3680962908a2589449563a64c99af87c,0x0,0x7a18fc33a5c10a432ec55649ebd11926d0d3eada1669e08a6a6d596391ef67a2,0,94206817,0.0,1741094432648735,Blobble Stake Token,0.0039787875,BST,0,1,2025-03-04
cx88fd7df7ddff82f7cc735c871dc519838cb235bb,cxa0af3165c08318e988cb30993b3048335b94af6c,cx5faae53c4dbd1fbe4a2eb4aab6565030f10da5c6,0xe648e74e82f44a,0x248a7f73ed554ef107b81fef29674a59e5c08ae8b7c0ea4e29e8f8c708307938,2,94206816,0.0648194029353012,1741094430460918,Balanced Dollar,0.05694565,bnUSD,0,1,2025-03-04
cx88fd7df7ddff82f7cc735c871dc519838cb235bb,cxa0af3165c08318e988cb30993b3048335b94af6c,hxd75467e3e4ce64e3424c747dfb71503017440433,0x2560abd65aba13f04,0x248a7f73ed554ef107b81fef29674a59e5c08ae8b7c0ea4e29e8f8c708307938,1,94206816,43.09346422881683,1741094430460918,Balanced Dollar,0.05694565,bnUSD,0,1,2025-03-04
cx4297f4b63262507623b6ad575d0d8dd2db980e4e,hxd75467e3e4ce64e3424c747dfb71503017440433,cxa0af3165c08318e988cb30993b3048335b94af6c,0x3782dace9d900000,0x248a7f73ed554ef107b81fef29674a59e5c08ae8b7c0ea4e29e8f8c708307938,0,94206816,4.0,1741094430460918,Injective,0.05694565,INJ,0,1,2025-03-04
cxf14dea1cff7ceb29a46e6d04533a08f84441e41d,hxec052dfc0db0ae26086ca78e36a054a8424d3707,hxa3ee95be81b537ec50a5a34fa331d17449856595,0x0,0x8911100d74a00a0ddd1d1431ae7e7729948cf5d6b90617482b32c7c5b1ca2cb4,0,94206815,0.0,1741094428647507,Blobble Stake Token,0.0039787875,BST,0,1,2025-03-04
cx88fd7df7ddff82f7cc735c871dc519838cb235bb,cx21e94c08c03daee80c25d8ee3ea22a20786ec231,hx2debd9ec927cca1639da8d3518dd9dbf1cdfb357,0xf47153738d539943f,0x95873dfe61e58ab74c596f562ad101cd65a826ad8dcfbc57e4ca94ed4ea4d574,5,94206813,281.8232219740821,1741094424454077,Balanced Dollar,0.112703225,bnUSD,0,2,2025-03-04
cx88fd7df7ddff82f7cc735c871dc519838cb235bb,cxa0af3165c08318e988cb30993b3048335b94af6c,cx5faae53c4dbd1fbe4a2eb4aab6565030f10da5c6,0x5e1e11e0573a6d7,0x95873dfe61e58ab74c596f562ad101cd65a826ad8dcfbc57e4ca94ed4ea4d574,3,94206813,0.4238673590062712,1741094424454077,Balanced Dollar,0.112703225,bnUSD,0,2,2025-03-04
cx88fd7df7ddff82f7cc735c871dc519838cb235bb,cxa0af3165c08318e988cb30993b3048335b94af6c,cx21e94c08c03daee80c25d8ee3ea22a20786ec231,0xf47153738d539943f,0x95873dfe61e58ab74c596f562ad101cd65a826ad8dcfbc57e4ca94ed4ea4d574,2,94206813,281.8232219740821,1741094424454077,Balanced Dollar,0.112703225,bnUSD,0,2,2025-03-04
cx2609b924e33ef00b648a409245c7ea394c467824,cx21e94c08c03daee80c25d8ee3ea22a20786ec231,cxa0af3165c08318e988cb30993b3048335b94af6c,0x6c6b935b8bbd400000,0x95873dfe61e58ab74c596f562ad101cd65a826ad8dcfbc57e4ca94ed4ea4d574,1,94206813,2000.0,1741094424454077,Staked ICX,0.112703225,sICX,0,2,2025-03-04
cx2609b924e33ef00b648a409245c7ea394c467824,hx2debd9ec927cca1639da8d3518dd9dbf1cdfb357,cx21e94c08c03daee80c25d8ee3ea22a20786ec231,0x6c6b935b8bbd400000,0x95873dfe61e58ab74c596f562ad101cd65a826ad8dcfbc57e4ca94ed4ea4d574,0,94206813,2000.0,1741094424454077,Staked ICX,0.112703225,sICX,0,2,2025-03-04
cxf14dea1cff7ceb29a46e6d04533a08f84441e41d,hxec052dfc0db0ae26086ca78e36a054a8424d3707,hx9dc3256fad1eadbb781d217f317485420e4ad015,0x0,0xeb728128c665b714c1481f79f462f165b4823d92151729a5c306f82cd8683f7f,0,94206813,0.0,1741094424454077,Blobble Stake Token,0.0039787875,BST,0,1,2025-03-04
cx88fd7df7ddff82f7cc735c871dc519838cb235bb,cxa0af3165c08318e988cb30993b3048335b94af6c,cx5faae53c4dbd1fbe4a2eb4aab6565030f10da5c6,0xd994f424d87ade,0x12f65172085530078ff2cea6d2de99b4395f136e0d57b1ebebd9d7704ebe024b,2,94206812,0.06124384625731043,1741094422560089,Balanced Dollar,0.04736945,bnUSD,0,1,2025-03-04
cx88fd7df7ddff82f7cc735c871dc519838cb235bb,cxa0af3165c08318e988cb30993b3048335b94af6c,hxd75467e3e4ce64e3424c747dfb71503017440433,0x23511de613afffe96,0x12f65172085530078ff2cea6d2de99b4395f136e0d57b1ebebd9d7704ebe024b,1,94206812,40.71757021521641,1741094422560089,Balanced Dollar,0.04736945,bnUSD,0,1,2025-03-04
cx65c9e3d4fea842e00add0d32a5b4c5e4e04c7a6b,hxd75467e3e4ce64e3424c747dfb71503017440433,cxa0af3165c08318e988cb30993b3048335b94af6c,0x11e1a300,0x12f65172085530078ff2cea6d2de99b4395f136e0d57b1ebebd9d7704ebe024b,0,94206812,0.3,1741094422560089,Solana,0.04736945,SOL,0,1,2025-03-04
cxf14dea1cff7ceb29a46e6d04533a08f84441e41d,hxec052dfc0db0ae26086ca78e36a054a8424d3707,hx6c4a87522ee3ffb354b0519691c46be02d47ffef,0x0,0xfa0c8e73799dba12d2915abaaf4da86e796f203cb61f9662796c3c13b6403f11,0,94206811,0.0,1741094420558701,Blobble Stake Token,0.0039787875,BST,0,1,2025-03-04
cxf14dea1cff7ceb29a46e6d04533a08f84441e41d,hxec052dfc0db0ae26086ca78e36a054a8424d3707,hx9624f97052215bc50da22b8b0c3d68ddf9acfe34,0x0,0x3b875524e6038c487a3de43259519a4cea4e1fd1373bfaad11a9853af8300343,0,94206809,0.0,1741094416454190,Blobble Stake Token,0.0039787875,BST,0,1,2025-03-04
cx88fd7df7ddff82f7cc735c871dc519838cb235bb,cxa0af3165c08318e988cb30993b3048335b94af6c,cx5faae53c4dbd1fbe4a2eb4aab6565030f10da5c6,0x1a395472e2fcf05,0xc10d30c265f12cd19ffbea661ea23c760763777ee6bf5b65caa05fb68c1e438d,2,94206808,0.11810214819186662,1741094414452493,Balanced Dollar,0.0569125875,bnUSD,0,1,2025-03-04
cx88fd7df7ddff82f7cc735c871dc519838cb235bb,cxa0af3165c08318e988cb30993b3048335b94af6c,hxd75467e3e4ce64e3424c747dfb71503017440433,0x441bdc03a33c5a716,0xc10d30c265f12cd19ffbea661ea23c760763777ee6bf5b65caa05fb68c1e438d,1,94206808,78.52413003411107,1741094414452493,Balanced Dollar,0.0569125875,bnUSD,0,1,2025-03-04
cx66a031cc3bd305c76371fb586e93801b948254f0,hxd75467e3e4ce64e3424c747dfb71503017440433,cxa0af3165c08318e988cb30993b3048335b94af6c,0x3782dace9d900000,0xc10d30c265f12cd19ffbea661ea23c760763777ee6bf5b65caa05fb68c1e438d,0,94206808,4.0,1741094414452493,Avalanche,0.0569125875,AVAX,0,1,2025-03-04
cxf14dea1cff7ceb29a46e6d04533a08f84441e41d,hxec052dfc0db0ae26086ca78e36a054a8424d3707,hxe8c5b447dffd61befcd22d0785a6330b1ce2e4e7,0x0,0x5a371d3bba645836b1a54f4e0a7a57dcac3f978beba0d9fa465a6d027ddb08ca,0,94206806,0.0,1741094410451703,Blobble Stake Token,0.0039787875,BST,0,1,2025-03-04
cxf14dea1cff7ceb29a46e6d04533a08f84441e41d,hxec052dfc0db0ae26086ca78e36a054a8424d3707,hx3f4ea8c02cbaf4e7a65ae08328b2752feb475ae7,0x0,0xdcad7f3dca547cd09187829be904c069ce513e8bea98128207129c686af8adbb,0,94206804,0.0,1741094406455421,Blobble Stake Token,0.0039787875,BST,0,1,2025-03-04
cxf14dea1cff7ceb29a46e6d04533a08f84441e41d,hxec052dfc0db0ae26086ca78e36a054a8424d3707,hx38981577136d211535f1a9873b53592b260fd382,0x0,0x2f65964a287916252f0091ce0ec7ba60bae4b7c68d639d775e45ed779f928505,0,94206802,0.0,1741094402451431,Blobble Stake Token,0.0039801,BST,0,1,2025-03-04
cx6139a27c15f1653471ffba0b4b88dc15de7e3267,hx3e5eda234218449f74c1a9ab9f45dc790c378a27,hx5b24217047526bd1c9475ddc7e10f93325dd2322,0x3dccad980569500000,0x70b30b60e18f609a50a8690a4265574003efb362a2f43a6e2a16e12c5574b357,0,94206801,1140.0,1741094400450281,GangstaBet Token,0.0030325375,GBET,0,1,2025-03-04
cx88fd7df7ddff82f7cc735c871dc519838cb235bb,cxa0af3165c08318e988cb30993b3048335b94af6c,cx5faae53c4dbd1fbe4a2eb4aab6565030f10da5c6,0xe664b643347997,0x7cbb9f262489a0efafb51470db0e118ed716aee1988388fa05328330b2fea7da,2,94206800,0.06484997861778882,1741094398648566,Balanced Dollar,0.05694565,bnUSD,0,2,2025-03-04
cx88fd7df7ddff82f7cc735c871dc519838cb235bb,cxa0af3165c08318e988cb30993b3048335b94af6c,hxd75467e3e4ce64e3424c747dfb71503017440433,0x25652f7461c5d13df,0x7cbb9f262489a0efafb51470db0e118ed716aee1988388fa05328330b2fea7da,1,94206800,43.113794063266816,1741094398648566,Balanced Dollar,0.05694565,bnUSD,0,2,2025-03-04
cx4297f4b63262507623b6ad575d0d8dd2db980e4e,hxd75467e3e4ce64e3424c747dfb71503017440433,cxa0af3165c08318e988cb30993b3048335b94af6c,0x3782dace9d900000,0x7cbb9f262489a0efafb51470db0e118ed716aee1988388fa05328330b2fea7da,0,94206800,4.0,1741094398648566,Injective,0.05694565,INJ,0,2,2025-03-04
cxf14dea1cff7ceb29a46e6d04533a08f84441e41d,hxec052dfc0db0ae26086ca78e36a054a8424d3707,hx5dd87b022cc8c4dbda973cca67e798059bef95c9,0x0,0x43d4342dfcc53b43f94df8bd82ca3c3a23de6d4af4142e3c61e5db9403d972cb,0,94206800,0.0,1741094398648566,Blobble Stake Token,0.0039787875,BST,0,1,2025-03-04
cxf14dea1cff7ceb29a46e6d04533a08f84441e41d,hxec052dfc0db0ae26086ca78e36a054a8424d3707,hx3a629bd25427f6c6b5f23199c4bc88990c25d163,0x0,0x768c69e7d6b53681ee68f2389d45122d94bcaa287de3ad7379507e316587afee,0,94206798,0.0,1741094394444357,Blobble Stake Token,0.0039787875,BST,0,1,2025-03-04
cxf14dea1cff7ceb29a46e6d04533a08f84441e41d,hxec052dfc0db0ae26086ca78e36a054a8424d3707,hxafa9be0285f92ef39dcca208be4191dd821c0563,0x0,0x04c7df4de74c24f830e918a37573911b4474d7e744fece8fc057cbea9490678e,0,94206795,0.0,1741094388538867,Blobble Stake Token,0.0039787875,BST,0,1,2025-03-04
cxf14dea1cff7ceb29a46e6d04533a08f84441e41d,hxec052dfc0db0ae26086ca78e36a054a8424d3707,hxc601f66d92e9db31b3f3226770fb774c4e1ffda1,0x0,0xd6f6f05326a5c62121c2fff7ba3b6d5c27a567a933589a6883a6c2dcdbbdefcc,0,94206793,0.0,1741094384443321,Blobble Stake Token,0.0039787875,BST,0,2,2025-03-04
cx88fd7df7ddff82f7cc735c871dc519838cb235bb,cxa0af3165c08318e988cb30993b3048335b94af6c,cx5faae53c4dbd1fbe4a2eb4aab6565030f10da5c6,0xd9b290d72a77e7,0x2f77b35869148bc4d6fc179d8c1b10fa34dc5ba58de2fb4c1d6dbe2464b9dcd9,2,94206793,0.06127640510113175,1741094384443321,Balanced Dollar,0.04736945,bnUSD,0,1,2025-03-04
cx88fd7df7ddff82f7cc735c871dc519838cb235bb,cxa0af3165c08318e988cb30993b3048335b94af6c,hxd75467e3e4ce64e3424c747dfb71503017440433,0x2355ec868bd436a60,0x2f77b35869148bc4d6fc179d8c1b10fa34dc5ba58de2fb4c1d6dbe2464b9dcd9,1,94206793,40.739219631417555,1741094384443321,Balanced Dollar,0.04736945,bnUSD,0,1,2025-03-04
cx65c9e3d4fea842e00add0d32a5b4c5e4e04c7a6b,hxd75467e3e4ce64e3424c747dfb71503017440433,cxa0af3165c08318e988cb30993b3048335b94af6c,0x11e1a300,0x2f77b35869148bc4d6fc179d8c1b10fa34dc5ba58de2fb4c1d6dbe2464b9dcd9,0,94206793,0.3,1741094384443321,Solana,0.04736945,SOL,0,1,2025-03-04
cxf14dea1cff7ceb29a46e6d04533a08f84441e41d,hxec052dfc0db0ae26086ca78e36a054a8424d3707,hx1a732da164c5a5405710f317281c25d899c9fb4b,0x0,0x5b4766bc5c284fa98e3bfd12706dbd62a14273458afff8241caf33383a0cc3dd,0,94206791,0.0,1741094380443047,Blobble Stake Token,0.0039787875,BST,0,1,2025-03-04
cxf14dea1cff7ceb29a46e6d04533a08f84441e41d,hxec052dfc0db0ae26086ca78e36a054a8424d3707,hxbda9ea6ce93b75cc2f3234fe2d3c84fa8083a420,0x0,0x71ae066200d73616b65608e5e7fc67f128fcb2347222eaf83853cbd161f53624,0,94206789,0.0,1741094376637521,Blobble Stake Token,0.0039787875,BST,0,2,2025-03-04
cx88fd7df7ddff82f7cc735c871dc519838cb235bb,cxa0af3165c08318e988cb30993b3048335b94af6c,cx5faae53c4dbd1fbe4a2eb4aab6565030f10da5c6,0x1a3db360d42f90e,0x2f5aab9208312831cc7f2dc51db312c389bb6bb7da14fedaca6eb2d83f77e341,2,94206789,0.11817904043897473,1741094376637521,Balanced Dollar,0.0569125875,bnUSD,0,1,2025-03-04
cx88fd7df7ddff82f7cc735c871dc519838cb235bb,cxa0af3165c08318e988cb30993b3048335b94af6c,hxd75467e3e4ce64e3424c747dfb71503017440433,0x442736924fc2d5f50,0x2f5aab9208312831cc7f2dc51db312c389bb6bb7da14fedaca6eb2d83f77e341,1,94206789,78.57526273123375,1741094376637521,Balanced Dollar,0.0569125875,bnUSD,0,1,2025-03-04
cx66a031cc3bd305c76371fb586e93801b948254f0,hxd75467e3e4ce64e3424c747dfb71503017440433,cxa0af3165c08318e988cb30993b3048335b94af6c,0x3782dace9d900000,0x2f5aab9208312831cc7f2dc51db312c389bb6bb7da14fedaca6eb2d83f77e341,0,94206789,4.0,1741094376637521,Avalanche,0.0569125875,AVAX,0,1,2025-03-04
cxf14dea1cff7ceb29a46e6d04533a08f84441e41d,hxec052dfc0db0ae26086ca78e36a054a8424d3707,hx5f8058e926685989563ee273d8bf6cee2f487b24,0x0,0xfb8a02f37ef6b1419601bca79898d8f86a87bf03070adc6743bd2d82fbcca53d,0,94206787,0.0,1741094372540646,Blobble Stake Token,0.0039787875,BST,0,1,2025-03-04
cxf14dea1cff7ceb29a46e6d04533a08f84441e41d,hxec052dfc0db0ae26086ca78e36a054a8424d3707,hx52a5eb36c8dce7684c88566fa77e2501edd75f3b,0x0,0xc3bc04115a5aad6220163b3be8fa4c0b3da1eb67d4c3dcc8cf7a696845e7e01c,0,94206785,0.0,1741094368440274,Blobble Stake Token,0.0039735375,BST,0,1,2025-03-04
cxf14dea1cff7ceb29a46e6d04533a08f84441e41d,hxec052dfc0db0ae26086ca78e36a054a8424d3707,hx4d0b02b4a86ac198bdd52d3ce080bfe2f4d9905d,0x0,0x1fc32702f5218b8ccb6aff16462537d4980a9bcd5eeac1f9b30631c1450b8b76,0,94206783,0.0,1741094364438409,Blobble Stake Token,0.0039787875,BST,0,1,2025-03-04
cx88fd7df7ddff82f7cc735c871dc519838cb235bb,cxa0af3165c08318e988cb30993b3048335b94af6c,cx5faae53c4dbd1fbe4a2eb4aab6565030f10da5c6,0xe6808a42047e17,0x32dae271cef98afdcd40b756c050b45896814e14db8a948ed1b107a7c205eba0,2,94206782,0.06488057594488374,1741094362554107,Balanced Dollar,0.05694565,bnUSD,0,1,2025-03-04
cx88fd7df7ddff82f7cc735c871dc519838cb235bb,cxa0af3165c08318e988cb30993b3048335b94af6c,hxd75467e3e4ce64e3424c747dfb71503017440433,0x2569b3e3dbd550b3e,0x32dae271cef98afdcd40b756c050b45896814e14db8a948ed1b107a7c205eba0,1,94206782,43.13413829096145,1741094362554107,Balanced Dollar,0.05694565,bnUSD,0,1,2025-03-04
cx4297f4b63262507623b6ad575d0d8dd2db980e4e,hxd75467e3e4ce64e3424c747dfb71503017440433,cxa0af3165c08318e988cb30993b3048335b94af6c,0x3782dace9d900000,0x32dae271cef98afdcd40b756c050b45896814e14db8a948ed1b107a7c205eba0,0,94206782,4.0,1741094362554107,Injective,0.05694565,INJ,0,1,2025-03-04
cxf14dea1cff7ceb29a46e6d04533a08f84441e41d,hxec052dfc0db0ae26086ca78e36a054a8424d3707,hx326d19ac3f4924696f55cd19c95c537170027bac,0x0,0x83cf05d9806a43a166d7da5e1602d6ae68f5afdb88b81c697d17c73167f709d3,0,94206781,0.0,1741094360442024,Blobble Stake Token,0.0039787875,BST,0,1,2025-03-04
cxf14dea1cff7ceb29a46e6d04533a08f84441e41d,hxec052dfc0db0ae26086ca78e36a054a8424d3707,hxfb185f9bd35ce14b17ba914e4c65ebc4db9baf2d,0x0,0xe3b8a3d64a923ed5ee409a4dfe861f00900a1ce5549d323ca03c834f30bebfda,0,94206779,0.0,1741094356440899,Blobble Stake Token,0.0039801,BST,0,1,2025-03-04
cxf14dea1cff7ceb29a46e6d04533a08f84441e41d,hxec052dfc0db0ae26086ca78e36a054a8424d3707,hx20304a7fee79289bcce0150d0a31c9886b2bf292,0x0,0x6e49e8786ba4d6766ed4d542d3556bc5784be07c40f7b1d3387d6177ecc72272,0,94206777,0.0,1741094352437030,Blobble Stake Token,0.0039787875,BST,0,1,2025-03-04
cxf14dea1cff7ceb29a46e6d04533a08f84441e41d,hxec052dfc0db0ae26086ca78e36a054a8424d3707,hx79b41eb51687c7a818b8b530a3f9871f9fa6269a,0x0,0xc2978e74eb8e17d4ccbda509fd36049eb3fdb7d7b37742b8ba08c5921b842a95,0,94206775,0.0,1741094348637071,Blobble Stake Token,0.003977475,BST,0,2,2025-03-04
cx88fd7df7ddff82f7cc735c871dc519838cb235bb,cxa0af3165c08318e988cb30993b3048335b94af6c,cx5faae53c4dbd1fbe4a2eb4aab6565030f10da5c6,0x1a421366acc342e,0x34f1353424e788d7774d515a89f8107d6f7cf602788abeba773c133edcb8bf8f,2,94206775,0.11825600782219371,1741094348637071,Balanced Dollar,0.0569125875,bnUSD,0,1,2025-03-04
cx88fd7df7ddff82f7cc735c871dc519838cb235bb,cxa0af3165c08318e988cb30993b3048335b94af6c,hxd75467e3e4ce64e3424c747dfb71503017440433,0x443293f8305652963,0x34f1353424e788d7774d515a89f8107d6f7cf602788abeba773c133edcb8bf8f,1,94206775,78.6264454013883,1741094348637071,Balanced Dollar,0.0569125875,bnUSD,0,1,2025-03-04
cx66a031cc3bd305c76371fb586e93801b948254f0,hxd75467e3e4ce64e3424c747dfb71503017440433,cxa0af3165c08318e988cb30993b3048335b94af6c,0x3782dace9d900000,0x34f1353424e788d7774d515a89f8107d6f7cf602788abeba773c133edcb8bf8f,0,94206775,4.0,1741094348637071,Avalanche,0.0569125875,AVAX,0,1,2025-03-04
cxf14dea1cff7ceb29a46e6d04533a08f84441e41d,hxec052dfc0db0ae26086ca78e36a054a8424d3707,hx79914fc559f281ce03c28212c1464c79bd9279d9,0x0,0x05f0a289f2ad81beda8494d4b442da85f20919752b5812b23a2de4f0dd701b86,0,94206773,0.0,1741094344432919,Blobble Stake Token,0.0039696,BST,0,1,2025-03-04
cxf14dea1cff7ceb29a46e6d04533a08f84441e41d,hxec052dfc0db0ae26086ca78e36a054a8424d3707,hx949db682e9c7de988781800d20cd232d7f1a5178,0x0,0x02ce1bc8ec473d7c783c8ae4269ec0e038127ecc792e12efd4db7fc217c4b20a,0,94206771,0.0,1741094340483073,Blobble Stake Token,0.0039801,BST,0,1,2025-03-04
cxf14dea1cff7ceb29a46e6d04533a08f84441e41d,hxec052dfc0db0ae26086ca78e36a054a8424d3707,hxc6b7736cb8a3c53d1bd208715f69406ec38b1af4,0x0,0xf33a0112b4e7462a93a1b6840cb75ad1912a6fdc49dfdf42f3554695696778f7,0,94206769,0.0,1741094336568302,Blobble Stake Token,0.0039801,BST,0,1,2025-03-04
cxf14dea1cff7ceb29a46e6d04533a08f84441e41d,hxec052dfc0db0ae26086ca78e36a054a8424d3707,hx09452c4c19270d957ffa753489d01c71cc27a308,0x0,0x023a8986c2c15463942cd9d34a1b69836950651e846e18ff1dfb6f0322424358,0,94206767,0.0,1741094332618682,Blobble Stake Token,0.003977475,BST,0,1,2025-03-04
cx88fd7df7ddff82f7cc735c871dc519838cb235bb,cxa0af3165c08318e988cb30993b3048335b94af6c,cx5faae53c4dbd1fbe4a2eb4aab6565030f10da5c6,0xe69c634c2ada21,0xe596f087d843c63c5494ad587e967d6a8283041030ce45c54fcbb6f99a886bfc,2,94206766,0.064911194937023,1741094330432654,Balanced Dollar,0.05694565,bnUSD,0,1,2025-03-04
cx88fd7df7ddff82f7cc735c871dc519838cb235bb,cxa0af3165c08318e988cb30993b3048335b94af6c,hxd75467e3e4ce64e3424c747dfb71503017440433,0x256e3924fb8ac9acf,0xe596f087d843c63c5494ad587e967d6a8283041030ce45c54fcbb6f99a886bfc,1,94206766,43.154496925492616,1741094330432654,Balanced Dollar,0.05694565,bnUSD,0,1,2025-03-04
cx4297f4b63262507623b6ad575d0d8dd2db980e4e,hxd75467e3e4ce64e3424c747dfb71503017440433,cxa0af3165c08318e988cb30993b3048335b94af6c,0x3782dace9d900000,0xe596f087d843c63c5494ad587e967d6a8283041030ce45c54fcbb6f99a886bfc,0,94206766,4.0,1741094330432654,Injective,0.05694565,INJ,0,1,2025-03-04
cxf14dea1cff7ceb29a46e6d04533a08f84441e41d,hxec052dfc0db0ae26086ca78e36a054a8424d3707,hxca23c0ecd11d348c2b93f2566c8e942eaede896b,0x0,0x9d9bc8bd1d92d8296caec5271666dd3047bd97eb7671c1e29d9a728dd941960b,0,94206765,0.0,1741094328610944,Blobble Stake Token,0.0039787875,BST,0,1,2025-03-04
cxf14dea1cff7ceb29a46e6d04533a08f84441e41d,hxec052dfc0db0ae26086ca78e36a054a8424d3707,hx691d9ca4e15022f8f629d5c2166a84c494b2decb,0x0,0x84641e0ef68456193e30bfcc9a2be9dd74f9f79fb5a69cf769ffd8e764346914,0,94206763,0.0,1741094324424543,Blobble Stake Token,0.0039801,BST,0,1,2025-03-04
cxf14dea1cff7ceb29a46e6d04533a08f84441e41d,hxec052dfc0db0ae26086ca78e36a054a8424d3707,hxe6fa846815d85922a679b033226e4afefd178cb2,0x0,0xda4e8d5d5caa00f691c19334a5348b87ee62efe7f45d234d6c2caae337dd7e9c,0,94206761,0.0,1741094320529650,Blobble Stake Token,0.0039787875,BST,0,1,2025-03-04
cxf14dea1cff7ceb29a46e6d04533a08f84441e41d,hxec052dfc0db0ae26086ca78e36a054a8424d3707,hx592e7959a5c0070cf51f18b82390c2553f0f767a,0x0,0xda7832b9aba5e7603de23856ad08779e24613fe3eda176a446c616b61f715748,0,94206759,0.0,1741094316423154,Blobble Stake Token,0.00397485,BST,0,2,2025-03-04
cx88fd7df7ddff82f7cc735c871dc519838cb235bb,cxa0af3165c08318e988cb30993b3048335b94af6c,cx5faae53c4dbd1fbe4a2eb4aab6565030f10da5c6,0x1a467484ca1e927,0xcd09368a4ebda9c2c91d96bb6566e158ea2561519030b8e95f9f4b19e08968c6,2,94206759,0.11833305043946116,1741094316423154,Balanced Dollar,0.0569125875,bnUSD,0,1,2025-03-04
cx88fd7df7ddff82f7cc735c871dc519838cb235bb,cxa0af3165c08318e988cb30993b3048335b94af6c,hxd75467e3e4ce64e3424c747dfb71503017440433,0x443df43637a9adfcf,0xcd09368a4ebda9c2c91d96bb6566e158ea2561519030b8e95f9f4b19e08968c6,1,94206759,78.67767810972364,1741094316423154,Balanced Dollar,0.0569125875,bnUSD,0,1,2025-03-04
cx66a031cc3bd305c76371fb586e93801b948254f0,hxd75467e3e4ce64e3424c747dfb71503017440433,cxa0af3165c08318e988cb30993b3048335b94af6c,0x3782dace9d900000,0xcd09368a4ebda9c2c91d96bb6566e158ea2561519030b8e95f9f4b19e08968c6,0,94206759,4.0,1741094316423154,Avalanche,0.0569125875,AVAX,0,1,2025-03-04
cx88fd7df7ddff82f7cc735c871dc519838cb235bb,cxd82fb5d3effecd8c9071a4bba3856ad7222c4b91,hxd75467e3e4ce64e3424c747dfb71503017440433,0x6c6b935b8bbd400000,0x275da1f8ebfb85b9adbd894012c038d26aea897793998433d1cc4846be65a810,0,94206757,2000.0,1741094312535522,Balanced Dollar,0.02069225,bnUSD,0,2,2025-03-04
cxf14dea1cff7ceb29a46e6d04533a08f84441e41d,hxec052dfc0db0ae26086ca78e36a054a8424d3707,hx9ac4abc46df963def5807a6c359e5dc1e1e2552e,0x0,0xc318fe9d2225925122cfc91f16b4545e8780e54976791cf45c8dbb6d0231ad74,0,94206757,0.0,1741094312535522,Blobble Stake Token,0.003977475,BST,0,1,2025-03-04
cxf14dea1cff7ceb29a46e6d04533a08f84441e41d,hxec052dfc0db0ae26086ca78e36a054a8424d3707,hxf78c8903b8158920f478f49f615962ab0cb39d2f,0x0,0xfd236a2d467c2b5ad2368c13ab3be8259d95f30f36735da1272ce70ff20cfcde,0,94206755,0.0,1741094308422546,Blobble Stake Token,0.0039787875,BST,0,3,2025-03-04
cxf14dea1cff7ceb29a46e6d04533a08f84441e41d,hxec052dfc0db0ae26086ca78e36a054a8424d3707,hx29c0a7d2a306ab087031bf03541125975473aad3,0x0,0x6be5170c0ff3f60d09a7325195bbf7913b704989bea03c19b41bad0a84cfa0d6,0,94206753,0.0,1741094304421463,Blobble Stake Token,0.0039787875,BST,0,2,2025-03-04
cx65c9e3d4fea842e00add0d32a5b4c5e4e04c7a6b,hx0000000000000000000000000000000000000000,hxd75467e3e4ce64e3424c747dfb71503017440433,0xb263b18a,0xcd9b302b5835d00c826ce02cac8fa1fffb479cd1dbcad490e658b902a15fa16c,1,94206753,2.992877962,1741094304421463,Solana,0.022660075,SOL,0,1,2025-03-04
cxf14dea1cff7ceb29a46e6d04533a08f84441e41d,hxec052dfc0db0ae26086ca78e36a054a8424d3707,hx6b0f294bded619aeaf81ea19edc76dc09663ab0c,0x0,0xc5b21b1a1d3a6fd7cdf21b8dd0794f3d913bf98f92b50438b2088c727ad29c8e,0,94206751,0.0,1741094300417604,Blobble Stake Token,0.0039787875,BST,0,2,2025-03-04
cxf14dea1cff7ceb29a46e6d04533a08f84441e41d,hxec052dfc0db0ae26086ca78e36a054a8424d3707,hx0cd95c8fc1c69bd4764d945b0af706f9e75af7dd,0x0,0x8f1e0e64985abc72a2dbc159202251bef6fa8576ab6682cdfb958999ccada253,0,94206749,0.0,1741094296417354,Blobble Stake Token,0.003977475,BST,0,1,2025-03-04
cxf14dea1cff7ceb29a46e6d04533a08f84441e41d,hxec052dfc0db0ae26086ca78e36a054a8424d3707,hxbc21e83b4d932f3e322d452e1466548f0a84d96d,0x0,0x4e61663eb779d5e1e62332a29edc74cf62c424814a5feb3bee8b969a8e8a3872,0,94206747,0.0,1741094292618666,Blobble Stake Token,0.0039787875,BST,0,1,2025-03-04
cxf14dea1cff7ceb29a46e6d04533a08f84441e41d,hxec052dfc0db0ae26086ca78e36a054a8424d3707,hxbef2c3b9214a7d5d23278931ed6b384ba9dc2477,0x0,0xdeb78723db1a6564cb10342ad11dfbf44f789ad6eb46ab5f809bb5d5a50845c8,0,94206745,0.0,1741094288510527,Blobble Stake Token,0.0039696,BST,0,1,2025-03-04
cxf14dea1cff7ceb29a46e6d04533a08f84441e41d,hxec052dfc0db0ae26086ca78e36a054a8424d3707,hx953e92947af3181256fdeaa7b71c1238b8de45e2,0x0,0x83031e4b11811973d4f5b983130d7a1102cf40761706afd3ec9ec6c786b15709,0,94206743,0.0,1741094284415047,Blobble Stake Token,0.0039787875,BST,0,1,2025-03-04
cxf14dea1cff7ceb29a46e6d04533a08f84441e41d,hxec052dfc0db0ae26086ca78e36a054a8424d3707,hxc4017a4206d87b195d036cb9a1690b782309db4d,0x0,0xf5f9b699440fac0e797755534448430c7eae313124a707a8634fc81ad4dad4e1,0,94206741,0.0,1741094280411814,Blobble Stake Token,0.0039787875,BST,0,1,2025-03-04
cxf14dea1cff7ceb29a46e6d04533a08f84441e41d,hxec052dfc0db0ae26086ca78e36a054a8424d3707,hxb549ef43b71d075c1083452392fbf295f90ab774,0x0,0x64a674cb2a357306bf1cd8b5bf035d505735e93992e1a3f5270a8e7eef09e54e,0,94206739,0.0,1741094276689785,Blobble Stake Token,0.0039787875,BST,0,1,2025-03-04
cxf61cd5a45dc9f91c15aa65831a30a90d59a09619,cx9345f80d6c98357ccbb70392b14162199c2c5f66,cxd82fb5d3effecd8c9071a4bba3856ad7222c4b91,0x39a42ee274b5ff0,0xa10d28ad661cafe312fa72396d9e2b43c8274fcafffc842adc21e63d2862c250,4,94206738,0.25959351915612566,1741094274410706,Balance Token,0.1302328625,BALN,0,2,2025-03-04
cx2609b924e33ef00b648a409245c7ea394c467824,cx9345f80d6c98357ccbb70392b14162199c2c5f66,cxd82fb5d3effecd8c9071a4bba3856ad7222c4b91,0x3f67d0d24141033f,0xa10d28ad661cafe312fa72396d9e2b43c8274fcafffc842adc21e63d2862c250,3,94206738,4.568849948447147,1741094274410706,Staked ICX,0.1302328625,sICX,0,2,2025-03-04
cx88fd7df7ddff82f7cc735c871dc519838cb235bb,hx0000000000000000000000000000000000000000,cx5faae53c4dbd1fbe4a2eb4aab6565030f10da5c6,0x0,0xa10d28ad661cafe312fa72396d9e2b43c8274fcafffc842adc21e63d2862c250,2,94206738,0.0,1741094274410706,Balanced Dollar,0.1302328625,bnUSD,0,2,2025-03-04
cx88fd7df7ddff82f7cc735c871dc519838cb235bb,hx0000000000000000000000000000000000000000,cxd82fb5d3effecd8c9071a4bba3856ad7222c4b91,0xa29d07dd8392c47,0xa10d28ad661cafe312fa72396d9e2b43c8274fcafffc842adc21e63d2862c250,1,94206738,0.7323456533415312,1741094274410706,Balanced Dollar,0.1302328625,bnUSD,0,2,2025-03-04
cx88fd7df7ddff82f7cc735c871dc519838cb235bb,hxd75467e3e4ce64e3424c747dfb71503017440433,cxd82fb5d3effecd8c9071a4bba3856ad7222c4b91,0x8ad28e3d3dc9f00000,0xa10d28ad661cafe312fa72396d9e2b43c8274fcafffc842adc21e63d2862c250,0,94206738,2560.822813702166,1741094274410706,Balanced Dollar,0.1302328625,bnUSD,0,2,2025-03-04
cxf14dea1cff7ceb29a46e6d04533a08f84441e41d,hxec052dfc0db0ae26086ca78e36a054a8424d3707,hx29ab3a24faa2ecc1d7bfa0cde849076ae5521c47,0x0,0x125fce795a7477e2b3aaf9a0342b529ef9a23c92b55443cb11423f170c060157,0,94206737,0.0,1741094272509281,Blobble Stake Token,0.0039787875,BST,0,1,2025-03-04
cxf14dea1cff7ceb29a46e6d04533a08f84441e41d,hxec052dfc0db0ae26086ca78e36a054a8424d3707,hx3b83046ba363609868c2276743c73a2d335df422,0x0,0xe33cd75f89ce1320623e988c41438688debafac1e23a5521bd67831958280701,0,94206735,0.0,1741094268412047,Blobble Stake Token,0.003977475,BST,0,1,2025-03-04
cxf14dea1cff7ceb29a46e6d04533a08f84441e41d,hxec052dfc0db0ae26086ca78e36a054a8424d3707,hxc7f20d3502fbff89ed46f58f947cc9adf07414dd,0x0,0x15371a7eadddc8f2a93ff4117cf39c33d3bbbe4a63526b99ac8b4ea3f132cb00,0,94206733,0.0,1741094264410210,Blobble Stake Token,0.003977475,BST,0,1,2025-03-04
cxf14dea1cff7ceb29a46e6d04533a08f84441e41d,hxec052dfc0db0ae26086ca78e36a054a8424d3707,hx9e284f28db3406691ed4019899c7e5422e5a2038,0x0,0x63540a5e382ca928545a2dd701f74b6ea33bd5f34815953198341d6a24b6ef08,0,94206731,0.0,1741094260411441,Blobble Stake Token,0.003977475,BST,0,2,2025-03-04
cx88fd7df7ddff82f7cc735c871dc519838cb235bb,cxa0af3165c08318e988cb30993b3048335b94af6c,cx5faae53c4dbd1fbe4a2eb4aab6565030f10da5c6,0x1a4ad6bb89cf050,0xa5d54535de38292d2f77b10b262d9836558b983902dfe02d6141ca6ff309d8db,2,94206731,0.11841016838887432,1741094260411441,Balanced Dollar,0.0569125875,bnUSD,0,1,2025-03-04
cx88fd7df7ddff82f7cc735c871dc519838cb235bb,cxa0af3165c08318e988cb30993b3048335b94af6c,hxd75467e3e4ce64e3424c747dfb71503017440433,0x4449574d58d50fdbd,0xa5d54535de38292d2f77b10b262d9836558b983902dfe02d6141ca6ff309d8db,1,94206731,78.72896092149495,1741094260411441,Balanced Dollar,0.0569125875,bnUSD,0,1,2025-03-04
cx66a031cc3bd305c76371fb586e93801b948254f0,hxd75467e3e4ce64e3424c747dfb71503017440433,cxa0af3165c08318e988cb30993b3048335b94af6c,0x3782dace9d900000,0xa5d54535de38292d2f77b10b262d9836558b983902dfe02d6141ca6ff309d8db,0,94206731,4.0,1741094260411441,Avalanche,0.0569125875,AVAX,0,1,2025-03-04
cxf14dea1cff7ceb29a46e6d04533a08f84441e41d,hxec052dfc0db0ae26086ca78e36a054a8424d3707,hxc7cfd0098174ac322f1f4f622440b4b83e9750cd,0x0,0xe63b373d3b7b395c3c901a3da4f7e6045884fdca0876fff44f73707bea7dcf9c,0,94206729,0.0,1741094256411853,Blobble Stake Token,0.0039787875,BST,0,1,2025-03-04
cxf14dea1cff7ceb29a46e6d04533a08f84441e41d,hxec052dfc0db0ae26086ca78e36a054a8424d3707,hxa9c2705e8e4c990e958430882cf0eeedcbb9f8c5,0x0,0x770e2f8ab11cc8d9cb45a1a5c83b44c4d0495701e2f33c3a62ced6f40b63b167,0,94206727,0.0,1741094252404294,Blobble Stake Token,0.0039787875,BST,0,1,2025-03-04
cxf14dea1cff7ceb29a46e6d04533a08f84441e41d,hxec052dfc0db0ae26086ca78e36a054a8424d3707,hx3fd4b99a6f53c10fe1574483a27bdb9508665b25,0x0,0x3a9a55492fd87ddf173cd29b3f1c1ca60ed958b5ce34458e67479e96a832fd5f,0,94206725,0.0,1741094248599247,Blobble Stake Token,0.003977475,BST,0,1,2025-03-04
cxf14dea1cff7ceb29a46e6d04533a08f84441e41d,hxec052dfc0db0ae26086ca78e36a054a8424d3707,hx2e1751e1c6d10d65ec451857392b06bf46a4bfce,0x0,0x076abfef3304438432d583981ee7e5947cb20e0f952caf48ea972c89d6e1a3a7,0,94206723,0.0,1741094244399780,Blobble Stake Token,0.0039787875,BST,0,1,2025-03-04
cxf14dea1cff7ceb29a46e6d04533a08f84441e41d,hxec052dfc0db0ae26086ca78e36a054a8424d3707,hx6240a187e2a26c63a978bcfacaffb362bd45260a,0x0,0x206f51aeb95b0adf7e582e690cda21e22a9f9ff563d966e73b56426e5774b53b,0,94206721,0.0,1741094240451983,Blobble Stake Token,0.0039787875,BST,0,1,2025-03-04
cxf14dea1cff7ceb29a46e6d04533a08f84441e41d,hxec052dfc0db0ae26086ca78e36a054a8424d3707,hx129abdef5c78eb7d7146df572fb96946cf7727b6,0x0,0x2fdb92c9b186705e552d75e1acdaccaffc698c839bbf8f603691276b3d0cc18a,0,94206719,0.0,1741094236528791,Blobble Stake Token,0.0039787875,BST,0,1,2025-03-04
cxf14dea1cff7ceb29a46e6d04533a08f84441e41d,hxec052dfc0db0ae26086ca78e36a054a8424d3707,hxdf5db771749e2bb8b6f3d36f014205ee0d62f7f6,0x0,0x00ef47d201a49bf660de8c33df18d5a8b9aa92436bd0720324a341be7e733a8e,0,94206717,0.0,1741094232582693,Blobble Stake Token,0.0039787875,BST,0,1,2025-03-04
cxf14dea1cff7ceb29a46e6d04533a08f84441e41d,hxec052dfc0db0ae26086ca78e36a054a8424d3707,hx4a60d0c0d45ce6c916532c867a4621c066f8b4ac,0x0,0xf3856c1f5210566aa50b78e6379340a87108a888d420c4e853b4287f6b4f81c0,0,94206715,0.0,1741094228588517,Blobble Stake Token,0.0039787875,BST,0,1,2025-03-04
cxf14dea1cff7ceb29a46e6d04533a08f84441e41d,hxec052dfc0db0ae26086ca78e36a054a8424d3707,hx692f8635ab4ca2c624eea17a253a38c99f4471b8,0x0,0x34e3c35997a53f1eabaa3b81b4d2435e500673b0db7c256392c1160a841ac04c,0,94206713,0.0,1741094224392934,Blobble Stake Token,0.0039787875,BST,0,1,2025-03-04
cxf14dea1cff7ceb29a46e6d04533a08f84441e41d,hxec052dfc0db0ae26086ca78e36a054a8424d3707,hxff3c6660d8e4b633dca02fbfd18941e3addccf5e,0x0,0x3e4132f643650ce5032551d7cc0b147f2656f9854475430e36b90a1ef04be8c6,0,94206711,0.0,1741094220497366,Blobble Stake Token,0.0039787875,BST,0,1,2025-03-04
cxf14dea1cff7ceb29a46e6d04533a08f84441e41d,hxec052dfc0db0ae26086ca78e36a054a8424d3707,hx8c475417bf04be8f74f57a5d40e7f2b02b057889,0x0,0xf8dcbc6986096b2c7892b422eae8429259e598d9af3f54627a1f2514459acb29,0,94206709,0.0,1741094216397615,Blobble Stake Token,0.0039801,BST,0,1,2025-03-04
cxf14dea1cff7ceb29a46e6d04533a08f84441e41d,hxec052dfc0db0ae26086ca78e36a054a8424d3707,hxd18fb43058394b794602d55a450157329b9f578a,0x0,0x693ca703facd93b4d187f0cee34e683433dca434ed0def633656834dd07b2fdf,0,94206707,0.0,1741094212505126,Blobble Stake Token,0.003977475,BST,0,2,2025-03-04
cxf14dea1cff7ceb29a46e6d04533a08f84441e41d,hxec052dfc0db0ae26086ca78e36a054a8424d3707,hxa40b98c85bf5fc4b09c8e22324622b9b114e571c,0x0,0x70a24d6b7adf3e75d73fc366b108ecfc1c8c8ded71f67f6743e6adcf09e6697d,0,94206705,0.0,1741094208390398,Blobble Stake Token,0.0039787875,BST,0,1,2025-03-04
cxf14dea1cff7ceb29a46e6d04533a08f84441e41d,hxec052dfc0db0ae26086ca78e36a054a8424d3707,hxa470c704018dab640f5c9b7a9b2f71903dc97098,0x0,0x5855cef3b1acf5104d5056bdb833fd694db3dd20fda5f626267dc6a57834d678,0,94206703,0.0,1741094204390159,Blobble Stake Token,0.003977475,BST,0,1,2025-03-04
cxf14dea1cff7ceb29a46e6d04533a08f84441e41d,hxec052dfc0db0ae26086ca78e36a054a8424d3707,hxf396372682ad1fe3c1cb3290f7cac62fb1591a03,0x0,0xc89bbfdb1e4db7c255258831296fe883d4ad9e459d8ae3727387ba806f5f1616,0,94206701,0.0,1741094200390256,Blobble Stake Token,0.0039787875,BST,0,1,2025-03-04
cxf14dea1cff7ceb29a46e6d04533a08f84441e41d,hxec052dfc0db0ae26086ca78e36a054a8424d3707,hx7d4fa656ddc528fd1a9c494c0cda8fa7730ca8a1,0x0,0x7a8205f18613b83bf3ff828ee191679bb2875ca91e21fd4aad74048a7fcb75bc,0,94206699,0.0,1741094196388424,Blobble Stake Token,0.003977475,BST,0,2,2025-03-04
cx88fd7df7ddff82f7cc735c871dc519838cb235bb,cxa0af3165c08318e988cb30993b3048335b94af6c,cx5faae53c4dbd1fbe4a2eb4aab6565030f10da5c6,0x1a4f3a0b49892cf,0x8a759bf7a5c769e397f791ced7a8c1f8b600dc05bc2f45c387d9e0fde40e708e,2,94206699,0.11848736176869039,1741094196388424,Balanced Dollar,0.0569125875,bnUSD,0,1,2025-03-04
cx88fd7df7ddff82f7cc735c871dc519838cb235bb,cxa0af3165c08318e988cb30993b3048335b94af6c,hxd75467e3e4ce64e3424c747dfb71503017440433,0x4454bd3e87561caf2,0x8a759bf7a5c769e397f791ced7a8c1f8b600dc05bc2f45c387d9e0fde40e708e,1,94206699,78.78029390206375,1741094196388424,Balanced Dollar,0.0569125875,bnUSD,0,1,2025-03-04
cx66a031cc3bd305c76371fb586e93801b948254f0,hxd75467e3e4ce64e3424c747dfb71503017440433,cxa0af3165c08318e988cb30993b3048335b94af6c,0x3782dace9d900000,0x8a759bf7a5c769e397f791ced7a8c1f8b600dc05bc2f45c387d9e0fde40e708e,0,94206699,4.0,1741094196388424,Avalanche,0.0569125875,AVAX,0,1,2025-03-04
cxf14dea1cff7ceb29a46e6d04533a08f84441e41d,hxec052dfc0db0ae26086ca78e36a054a8424d3707,hx236f36ceba4ca9f5aa71e8481351021316ff63e6,0x0,0x3c0e3baff3b2de5b466247d70bd86d17af0ac76db4e75d3bf71a8d3070d363d2,0,94206697,0.0,1741094192581404,Blobble Stake Token,0.003977475,BST,0,1,2025-03-04
cxf14dea1cff7ceb29a46e6d04533a08f84441e41d,hxec052dfc0db0ae26086ca78e36a054a8424d3707,hxa08bf132c1ff806f839aacacbb42b7e2d7069f17,0x0,0xbaa6ba2a009fb0a3ec794107ad0bafce1f0099cba4c7051279d92694a3f3630b,0,94206695,0.0,1741094188480589,Blobble Stake Token,0.0039787875,BST,0,1,2025-03-04
cxf14dea1cff7ceb29a46e6d04533a08f84441e41d,hxec052dfc0db0ae26086ca78e36a054a8424d3707,hxe87d4d515005ae5f174b7074052df37868665009,0x0,0xaec34f77817792107258366114a2aeb5be37eb407cc50ab649b347c30043c6f6,0,94206693,0.0,1741094184385913,Blobble Stake Token,0.0039801,BST,0,1,2025-03-04
cxf14dea1cff7ceb29a46e6d04533a08f84441e41d,hxec052dfc0db0ae26086ca78e36a054a8424d3707,hxa8bebce1fe1d24d8539cea6a19f738c2daa691f8,0x0,0xd2797e172208b68fefa474d32400f30603ae248e02cc6bddfd5b8a13ac0d4943,0,94206691,0.0,1741094180381508,Blobble Stake Token,0.0039787875,BST,0,1,2025-03-04
cxf14dea1cff7ceb29a46e6d04533a08f84441e41d,hxec052dfc0db0ae26086ca78e36a054a8424d3707,hx033ca2ca62e48015d11f0132ad073519b12387af,0x0,0x6510c24fccd8e30a652dc14505066f4118cdb20df2e0aa59dfd5893189e0bdf6,0,94206689,0.0,1741094176583052,Blobble Stake Token,0.0039787875,BST,0,1,2025-03-04
cxf14dea1cff7ceb29a46e6d04533a08f84441e41d,hxec052dfc0db0ae26086ca78e36a054a8424d3707,hx16b4a498792123decc0cd8169af1471589c64447,0x0,0xd36f614536304ef214f944920d3a76680530caed2bb1289aba841a5dc4fd0341,0,94206687,0.0,1741094172484907,Blobble Stake Token,0.0039787875,BST,0,1,2025-03-04
cxf14dea1cff7ceb29a46e6d04533a08f84441e41d,hxec052dfc0db0ae26086ca78e36a054a8424d3707,hxbd63e48f314ab8437612b3abf0f982161ecf4c8e,0x0,0x8e50546fac60f77106cbbb19e6919f33392841dc63a1a61a5a9249e012032913,0,94206685,0.0,1741094168382705,Blobble Stake Token,0.003977475,BST,0,1,2025-03-04
cxf14dea1cff7ceb29a46e6d04533a08f84441e41d,hxec052dfc0db0ae26086ca78e36a054a8424d3707,hx45c7386db6b415f5601a0ffe88d53ad603d8520c,0x0,0x57993908db0ab48ce7f956838d3380ff54016c7902dbb09f3a31631d6240a929,0,94206683,0.0,1741094164379123,Blobble Stake Token,0.0039787875,BST,0,1,2025-03-04
cx88fd7df7ddff82f7cc735c871dc519838cb235bb,cxa0af3165c08318e988cb30993b3048335b94af6c,cx5faae53c4dbd1fbe4a2eb4aab6565030f10da5c6,0x1a539e746728bd0,0x9b8921e80e5e0f2fad273ead6b179e1dc7fc93e533e28cdc5e8c290ab69eb926,2,94206682,0.1185646306773268,1741094162494081,Balanced Dollar,0.0569125875,bnUSD,0,1,2025-03-04
cx88fd7df7ddff82f7cc735c871dc519838cb235bb,cxa0af3165c08318e988cb30993b3048335b94af6c,hxd75467e3e4ce64e3424c747dfb71503017440433,0x4460260ab71028997,0x9b8921e80e5e0f2fad273ead6b179e1dc7fc93e533e28cdc5e8c290ab69eb926,1,94206682,78.83167711689825,1741094162494081,Balanced Dollar,0.0569125875,bnUSD,0,1,2025-03-04
cx66a031cc3bd305c76371fb586e93801b948254f0,hxd75467e3e4ce64e3424c747dfb71503017440433,cxa0af3165c08318e988cb30993b3048335b94af6c,0x3782dace9d900000,0x9b8921e80e5e0f2fad273ead6b179e1dc7fc93e533e28cdc5e8c290ab69eb926,0,94206682,4.0,1741094162494081,Avalanche,0.0569125875,AVAX,0,1,2025-03-04
cxf14dea1cff7ceb29a46e6d04533a08f84441e41d,hxec052dfc0db0ae26086ca78e36a054a8424d3707,hx35bef857f447768e009875dff1a8d386a488df9d,0x0,0x5e43732e6a394dbce90fcf9a21a227d9bf1c87b8cb328857ea5ce8135934f707,0,94206681,0.0,1741094160382279,Blobble Stake Token,0.0039787875,BST,0,1,2025-03-04
cxf14dea1cff7ceb29a46e6d04533a08f84441e41d,hxec052dfc0db0ae26086ca78e36a054a8424d3707,hx820cfe6ddda9c899cda37d90ff6d54721de23e53,0x0,0x3bea2bdfbfec2722bb2afd951e147b9fd47b965ca5c1a0583333bf1c85ad9d07,0,94206679,0.0,1741094156381063,Blobble Stake Token,0.0039787875,BST,0,1,2025-03-04
cxf14dea1cff7ceb29a46e6d04533a08f84441e41d,hxec052dfc0db0ae26086ca78e36a054a8424d3707,hx74284db23f402ec7397034d52e6c9543d0779048,0x0,0x512a1fdd6ab70c2a81faabbeb16674105b587f1a90572976e2b2bb2c6a9c9af7,0,94206677,0.0,1741094152376586,Blobble Stake Token,0.0039801,BST,0,1,2025-03-04
cxf14dea1cff7ceb29a46e6d04533a08f84441e41d,hxec052dfc0db0ae26086ca78e36a054a8424d3707,hx9d4ad77363133099b1d681d19fd0b6328c9782c9,0x0,0x95785fb680a05bfa3eb9c8a87029a3315f0f0496cd869af83bea4a359c37fa67,0,94206675,0.0,1741094148571134,Blobble Stake Token,0.0039801,BST,0,1,2025-03-04
cxf14dea1cff7ceb29a46e6d04533a08f84441e41d,hxec052dfc0db0ae26086ca78e36a054a8424d3707,hx0aaac6d38e629a0fce7e5b6951e0ec0881355301,0x0,0x2b0161594efc00696e25cd88f5b33410e4668117f70d7676c74eae3589610726,0,94206673,0.0,1741094144371530,Blobble Stake Token,0.0039787875,BST,0,1,2025-03-04
cxf14dea1cff7ceb29a46e6d04533a08f84441e41d,hxec052dfc0db0ae26086ca78e36a054a8424d3707,hx9092a3fc19763f078f069b5406c4433f37b7ea56,0x0,0x554be696fedb09061c8d752e7b5fa84a53e8a7def8b399e0419eb531fbb0c092,0,94206671,0.0,1741094140418640,Blobble Stake Token,0.0039787875,BST,0,1,2025-03-04
cxf14dea1cff7ceb29a46e6d04533a08f84441e41d,hxec052dfc0db0ae26086ca78e36a054a8424d3707,hxeaf5b8e01586f04af69886d2b07f76ee8cef479c,0x0,0x5a6c4c2905726188c0a344c854e42aaba3d333ae18cf38ce9173e7fc662de7e2,0,94206669,0.0,1741094136510288,Blobble Stake Token,0.003977475,BST,0,1,2025-03-04
cxf14dea1cff7ceb29a46e6d04533a08f84441e41d,hxec052dfc0db0ae26086ca78e36a054a8424d3707,hx3c94fe7a35dcfb3a30d3f9a9a386ef67a0dbb20a,0x0,0xf222b5d914d398cbd5d0aeba7fa5567c081dda2adceb0a88aa22468ac3586da2,0,94206667,0.0,1741094132550799,Blobble Stake Token,0.0039787875,BST,0,1,2025-03-04
cxf14dea1cff7ceb29a46e6d04533a08f84441e41d,hxec052dfc0db0ae26086ca78e36a054a8424d3707,hx8d2157ea7d5594fa32d9b3c0bbb75425e5053b38,0x0,0x87513ee8eb09ac71c67b5be8a67d1766f1a089c481ac337e801b03590ca7633e,0,94206665,0.0,1741094128554800,Blobble Stake Token,0.0039787875,BST,0,1,2025-03-04
cxf14dea1cff7ceb29a46e6d04533a08f84441e41d,hxec052dfc0db0ae26086ca78e36a054a8424d3707,hx30274236b979602a7f4b7ba8c05ffe02ebc14920,0x0,0x429d7802cb7cd3e2d7ea450f363f54ffaf8e5d6029cc725d089297b899c731dd,0,94206663,0.0,1741094124365315,Blobble Stake Token,0.0039787875,BST,0,1,2025-03-04
cx88fd7df7ddff82f7cc735c871dc519838cb235bb,cx21e94c08c03daee80c25d8ee3ea22a20786ec231,hx3628fd4752c327bb740f808d2ecb8c9998353c60,0x19c07b611fd5108,0x92fa0b9f84a48f57ee8a9f6449c6514c19fde3cd79f3090b1e75f6c087c74df5,6,94206662,0.1159761689720466,1741094122470957,Balanced Dollar,0.064837425,bnUSD,0,2,2025-03-04
cx88fd7df7ddff82f7cc735c871dc519838cb235bb,cxa0af3165c08318e988cb30993b3048335b94af6c,cx5faae53c4dbd1fbe4a2eb4aab6565030f10da5c6,0x9510d41efd8e,0x92fa0b9f84a48f57ee8a9f6449c6514c19fde3cd79f3090b1e75f6c087c74df5,4,94206662,0.000163899510816142,1741094122470957,Balanced Dollar,0.064837425,bnUSD,0,2,2025-03-04
cx88fd7df7ddff82f7cc735c871dc519838cb235bb,cxa0af3165c08318e988cb30993b3048335b94af6c,cx21e94c08c03daee80c25d8ee3ea22a20786ec231,0x19c07b611fd5108,0x92fa0b9f84a48f57ee8a9f6449c6514c19fde3cd79f3090b1e75f6c087c74df5,3,94206662,0.1159761689720466,1741094122470957,Balanced Dollar,0.064837425,bnUSD,0,2,2025-03-04
cx3975b43d260fb8ec802cef6e60c2f4d07486f11d,cx21e94c08c03daee80c25d8ee3ea22a20786ec231,cxa0af3165c08318e988cb30993b3048335b94af6c,0xde0b6b3a7640000,0x92fa0b9f84a48f57ee8a9f6449c6514c19fde3cd79f3090b1e75f6c087c74df5,2,94206662,1.0,1741094122470957,Wrapped ICX,0.064837425,wICX,0,2,2025-03-04
cx3975b43d260fb8ec802cef6e60c2f4d07486f11d,hx3628fd4752c327bb740f808d2ecb8c9998353c60,cx21e94c08c03daee80c25d8ee3ea22a20786ec231,0xde0b6b3a7640000,0x92fa0b9f84a48f57ee8a9f6449c6514c19fde3cd79f3090b1e75f6c087c74df5,1,94206662,1.0,1741094122470957,Wrapped ICX,0.064837425,wICX,0,2,2025-03-04
cx3975b43d260fb8ec802cef6e60c2f4d07486f11d,hx0000000000000000000000000000000000000000,hx3628fd4752c327bb740f808d2ecb8c9998353c60,0xde0b6b3a7640000,0x92fa0b9f84a48f57ee8a9f6449c6514c19fde3cd79f3090b1e75f6c087c74df5,0,94206662,1.0,1741094122470957,Wrapped ICX,0.064837425,wICX,0,2,2025-03-04
cxf14dea1cff7ceb29a46e6d04533a08f84441e41d,hxec052dfc0db0ae26086ca78e36a054a8424d3707,hxe3afa32ac70cdaaa81bf84618ccd3593c7cf714e,0x0,0x98086e38d90f8d61c5f84235a5269325bafb33855866796b71760057228dff0c,0,94206661,0.0,1741094120462046,Blobble Stake Token,0.0039787875,BST,0,1,2025-03-04
cxf14dea1cff7ceb29a46e6d04533a08f84441e41d,hxec052dfc0db0ae26086ca78e36a054a8424d3707,hx417e426ac184ea5904c6a8cfd553b5fe5cfff08d,0x0,0xa5883429c494d0e3ca4b3089a56184c0018b1954fcdfdea64b3463de6df5a819,0,94206659,0.0,1741094116364443,Blobble Stake Token,0.003977475,BST,0,1,2025-03-04
cx88fd7df7ddff82f7cc735c871dc519838cb235bb,cxa0af3165c08318e988cb30993b3048335b94af6c,cx5faae53c4dbd1fbe4a2eb4aab6565030f10da5c6,0xd9d03395d7ca11,0x036539d3d533b50fe7dad0f42687a58ee7fb62d69352aeb855e5e6615c3bf560,2,94206658,0.061308989922069006,1741094114361581,Balanced Dollar,0.0473681375,bnUSD,0,1,2025-03-04
cx88fd7df7ddff82f7cc735c871dc519838cb235bb,cxa0af3165c08318e988cb30993b3048335b94af6c,hxd75467e3e4ce64e3424c747dfb71503017440433,0x235abc22678901ef9,0x036539d3d533b50fe7dad0f42687a58ee7fb62d69352aeb855e5e6615c3bf560,1,94206658,40.76088632293406,1741094114361581,Balanced Dollar,0.0473681375,bnUSD,0,1,2025-03-04
cx65c9e3d4fea842e00add0d32a5b4c5e4e04c7a6b,hxd75467e3e4ce64e3424c747dfb71503017440433,cxa0af3165c08318e988cb30993b3048335b94af6c,0x11e1a300,0x036539d3d533b50fe7dad0f42687a58ee7fb62d69352aeb855e5e6615c3bf560,0,94206658,0.3,1741094114361581,Solana,0.0473681375,SOL,0,1,2025-03-04
cxf14dea1cff7ceb29a46e6d04533a08f84441e41d,hxec052dfc0db0ae26086ca78e36a054a8424d3707,hx0a2559016a87d1887845409cd2252762f38b624e,0x0,0x3c0924b51f4423e4135f5cffdf3a15dde377d856a28d1262ee75535953481dfd,0,94206657,0.0,1741094112472695,Blobble Stake Token,0.0039787875,BST,0,1,2025-03-04
cxf14dea1cff7ceb29a46e6d04533a08f84441e41d,hxec052dfc0db0ae26086ca78e36a054a8424d3707,hxc7d7ff9bd36da8847cdf8c51c84d2ea8cacfa484,0x0,0xe48b401d255c19d952ee4bee0067d62630c9146a0e00e1884bf36461044339eb,0,94206655,0.0,1741094108361997,Blobble Stake Token,0.003977475,BST,0,1,2025-03-04
cx88fd7df7ddff82f7cc735c871dc519838cb235bb,cxa0af3165c08318e988cb30993b3048335b94af6c,cx5faae53c4dbd1fbe4a2eb4aab6565030f10da5c6,0xe6b84162dfc44f,0x874e5ce03a6e1bb667115a94054cd7c862f23f4b7e106ef9582edb4fa4640d8b,2,94206654,0.06494183561466786,1741094106366679,Balanced Dollar,0.05694565,bnUSD,0,2,2025-03-04
cx88fd7df7ddff82f7cc735c871dc519838cb235bb,cxa0af3165c08318e988cb30993b3048335b94af6c,hxd75467e3e4ce64e3424c747dfb71503017440433,0x2572bf37f397c1b33,0x874e5ce03a6e1bb667115a94054cd7c862f23f4b7e106ef9582edb4fa4640d8b,1,94206654,43.17486998046822,1741094106366679,Balanced Dollar,0.05694565,bnUSD,0,2,2025-03-04
cx4297f4b63262507623b6ad575d0d8dd2db980e4e,hxd75467e3e4ce64e3424c747dfb71503017440433,cxa0af3165c08318e988cb30993b3048335b94af6c,0x3782dace9d900000,0x874e5ce03a6e1bb667115a94054cd7c862f23f4b7e106ef9582edb4fa4640d8b,0,94206654,4.0,1741094106366679,Injective,0.05694565,INJ,0,2,2025-03-04
cx66a031cc3bd305c76371fb586e93801b948254f0,hx0000000000000000000000000000000000000000,hxd75467e3e4ce64e3424c747dfb71503017440433,0x2705bf30aea5e60ae,0xf2aa81674f279768bab2fba273ae115bd44c04d117641f85703524d225601842,1,94206653,44.98982013075498,1741094104361747,Avalanche,0.0237590375,AVAX,0,2,2025-03-04
cxf14dea1cff7ceb29a46e6d04533a08f84441e41d,hxec052dfc0db0ae26086ca78e36a054a8424d3707,hx7667d6fec81cdb636c5e9722b9043b12936aea00,0x0,0xb1c24a30ef1eca62acd4a7f8a9ed1708b4ada3032b27edee365370949b0dd9fb,0,94206653,0.0,1741094104361747,Blobble Stake Token,0.003977475,BST,0,1,2025-03-04
cxf14dea1cff7ceb29a46e6d04533a08f84441e41d,hxec052dfc0db0ae26086ca78e36a054a8424d3707,hx1d4e52da61ae351bb37acf5468f1793e22882ed2,0x0,0x23152dd807cc5a9b19bb2143d8f18d2ddb7109989c8de7fd44c217fc5311b6e9,0,94206651,0.0,1741094100358940,Blobble Stake Token,0.0039761625,BST,0,2,2025-03-04
cxf14dea1cff7ceb29a46e6d04533a08f84441e41d,hxec052dfc0db0ae26086ca78e36a054a8424d3707,hx171d08d1081c49e284a719ff2de6f4570a0ab75b,0x0,0xdc79a3b0abd7b2d1a4ec06ceb2cdd49106af573cb2db8f5f1051daf138857e75,0,94206649,0.0,1741094096358851,Blobble Stake Token,0.003977475,BST,0,2,2025-03-04
cxf14dea1cff7ceb29a46e6d04533a08f84441e41d,hxec052dfc0db0ae26086ca78e36a054a8424d3707,hxcb3204684516b1bb89d0e4c09a1cea848db2a7f1,0x0,0x4c135a30fcba181e1e49587005950fc688e5842da94344921ab5ac26f41f1f16,0,94206647,0.0,1741094092549054,Blobble Stake Token,0.0039696,BST,0,1,2025-03-04
cxf14dea1cff7ceb29a46e6d04533a08f84441e41d,hxec052dfc0db0ae26086ca78e36a054a8424d3707,hxb462ad9c7fc631d22dded7236cf37c0522433e64,0x0,0x0e456fed991ecd67eac592a01ca8d9d8a35eb891353c7237e2336532bba29ee1,0,94206645,0.0,1741094088449662,Blobble Stake Token,0.0039787875,BST,0,1,2025-03-04
cx88fd7df7ddff82f7cc735c871dc519838cb235bb,cxa0af3165c08318e988cb30993b3048335b94af6c,cx5faae53c4dbd1fbe4a2eb4aab6565030f10da5c6,0xe6d424875bd19c,0x96501804520a2e13a6a06d1b05a7b45142cea420cd33c80473f8e3a6d81eeef5,2,94206635,0.06497249799830364,1741094068351216,Balanced Dollar,0.05694565,bnUSD,0,1,2025-03-04
cx88fd7df7ddff82f7cc735c871dc519838cb235bb,cxa0af3165c08318e988cb30993b3048335b94af6c,hxd75467e3e4ce64e3424c747dfb71503017440433,0x2577461cf6bd120d6,0x96501804520a2e13a6a06d1b05a7b45142cea420cd33c80473f8e3a6d81eeef5,1,94206635,43.19525746951226,1741094068351216,Balanced Dollar,0.05694565,bnUSD,0,1,2025-03-04
cx4297f4b63262507623b6ad575d0d8dd2db980e4e,hxd75467e3e4ce64e3424c747dfb71503017440433,cxa0af3165c08318e988cb30993b3048335b94af6c,0x3782dace9d900000,0x96501804520a2e13a6a06d1b05a7b45142cea420cd33c80473f8e3a6d81eeef5,0,94206635,4.0,1741094068351216,Injective,0.05694565,INJ,0,1,2025-03-04
cx88fd7df7ddff82f7cc735c871dc519838cb235bb,cxa0af3165c08318e988cb30993b3048335b94af6c,cx5faae53c4dbd1fbe4a2eb4aab6565030f10da5c6,0xd9eddc628646dd,0xdb531cdb1c89b86b1870fc8d00befcf28c17e2ca66268a4620c160c7780bb11f,2,94206631,0.06134160074776752,1741094060345513,Balanced Dollar,0.0473681375,bnUSD,0,1,2025-03-04
cx88fd7df7ddff82f7cc735c871dc519838cb235bb,cxa0af3165c08318e988cb30993b3048335b94af6c,hxd75467e3e4ce64e3424c747dfb71503017440433,0x235f8cb9eb4dbc08f,0xdb531cdb1c89b86b1870fc8d00befcf28c17e2ca66268a4620c160c7780bb11f,1,94206631,40.7825703081531,1741094060345513,Balanced Dollar,0.0473681375,bnUSD,0,1,2025-03-04
cx65c9e3d4fea842e00add0d32a5b4c5e4e04c7a6b,hxd75467e3e4ce64e3424c747dfb71503017440433,cxa0af3165c08318e988cb30993b3048335b94af6c,0x11e1a300,0xdb531cdb1c89b86b1870fc8d00befcf28c17e2ca66268a4620c160c7780bb11f,0,94206631,0.3,1741094060345513,Solana,0.0473681375,SOL,0,1,2025-03-04
cx88fd7df7ddff82f7cc735c871dc519838cb235bb,cxa0af3165c08318e988cb30993b3048335b94af6c,cx5faae53c4dbd1fbe4a2eb4aab6565030f10da5c6,0xe6f00cbad7f588,0x7fd8e62ad9336f4b3f46fc1785a64e03efdf5b1ce129e8fbf3497e8c18d60ca6,2,94206625,0.06500318210843994,1741094048532730,Balanced Dollar,0.05694565,bnUSD,0,1,2025-03-04
cx88fd7df7ddff82f7cc735c871dc519838cb235bb,cxa0af3165c08318e988cb30993b3048335b94af6c,hxd75467e3e4ce64e3424c747dfb71503017440433,0x257bcdd437caed4f5,0x7fd8e62ad9336f4b3f46fc1785a64e03efdf5b1ce129e8fbf3497e8c18d60ca6,1,94206625,43.21565940626482,1741094048532730,Balanced Dollar,0.05694565,bnUSD,0,1,2025-03-04
cx4297f4b63262507623b6ad575d0d8dd2db980e4e,hxd75467e3e4ce64e3424c747dfb71503017440433,cxa0af3165c08318e988cb30993b3048335b94af6c,0x3782dace9d900000,0x7fd8e62ad9336f4b3f46fc1785a64e03efdf5b1ce129e8fbf3497e8c18d60ca6,0,94206625,4.0,1741094048532730,Injective,0.05694565,INJ,0,1,2025-03-04
cx88fd7df7ddff82f7cc735c871dc519838cb235bb,cxa0af3165c08318e988cb30993b3048335b94af6c,cx5faae53c4dbd1fbe4a2eb4aab6565030f10da5c6,0xda0b8b3edc5380,0x9435f50c8f7ff8d8d1ed8a39c15492d72b723ff59c3369292f3d5fd7dc1e4a4e,2,94206622,0.061374237605909376,1741094042535525,Balanced Dollar,0.0473681375,bnUSD,0,1,2025-03-04
cx88fd7df7ddff82f7cc735c871dc519838cb235bb,cxa0af3165c08318e988cb30993b3048335b94af6c,hxd75467e3e4ce64e3424c747dfb71503017440433,0x23645e4d5bb915b34,0x9435f50c8f7ff8d8d1ed8a39c15492d72b723ff59c3369292f3d5fd7dc1e4a4e,1,94206622,40.80427160548628,1741094042535525,Balanced Dollar,0.0473681375,bnUSD,0,1,2025-03-04
cx65c9e3d4fea842e00add0d32a5b4c5e4e04c7a6b,hxd75467e3e4ce64e3424c747dfb71503017440433,cxa0af3165c08318e988cb30993b3048335b94af6c,0x11e1a300,0x9435f50c8f7ff8d8d1ed8a39c15492d72b723ff59c3369292f3d5fd7dc1e4a4e,0,94206622,0.3,1741094042535525,Solana,0.0473681375,SOL,0,1,2025-03-04
cx88fd7df7ddff82f7cc735c871dc519838cb235bb,cxa0af3165c08318e988cb30993b3048335b94af6c,cx5faae53c4dbd1fbe4a2eb4aab6565030f10da5c6,0xda29402c80e520,0x7277d50bd61c9f1c3f9d5c79c03573499f75ff4572b3a9757d5a8e4bc16c80b3,2,94206613,0.061406900524213534,1741094024333450,Balanced Dollar,0.0473681375,bnUSD,0,1,2025-03-04
cx88fd7df7ddff82f7cc735c871dc519838cb235bb,cxa0af3165c08318e988cb30993b3048335b94af6c,hxd75467e3e4ce64e3424c747dfb71503017440433,0x236930dcfd791fb98,0x7277d50bd61c9f1c3f9d5c79c03573499f75ff4572b3a9757d5a8e4bc16c80b3,1,94206613,40.82599023336974,1741094024333450,Balanced Dollar,0.0473681375,bnUSD,0,1,2025-03-04
cx65c9e3d4fea842e00add0d32a5b4c5e4e04c7a6b,hxd75467e3e4ce64e3424c747dfb71503017440433,cxa0af3165c08318e988cb30993b3048335b94af6c,0x11e1a300,0x7277d50bd61c9f1c3f9d5c79c03573499f75ff4572b3a9757d5a8e4bc16c80b3,0,94206613,0.3,1741094024333450,Solana,0.0473681375,SOL,0,1,2025-03-04
cx88fd7df7ddff82f7cc735c871dc519838cb235bb,cx21e94c08c03daee80c25d8ee3ea22a20786ec231,hx2debd9ec927cca1639da8d3518dd9dbf1cdfb357,0xf49a7f39eb429a6cb,0xdbd2ce5060e3a913ed7c91e58df74d90ac2184510f33665096eb5a7910c1b3f2,5,94206612,282.0086396544757,1741094022439676,Balanced Dollar,0.112703225,bnUSD,0,1,2025-03-04
cx88fd7df7ddff82f7cc735c871dc519838cb235bb,cxa0af3165c08318e988cb30993b3048335b94af6c,cx5faae53c4dbd1fbe4a2eb4aab6565030f10da5c6,0x5e2deb5300c7ea9,0xdbd2ce5060e3a913ed7c91e58df74d90ac2184510f33665096eb5a7910c1b3f2,3,94206612,0.42414618470282,1741094022439676,Balanced Dollar,0.112703225,bnUSD,0,1,2025-03-04
cx88fd7df7ddff82f7cc735c871dc519838cb235bb,cxa0af3165c08318e988cb30993b3048335b94af6c,cx21e94c08c03daee80c25d8ee3ea22a20786ec231,0xf49a7f39eb429a6cb,0xdbd2ce5060e3a913ed7c91e58df74d90ac2184510f33665096eb5a7910c1b3f2,2,94206612,282.0086396544757,1741094022439676,Balanced Dollar,0.112703225,bnUSD,0,1,2025-03-04
cx2609b924e33ef00b648a409245c7ea394c467824,cx21e94c08c03daee80c25d8ee3ea22a20786ec231,cxa0af3165c08318e988cb30993b3048335b94af6c,0x6c6b935b8bbd400000,0xdbd2ce5060e3a913ed7c91e58df74d90ac2184510f33665096eb5a7910c1b3f2,1,94206612,2000.0,1741094022439676,Staked ICX,0.112703225,sICX,0,1,2025-03-04
cx2609b924e33ef00b648a409245c7ea394c467824,hx2debd9ec927cca1639da8d3518dd9dbf1cdfb357,cx21e94c08c03daee80c25d8ee3ea22a20786ec231,0x6c6b935b8bbd400000,0xdbd2ce5060e3a913ed7c91e58df74d90ac2184510f33665096eb5a7910c1b3f2,0,94206612,2000.0,1741094022439676,Staked ICX,0.112703225,sICX,0,1,2025-03-04
cx88fd7df7ddff82f7cc735c871dc519838cb235bb,cxa0af3165c08318e988cb30993b3048335b94af6c,cx5faae53c4dbd1fbe4a2eb4aab6565030f10da5c6,0xe70bf9fe8d823d,0x82bb79d0f4a63c5b0fe20b4b29a84ca112f7713cf9e69dbeba87e39a2f9ce628,2,94206610,0.06503388796561056,1741094018335329,Balanced Dollar,0.05694565,bnUSD,0,2,2025-03-04
cx88fd7df7ddff82f7cc735c871dc519838cb235bb,cxa0af3165c08318e988cb30993b3048335b94af6c,hxd75467e3e4ce64e3424c747dfb71503017440433,0x2580565de9a0e4ec0,0x82bb79d0f4a63c5b0fe20b4b29a84ca112f7713cf9e69dbeba87e39a2f9ce628,1,94206610,43.23607580438209,1741094018335329,Balanced Dollar,0.05694565,bnUSD,0,2,2025-03-04
cx4297f4b63262507623b6ad575d0d8dd2db980e4e,hxd75467e3e4ce64e3424c747dfb71503017440433,cxa0af3165c08318e988cb30993b3048335b94af6c,0x3782dace9d900000,0x82bb79d0f4a63c5b0fe20b4b29a84ca112f7713cf9e69dbeba87e39a2f9ce628,0,94206610,4.0,1741094018335329,Injective,0.05694565,INJ,0,2,2025-03-04
cx88fd7df7ddff82f7cc735c871dc519838cb235bb,cxa0af3165c08318e988cb30993b3048335b94af6c,cx5faae53c4dbd1fbe4a2eb4aab6565030f10da5c6,0xb2612db14291c,0x9ea5d39ec6eb1409d6bc59ff80a478be01c903a618eac6b1e6d4b5ec36722733,2,94206610,0.00313808717061558,1741094018335329,Balanced Dollar,0.056862925,bnUSD,0,1,2025-03-04
cx88fd7df7ddff82f7cc735c871dc519838cb235bb,cxa0af3165c08318e988cb30993b3048335b94af6c,hx06efa9167ece33af37f7153dc53bce2775f812f2,0x1cf2454063ce9500,0x9ea5d39ec6eb1409d6bc59ff80a478be01c903a618eac6b1e6d4b5ec36722733,1,94206610,2.0858057202806672,1741094018335329,Balanced Dollar,0.056862925,bnUSD,0,1,2025-03-04
cx4297f4b63262507623b6ad575d0d8dd2db980e4e,hx06efa9167ece33af37f7153dc53bce2775f812f2,cxa0af3165c08318e988cb30993b3048335b94af6c,0x2ad64f018f8e711,0x9ea5d39ec6eb1409d6bc59ff80a478be01c903a618eac6b1e6d4b5ec36722733,0,94206610,0.19292134142069325,1741094018335329,Injective,0.056862925,INJ,0,1,2025-03-04
cx88fd7df7ddff82f7cc735c871dc519838cb235bb,cxbf469921730ed3c3c8c1924fc482d369f8795fe2,hx385a695da4288bf7d70df14d1201e832c2bcf2a6,0x8b2babf821360800,0xb1fec7127d1f368c2fdd0309a6c990d6d2eda6983f4d2890fabd13ac731d3f17,1,94206608,10.02829807746797,1741094014332528,Balanced Dollar,0.04344045,bnUSD,0,7,2025-03-04
cx88fd7df7ddff82f7cc735c871dc519838cb235bb,hx385a695da4288bf7d70df14d1201e832c2bcf2a6,cxbf469921730ed3c3c8c1924fc482d369f8795fe2,0x8b2babf821360800,0xb1fec7127d1f368c2fdd0309a6c990d6d2eda6983f4d2890fabd13ac731d3f17,0,94206608,10.02829807746797,1741094014332528,Balanced Dollar,0.04344045,bnUSD,0,7,2025-03-04
cx88fd7df7ddff82f7cc735c871dc519838cb235bb,cxbf469921730ed3c3c8c1924fc482d369f8795fe2,hx385a695da4288bf7d70df14d1201e832c2bcf2a6,0x8b37900a1ebfe000,0x6285b491c91971f9ea2d87e78b9bdfb2ac6cf1851f920c9e3ca85af7d7c4aeb4,1,94206608,10.031645068131033,1741094014332528,Balanced Dollar,0.04344045,bnUSD,0,6,2025-03-04
cx88fd7df7ddff82f7cc735c871dc519838cb235bb,hx385a695da4288bf7d70df14d1201e832c2bcf2a6,cxbf469921730ed3c3c8c1924fc482d369f8795fe2,0x8b37900a1ebfe000,0x6285b491c91971f9ea2d87e78b9bdfb2ac6cf1851f920c9e3ca85af7d7c4aeb4,0,94206608,10.031645068131033,1741094014332528,Balanced Dollar,0.04344045,bnUSD,0,6,2025-03-04
cx88fd7df7ddff82f7cc735c871dc519838cb235bb,cxbf469921730ed3c3c8c1924fc482d369f8795fe2,hx385a695da4288bf7d70df14d1201e832c2bcf2a6,0x8b48a4be942f4800,0xc56ccff27e1dd04cc614acf00cf8a645c5164a58a7771aca3f657bd6ceb0330d,1,94206608,10.036452908032018,1741094014332528,Balanced Dollar,0.04344045,bnUSD,0,5,2025-03-04
cx88fd7df7ddff82f7cc735c871dc519838cb235bb,hx385a695da4288bf7d70df14d1201e832c2bcf2a6,cxbf469921730ed3c3c8c1924fc482d369f8795fe2,0x8b48a4be942f4800,0xc56ccff27e1dd04cc614acf00cf8a645c5164a58a7771aca3f657bd6ceb0330d,0,94206608,10.036452908032018,1741094014332528,Balanced Dollar,0.04344045,bnUSD,0,5,2025-03-04
cx88fd7df7ddff82f7cc735c871dc519838cb235bb,cxbf469921730ed3c3c8c1924fc482d369f8795fe2,hx385a695da4288bf7d70df14d1201e832c2bcf2a6,0x345ea3b09c2ff4000,0x00828a893e8fd403c121c48afb0fc627407cb9f37b5fdca4d3a2f346097a5ddb,1,94206608,60.37813626740823,1741094014332528,Balanced Dollar,0.0434432625,bnUSD,0,4,2025-03-04
cx88fd7df7ddff82f7cc735c871dc519838cb235bb,hx385a695da4288bf7d70df14d1201e832c2bcf2a6,cxbf469921730ed3c3c8c1924fc482d369f8795fe2,0x345ea3b09c2ff4000,0x00828a893e8fd403c121c48afb0fc627407cb9f37b5fdca4d3a2f346097a5ddb,0,94206608,60.37813626740823,1741094014332528,Balanced Dollar,0.0434432625,bnUSD,0,4,2025-03-04
cx88fd7df7ddff82f7cc735c871dc519838cb235bb,cxbf469921730ed3c3c8c1924fc482d369f8795fe2,hx385a695da4288bf7d70df14d1201e832c2bcf2a6,0xcb8b65050ca488000,0xdacbeb216e566ebb16cde42611a1cfc056f62d75eb56216d121f64e7c8c7c749,1,94206608,234.67084294117606,1741094014332528,Balanced Dollar,0.0417461375,bnUSD,0,3,2025-03-04
cx88fd7df7ddff82f7cc735c871dc519838cb235bb,hx385a695da4288bf7d70df14d1201e832c2bcf2a6,cxbf469921730ed3c3c8c1924fc482d369f8795fe2,0xcb8b65050ca488000,0xdacbeb216e566ebb16cde42611a1cfc056f62d75eb56216d121f64e7c8c7c749,0,94206608,234.67084294117606,1741094014332528,Balanced Dollar,0.0417461375,bnUSD,0,3,2025-03-04
cx4297f4b63262507623b6ad575d0d8dd2db980e4e,cx66d4d90f5f113eba575bf793570135f9b10cece1,cx835b300dcfe01f0bdb794e134a0c5628384f4367,0x6ec552c363b39,0xc40dca5a29f8689575182652430994f17571dd7c2d5d5b71362d779e3c02acc5,3,94206608,0.001948700418390841,1741094014332528,Injective,0.0928055625,INJ,0,2,2025-03-04
cx4297f4b63262507623b6ad575d0d8dd2db980e4e,cx66d4d90f5f113eba575bf793570135f9b10cece1,hx06efa9167ece33af37f7153dc53bce2775f812f2,0x2ad64f018f8e711,0xc40dca5a29f8689575182652430994f17571dd7c2d5d5b71362d779e3c02acc5,1,94206608,0.19292134142069325,1741094014332528,Injective,0.0928055625,INJ,0,2,2025-03-04
cx88fd7df7ddff82f7cc735c871dc519838cb235bb,hx06efa9167ece33af37f7153dc53bce2775f812f2,hx0000000000000000000000000000000000000000,0x1ba6a1232a7e36fc,0xc40dca5a29f8689575182652430994f17571dd7c2d5d5b71362d779e3c02acc5,0,94206608,1.9924570575668652,1741094014332528,Balanced Dollar,0.0928055625,bnUSD,0,2,2025-03-04
cx88fd7df7ddff82f7cc735c871dc519838cb235bb,cx21e94c08c03daee80c25d8ee3ea22a20786ec231,hx2debd9ec927cca1639da8d3518dd9dbf1cdfb357,0x18efc8b6c1a551389c,0xc0e1affc3d06288d4617a501741c06e0d79dc530c927d66d6bac34a7f1db49f9,5,94206608,460.00011868225465,1741094014332528,Balanced Dollar,0.088511425,bnUSD,0,1,2025-03-04
cx88fd7df7ddff82f7cc735c871dc519838cb235bb,cxa0af3165c08318e988cb30993b3048335b94af6c,cx5faae53c4dbd1fbe4a2eb4aab6565030f10da5c6,0x99831dd9019eb18,0xc0e1affc3d06288d4617a501741c06e0d79dc530c927d66d6bac34a7f1db49f9,3,94206608,0.6913573704765222,1741094014332528,Balanced Dollar,0.088511425,bnUSD,0,1,2025-03-04
cx88fd7df7ddff82f7cc735c871dc519838cb235bb,cxa0af3165c08318e988cb30993b3048335b94af6c,cx21e94c08c03daee80c25d8ee3ea22a20786ec231,0x18efc8b6c1a551389c,0xc0e1affc3d06288d4617a501741c06e0d79dc530c927d66d6bac34a7f1db49f9,2,94206608,460.00011868225465,1741094014332528,Balanced Dollar,0.088511425,bnUSD,0,1,2025-03-04
cx288d13e1b63563459a2ac6179f237711f6851cb5,cx21e94c08c03daee80c25d8ee3ea22a20786ec231,cxa0af3165c08318e988cb30993b3048335b94af6c,0x30d98d59a960000,0xc0e1affc3d06288d4617a501741c06e0d79dc530c927d66d6bac34a7f1db49f9,1,94206608,0.22,1741094014332528,Ethereum,0.088511425,ETH,0,1,2025-03-04
cx288d13e1b63563459a2ac6179f237711f6851cb5,hx2debd9ec927cca1639da8d3518dd9dbf1cdfb357,cx21e94c08c03daee80c25d8ee3ea22a20786ec231,0x30d98d59a960000,0xc0e1affc3d06288d4617a501741c06e0d79dc530c927d66d6bac34a7f1db49f9,0,94206608,0.22,1741094014332528,Ethereum,0.088511425,ETH,0,1,2025-03-04
cx7baf94bd53b505353285ee4c4c050f9703581703,hx3e5eda234218449f74c1a9ab9f45dc790c378a27,hx0000000000000000000000000000000000000000,0x0,0xfb873e868a1edc3f8ba2fc9fe7cee2d19f811e9bd0ab0a922aa05e3951bd5dd4,6,94206606,0.0,1741094010329043,unknown_token,0.063435575,$unknown,17,1,2025-03-04
cx7baf94bd53b505353285ee4c4c050f9703581703,hx3e5eda234218449f74c1a9ab9f45dc790c378a27,hx0000000000000000000000000000000000000000,0x0,0xfb873e868a1edc3f8ba2fc9fe7cee2d19f811e9bd0ab0a922aa05e3951bd5dd4,5,94206606,0.0,1741094010329043,unknown_token,0.063435575,$unknown,25,1,2025-03-04
cx7baf94bd53b505353285ee4c4c050f9703581703,hx3e5eda234218449f74c1a9ab9f45dc790c378a27,hx0000000000000000000000000000000000000000,0x0,0xfb873e868a1edc3f8ba2fc9fe7cee2d19f811e9bd0ab0a922aa05e3951bd5dd4,4,94206606,0.0,1741094010329043,unknown_token,0.063435575,$unknown,30,1,2025-03-04
cx53f8ccd5426534f82cf10cb742de033e51da72fc,hx3e5eda234218449f74c1a9ab9f45dc790c378a27,hx0000000000000000000000000000000000000000,0x0,0xfb873e868a1edc3f8ba2fc9fe7cee2d19f811e9bd0ab0a922aa05e3951bd5dd4,0,94206606,0.0,1741094010329043,unknown_token,0.063435575,$unknown,1,1,2025-03-04
cx88fd7df7ddff82f7cc735c871dc519838cb235bb,cx21e94c08c03daee80c25d8ee3ea22a20786ec231,hx2debd9ec927cca1639da8d3518dd9dbf1cdfb357,0xf4c3b5689e89a84f7,0x55e28614f18ae0dd30b7998de01fb17147371d4d379c77e032656b724cd088ab,5,94206604,282.19424042646466,1741094006335279,Balanced Dollar,0.112703225,bnUSD,0,1,2025-03-04
cx88fd7df7ddff82f7cc735c871dc519838cb235bb,cxa0af3165c08318e988cb30993b3048335b94af6c,cx5faae53c4dbd1fbe4a2eb4aab6565030f10da5c6,0x5e3dc8c72c1d06a,0x55e28614f18ae0dd30b7998de01fb17147371d4d379c77e032656b724cd088ab,3,94206604,0.42442528568179516,1741094006335279,Balanced Dollar,0.112703225,bnUSD,0,1,2025-03-04
cx88fd7df7ddff82f7cc735c871dc519838cb235bb,cxa0af3165c08318e988cb30993b3048335b94af6c,cx21e94c08c03daee80c25d8ee3ea22a20786ec231,0xf4c3b5689e89a84f7,0x55e28614f18ae0dd30b7998de01fb17147371d4d379c77e032656b724cd088ab,2,94206604,282.19424042646466,1741094006335279,Balanced Dollar,0.112703225,bnUSD,0,1,2025-03-04
cx2609b924e33ef00b648a409245c7ea394c467824,cx21e94c08c03daee80c25d8ee3ea22a20786ec231,cxa0af3165c08318e988cb30993b3048335b94af6c,0x6c6b935b8bbd400000,0x55e28614f18ae0dd30b7998de01fb17147371d4d379c77e032656b724cd088ab,1,94206604,2000.0,1741094006335279,Staked ICX,0.112703225,sICX,0,1,2025-03-04
cx2609b924e33ef00b648a409245c7ea394c467824,hx2debd9ec927cca1639da8d3518dd9dbf1cdfb357,cx21e94c08c03daee80c25d8ee3ea22a20786ec231,0x6c6b935b8bbd400000,0x55e28614f18ae0dd30b7998de01fb17147371d4d379c77e032656b724cd088ab,0,94206604,2000.0,1741094006335279,Staked ICX,0.112703225,sICX,0,1,2025-03-04
cx88fd7df7ddff82f7cc735c871dc519838cb235bb,cxa0ffa71e76299fbc9005ba7000ccad86f7f22971,hxd75467e3e4ce64e3424c747dfb71503017440433,0xbd1c78ffa1a78cbf98,0x54561b36747677e0c2d7d5057b9910f0d5e73f50ca537b94383fd89c096c18c9,8,94206602,3488.4863006311384,1741094002327091,Balanced Dollar,0.1543463,bnUSD,0,1,2025-03-04
cx65c9e3d4fea842e00add0d32a5b4c5e4e04c7a6b,cx66d4d90f5f113eba575bf793570135f9b10cece1,cx835b300dcfe01f0bdb794e134a0c5628384f4367,0x723bbf,0x54561b36747677e0c2d7d5057b9910f0d5e73f50ca537b94383fd89c096c18c9,5,94206602,0.007486399,1741094002327091,Solana,0.1543463,SOL,0,1,2025-03-04
cx65c9e3d4fea842e00add0d32a5b4c5e4e04c7a6b,cxa0ffa71e76299fbc9005ba7000ccad86f7f22971,hxd75467e3e4ce64e3424c747dfb71503017440433,0x2c2d1aee,0x54561b36747677e0c2d7d5057b9910f0d5e73f50ca537b94383fd89c096c18c9,3,94206602,0.741153518,1741094002327091,Solana,0.1543463,SOL,0,1,2025-03-04
cx65c9e3d4fea842e00add0d32a5b4c5e4e04c7a6b,cx66d4d90f5f113eba575bf793570135f9b10cece1,cxa0ffa71e76299fbc9005ba7000ccad86f7f22971,0x2c2d1aee,0x54561b36747677e0c2d7d5057b9910f0d5e73f50ca537b94383fd89c096c18c9,2,94206602,0.741153518,1741094002327091,Solana,0.1543463,SOL,0,1,2025-03-04
cx88fd7df7ddff82f7cc735c871dc519838cb235bb,cxa0ffa71e76299fbc9005ba7000ccad86f7f22971,hx0000000000000000000000000000000000000000,0x52efaa351e4034068,0x54561b36747677e0c2d7d5057b9910f0d5e73f50ca537b94383fd89c096c18c9,1,94206602,95.6189180105832,1741094002327091,Balanced Dollar,0.1543463,bnUSD,0,1,2025-03-04
cx88fd7df7ddff82f7cc735c871dc519838cb235bb,hxd75467e3e4ce64e3424c747dfb71503017440433,cxa0ffa71e76299fbc9005ba7000ccad86f7f22971,0xc24b73a2f38b900000,0x54561b36747677e0c2d7d5057b9910f0d5e73f50ca537b94383fd89c096c18c9,0,94206602,3584.1052186417214,1741094002327091,Balanced Dollar,0.1543463,bnUSD,0,1,2025-03-04
cx88fd7df7ddff82f7cc735c871dc519838cb235bb,cx21e94c08c03daee80c25d8ee3ea22a20786ec231,hx2debd9ec927cca1639da8d3518dd9dbf1cdfb357,0xf4ecf6032995979d5,0x315def6e9199c68ec969120f40dfc87807331f2c53b7724f60e563d857df299d,5,94206600,282.38002453121817,1741093998528982,Balanced Dollar,0.112703225,bnUSD,0,1,2025-03-04
cx88fd7df7ddff82f7cc735c871dc519838cb235bb,cxa0af3165c08318e988cb30993b3048335b94af6c,cx5faae53c4dbd1fbe4a2eb4aab6565030f10da5c6,0x5e4daa3e32f960b,0x315def6e9199c68ec969120f40dfc87807331f2c53b7724f60e563d857df299d,3,94206600,0.4247046623057403,1741093998528982,Balanced Dollar,0.112703225,bnUSD,0,1,2025-03-04
cx88fd7df7ddff82f7cc735c871dc519838cb235bb,cxa0af3165c08318e988cb30993b3048335b94af6c,cx21e94c08c03daee80c25d8ee3ea22a20786ec231,0xf4ecf6032995979d5,0x315def6e9199c68ec969120f40dfc87807331f2c53b7724f60e563d857df299d,2,94206600,282.38002453121817,1741093998528982,Balanced Dollar,0.112703225,bnUSD,0,1,2025-03-04
cx2609b924e33ef00b648a409245c7ea394c467824,cx21e94c08c03daee80c25d8ee3ea22a20786ec231,cxa0af3165c08318e988cb30993b3048335b94af6c,0x6c6b935b8bbd400000,0x315def6e9199c68ec969120f40dfc87807331f2c53b7724f60e563d857df299d,1,94206600,2000.0,1741093998528982,Staked ICX,0.112703225,sICX,0,1,2025-03-04
cx2609b924e33ef00b648a409245c7ea394c467824,hx2debd9ec927cca1639da8d3518dd9dbf1cdfb357,cx21e94c08c03daee80c25d8ee3ea22a20786ec231,0x6c6b935b8bbd400000,0x315def6e9199c68ec969120f40dfc87807331f2c53b7724f60e563d857df299d,0,94206600,2000.0,1741093998528982,Staked ICX,0.112703225,sICX,0,1,2025-03-04
cx88fd7df7ddff82f7cc735c871dc519838cb235bb,cxa0af3165c08318e988cb30993b3048335b94af6c,cx5faae53c4dbd1fbe4a2eb4aab6565030f10da5c6,0xe7294582d2d022,0x4c576d39e6dcd179eab4213f0a8acf17c6a34de4aedbfce4a0385578696e09f8,2,94206595,0.0650660981444977,1741093988420011,Balanced Dollar,0.05694565,bnUSD,0,1,2025-03-04
cx88fd7df7ddff82f7cc735c871dc519838cb235bb,cxa0af3165c08318e988cb30993b3048335b94af6c,hxd75467e3e4ce64e3424c747dfb71503017440433,0x258517c2dab2798a7,0x4c576d39e6dcd179eab4213f0a8acf17c6a34de4aedbfce4a0385578696e09f8,1,94206595,43.257492431457194,1741093988420011,Balanced Dollar,0.05694565,bnUSD,0,1,2025-03-04
cx4297f4b63262507623b6ad575d0d8dd2db980e4e,hxd75467e3e4ce64e3424c747dfb71503017440433,cxa0af3165c08318e988cb30993b3048335b94af6c,0x3782dace9d900000,0x4c576d39e6dcd179eab4213f0a8acf17c6a34de4aedbfce4a0385578696e09f8,0,94206595,4.0,1741093988420011,Injective,0.05694565,INJ,0,1,2025-03-04
cx88fd7df7ddff82f7cc735c871dc519838cb235bb,cxa0af3165c08318e988cb30993b3048335b94af6c,cx5faae53c4dbd1fbe4a2eb4aab6565030f10da5c6,0xda46fb2d1b8109,0xffeec22e71df3005da5797f9876d0f71f58ecd0fc838157c23543a755d9bf162,2,94206588,0.06143958953043585,1741093974320456,Balanced Dollar,0.0473681375,bnUSD,0,2,2025-03-04
cx88fd7df7ddff82f7cc735c871dc519838cb235bb,cxa0af3165c08318e988cb30993b3048335b94af6c,hxd75467e3e4ce64e3424c747dfb71503017440433,0x236e046915535480a,0xffeec22e71df3005da5797f9876d0f71f58ecd0fc838157c23543a755d9bf162,1,94206588,40.847726210264156,1741093974320456,Balanced Dollar,0.0473681375,bnUSD,0,2,2025-03-04
cx65c9e3d4fea842e00add0d32a5b4c5e4e04c7a6b,hxd75467e3e4ce64e3424c747dfb71503017440433,cxa0af3165c08318e988cb30993b3048335b94af6c,0x11e1a300,0xffeec22e71df3005da5797f9876d0f71f58ecd0fc838157c23543a755d9bf162,0,94206588,0.3,1741093974320456,Solana,0.0473681375,SOL,0,2,2025-03-04
cx88fd7df7ddff82f7cc735c871dc519838cb235bb,cxd82fb5d3effecd8c9071a4bba3856ad7222c4b91,hxd75467e3e4ce64e3424c747dfb71503017440433,0x6c6b935b8bbd400000,0xbd257dd7f826a6542cab594535415076fb565590b744456e640c2930ec845c66,0,94206587,2000.0,1741093972425931,Balanced Dollar,0.02069225,bnUSD,0,1,2025-03-04
cxf61cd5a45dc9f91c15aa65831a30a90d59a09619,cx9345f80d6c98357ccbb70392b14162199c2c5f66,cxd82fb5d3effecd8c9071a4bba3856ad7222c4b91,0x48c5ae644cf291f0,0xd6f8f6349778fd75fcce1f27d3535a8169733c46d054aaa5657fbdaadc26c93d,4,94206583,5.243789086953739,1741093964319810,Balance Token,0.1302393625,BALN,0,1,2025-03-04
cx2609b924e33ef00b648a409245c7ea394c467824,cx9345f80d6c98357ccbb70392b14162199c2c5f66,cxd82fb5d3effecd8c9071a4bba3856ad7222c4b91,0x500caad63f2ee0e5f,0xd6f8f6349778fd75fcce1f27d3535a8169733c46d054aaa5657fbdaadc26c93d,3,94206583,92.29076895863237,1741093964319810,Staked ICX,0.1302393625,sICX,0,1,2025-03-04
cx88fd7df7ddff82f7cc735c871dc519838cb235bb,hx0000000000000000000000000000000000000000,cx5faae53c4dbd1fbe4a2eb4aab6565030f10da5c6,0x0,0xd6f8f6349778fd75fcce1f27d3535a8169733c46d054aaa5657fbdaadc26c93d,2,94206583,0.0,1741093964319810,Balanced Dollar,0.1302393625,bnUSD,0,1,2025-03-04
cx88fd7df7ddff82f7cc735c871dc519838cb235bb,hx0000000000000000000000000000000000000000,cxd82fb5d3effecd8c9071a4bba3856ad7222c4b91,0xcd4ece314f078a67,0xd6f8f6349778fd75fcce1f27d3535a8169733c46d054aaa5657fbdaadc26c93d,1,94206583,14.793988537133272,1741093964319810,Balanced Dollar,0.1302393625,bnUSD,0,1,2025-03-04
cx88fd7df7ddff82f7cc735c871dc519838cb235bb,hxd75467e3e4ce64e3424c747dfb71503017440433,cxd82fb5d3effecd8c9071a4bba3856ad7222c4b91,0x4ed85ef8d93df80000,0xd6f8f6349778fd75fcce1f27d3535a8169733c46d054aaa5657fbdaadc26c93d,0,94206583,1454.4372103212795,1741093964319810,Balanced Dollar,0.1302393625,bnUSD,0,1,2025-03-04
cx6139a27c15f1653471ffba0b4b88dc15de7e3267,hx0000000000000000000000000000000000000000,hx3e5eda234218449f74c1a9ab9f45dc790c378a27,0x3dccad980569500000,0x7b0189b43336408c120c46b0c31aed5e6949b9c0acf906fbe31d53d14c901de6,0,94206578,1140.0,1741093954314801,GangstaBet Token,0.0128117875,GBET,0,1,2025-03-04
cx88fd7df7ddff82f7cc735c871dc519838cb235bb,cxa0af3165c08318e988cb30993b3048335b94af6c,cx5faae53c4dbd1fbe4a2eb4aab6565030f10da5c6,0x28c85d13f43d0a2,0xc51472aca9ef0ac289a5835b4edbb32b64c089992c0c179d7469177e1c5eaffd,2,94206577,0.1836688185714157,1741093952315339,Balanced Dollar,0.0473865625,bnUSD,0,1,2025-03-04
cx88fd7df7ddff82f7cc735c871dc519838cb235bb,cxa0af3165c08318e988cb30993b3048335b94af6c,hxd75467e3e4ce64e3424c747dfb71503017440433,0x69f17217f24bb6975,0xc51472aca9ef0ac289a5835b4edbb32b64c089992c0c179d7469177e1c5eaffd,1,94206577,122.14413264871303,1741093952315339,Balanced Dollar,0.0473865625,bnUSD,0,1,2025-03-04
cx508002ec116fbf3ab406329c0df28e70d7e75fb3,hxd75467e3e4ce64e3424c747dfb71503017440433,cxa0af3165c08318e988cb30993b3048335b94af6c,0xba43b7400,0xc51472aca9ef0ac289a5835b4edbb32b64c089992c0c179d7469177e1c5eaffd,0,94206577,50.0,1741093952315339,Sui,0.0473865625,SUI,0,1,2025-03-04
cx88fd7df7ddff82f7cc735c871dc519838cb235bb,cxa0af3165c08318e988cb30993b3048335b94af6c,cx5faae53c4dbd1fbe4a2eb4aab6565030f10da5c6,0xda64bc42543cf0,0xfb4388174d676f9957dfcdd8b788bb74216902f73f2378c6b1db87bd322e73d8,2,94206569,0.061472304652369136,1741093936444018,Balanced Dollar,0.0473681375,bnUSD,0,1,2025-03-04
cx88fd7df7ddff82f7cc735c871dc519838cb235bb,cxa0af3165c08318e988cb30993b3048335b94af6c,hxd75467e3e4ce64e3424c747dfb71503017440433,0x2372d8f1e824a19c2,0xfb4388174d676f9957dfcdd8b788bb74216902f73f2378c6b1db87bd322e73d8,1,94206569,40.8694795546548,1741093936444018,Balanced Dollar,0.0473681375,bnUSD,0,1,2025-03-04
cx65c9e3d4fea842e00add0d32a5b4c5e4e04c7a6b,hxd75467e3e4ce64e3424c747dfb71503017440433,cxa0af3165c08318e988cb30993b3048335b94af6c,0x11e1a300,0xfb4388174d676f9957dfcdd8b788bb74216902f73f2378c6b1db87bd322e73d8,0,94206569,0.3,1741093936444018,Solana,0.0473681375,SOL,0,1,2025-03-04
cx22319ac7f412f53eabe3c9827acf5e27e9c6a95f,hx2debd9ec927cca1639da8d3518dd9dbf1cdfb357,hx0000000000000000000000000000000000000000,0x12d7af480,0xc5fd951c682bcddc03c4cf8e55973a5da4b89fa65ce42a16dcd7c46d2d542fb8,0,94206564,5058.0,1741093926504377,USDC,0.024587425,USDC,0,1,2025-03-04
cx88fd7df7ddff82f7cc735c871dc519838cb235bb,cxa0af3165c08318e988cb30993b3048335b94af6c,cx5faae53c4dbd1fbe4a2eb4aab6565030f10da5c6,0xda82836dd3bf27,0x27ff4b46c937383eaa979a33a93c2edc27266d8636459343dba588b072bf4ea6,2,94206558,0.06150504591784324,1741093914303572,Balanced Dollar,0.0473681375,bnUSD,0,1,2025-03-04
cx88fd7df7ddff82f7cc735c871dc519838cb235bb,cxa0af3165c08318e988cb30993b3048335b94af6c,hxd75467e3e4ce64e3424c747dfb71503017440433,0x2377ae77bae171671,0x27ff4b46c937383eaa979a33a93c2edc27266d8636459343dba588b072bf4ea6,1,94206558,40.89125028505158,1741093914303572,Balanced Dollar,0.0473681375,bnUSD,0,1,2025-03-04
cx65c9e3d4fea842e00add0d32a5b4c5e4e04c7a6b,hxd75467e3e4ce64e3424c747dfb71503017440433,cxa0af3165c08318e988cb30993b3048335b94af6c,0x11e1a300,0x27ff4b46c937383eaa979a33a93c2edc27266d8636459343dba588b072bf4ea6,0,94206558,0.3,1741093914303572,Solana,0.0473681375,SOL,0,1,2025-03-04
cx22319ac7f412f53eabe3c9827acf5e27e9c6a95f,cx21e94c08c03daee80c25d8ee3ea22a20786ec231,hx2debd9ec927cca1639da8d3518dd9dbf1cdfb357,0x12d7af480,0x793f7642401b09a7f09555e21a800ae7f2750f71e2d893fae23c2c7cca708ede,5,94206551,5058.0,1741093900300765,USDC,0.0763125125,USDC,0,1,2025-03-04
cx22319ac7f412f53eabe3c9827acf5e27e9c6a95f,cxa09dbb60dcb62fffbd232b6eae132d730a2aafa6,cx21e94c08c03daee80c25d8ee3ea22a20786ec231,0x12d7af480,0x793f7642401b09a7f09555e21a800ae7f2750f71e2d893fae23c2c7cca708ede,4,94206551,5058.0,1741093900300765,USDC,0.0763125125,USDC,0,1,2025-03-04
cx88fd7df7ddff82f7cc735c871dc519838cb235bb,cxa09dbb60dcb62fffbd232b6eae132d730a2aafa6,cx5faae53c4dbd1fbe4a2eb4aab6565030f10da5c6,0xd3371733ca8b83b9,0x793f7642401b09a7f09555e21a800ae7f2750f71e2d893fae23c2c7cca708ede,3,94206551,15.219658976930793,1741093900300765,Balanced Dollar,0.0763125125,bnUSD,0,1,2025-03-04
cx88fd7df7ddff82f7cc735c871dc519838cb235bb,cxa09dbb60dcb62fffbd232b6eae132d730a2aafa6,hx0000000000000000000000000000000000000000,0x11231d9c99145c80000,0x793f7642401b09a7f09555e21a800ae7f2750f71e2d893fae23c2c7cca708ede,2,94206551,5058.0,1741093900300765,Balanced Dollar,0.0763125125,bnUSD,0,1,2025-03-04
cx88fd7df7ddff82f7cc735c871dc519838cb235bb,cx21e94c08c03daee80c25d8ee3ea22a20786ec231,cxa09dbb60dcb62fffbd232b6eae132d730a2aafa6,0x1130510e0c5105383b9,0x793f7642401b09a7f09555e21a800ae7f2750f71e2d893fae23c2c7cca708ede,1,94206551,5073.219658976931,1741093900300765,Balanced Dollar,0.0763125125,bnUSD,0,1,2025-03-04
cx88fd7df7ddff82f7cc735c871dc519838cb235bb,hx2debd9ec927cca1639da8d3518dd9dbf1cdfb357,cx21e94c08c03daee80c25d8ee3ea22a20786ec231,0x1130510e0c5105383b9,0x793f7642401b09a7f09555e21a800ae7f2750f71e2d893fae23c2c7cca708ede,0,94206551,5073.219658976931,1741093900300765,Balanced Dollar,0.0763125125,bnUSD,0,1,2025-03-04
cx88fd7df7ddff82f7cc735c871dc519838cb235bb,cxa0af3165c08318e988cb30993b3048335b94af6c,cx5faae53c4dbd1fbe4a2eb4aab6565030f10da5c6,0xdaa050b1433ede,0xe2d20768bdb8154fe441cd25f6c814fee22775be868200c7a57805410ad38b70,2,94206550,0.061537813354725086,1741093898495423,Balanced Dollar,0.0473856375,bnUSD,0,1,2025-03-04
cx88fd7df7ddff82f7cc735c871dc519838cb235bb,cxa0af3165c08318e988cb30993b3048335b94af6c,hxd75467e3e4ce64e3424c747dfb71503017440433,0x237c84fad295b4a1e,0xe2d20768bdb8154fe441cd25f6c814fee22775be868200c7a57805410ad38b70,1,94206550,40.91303841998906,1741093898495423,Balanced Dollar,0.0473856375,bnUSD,0,1,2025-03-04
cx65c9e3d4fea842e00add0d32a5b4c5e4e04c7a6b,hxd75467e3e4ce64e3424c747dfb71503017440433,cxa0af3165c08318e988cb30993b3048335b94af6c,0x11e1a300,0xe2d20768bdb8154fe441cd25f6c814fee22775be868200c7a57805410ad38b70,0,94206550,0.3,1741093898495423,Solana,0.0473856375,SOL,0,1,2025-03-04
cx88fd7df7ddff82f7cc735c871dc519838cb235bb,cx203d9cd2a669be67177e997b8948ce2c35caffae,cx835b300dcfe01f0bdb794e134a0c5628384f4367,0x345c369d56f8b319,0x47d2ffb338c5671027eefd83e8cede96485f1ca158591a0aff4cb994a14c3401,6,94206543,3.7729506372265376,1741093884294940,Balanced Dollar,0.0990677375,bnUSD,0,1,2025-03-04
cx88fd7df7ddff82f7cc735c871dc519838cb235bb,cx5faae53c4dbd1fbe4a2eb4aab6565030f10da5c6,cx203d9cd2a669be67177e997b8948ce2c35caffae,0x4acce04e7c3eb6b7,0x47d2ffb338c5671027eefd83e8cede96485f1ca158591a0aff4cb994a14c3401,4,94206543,5.389929481752197,1741093884294940,Balanced Dollar,0.0990677375,bnUSD,0,1,2025-03-04
cx88fd7df7ddff82f7cc735c871dc519838cb235bb,cx5faae53c4dbd1fbe4a2eb4aab6565030f10da5c6,cxdc30a0d3a1f131565c071272a20bc0b06fd4c17b,0x4acce04e7c3eb6b6,0x47d2ffb338c5671027eefd83e8cede96485f1ca158591a0aff4cb994a14c3401,3,94206543,5.389929481752197,1741093884294940,Balanced Dollar,0.0990677375,bnUSD,0,1,2025-03-04
cx88fd7df7ddff82f7cc735c871dc519838cb235bb,cxa0af3165c08318e988cb30993b3048335b94af6c,cx5faae53c4dbd1fbe4a2eb4aab6565030f10da5c6,0xe7453d2953488f,0x47d2ffb338c5671027eefd83e8cede96485f1ca158591a0aff4cb994a14c3401,2,94206543,0.06509684860880706,1741093884294940,Balanced Dollar,0.0990677375,bnUSD,0,1,2025-03-04
cx88fd7df7ddff82f7cc735c871dc519838cb235bb,cxa0af3165c08318e988cb30993b3048335b94af6c,hxd75467e3e4ce64e3424c747dfb71503017440433,0x2589a1fc337710f1e,0x47d2ffb338c5671027eefd83e8cede96485f1ca158591a0aff4cb994a14c3401,1,94206543,43.27793849247944,1741093884294940,Balanced Dollar,0.0990677375,bnUSD,0,1,2025-03-04
cx4297f4b63262507623b6ad575d0d8dd2db980e4e,hxd75467e3e4ce64e3424c747dfb71503017440433,cxa0af3165c08318e988cb30993b3048335b94af6c,0x3782dace9d900000,0x47d2ffb338c5671027eefd83e8cede96485f1ca158591a0aff4cb994a14c3401,0,94206543,4.0,1741093884294940,Injective,0.0990677375,INJ,0,1,2025-03-04
cx88fd7df7ddff82f7cc735c871dc519838cb235bb,cxa0af3165c08318e988cb30993b3048335b94af6c,cx5faae53c4dbd1fbe4a2eb4aab6565030f10da5c6,0x3a231c58120e33,0xedb970092ce87dee892696fd1f247a68ceafffe44054c6e3f68d12051cfd53d4,2,94206540,0.016364153292852786,1741093878473427,Balanced Dollar,0.04731965,bnUSD,0,1,2025-03-04
cx88fd7df7ddff82f7cc735c871dc519838cb235bb,cxa0af3165c08318e988cb30993b3048335b94af6c,hx06efa9167ece33af37f7153dc53bce2775f812f2,0x96f3acd836f2a5a9,0xedb970092ce87dee892696fd1f247a68ceafffe44054c6e3f68d12051cfd53d4,1,94206540,10.877227569664665,1741093878473427,Balanced Dollar,0.04731965,bnUSD,0,1,2025-03-04
cx508002ec116fbf3ab406329c0df28e70d7e75fb3,hx06efa9167ece33af37f7153dc53bce2775f812f2,cxa0af3165c08318e988cb30993b3048335b94af6c,0x1093df561,0xedb970092ce87dee892696fd1f247a68ceafffe44054c6e3f68d12051cfd53d4,0,94206540,4.450022753,1741093878473427,Sui,0.04731965,SUI,0,1,2025-03-04
cx88fd7df7ddff82f7cc735c871dc519838cb235bb,cxa0af3165c08318e988cb30993b3048335b94af6c,cx5faae53c4dbd1fbe4a2eb4aab6565030f10da5c6,0xdabe240e4c8459,0x625cea5d6bd903d9a4b701cfed71c2dbda194847f2ef60d580a8b1ae3a16b738,2,94206539,0.06157060699091874,1741093876498062,Balanced Dollar,0.0473681375,bnUSD,0,1,2025-03-04
cx88fd7df7ddff82f7cc735c871dc519838cb235bb,cxa0af3165c08318e988cb30993b3048335b94af6c,hxd75467e3e4ce64e3424c747dfb71503017440433,0x23815c7b7464ec14d,0x625cea5d6bd903d9a4b701cfed71c2dbda194847f2ef60d580a8b1ae3a16b738,1,94206539,40.9348439780265,1741093876498062,Balanced Dollar,0.0473681375,bnUSD,0,1,2025-03-04
cx65c9e3d4fea842e00add0d32a5b4c5e4e04c7a6b,hxd75467e3e4ce64e3424c747dfb71503017440433,cxa0af3165c08318e988cb30993b3048335b94af6c,0x11e1a300,0x625cea5d6bd903d9a4b701cfed71c2dbda194847f2ef60d580a8b1ae3a16b738,0,94206539,0.3,1741093876498062,Solana,0.0473681375,SOL,0,1,2025-03-04
cx508002ec116fbf3ab406329c0df28e70d7e75fb3,cx66d4d90f5f113eba575bf793570135f9b10cece1,cx835b300dcfe01f0bdb794e134a0c5628384f4367,0x2ade0dc,0x0c4cfeac87db38d0f21da94dc652801007d70df4e671c620f4cae6b52f3d41bb,3,94206538,0.044949724,1741093874288884,Sui,0.1006461375,SUI,0,2,2025-03-04
cx508002ec116fbf3ab406329c0df28e70d7e75fb3,cx66d4d90f5f113eba575bf793570135f9b10cece1,hx06efa9167ece33af37f7153dc53bce2775f812f2,0x1093df561,0x0c4cfeac87db38d0f21da94dc652801007d70df4e671c620f4cae6b52f3d41bb,1,94206538,4.450022753,1741093874288884,Sui,0.1006461375,SUI,0,2,2025-03-04
cx88fd7df7ddff82f7cc735c871dc519838cb235bb,hx06efa9167ece33af37f7153dc53bce2775f812f2,hx0000000000000000000000000000000000000000,0x8b48a4be942f4954,0x0c4cfeac87db38d0f21da94dc652801007d70df4e671c620f4cae6b52f3d41bb,0,94206538,10.036452908032018,1741093874288884,Balanced Dollar,0.1006461375,bnUSD,0,2,2025-03-04
cx88fd7df7ddff82f7cc735c871dc519838cb235bb,cxa0af3165c08318e988cb30993b3048335b94af6c,cx5faae53c4dbd1fbe4a2eb4aab6565030f10da5c6,0x3a187031ec6cdd,0x3b0f3fd1bc837bd021ea3a1a2f5f262af3365f3d056a7714750c23c0b04b5177,2,94206538,0.016352418802199772,1741093874288884,Balanced Dollar,0.04731965,bnUSD,0,1,2025-03-04
cx88fd7df7ddff82f7cc735c871dc519838cb235bb,cxa0af3165c08318e988cb30993b3048335b94af6c,hx06efa9167ece33af37f7153dc53bce2775f812f2,0x96d7f719731225c9,0x3b0f3fd1bc837bd021ea3a1a2f5f262af3365f3d056a7714750c23c0b04b5177,1,94206538,10.869427914358793,1741093874288884,Balanced Dollar,0.04731965,bnUSD,0,1,2025-03-04
cx508002ec116fbf3ab406329c0df28e70d7e75fb3,hx06efa9167ece33af37f7153dc53bce2775f812f2,cxa0af3165c08318e988cb30993b3048335b94af6c,0x10906c966,0x3b0f3fd1bc837bd021ea3a1a2f5f262af3365f3d056a7714750c23c0b04b5177,0,94206538,4.446407014,1741093874288884,Sui,0.04731965,SUI,0,1,2025-03-04
cx508002ec116fbf3ab406329c0df28e70d7e75fb3,cx66d4d90f5f113eba575bf793570135f9b10cece1,cx835b300dcfe01f0bdb794e134a0c5628384f4367,0x2ad5232,0x0dce48e2d5556b741e5807d09267ec5f0ac7d5a162b6e1cf7c3af570c81594a3,3,94206536,0.044913202,1741093870381179,Sui,0.1006499375,SUI,0,2,2025-03-04
cx508002ec116fbf3ab406329c0df28e70d7e75fb3,cx66d4d90f5f113eba575bf793570135f9b10cece1,hx06efa9167ece33af37f7153dc53bce2775f812f2,0x10906c966,0x0dce48e2d5556b741e5807d09267ec5f0ac7d5a162b6e1cf7c3af570c81594a3,1,94206536,4.446407014,1741093870381179,Sui,0.1006499375,SUI,0,2,2025-03-04
cx88fd7df7ddff82f7cc735c871dc519838cb235bb,hx06efa9167ece33af37f7153dc53bce2775f812f2,hx0000000000000000000000000000000000000000,0x8b2babf82136077a,0x0dce48e2d5556b741e5807d09267ec5f0ac7d5a162b6e1cf7c3af570c81594a3,0,94206536,10.02829807746797,1741093870381179,Balanced Dollar,0.1006499375,bnUSD,0,2,2025-03-04
cx88fd7df7ddff82f7cc735c871dc519838cb235bb,cxa0af3165c08318e988cb30993b3048335b94af6c,cx5faae53c4dbd1fbe4a2eb4aab6565030f10da5c6,0x3a1ed2a0b051b8,0x80e9ffd4ed40c74e467528b6e9edf12d205abd2de02729627745d7d390e51b16,2,94206536,0.016359438637093306,1741093870381179,Balanced Dollar,0.04731965,bnUSD,0,1,2025-03-04
cx88fd7df7ddff82f7cc735c871dc519838cb235bb,cxa0af3165c08318e988cb30993b3048335b94af6c,hx06efa9167ece33af37f7153dc53bce2775f812f2,0x96e88b11991598ff,0x80e9ffd4ed40c74e467528b6e9edf12d205abd2de02729627745d7d390e51b16,1,94206536,10.874094207985097,1741093870381179,Balanced Dollar,0.04731965,bnUSD,0,1,2025-03-04
cx508002ec116fbf3ab406329c0df28e70d7e75fb3,hx06efa9167ece33af37f7153dc53bce2775f812f2,cxa0af3165c08318e988cb30993b3048335b94af6c,0x1091d6e4f,0x80e9ffd4ed40c74e467528b6e9edf12d205abd2de02729627745d7d390e51b16,0,94206536,4.447891023,1741093870381179,Sui,0.04731965,SUI,0,1,2025-03-04
cx508002ec116fbf3ab406329c0df28e70d7e75fb3,cx66d4d90f5f113eba575bf793570135f9b10cece1,cx835b300dcfe01f0bdb794e134a0c5628384f4367,0x2ad8cc0,0xc040ee95e144861ad54d765f5f32f1d486122eb62ef0b8bd1bac0fd3552756cc,3,94206534,0.044928192,1741093866287608,Sui,0.1006461375,SUI,0,1,2025-03-04
cx508002ec116fbf3ab406329c0df28e70d7e75fb3,cx66d4d90f5f113eba575bf793570135f9b10cece1,hx06efa9167ece33af37f7153dc53bce2775f812f2,0x1091d6e4f,0xc040ee95e144861ad54d765f5f32f1d486122eb62ef0b8bd1bac0fd3552756cc,1,94206534,4.447891023,1741093866287608,Sui,0.1006461375,SUI,0,1,2025-03-04
cx88fd7df7ddff82f7cc735c871dc519838cb235bb,hx06efa9167ece33af37f7153dc53bce2775f812f2,hx0000000000000000000000000000000000000000,0x8b37900a1ebfe23d,0xc040ee95e144861ad54d765f5f32f1d486122eb62ef0b8bd1bac0fd3552756cc,0,94206534,10.031645068131034,1741093866287608,Balanced Dollar,0.1006461375,bnUSD,0,1,2025-03-04
cx88fd7df7ddff82f7cc735c871dc519838cb235bb,cxa0ffa71e76299fbc9005ba7000ccad86f7f22971,hxd75467e3e4ce64e3424c747dfb71503017440433,0x21e74252b55272cd93,0x3ba0eca874cc10d9cc352cab744192e09a2b33f0713bb08ce55547b02f34b488,8,94206532,625.4065269423653,1741093862395263,Balanced Dollar,0.1545522375,bnUSD,0,2,2025-03-04
cx508002ec116fbf3ab406329c0df28e70d7e75fb3,cx66d4d90f5f113eba575bf793570135f9b10cece1,cx835b300dcfe01f0bdb794e134a0c5628384f4367,0x101e2a29,0x3ba0eca874cc10d9cc352cab744192e09a2b33f0713bb08ce55547b02f34b488,5,94206532,0.270412329,1741093862395263,Sui,0.1545522375,SUI,0,2,2025-03-04
cx508002ec116fbf3ab406329c0df28e70d7e75fb3,cxa0ffa71e76299fbc9005ba7000ccad86f7f22971,hxd75467e3e4ce64e3424c747dfb71503017440433,0x63baa4dec,0x3ba0eca874cc10d9cc352cab744192e09a2b33f0713bb08ce55547b02f34b488,3,94206532,26.770820588,1741093862395263,Sui,0.1545522375,SUI,0,2,2025-03-04
cx508002ec116fbf3ab406329c0df28e70d7e75fb3,cx66d4d90f5f113eba575bf793570135f9b10cece1,cxa0ffa71e76299fbc9005ba7000ccad86f7f22971,0x63baa4dec,0x3ba0eca874cc10d9cc352cab744192e09a2b33f0713bb08ce55547b02f34b488,2,94206532,26.770820588,1741093862395263,Sui,0.1545522375,SUI,0,2,2025-03-04
cx88fd7df7ddff82f7cc735c871dc519838cb235bb,cxa0ffa71e76299fbc9005ba7000ccad86f7f22971,hx0000000000000000000000000000000000000000,0x345ea3b09c2ff326d,0x3ba0eca874cc10d9cc352cab744192e09a2b33f0713bb08ce55547b02f34b488,1,94206532,60.37813626740822,1741093862395263,Balanced Dollar,0.1545522375,bnUSD,0,2,2025-03-04
cx88fd7df7ddff82f7cc735c871dc519838cb235bb,hxd75467e3e4ce64e3424c747dfb71503017440433,cxa0ffa71e76299fbc9005ba7000ccad86f7f22971,0x252d2c8dbf15720000,0x3ba0eca874cc10d9cc352cab744192e09a2b33f0713bb08ce55547b02f34b488,0,94206532,685.7846632097735,1741093862395263,Balanced Dollar,0.1545522375,bnUSD,0,2,2025-03-04
cx88fd7df7ddff82f7cc735c871dc519838cb235bb,cxd82fb5d3effecd8c9071a4bba3856ad7222c4b91,hxd75467e3e4ce64e3424c747dfb71503017440433,0x6c6b935b8bbd400000,0xe3e634963d61c516419323012c48a9addcbb9de3f4e11049a902d6f5d758c432,0,94206531,2000.0,1741093860288744,Balanced Dollar,0.02069225,bnUSD,0,1,2025-03-04
cx88fd7df7ddff82f7cc735c871dc519838cb235bb,cxa0af3165c08318e988cb30993b3048335b94af6c,cx5faae53c4dbd1fbe4a2eb4aab6565030f10da5c6,0xe76139e3ca8635,0x194e423d17eca7022b819f6512e232455f8997b6d5d57cf8dea58392c7481c7f,2,94206524,0.06512762088289234,1741093846280535,Balanced Dollar,0.0569443375,bnUSD,0,2,2025-03-04
cx88fd7df7ddff82f7cc735c871dc519838cb235bb,cxa0af3165c08318e988cb30993b3048335b94af6c,hxd75467e3e4ce64e3424c747dfb71503017440433,0x258e2d089875aaa0f,0x194e423d17eca7022b819f6512e232455f8997b6d5d57cf8dea58392c7481c7f,1,94206524,43.29839905659333,1741093846280535,Balanced Dollar,0.0569443375,bnUSD,0,2,2025-03-04
cx4297f4b63262507623b6ad575d0d8dd2db980e4e,hxd75467e3e4ce64e3424c747dfb71503017440433,cxa0af3165c08318e988cb30993b3048335b94af6c,0x3782dace9d900000,0x194e423d17eca7022b819f6512e232455f8997b6d5d57cf8dea58392c7481c7f,0,94206524,4.0,1741093846280535,Injective,0.0569443375,INJ,0,2,2025-03-04
cx88fd7df7ddff82f7cc735c871dc519838cb235bb,cxbf469921730ed3c3c8c1924fc482d369f8795fe2,hx385a695da4288bf7d70df14d1201e832c2bcf2a6,0x8b2babf821360800,0x06483a2662ae606b2baa8bdbfe5ddd8a33412c0fd43450784f674115d465e649,1,94206522,10.02829807746797,1741093842479261,Balanced Dollar,0.0439555,bnUSD,0,5,2025-03-04
cx88fd7df7ddff82f7cc735c871dc519838cb235bb,hx385a695da4288bf7d70df14d1201e832c2bcf2a6,cxbf469921730ed3c3c8c1924fc482d369f8795fe2,0x8b2babf821360800,0x06483a2662ae606b2baa8bdbfe5ddd8a33412c0fd43450784f674115d465e649,0,94206522,10.02829807746797,1741093842479261,Balanced Dollar,0.0439555,bnUSD,0,5,2025-03-04
cx88fd7df7ddff82f7cc735c871dc519838cb235bb,cxbf469921730ed3c3c8c1924fc482d369f8795fe2,hx385a695da4288bf7d70df14d1201e832c2bcf2a6,0x8b37900a1ebfe000,0x46580ae3e0b7672ef0d8359c2b03984d1d7b7c3d022e6f43fd608a2ab9817839,1,94206522,10.031645068131033,1741093842479261,Balanced Dollar,0.0439555,bnUSD,0,4,2025-03-04
cx88fd7df7ddff82f7cc735c871dc519838cb235bb,hx385a695da4288bf7d70df14d1201e832c2bcf2a6,cxbf469921730ed3c3c8c1924fc482d369f8795fe2,0x8b37900a1ebfe000,0x46580ae3e0b7672ef0d8359c2b03984d1d7b7c3d022e6f43fd608a2ab9817839,0,94206522,10.031645068131033,1741093842479261,Balanced Dollar,0.0439555,bnUSD,0,4,2025-03-04
cx88fd7df7ddff82f7cc735c871dc519838cb235bb,cxbf469921730ed3c3c8c1924fc482d369f8795fe2,hx385a695da4288bf7d70df14d1201e832c2bcf2a6,0x8b48a4be942f4800,0xd1f19698b022f52eec117b7f643cd8d0682efd77288797794aedf5ba0b7cf1bb,1,94206522,10.036452908032018,1741093842479261,Balanced Dollar,0.0439555,bnUSD,0,3,2025-03-04
cx88fd7df7ddff82f7cc735c871dc519838cb235bb,hx385a695da4288bf7d70df14d1201e832c2bcf2a6,cxbf469921730ed3c3c8c1924fc482d369f8795fe2,0x8b48a4be942f4800,0xd1f19698b022f52eec117b7f643cd8d0682efd77288797794aedf5ba0b7cf1bb,0,94206522,10.036452908032018,1741093842479261,Balanced Dollar,0.0439555,bnUSD,0,3,2025-03-04
cx88fd7df7ddff82f7cc735c871dc519838cb235bb,cxbf469921730ed3c3c8c1924fc482d369f8795fe2,hx385a695da4288bf7d70df14d1201e832c2bcf2a6,0x345ea3b09c2ff4000,0x6dd22f8a950f2a453a41902af392f0760ce3ef0f2cda10cf7e4ac318373f51d6,1,94206522,60.37813626740823,1741093842479261,Balanced Dollar,0.043958,bnUSD,0,2,2025-03-04
cx88fd7df7ddff82f7cc735c871dc519838cb235bb,hx385a695da4288bf7d70df14d1201e832c2bcf2a6,cxbf469921730ed3c3c8c1924fc482d369f8795fe2,0x345ea3b09c2ff4000,0x6dd22f8a950f2a453a41902af392f0760ce3ef0f2cda10cf7e4ac318373f51d6,0,94206522,60.37813626740823,1741093842479261,Balanced Dollar,0.043958,bnUSD,0,2,2025-03-04
cx88fd7df7ddff82f7cc735c871dc519838cb235bb,cx21e94c08c03daee80c25d8ee3ea22a20786ec231,hxd75467e3e4ce64e3424c747dfb71503017440433,0x61d8513809cde0bd5,0x45678747aaf6cb297f236b2bfecdd3b0b9ab25add1c4703518e32cb3d8f27c62,9,94206521,112.80759228436828,1741093840333841,Balanced Dollar,0.1699969625,bnUSD,0,1,2025-03-04
cx88fd7df7ddff82f7cc735c871dc519838cb235bb,cxa0af3165c08318e988cb30993b3048335b94af6c,cx5faae53c4dbd1fbe4a2eb4aab6565030f10da5c6,0x25ae3a2ed914c2c,0x45678747aaf6cb297f236b2bfecdd3b0b9ab25add1c4703518e32cb3d8f27c62,7,94206521,0.16969822488974443,1741093840333841,Balanced Dollar,0.1699969625,bnUSD,0,1,2025-03-04
cx88fd7df7ddff82f7cc735c871dc519838cb235bb,cxa0af3165c08318e988cb30993b3048335b94af6c,cx21e94c08c03daee80c25d8ee3ea22a20786ec231,0x61d8513809cde0bd5,0x45678747aaf6cb297f236b2bfecdd3b0b9ab25add1c4703518e32cb3d8f27c62,6,94206521,112.80759228436828,1741093840333841,Balanced Dollar,0.1699969625,bnUSD,0,1,2025-03-04
cx2609b924e33ef00b648a409245c7ea394c467824,cx21e94c08c03daee80c25d8ee3ea22a20786ec231,cxa0af3165c08318e988cb30993b3048335b94af6c,0x2b4aef390e6a666f23,0x45678747aaf6cb297f236b2bfecdd3b0b9ab25add1c4703518e32cb3d8f27c62,5,94206521,798.6095923818286,1741093840333841,Staked ICX,0.1699969625,sICX,0,1,2025-03-04
cx2609b924e33ef00b648a409245c7ea394c467824,cxa0af3165c08318e988cb30993b3048335b94af6c,cx5faae53c4dbd1fbe4a2eb4aab6565030f10da5c6,0x10a6fd25b3973fb3,0x45678747aaf6cb297f236b2bfecdd3b0b9ab25add1c4703518e32cb3d8f27c62,3,94206521,1.199924689109467,1741093840333841,Staked ICX,0.1699969625,sICX,0,1,2025-03-04
cx2609b924e33ef00b648a409245c7ea394c467824,cxa0af3165c08318e988cb30993b3048335b94af6c,cx21e94c08c03daee80c25d8ee3ea22a20786ec231,0x2b4aef390e6a666f23,0x45678747aaf6cb297f236b2bfecdd3b0b9ab25add1c4703518e32cb3d8f27c62,2,94206521,798.6095923818286,1741093840333841,Staked ICX,0.1699969625,sICX,0,1,2025-03-04
cx518f64edcd35db9044a2de63fdc10abfd5f7d611,cx21e94c08c03daee80c25d8ee3ea22a20786ec231,cxa0af3165c08318e988cb30993b3048335b94af6c,0xee6b2800,0x45678747aaf6cb297f236b2bfecdd3b0b9ab25add1c4703518e32cb3d8f27c62,1,94206521,400.0,1741093840333841,Stellar,0.1699969625,XLM,0,1,2025-03-04
cx518f64edcd35db9044a2de63fdc10abfd5f7d611,hxd75467e3e4ce64e3424c747dfb71503017440433,cx21e94c08c03daee80c25d8ee3ea22a20786ec231,0xee6b2800,0x45678747aaf6cb297f236b2bfecdd3b0b9ab25add1c4703518e32cb3d8f27c62,0,94206521,400.0,1741093840333841,Stellar,0.1699969625,XLM,0,1,2025-03-04
cx88fd7df7ddff82f7cc735c871dc519838cb235bb,cxa0af3165c08318e988cb30993b3048335b94af6c,cx5faae53c4dbd1fbe4a2eb4aab6565030f10da5c6,0xdadbfd8699e930,0x8e7bf446fc9838439808b45af9a420113ec9bcb7fb86dc743e5d48cd7a61535d,2,94206517,0.06160342685436549,1741093832455274,Balanced Dollar,0.0473641375,bnUSD,0,1,2025-03-04
cx88fd7df7ddff82f7cc735c871dc519838cb235bb,cxa0af3165c08318e988cb30993b3048335b94af6c,hxd75467e3e4ce64e3424c747dfb71503017440433,0x238634f9e58a3236d,0x8e7bf446fc9838439808b45af9a420113ec9bcb7fb86dc743e5d48cd7a61535d,1,94206517,40.956666977747936,1741093832455274,Balanced Dollar,0.0473641375,bnUSD,0,1,2025-03-04
cx65c9e3d4fea842e00add0d32a5b4c5e4e04c7a6b,hxd75467e3e4ce64e3424c747dfb71503017440433,cxa0af3165c08318e988cb30993b3048335b94af6c,0x11e1a300,0x8e7bf446fc9838439808b45af9a420113ec9bcb7fb86dc743e5d48cd7a61535d,0,94206517,0.3,1741093832455274,Solana,0.0473641375,SOL,0,1,2025-03-04
cx88fd7df7ddff82f7cc735c871dc519838cb235bb,cxa0af3165c08318e988cb30993b3048335b94af6c,cx5faae53c4dbd1fbe4a2eb4aab6565030f10da5c6,0xe77d3bb3735bca,0xea5ba98ea7cdc1b3ad3076883e847d6fffcff583a32107f4fe47c514e9919473,2,94206511,0.0651584149873858,1741093820370912,Balanced Dollar,0.0569443375,bnUSD,0,1,2025-03-04
cx88fd7df7ddff82f7cc735c871dc519838cb235bb,cxa0af3165c08318e988cb30993b3048335b94af6c,hxd75467e3e4ce64e3424c747dfb71503017440433,0x2592b8e83ccc4a6ee,0xea5ba98ea7cdc1b3ad3076883e847d6fffcff583a32107f4fe47c514e9919473,1,94206511,43.318874137520545,1741093820370912,Balanced Dollar,0.0569443375,bnUSD,0,1,2025-03-04
cx4297f4b63262507623b6ad575d0d8dd2db980e4e,hxd75467e3e4ce64e3424c747dfb71503017440433,cxa0af3165c08318e988cb30993b3048335b94af6c,0x3782dace9d900000,0xea5ba98ea7cdc1b3ad3076883e847d6fffcff583a32107f4fe47c514e9919473,0,94206511,4.0,1741093820370912,Injective,0.0569443375,INJ,0,1,2025-03-04
cx88fd7df7ddff82f7cc735c871dc519838cb235bb,cx21e94c08c03daee80c25d8ee3ea22a20786ec231,hx2debd9ec927cca1639da8d3518dd9dbf1cdfb357,0x1568c88548fa47970b,0xa03ee135bf88c268c2b639d472029220d7cc730b65cbfb1eb02ee907f44c4839,5,94206510,394.93205687167034,1741093818273661,Balanced Dollar,0.08831455,bnUSD,0,1,2025-03-04
cx88fd7df7ddff82f7cc735c871dc519838cb235bb,cxa0af3165c08318e988cb30993b3048335b94af6c,cx5faae53c4dbd1fbe4a2eb4aab6565030f10da5c6,0x83b824bb9876a65,0xa03ee135bf88c268c2b639d472029220d7cc730b65cbfb1eb02ee907f44c4839,3,94206510,0.5932110376761698,1741093818273661,Balanced Dollar,0.08831455,bnUSD,0,1,2025-03-04
cx88fd7df7ddff82f7cc735c871dc519838cb235bb,cxa0af3165c08318e988cb30993b3048335b94af6c,cx21e94c08c03daee80c25d8ee3ea22a20786ec231,0x1568c88548fa47970b,0xa03ee135bf88c268c2b639d472029220d7cc730b65cbfb1eb02ee907f44c4839,2,94206510,394.93205687167034,1741093818273661,Balanced Dollar,0.08831455,bnUSD,0,1,2025-03-04
cx66a031cc3bd305c76371fb586e93801b948254f0,cx21e94c08c03daee80c25d8ee3ea22a20786ec231,cxa0af3165c08318e988cb30993b3048335b94af6c,0x1158e460913d00000,0xa03ee135bf88c268c2b639d472029220d7cc730b65cbfb1eb02ee907f44c4839,1,94206510,20.0,1741093818273661,Avalanche,0.08831455,AVAX,0,1,2025-03-04
cx66a031cc3bd305c76371fb586e93801b948254f0,hx2debd9ec927cca1639da8d3518dd9dbf1cdfb357,cx21e94c08c03daee80c25d8ee3ea22a20786ec231,0x1158e460913d00000,0xa03ee135bf88c268c2b639d472029220d7cc730b65cbfb1eb02ee907f44c4839,0,94206510,20.0,1741093818273661,Avalanche,0.08831455,AVAX,0,1,2025-03-04
cx6139a27c15f1653471ffba0b4b88dc15de7e3267,hxbaf2a10a0aa3adcb52087a3ff31223a26a501739,hx5b24217047526bd1c9475ddc7e10f93325dd2322,0x3dccad980569500000,0x3cdf5e1741b0a8950435de7436fca9ae898bf9ca2a7c2c21b1900f9092473279,0,94206507,1140.0,1741093812377832,GangstaBet Token,0.0030540375,GBET,0,1,2025-03-04
cx88fd7df7ddff82f7cc735c871dc519838cb235bb,cx21e94c08c03daee80c25d8ee3ea22a20786ec231,hxd75467e3e4ce64e3424c747dfb71503017440433,0x62218756276fa8993,0x57ae4cee34c6d5532979c5bd310bd86c7a38e91259ce26b7265fbf6d466ec460,9,94206506,113.13730710475129,1741093810272728,Balanced Dollar,0.169994275,bnUSD,0,1,2025-03-04
cx88fd7df7ddff82f7cc735c871dc519838cb235bb,cxa0af3165c08318e988cb30993b3048335b94af6c,cx5faae53c4dbd1fbe4a2eb4aab6565030f10da5c6,0x25ca6af40747f4b,0x57ae4cee34c6d5532979c5bd310bd86c7a38e91259ce26b7265fbf6d466ec460,7,94206506,0.17019415756410042,1741093810272728,Balanced Dollar,0.169994275,bnUSD,0,1,2025-03-04
cx88fd7df7ddff82f7cc735c871dc519838cb235bb,cxa0af3165c08318e988cb30993b3048335b94af6c,cx21e94c08c03daee80c25d8ee3ea22a20786ec231,0x62218756276fa8993,0x57ae4cee34c6d5532979c5bd310bd86c7a38e91259ce26b7265fbf6d466ec460,6,94206506,113.13730710475129,1741093810272728,Balanced Dollar,0.169994275,bnUSD,0,1,2025-03-04
cx2609b924e33ef00b648a409245c7ea394c467824,cx21e94c08c03daee80c25d8ee3ea22a20786ec231,cxa0af3165c08318e988cb30993b3048335b94af6c,0x2b6866dc8346a9a39a,0x57ae4cee34c6d5532979c5bd310bd86c7a38e91259ce26b7265fbf6d466ec460,5,94206506,800.732937853464,1741093810272728,Staked ICX,0.169994275,sICX,0,1,2025-03-04
cx2609b924e33ef00b648a409245c7ea394c467824,cxa0af3165c08318e988cb30993b3048335b94af6c,cx5faae53c4dbd1fbe4a2eb4aab6565030f10da5c6,0x10b250d587f6e3fe,0x57ae4cee34c6d5532979c5bd310bd86c7a38e91259ce26b7265fbf6d466ec460,3,94206506,1.2031129285007043,1741093810272728,Staked ICX,0.169994275,sICX,0,1,2025-03-04
cx2609b924e33ef00b648a409245c7ea394c467824,cxa0af3165c08318e988cb30993b3048335b94af6c,cx21e94c08c03daee80c25d8ee3ea22a20786ec231,0x2b6866dc8346a9a39a,0x57ae4cee34c6d5532979c5bd310bd86c7a38e91259ce26b7265fbf6d466ec460,2,94206506,800.732937853464,1741093810272728,Staked ICX,0.169994275,sICX,0,1,2025-03-04
cx518f64edcd35db9044a2de63fdc10abfd5f7d611,cx21e94c08c03daee80c25d8ee3ea22a20786ec231,cxa0af3165c08318e988cb30993b3048335b94af6c,0xee6b2800,0x57ae4cee34c6d5532979c5bd310bd86c7a38e91259ce26b7265fbf6d466ec460,1,94206506,400.0,1741093810272728,Stellar,0.169994275,XLM,0,1,2025-03-04
cx518f64edcd35db9044a2de63fdc10abfd5f7d611,hxd75467e3e4ce64e3424c747dfb71503017440433,cx21e94c08c03daee80c25d8ee3ea22a20786ec231,0xee6b2800,0x57ae4cee34c6d5532979c5bd310bd86c7a38e91259ce26b7265fbf6d466ec460,0,94206506,400.0,1741093810272728,Stellar,0.169994275,XLM,0,1,2025-03-04
cx88fd7df7ddff82f7cc735c871dc519838cb235bb,cx21e94c08c03daee80c25d8ee3ea22a20786ec231,hx2debd9ec927cca1639da8d3518dd9dbf1cdfb357,0x157ab731a93f0bb4a6,0x64845d7c4c4d936369eab67163e717b6c9875b7ff3633a81d5e64b3d9d3d4e46,5,94206502,396.22421654424284,1741093802264769,Balanced Dollar,0.0883212375,bnUSD,0,1,2025-03-04
cx88fd7df7ddff82f7cc735c871dc519838cb235bb,cxa0af3165c08318e988cb30993b3048335b94af6c,cx5faae53c4dbd1fbe4a2eb4aab6565030f10da5c6,0x842661662359680,0x64845d7c4c4d936369eab67163e717b6c9875b7ff3633a81d5e64b3d9d3d4e46,3,94206502,0.5951503470893196,1741093802264769,Balanced Dollar,0.0883212375,bnUSD,0,1,2025-03-04
cx88fd7df7ddff82f7cc735c871dc519838cb235bb,cxa0af3165c08318e988cb30993b3048335b94af6c,cx21e94c08c03daee80c25d8ee3ea22a20786ec231,0x157ab731a93f0bb4a6,0x64845d7c4c4d936369eab67163e717b6c9875b7ff3633a81d5e64b3d9d3d4e46,2,94206502,396.22421654424284,1741093802264769,Balanced Dollar,0.0883212375,bnUSD,0,1,2025-03-04
cx66a031cc3bd305c76371fb586e93801b948254f0,cx21e94c08c03daee80c25d8ee3ea22a20786ec231,cxa0af3165c08318e988cb30993b3048335b94af6c,0x1158e460913d00000,0x64845d7c4c4d936369eab67163e717b6c9875b7ff3633a81d5e64b3d9d3d4e46,1,94206502,20.0,1741093802264769,Avalanche,0.0883212375,AVAX,0,1,2025-03-04
cx66a031cc3bd305c76371fb586e93801b948254f0,hx2debd9ec927cca1639da8d3518dd9dbf1cdfb357,cx21e94c08c03daee80c25d8ee3ea22a20786ec231,0x1158e460913d00000,0x64845d7c4c4d936369eab67163e717b6c9875b7ff3633a81d5e64b3d9d3d4e46,0,94206502,20.0,1741093802264769,Avalanche,0.0883212375,AVAX,0,1,2025-03-04
cx88fd7df7ddff82f7cc735c871dc519838cb235bb,cxa0af3165c08318e988cb30993b3048335b94af6c,cx5faae53c4dbd1fbe4a2eb4aab6565030f10da5c6,0xdaf9dd1bd65888,0x9f81b923ab8d09b6d67013b78db5146ae33da03d754ae46434356eaa4a1b103e,2,94206500,0.061636272973043846,1741093798482160,Balanced Dollar,0.047366825,bnUSD,0,1,2025-03-04
cx88fd7df7ddff82f7cc735c871dc519838cb235bb,cxa0af3165c08318e988cb30993b3048335b94af6c,hxd75467e3e4ce64e3424c747dfb71503017440433,0x238b0e766b5844d90,0x9f81b923ab8d09b6d67013b78db5146ae33da03d754ae46434356eaa4a1b103e,1,94206500,40.97850743776217,1741093798482160,Balanced Dollar,0.047366825,bnUSD,0,1,2025-03-04
cx65c9e3d4fea842e00add0d32a5b4c5e4e04c7a6b,hxd75467e3e4ce64e3424c747dfb71503017440433,cxa0af3165c08318e988cb30993b3048335b94af6c,0x11e1a300,0x9f81b923ab8d09b6d67013b78db5146ae33da03d754ae46434356eaa4a1b103e,0,94206500,0.3,1741093798482160,Solana,0.047366825,SOL,0,1,2025-03-04
cx88fd7df7ddff82f7cc735c871dc519838cb235bb,cx21e94c08c03daee80c25d8ee3ea22a20786ec231,hx2debd9ec927cca1639da8d3518dd9dbf1cdfb357,0x11a5de8d4b83c1dfbc,0x4eeb45a00b508c72f330dee291be265b748443a5ecd40f02ba3e074e2eb3913d,5,94206491,325.5467950696228,1741093780260052,Balanced Dollar,0.088406925,bnUSD,0,1,2025-03-04
cx88fd7df7ddff82f7cc735c871dc519838cb235bb,cxa0af3165c08318e988cb30993b3048335b94af6c,cx5faae53c4dbd1fbe4a2eb4aab6565030f10da5c6,0x6c8fe7a1ef9a2b3,0x4eeb45a00b508c72f330dee291be265b748443a5ecd40f02ba3e074e2eb3913d,3,94206491,0.48892036002884065,1741093780260052,Balanced Dollar,0.088406925,bnUSD,0,1,2025-03-04
cx88fd7df7ddff82f7cc735c871dc519838cb235bb,cxa0af3165c08318e988cb30993b3048335b94af6c,cx21e94c08c03daee80c25d8ee3ea22a20786ec231,0x11a5de8d4b83c1dfbc,0x4eeb45a00b508c72f330dee291be265b748443a5ecd40f02ba3e074e2eb3913d,2,94206491,325.5467950696228,1741093780260052,Balanced Dollar,0.088406925,bnUSD,0,1,2025-03-04
cx4297f4b63262507623b6ad575d0d8dd2db980e4e,cx21e94c08c03daee80c25d8ee3ea22a20786ec231,cxa0af3165c08318e988cb30993b3048335b94af6c,0x1a055690d9db80000,0x4eeb45a00b508c72f330dee291be265b748443a5ecd40f02ba3e074e2eb3913d,1,94206491,30.0,1741093780260052,Injective,0.088406925,INJ,0,1,2025-03-04
cx4297f4b63262507623b6ad575d0d8dd2db980e4e,hx2debd9ec927cca1639da8d3518dd9dbf1cdfb357,cx21e94c08c03daee80c25d8ee3ea22a20786ec231,0x1a055690d9db80000,0x4eeb45a00b508c72f330dee291be265b748443a5ecd40f02ba3e074e2eb3913d,0,94206491,30.0,1741093780260052,Injective,0.088406925,INJ,0,1,2025-03-04
cx88fd7df7ddff82f7cc735c871dc519838cb235bb,cxa0af3165c08318e988cb30993b3048335b94af6c,cx5faae53c4dbd1fbe4a2eb4aab6565030f10da5c6,0xe86c190695666a,0xda51ca353259bc78ae6cd67da2b840308c09b764af5aae48bacd1855aa352fac,2,94206476,0.06542104933730877,1741093750248371,Balanced Dollar,0.056943025,bnUSD,0,1,2025-03-04
cx88fd7df7ddff82f7cc735c871dc519838cb235bb,cxa0af3165c08318e988cb30993b3048335b94af6c,hxd75467e3e4ce64e3424c747dfb71503017440433,0x25b97f43e9dcfe246,0xda51ca353259bc78ae6cd67da2b840308c09b764af5aae48bacd1855aa352fac,1,94206476,43.49350047612665,1741093750248371,Balanced Dollar,0.056943025,bnUSD,0,1,2025-03-04
cx4297f4b63262507623b6ad575d0d8dd2db980e4e,hxd75467e3e4ce64e3424c747dfb71503017440433,cxa0af3165c08318e988cb30993b3048335b94af6c,0x3782dace9d900000,0xda51ca353259bc78ae6cd67da2b840308c09b764af5aae48bacd1855aa352fac,0,94206476,4.0,1741093750248371,Injective,0.056943025,INJ,0,1,2025-03-04
cx88fd7df7ddff82f7cc735c871dc519838cb235bb,cxa0af3165c08318e988cb30993b3048335b94af6c,cx5faae53c4dbd1fbe4a2eb4aab6565030f10da5c6,0x1a8437edc2b8a8f,0x46d51048be0c6c5bb359ddeabb7b87b05ee09fffdb179c7670b9c78d991f4f59,2,94206451,0.11941960226409946,1741093700234140,Balanced Dollar,0.05690865,bnUSD,0,1,2025-03-04
cx88fd7df7ddff82f7cc735c871dc519838cb235bb,cxa0af3165c08318e988cb30993b3048335b94af6c,hxd75467e3e4ce64e3424c747dfb71503017440433,0x44de645ccc0ae78f3,0x46d51048be0c6c5bb359ddeabb7b87b05ee09fffdb179c7670b9c78d991f4f59,1,94206451,79.40022702611041,1741093700234140,Balanced Dollar,0.05690865,bnUSD,0,1,2025-03-04
cx66a031cc3bd305c76371fb586e93801b948254f0,hxd75467e3e4ce64e3424c747dfb71503017440433,cxa0af3165c08318e988cb30993b3048335b94af6c,0x3782dace9d900000,0x46d51048be0c6c5bb359ddeabb7b87b05ee09fffdb179c7670b9c78d991f4f59,0,94206451,4.0,1741093700234140,Avalanche,0.05690865,AVAX,0,1,2025-03-04
cx7baf94bd53b505353285ee4c4c050f9703581703,hxbaf2a10a0aa3adcb52087a3ff31223a26a501739,hx0000000000000000000000000000000000000000,0x0,0x60dee695494b80bbae4012f503466d55d407352f057f71161102e45787651944,6,94206445,0.0,1741093688326314,unknown_token,0.0628533875,$unknown,25,1,2025-03-04
cx7baf94bd53b505353285ee4c4c050f9703581703,hxbaf2a10a0aa3adcb52087a3ff31223a26a501739,hx0000000000000000000000000000000000000000,0x0,0x60dee695494b80bbae4012f503466d55d407352f057f71161102e45787651944,5,94206445,0.0,1741093688326314,unknown_token,0.0628533875,$unknown,21,1,2025-03-04
cx7baf94bd53b505353285ee4c4c050f9703581703,hxbaf2a10a0aa3adcb52087a3ff31223a26a501739,hx0000000000000000000000000000000000000000,0x0,0x60dee695494b80bbae4012f503466d55d407352f057f71161102e45787651944,4,94206445,0.0,1741093688326314,unknown_token,0.0628533875,$unknown,15,1,2025-03-04
cx53f8ccd5426534f82cf10cb742de033e51da72fc,hxbaf2a10a0aa3adcb52087a3ff31223a26a501739,hx0000000000000000000000000000000000000000,0x0,0x60dee695494b80bbae4012f503466d55d407352f057f71161102e45787651944,0,94206445,0.0,1741093688326314,unknown_token,0.0628533875,$unknown,8,1,2025-03-04
cxd17316e24ee40f2ef8ed6f3a497311db1b35206d,hxe25c372e174c9ca2d13281cc7f112c9ceaf316b1,hx0000000000000000000000000000000000000000,0x0,0xc02c79522914039fe5de367b3d01729e11294a059be813ca16025d4829a97663,23,94206444,0.0,1741093686359399,unknown_token,0.1001965625,$unknown,5,2,2025-03-04
cxd17316e24ee40f2ef8ed6f3a497311db1b35206d,hx5f75e7ea5a055f6700716a2487b44261ed02dd72,hx0000000000000000000000000000000000000000,0x0,0xc02c79522914039fe5de367b3d01729e11294a059be813ca16025d4829a97663,22,94206444,0.0,1741093686359399,unknown_token,0.1001965625,$unknown,6,2,2025-03-04
cxd17316e24ee40f2ef8ed6f3a497311db1b35206d,hxf662476d85bc58ee7aa203810238e0b791afc1c8,hx0000000000000000000000000000000000000000,0x0,0xc02c79522914039fe5de367b3d01729e11294a059be813ca16025d4829a97663,21,94206444,0.0,1741093686359399,unknown_token,0.1001965625,$unknown,34,2,2025-03-04
cxd17316e24ee40f2ef8ed6f3a497311db1b35206d,hx8a83082b8f0fd30f1c93bcb993e796de45db2e2b,hx0000000000000000000000000000000000000000,0x0,0xc02c79522914039fe5de367b3d01729e11294a059be813ca16025d4829a97663,20,94206444,0.0,1741093686359399,unknown_token,0.1001965625,$unknown,34,2,2025-03-04
cxd17316e24ee40f2ef8ed6f3a497311db1b35206d,hx95d23a20e152e1ac90e06cdf85fbd7d3dd6954b7,hx0000000000000000000000000000000000000000,0x0,0xc02c79522914039fe5de367b3d01729e11294a059be813ca16025d4829a97663,19,94206444,0.0,1741093686359399,unknown_token,0.1001965625,$unknown,34,2,2025-03-04
cxd17316e24ee40f2ef8ed6f3a497311db1b35206d,hx9645117f1b0c7181a126c7f4f222caefc6ee7a61,hx0000000000000000000000000000000000000000,0x0,0xc02c79522914039fe5de367b3d01729e11294a059be813ca16025d4829a97663,18,94206444,0.0,1741093686359399,unknown_token,0.1001965625,$unknown,34,2,2025-03-04
cxd17316e24ee40f2ef8ed6f3a497311db1b35206d,hx8026678e3d08ba3203ce6161ee8e9e3b9793491f,hx0000000000000000000000000000000000000000,0x0,0xc02c79522914039fe5de367b3d01729e11294a059be813ca16025d4829a97663,17,94206444,0.0,1741093686359399,unknown_token,0.1001965625,$unknown,34,2,2025-03-04
cx88fd7df7ddff82f7cc735c871dc519838cb235bb,cxa0af3165c08318e988cb30993b3048335b94af6c,cx5faae53c4dbd1fbe4a2eb4aab6565030f10da5c6,0x1a88a9a41851a36,0x6e990a66739160f44b8836e292262a9684707dedde6fb4f06a83589af737e27c,2,94206444,0.11949778525415686,1741093686359399,Balanced Dollar,0.0569059625,bnUSD,0,1,2025-03-04
cx88fd7df7ddff82f7cc735c871dc519838cb235bb,cxa0af3165c08318e988cb30993b3048335b94af6c,hxd75467e3e4ce64e3424c747dfb71503017440433,0x44e9efb7ebf99f172,0x6e990a66739160f44b8836e292262a9684707dedde6fb4f06a83589af737e27c,1,94206444,79.45221819791585,1741093686359399,Balanced Dollar,0.0569059625,bnUSD,0,1,2025-03-04
cx66a031cc3bd305c76371fb586e93801b948254f0,hxd75467e3e4ce64e3424c747dfb71503017440433,cxa0af3165c08318e988cb30993b3048335b94af6c,0x3782dace9d900000,0x6e990a66739160f44b8836e292262a9684707dedde6fb4f06a83589af737e27c,0,94206444,4.0,1741093686359399,Avalanche,0.0569059625,AVAX,0,1,2025-03-04
cx88fd7df7ddff82f7cc735c871dc519838cb235bb,hxe4002f7c2c418f2b7aec67234a06dc08abec0f8e,hx0000000000000000000000000000000000000000,0x2b9a873333dc282fb,0x6f2adba68ac88155df2ccec937db4fa1e588a5fb49a54d125606eb118a017304,0,94206435,50.27155750443985,1741093668224136,Balanced Dollar,0.0606754875,bnUSD,0,1,2025-03-04
cx6139a27c15f1653471ffba0b4b88dc15de7e3267,hx0000000000000000000000000000000000000000,hxbaf2a10a0aa3adcb52087a3ff31223a26a501739,0x3dccad980569500000,0x99b8474e710668fd6f87cf114645efaac9bc9615d0527098ab57f58929578bb2,0,94206424,1140.0,1741093646213279,GangstaBet Token,0.0128164125,GBET,0,1,2025-03-04
cx88fd7df7ddff82f7cc735c871dc519838cb235bb,cxd82fb5d3effecd8c9071a4bba3856ad7222c4b91,hxe4002f7c2c418f2b7aec67234a06dc08abec0f8e,0x2bb063020d86d0000,0xe2f9e0813dec02e265185431f312c026ec5f0805da7aed58307a05c54b86eb86,0,94206416,50.37,1741093630203173,Balanced Dollar,0.0209316875,bnUSD,0,1,2025-03-04
cxd17316e24ee40f2ef8ed6f3a497311db1b35206d,cx9c4698411c6d9a780f605685153431dcda04609f,hx6a67e6f1a32722d56e5f23773b37441dee2fefef,0x7c77669b4548e000,0xed46ba5f26e34bf47076b31abf8a7fdbba6d2a5c29d2115e7890b693dce4946f,5,94206395,8.96875,1741093588288561,unknown_token,0.01609675,$unknown,34,1,2025-03-04
cxf61cd5a45dc9f91c15aa65831a30a90d59a09619,cx10d59e8103ab44635190bd4139dbfd682fa2d07e,hx6a67e6f1a32722d56e5f23773b37441dee2fefef,0x48b1ae55c34343aa,0x1c41ea909e1bd61645f00361567ecc2adf1044d496b4caa146425f48ccab8169,4,94206353,5.238159524980016,1741093504165869,Balance Token,0.099619075,BALN,0,1,2025-03-04
cx2609b924e33ef00b648a409245c7ea394c467824,cx10d59e8103ab44635190bd4139dbfd682fa2d07e,hx6a67e6f1a32722d56e5f23773b37441dee2fefef,0x41fd5216595b0a4f,0x1c41ea909e1bd61645f00361567ecc2adf1044d496b4caa146425f48ccab8169,2,94206353,4.755047037515008,1741093504165869,Staked ICX,0.099619075,sICX,0,1,2025-03-04
cxf61cd5a45dc9f91c15aa65831a30a90d59a09619,cx10d59e8103ab44635190bd4139dbfd682fa2d07e,hxc43915dc2c4909c594ea337b0ee8dc3aac11b02e,0x1b71a398e62154cd,0x7f8f383f00a30baee6d8a12d3af8e1762899942da27773ec24e224d8703f8071,1,94206329,1.977541588483659,1741093456155182,Balance Token,0.0541245375,BALN,0,1,2025-03-04
cx88fd7df7ddff82f7cc735c871dc519838cb235bb,cxa0af3165c08318e988cb30993b3048335b94af6c,hx4dc7903504bb800a462378348a42f53742759e0b,0x11cf63eea8e42a8,0x3461d66eece7d588c0b4cde7161140aa6bce5959431fbde4763a01a0a0f2b0da,3,94206319,0.08020964346942328,1741093436278417,Balanced Dollar,0.0347612125,bnUSD,0,3,2025-03-04
cx4297f4b63262507623b6ad575d0d8dd2db980e4e,hx4dc7903504bb800a462378348a42f53742759e0b,cxa0af3165c08318e988cb30993b3048335b94af6c,0x22e791cbedfb1a00,0xd7739563a2da3e554be03e5299826d745541437e2c291a9c79dd69f1ff6d31e0,0,94206319,2.5151392219667565,1741093436278417,Injective,0.021622575,INJ,0,2,2025-03-04
cx88fd7df7ddff82f7cc735c871dc519838cb235bb,hx4dc7903504bb800a462378348a42f53742759e0b,cxa0af3165c08318e988cb30993b3048335b94af6c,0x17de02760b1579000,0x25940b4237cb2b0e76d534cfcbf7067862f6aa6fb539a997556154500423c821,0,94206319,27.51703701947938,1741093436278417,Balanced Dollar,0.02221895,bnUSD,0,1,2025-03-04
cx4297f4b63262507623b6ad575d0d8dd2db980e4e,cx21e94c08c03daee80c25d8ee3ea22a20786ec231,hx4dc7903504bb800a462378348a42f53742759e0b,0x22ec09e6bd583df8,0x1fd7837f9c5e800e054aa17e5a1bbcb65dae863d1c94ddbe1eb6ec8939771aa9,13,94206317,2.5163971784170696,1741093432349226,Injective,0.232668575,INJ,0,2,2025-03-04
cx88fd7df7ddff82f7cc735c871dc519838cb235bb,cxa0af3165c08318e988cb30993b3048335b94af6c,cx5faae53c4dbd1fbe4a2eb4aab6565030f10da5c6,0x92b444f07d3018,0x1fd7837f9c5e800e054aa17e5a1bbcb65dae863d1c94ddbe1eb6ec8939771aa9,11,94206317,0.041293554785267736,1741093432349226,Balanced Dollar,0.232668575,bnUSD,0,2,2025-03-04
cx4297f4b63262507623b6ad575d0d8dd2db980e4e,cxa0af3165c08318e988cb30993b3048335b94af6c,cx21e94c08c03daee80c25d8ee3ea22a20786ec231,0x22ec09e6bd583df8,0x1fd7837f9c5e800e054aa17e5a1bbcb65dae863d1c94ddbe1eb6ec8939771aa9,10,94206317,2.5163971784170696,1741093432349226,Injective,0.232668575,INJ,0,2,2025-03-04
cx88fd7df7ddff82f7cc735c871dc519838cb235bb,cx21e94c08c03daee80c25d8ee3ea22a20786ec231,cxa0af3165c08318e988cb30993b3048335b94af6c,0x17e0ac8dcf0ad4000,0x1fd7837f9c5e800e054aa17e5a1bbcb65dae863d1c94ddbe1eb6ec8939771aa9,9,94206317,27.529036523511824,1741093432349226,Balanced Dollar,0.232668575,bnUSD,0,2,2025-03-04
cx88fd7df7ddff82f7cc735c871dc519838cb235bb,cxa0af3165c08318e988cb30993b3048335b94af6c,cx5faae53c4dbd1fbe4a2eb4aab6565030f10da5c6,0x932411701753ff,0x1fd7837f9c5e800e054aa17e5a1bbcb65dae863d1c94ddbe1eb6ec8939771aa9,7,94206317,0.04141647889008742,1741093432349226,Balanced Dollar,0.232668575,bnUSD,0,2,2025-03-04
cx88fd7df7ddff82f7cc735c871dc519838cb235bb,cxa0af3165c08318e988cb30993b3048335b94af6c,cx21e94c08c03daee80c25d8ee3ea22a20786ec231,0x17e0ac8dcf0ad4000,0x1fd7837f9c5e800e054aa17e5a1bbcb65dae863d1c94ddbe1eb6ec8939771aa9,6,94206317,27.529036523511824,1741093432349226,Balanced Dollar,0.232668575,bnUSD,0,2,2025-03-04
cx2609b924e33ef00b648a409245c7ea394c467824,cx21e94c08c03daee80c25d8ee3ea22a20786ec231,cxa0af3165c08318e988cb30993b3048335b94af6c,0xa8f7914a83d9c8352,0x1fd7837f9c5e800e054aa17e5a1bbcb65dae863d1c94ddbe1eb6ec8939771aa9,5,94206317,194.80575786952193,1741093432349226,Staked ICX,0.232668575,sICX,0,2,2025-03-04
cx2609b924e33ef00b648a409245c7ea394c467824,hx0000000000000000000000000000000000000000,cx21e94c08c03daee80c25d8ee3ea22a20786ec231,0xa8f7914a83d9c8352,0x1fd7837f9c5e800e054aa17e5a1bbcb65dae863d1c94ddbe1eb6ec8939771aa9,3,94206317,194.80575786952193,1741093432349226,Staked ICX,0.232668575,sICX,0,2,2025-03-04
cx88fd7df7ddff82f7cc735c871dc519838cb235bb,cx21e94c08c03daee80c25d8ee3ea22a20786ec231,hx4dc7903504bb800a462378348a42f53742759e0b,0x17e110eefebee5e20,0xeae5c4f2aee0b75caa55336a73ac952fac5e8e276c13ee8a04ed98665b629c2f,9,94206317,27.530802420710792,1741093432349226,Balanced Dollar,0.1750788,bnUSD,0,1,2025-03-04
cx88fd7df7ddff82f7cc735c871dc519838cb235bb,cxa0af3165c08318e988cb30993b3048335b94af6c,cx5faae53c4dbd1fbe4a2eb4aab6565030f10da5c6,0x93267bff0dcd95,0xeae5c4f2aee0b75caa55336a73ac952fac5e8e276c13ee8a04ed98665b629c2f,7,94206317,0.041419135578394,1741093432349226,Balanced Dollar,0.1750788,bnUSD,0,1,2025-03-04
cx88fd7df7ddff82f7cc735c871dc519838cb235bb,cxa0af3165c08318e988cb30993b3048335b94af6c,cx21e94c08c03daee80c25d8ee3ea22a20786ec231,0x17e110eefebee5e20,0xeae5c4f2aee0b75caa55336a73ac952fac5e8e276c13ee8a04ed98665b629c2f,6,94206317,27.530802420710792,1741093432349226,Balanced Dollar,0.1750788,bnUSD,0,1,2025-03-04
cx2609b924e33ef00b648a409245c7ea394c467824,cx21e94c08c03daee80c25d8ee3ea22a20786ec231,cxa0af3165c08318e988cb30993b3048335b94af6c,0xa8f7914a83d9c8352,0xeae5c4f2aee0b75caa55336a73ac952fac5e8e276c13ee8a04ed98665b629c2f,5,94206317,194.80575786952193,1741093432349226,Staked ICX,0.1750788,sICX,0,1,2025-03-04
cx2609b924e33ef00b648a409245c7ea394c467824,hx0000000000000000000000000000000000000000,cx21e94c08c03daee80c25d8ee3ea22a20786ec231,0xa8f7914a83d9c8352,0xeae5c4f2aee0b75caa55336a73ac952fac5e8e276c13ee8a04ed98665b629c2f,3,94206317,194.80575786952193,1741093432349226,Staked ICX,0.1750788,sICX,0,1,2025-03-04
cx88fd7df7ddff82f7cc735c871dc519838cb235bb,cxa0af3165c08318e988cb30993b3048335b94af6c,hx4dc7903504bb800a462378348a42f53742759e0b,0x130922423e3428f,0x623818628bd91253bd824261831f3abb699dcea85613eabaa763fdbdb3ccf3de,3,94206314,0.08572907683861365,1741093426348368,Balanced Dollar,0.0347563375,bnUSD,0,3,2025-03-04
cx288d13e1b63563459a2ac6179f237711f6851cb5,hx4dc7903504bb800a462378348a42f53742759e0b,cxa0af3165c08318e988cb30993b3048335b94af6c,0x302d9ec8ed618e,0xced266a26361f1e7a4c935d26c56ac39376f3b006bddc885a77caae2034f7f12,0,94206314,0.013560958881194383,1741093426348368,Ethereum,0.0216352,ETH,0,2,2025-03-04
cx88fd7df7ddff82f7cc735c871dc519838cb235bb,hx4dc7903504bb800a462378348a42f53742759e0b,cxa0af3165c08318e988cb30993b3048335b94af6c,0x18c48bab7e98df000,0x5aaae381ef634f9b1fb92c394869c57520a277d610a6969864130eab76e71d2d,0,94206314,28.555278736402805,1741093426348368,Balanced Dollar,0.02221895,bnUSD,0,1,2025-03-04
cx7baf94bd53b505353285ee4c4c050f9703581703,hx608ad77fee14ab0c1ea98d2868dd6ef1ffe0581c,hx0000000000000000000000000000000000000000,0x0,0x3259af84db8befea1d41632ba54454e1580f47c1a01435e8804f8ad83a9c51cd,6,94206313,0.0,1741093424138706,unknown_token,0.0653941375,$unknown,27,1,2025-03-04
cx7baf94bd53b505353285ee4c4c050f9703581703,hx608ad77fee14ab0c1ea98d2868dd6ef1ffe0581c,hx0000000000000000000000000000000000000000,0x0,0x3259af84db8befea1d41632ba54454e1580f47c1a01435e8804f8ad83a9c51cd,5,94206313,0.0,1741093424138706,unknown_token,0.0653941375,$unknown,25,1,2025-03-04
cx7baf94bd53b505353285ee4c4c050f9703581703,hx608ad77fee14ab0c1ea98d2868dd6ef1ffe0581c,hx0000000000000000000000000000000000000000,0x0,0x3259af84db8befea1d41632ba54454e1580f47c1a01435e8804f8ad83a9c51cd,4,94206313,0.0,1741093424138706,unknown_token,0.0653941375,$unknown,20,1,2025-03-04
cx53f8ccd5426534f82cf10cb742de033e51da72fc,hx608ad77fee14ab0c1ea98d2868dd6ef1ffe0581c,hx0000000000000000000000000000000000000000,0x0,0x3259af84db8befea1d41632ba54454e1580f47c1a01435e8804f8ad83a9c51cd,0,94206313,0.0,1741093424138706,unknown_token,0.0653941375,$unknown,3,1,2025-03-04
cx288d13e1b63563459a2ac6179f237711f6851cb5,cx21e94c08c03daee80c25d8ee3ea22a20786ec231,hx4dc7903504bb800a462378348a42f53742759e0b,0x3033c9f65f5979,0x8d82d282e06b9dccb12f8bd248ee02ef7a689cd2b2f5ed5908ea7ce91cb6c7ae,13,94206312,0.01356774139699852,1741093422242034,Ethereum,0.2327652875,ETH,0,2,2025-03-04
cx88fd7df7ddff82f7cc735c871dc519838cb235bb,cxa0af3165c08318e988cb30993b3048335b94af6c,cx5faae53c4dbd1fbe4a2eb4aab6565030f10da5c6,0x983d34b067f2d3,0x8d82d282e06b9dccb12f8bd248ee02ef7a689cd2b2f5ed5908ea7ce91cb6c7ae,11,94206312,0.042851492967215826,1741093422242034,Balanced Dollar,0.2327652875,bnUSD,0,2,2025-03-04
cx288d13e1b63563459a2ac6179f237711f6851cb5,cxa0af3165c08318e988cb30993b3048335b94af6c,cx21e94c08c03daee80c25d8ee3ea22a20786ec231,0x3033c9f65f5979,0x8d82d282e06b9dccb12f8bd248ee02ef7a689cd2b2f5ed5908ea7ce91cb6c7ae,10,94206312,0.01356774139699852,1741093422242034,Ethereum,0.2327652875,ETH,0,2,2025-03-04
cx88fd7df7ddff82f7cc735c871dc519838cb235bb,cx21e94c08c03daee80c25d8ee3ea22a20786ec231,cxa0af3165c08318e988cb30993b3048335b94af6c,0x18c74b9360eb30702,0x8d82d282e06b9dccb12f8bd248ee02ef7a689cd2b2f5ed5908ea7ce91cb6c7ae,9,94206312,28.567661978143885,1741093422242034,Balanced Dollar,0.2327652875,bnUSD,0,2,2025-03-04
cx88fd7df7ddff82f7cc735c871dc519838cb235bb,cxa0af3165c08318e988cb30993b3048335b94af6c,cx5faae53c4dbd1fbe4a2eb4aab6565030f10da5c6,0x98b12ce5666668,0x8d82d282e06b9dccb12f8bd248ee02ef7a689cd2b2f5ed5908ea7ce91cb6c7ae,7,94206312,0.04297900284539044,1741093422242034,Balanced Dollar,0.2327652875,bnUSD,0,2,2025-03-04
cx88fd7df7ddff82f7cc735c871dc519838cb235bb,cxa0af3165c08318e988cb30993b3048335b94af6c,cx21e94c08c03daee80c25d8ee3ea22a20786ec231,0x18c74b9360eb30702,0x8d82d282e06b9dccb12f8bd248ee02ef7a689cd2b2f5ed5908ea7ce91cb6c7ae,6,94206312,28.567661978143885,1741093422242034,Balanced Dollar,0.2327652875,bnUSD,0,2,2025-03-04
cx2609b924e33ef00b648a409245c7ea394c467824,cx21e94c08c03daee80c25d8ee3ea22a20786ec231,cxa0af3165c08318e988cb30993b3048335b94af6c,0xaf51b7799647fc3b6,0x8d82d282e06b9dccb12f8bd248ee02ef7a689cd2b2f5ed5908ea7ce91cb6c7ae,5,94206312,202.12928260145884,1741093422242034,Staked ICX,0.2327652875,sICX,0,2,2025-03-04
cx2609b924e33ef00b648a409245c7ea394c467824,hx0000000000000000000000000000000000000000,cx21e94c08c03daee80c25d8ee3ea22a20786ec231,0xaf51b7799647fc3b6,0x8d82d282e06b9dccb12f8bd248ee02ef7a689cd2b2f5ed5908ea7ce91cb6c7ae,3,94206312,202.12928260145884,1741093422242034,Staked ICX,0.2327652875,sICX,0,2,2025-03-04
cx88fd7df7ddff82f7cc735c871dc519838cb235bb,cx21e94c08c03daee80c25d8ee3ea22a20786ec231,hx4dc7903504bb800a462378348a42f53742759e0b,0x18c7b7aa6da57c76e,0xcde53e6d880af2afefa88c19ec75eb0330cf6819ea15d7f7ca6e9ddeedc4c081,9,94206312,28.569563518201218,1741093422242034,Balanced Dollar,0.1750788,bnUSD,0,1,2025-03-04
cx88fd7df7ddff82f7cc735c871dc519838cb235bb,cxa0af3165c08318e988cb30993b3048335b94af6c,cx5faae53c4dbd1fbe4a2eb4aab6565030f10da5c6,0x98b3c6f7604701,0xcde53e6d880af2afefa88c19ec75eb0330cf6819ea15d7f7ca6e9ddeedc4c081,7,94206312,0.04298186359519821,1741093422242034,Balanced Dollar,0.1750788,bnUSD,0,1,2025-03-04
cx88fd7df7ddff82f7cc735c871dc519838cb235bb,cxa0af3165c08318e988cb30993b3048335b94af6c,cx21e94c08c03daee80c25d8ee3ea22a20786ec231,0x18c7b7aa6da57c76e,0xcde53e6d880af2afefa88c19ec75eb0330cf6819ea15d7f7ca6e9ddeedc4c081,6,94206312,28.569563518201218,1741093422242034,Balanced Dollar,0.1750788,bnUSD,0,1,2025-03-04
cx2609b924e33ef00b648a409245c7ea394c467824,cx21e94c08c03daee80c25d8ee3ea22a20786ec231,cxa0af3165c08318e988cb30993b3048335b94af6c,0xaf51b7799647fc3b6,0xcde53e6d880af2afefa88c19ec75eb0330cf6819ea15d7f7ca6e9ddeedc4c081,5,94206312,202.12928260145884,1741093422242034,Staked ICX,0.1750788,sICX,0,1,2025-03-04
cx2609b924e33ef00b648a409245c7ea394c467824,hx0000000000000000000000000000000000000000,cx21e94c08c03daee80c25d8ee3ea22a20786ec231,0xaf51b7799647fc3b6,0xcde53e6d880af2afefa88c19ec75eb0330cf6819ea15d7f7ca6e9ddeedc4c081,3,94206312,202.12928260145884,1741093422242034,Staked ICX,0.1750788,sICX,0,1,2025-03-04
cx2609b924e33ef00b648a409245c7ea394c467824,cxa0af3165c08318e988cb30993b3048335b94af6c,hx4dc7903504bb800a462378348a42f53742759e0b,0x80cb0e724d52dfb,0x3edd35f6799f09ce1e8a2577eaaa84b759c9c389473ff140c94ef2054500c16f,3,94206309,0.580032958825836,1741093416138416,Staked ICX,0.0437659125,sICX,0,3,2025-03-04
cx2609b924e33ef00b648a409245c7ea394c467824,hx4dc7903504bb800a462378348a42f53742759e0b,cxa0af3165c08318e988cb30993b3048335b94af6c,0xa984792e9e9300000,0xc27fb9fadb9ea33ed56abe33e14259a479392f5a9839fea51b1ed4e8c24d3bd6,0,94206309,195.4403412875443,1741093416138416,Staked ICX,0.03123005,sICX,0,2,2025-03-04
cx88fd7df7ddff82f7cc735c871dc519838cb235bb,hx4dc7903504bb800a462378348a42f53742759e0b,cxa0af3165c08318e988cb30993b3048335b94af6c,0x17f630b70e566b000,0x34562f30aa62536d412412d2326f21f031fd2fec3ddbe9cbd3a435ee541e944e,0,94206309,27.62593711873371,1741093416138416,Balanced Dollar,0.02221895,bnUSD,0,1,2025-03-04
cx2609b924e33ef00b648a409245c7ea394c467824,cx21e94c08c03daee80c25d8ee3ea22a20786ec231,hx4dc7903504bb800a462378348a42f53742759e0b,0xa99a2eb59f4b39d9a,0x93858f4c55619497a4c773857481493fdc8ae942dc10eb6da075ea80162f6e1a,5,94206307,195.53811034271564,1741093412255451,Staked ICX,0.11112635,sICX,0,3,2025-03-04
cx2609b924e33ef00b648a409245c7ea394c467824,hx0000000000000000000000000000000000000000,cx21e94c08c03daee80c25d8ee3ea22a20786ec231,0xa99a2eb59f4b39d9a,0x93858f4c55619497a4c773857481493fdc8ae942dc10eb6da075ea80162f6e1a,3,94206307,195.53811034271564,1741093412255451,Staked ICX,0.11112635,sICX,0,3,2025-03-04
cx88fd7df7ddff82f7cc735c871dc519838cb235bb,cx21e94c08c03daee80c25d8ee3ea22a20786ec231,hx4dc7903504bb800a462378348a42f53742759e0b,0x17f94248c1e4c528e,0x3d9fcb4f6bac1da249ce0636867bfa35d1e12d5621fb17e7b91379aac8b41fda,9,94206307,27.639756997301916,1741093412255451,Balanced Dollar,0.1750788,bnUSD,0,1,2025-03-04
cx88fd7df7ddff82f7cc735c871dc519838cb235bb,cxa0af3165c08318e988cb30993b3048335b94af6c,cx5faae53c4dbd1fbe4a2eb4aab6565030f10da5c6,0x93bb9002024dea,0x3d9fcb4f6bac1da249ce0636867bfa35d1e12d5621fb17e7b91379aac8b41fda,7,94206307,0.04158304875985662,1741093412255451,Balanced Dollar,0.1750788,bnUSD,0,1,2025-03-04
cx88fd7df7ddff82f7cc735c871dc519838cb235bb,cxa0af3165c08318e988cb30993b3048335b94af6c,cx21e94c08c03daee80c25d8ee3ea22a20786ec231,0x17f94248c1e4c528e,0x3d9fcb4f6bac1da249ce0636867bfa35d1e12d5621fb17e7b91379aac8b41fda,6,94206307,27.639756997301916,1741093412255451,Balanced Dollar,0.1750788,bnUSD,0,1,2025-03-04
cx2609b924e33ef00b648a409245c7ea394c467824,cx21e94c08c03daee80c25d8ee3ea22a20786ec231,cxa0af3165c08318e988cb30993b3048335b94af6c,0xa99a2eb59f4b39d9a,0x3d9fcb4f6bac1da249ce0636867bfa35d1e12d5621fb17e7b91379aac8b41fda,5,94206307,195.53811034271564,1741093412255451,Staked ICX,0.1750788,sICX,0,1,2025-03-04
cx2609b924e33ef00b648a409245c7ea394c467824,hx0000000000000000000000000000000000000000,cx21e94c08c03daee80c25d8ee3ea22a20786ec231,0xa99a2eb59f4b39d9a,0x3d9fcb4f6bac1da249ce0636867bfa35d1e12d5621fb17e7b91379aac8b41fda,3,94206307,195.53811034271564,1741093412255451,Staked ICX,0.1750788,sICX,0,1,2025-03-04
cx6139a27c15f1653471ffba0b4b88dc15de7e3267,hx0000000000000000000000000000000000000000,hx608ad77fee14ab0c1ea98d2868dd6ef1ffe0581c,0x34b135b21f8fb00000,0x35e49ed2c68660c6fdb0fea24db351bdaf5f3c8bc6046231b20bdf56b39aec1f,0,94206295,972.0,1741093388225100,GangstaBet Token,0.01275535,GBET,0,1,2025-03-04
cx88fd7df7ddff82f7cc735c871dc519838cb235bb,cx21e94c08c03daee80c25d8ee3ea22a20786ec231,hx2debd9ec927cca1639da8d3518dd9dbf1cdfb357,0x1593f81745b984c543,0xc3d73a32b3d652044122b88917de455f6c8d1c86da45e7ca10929a5f25134f83,5,94206277,398.0439232539329,1741093352120851,Balanced Dollar,0.0883172375,bnUSD,0,1,2025-03-04
cx88fd7df7ddff82f7cc735c871dc519838cb235bb,cxa0af3165c08318e988cb30993b3048335b94af6c,cx5faae53c4dbd1fbe4a2eb4aab6565030f10da5c6,0x84c19f75a2a94a9,0xc3d73a32b3d652044122b88917de455f6c8d1c86da45e7ca10929a5f25134f83,3,94206277,0.5978814006937898,1741093352120851,Balanced Dollar,0.0883172375,bnUSD,0,1,2025-03-04
cx88fd7df7ddff82f7cc735c871dc519838cb235bb,cxa0af3165c08318e988cb30993b3048335b94af6c,cx21e94c08c03daee80c25d8ee3ea22a20786ec231,0x1593f81745b984c543,0xc3d73a32b3d652044122b88917de455f6c8d1c86da45e7ca10929a5f25134f83,2,94206277,398.0439232539329,1741093352120851,Balanced Dollar,0.0883172375,bnUSD,0,1,2025-03-04
cx66a031cc3bd305c76371fb586e93801b948254f0,cx21e94c08c03daee80c25d8ee3ea22a20786ec231,cxa0af3165c08318e988cb30993b3048335b94af6c,0x1158e460913d00000,0xc3d73a32b3d652044122b88917de455f6c8d1c86da45e7ca10929a5f25134f83,1,94206277,20.0,1741093352120851,Avalanche,0.0883172375,AVAX,0,1,2025-03-04
cx66a031cc3bd305c76371fb586e93801b948254f0,hx2debd9ec927cca1639da8d3518dd9dbf1cdfb357,cx21e94c08c03daee80c25d8ee3ea22a20786ec231,0x1158e460913d00000,0xc3d73a32b3d652044122b88917de455f6c8d1c86da45e7ca10929a5f25134f83,0,94206277,20.0,1741093352120851,Avalanche,0.0883172375,AVAX,0,1,2025-03-04
cx88fd7df7ddff82f7cc735c871dc519838cb235bb,cx21e94c08c03daee80c25d8ee3ea22a20786ec231,hx2debd9ec927cca1639da8d3518dd9dbf1cdfb357,0x11b6befc6f80943b08,0x4efbbd35effa7ca5dba9e2c0b48f064c71126140a0e8476a5dfe85592bc9a668,5,94206273,326.76288916936903,1741093344116142,Balanced Dollar,0.088410925,bnUSD,0,1,2025-03-04
cx88fd7df7ddff82f7cc735c871dc519838cb235bb,cxa0af3165c08318e988cb30993b3048335b94af6c,cx5faae53c4dbd1fbe4a2eb4aab6565030f10da5c6,0x6cf79f6b67f6cdc,0x4efbbd35effa7ca5dba9e2c0b48f064c71126140a0e8476a5dfe85592bc9a668,3,94206273,0.4907449849373934,1741093344116142,Balanced Dollar,0.088410925,bnUSD,0,1,2025-03-04
cx88fd7df7ddff82f7cc735c871dc519838cb235bb,cxa0af3165c08318e988cb30993b3048335b94af6c,cx21e94c08c03daee80c25d8ee3ea22a20786ec231,0x11b6befc6f80943b08,0x4efbbd35effa7ca5dba9e2c0b48f064c71126140a0e8476a5dfe85592bc9a668,2,94206273,326.76288916936903,1741093344116142,Balanced Dollar,0.088410925,bnUSD,0,1,2025-03-04
cx4297f4b63262507623b6ad575d0d8dd2db980e4e,cx21e94c08c03daee80c25d8ee3ea22a20786ec231,cxa0af3165c08318e988cb30993b3048335b94af6c,0x1a055690d9db80000,0x4efbbd35effa7ca5dba9e2c0b48f064c71126140a0e8476a5dfe85592bc9a668,1,94206273,30.0,1741093344116142,Injective,0.088410925,INJ,0,1,2025-03-04
cx4297f4b63262507623b6ad575d0d8dd2db980e4e,hx2debd9ec927cca1639da8d3518dd9dbf1cdfb357,cx21e94c08c03daee80c25d8ee3ea22a20786ec231,0x1a055690d9db80000,0x4efbbd35effa7ca5dba9e2c0b48f064c71126140a0e8476a5dfe85592bc9a668,0,94206273,30.0,1741093344116142,Injective,0.088410925,INJ,0,1,2025-03-04
cx88fd7df7ddff82f7cc735c871dc519838cb235bb,cx21e94c08c03daee80c25d8ee3ea22a20786ec231,hxd75467e3e4ce64e3424c747dfb71503017440433,0x627345b1db198972d,0x644ccd8434aab7a92ac0cd99e122cd43541bd8406d760ee206036183aa477142,9,94206270,113.5054474916172,1741093338219113,Balanced Dollar,0.1699982125,bnUSD,0,1,2025-03-04
cx88fd7df7ddff82f7cc735c871dc519838cb235bb,cxa0af3165c08318e988cb30993b3048335b94af6c,cx5faae53c4dbd1fbe4a2eb4aab6565030f10da5c6,0x25e9e4cfa50869e,0x644ccd8434aab7a92ac0cd99e122cd43541bd8406d760ee206036183aa477142,7,94206270,0.17074788934094198,1741093338219113,Balanced Dollar,0.1699982125,bnUSD,0,1,2025-03-04
cx88fd7df7ddff82f7cc735c871dc519838cb235bb,cxa0af3165c08318e988cb30993b3048335b94af6c,cx21e94c08c03daee80c25d8ee3ea22a20786ec231,0x627345b1db198972d,0x644ccd8434aab7a92ac0cd99e122cd43541bd8406d760ee206036183aa477142,6,94206270,113.5054474916172,1741093338219113,Balanced Dollar,0.1699982125,bnUSD,0,1,2025-03-04
cx2609b924e33ef00b648a409245c7ea394c467824,cx21e94c08c03daee80c25d8ee3ea22a20786ec231,cxa0af3165c08318e988cb30993b3048335b94af6c,0x2b85fca210b95e256c,0x644ccd8434aab7a92ac0cd99e122cd43541bd8406d760ee206036183aa477142,5,94206270,802.8647650633993,1741093338219113,Staked ICX,0.1699982125,sICX,0,1,2025-03-04
cx2609b924e33ef00b648a409245c7ea394c467824,cxa0af3165c08318e988cb30993b3048335b94af6c,cx5faae53c4dbd1fbe4a2eb4aab6565030f10da5c6,0x10bdb01897a9f0c0,0x644ccd8434aab7a92ac0cd99e122cd43541bd8406d760ee206036183aa477142,3,94206270,1.2063138948753616,1741093338219113,Staked ICX,0.1699982125,sICX,0,1,2025-03-04
cx2609b924e33ef00b648a409245c7ea394c467824,cxa0af3165c08318e988cb30993b3048335b94af6c,cx21e94c08c03daee80c25d8ee3ea22a20786ec231,0x2b85fca210b95e256c,0x644ccd8434aab7a92ac0cd99e122cd43541bd8406d760ee206036183aa477142,2,94206270,802.8647650633993,1741093338219113,Staked ICX,0.1699982125,sICX,0,1,2025-03-04
cx518f64edcd35db9044a2de63fdc10abfd5f7d611,cx21e94c08c03daee80c25d8ee3ea22a20786ec231,cxa0af3165c08318e988cb30993b3048335b94af6c,0xee6b2800,0x644ccd8434aab7a92ac0cd99e122cd43541bd8406d760ee206036183aa477142,1,94206270,400.0,1741093338219113,Stellar,0.1699982125,XLM,0,1,2025-03-04
cx518f64edcd35db9044a2de63fdc10abfd5f7d611,hxd75467e3e4ce64e3424c747dfb71503017440433,cx21e94c08c03daee80c25d8ee3ea22a20786ec231,0xee6b2800,0x644ccd8434aab7a92ac0cd99e122cd43541bd8406d760ee206036183aa477142,0,94206270,400.0,1741093338219113,Stellar,0.1699982125,XLM,0,1,2025-03-04
cx88fd7df7ddff82f7cc735c871dc519838cb235bb,cx21e94c08c03daee80c25d8ee3ea22a20786ec231,hx2debd9ec927cca1639da8d3518dd9dbf1cdfb357,0xf55c5fbadebb51a22,0x8c2dde73606a59dbd248ddd0c4d461509135e17e27b967c88dc4cafa92e968ba,5,94206268,282.8817838936816,1741093334113541,Balanced Dollar,0.1127019125,bnUSD,0,1,2025-03-04
cx88fd7df7ddff82f7cc735c871dc519838cb235bb,cxa0af3165c08318e988cb30993b3048335b94af6c,cx5faae53c4dbd1fbe4a2eb4aab6565030f10da5c6,0x5e788e0afeefc12,0x8c2dde73606a59dbd248ddd0c4d461509135e17e27b967c88dc4cafa92e968ba,3,94206268,0.42545918841552793,1741093334113541,Balanced Dollar,0.1127019125,bnUSD,0,1,2025-03-04
cx88fd7df7ddff82f7cc735c871dc519838cb235bb,cxa0af3165c08318e988cb30993b3048335b94af6c,cx21e94c08c03daee80c25d8ee3ea22a20786ec231,0xf55c5fbadebb51a22,0x8c2dde73606a59dbd248ddd0c4d461509135e17e27b967c88dc4cafa92e968ba,2,94206268,282.8817838936816,1741093334113541,Balanced Dollar,0.1127019125,bnUSD,0,1,2025-03-04
cx2609b924e33ef00b648a409245c7ea394c467824,cx21e94c08c03daee80c25d8ee3ea22a20786ec231,cxa0af3165c08318e988cb30993b3048335b94af6c,0x6c6b935b8bbd400000,0x8c2dde73606a59dbd248ddd0c4d461509135e17e27b967c88dc4cafa92e968ba,1,94206268,2000.0,1741093334113541,Staked ICX,0.1127019125,sICX,0,1,2025-03-04
cx2609b924e33ef00b648a409245c7ea394c467824,hx2debd9ec927cca1639da8d3518dd9dbf1cdfb357,cx21e94c08c03daee80c25d8ee3ea22a20786ec231,0x6c6b935b8bbd400000,0x8c2dde73606a59dbd248ddd0c4d461509135e17e27b967c88dc4cafa92e968ba,0,94206268,2000.0,1741093334113541,Staked ICX,0.1127019125,sICX,0,1,2025-03-04
cx88fd7df7ddff82f7cc735c871dc519838cb235bb,cx21e94c08c03daee80c25d8ee3ea22a20786ec231,hxd75467e3e4ce64e3424c747dfb71503017440433,0x62cdd07fe39694285,0x39da4dd141ec2bcd5b14dc76456861991a167261b9196e2e723b2e0cc4ac99a7,9,94206259,113.91321333824548,1741093316108126,Balanced Dollar,0.170017025,bnUSD,0,1,2025-03-04
cx88fd7df7ddff82f7cc735c871dc519838cb235bb,cxa0af3165c08318e988cb30993b3048335b94af6c,cx5faae53c4dbd1fbe4a2eb4aab6565030f10da5c6,0x260cc20a75cbf0f,0x39da4dd141ec2bcd5b14dc76456861991a167261b9196e2e723b2e0cc4ac99a7,7,94206259,0.17136122645897192,1741093316108126,Balanced Dollar,0.170017025,bnUSD,0,1,2025-03-04
cx88fd7df7ddff82f7cc735c871dc519838cb235bb,cxa0af3165c08318e988cb30993b3048335b94af6c,cx21e94c08c03daee80c25d8ee3ea22a20786ec231,0x62cdd07fe39694285,0x39da4dd141ec2bcd5b14dc76456861991a167261b9196e2e723b2e0cc4ac99a7,6,94206259,113.91321333824548,1741093316108126,Balanced Dollar,0.170017025,bnUSD,0,1,2025-03-04
cx2609b924e33ef00b648a409245c7ea394c467824,cx21e94c08c03daee80c25d8ee3ea22a20786ec231,cxa0af3165c08318e988cb30993b3048335b94af6c,0x2ba3b0b2dbfb21789e,0x39da4dd141ec2bcd5b14dc76456861991a167261b9196e2e723b2e0cc4ac99a7,5,94206259,805.0051192514749,1741093316108126,Staked ICX,0.170017025,sICX,0,1,2025-03-04
cx2609b924e33ef00b648a409245c7ea394c467824,cxa0af3165c08318e988cb30993b3048335b94af6c,cx5faae53c4dbd1fbe4a2eb4aab6565030f10da5c6,0x10c91afeae22a391,0x39da4dd141ec2bcd5b14dc76456861991a167261b9196e2e723b2e0cc4ac99a7,3,94206259,1.2095276560712098,1741093316108126,Staked ICX,0.170017025,sICX,0,1,2025-03-04
cx2609b924e33ef00b648a409245c7ea394c467824,cxa0af3165c08318e988cb30993b3048335b94af6c,cx21e94c08c03daee80c25d8ee3ea22a20786ec231,0x2ba3b0b2dbfb21789e,0x39da4dd141ec2bcd5b14dc76456861991a167261b9196e2e723b2e0cc4ac99a7,2,94206259,805.0051192514749,1741093316108126,Staked ICX,0.170017025,sICX,0,1,2025-03-04
cx518f64edcd35db9044a2de63fdc10abfd5f7d611,cx21e94c08c03daee80c25d8ee3ea22a20786ec231,cxa0af3165c08318e988cb30993b3048335b94af6c,0xee6b2800,0x39da4dd141ec2bcd5b14dc76456861991a167261b9196e2e723b2e0cc4ac99a7,1,94206259,400.0,1741093316108126,Stellar,0.170017025,XLM,0,1,2025-03-04
cx518f64edcd35db9044a2de63fdc10abfd5f7d611,hxd75467e3e4ce64e3424c747dfb71503017440433,cx21e94c08c03daee80c25d8ee3ea22a20786ec231,0xee6b2800,0x39da4dd141ec2bcd5b14dc76456861991a167261b9196e2e723b2e0cc4ac99a7,0,94206259,400.0,1741093316108126,Stellar,0.170017025,XLM,0,1,2025-03-04
cx88fd7df7ddff82f7cc735c871dc519838cb235bb,hxbf37eac3b738a15e5dfbeb20ec6be4a7f769f5e0,hx0000000000000000000000000000000000000000,0x296a3f6f160796f1,0x78eb28962133f6b26a2ec41890a387f6db483d88b2dcaf9836520a64422034a7,0,94206145,2.9842674494298906,1741093088138060,Balanced Dollar,0.060445425,bnUSD,0,1,2025-03-04
cx88fd7df7ddff82f7cc735c871dc519838cb235bb,cx21e94c08c03daee80c25d8ee3ea22a20786ec231,hxbf37eac3b738a15e5dfbeb20ec6be4a7f769f5e0,0x16521a61ed09be8f,0x863e22b719733ef6145c7b0edb8ffcca2cc8455b74341cd6c8a101423a87a42b,6,94206136,1.608377024815677,1741093070136634,Balanced Dollar,0.172658225,bnUSD,0,1,2025-03-04
cx88fd7df7ddff82f7cc735c871dc519838cb235bb,cxa0af3165c08318e988cb30993b3048335b94af6c,cx5faae53c4dbd1fbe4a2eb4aab6565030f10da5c6,0x898d05c007e62,0x863e22b719733ef6145c7b0edb8ffcca2cc8455b74341cd6c8a101423a87a42b,4,94206136,0.002419820477840994,1741093070136634,Balanced Dollar,0.172658225,bnUSD,0,1,2025-03-04
cx88fd7df7ddff82f7cc735c871dc519838cb235bb,cxa0af3165c08318e988cb30993b3048335b94af6c,cx21e94c08c03daee80c25d8ee3ea22a20786ec231,0x16521a61ed09be8f,0x863e22b719733ef6145c7b0edb8ffcca2cc8455b74341cd6c8a101423a87a42b,3,94206136,1.608377024815677,1741093070136634,Balanced Dollar,0.172658225,bnUSD,0,1,2025-03-04
cx2609b924e33ef00b648a409245c7ea394c467824,cx21e94c08c03daee80c25d8ee3ea22a20786ec231,cxa0af3165c08318e988cb30993b3048335b94af6c,0x9db72a92d5d8eb2a,0x863e22b719733ef6145c7b0edb8ffcca2cc8455b74341cd6c8a101423a87a42b,2,94206136,11.364598994834092,1741093070136634,Staked ICX,0.172658225,sICX,0,1,2025-03-04
cx2609b924e33ef00b648a409245c7ea394c467824,hxbf37eac3b738a15e5dfbeb20ec6be4a7f769f5e0,cx21e94c08c03daee80c25d8ee3ea22a20786ec231,0x9db72a92d5d8eb2a,0x863e22b719733ef6145c7b0edb8ffcca2cc8455b74341cd6c8a101423a87a42b,1,94206136,11.364598994834092,1741093070136634,Staked ICX,0.172658225,sICX,0,1,2025-03-04
cx88fd7df7ddff82f7cc735c871dc519838cb235bb,cx21e94c08c03daee80c25d8ee3ea22a20786ec231,hxbf37eac3b738a15e5dfbeb20ec6be4a7f769f5e0,0x1309ddfe69c9301c,0xd1899c419aa9990589fb188b43a10a55161af5e0f10b0c38d27c86a83396a309,16,94206129,1.3718716462772511,1741093056039050,Balanced Dollar,0.3681410875,bnUSD,0,1,2025-03-04
cx88fd7df7ddff82f7cc735c871dc519838cb235bb,cxa0af3165c08318e988cb30993b3048335b94af6c,cx5faae53c4dbd1fbe4a2eb4aab6565030f10da5c6,0x755318e76fdfa,0xd1899c419aa9990589fb188b43a10a55161af5e0f10b0c38d27c86a83396a309,14,94206129,0.002063996168895994,1741093056039050,Balanced Dollar,0.3681410875,bnUSD,0,1,2025-03-04
cx88fd7df7ddff82f7cc735c871dc519838cb235bb,cxa0af3165c08318e988cb30993b3048335b94af6c,cx21e94c08c03daee80c25d8ee3ea22a20786ec231,0x1309ddfe69c9301c,0xd1899c419aa9990589fb188b43a10a55161af5e0f10b0c38d27c86a83396a309,13,94206129,1.3718716462772511,1741093056039050,Balanced Dollar,0.3681410875,bnUSD,0,1,2025-03-04
cx2609b924e33ef00b648a409245c7ea394c467824,cx21e94c08c03daee80c25d8ee3ea22a20786ec231,cxa0af3165c08318e988cb30993b3048335b94af6c,0x86860a76b5ef88a5,0xd1899c419aa9990589fb188b43a10a55161af5e0f10b0c38d27c86a83396a309,12,94206129,9.693446752936364,1741093056039050,Staked ICX,0.3681410875,sICX,0,1,2025-03-04
cx2609b924e33ef00b648a409245c7ea394c467824,cx203d9cd2a669be67177e997b8948ce2c35caffae,cx835b300dcfe01f0bdb794e134a0c5628384f4367,0x5f6221ee195b45c,0xd1899c419aa9990589fb188b43a10a55161af5e0f10b0c38d27c86a83396a309,9,94206129,0.42956833048950893,1741093056039050,Staked ICX,0.3681410875,sICX,0,1,2025-03-04
cx2609b924e33ef00b648a409245c7ea394c467824,cx5faae53c4dbd1fbe4a2eb4aab6565030f10da5c6,cx203d9cd2a669be67177e997b8948ce2c35caffae,0x88430be66d5dd17,0xd1899c419aa9990589fb188b43a10a55161af5e0f10b0c38d27c86a83396a309,6,94206129,0.6136690435564414,1741093056039050,Staked ICX,0.3681410875,sICX,0,1,2025-03-04
cx2609b924e33ef00b648a409245c7ea394c467824,cx5faae53c4dbd1fbe4a2eb4aab6565030f10da5c6,cxdc30a0d3a1f131565c071272a20bc0b06fd4c17b,0x88430be66d5dd17,0xd1899c419aa9990589fb188b43a10a55161af5e0f10b0c38d27c86a83396a309,4,94206129,0.6136690435564414,1741093056039050,Staked ICX,0.3681410875,sICX,0,1,2025-03-04
cx2609b924e33ef00b648a409245c7ea394c467824,cxa0af3165c08318e988cb30993b3048335b94af6c,cx5faae53c4dbd1fbe4a2eb4aab6565030f10da5c6,0x33cfe51bddf9bc,0xd1899c419aa9990589fb188b43a10a55161af5e0f10b0c38d27c86a83396a309,3,94206129,0.014583806734236092,1741093056039050,Staked ICX,0.3681410875,sICX,0,1,2025-03-04
cx2609b924e33ef00b648a409245c7ea394c467824,cxa0af3165c08318e988cb30993b3048335b94af6c,cx21e94c08c03daee80c25d8ee3ea22a20786ec231,0x86860a76b5ef88a5,0xd1899c419aa9990589fb188b43a10a55161af5e0f10b0c38d27c86a83396a309,2,94206129,9.693446752936364,1741093056039050,Staked ICX,0.3681410875,sICX,0,1,2025-03-04
cxf61cd5a45dc9f91c15aa65831a30a90d59a09619,cx21e94c08c03daee80c25d8ee3ea22a20786ec231,cxa0af3165c08318e988cb30993b3048335b94af6c,0xa1d6aadd205689c6,0xd1899c419aa9990589fb188b43a10a55161af5e0f10b0c38d27c86a83396a309,1,94206129,11.661696151829515,1741093056039050,Balance Token,0.3681410875,BALN,0,1,2025-03-04
cxf61cd5a45dc9f91c15aa65831a30a90d59a09619,hxbf37eac3b738a15e5dfbeb20ec6be4a7f769f5e0,cx21e94c08c03daee80c25d8ee3ea22a20786ec231,0xa1d6aadd205689c6,0xd1899c419aa9990589fb188b43a10a55161af5e0f10b0c38d27c86a83396a309,0,94206129,11.661696151829515,1741093056039050,Balance Token,0.3681410875,BALN,0,1,2025-03-04
cxf61cd5a45dc9f91c15aa65831a30a90d59a09619,cx10d59e8103ab44635190bd4139dbfd682fa2d07e,hxbf37eac3b738a15e5dfbeb20ec6be4a7f769f5e0,0x3ea5376d7ac10e8b,0x9cd36b644ba65f6c81f793358c49e267dc31fd7304496ae5a5aed52686d14498,5,94206118,4.514075144859226,1741093034027677,Balance Token,0.160871225,BALN,0,1,2025-03-04
cx2609b924e33ef00b648a409245c7ea394c467824,cx10d59e8103ab44635190bd4139dbfd682fa2d07e,hxbf37eac3b738a15e5dfbeb20ec6be4a7f769f5e0,0x6a49fce84a6103cf,0x9cd36b644ba65f6c81f793358c49e267dc31fd7304496ae5a5aed52686d14498,3,94206118,7.658930715930723,1741093034027677,Staked ICX,0.160871225,sICX,0,1,2025-03-04
cx2609b924e33ef00b648a409245c7ea394c467824,hxb66e8c52f3f583ca21604af2ea30e1ae62d87f96,hxbf37eac3b738a15e5dfbeb20ec6be4a7f769f5e0,0x336d2daa8b77e75b,0xfb12cf284d7bb919d305a9b7046773c68dc19b99dde33a81f91395c891a181cb,1,94206103,3.7056682789033677,1741093004014952,Staked ICX,0.081487975,sICX,0,1,2025-03-04
cx88fd7df7ddff82f7cc735c871dc519838cb235bb,cx21e94c08c03daee80c25d8ee3ea22a20786ec231,hx2debd9ec927cca1639da8d3518dd9dbf1cdfb357,0x11c6eb4516561afc7f,0x68ec4a359075655e7e3cc1d3d135769f96583c935189096c52e7ee2a3874c538,5,94206084,327.92827545433533,1741092966003147,Balanced Dollar,0.088410925,bnUSD,0,2,2025-03-04
cx88fd7df7ddff82f7cc735c871dc519838cb235bb,cxa0af3165c08318e988cb30993b3048335b94af6c,cx5faae53c4dbd1fbe4a2eb4aab6565030f10da5c6,0x6d5b05c0f6a395f,0x68ec4a359075655e7e3cc1d3d135769f96583c935189096c52e7ee2a3874c538,3,94206084,0.4924936437090369,1741092966003147,Balanced Dollar,0.088410925,bnUSD,0,2,2025-03-04
cx88fd7df7ddff82f7cc735c871dc519838cb235bb,cxa0af3165c08318e988cb30993b3048335b94af6c,cx21e94c08c03daee80c25d8ee3ea22a20786ec231,0x11c6eb4516561afc7f,0x68ec4a359075655e7e3cc1d3d135769f96583c935189096c52e7ee2a3874c538,2,94206084,327.92827545433533,1741092966003147,Balanced Dollar,0.088410925,bnUSD,0,2,2025-03-04
cx4297f4b63262507623b6ad575d0d8dd2db980e4e,cx21e94c08c03daee80c25d8ee3ea22a20786ec231,cxa0af3165c08318e988cb30993b3048335b94af6c,0x1a055690d9db80000,0x68ec4a359075655e7e3cc1d3d135769f96583c935189096c52e7ee2a3874c538,1,94206084,30.0,1741092966003147,Injective,0.088410925,INJ,0,2,2025-03-04
cx4297f4b63262507623b6ad575d0d8dd2db980e4e,hx2debd9ec927cca1639da8d3518dd9dbf1cdfb357,cx21e94c08c03daee80c25d8ee3ea22a20786ec231,0x1a055690d9db80000,0x68ec4a359075655e7e3cc1d3d135769f96583c935189096c52e7ee2a3874c538,0,94206084,30.0,1741092966003147,Injective,0.088410925,INJ,0,2,2025-03-04
cxf61cd5a45dc9f91c15aa65831a30a90d59a09619,cx10d59e8103ab44635190bd4139dbfd682fa2d07e,hxb66e8c52f3f583ca21604af2ea30e1ae62d87f96,0x1ffc6b849d9d02d0,0x65ac60efdd8027e012f36639287c91dbfcd91b3e16cd1bcfc8eaa86d95b990be,4,94206084,2.3048353266310193,1741092966003147,Balance Token,0.080628425,BALN,0,1,2025-03-04
cx2609b924e33ef00b648a409245c7ea394c467824,cx10d59e8103ab44635190bd4139dbfd682fa2d07e,hxb66e8c52f3f583ca21604af2ea30e1ae62d87f96,0x336d2daa8b77e75b,0x65ac60efdd8027e012f36639287c91dbfcd91b3e16cd1bcfc8eaa86d95b990be,2,94206084,3.7056682789033677,1741092966003147,Staked ICX,0.080628425,sICX,0,1,2025-03-04
cx88fd7df7ddff82f7cc735c871dc519838cb235bb,cxa0af3165c08318e988cb30993b3048335b94af6c,cx5faae53c4dbd1fbe4a2eb4aab6565030f10da5c6,0xeb85b6df115000,0x596ff0137039ba3ac4bb3f71b6175278535b9f86313ed2b3022f1ffc0785d38e,2,94205945,0.06629364,1741092688018083,Balanced Dollar,0.0563614,bnUSD,0,1,2025-03-04
cx4297f4b63262507623b6ad575d0d8dd2db980e4e,cxa0af3165c08318e988cb30993b3048335b94af6c,hxd75467e3e4ce64e3424c747dfb71503017440433,0x37b0401d5b7e142c,0x596ff0137039ba3ac4bb3f71b6175278535b9f86313ed2b3022f1ffc0785d38e,1,94205945,4.01277776282033,1741092688018083,Injective,0.0563614,INJ,0,1,2025-03-04
cx88fd7df7ddff82f7cc735c871dc519838cb235bb,hxd75467e3e4ce64e3424c747dfb71503017440433,cxa0af3165c08318e988cb30993b3048335b94af6c,0x26556e18f926b0000,0x596ff0137039ba3ac4bb3f71b6175278535b9f86313ed2b3022f1ffc0785d38e,0,94205945,44.19576,1741092688018083,Balanced Dollar,0.0563614,bnUSD,0,1,2025-03-04
cx88fd7df7ddff82f7cc735c871dc519838cb235bb,cxa0af3165c08318e988cb30993b3048335b94af6c,cx5faae53c4dbd1fbe4a2eb4aab6565030f10da5c6,0xebbc3abd79b800,0xc55f5d3d162efde8522ac163cf683eac74eb780dc2a0495dc0d89707e52395d5,2,94205939,0.06635358,1741092676116066,Balanced Dollar,0.0563614,bnUSD,0,1,2025-03-04
cx4297f4b63262507623b6ad575d0d8dd2db980e4e,cxa0af3165c08318e988cb30993b3048335b94af6c,hxd75467e3e4ce64e3424c747dfb71503017440433,0x37c3f65cff2c69bc,0xc55f5d3d162efde8522ac163cf683eac74eb780dc2a0495dc0d89707e52395d5,1,94205939,4.018326171823139,1741092676116066,Injective,0.0563614,INJ,0,1,2025-03-04
cx88fd7df7ddff82f7cc735c871dc519838cb235bb,hxd75467e3e4ce64e3424c747dfb71503017440433,cxa0af3165c08318e988cb30993b3048335b94af6c,0x265e4d8f817a48000,0xc55f5d3d162efde8522ac163cf683eac74eb780dc2a0495dc0d89707e52395d5,0,94205939,44.23572,1741092676116066,Balanced Dollar,0.0563614,bnUSD,0,1,2025-03-04
cx88fd7df7ddff82f7cc735c871dc519838cb235bb,cxa0af3165c08318e988cb30993b3048335b94af6c,cx5faae53c4dbd1fbe4a2eb4aab6565030f10da5c6,0xb2ed4020fb3a20c,0x9f8a7f1832bd880d5a027212e46df8db951d513f1298fe88e31706f854e77e7f,2,94205937,0.8058144886643512,1741092672018971,Balanced Dollar,0.0705547125,bnUSD,0,1,2025-03-04
cx2609b924e33ef00b648a409245c7ea394c467824,cxa0af3165c08318e988cb30993b3048335b94af6c,hxc1718c79947e0f673296218b5b23adbd9a3b38a8,0xccaae94505ab309517,0x9f8a7f1832bd880d5a027212e46df8db951d513f1298fe88e31706f854e77e7f,1,94205937,3775.4512415834192,1741092672018971,Staked ICX,0.0705547125,sICX,0,1,2025-03-04
cx88fd7df7ddff82f7cc735c871dc519838cb235bb,hxc1718c79947e0f673296218b5b23adbd9a3b38a8,cxa0af3165c08318e988cb30993b3048335b94af6c,0x1d1f481ab38e760000,0x9f8a7f1832bd880d5a027212e46df8db951d513f1298fe88e31706f854e77e7f,0,94205937,537.2096591095675,1741092672018971,Balanced Dollar,0.0705547125,bnUSD,0,1,2025-03-04
cx88fd7df7ddff82f7cc735c871dc519838cb235bb,cxd82fb5d3effecd8c9071a4bba3856ad7222c4b91,hxc1718c79947e0f673296218b5b23adbd9a3b38a8,0x1d1f481ab38e760000,0xd7df6cda558b9d648ef9a0fd78bf288318edc0d4efa7617fe9c21b146ae93fad,0,94205936,537.2096591095675,1741092670018754,Balanced Dollar,0.020690875,bnUSD,0,1,2025-03-04
cx88fd7df7ddff82f7cc735c871dc519838cb235bb,cxa0af3165c08318e988cb30993b3048335b94af6c,cx5faae53c4dbd1fbe4a2eb4aab6565030f10da5c6,0xeb18af22408000,0xcc1df2f6db56703db6310946e2f3ba56715c8a03400f02d028ace28cc096f631,2,94205921,0.06617376,1741092639960372,Balanced Dollar,0.0563614,bnUSD,0,1,2025-03-04
cx4297f4b63262507623b6ad575d0d8dd2db980e4e,cxa0af3165c08318e988cb30993b3048335b94af6c,hxd75467e3e4ce64e3424c747dfb71503017440433,0x37a4138a49b155b8,0xcc1df2f6db56703db6310946e2f3ba56715c8a03400f02d028ace28cc096f631,1,94205921,4.0093510529293575,1741092639960372,Injective,0.0563614,INJ,0,1,2025-03-04
cx88fd7df7ddff82f7cc735c871dc519838cb235bb,hxd75467e3e4ce64e3424c747dfb71503017440433,cxa0af3165c08318e988cb30993b3048335b94af6c,0x2643af2be87f80000,0xcc1df2f6db56703db6310946e2f3ba56715c8a03400f02d028ace28cc096f631,0,94205921,44.11584,1741092639960372,Balanced Dollar,0.0563614,bnUSD,0,1,2025-03-04
cx88fd7df7ddff82f7cc735c871dc519838cb235bb,cxa0af3165c08318e988cb30993b3048335b94af6c,cx5faae53c4dbd1fbe4a2eb4aab6565030f10da5c6,0xeb18af22408000,0x9b6ecd0c9885ca3c26b151f363d6f60f2b43af29605558e8a140d9e0400d5124,2,94205870,0.06617376,1741092537972036,Balanced Dollar,0.0563614,bnUSD,0,1,2025-03-04
cx4297f4b63262507623b6ad575d0d8dd2db980e4e,cxa0af3165c08318e988cb30993b3048335b94af6c,hxd75467e3e4ce64e3424c747dfb71503017440433,0x37aadfcb098fc06e,0x9b6ecd0c9885ca3c26b151f363d6f60f2b43af29605558e8a140d9e0400d5124,1,94205870,4.011264481258619,1741092537972036,Injective,0.0563614,INJ,0,1,2025-03-04
cx88fd7df7ddff82f7cc735c871dc519838cb235bb,hxd75467e3e4ce64e3424c747dfb71503017440433,cxa0af3165c08318e988cb30993b3048335b94af6c,0x2643af2be87f80000,0x9b6ecd0c9885ca3c26b151f363d6f60f2b43af29605558e8a140d9e0400d5124,0,94205870,44.11584,1741092537972036,Balanced Dollar,0.0563614,bnUSD,0,1,2025-03-04
cx88fd7df7ddff82f7cc735c871dc519838cb235bb,cxa0af3165c08318e988cb30993b3048335b94af6c,cx5faae53c4dbd1fbe4a2eb4aab6565030f10da5c6,0xeb18af22408000,0x44ee6f49f05f2c423c8e91b6d588451ff3970e9abaf09ee440f342ba8de7ffeb,2,94205863,0.06617376,1741092523868522,Balanced Dollar,0.0563614,bnUSD,0,1,2025-03-04
cx4297f4b63262507623b6ad575d0d8dd2db980e4e,cxa0af3165c08318e988cb30993b3048335b94af6c,hxd75467e3e4ce64e3424c747dfb71503017440433,0x37b1ad4adce7c0d2,0x44ee6f49f05f2c423c8e91b6d588451ff3970e9abaf09ee440f342ba8de7ffeb,1,94205863,4.013179280009183,1741092523868522,Injective,0.0563614,INJ,0,1,2025-03-04
cx88fd7df7ddff82f7cc735c871dc519838cb235bb,hxd75467e3e4ce64e3424c747dfb71503017440433,cxa0af3165c08318e988cb30993b3048335b94af6c,0x2643af2be87f80000,0x44ee6f49f05f2c423c8e91b6d588451ff3970e9abaf09ee440f342ba8de7ffeb,0,94205863,44.11584,1741092523868522,Balanced Dollar,0.0563614,bnUSD,0,1,2025-03-04
cx88fd7df7ddff82f7cc735c871dc519838cb235bb,cxa0af3165c08318e988cb30993b3048335b94af6c,cx5faae53c4dbd1fbe4a2eb4aab6565030f10da5c6,0xeb18af22408000,0x992cffaaa41be097e1566761563beb6b64c14181e25c0deb11ca842bf2ca3ffd,2,94205852,0.06617376,1741092501864072,Balanced Dollar,0.0563614,bnUSD,0,1,2025-03-04
cx4297f4b63262507623b6ad575d0d8dd2db980e4e,cxa0af3165c08318e988cb30993b3048335b94af6c,hxd75467e3e4ce64e3424c747dfb71503017440433,0x37b87c0a11c18aea,0x992cffaaa41be097e1566761563beb6b64c14181e25c0deb11ca842bf2ca3ffd,1,94205852,4.015095450490211,1741092501864072,Injective,0.0563614,INJ,0,1,2025-03-04
cx88fd7df7ddff82f7cc735c871dc519838cb235bb,hxd75467e3e4ce64e3424c747dfb71503017440433,cxa0af3165c08318e988cb30993b3048335b94af6c,0x2643af2be87f80000,0x992cffaaa41be097e1566761563beb6b64c14181e25c0deb11ca842bf2ca3ffd,0,94205852,44.11584,1741092501864072,Balanced Dollar,0.0563614,bnUSD,0,1,2025-03-04
cx88fd7df7ddff82f7cc735c871dc519838cb235bb,cxa0af3165c08318e988cb30993b3048335b94af6c,cx5faae53c4dbd1fbe4a2eb4aab6565030f10da5c6,0x1516f6ba9a7797c,0x985d04a6c1b33971b07d8061d95436cdee12495d09552e8b374ac4a98cc7b6d4,2,94205844,0.09497957535,1741092485992285,Balanced Dollar,0.0563991125,bnUSD,0,1,2025-03-04
cx288d13e1b63563459a2ac6179f237711f6851cb5,cxa0af3165c08318e988cb30993b3048335b94af6c,hxd75467e3e4ce64e3424c747dfb71503017440433,0x6adc92c5c7c642,0x985d04a6c1b33971b07d8061d95436cdee12495d09552e8b374ac4a98cc7b6d4,1,94205844,0.030078870472869442,1741092485992285,Ethereum,0.0563991125,ETH,0,1,2025-03-04
cx88fd7df7ddff82f7cc735c871dc519838cb235bb,hxd75467e3e4ce64e3424c747dfb71503017440433,cxa0af3165c08318e988cb30993b3048335b94af6c,0x36ebcd309cecc6000,0x985d04a6c1b33971b07d8061d95436cdee12495d09552e8b374ac4a98cc7b6d4,0,94205844,63.319716899999996,1741092485992285,Balanced Dollar,0.0563991125,bnUSD,0,1,2025-03-04
cx88fd7df7ddff82f7cc735c871dc519838cb235bb,cxa0af3165c08318e988cb30993b3048335b94af6c,cx5faae53c4dbd1fbe4a2eb4aab6565030f10da5c6,0xeaaba7656fb000,0xeabe01b760c7154c7845455a44a1a1cfb258076026b9cc2ae3ba2009e45029e4,2,94205835,0.06605388,1741092467853206,Balanced Dollar,0.0563614,bnUSD,0,1,2025-03-04
cx4297f4b63262507623b6ad575d0d8dd2db980e4e,cxa0af3165c08318e988cb30993b3048335b94af6c,hxd75467e3e4ce64e3424c747dfb71503017440433,0x37a56fe239fe911f,0xeabe01b760c7154c7845455a44a1a1cfb258076026b9cc2ae3ba2009e45029e4,1,94205835,4.0097340606695715,1741092467853206,Injective,0.0563614,INJ,0,1,2025-03-04
cx88fd7df7ddff82f7cc735c871dc519838cb235bb,hxd75467e3e4ce64e3424c747dfb71503017440433,cxa0af3165c08318e988cb30993b3048335b94af6c,0x2631f03ed7d850000,0xeabe01b760c7154c7845455a44a1a1cfb258076026b9cc2ae3ba2009e45029e4,0,94205835,44.03592,1741092467853206,Balanced Dollar,0.0563614,bnUSD,0,1,2025-03-04
cx88fd7df7ddff82f7cc735c871dc519838cb235bb,cxa0af3165c08318e988cb30993b3048335b94af6c,cx5faae53c4dbd1fbe4a2eb4aab6565030f10da5c6,0xb2b44450804af5c,0xcd66e0fc754a0c0140c766deea97a08feb4f57d608d71a5520668fcad8ec9d06,2,94205831,0.8048120216937225,1741092459851138,Balanced Dollar,0.0705547125,bnUSD,0,2,2025-03-04
cx2609b924e33ef00b648a409245c7ea394c467824,cxa0af3165c08318e988cb30993b3048335b94af6c,hxc1718c79947e0f673296218b5b23adbd9a3b38a8,0xccaaee753b5ec2d8ff,0xcd66e0fc754a0c0140c766deea97a08feb4f57d608d71a5520668fcad8ec9d06,1,94205831,3775.4527019655065,1741092459851138,Staked ICX,0.0705547125,sICX,0,2,2025-03-04
cx88fd7df7ddff82f7cc735c871dc519838cb235bb,hxc1718c79947e0f673296218b5b23adbd9a3b38a8,cxa0af3165c08318e988cb30993b3048335b94af6c,0x1d1601c91a36de0000,0xcd66e0fc754a0c0140c766deea97a08feb4f57d608d71a5520668fcad8ec9d06,0,94205831,536.541347795815,1741092459851138,Balanced Dollar,0.0705547125,bnUSD,0,2,2025-03-04
cx88fd7df7ddff82f7cc735c871dc519838cb235bb,cxd82fb5d3effecd8c9071a4bba3856ad7222c4b91,hxc1718c79947e0f673296218b5b23adbd9a3b38a8,0x1d1601c91a36de0000,0xb8fca2cf4c3445e5c4b31382e64b42ce1daae6c2aa98253e4e70f5309c42c401,0,94205831,536.541347795815,1741092459851138,Balanced Dollar,0.020690875,bnUSD,0,1,2025-03-04
cx88fd7df7ddff82f7cc735c871dc519838cb235bb,cxa0af3165c08318e988cb30993b3048335b94af6c,cx5faae53c4dbd1fbe4a2eb4aab6565030f10da5c6,0xeae22b43d81800,0x313691e09dd17f338efa3b0f1f7fe4e0cfa64e9842543b48700b8f08f157441a,2,94205824,0.06611382,1741092445843860,Balanced Dollar,0.0563614,bnUSD,0,1,2025-03-04
cx4297f4b63262507623b6ad575d0d8dd2db980e4e,cxa0af3165c08318e988cb30993b3048335b94af6c,hxd75467e3e4ce64e3424c747dfb71503017440433,0x37b92a768293efaa,0x313691e09dd17f338efa3b0f1f7fe4e0cfa64e9842543b48700b8f08f157441a,1,94205824,4.015287231262748,1741092445843860,Injective,0.0563614,INJ,0,1,2025-03-04
cx88fd7df7ddff82f7cc735c871dc519838cb235bb,hxd75467e3e4ce64e3424c747dfb71503017440433,cxa0af3165c08318e988cb30993b3048335b94af6c,0x263acfb5602be8000,0x313691e09dd17f338efa3b0f1f7fe4e0cfa64e9842543b48700b8f08f157441a,0,94205824,44.07588,1741092445843860,Balanced Dollar,0.0563614,bnUSD,0,1,2025-03-04
cx88fd7df7ddff82f7cc735c871dc519838cb235bb,cxa0af3165c08318e988cb30993b3048335b94af6c,cx5faae53c4dbd1fbe4a2eb4aab6565030f10da5c6,0xea752387074800,0x14ea97fd282f2ba817b485a76694958f2cf2170b3e84b132fe406096a3095a68,2,94205811,0.06599394,1741092419935500,Balanced Dollar,0.0563614,bnUSD,0,1,2025-03-04
cx4297f4b63262507623b6ad575d0d8dd2db980e4e,cxa0af3165c08318e988cb30993b3048335b94af6c,hxd75467e3e4ce64e3424c747dfb71503017440433,0x37a617537ba922db,0x14ea97fd282f2ba817b485a76694958f2cf2170b3e84b132fe406096a3095a68,1,94205811,4.009918165544412,1741092419935500,Injective,0.0563614,INJ,0,1,2025-03-04
cx88fd7df7ddff82f7cc735c871dc519838cb235bb,hxd75467e3e4ce64e3424c747dfb71503017440433,cxa0af3165c08318e988cb30993b3048335b94af6c,0x262910c84f84b8000,0x14ea97fd282f2ba817b485a76694958f2cf2170b3e84b132fe406096a3095a68,0,94205811,43.99596,1741092419935500,Balanced Dollar,0.0563614,bnUSD,0,1,2025-03-04
cx88fd7df7ddff82f7cc735c871dc519838cb235bb,cxa0af3165c08318e988cb30993b3048335b94af6c,cx5faae53c4dbd1fbe4a2eb4aab6565030f10da5c6,0x1513b160757b970,0xc640325c152af7cfa9ff9c024eaf5c7ff610b200bcf908c39cf20f65c8342177,2,94205807,0.09492203294999998,1741092411946303,Balanced Dollar,0.0563991125,bnUSD,0,1,2025-03-04
cx288d13e1b63563459a2ac6179f237711f6851cb5,cxa0af3165c08318e988cb30993b3048335b94af6c,hxd75467e3e4ce64e3424c747dfb71503017440433,0x6ad3c78da71ffb,0xc640325c152af7cfa9ff9c024eaf5c7ff610b200bcf908c39cf20f65c8342177,1,94205807,0.03006920155982233,1741092411946303,Ethereum,0.0563991125,ETH,0,1,2025-03-04
cx88fd7df7ddff82f7cc735c871dc519838cb235bb,hxd75467e3e4ce64e3424c747dfb71503017440433,cxa0af3165c08318e988cb30993b3048335b94af6c,0x36e34895dc9c84000,0xc640325c152af7cfa9ff9c024eaf5c7ff610b200bcf908c39cf20f65c8342177,0,94205807,63.28135529999999,1741092411946303,Balanced Dollar,0.0563991125,bnUSD,0,1,2025-03-04
cx88fd7df7ddff82f7cc735c871dc519838cb235bb,cxa0af3165c08318e988cb30993b3048335b94af6c,cx5faae53c4dbd1fbe4a2eb4aab6565030f10da5c6,0xeae22b43d81800,0x66446f9bf7a3b487efa0984e8df79bb4f1c2d849ef3983b4db6aade48dce2847,2,94205796,0.06611382,1741092389885186,Balanced Dollar,0.0563614,bnUSD,0,1,2025-03-04
cx4297f4b63262507623b6ad575d0d8dd2db980e4e,cxa0af3165c08318e988cb30993b3048335b94af6c,hxd75467e3e4ce64e3424c747dfb71503017440433,0x37c6c7358ed10325,0x66446f9bf7a3b487efa0984e8df79bb4f1c2d849ef3983b4db6aade48dce2847,1,94205796,4.019118750318003,1741092389885186,Injective,0.0563614,INJ,0,1,2025-03-04
cx88fd7df7ddff82f7cc735c871dc519838cb235bb,hxd75467e3e4ce64e3424c747dfb71503017440433,cxa0af3165c08318e988cb30993b3048335b94af6c,0x263acfb5602be8000,0x66446f9bf7a3b487efa0984e8df79bb4f1c2d849ef3983b4db6aade48dce2847,0,94205796,44.07588,1741092389885186,Balanced Dollar,0.0563614,bnUSD,0,1,2025-03-04
cx66a031cc3bd305c76371fb586e93801b948254f0,cx21e94c08c03daee80c25d8ee3ea22a20786ec231,hx2debd9ec927cca1639da8d3518dd9dbf1cdfb357,0x1158da29837c633f1,0x4af1d12bcd4d00cf4d7232558ffe856b62bf951d511d38491cc56a4664b55d59,5,94205793,19.999820294876706,1741092383825593,Avalanche,0.0882961875,AVAX,0,1,2025-03-04
cx88fd7df7ddff82f7cc735c871dc519838cb235bb,cxa0af3165c08318e988cb30993b3048335b94af6c,cx5faae53c4dbd1fbe4a2eb4aab6565030f10da5c6,0x855f43797a56cae,0x4af1d12bcd4d00cf4d7232558ffe856b62bf951d511d38491cc56a4664b55d59,3,94205793,0.6006546449284087,1741092383825593,Balanced Dollar,0.0882961875,bnUSD,0,1,2025-03-04
cx66a031cc3bd305c76371fb586e93801b948254f0,cxa0af3165c08318e988cb30993b3048335b94af6c,cx21e94c08c03daee80c25d8ee3ea22a20786ec231,0x1158da29837c633f1,0x4af1d12bcd4d00cf4d7232558ffe856b62bf951d511d38491cc56a4664b55d59,2,94205793,19.999820294876706,1741092383825593,Avalanche,0.0882961875,AVAX,0,1,2025-03-04
cx88fd7df7ddff82f7cc735c871dc519838cb235bb,cx21e94c08c03daee80c25d8ee3ea22a20786ec231,cxa0af3165c08318e988cb30993b3048335b94af6c,0x15b52bfb703ecb0520,0x4af1d12bcd4d00cf4d7232558ffe856b62bf951d511d38491cc56a4664b55d59,1,94205793,400.4364299522725,1741092383825593,Balanced Dollar,0.0882961875,bnUSD,0,1,2025-03-04
cx88fd7df7ddff82f7cc735c871dc519838cb235bb,hx2debd9ec927cca1639da8d3518dd9dbf1cdfb357,cx21e94c08c03daee80c25d8ee3ea22a20786ec231,0x15b52bfb703ecb0520,0x4af1d12bcd4d00cf4d7232558ffe856b62bf951d511d38491cc56a4664b55d59,0,94205793,400.4364299522725,1741092383825593,Balanced Dollar,0.0882961875,bnUSD,0,1,2025-03-04
cx88fd7df7ddff82f7cc735c871dc519838cb235bb,cxa0af3165c08318e988cb30993b3048335b94af6c,cx5faae53c4dbd1fbe4a2eb4aab6565030f10da5c6,0x15126a493f09276,0x4d12e2a0924cce98fd3843b2c97df56f83aa30ef6a83c81c6430c3195201546f,2,94205792,0.09489955544999999,1741092382011900,Balanced Dollar,0.0563991125,bnUSD,0,1,2025-03-04
cx288d13e1b63563459a2ac6179f237711f6851cb5,cxa0af3165c08318e988cb30993b3048335b94af6c,hxd75467e3e4ce64e3424c747dfb71503017440433,0x6ad514e61b24c6,0x4d12e2a0924cce98fd3843b2c97df56f83aa30ef6a83c81c6430c3195201546f,1,94205792,0.03007063326793031,1741092382011900,Ethereum,0.0563991125,ETH,0,1,2025-03-04
cx88fd7df7ddff82f7cc735c871dc519838cb235bb,hxd75467e3e4ce64e3424c747dfb71503017440433,cxa0af3165c08318e988cb30993b3048335b94af6c,0x36dff4c9697d2c000,0x4d12e2a0924cce98fd3843b2c97df56f83aa30ef6a83c81c6430c3195201546f,0,94205792,63.26637029999999,1741092382011900,Balanced Dollar,0.0563991125,bnUSD,0,1,2025-03-04
cx4297f4b63262507623b6ad575d0d8dd2db980e4e,cx21e94c08c03daee80c25d8ee3ea22a20786ec231,hx2debd9ec927cca1639da8d3518dd9dbf1cdfb357,0x1a05473ed0f9f95b8,0x9970ee41fdf53594f6b80bbfecd355cde9178e9aeccb11a862b2efdcd956ed78,5,94205760,29.999730479828276,1741092317807504,Injective,0.088385925,INJ,0,1,2025-03-04
cx88fd7df7ddff82f7cc735c871dc519838cb235bb,cxa0af3165c08318e988cb30993b3048335b94af6c,cx5faae53c4dbd1fbe4a2eb4aab6565030f10da5c6,0x6d5b147b2510720,0x9970ee41fdf53594f6b80bbfecd355cde9178e9aeccb11a862b2efdcd956ed78,3,94205760,0.4924946557593864,1741092317807504,Balanced Dollar,0.088385925,bnUSD,0,1,2025-03-04
cx4297f4b63262507623b6ad575d0d8dd2db980e4e,cxa0af3165c08318e988cb30993b3048335b94af6c,cx21e94c08c03daee80c25d8ee3ea22a20786ec231,0x1a05473ed0f9f95b8,0x9970ee41fdf53594f6b80bbfecd355cde9178e9aeccb11a862b2efdcd956ed78,2,94205760,29.999730479828276,1741092317807504,Injective,0.088385925,INJ,0,1,2025-03-04
cx88fd7df7ddff82f7cc735c871dc519838cb235bb,cx21e94c08c03daee80c25d8ee3ea22a20786ec231,cxa0af3165c08318e988cb30993b3048335b94af6c,0x11cc7daab5b3028e00,0x9970ee41fdf53594f6b80bbfecd355cde9178e9aeccb11a862b2efdcd956ed78,1,94205760,328.3297705062576,1741092317807504,Balanced Dollar,0.088385925,bnUSD,0,1,2025-03-04
cx88fd7df7ddff82f7cc735c871dc519838cb235bb,hx2debd9ec927cca1639da8d3518dd9dbf1cdfb357,cx21e94c08c03daee80c25d8ee3ea22a20786ec231,0x11cc7daab5b3028e00,0x9970ee41fdf53594f6b80bbfecd355cde9178e9aeccb11a862b2efdcd956ed78,0,94205760,328.3297705062576,1741092317807504,Balanced Dollar,0.088385925,bnUSD,0,1,2025-03-04
cx88fd7df7ddff82f7cc735c871dc519838cb235bb,cxa0af3165c08318e988cb30993b3048335b94af6c,cx5faae53c4dbd1fbe4a2eb4aab6565030f10da5c6,0xea081bca367800,0x89ffb7332aad6f9845648dd1887c1e7a41fb2639949167a13b580ca88e0ca3d6,2,94205742,0.06587406,1741092281977153,Balanced Dollar,0.0563614,bnUSD,0,1,2025-03-04
cx4297f4b63262507623b6ad575d0d8dd2db980e4e,cxa0af3165c08318e988cb30993b3048335b94af6c,hxd75467e3e4ce64e3424c747dfb71503017440433,0x37cc8c9c7399773a,0x89ffb7332aad6f9845648dd1887c1e7a41fb2639949167a13b580ca88e0ca3d6,1,94205742,4.0207431709172345,1741092281977153,Injective,0.0563614,INJ,0,1,2025-03-04
cx88fd7df7ddff82f7cc735c871dc519838cb235bb,hxd75467e3e4ce64e3424c747dfb71503017440433,cxa0af3165c08318e988cb30993b3048335b94af6c,0x261751db3edd88000,0x89ffb7332aad6f9845648dd1887c1e7a41fb2639949167a13b580ca88e0ca3d6,0,94205742,43.91604,1741092281977153,Balanced Dollar,0.0563614,bnUSD,0,1,2025-03-04
cx88fd7df7ddff82f7cc735c871dc519838cb235bb,cxa0af3165c08318e988cb30993b3048335b94af6c,cx5faae53c4dbd1fbe4a2eb4aab6565030f10da5c6,0xe9d197ebce1000,0x2975cf60685b586a2aa11b74a8e27011a6c3458603fe13e59876250d53e7e5d5,2,94205736,0.06581412,1741092269888205,Balanced Dollar,0.0563614,bnUSD,0,1,2025-03-04
cx4297f4b63262507623b6ad575d0d8dd2db980e4e,cxa0af3165c08318e988cb30993b3048335b94af6c,hxd75467e3e4ce64e3424c747dfb71503017440433,0x37c65a84f1264608,0x2975cf60685b586a2aa11b74a8e27011a6c3458603fe13e59876250d53e7e5d5,1,94205736,4.018999244502747,1741092269888205,Injective,0.0563614,INJ,0,1,2025-03-04
cx88fd7df7ddff82f7cc735c871dc519838cb235bb,hxd75467e3e4ce64e3424c747dfb71503017440433,cxa0af3165c08318e988cb30993b3048335b94af6c,0x260e7264b689f0000,0x2975cf60685b586a2aa11b74a8e27011a6c3458603fe13e59876250d53e7e5d5,0,94205736,43.87608,1741092269888205,Balanced Dollar,0.0563614,bnUSD,0,1,2025-03-04
cx66a031cc3bd305c76371fb586e93801b948254f0,cx21e94c08c03daee80c25d8ee3ea22a20786ec231,hx2debd9ec927cca1639da8d3518dd9dbf1cdfb357,0x1158da2981b2868b3,0x9a85198fd736412915ed874eb7dd66d0281dc70f8ed75525c5468d090550c90c,5,94205735,19.999820294396603,1741092267791772,Avalanche,0.0882961875,AVAX,0,1,2025-03-04
cx88fd7df7ddff82f7cc735c871dc519838cb235bb,cxa0af3165c08318e988cb30993b3048335b94af6c,cx5faae53c4dbd1fbe4a2eb4aab6565030f10da5c6,0x84ef7ebe026d86d,0x9a85198fd736412915ed874eb7dd66d0281dc70f8ed75525c5468d090550c90c,3,94205735,0.598688392936872,1741092267791772,Balanced Dollar,0.0882961875,bnUSD,0,1,2025-03-04
cx66a031cc3bd305c76371fb586e93801b948254f0,cxa0af3165c08318e988cb30993b3048335b94af6c,cx21e94c08c03daee80c25d8ee3ea22a20786ec231,0x1158da2981b2868b3,0x9a85198fd736412915ed874eb7dd66d0281dc70f8ed75525c5468d090550c90c,2,94205735,19.999820294396603,1741092267791772,Avalanche,0.0882961875,AVAX,0,1,2025-03-04
cx88fd7df7ddff82f7cc735c871dc519838cb235bb,cx21e94c08c03daee80c25d8ee3ea22a20786ec231,cxa0af3165c08318e988cb30993b3048335b94af6c,0x15a2faf6426528f130,0x9a85198fd736412915ed874eb7dd66d0281dc70f8ed75525c5468d090550c90c,1,94205735,399.12559529124803,1741092267791772,Balanced Dollar,0.0882961875,bnUSD,0,1,2025-03-04
cx88fd7df7ddff82f7cc735c871dc519838cb235bb,hx2debd9ec927cca1639da8d3518dd9dbf1cdfb357,cx21e94c08c03daee80c25d8ee3ea22a20786ec231,0x15a2faf6426528f130,0x9a85198fd736412915ed874eb7dd66d0281dc70f8ed75525c5468d090550c90c,0,94205735,399.12559529124803,1741092267791772,Balanced Dollar,0.0882961875,bnUSD,0,1,2025-03-04
cx88fd7df7ddff82f7cc735c871dc519838cb235bb,cxa0af3165c08318e988cb30993b3048335b94af6c,cx5faae53c4dbd1fbe4a2eb4aab6565030f10da5c6,0xe99b140d65a800,0xfafd4b99866e08e55086e967a5822d4a414bc13947e27c7a3c6f0cd1e40008a6,2,94205723,0.06575418,1741092243779863,Balanced Dollar,0.0563614,bnUSD,0,1,2025-03-04
cx4297f4b63262507623b6ad575d0d8dd2db980e4e,cxa0af3165c08318e988cb30993b3048335b94af6c,hxd75467e3e4ce64e3424c747dfb71503017440433,0x37c024ea22a93952,0xfafd4b99866e08e55086e967a5822d4a414bc13947e27c7a3c6f0cd1e40008a6,1,94205723,4.017251455636945,1741092243779863,Injective,0.0563614,INJ,0,1,2025-03-04
cx88fd7df7ddff82f7cc735c871dc519838cb235bb,hxd75467e3e4ce64e3424c747dfb71503017440433,cxa0af3165c08318e988cb30993b3048335b94af6c,0x260592ee2e3658000,0xfafd4b99866e08e55086e967a5822d4a414bc13947e27c7a3c6f0cd1e40008a6,0,94205723,43.83612,1741092243779863,Balanced Dollar,0.0563614,bnUSD,0,1,2025-03-04
cx88fd7df7ddff82f7cc735c871dc519838cb235bb,cxa0af3165c08318e988cb30993b3048335b94af6c,cx5faae53c4dbd1fbe4a2eb4aab6565030f10da5c6,0xe964902efd4000,0xc9102d8bca1e853d909d116d7a691ee2fe8048c9b835fa257c4b6fea9d806dda,2,94205716,0.06569424,1741092229778425,Balanced Dollar,0.0563614,bnUSD,0,1,2025-03-04
cx4297f4b63262507623b6ad575d0d8dd2db980e4e,cxa0af3165c08318e988cb30993b3048335b94af6c,hxd75467e3e4ce64e3424c747dfb71503017440433,0x37b9ebcbb45b8f3b,0xc9102d8bca1e853d909d116d7a691ee2fe8048c9b835fa257c4b6fea9d806dda,1,94205716,4.015499802914295,1741092229778425,Injective,0.0563614,INJ,0,1,2025-03-04
cx88fd7df7ddff82f7cc735c871dc519838cb235bb,hxd75467e3e4ce64e3424c747dfb71503017440433,cxa0af3165c08318e988cb30993b3048335b94af6c,0x25fcb377a5e2c0000,0xc9102d8bca1e853d909d116d7a691ee2fe8048c9b835fa257c4b6fea9d806dda,0,94205716,43.79616,1741092229778425,Balanced Dollar,0.0563614,bnUSD,0,1,2025-03-04
cx88fd7df7ddff82f7cc735c871dc519838cb235bb,cxa0af3165c08318e988cb30993b3048335b94af6c,cx5faae53c4dbd1fbe4a2eb4aab6565030f10da5c6,0xe8f788722c7000,0x1659390ec8a1d674ba99634d9b57344ad050b43d20330f6a8484879f96e62890,2,94205699,0.06557436,1741092195763602,Balanced Dollar,0.0563614,bnUSD,0,1,2025-03-04
cx4297f4b63262507623b6ad575d0d8dd2db980e4e,cxa0af3165c08318e988cb30993b3048335b94af6c,hxd75467e3e4ce64e3424c747dfb71503017440433,0x37a6a8991e75b6e7,0x1659390ec8a1d674ba99634d9b57344ad050b43d20330f6a8484879f96e62890,1,94205699,4.010077893814499,1741092195763602,Injective,0.0563614,INJ,0,1,2025-03-04
cx88fd7df7ddff82f7cc735c871dc519838cb235bb,hxd75467e3e4ce64e3424c747dfb71503017440433,cxa0af3165c08318e988cb30993b3048335b94af6c,0x25eaf48a953b90000,0x1659390ec8a1d674ba99634d9b57344ad050b43d20330f6a8484879f96e62890,0,94205699,43.71624,1741092195763602,Balanced Dollar,0.0563614,bnUSD,0,1,2025-03-04
cx88fd7df7ddff82f7cc735c871dc519838cb235bb,cxa0af3165c08318e988cb30993b3048335b94af6c,cx5faae53c4dbd1fbe4a2eb4aab6565030f10da5c6,0xe8c10493c40800,0x1bfde88121f5e4b857f5db4c89a7ee133e1cf884b3911319d9163978783782ef,2,94205693,0.06551442,1741092183759023,Balanced Dollar,0.0563614,bnUSD,0,1,2025-03-04
cx4297f4b63262507623b6ad575d0d8dd2db980e4e,cxa0af3165c08318e988cb30993b3048335b94af6c,hxd75467e3e4ce64e3424c747dfb71503017440433,0x37a0654791d99625,0x1bfde88121f5e4b857f5db4c89a7ee133e1cf884b3911319d9163978783782ef,1,94205693,4.008315026423781,1741092183759023,Injective,0.0563614,INJ,0,1,2025-03-04
cx88fd7df7ddff82f7cc735c871dc519838cb235bb,hxd75467e3e4ce64e3424c747dfb71503017440433,cxa0af3165c08318e988cb30993b3048335b94af6c,0x25e215140ce7f8000,0x1bfde88121f5e4b857f5db4c89a7ee133e1cf884b3911319d9163978783782ef,0,94205693,43.67628,1741092183759023,Balanced Dollar,0.0563614,bnUSD,0,1,2025-03-04
cx88fd7df7ddff82f7cc735c871dc519838cb235bb,cxa0af3165c08318e988cb30993b3048335b94af6c,hx4dc7903504bb800a462378348a42f53742759e0b,0x3c06ed929395739,0xa85d21b94584a6b9f3ab9460d4720617517176c3ff67e156976832576c90ac58,3,94205692,0.2703378566208121,1741092181951488,Balanced Dollar,0.0347379625,bnUSD,0,3,2025-03-04
cx65c9e3d4fea842e00add0d32a5b4c5e4e04c7a6b,hx4dc7903504bb800a462378348a42f53742759e0b,cxa0af3165c08318e988cb30993b3048335b94af6c,0x2dc56a1b,0x2d2541f5686d67ec8b98169b0e06bc2df46240980f223d27f3f9f26400e9bb81,0,94205692,0.767912475,1741092181951488,Solana,0.0215535125,SOL,0,2,2025-03-04
cx88fd7df7ddff82f7cc735c871dc519838cb235bb,hx4dc7903504bb800a462378348a42f53742759e0b,cxa0af3165c08318e988cb30993b3048335b94af6c,0x5b834138ba7034000,0xa9b6ace4eedf652646870314b0f6a53ada589e7d09009377b28db19e5d803ba2,0,94205692,105.50697586083884,1741092181951488,Balanced Dollar,0.02221895,bnUSD,0,1,2025-03-04
cx65c9e3d4fea842e00add0d32a5b4c5e4e04c7a6b,cx21e94c08c03daee80c25d8ee3ea22a20786ec231,hx4dc7903504bb800a462378348a42f53742759e0b,0x2dcb4595,0x6422e57cac5f68fa4f5e5e7529d4454ca646adaf3f819673dc0920a2dc304287,13,94205690,0.768296341,1741092177950587,Solana,0.22544805,SOL,0,2,2025-03-04
cx88fd7df7ddff82f7cc735c871dc519838cb235bb,cxa0af3165c08318e988cb30993b3048335b94af6c,cx5faae53c4dbd1fbe4a2eb4aab6565030f10da5c6,0x23265a1bf18a74a,0x6422e57cac5f68fa4f5e5e7529d4454ca646adaf3f819673dc0920a2dc304287,11,94205690,0.15830068228159264,1741092177950587,Balanced Dollar,0.22544805,bnUSD,0,2,2025-03-04
cx65c9e3d4fea842e00add0d32a5b4c5e4e04c7a6b,cxa0af3165c08318e988cb30993b3048335b94af6c,cx21e94c08c03daee80c25d8ee3ea22a20786ec231,0x2dcb4595,0x6422e57cac5f68fa4f5e5e7529d4454ca646adaf3f819673dc0920a2dc304287,10,94205690,0.768296341,1741092177950587,Solana,0.22544805,SOL,0,2,2025-03-04
cx88fd7df7ddff82f7cc735c871dc519838cb235bb,cx21e94c08c03daee80c25d8ee3ea22a20786ec231,cxa0af3165c08318e988cb30993b3048335b94af6c,0x5b8935536fade5180,0x6422e57cac5f68fa4f5e5e7529d4454ca646adaf3f819673dc0920a2dc304287,9,94205690,105.53378818772843,1741092177950587,Balanced Dollar,0.22544805,bnUSD,0,2,2025-03-04
cx88fd7df7ddff82f7cc735c871dc519838cb235bb,cxa0af3165c08318e988cb30993b3048335b94af6c,cx5faae53c4dbd1fbe4a2eb4aab6565030f10da5c6,0x2340513bd99ee48,0x6422e57cac5f68fa4f5e5e7529d4454ca646adaf3f819673dc0920a2dc304287,7,94205690,0.15875746920830933,1741092177950587,Balanced Dollar,0.22544805,bnUSD,0,2,2025-03-04
cx88fd7df7ddff82f7cc735c871dc519838cb235bb,cxa0af3165c08318e988cb30993b3048335b94af6c,cx21e94c08c03daee80c25d8ee3ea22a20786ec231,0x5b8935536fade5180,0x6422e57cac5f68fa4f5e5e7529d4454ca646adaf3f819673dc0920a2dc304287,6,94205690,105.53378818772843,1741092177950587,Balanced Dollar,0.22544805,bnUSD,0,2,2025-03-04
cx2609b924e33ef00b648a409245c7ea394c467824,cx21e94c08c03daee80c25d8ee3ea22a20786ec231,cxa0af3165c08318e988cb30993b3048335b94af6c,0x2884fcce93419c59e7,0x6422e57cac5f68fa4f5e5e7529d4454ca646adaf3f819673dc0920a2dc304287,5,94205690,747.452524187376,1741092177950587,Staked ICX,0.22544805,sICX,0,2,2025-03-04
cx2609b924e33ef00b648a409245c7ea394c467824,hx0000000000000000000000000000000000000000,cx21e94c08c03daee80c25d8ee3ea22a20786ec231,0x2884fcce93419c59e7,0x6422e57cac5f68fa4f5e5e7529d4454ca646adaf3f819673dc0920a2dc304287,3,94205690,747.452524187376,1741092177950587,Staked ICX,0.22544805,sICX,0,2,2025-03-04
cx88fd7df7ddff82f7cc735c871dc519838cb235bb,cx21e94c08c03daee80c25d8ee3ea22a20786ec231,hx4dc7903504bb800a462378348a42f53742759e0b,0x5b8ef969091e382fd,0xa9e37211c18af941a9a617d090e79853e3890ae66b7f511859b4d704871b2c89,9,94205690,105.5597557386274,1741092177950587,Balanced Dollar,0.1760264875,bnUSD,0,1,2025-03-04
cx88fd7df7ddff82f7cc735c871dc519838cb235bb,cxa0af3165c08318e988cb30993b3048335b94af6c,cx5faae53c4dbd1fbe4a2eb4aab6565030f10da5c6,0x234289a697c5c60,0xa9e37211c18af941a9a617d090e79853e3890ae66b7f511859b4d704871b2c89,7,94205690,0.1587965305246424,1741092177950587,Balanced Dollar,0.1760264875,bnUSD,0,1,2025-03-04
cx88fd7df7ddff82f7cc735c871dc519838cb235bb,cxa0af3165c08318e988cb30993b3048335b94af6c,cx21e94c08c03daee80c25d8ee3ea22a20786ec231,0x5b8ef969091e382fd,0xa9e37211c18af941a9a617d090e79853e3890ae66b7f511859b4d704871b2c89,6,94205690,105.5597557386274,1741092177950587,Balanced Dollar,0.1760264875,bnUSD,0,1,2025-03-04
cx2609b924e33ef00b648a409245c7ea394c467824,cx21e94c08c03daee80c25d8ee3ea22a20786ec231,cxa0af3165c08318e988cb30993b3048335b94af6c,0x2884fcce93419c59e7,0xa9e37211c18af941a9a617d090e79853e3890ae66b7f511859b4d704871b2c89,5,94205690,747.452524187376,1741092177950587,Staked ICX,0.1760264875,sICX,0,1,2025-03-04
cx2609b924e33ef00b648a409245c7ea394c467824,hx0000000000000000000000000000000000000000,cx21e94c08c03daee80c25d8ee3ea22a20786ec231,0x2884fcce93419c59e7,0xa9e37211c18af941a9a617d090e79853e3890ae66b7f511859b4d704871b2c89,3,94205690,747.452524187376,1741092177950587,Staked ICX,0.1760264875,sICX,0,1,2025-03-04
cx88fd7df7ddff82f7cc735c871dc519838cb235bb,cxa0af3165c08318e988cb30993b3048335b94af6c,cx5faae53c4dbd1fbe4a2eb4aab6565030f10da5c6,0xe92e0c5094d800,0x88c561721d300d76da81bed983e835356c1af889c3bb7cce9ff5d5a3c488bd2c,2,94205680,0.0656343,1741092157754521,Balanced Dollar,0.0563614,bnUSD,0,1,2025-03-04
cx4297f4b63262507623b6ad575d0d8dd2db980e4e,cxa0af3165c08318e988cb30993b3048335b94af6c,hxd75467e3e4ce64e3424c747dfb71503017440433,0x37c13ba2b89d68b5,0x88c561721d300d76da81bed983e835356c1af889c3bb7cce9ff5d5a3c488bd2c,1,94205680,4.0175579126592575,1741092157754521,Injective,0.0563614,INJ,0,1,2025-03-04
cx88fd7df7ddff82f7cc735c871dc519838cb235bb,hxd75467e3e4ce64e3424c747dfb71503017440433,cxa0af3165c08318e988cb30993b3048335b94af6c,0x25f3d4011d8f28000,0x88c561721d300d76da81bed983e835356c1af889c3bb7cce9ff5d5a3c488bd2c,0,94205680,43.7562,1741092157754521,Balanced Dollar,0.0563614,bnUSD,0,1,2025-03-04
cx88fd7df7ddff82f7cc735c871dc519838cb235bb,cxa0af3165c08318e988cb30993b3048335b94af6c,cx5faae53c4dbd1fbe4a2eb4aab6565030f10da5c6,0xe92e0c5094d800,0x37e7bc8dec3beebdd3e9c04afa8969f105dff3184558b9d05a0051e436218630,2,94205674,0.0656343,1741092145747869,Balanced Dollar,0.0563614,bnUSD,0,1,2025-03-04
cx4297f4b63262507623b6ad575d0d8dd2db980e4e,cxa0af3165c08318e988cb30993b3048335b94af6c,hxd75467e3e4ce64e3424c747dfb71503017440433,0x37c8061c0bdc0f2c,0x37e7bc8dec3beebdd3e9c04afa8969f105dff3184558b9d05a0051e436218630,1,94205674,4.01946938495599,1741092145747869,Injective,0.0563614,INJ,0,1,2025-03-04
cx88fd7df7ddff82f7cc735c871dc519838cb235bb,hxd75467e3e4ce64e3424c747dfb71503017440433,cxa0af3165c08318e988cb30993b3048335b94af6c,0x25f3d4011d8f28000,0x37e7bc8dec3beebdd3e9c04afa8969f105dff3184558b9d05a0051e436218630,0,94205674,43.7562,1741092145747869,Balanced Dollar,0.0563614,bnUSD,0,1,2025-03-04
cx88fd7df7ddff82f7cc735c871dc519838cb235bb,cxa0af3165c08318e988cb30993b3048335b94af6c,cx5faae53c4dbd1fbe4a2eb4aab6565030f10da5c6,0xe8c10493c40800,0x079f2f15ae24af2815df7fad28cf09e9c5e7f5407b563af388429c59829ec8fb,2,94205656,0.06551442,1741092109739499,Balanced Dollar,0.0563614,bnUSD,0,1,2025-03-04
cx4297f4b63262507623b6ad575d0d8dd2db980e4e,cxa0af3165c08318e988cb30993b3048335b94af6c,hxd75467e3e4ce64e3424c747dfb71503017440433,0x37b4b801d40ba239,0x079f2f15ae24af2815df7fad28cf09e9c5e7f5407b563af388429c59829ec8fb,1,94205656,4.014035485885965,1741092109739499,Injective,0.0563614,INJ,0,1,2025-03-04
cx88fd7df7ddff82f7cc735c871dc519838cb235bb,hxd75467e3e4ce64e3424c747dfb71503017440433,cxa0af3165c08318e988cb30993b3048335b94af6c,0x25e215140ce7f8000,0x079f2f15ae24af2815df7fad28cf09e9c5e7f5407b563af388429c59829ec8fb,0,94205656,43.67628,1741092109739499,Balanced Dollar,0.0563614,bnUSD,0,1,2025-03-04
cx88fd7df7ddff82f7cc735c871dc519838cb235bb,cxa0af3165c08318e988cb30993b3048335b94af6c,cx5faae53c4dbd1fbe4a2eb4aab6565030f10da5c6,0xe92e0c5094d800,0xe6b6d128a63bef69677132e3df182382616eae84e90bb875780503faa592dcda,2,94205649,0.0656343,1741092095732645,Balanced Dollar,0.0563802125,bnUSD,0,1,2025-03-04
cx4297f4b63262507623b6ad575d0d8dd2db980e4e,cxa0af3165c08318e988cb30993b3048335b94af6c,hxd75467e3e4ce64e3424c747dfb71503017440433,0x37d59b99fe08ade0,0xe6b6d128a63bef69677132e3df182382616eae84e90bb875780503faa592dcda,1,94205649,4.023292927819689,1741092095732645,Injective,0.0563802125,INJ,0,1,2025-03-04
cx88fd7df7ddff82f7cc735c871dc519838cb235bb,hxd75467e3e4ce64e3424c747dfb71503017440433,cxa0af3165c08318e988cb30993b3048335b94af6c,0x25f3d4011d8f28000,0xe6b6d128a63bef69677132e3df182382616eae84e90bb875780503faa592dcda,0,94205649,43.7562,1741092095732645,Balanced Dollar,0.0563802125,bnUSD,0,1,2025-03-04
cx88fd7df7ddff82f7cc735c871dc519838cb235bb,cx203d9cd2a669be67177e997b8948ce2c35caffae,cx835b300dcfe01f0bdb794e134a0c5628384f4367,0x18a26a4634eaa638,0x0baa09f7d391f3dfa6491e91393c103e1ba9c1fde2badcd47114429f528c7a08,6,94205641,1.775098052905445,1741092079729071,Balanced Dollar,0.0984818625,bnUSD,0,1,2025-03-04
cx88fd7df7ddff82f7cc735c871dc519838cb235bb,cx5faae53c4dbd1fbe4a2eb4aab6565030f10da5c6,cx203d9cd2a669be67177e997b8948ce2c35caffae,0x23312a1b27061207,0x0baa09f7d391f3dfa6491e91393c103e1ba9c1fde2badcd47114429f528c7a08,4,94205641,2.535854361293493,1741092079729071,Balanced Dollar,0.0984818625,bnUSD,0,1,2025-03-04
cx88fd7df7ddff82f7cc735c871dc519838cb235bb,cx5faae53c4dbd1fbe4a2eb4aab6565030f10da5c6,cxdc30a0d3a1f131565c071272a20bc0b06fd4c17b,0x23312a1b27061207,0x0baa09f7d391f3dfa6491e91393c103e1ba9c1fde2badcd47114429f528c7a08,3,94205641,2.535854361293493,1741092079729071,Balanced Dollar,0.0984818625,bnUSD,0,1,2025-03-04
cx88fd7df7ddff82f7cc735c871dc519838cb235bb,cxa0af3165c08318e988cb30993b3048335b94af6c,cx5faae53c4dbd1fbe4a2eb4aab6565030f10da5c6,0xe8c10493c40800,0x0baa09f7d391f3dfa6491e91393c103e1ba9c1fde2badcd47114429f528c7a08,2,94205641,0.06551442,1741092079729071,Balanced Dollar,0.0984818625,bnUSD,0,1,2025-03-04
cx4297f4b63262507623b6ad575d0d8dd2db980e4e,cxa0af3165c08318e988cb30993b3048335b94af6c,hxd75467e3e4ce64e3424c747dfb71503017440433,0x37c2499fe6766cbd,0x0baa09f7d391f3dfa6491e91393c103e1ba9c1fde2badcd47114429f528c7a08,1,94205641,4.017854768683052,1741092079729071,Injective,0.0984818625,INJ,0,1,2025-03-04
cx88fd7df7ddff82f7cc735c871dc519838cb235bb,hxd75467e3e4ce64e3424c747dfb71503017440433,cxa0af3165c08318e988cb30993b3048335b94af6c,0x25e215140ce7f8000,0x0baa09f7d391f3dfa6491e91393c103e1ba9c1fde2badcd47114429f528c7a08,0,94205641,43.67628,1741092079729071,Balanced Dollar,0.0984818625,bnUSD,0,1,2025-03-04
cxb8cf9a4700e0c804b780978bf9d9de759c62e787,hx0000000000000000000000000000000000000000,cx66d4d90f5f113eba575bf793570135f9b10cece1,0xeca16480,0x0329192280d616ec4ff2c8d31e2935cacd888b6dc0353763e96048bc7685976d,1,94205216,3.97,1741091229462623,Mirai Staked SUI,0.036655925,mSUI,0,1,2025-03-04
cx88fd7df7ddff82f7cc735c871dc519838cb235bb,cx21e94c08c03daee80c25d8ee3ea22a20786ec231,hxd75467e3e4ce64e3424c747dfb71503017440433,0x62e599f261907ca96,0x9055cc88c43fccc8201ad0b1e8a24c6574a2a1ff46106f97e20cc7ca648bc11b,9,94205188,114.02034002690675,1741091173443568,Balanced Dollar,0.170017025,bnUSD,0,1,2025-03-04
cx88fd7df7ddff82f7cc735c871dc519838cb235bb,cxa0af3165c08318e988cb30993b3048335b94af6c,cx5faae53c4dbd1fbe4a2eb4aab6565030f10da5c6,0x2615ea83e7e735c,0x9055cc88c43fccc8201ad0b1e8a24c6574a2a1ff46106f97e20cc7ca648bc11b,7,94205188,0.17152233751278065,1741091173443568,Balanced Dollar,0.170017025,bnUSD,0,1,2025-03-04
cx88fd7df7ddff82f7cc735c871dc519838cb235bb,cxa0af3165c08318e988cb30993b3048335b94af6c,cx21e94c08c03daee80c25d8ee3ea22a20786ec231,0x62e599f261907ca96,0x9055cc88c43fccc8201ad0b1e8a24c6574a2a1ff46106f97e20cc7ca648bc11b,6,94205188,114.02034002690675,1741091173443568,Balanced Dollar,0.170017025,bnUSD,0,1,2025-03-04
cx2609b924e33ef00b648a409245c7ea394c467824,cx21e94c08c03daee80c25d8ee3ea22a20786ec231,cxa0af3165c08318e988cb30993b3048335b94af6c,0x2bc1833850982e18dc,0x9055cc88c43fccc8201ad0b1e8a24c6574a2a1ff46106f97e20cc7ca648bc11b,5,94205188,807.1540459595816,1741091173443568,Staked ICX,0.170017025,sICX,0,1,2025-03-04
cx2609b924e33ef00b648a409245c7ea394c467824,cxa0af3165c08318e988cb30993b3048335b94af6c,cx5faae53c4dbd1fbe4a2eb4aab6565030f10da5c6,0x10d49197b1cdc072,0x9055cc88c43fccc8201ad0b1e8a24c6574a2a1ff46106f97e20cc7ca648bc11b,3,94205188,1.2127542803786466,1741091173443568,Staked ICX,0.170017025,sICX,0,1,2025-03-04
cx2609b924e33ef00b648a409245c7ea394c467824,cxa0af3165c08318e988cb30993b3048335b94af6c,cx21e94c08c03daee80c25d8ee3ea22a20786ec231,0x2bc1833850982e18dc,0x9055cc88c43fccc8201ad0b1e8a24c6574a2a1ff46106f97e20cc7ca648bc11b,2,94205188,807.1540459595816,1741091173443568,Staked ICX,0.170017025,sICX,0,1,2025-03-04
cx518f64edcd35db9044a2de63fdc10abfd5f7d611,cx21e94c08c03daee80c25d8ee3ea22a20786ec231,cxa0af3165c08318e988cb30993b3048335b94af6c,0xee6b2800,0x9055cc88c43fccc8201ad0b1e8a24c6574a2a1ff46106f97e20cc7ca648bc11b,1,94205188,400.0,1741091173443568,Stellar,0.170017025,XLM,0,1,2025-03-04
cx518f64edcd35db9044a2de63fdc10abfd5f7d611,hxd75467e3e4ce64e3424c747dfb71503017440433,cx21e94c08c03daee80c25d8ee3ea22a20786ec231,0xee6b2800,0x9055cc88c43fccc8201ad0b1e8a24c6574a2a1ff46106f97e20cc7ca648bc11b,0,94205188,400.0,1741091173443568,Stellar,0.170017025,XLM,0,1,2025-03-04
cx88fd7df7ddff82f7cc735c871dc519838cb235bb,cxa0af3165c08318e988cb30993b3048335b94af6c,cx5faae53c4dbd1fbe4a2eb4aab6565030f10da5c6,0xe6f84049c81822,0x322ec35c67ff6f590740b59129b37734b15dc75ca2ca676316559c7cc6f52056,2,94205161,0.06501219964289642,1741091119528247,Balanced Dollar,0.056943025,bnUSD,0,1,2025-03-04
cx88fd7df7ddff82f7cc735c871dc519838cb235bb,cxa0af3165c08318e988cb30993b3048335b94af6c,hxd75467e3e4ce64e3424c747dfb71503017440433,0x257d22be03c2ba39d,0x322ec35c67ff6f590740b59129b37734b15dc75ca2ca676316559c7cc6f52056,1,94205161,43.22165681591023,1741091119528247,Balanced Dollar,0.056943025,bnUSD,0,1,2025-03-04
cx4297f4b63262507623b6ad575d0d8dd2db980e4e,hxd75467e3e4ce64e3424c747dfb71503017440433,cxa0af3165c08318e988cb30993b3048335b94af6c,0x3782dace9d900000,0x322ec35c67ff6f590740b59129b37734b15dc75ca2ca676316559c7cc6f52056,0,94205161,4.0,1741091119528247,Injective,0.056943025,INJ,0,1,2025-03-04
cx88fd7df7ddff82f7cc735c871dc519838cb235bb,cx21e94c08c03daee80c25d8ee3ea22a20786ec231,hx2debd9ec927cca1639da8d3518dd9dbf1cdfb357,0xf52a09788f70e3048,0x10c48d95d70b870ae7a451d6ab9f780ea9fb33b9e78396278286442b971253f4,5,94205159,282.6550864275433,1741091115428146,Balanced Dollar,0.1127019125,bnUSD,0,1,2025-03-04
cx88fd7df7ddff82f7cc735c871dc519838cb235bb,cxa0af3165c08318e988cb30993b3048335b94af6c,cx5faae53c4dbd1fbe4a2eb4aab6565030f10da5c6,0x5e652d47acbd701,0x10c48d95d70b870ae7a451d6ab9f780ea9fb33b9e78396278286442b971253f4,3,94205159,0.42511828737981416,1741091115428146,Balanced Dollar,0.1127019125,bnUSD,0,1,2025-03-04
cx88fd7df7ddff82f7cc735c871dc519838cb235bb,cxa0af3165c08318e988cb30993b3048335b94af6c,cx21e94c08c03daee80c25d8ee3ea22a20786ec231,0xf52a09788f70e3048,0x10c48d95d70b870ae7a451d6ab9f780ea9fb33b9e78396278286442b971253f4,2,94205159,282.6550864275433,1741091115428146,Balanced Dollar,0.1127019125,bnUSD,0,1,2025-03-04
cx2609b924e33ef00b648a409245c7ea394c467824,cx21e94c08c03daee80c25d8ee3ea22a20786ec231,cxa0af3165c08318e988cb30993b3048335b94af6c,0x6c6b935b8bbd400000,0x10c48d95d70b870ae7a451d6ab9f780ea9fb33b9e78396278286442b971253f4,1,94205159,2000.0,1741091115428146,Staked ICX,0.1127019125,sICX,0,1,2025-03-04
cx2609b924e33ef00b648a409245c7ea394c467824,hx2debd9ec927cca1639da8d3518dd9dbf1cdfb357,cx21e94c08c03daee80c25d8ee3ea22a20786ec231,0x6c6b935b8bbd400000,0x10c48d95d70b870ae7a451d6ab9f780ea9fb33b9e78396278286442b971253f4,0,94205159,2000.0,1741091115428146,Staked ICX,0.1127019125,sICX,0,1,2025-03-04
cx88fd7df7ddff82f7cc735c871dc519838cb235bb,cxa0af3165c08318e988cb30993b3048335b94af6c,cx5faae53c4dbd1fbe4a2eb4aab6565030f10da5c6,0x14f4d6703ac5a30,0x0927c44c47d9869619b054b61dc3d509e67d8f3a6a00c7d7369471af9fd0f5b4,2,94205158,0.09437922203666693,1741091113424715,Balanced Dollar,0.0569739625,bnUSD,0,1,2025-03-04
cx88fd7df7ddff82f7cc735c871dc519838cb235bb,cxa0af3165c08318e988cb30993b3048335b94af6c,hxd75467e3e4ce64e3424c747dfb71503017440433,0x366afe54c24127c9e,0x0927c44c47d9869619b054b61dc3d509e67d8f3a6a00c7d7369471af9fd0f5b4,1,94205158,62.73961704910714,1741091113424715,Balanced Dollar,0.0569739625,bnUSD,0,1,2025-03-04
cx288d13e1b63563459a2ac6179f237711f6851cb5,hxd75467e3e4ce64e3424c747dfb71503017440433,cxa0af3165c08318e988cb30993b3048335b94af6c,0x6a94d74f430000,0x0927c44c47d9869619b054b61dc3d509e67d8f3a6a00c7d7369471af9fd0f5b4,0,94205158,0.03,1741091113424715,Ethereum,0.0569739625,ETH,0,1,2025-03-04
cx2609b924e33ef00b648a409245c7ea394c467824,cxa0af3165c08318e988cb30993b3048335b94af6c,hx90899b65c16139ad4983a7a570c17db84c5162c4,0x1,0xc4944ce350da8e9e19e47b3693d3d3e10188d4a19decef7aab06b855767171c4,3,94205114,1e-18,1741091025604091,Staked ICX,0.043754125,sICX,0,1,2025-03-04
cx88fd7df7ddff82f7cc735c871dc519838cb235bb,cxa0af3165c08318e988cb30993b3048335b94af6c,hx4dc7903504bb800a462378348a42f53742759e0b,0x23bd0acd2923333,0x7c16a137480f544a03245e4f5ee70045dec17bc0a555232dd0b60a0b95bb697b,3,94205110,0.16095165238753362,1741091017400829,Balanced Dollar,0.0347677125,bnUSD,0,3,2025-03-04
cx66a031cc3bd305c76371fb586e93801b948254f0,hx4dc7903504bb800a462378348a42f53742759e0b,cxa0af3165c08318e988cb30993b3048335b94af6c,0x26a58cf43bec0400,0x29aa6f7c809bed114bfd2f66f3509274add29c44b64e7ba5603861823ca494bf,0,94205110,2.784786925203752,1741091017400829,Avalanche,0.0216072,AVAX,0,2,2025-03-04
cx88fd7df7ddff82f7cc735c871dc519838cb235bb,hx4dc7903504bb800a462378348a42f53742759e0b,cxa0af3165c08318e988cb30993b3048335b94af6c,0x301e9c7ffccaae000,0x270b1eddb52ce1e01d5d63cfebaf56997c74b26266c75349c6aad58144a20f9e,0,94205110,55.478093386204506,1741091017400829,Balanced Dollar,0.02221895,bnUSD,0,1,2025-03-04
cx2609b924e33ef00b648a409245c7ea394c467824,hx90899b65c16139ad4983a7a570c17db84c5162c4,cxa0af3165c08318e988cb30993b3048335b94af6c,0x2dd0524df50cb5ab87,0xa2007c22d23ce07aca881f5283bc08edd36c67f481f6043cabde331328e16db2,0,94205109,845.1146295397847,1741091015395318,Staked ICX,0.03120455,sICX,0,1,2025-03-04
cx66a031cc3bd305c76371fb586e93801b948254f0,cx21e94c08c03daee80c25d8ee3ea22a20786ec231,hx4dc7903504bb800a462378348a42f53742759e0b,0x26aa7f786803eea6,0x8773e96665d94a41f64e36b47419af489a95626cf6824f88b6a2782225592225,13,94205108,2.7861794745999644,1741091013396483,Avalanche,0.233516525,AVAX,0,2,2025-03-04
cx88fd7df7ddff82f7cc735c871dc519838cb235bb,cxa0af3165c08318e988cb30993b3048335b94af6c,cx5faae53c4dbd1fbe4a2eb4aab6565030f10da5c6,0x127c19eb4eec3a0,0x8773e96665d94a41f64e36b47419af489a95626cf6824f88b6a2782225592225,11,94205108,0.08324800551418358,1741091013396483,Balanced Dollar,0.233516525,bnUSD,0,2,2025-03-04
cx66a031cc3bd305c76371fb586e93801b948254f0,cxa0af3165c08318e988cb30993b3048335b94af6c,cx21e94c08c03daee80c25d8ee3ea22a20786ec231,0x26aa7f786803eea6,0x8773e96665d94a41f64e36b47419af489a95626cf6824f88b6a2782225592225,10,94205108,2.7861794745999644,1741091013396483,Avalanche,0.233516525,AVAX,0,2,2025-03-04
cx88fd7df7ddff82f7cc735c871dc519838cb235bb,cx21e94c08c03daee80c25d8ee3ea22a20786ec231,cxa0af3165c08318e988cb30993b3048335b94af6c,0x30232e2a1d872c87b,0x8773e96665d94a41f64e36b47419af489a95626cf6824f88b6a2782225592225,9,94205108,55.498670342789055,1741091013396483,Balanced Dollar,0.233516525,bnUSD,0,2,2025-03-04
cx88fd7df7ddff82f7cc735c871dc519838cb235bb,cxa0af3165c08318e988cb30993b3048335b94af6c,cx5faae53c4dbd1fbe4a2eb4aab6565030f10da5c6,0x128a088189d25a6,0x8773e96665d94a41f64e36b47419af489a95626cf6824f88b6a2782225592225,7,94205108,0.08349309949530256,1741091013396483,Balanced Dollar,0.233516525,bnUSD,0,2,2025-03-04
cx88fd7df7ddff82f7cc735c871dc519838cb235bb,cxa0af3165c08318e988cb30993b3048335b94af6c,cx21e94c08c03daee80c25d8ee3ea22a20786ec231,0x30232e2a1d872c87b,0x8773e96665d94a41f64e36b47419af489a95626cf6824f88b6a2782225592225,6,94205108,55.498670342789055,1741091013396483,Balanced Dollar,0.233516525,bnUSD,0,2,2025-03-04
cx2609b924e33ef00b648a409245c7ea394c467824,cx21e94c08c03daee80c25d8ee3ea22a20786ec231,cxa0af3165c08318e988cb30993b3048335b94af6c,0x15479984175793ed33,0x8773e96665d94a41f64e36b47419af489a95626cf6824f88b6a2782225592225,5,94205108,392.54092563181865,1741091013396483,Staked ICX,0.233516525,sICX,0,2,2025-03-04
cx2609b924e33ef00b648a409245c7ea394c467824,hx0000000000000000000000000000000000000000,cx21e94c08c03daee80c25d8ee3ea22a20786ec231,0x15479984175793ed33,0x8773e96665d94a41f64e36b47419af489a95626cf6824f88b6a2782225592225,3,94205108,392.54092563181865,1741091013396483,Staked ICX,0.233516525,sICX,0,2,2025-03-04
cx88fd7df7ddff82f7cc735c871dc519838cb235bb,cx21e94c08c03daee80c25d8ee3ea22a20786ec231,hx4dc7903504bb800a462378348a42f53742759e0b,0x3024c6122c55fe917,0xa7f3fcd61be82048d312464b6f8a0ff8ebf01d0aea003b38c206320bf89fd469,9,94205108,55.5058463094027,1741091013396483,Balanced Dollar,0.176025425,bnUSD,0,1,2025-03-04
cx88fd7df7ddff82f7cc735c871dc519838cb235bb,cxa0af3165c08318e988cb30993b3048335b94af6c,cx5faae53c4dbd1fbe4a2eb4aab6565030f10da5c6,0x128aa599219d41d,0xa7f3fcd61be82048d312464b6f8a0ff8ebf01d0aea003b38c206320bf89fd469,7,94205108,0.08350389478633168,1741091013396483,Balanced Dollar,0.176025425,bnUSD,0,1,2025-03-04
cx88fd7df7ddff82f7cc735c871dc519838cb235bb,cxa0af3165c08318e988cb30993b3048335b94af6c,cx21e94c08c03daee80c25d8ee3ea22a20786ec231,0x3024c6122c55fe917,0xa7f3fcd61be82048d312464b6f8a0ff8ebf01d0aea003b38c206320bf89fd469,6,94205108,55.5058463094027,1741091013396483,Balanced Dollar,0.176025425,bnUSD,0,1,2025-03-04
cx2609b924e33ef00b648a409245c7ea394c467824,cx21e94c08c03daee80c25d8ee3ea22a20786ec231,cxa0af3165c08318e988cb30993b3048335b94af6c,0x15479984175793ed33,0xa7f3fcd61be82048d312464b6f8a0ff8ebf01d0aea003b38c206320bf89fd469,5,94205108,392.54092563181865,1741091013396483,Staked ICX,0.176025425,sICX,0,1,2025-03-04
cx2609b924e33ef00b648a409245c7ea394c467824,hx0000000000000000000000000000000000000000,cx21e94c08c03daee80c25d8ee3ea22a20786ec231,0x15479984175793ed33,0xa7f3fcd61be82048d312464b6f8a0ff8ebf01d0aea003b38c206320bf89fd469,3,94205108,392.54092563181865,1741091013396483,Staked ICX,0.176025425,sICX,0,1,2025-03-04
cx3975b43d260fb8ec802cef6e60c2f4d07486f11d,hx90899b65c16139ad4983a7a570c17db84c5162c4,cxa0af3165c08318e988cb30993b3048335b94af6c,0x3c6b8088a54fd59ea0,0x16197d6047de73d072a4f0b027c1a45a780ed0cf2a8ee0b4ad97c0035cd9f75c,1,94205105,1114.5509860252407,1741091007391823,Wrapped ICX,0.0165693375,wICX,0,1,2025-03-04
cx3975b43d260fb8ec802cef6e60c2f4d07486f11d,hx0000000000000000000000000000000000000000,hx90899b65c16139ad4983a7a570c17db84c5162c4,0x3c6b8088a54fd59ea0,0x16197d6047de73d072a4f0b027c1a45a780ed0cf2a8ee0b4ad97c0035cd9f75c,0,94205105,1114.5509860252407,1741091007391823,Wrapped ICX,0.0165693375,wICX,0,1,2025-03-04
cxf61cd5a45dc9f91c15aa65831a30a90d59a09619,cx10d59e8103ab44635190bd4139dbfd682fa2d07e,hx90899b65c16139ad4983a7a570c17db84c5162c4,0x1265b39e5d318f6e0,0x5ef29512b2f07b3e3447ee94f1b0c39c39e8650dd6d924e97ed6497bbd0f94ed,3,94205082,21.210610529283407,1741090961485000,Balance Token,0.0722384125,BALN,0,1,2025-03-04
cx2609b924e33ef00b648a409245c7ea394c467824,cx10d59e8103ab44635190bd4139dbfd682fa2d07e,hx90899b65c16139ad4983a7a570c17db84c5162c4,0x2dd0524df50cb5ab86,0x5ef29512b2f07b3e3447ee94f1b0c39c39e8650dd6d924e97ed6497bbd0f94ed,1,94205082,845.1146295397847,1741090961485000,Staked ICX,0.0722384125,sICX,0,1,2025-03-04
cx88fd7df7ddff82f7cc735c871dc519838cb235bb,cxa0af3165c08318e988cb30993b3048335b94af6c,hx4dc7903504bb800a462378348a42f53742759e0b,0x21c44192ce89903,0x3f943acf6d1685728fa86022bd5df2f66f7d54675456c040fa140127a215fcfa,3,94204961,0.15207136234206645,1741090719404406,Balanced Dollar,0.0347563375,bnUSD,0,3,2025-03-04
cx288d13e1b63563459a2ac6179f237711f6851cb5,hx4dc7903504bb800a462378348a42f53742759e0b,cxa0af3165c08318e988cb30993b3048335b94af6c,0x55798333900674,0x6532e173d6aa7a8f7834b67923df55f217b1a5e8828c99e33fa1111662849f84,0,94204961,0.024058977433159285,1741090719404406,Ethereum,0.0216352,ETH,0,2,2025-03-04
cx88fd7df7ddff82f7cc735c871dc519838cb235bb,hx4dc7903504bb800a462378348a42f53742759e0b,cxa0af3165c08318e988cb30993b3048335b94af6c,0x2be926649555ac000,0x0e53f86c1ea828fdc587dc7c07650fab7d0e677229612b5469195f9afcfc56bd,0,94204961,50.62563882637583,1741090719404406,Balanced Dollar,0.02221895,bnUSD,0,1,2025-03-04
cx288d13e1b63563459a2ac6179f237711f6851cb5,cx21e94c08c03daee80c25d8ee3ea22a20786ec231,hx4dc7903504bb800a462378348a42f53742759e0b,0x558474719e169b,0x0273bb166e3da70908cf0201a5e5a6b8aeb5863caee17720020795c8b96b40a9,13,94204959,0.024071008677664412,1741090715302852,Ethereum,0.2337076375,ETH,0,2,2025-03-04
cx88fd7df7ddff82f7cc735c871dc519838cb235bb,cxa0af3165c08318e988cb30993b3048335b94af6c,cx5faae53c4dbd1fbe4a2eb4aab6565030f10da5c6,0x10de4063a3b3580,0x0273bb166e3da70908cf0201a5e5a6b8aeb5863caee17720020795c8b96b40a9,11,94204959,0.07596748413306202,1741090715302852,Balanced Dollar,0.2337076375,bnUSD,0,2,2025-03-04
cx288d13e1b63563459a2ac6179f237711f6851cb5,cxa0af3165c08318e988cb30993b3048335b94af6c,cx21e94c08c03daee80c25d8ee3ea22a20786ec231,0x558474719e169b,0x0273bb166e3da70908cf0201a5e5a6b8aeb5863caee17720020795c8b96b40a9,10,94204959,0.024071008677664412,1741090715302852,Ethereum,0.2337076375,ETH,0,2,2025-03-04
cx88fd7df7ddff82f7cc735c871dc519838cb235bb,cx21e94c08c03daee80c25d8ee3ea22a20786ec231,cxa0af3165c08318e988cb30993b3048335b94af6c,0x2bed7258cfa30a8bf,0x0273bb166e3da70908cf0201a5e5a6b8aeb5863caee17720020795c8b96b40a9,9,94204959,50.64498942204134,1741090715302852,Balanced Dollar,0.2337076375,bnUSD,0,2,2025-03-04
cx88fd7df7ddff82f7cc735c871dc519838cb235bb,cxa0af3165c08318e988cb30993b3048335b94af6c,cx5faae53c4dbd1fbe4a2eb4aab6565030f10da5c6,0x10eafd56a595d4f,0x0273bb166e3da70908cf0201a5e5a6b8aeb5863caee17720020795c8b96b40a9,7,94204959,0.07619157485901346,1741090715302852,Balanced Dollar,0.2337076375,bnUSD,0,2,2025-03-04
cx88fd7df7ddff82f7cc735c871dc519838cb235bb,cxa0af3165c08318e988cb30993b3048335b94af6c,cx21e94c08c03daee80c25d8ee3ea22a20786ec231,0x2bed7258cfa30a8bf,0x0273bb166e3da70908cf0201a5e5a6b8aeb5863caee17720020795c8b96b40a9,6,94204959,50.64498942204134,1741090715302852,Balanced Dollar,0.2337076375,bnUSD,0,2,2025-03-04
cx2609b924e33ef00b648a409245c7ea394c467824,cx21e94c08c03daee80c25d8ee3ea22a20786ec231,cxa0af3165c08318e988cb30993b3048335b94af6c,0x1369eb1976ba689973,0x0273bb166e3da70908cf0201a5e5a6b8aeb5863caee17720020795c8b96b40a9,5,94204959,358.12035939171517,1741090715302852,Staked ICX,0.2337076375,sICX,0,2,2025-03-04
cx2609b924e33ef00b648a409245c7ea394c467824,hx0000000000000000000000000000000000000000,cx21e94c08c03daee80c25d8ee3ea22a20786ec231,0x1369eb1976ba689973,0x0273bb166e3da70908cf0201a5e5a6b8aeb5863caee17720020795c8b96b40a9,3,94204959,358.12035939171517,1741090715302852,Staked ICX,0.2337076375,sICX,0,2,2025-03-04
cx88fd7df7ddff82f7cc735c871dc519838cb235bb,cx21e94c08c03daee80c25d8ee3ea22a20786ec231,hx4dc7903504bb800a462378348a42f53742759e0b,0x2beec5fada1e5c841,0x2ac0b52b6408d472ab7faa7a9dc59cbbac40f32418b7fd4a58f037abd4c67d2d,9,94204959,50.650964308479296,1741090715302852,Balanced Dollar,0.17602605,bnUSD,0,1,2025-03-04
cx88fd7df7ddff82f7cc735c871dc519838cb235bb,cxa0af3165c08318e988cb30993b3048335b94af6c,cx5faae53c4dbd1fbe4a2eb4aab6565030f10da5c6,0x10eb80236c8da03,0x2ac0b52b6408d472ab7faa7a9dc59cbbac40f32418b7fd4a58f037abd4c67d2d,7,94204959,0.07620056336045516,1741090715302852,Balanced Dollar,0.17602605,bnUSD,0,1,2025-03-04
cx88fd7df7ddff82f7cc735c871dc519838cb235bb,cxa0af3165c08318e988cb30993b3048335b94af6c,cx21e94c08c03daee80c25d8ee3ea22a20786ec231,0x2beec5fada1e5c841,0x2ac0b52b6408d472ab7faa7a9dc59cbbac40f32418b7fd4a58f037abd4c67d2d,6,94204959,50.650964308479296,1741090715302852,Balanced Dollar,0.17602605,bnUSD,0,1,2025-03-04
cx2609b924e33ef00b648a409245c7ea394c467824,cx21e94c08c03daee80c25d8ee3ea22a20786ec231,cxa0af3165c08318e988cb30993b3048335b94af6c,0x1369eb1976ba689973,0x2ac0b52b6408d472ab7faa7a9dc59cbbac40f32418b7fd4a58f037abd4c67d2d,5,94204959,358.12035939171517,1741090715302852,Staked ICX,0.17602605,sICX,0,1,2025-03-04
cx2609b924e33ef00b648a409245c7ea394c467824,hx0000000000000000000000000000000000000000,cx21e94c08c03daee80c25d8ee3ea22a20786ec231,0x1369eb1976ba689973,0x2ac0b52b6408d472ab7faa7a9dc59cbbac40f32418b7fd4a58f037abd4c67d2d,3,94204959,358.12035939171517,1741090715302852,Staked ICX,0.17602605,sICX,0,1,2025-03-04
cx88fd7df7ddff82f7cc735c871dc519838cb235bb,cx21e94c08c03daee80c25d8ee3ea22a20786ec231,hx2debd9ec927cca1639da8d3518dd9dbf1cdfb357,0x157f5948f2fcf1136b,0x28f361087d6a7b8e6012545a511bb3c253b7b913a8a013f8fed2ffe22d96c0ed,5,94204894,396.5580714721076,1741090585393969,Balanced Dollar,0.0883172375,bnUSD,0,1,2025-03-04
cx88fd7df7ddff82f7cc735c871dc519838cb235bb,cxa0af3165c08318e988cb30993b3048335b94af6c,cx5faae53c4dbd1fbe4a2eb4aab6565030f10da5c6,0x8442d970b7719d6,0x28f361087d6a7b8e6012545a511bb3c253b7b913a8a013f8fed2ffe22d96c0ed,3,94204894,0.5956511774754145,1741090585393969,Balanced Dollar,0.0883172375,bnUSD,0,1,2025-03-04
cx88fd7df7ddff82f7cc735c871dc519838cb235bb,cxa0af3165c08318e988cb30993b3048335b94af6c,cx21e94c08c03daee80c25d8ee3ea22a20786ec231,0x157f5948f2fcf1136b,0x28f361087d6a7b8e6012545a511bb3c253b7b913a8a013f8fed2ffe22d96c0ed,2,94204894,396.5580714721076,1741090585393969,Balanced Dollar,0.0883172375,bnUSD,0,1,2025-03-04
cx66a031cc3bd305c76371fb586e93801b948254f0,cx21e94c08c03daee80c25d8ee3ea22a20786ec231,cxa0af3165c08318e988cb30993b3048335b94af6c,0x1158e460913d00000,0x28f361087d6a7b8e6012545a511bb3c253b7b913a8a013f8fed2ffe22d96c0ed,1,94204894,20.0,1741090585393969,Avalanche,0.0883172375,AVAX,0,1,2025-03-04
cx66a031cc3bd305c76371fb586e93801b948254f0,hx2debd9ec927cca1639da8d3518dd9dbf1cdfb357,cx21e94c08c03daee80c25d8ee3ea22a20786ec231,0x1158e460913d00000,0x28f361087d6a7b8e6012545a511bb3c253b7b913a8a013f8fed2ffe22d96c0ed,0,94204894,20.0,1741090585393969,Avalanche,0.0883172375,AVAX,0,1,2025-03-04
cx88fd7df7ddff82f7cc735c871dc519838cb235bb,cxa0af3165c08318e988cb30993b3048335b94af6c,cx5faae53c4dbd1fbe4a2eb4aab6565030f10da5c6,0x1a89f206fc561f4,0x63e197ef12f0660ef90c463b53191d7f0b11583f0cf66334aea40e08c2924642,2,94204809,0.11952035178829465,1741090415203684,Balanced Dollar,0.0569099625,bnUSD,0,1,2025-03-04
cx88fd7df7ddff82f7cc735c871dc519838cb235bb,cxa0af3165c08318e988cb30993b3048335b94af6c,hxd75467e3e4ce64e3424c747dfb71503017440433,0x44ed4516f788c266d,0x63e197ef12f0660ef90c463b53191d7f0b11583f0cf66334aea40e08c2924642,1,94204809,79.46723086406492,1741090415203684,Balanced Dollar,0.0569099625,bnUSD,0,1,2025-03-04
cx66a031cc3bd305c76371fb586e93801b948254f0,hxd75467e3e4ce64e3424c747dfb71503017440433,cxa0af3165c08318e988cb30993b3048335b94af6c,0x3782dace9d900000,0x63e197ef12f0660ef90c463b53191d7f0b11583f0cf66334aea40e08c2924642,0,94204809,4.0,1741090415203684,Avalanche,0.0569099625,AVAX,0,1,2025-03-04
cx88fd7df7ddff82f7cc735c871dc519838cb235bb,cx21e94c08c03daee80c25d8ee3ea22a20786ec231,hxd75467e3e4ce64e3424c747dfb71503017440433,0x634d54a89ed5c94f9,0x4e7a35307a6cd3f5c8eebf4cd0195a0ff0bc301c51e13aecb842215d8ddd86a1,16,94204805,114.48749545852218,1741090407205600,Balanced Dollar,0.3689204625,bnUSD,0,1,2025-03-04
cx88fd7df7ddff82f7cc735c871dc519838cb235bb,cxa0af3165c08318e988cb30993b3048335b94af6c,cx5faae53c4dbd1fbe4a2eb4aab6565030f10da5c6,0x263ddbb840726fa,0x4e7a35307a6cd3f5c8eebf4cd0195a0ff0bc301c51e13aecb842215d8ddd86a1,14,94204805,0.17222500821389491,1741090407205600,Balanced Dollar,0.3689204625,bnUSD,0,1,2025-03-04
cx88fd7df7ddff82f7cc735c871dc519838cb235bb,cxa0af3165c08318e988cb30993b3048335b94af6c,cx21e94c08c03daee80c25d8ee3ea22a20786ec231,0x634d54a89ed5c94f9,0x4e7a35307a6cd3f5c8eebf4cd0195a0ff0bc301c51e13aecb842215d8ddd86a1,13,94204805,114.48749545852218,1741090407205600,Balanced Dollar,0.3689204625,bnUSD,0,1,2025-03-04
cx2609b924e33ef00b648a409245c7ea394c467824,cx21e94c08c03daee80c25d8ee3ea22a20786ec231,cxa0af3165c08318e988cb30993b3048335b94af6c,0x2bdf745c2100cd51cd,0x4e7a35307a6cd3f5c8eebf4cd0195a0ff0bc301c51e13aecb842215d8ddd86a1,12,94204805,809.3115910340842,1741090407205600,Staked ICX,0.3689204625,sICX,0,1,2025-03-04
cx2609b924e33ef00b648a409245c7ea394c467824,cx203d9cd2a669be67177e997b8948ce2c35caffae,cx835b300dcfe01f0bdb794e134a0c5628384f4367,0x5e806fbacb37aff,0x4e7a35307a6cd3f5c8eebf4cd0195a0ff0bc301c51e13aecb842215d8ddd86a1,9,94204805,0.4255978427905134,1741090407205600,Staked ICX,0.3689204625,sICX,0,1,2025-03-04
cx2609b924e33ef00b648a409245c7ea394c467824,cx5faae53c4dbd1fbe4a2eb4aab6565030f10da5c6,cx203d9cd2a669be67177e997b8948ce2c35caffae,0x87009f9d224f8da,0x4e7a35307a6cd3f5c8eebf4cd0195a0ff0bc301c51e13aecb842215d8ddd86a1,6,94204805,0.607996918272162,1741090407205600,Staked ICX,0.3689204625,sICX,0,1,2025-03-04
cx2609b924e33ef00b648a409245c7ea394c467824,cx5faae53c4dbd1fbe4a2eb4aab6565030f10da5c6,cxdc30a0d3a1f131565c071272a20bc0b06fd4c17b,0x87009f9d224f8d9,0x4e7a35307a6cd3f5c8eebf4cd0195a0ff0bc301c51e13aecb842215d8ddd86a1,4,94204805,0.607996918272162,1741090407205600,Staked ICX,0.3689204625,sICX,0,1,2025-03-04
cx2609b924e33ef00b648a409245c7ea394c467824,cxa0af3165c08318e988cb30993b3048335b94af6c,cx5faae53c4dbd1fbe4a2eb4aab6565030f10da5c6,0x10e013f3a449f1b3,0x4e7a35307a6cd3f5c8eebf4cd0195a0ff0bc301c51e13aecb842215d8ddd86a1,3,94204805,1.215993836544324,1741090407205600,Staked ICX,0.3689204625,sICX,0,1,2025-03-04
cx2609b924e33ef00b648a409245c7ea394c467824,cxa0af3165c08318e988cb30993b3048335b94af6c,cx21e94c08c03daee80c25d8ee3ea22a20786ec231,0x2bdf745c2100cd51cd,0x4e7a35307a6cd3f5c8eebf4cd0195a0ff0bc301c51e13aecb842215d8ddd86a1,2,94204805,809.3115910340842,1741090407205600,Staked ICX,0.3689204625,sICX,0,1,2025-03-04
cx518f64edcd35db9044a2de63fdc10abfd5f7d611,cx21e94c08c03daee80c25d8ee3ea22a20786ec231,cxa0af3165c08318e988cb30993b3048335b94af6c,0xee6b2800,0x4e7a35307a6cd3f5c8eebf4cd0195a0ff0bc301c51e13aecb842215d8ddd86a1,1,94204805,400.0,1741090407205600,Stellar,0.3689204625,XLM,0,1,2025-03-04
cx518f64edcd35db9044a2de63fdc10abfd5f7d611,hxd75467e3e4ce64e3424c747dfb71503017440433,cx21e94c08c03daee80c25d8ee3ea22a20786ec231,0xee6b2800,0x4e7a35307a6cd3f5c8eebf4cd0195a0ff0bc301c51e13aecb842215d8ddd86a1,0,94204805,400.0,1741090407205600,Stellar,0.3689204625,XLM,0,1,2025-03-04
cx88fd7df7ddff82f7cc735c871dc519838cb235bb,cx21e94c08c03daee80c25d8ee3ea22a20786ec231,hx2debd9ec927cca1639da8d3518dd9dbf1cdfb357,0x119bb8b1a89a844594,0x7bd1496c437be7259f1a277f2fa16d1e07b0af58a46c1b3dec018960f52c4c9b,5,94204762,324.8155630623609,1741090321282016,Balanced Dollar,0.088410925,bnUSD,0,1,2025-03-04
cx88fd7df7ddff82f7cc735c871dc519838cb235bb,cxa0af3165c08318e988cb30993b3048335b94af6c,cx5faae53c4dbd1fbe4a2eb4aab6565030f10da5c6,0x6c5186f2556ba83,0x7bd1496c437be7259f1a277f2fa16d1e07b0af58a46c1b3dec018960f52c4c9b,3,94204762,0.48782300028644415,1741090321282016,Balanced Dollar,0.088410925,bnUSD,0,1,2025-03-04
cx88fd7df7ddff82f7cc735c871dc519838cb235bb,cxa0af3165c08318e988cb30993b3048335b94af6c,cx21e94c08c03daee80c25d8ee3ea22a20786ec231,0x119bb8b1a89a844594,0x7bd1496c437be7259f1a277f2fa16d1e07b0af58a46c1b3dec018960f52c4c9b,2,94204762,324.8155630623609,1741090321282016,Balanced Dollar,0.088410925,bnUSD,0,1,2025-03-04
cx4297f4b63262507623b6ad575d0d8dd2db980e4e,cx21e94c08c03daee80c25d8ee3ea22a20786ec231,cxa0af3165c08318e988cb30993b3048335b94af6c,0x1a055690d9db80000,0x7bd1496c437be7259f1a277f2fa16d1e07b0af58a46c1b3dec018960f52c4c9b,1,94204762,30.0,1741090321282016,Injective,0.088410925,INJ,0,1,2025-03-04
cx4297f4b63262507623b6ad575d0d8dd2db980e4e,hx2debd9ec927cca1639da8d3518dd9dbf1cdfb357,cx21e94c08c03daee80c25d8ee3ea22a20786ec231,0x1a055690d9db80000,0x7bd1496c437be7259f1a277f2fa16d1e07b0af58a46c1b3dec018960f52c4c9b,0,94204762,30.0,1741090321282016,Injective,0.088410925,INJ,0,1,2025-03-04
cx88fd7df7ddff82f7cc735c871dc519838cb235bb,cx21e94c08c03daee80c25d8ee3ea22a20786ec231,hx2debd9ec927cca1639da8d3518dd9dbf1cdfb357,0x163fdddc2ef5f68728,0x385e516699fdc79bfcba57fe4de9745161bd50e904ae3688544eab2151d0b6a8,5,94204688,410.43044611010583,1741090173127063,Balanced Dollar,0.0786970875,bnUSD,0,1,2025-03-04
cx88fd7df7ddff82f7cc735c871dc519838cb235bb,cxa0af3165c08318e988cb30993b3048335b94af6c,cx5faae53c4dbd1fbe4a2eb4aab6565030f10da5c6,0x88bf0c466f87816,0x385e516699fdc79bfcba57fe4de9745161bd50e904ae3688544eab2151d0b6a8,3,94204688,0.6158505003980206,1741090173127063,Balanced Dollar,0.0786970875,bnUSD,0,1,2025-03-04
cx88fd7df7ddff82f7cc735c871dc519838cb235bb,cxa0af3165c08318e988cb30993b3048335b94af6c,cx21e94c08c03daee80c25d8ee3ea22a20786ec231,0x163fdddc2ef5f68728,0x385e516699fdc79bfcba57fe4de9745161bd50e904ae3688544eab2151d0b6a8,2,94204688,410.43044611010583,1741090173127063,Balanced Dollar,0.0786970875,bnUSD,0,1,2025-03-04
cx65c9e3d4fea842e00add0d32a5b4c5e4e04c7a6b,cx21e94c08c03daee80c25d8ee3ea22a20786ec231,cxa0af3165c08318e988cb30993b3048335b94af6c,0xb2d05e00,0x385e516699fdc79bfcba57fe4de9745161bd50e904ae3688544eab2151d0b6a8,1,94204688,3.0,1741090173127063,Solana,0.0786970875,SOL,0,1,2025-03-04
cx65c9e3d4fea842e00add0d32a5b4c5e4e04c7a6b,hx2debd9ec927cca1639da8d3518dd9dbf1cdfb357,cx21e94c08c03daee80c25d8ee3ea22a20786ec231,0xb2d05e00,0x385e516699fdc79bfcba57fe4de9745161bd50e904ae3688544eab2151d0b6a8,0,94204688,3.0,1741090173127063,Solana,0.0786970875,SOL,0,1,2025-03-04
cx88fd7df7ddff82f7cc735c871dc519838cb235bb,cx21e94c08c03daee80c25d8ee3ea22a20786ec231,hx2debd9ec927cca1639da8d3518dd9dbf1cdfb357,0x18f724729f03e595f4,0x215a04f1bac3a6d576a42c3213f04fbf4a2f50531b04c4a0bbb48950f6e3e24c,5,94204643,460.5303426228498,1741090083101378,Balanced Dollar,0.0885101125,bnUSD,0,1,2025-03-04
cx88fd7df7ddff82f7cc735c871dc519838cb235bb,cxa0af3165c08318e988cb30993b3048335b94af6c,cx5faae53c4dbd1fbe4a2eb4aab6565030f10da5c6,0x99b0625d1b5ae1d,0x215a04f1bac3a6d576a42c3213f04fbf4a2f50531b04c4a0bbb48950f6e3e24c,3,94204643,0.6921537272334044,1741090083101378,Balanced Dollar,0.0885101125,bnUSD,0,1,2025-03-04
cx88fd7df7ddff82f7cc735c871dc519838cb235bb,cxa0af3165c08318e988cb30993b3048335b94af6c,cx21e94c08c03daee80c25d8ee3ea22a20786ec231,0x18f724729f03e595f4,0x215a04f1bac3a6d576a42c3213f04fbf4a2f50531b04c4a0bbb48950f6e3e24c,2,94204643,460.5303426228498,1741090083101378,Balanced Dollar,0.0885101125,bnUSD,0,1,2025-03-04
cx288d13e1b63563459a2ac6179f237711f6851cb5,cx21e94c08c03daee80c25d8ee3ea22a20786ec231,cxa0af3165c08318e988cb30993b3048335b94af6c,0x30d98d59a960000,0x215a04f1bac3a6d576a42c3213f04fbf4a2f50531b04c4a0bbb48950f6e3e24c,1,94204643,0.22,1741090083101378,Ethereum,0.0885101125,ETH,0,1,2025-03-04
cx288d13e1b63563459a2ac6179f237711f6851cb5,hx2debd9ec927cca1639da8d3518dd9dbf1cdfb357,cx21e94c08c03daee80c25d8ee3ea22a20786ec231,0x30d98d59a960000,0x215a04f1bac3a6d576a42c3213f04fbf4a2f50531b04c4a0bbb48950f6e3e24c,0,94204643,0.22,1741090083101378,Ethereum,0.0885101125,ETH,0,1,2025-03-04
cx88fd7df7ddff82f7cc735c871dc519838cb235bb,cxa0af3165c08318e988cb30993b3048335b94af6c,cx5faae53c4dbd1fbe4a2eb4aab6565030f10da5c6,0x1a8e6572204048a,0xe16ef16cbfcefedfad0e5cae07b04e226d397cc8f3422cbf0fbee1a6d0cb7ce4,2,94204612,0.11959865203255003,1741090021190167,Balanced Dollar,0.0569099625,bnUSD,0,1,2025-03-04
cx88fd7df7ddff82f7cc735c871dc519838cb235bb,cxa0af3165c08318e988cb30993b3048335b94af6c,hxd75467e3e4ce64e3424c747dfb71503017440433,0x44f8d4e0ff008d295,0xe16ef16cbfcefedfad0e5cae07b04e226d397cc8f3422cbf0fbee1a6d0cb7ce4,1,94204612,79.5193000259093,1741090021190167,Balanced Dollar,0.0569099625,bnUSD,0,1,2025-03-04
cx66a031cc3bd305c76371fb586e93801b948254f0,hxd75467e3e4ce64e3424c747dfb71503017440433,cxa0af3165c08318e988cb30993b3048335b94af6c,0x3782dace9d900000,0xe16ef16cbfcefedfad0e5cae07b04e226d397cc8f3422cbf0fbee1a6d0cb7ce4,0,94204612,4.0,1741090021190167,Avalanche,0.0569099625,AVAX,0,1,2025-03-04
cx88fd7df7ddff82f7cc735c871dc519838cb235bb,cxa0af3165c08318e988cb30993b3048335b94af6c,cx5faae53c4dbd1fbe4a2eb4aab6565030f10da5c6,0x1a92d9fc1241746,0xf1073146f6021748dddb617a1dccc6e48eb6b1af2c56e3718ea90f3b05396856,2,94204597,0.11967702926544672,1741089991271423,Balanced Dollar,0.0569099625,bnUSD,0,1,2025-03-04
cx88fd7df7ddff82f7cc735c871dc519838cb235bb,cxa0af3165c08318e988cb30993b3048335b94af6c,hxd75467e3e4ce64e3424c747dfb71503017440433,0x45046794294b0216b,0xf1073146f6021748dddb617a1dccc6e48eb6b1af2c56e3718ea90f3b05396856,1,94204597,79.57142039311157,1741089991271423,Balanced Dollar,0.0569099625,bnUSD,0,1,2025-03-04
cx66a031cc3bd305c76371fb586e93801b948254f0,hxd75467e3e4ce64e3424c747dfb71503017440433,cxa0af3165c08318e988cb30993b3048335b94af6c,0x3782dace9d900000,0xf1073146f6021748dddb617a1dccc6e48eb6b1af2c56e3718ea90f3b05396856,0,94204597,4.0,1741089991271423,Avalanche,0.0569099625,AVAX,0,1,2025-03-04
cx88fd7df7ddff82f7cc735c871dc519838cb235bb,cx21e94c08c03daee80c25d8ee3ea22a20786ec231,hx2debd9ec927cca1639da8d3518dd9dbf1cdfb357,0x11abc005adac2bf853,0x6fa492d62f9f0d7e0cf601c74833e24e2a6dbc359415d1d015505461df82a46f,5,94204582,325.97054727255255,1741089961169488,Balanced Dollar,0.088410925,bnUSD,0,1,2025-03-04
cx88fd7df7ddff82f7cc735c871dc519838cb235bb,cxa0af3165c08318e988cb30993b3048335b94af6c,cx5faae53c4dbd1fbe4a2eb4aab6565030f10da5c6,0x6cb40a59ec35a65,0x6fa492d62f9f0d7e0cf601c74833e24e2a6dbc359415d1d015505461df82a46f,3,94204582,0.48955606457721507,1741089961169488,Balanced Dollar,0.088410925,bnUSD,0,1,2025-03-04
cx88fd7df7ddff82f7cc735c871dc519838cb235bb,cxa0af3165c08318e988cb30993b3048335b94af6c,cx21e94c08c03daee80c25d8ee3ea22a20786ec231,0x11abc005adac2bf853,0x6fa492d62f9f0d7e0cf601c74833e24e2a6dbc359415d1d015505461df82a46f,2,94204582,325.97054727255255,1741089961169488,Balanced Dollar,0.088410925,bnUSD,0,1,2025-03-04
cx4297f4b63262507623b6ad575d0d8dd2db980e4e,cx21e94c08c03daee80c25d8ee3ea22a20786ec231,cxa0af3165c08318e988cb30993b3048335b94af6c,0x1a055690d9db80000,0x6fa492d62f9f0d7e0cf601c74833e24e2a6dbc359415d1d015505461df82a46f,1,94204582,30.0,1741089961169488,Injective,0.088410925,INJ,0,1,2025-03-04
cx4297f4b63262507623b6ad575d0d8dd2db980e4e,hx2debd9ec927cca1639da8d3518dd9dbf1cdfb357,cx21e94c08c03daee80c25d8ee3ea22a20786ec231,0x1a055690d9db80000,0x6fa492d62f9f0d7e0cf601c74833e24e2a6dbc359415d1d015505461df82a46f,0,94204582,30.0,1741089961169488,Injective,0.088410925,INJ,0,1,2025-03-04
cx88fd7df7ddff82f7cc735c871dc519838cb235bb,cxa0af3165c08318e988cb30993b3048335b94af6c,cx5faae53c4dbd1fbe4a2eb4aab6565030f10da5c6,0x1a974fa532a667a,0x3e636b3d30429742211a40b2e7168d6fb4466bac91c27d209206475be6df387f,2,94204490,0.1197554835879625,1741089777188984,Balanced Dollar,0.0569099625,bnUSD,0,1,2025-03-04
cx88fd7df7ddff82f7cc735c871dc519838cb235bb,cxa0af3165c08318e988cb30993b3048335b94af6c,hxd75467e3e4ce64e3424c747dfb71503017440433,0x450ffd3170a3f6f74,0x3e636b3d30429742211a40b2e7168d6fb4466bac91c27d209206475be6df387f,1,94204490,79.62359203284329,1741089777188984,Balanced Dollar,0.0569099625,bnUSD,0,1,2025-03-04
cx66a031cc3bd305c76371fb586e93801b948254f0,hxd75467e3e4ce64e3424c747dfb71503017440433,cxa0af3165c08318e988cb30993b3048335b94af6c,0x3782dace9d900000,0x3e636b3d30429742211a40b2e7168d6fb4466bac91c27d209206475be6df387f,0,94204490,4.0,1741089777188984,Avalanche,0.0569099625,AVAX,0,1,2025-03-04
cx88fd7df7ddff82f7cc735c871dc519838cb235bb,cxa0af3165c08318e988cb30993b3048335b94af6c,cx5faae53c4dbd1fbe4a2eb4aab6565030f10da5c6,0x1a9bc66de1e456b,0xafe47697e093aecf773cac00b34926692cb2a118fdd4cb53881842823c5ed7e4,2,94204484,0.11983401510124068,1741089764997459,Balanced Dollar,0.0569099625,bnUSD,0,1,2025-03-04
cx88fd7df7ddff82f7cc735c871dc519838cb235bb,cxa0af3165c08318e988cb30993b3048335b94af6c,hxd75467e3e4ce64e3424c747dfb71503017440433,0x451b95b9cfb0575e0,0xafe47697e093aecf773cac00b34926692cb2a118fdd4cb53881842823c5ed7e4,1,94204484,79.67581501238631,1741089764997459,Balanced Dollar,0.0569099625,bnUSD,0,1,2025-03-04
cx66a031cc3bd305c76371fb586e93801b948254f0,hxd75467e3e4ce64e3424c747dfb71503017440433,cxa0af3165c08318e988cb30993b3048335b94af6c,0x3782dace9d900000,0xafe47697e093aecf773cac00b34926692cb2a118fdd4cb53881842823c5ed7e4,0,94204484,4.0,1741089764997459,Avalanche,0.0569099625,AVAX,0,1,2025-03-04
cx88fd7df7ddff82f7cc735c871dc519838cb235bb,cxa0af3165c08318e988cb30993b3048335b94af6c,cx5faae53c4dbd1fbe4a2eb4aab6565030f10da5c6,0x1aa03e568098f96,0x40aa131895263d12bb0a2ac1268eaf1646491561016822e6df9e03efdde0f995,2,94204450,0.11991262390659062,1741089697167484,Balanced Dollar,0.056928775,bnUSD,0,1,2025-03-04
cx88fd7df7ddff82f7cc735c871dc519838cb235bb,cxa0af3165c08318e988cb30993b3048335b94af6c,hxd75467e3e4ce64e3424c747dfb71503017440433,0x4527312e417e59a28,0x40aa131895263d12bb0a2ac1268eaf1646491561016822e6df9e03efdde0f995,1,94204450,79.72808939913278,1741089697167484,Balanced Dollar,0.056928775,bnUSD,0,1,2025-03-04
cx66a031cc3bd305c76371fb586e93801b948254f0,hxd75467e3e4ce64e3424c747dfb71503017440433,cxa0af3165c08318e988cb30993b3048335b94af6c,0x3782dace9d900000,0x40aa131895263d12bb0a2ac1268eaf1646491561016822e6df9e03efdde0f995,0,94204450,4.0,1741089697167484,Avalanche,0.056928775,AVAX,0,1,2025-03-04
cx88fd7df7ddff82f7cc735c871dc519838cb235bb,cx203d9cd2a669be67177e997b8948ce2c35caffae,cx835b300dcfe01f0bdb794e134a0c5628384f4367,0x11d6cdae70b34c6a,0x11c5d64bd67c60bce1bbfa3f078e7a3a985b93e8319cdb7a2cda3df43e2fa944,6,94204437,1.2854408927596577,1741089671077371,Balanced Dollar,0.099030425,bnUSD,0,1,2025-03-04
cx88fd7df7ddff82f7cc735c871dc519838cb235bb,cx5faae53c4dbd1fbe4a2eb4aab6565030f10da5c6,cx203d9cd2a669be67177e997b8948ce2c35caffae,0x197c014257db91bc,0x11c5d64bd67c60bce1bbfa3f078e7a3a985b93e8319cdb7a2cda3df43e2fa944,4,94204437,1.8363441325137966,1741089671077371,Balanced Dollar,0.099030425,bnUSD,0,1,2025-03-04
cx88fd7df7ddff82f7cc735c871dc519838cb235bb,cx5faae53c4dbd1fbe4a2eb4aab6565030f10da5c6,cxdc30a0d3a1f131565c071272a20bc0b06fd4c17b,0x197c014257db91bc,0x11c5d64bd67c60bce1bbfa3f078e7a3a985b93e8319cdb7a2cda3df43e2fa944,3,94204437,1.8363441325137966,1741089671077371,Balanced Dollar,0.099030425,bnUSD,0,1,2025-03-04
cx88fd7df7ddff82f7cc735c871dc519838cb235bb,cxa0af3165c08318e988cb30993b3048335b94af6c,cx5faae53c4dbd1fbe4a2eb4aab6565030f10da5c6,0x1aa4b75f6f8a9f8,0x11c5d64bd67c60bce1bbfa3f078e7a3a985b93e8319cdb7a2cda3df43e2fa944,2,94204437,0.11999131010548786,1741089671077371,Balanced Dollar,0.099030425,bnUSD,0,1,2025-03-04
cx88fd7df7ddff82f7cc735c871dc519838cb235bb,cxa0af3165c08318e988cb30993b3048335b94af6c,hxd75467e3e4ce64e3424c747dfb71503017440433,0x4532cf8fc185b3fa3,0x11c5d64bd67c60bce1bbfa3f078e7a3a985b93e8319cdb7a2cda3df43e2fa944,1,94204437,79.78041526058557,1741089671077371,Balanced Dollar,0.099030425,bnUSD,0,1,2025-03-04
cx66a031cc3bd305c76371fb586e93801b948254f0,hxd75467e3e4ce64e3424c747dfb71503017440433,cxa0af3165c08318e988cb30993b3048335b94af6c,0x3782dace9d900000,0x11c5d64bd67c60bce1bbfa3f078e7a3a985b93e8319cdb7a2cda3df43e2fa944,0,94204437,4.0,1741089671077371,Avalanche,0.099030425,AVAX,0,1,2025-03-04
cx88fd7df7ddff82f7cc735c871dc519838cb235bb,cxa0af3165c08318e988cb30993b3048335b94af6c,cx5faae53c4dbd1fbe4a2eb4aab6565030f10da5c6,0xea081bca367800,0xe519bc8404e267a9697b2c351f6eb53e652b94398c3dbb276818dfabac5bd83b,2,94204192,0.06587406,1741089180988847,Balanced Dollar,0.0563614,bnUSD,0,1,2025-03-04
cx4297f4b63262507623b6ad575d0d8dd2db980e4e,cxa0af3165c08318e988cb30993b3048335b94af6c,hxd75467e3e4ce64e3424c747dfb71503017440433,0x37ab2a012916a548,0xe519bc8404e267a9697b2c351f6eb53e652b94398c3dbb276818dfabac5bd83b,1,94204192,4.011346077576243,1741089180988847,Injective,0.0563614,INJ,0,1,2025-03-04
cx88fd7df7ddff82f7cc735c871dc519838cb235bb,hxd75467e3e4ce64e3424c747dfb71503017440433,cxa0af3165c08318e988cb30993b3048335b94af6c,0x261751db3edd88000,0xe519bc8404e267a9697b2c351f6eb53e652b94398c3dbb276818dfabac5bd83b,0,94204192,43.91604,1741089180988847,Balanced Dollar,0.0563614,bnUSD,0,1,2025-03-04
cx88fd7df7ddff82f7cc735c871dc519838cb235bb,cxa0af3165c08318e988cb30993b3048335b94af6c,cx5faae53c4dbd1fbe4a2eb4aab6565030f10da5c6,0x1aa931890fa8457,0xcc0089d03df6736fa4f498808e483c4c11ac58f3538da7bf1d2cb787f649da58,2,94204056,0.12007007379957461,1741088908724286,Balanced Dollar,0.0569099625,bnUSD,0,1,2025-03-04
cx88fd7df7ddff82f7cc735c871dc519838cb235bb,cxa0af3165c08318e988cb30993b3048335b94af6c,hxd75467e3e4ce64e3424c747dfb71503017440433,0x453e70df4ba7d1b06,0xcc0089d03df6736fa4f498808e483c4c11ac58f3538da7bf1d2cb787f649da58,1,94204056,79.83279266435832,1741088908724286,Balanced Dollar,0.0569099625,bnUSD,0,1,2025-03-04
cx66a031cc3bd305c76371fb586e93801b948254f0,hxd75467e3e4ce64e3424c747dfb71503017440433,cxa0af3165c08318e988cb30993b3048335b94af6c,0x3782dace9d900000,0xcc0089d03df6736fa4f498808e483c4c11ac58f3538da7bf1d2cb787f649da58,0,94204056,4.0,1741088908724286,Avalanche,0.0569099625,AVAX,0,1,2025-03-04
cx88fd7df7ddff82f7cc735c871dc519838cb235bb,cxa0af3165c08318e988cb30993b3048335b94af6c,cx5faae53c4dbd1fbe4a2eb4aab6565030f10da5c6,0x1aadacd3c209a87,0xb95e4ce3240f9e9a080edc09c28bc069107144f0d5dfe84f61301871947458d5,2,94204027,0.12014891509065997,1741088850708402,Balanced Dollar,0.0569099625,bnUSD,0,1,2025-03-04
cx88fd7df7ddff82f7cc735c871dc519838cb235bb,cxa0af3165c08318e988cb30993b3048335b94af6c,hxd75467e3e4ce64e3424c747dfb71503017440433,0x454a151ddc30087e8,0xb95e4ce3240f9e9a080edc09c28bc069107144f0d5dfe84f61301871947458d5,1,94204027,79.88522167817578,1741088850708402,Balanced Dollar,0.0569099625,bnUSD,0,1,2025-03-04
cx66a031cc3bd305c76371fb586e93801b948254f0,hxd75467e3e4ce64e3424c747dfb71503017440433,cxa0af3165c08318e988cb30993b3048335b94af6c,0x3782dace9d900000,0xb95e4ce3240f9e9a080edc09c28bc069107144f0d5dfe84f61301871947458d5,0,94204027,4.0,1741088850708402,Avalanche,0.0569099625,AVAX,0,1,2025-03-04
cx88fd7df7ddff82f7cc735c871dc519838cb235bb,cx21e94c08c03daee80c25d8ee3ea22a20786ec231,hx2debd9ec927cca1639da8d3518dd9dbf1cdfb357,0x165e673e768423a4ce,0x3739e456432d86f1f2a02afa266e34530bd058ca2e632a24c45b011e514532c5,5,94204018,412.63084406252057,1741088832702391,Balanced Dollar,0.0787010875,bnUSD,0,1,2025-03-04
cx88fd7df7ddff82f7cc735c871dc519838cb235bb,cxa0af3165c08318e988cb30993b3048335b94af6c,cx5faae53c4dbd1fbe4a2eb4aab6565030f10da5c6,0x897a79c52ab4472,0x3739e456432d86f1f2a02afa266e34530bd058ca2e632a24c45b011e514532c5,3,94204018,0.6191477636304252,1741088832702391,Balanced Dollar,0.0787010875,bnUSD,0,1,2025-03-04
cx88fd7df7ddff82f7cc735c871dc519838cb235bb,cxa0af3165c08318e988cb30993b3048335b94af6c,cx21e94c08c03daee80c25d8ee3ea22a20786ec231,0x165e673e768423a4ce,0x3739e456432d86f1f2a02afa266e34530bd058ca2e632a24c45b011e514532c5,2,94204018,412.63084406252057,1741088832702391,Balanced Dollar,0.0787010875,bnUSD,0,1,2025-03-04
cx65c9e3d4fea842e00add0d32a5b4c5e4e04c7a6b,cx21e94c08c03daee80c25d8ee3ea22a20786ec231,cxa0af3165c08318e988cb30993b3048335b94af6c,0xb2d05e00,0x3739e456432d86f1f2a02afa266e34530bd058ca2e632a24c45b011e514532c5,1,94204018,3.0,1741088832702391,Solana,0.0787010875,SOL,0,1,2025-03-04
cx65c9e3d4fea842e00add0d32a5b4c5e4e04c7a6b,hx2debd9ec927cca1639da8d3518dd9dbf1cdfb357,cx21e94c08c03daee80c25d8ee3ea22a20786ec231,0xb2d05e00,0x3739e456432d86f1f2a02afa266e34530bd058ca2e632a24c45b011e514532c5,0,94204018,3.0,1741088832702391,Solana,0.0787010875,SOL,0,1,2025-03-04
cx88fd7df7ddff82f7cc735c871dc519838cb235bb,cxa0af3165c08318e988cb30993b3048335b94af6c,cx5faae53c4dbd1fbe4a2eb4aab6565030f10da5c6,0xe9d197ebce1000,0xb6693fd861547061c3dbb04a9be2f8661785e0255bd4316cccd2278f3716cd9a,2,94203654,0.06581412,1741088104488498,Balanced Dollar,0.0563614,bnUSD,0,1,2025-03-04
cx4297f4b63262507623b6ad575d0d8dd2db980e4e,cxa0af3165c08318e988cb30993b3048335b94af6c,hxd75467e3e4ce64e3424c747dfb71503017440433,0x37a4f9988f47382e,0xb6693fd861547061c3dbb04a9be2f8661785e0255bd4316cccd2278f3716cd9a,1,94203654,4.009604001900739,1741088104488498,Injective,0.0563614,INJ,0,1,2025-03-04
cx88fd7df7ddff82f7cc735c871dc519838cb235bb,hxd75467e3e4ce64e3424c747dfb71503017440433,cxa0af3165c08318e988cb30993b3048335b94af6c,0x260e7264b689f0000,0xb6693fd861547061c3dbb04a9be2f8661785e0255bd4316cccd2278f3716cd9a,0,94203654,43.87608,1741088104488498,Balanced Dollar,0.0563614,bnUSD,0,1,2025-03-04
cx88fd7df7ddff82f7cc735c871dc519838cb235bb,cxa0af3165c08318e988cb30993b3048335b94af6c,cx5faae53c4dbd1fbe4a2eb4aab6565030f10da5c6,0xe9d197ebce1000,0xa1b520a72f48fbe096fc2c497a31539a5a2d153c5ad820f3bf5c488e3e42ae2f,2,94203641,0.06581412,1741088078473705,Balanced Dollar,0.0563614,bnUSD,0,1,2025-03-04
cx4297f4b63262507623b6ad575d0d8dd2db980e4e,cxa0af3165c08318e988cb30993b3048335b94af6c,hxd75467e3e4ce64e3424c747dfb71503017440433,0x37abc14a1d4375e7,0xa1b520a72f48fbe096fc2c497a31539a5a2d153c5ad820f3bf5c488e3e42ae2f,1,94203641,4.0115124171662595,1741088078473705,Injective,0.0563614,INJ,0,1,2025-03-04
cx88fd7df7ddff82f7cc735c871dc519838cb235bb,hxd75467e3e4ce64e3424c747dfb71503017440433,cxa0af3165c08318e988cb30993b3048335b94af6c,0x260e7264b689f0000,0xa1b520a72f48fbe096fc2c497a31539a5a2d153c5ad820f3bf5c488e3e42ae2f,0,94203641,43.87608,1741088078473705,Balanced Dollar,0.0563614,bnUSD,0,1,2025-03-04
cx2609b924e33ef00b648a409245c7ea394c467824,cx43e2eec79eb76293c298f2b17aec06097be606e0,hx0000000000000000000000000000000000000000,0x199572cfd165e9c0000,0xb6c7a9160b71e3167cea33d950dbecbf9cce78dfb182f86cb11d2cffc1d0748c,1,94203630,7551.0,1741088056468070,Staked ICX,0.086468925,sICX,0,1,2025-03-04
cx2609b924e33ef00b648a409245c7ea394c467824,hxc1718c79947e0f673296218b5b23adbd9a3b38a8,cx43e2eec79eb76293c298f2b17aec06097be606e0,0x199572cfd165e9c0000,0xb6c7a9160b71e3167cea33d950dbecbf9cce78dfb182f86cb11d2cffc1d0748c,0,94203630,7551.0,1741088056468070,Staked ICX,0.086468925,sICX,0,1,2025-03-04
cx2d552c485ec8bcaa75aac02424e2aca6ffdb2f1b,cx21e94c08c03daee80c25d8ee3ea22a20786ec231,hx2debd9ec927cca1639da8d3518dd9dbf1cdfb357,0x9b6e09279bd9601,0xb62fcde15efcffbe367ac312cb0eb741e8f6a307c0d7478f47f39a3c37d2f808,5,94203628,0.6999937118150057,1741088052469263,Binance Coin,0.088269025,BNB,0,1,2025-03-04
cx88fd7df7ddff82f7cc735c871dc519838cb235bb,cxa0af3165c08318e988cb30993b3048335b94af6c,cx5faae53c4dbd1fbe4a2eb4aab6565030f10da5c6,0x8530ac889713de4,0xb62fcde15efcffbe367ac312cb0eb741e8f6a307c0d7478f47f39a3c37d2f808,3,94203628,0.5998350317860449,1741088052469263,Balanced Dollar,0.088269025,bnUSD,0,1,2025-03-04
cx2d552c485ec8bcaa75aac02424e2aca6ffdb2f1b,cxa0af3165c08318e988cb30993b3048335b94af6c,cx21e94c08c03daee80c25d8ee3ea22a20786ec231,0x9b6e09279bd9601,0xb62fcde15efcffbe367ac312cb0eb741e8f6a307c0d7478f47f39a3c37d2f808,2,94203628,0.6999937118150057,1741088052469263,Binance Coin,0.088269025,BNB,0,1,2025-03-04
cx88fd7df7ddff82f7cc735c871dc519838cb235bb,cx21e94c08c03daee80c25d8ee3ea22a20786ec231,cxa0af3165c08318e988cb30993b3048335b94af6c,0x15ad96bf9096e681c0,0xb62fcde15efcffbe367ac312cb0eb741e8f6a307c0d7478f47f39a3c37d2f808,1,94203628,399.8900211906966,1741088052469263,Balanced Dollar,0.088269025,bnUSD,0,1,2025-03-04
cx88fd7df7ddff82f7cc735c871dc519838cb235bb,hx2debd9ec927cca1639da8d3518dd9dbf1cdfb357,cx21e94c08c03daee80c25d8ee3ea22a20786ec231,0x15ad96bf9096e681c0,0xb62fcde15efcffbe367ac312cb0eb741e8f6a307c0d7478f47f39a3c37d2f808,0,94203628,399.8900211906966,1741088052469263,Balanced Dollar,0.088269025,bnUSD,0,1,2025-03-04
cx7baf94bd53b505353285ee4c4c050f9703581703,hx8026678e3d08ba3203ce6161ee8e9e3b9793491f,hx8026678e3d08ba3203ce6161ee8e9e3b9793491f,0x0,0x699a51c52f43272a2a021238d89ef790d2b1ee95e7ef376ab19e55828bf87376,3,94203574,0.0,1741087944433402,unknown_token,0.1363951875,$unknown,20,1,2025-03-04
cx7baf94bd53b505353285ee4c4c050f9703581703,hx8026678e3d08ba3203ce6161ee8e9e3b9793491f,hx8026678e3d08ba3203ce6161ee8e9e3b9793491f,0x0,0x699a51c52f43272a2a021238d89ef790d2b1ee95e7ef376ab19e55828bf87376,2,94203574,0.0,1741087944433402,unknown_token,0.1363951875,$unknown,11,1,2025-03-04
cx7baf94bd53b505353285ee4c4c050f9703581703,hx8026678e3d08ba3203ce6161ee8e9e3b9793491f,hx8026678e3d08ba3203ce6161ee8e9e3b9793491f,0x0,0x699a51c52f43272a2a021238d89ef790d2b1ee95e7ef376ab19e55828bf87376,1,94203574,0.0,1741087944433402,unknown_token,0.1363951875,$unknown,9,1,2025-03-04
cx28b2ec885b50c8a93da752f2d0467a67127a70e8,cx7127ae2887ef7676bf8014e995bd2ed4fd71f05b,cx5a0af85407c69945eb318d4ac18e9e842184163c,0x50c4cb2a10c604ccc,0x6be3e9848f0fbf26221803761b929d67ac5157e8b126f5a7427a3d29fb796bf7,7,94203535,93.12000000000002,1741087866413362,CROWN,0.0415516375,CROWN,0,1,2025-03-04
cx28b2ec885b50c8a93da752f2d0467a67127a70e8,cx7127ae2887ef7676bf8014e995bd2ed4fd71f05b,hx0000000000000000000000000000000000000000,0xd7621dc582100ccc,0x6be3e9848f0fbf26221803761b929d67ac5157e8b126f5a7427a3d29fb796bf7,5,94203535,15.520000000000003,1741087866413362,CROWN,0.0415516375,CROWN,0,1,2025-03-04
cx28b2ec885b50c8a93da752f2d0467a67127a70e8,cx7127ae2887ef7676bf8014e995bd2ed4fd71f05b,cxd77007090899311f1afbcae86b49cfe817fc6810,0x1aec43b8b04201999,0x6be3e9848f0fbf26221803761b929d67ac5157e8b126f5a7427a3d29fb796bf7,4,94203535,31.040000000000006,1741087866413362,CROWN,0.0415516375,CROWN,0,1,2025-03-04
cx28b2ec885b50c8a93da752f2d0467a67127a70e8,cx7127ae2887ef7676bf8014e995bd2ed4fd71f05b,hx84f2cd8dd94ed2da42f6a1b959b0baaecf6651c1,0xd7621dc582100ccc,0x6be3e9848f0fbf26221803761b929d67ac5157e8b126f5a7427a3d29fb796bf7,2,94203535,15.520000000000003,1741087866413362,CROWN,0.0415516375,CROWN,0,1,2025-03-04
cx28b2ec885b50c8a93da752f2d0467a67127a70e8,hx8026678e3d08ba3203ce6161ee8e9e3b9793491f,cx7127ae2887ef7676bf8014e995bd2ed4fd71f05b,0x869d529b714a08000,0x6be3e9848f0fbf26221803761b929d67ac5157e8b126f5a7427a3d29fb796bf7,0,94203535,155.20000000000005,1741087866413362,CROWN,0.0415516375,CROWN,0,1,2025-03-04
cx2609b924e33ef00b648a409245c7ea394c467824,cxa0af3165c08318e988cb30993b3048335b94af6c,hx970eda4988e547df0de8324226fdf3e8ebc9734f,0x1,0xbc6cc457853592e1e6dc3d104bf48088c4adafbf4284138212517302f1cbeadd,4,94203504,1e-18,1741087804398588,Staked ICX,0.106076925,sICX,0,1,2025-03-04
cxd17316e24ee40f2ef8ed6f3a497311db1b35206d,hx66b0a5c1aa35aa0d4ce16bd81e89b6da5f2a379f,hx66b0a5c1aa35aa0d4ce16bd81e89b6da5f2a379f,0x0,0x11c81438d04918d319f57a15d9e0e623b7d11987a46fba23d8f358330fc48271,2,94203499,0.0,1741087794386195,unknown_token,0.01074535,$unknown,6,1,2025-03-04
cx7baf94bd53b505353285ee4c4c050f9703581703,hx66b0a5c1aa35aa0d4ce16bd81e89b6da5f2a379f,hx0000000000000000000000000000000000000000,0x0,0x11c81438d04918d319f57a15d9e0e623b7d11987a46fba23d8f358330fc48271,0,94203499,0.0,1741087794386195,unknown_token,0.01074535,$unknown,1,1,2025-03-04
cxd17316e24ee40f2ef8ed6f3a497311db1b35206d,hx66b0a5c1aa35aa0d4ce16bd81e89b6da5f2a379f,hx66b0a5c1aa35aa0d4ce16bd81e89b6da5f2a379f,0x0,0x8993555eccb30bdb3790f14a1103ee15de28cdb4e30b1c25518d4a8fcac44909,2,94203498,0.0,1741087792385453,unknown_token,0.01074535,$unknown,6,1,2025-03-04
cx7baf94bd53b505353285ee4c4c050f9703581703,hx66b0a5c1aa35aa0d4ce16bd81e89b6da5f2a379f,hx0000000000000000000000000000000000000000,0x0,0x8993555eccb30bdb3790f14a1103ee15de28cdb4e30b1c25518d4a8fcac44909,0,94203498,0.0,1741087792385453,unknown_token,0.01074535,$unknown,9,1,2025-03-04
cx2609b924e33ef00b648a409245c7ea394c467824,hx970eda4988e547df0de8324226fdf3e8ebc9734f,cxa0af3165c08318e988cb30993b3048335b94af6c,0x199494c4662b738000c,0x860212b1cda820f0c9772175bc17dd84c732a82a2c3d60421e1362efe968ac14,1,94203496,7550.0,1741087788409230,Staked ICX,0.0935521,sICX,0,2,2025-03-04
cxd17316e24ee40f2ef8ed6f3a497311db1b35206d,hx66b0a5c1aa35aa0d4ce16bd81e89b6da5f2a379f,hx66b0a5c1aa35aa0d4ce16bd81e89b6da5f2a379f,0x0,0x4eb3eda0fe139005dd04ff0140b081853de26a7dca0f310cbdddad9ebefb5730,2,94203496,0.0,1741087788409230,unknown_token,0.01074535,$unknown,6,1,2025-03-04
cx7baf94bd53b505353285ee4c4c050f9703581703,hx66b0a5c1aa35aa0d4ce16bd81e89b6da5f2a379f,hx0000000000000000000000000000000000000000,0x0,0x4eb3eda0fe139005dd04ff0140b081853de26a7dca0f310cbdddad9ebefb5730,0,94203496,0.0,1741087788409230,unknown_token,0.01074535,$unknown,9,1,2025-03-04
cx3975b43d260fb8ec802cef6e60c2f4d07486f11d,hx970eda4988e547df0de8324226fdf3e8ebc9734f,cxa0af3165c08318e988cb30993b3048335b94af6c,0x21bc6035540924fdff9,0x77f7b3a9e7bae69c4c58961e253277c06edcf75319df7edf529a8190fcf569e1,1,94203495,9957.06339750971,1741087786486618,Wrapped ICX,0.0165812125,wICX,0,1,2025-03-04
cx3975b43d260fb8ec802cef6e60c2f4d07486f11d,hx0000000000000000000000000000000000000000,hx970eda4988e547df0de8324226fdf3e8ebc9734f,0x21bc6035540924fdff9,0x77f7b3a9e7bae69c4c58961e253277c06edcf75319df7edf529a8190fcf569e1,0,94203495,9957.06339750971,1741087786486618,Wrapped ICX,0.0165812125,wICX,0,1,2025-03-04
cxd17316e24ee40f2ef8ed6f3a497311db1b35206d,hx66b0a5c1aa35aa0d4ce16bd81e89b6da5f2a379f,hx66b0a5c1aa35aa0d4ce16bd81e89b6da5f2a379f,0x0,0x1610bd1bb066eec7a8bed05a567e3e1e7cca3ec228a074582c66516540723696,2,94203494,0.0,1741087784521050,unknown_token,0.01074535,$unknown,6,1,2025-03-04
cx7baf94bd53b505353285ee4c4c050f9703581703,hx66b0a5c1aa35aa0d4ce16bd81e89b6da5f2a379f,hx0000000000000000000000000000000000000000,0x0,0x1610bd1bb066eec7a8bed05a567e3e1e7cca3ec228a074582c66516540723696,0,94203494,0.0,1741087784521050,unknown_token,0.01074535,$unknown,9,1,2025-03-04
cxd17316e24ee40f2ef8ed6f3a497311db1b35206d,hx66b0a5c1aa35aa0d4ce16bd81e89b6da5f2a379f,hx66b0a5c1aa35aa0d4ce16bd81e89b6da5f2a379f,0x0,0x526f9348c129fea4217f3bdc340a96c85524e3df139eb46b932ead7772a590a2,2,94203493,0.0,1741087782382736,unknown_token,0.01074535,$unknown,6,1,2025-03-04
cx7baf94bd53b505353285ee4c4c050f9703581703,hx66b0a5c1aa35aa0d4ce16bd81e89b6da5f2a379f,hx0000000000000000000000000000000000000000,0x0,0x526f9348c129fea4217f3bdc340a96c85524e3df139eb46b932ead7772a590a2,0,94203493,0.0,1741087782382736,unknown_token,0.01074535,$unknown,9,1,2025-03-04
cxd17316e24ee40f2ef8ed6f3a497311db1b35206d,hx66b0a5c1aa35aa0d4ce16bd81e89b6da5f2a379f,hx66b0a5c1aa35aa0d4ce16bd81e89b6da5f2a379f,0x0,0xd460f35af40732ea8252c2276dee808b113a20fce263552129edd29a7ee82961,2,94203491,0.0,1741087778382927,unknown_token,0.01074535,$unknown,6,1,2025-03-04
cx7baf94bd53b505353285ee4c4c050f9703581703,hx66b0a5c1aa35aa0d4ce16bd81e89b6da5f2a379f,hx0000000000000000000000000000000000000000,0x0,0xd460f35af40732ea8252c2276dee808b113a20fce263552129edd29a7ee82961,0,94203491,0.0,1741087778382927,unknown_token,0.01074535,$unknown,1,1,2025-03-04
cxd17316e24ee40f2ef8ed6f3a497311db1b35206d,hx66b0a5c1aa35aa0d4ce16bd81e89b6da5f2a379f,hx66b0a5c1aa35aa0d4ce16bd81e89b6da5f2a379f,0x0,0x5fa4a55d2bbffcdbdc076ffc8d285481e72b109cb5db45c047f7b20642de11a1,2,94203490,0.0,1741087776536925,unknown_token,0.01074535,$unknown,6,1,2025-03-04
cx7baf94bd53b505353285ee4c4c050f9703581703,hx66b0a5c1aa35aa0d4ce16bd81e89b6da5f2a379f,hx0000000000000000000000000000000000000000,0x0,0x5fa4a55d2bbffcdbdc076ffc8d285481e72b109cb5db45c047f7b20642de11a1,0,94203490,0.0,1741087776536925,unknown_token,0.01074535,$unknown,1,1,2025-03-04
cxd17316e24ee40f2ef8ed6f3a497311db1b35206d,hx66b0a5c1aa35aa0d4ce16bd81e89b6da5f2a379f,hx66b0a5c1aa35aa0d4ce16bd81e89b6da5f2a379f,0x0,0x0e5b9ea285a67461da0771e3e560276dc90d23402c9cdd204d9ca40d429c2835,2,94203488,0.0,1741087772380501,unknown_token,0.01074535,$unknown,6,2,2025-03-04
cx7baf94bd53b505353285ee4c4c050f9703581703,hx66b0a5c1aa35aa0d4ce16bd81e89b6da5f2a379f,hx0000000000000000000000000000000000000000,0x0,0x0e5b9ea285a67461da0771e3e560276dc90d23402c9cdd204d9ca40d429c2835,0,94203488,0.0,1741087772380501,unknown_token,0.01074535,$unknown,9,2,2025-03-04
cx88fd7df7ddff82f7cc735c871dc519838cb235bb,cx21e94c08c03daee80c25d8ee3ea22a20786ec231,hx7497c286aa521b09b2b54d78cde3fa4573c0e157,0x528b258154f5bfde3,0xd1d9752c7af958c4f55635ba68a973157aa737261128863976cd80d2983d5bad,20,94203488,95.16622352446836,1741087772380501,Balanced Dollar,0.422444575,bnUSD,0,1,2025-03-04
cx88fd7df7ddff82f7cc735c871dc519838cb235bb,cxa0af3165c08318e988cb30993b3048335b94af6c,cx5faae53c4dbd1fbe4a2eb4aab6565030f10da5c6,0x1fc9dfc90d68bcf,0xd1d9752c7af958c4f55635ba68a973157aa737261128863976cd80d2983d5bad,18,94203488,0.14316299625631226,1741087772380501,Balanced Dollar,0.422444575,bnUSD,0,1,2025-03-04
cx88fd7df7ddff82f7cc735c871dc519838cb235bb,cxa0af3165c08318e988cb30993b3048335b94af6c,cx21e94c08c03daee80c25d8ee3ea22a20786ec231,0x528b258154f5bfde3,0xd1d9752c7af958c4f55635ba68a973157aa737261128863976cd80d2983d5bad,17,94203488,95.16622352446836,1741087772380501,Balanced Dollar,0.422444575,bnUSD,0,1,2025-03-04
cx2609b924e33ef00b648a409245c7ea394c467824,cx21e94c08c03daee80c25d8ee3ea22a20786ec231,cxa0af3165c08318e988cb30993b3048335b94af6c,0x2475b86c1d3f13901d,0xd1d9752c7af958c4f55635ba68a973157aa737261128863976cd80d2983d5bad,16,94203488,672.5654354245643,1741087772380501,Staked ICX,0.422444575,sICX,0,1,2025-03-04
cx2609b924e33ef00b648a409245c7ea394c467824,cx203d9cd2a669be67177e997b8948ce2c35caffae,cx835b300dcfe01f0bdb794e134a0c5628384f4367,0x17c7c3d092b0bb42,0xd1d9752c7af958c4f55635ba68a973157aa737261128863976cd80d2983d5bad,13,94203488,1.7135534838194328,1741087772380501,Staked ICX,0.422444575,sICX,0,1,2025-03-04
cx2609b924e33ef00b648a409245c7ea394c467824,cx5faae53c4dbd1fbe4a2eb4aab6565030f10da5c6,cx203d9cd2a669be67177e997b8948ce2c35caffae,0x21f8ce97acfc793a,0xd1d9752c7af958c4f55635ba68a973157aa737261128863976cd80d2983d5bad,10,94203488,2.4479335483134754,1741087772380501,Staked ICX,0.422444575,sICX,0,1,2025-03-04
cx2609b924e33ef00b648a409245c7ea394c467824,cx5faae53c4dbd1fbe4a2eb4aab6565030f10da5c6,cxdc30a0d3a1f131565c071272a20bc0b06fd4c17b,0x21f8ce97acfc7939,0xd1d9752c7af958c4f55635ba68a973157aa737261128863976cd80d2983d5bad,8,94203488,2.4479335483134754,1741087772380501,Staked ICX,0.422444575,sICX,0,1,2025-03-04
cx2609b924e33ef00b648a409245c7ea394c467824,cxa0af3165c08318e988cb30993b3048335b94af6c,cx5faae53c4dbd1fbe4a2eb4aab6565030f10da5c6,0xe08f704b0d81cd1,0xd1d9752c7af958c4f55635ba68a973157aa737261128863976cd80d2983d5bad,7,94203488,1.0113297158635595,1741087772380501,Staked ICX,0.422444575,sICX,0,1,2025-03-04
cx2609b924e33ef00b648a409245c7ea394c467824,cxa0af3165c08318e988cb30993b3048335b94af6c,cx21e94c08c03daee80c25d8ee3ea22a20786ec231,0x2475b86c1d3f13901d,0xd1d9752c7af958c4f55635ba68a973157aa737261128863976cd80d2983d5bad,6,94203488,672.5654354245643,1741087772380501,Staked ICX,0.422444575,sICX,0,1,2025-03-04
cxf61cd5a45dc9f91c15aa65831a30a90d59a09619,cx21e94c08c03daee80c25d8ee3ea22a20786ec231,cxa0af3165c08318e988cb30993b3048335b94af6c,0x2bd6ae64ac217d9ea8,0xd1d9752c7af958c4f55635ba68a973157aa737261128863976cd80d2983d5bad,5,94203488,808.679407630034,1741087772380501,Balance Token,0.422444575,BALN,0,1,2025-03-04
cx88fd7df7ddff82f7cc735c871dc519838cb235bb,cxa0af3165c08318e988cb30993b3048335b94af6c,cx5faae53c4dbd1fbe4a2eb4aab6565030f10da5c6,0x1fa6aa26fca1493,0xd1d9752c7af958c4f55635ba68a973157aa737261128863976cd80d2983d5bad,3,94203488,0.14254358410835266,1741087772380501,Balanced Dollar,0.422444575,bnUSD,0,1,2025-03-04
cxf61cd5a45dc9f91c15aa65831a30a90d59a09619,cxa0af3165c08318e988cb30993b3048335b94af6c,cx21e94c08c03daee80c25d8ee3ea22a20786ec231,0x2bd6ae64ac217d9ea8,0xd1d9752c7af958c4f55635ba68a973157aa737261128863976cd80d2983d5bad,2,94203488,808.679407630034,1741087772380501,Balance Token,0.422444575,BALN,0,1,2025-03-04
cx88fd7df7ddff82f7cc735c871dc519838cb235bb,cx21e94c08c03daee80c25d8ee3ea22a20786ec231,cxa0af3165c08318e988cb30993b3048335b94af6c,0x526cb07031e404000,0xd1d9752c7af958c4f55635ba68a973157aa737261128863976cd80d2983d5bad,1,94203488,95.02905607223511,1741087772380501,Balanced Dollar,0.422444575,bnUSD,0,1,2025-03-04
cx88fd7df7ddff82f7cc735c871dc519838cb235bb,hx7497c286aa521b09b2b54d78cde3fa4573c0e157,cx21e94c08c03daee80c25d8ee3ea22a20786ec231,0x526cb07031e404000,0xd1d9752c7af958c4f55635ba68a973157aa737261128863976cd80d2983d5bad,0,94203488,95.02905607223511,1741087772380501,Balanced Dollar,0.422444575,bnUSD,0,1,2025-03-04
cx2609b924e33ef00b648a409245c7ea394c467824,cx21e94c08c03daee80c25d8ee3ea22a20786ec231,hx970eda4988e547df0de8324226fdf3e8ebc9734f,0x199494c4662b738000b,0xe264a1281b1ed376ef5fee716e02ff8a9330c2c4ebb43f62562dce97cc740a03,6,94203487,7550.0,1741087770483864,Staked ICX,0.172758675,sICX,0,1,2025-03-04
cx88fd7df7ddff82f7cc735c871dc519838cb235bb,cxa0af3165c08318e988cb30993b3048335b94af6c,cx5faae53c4dbd1fbe4a2eb4aab6565030f10da5c6,0x1658e2d96d139fea,0xe264a1281b1ed376ef5fee716e02ff8a9330c2c4ebb43f62562dce97cc740a03,3,94203487,1.6102862902507356,1741087770483864,Balanced Dollar,0.172758675,bnUSD,0,1,2025-03-04
cx2609b924e33ef00b648a409245c7ea394c467824,cxa0af3165c08318e988cb30993b3048335b94af6c,cx21e94c08c03daee80c25d8ee3ea22a20786ec231,0x199494c4662b738000b,0xe264a1281b1ed376ef5fee716e02ff8a9330c2c4ebb43f62562dce97cc740a03,2,94203487,7550.0,1741087770483864,Staked ICX,0.172758675,sICX,0,1,2025-03-04
cx88fd7df7ddff82f7cc735c871dc519838cb235bb,cx21e94c08c03daee80c25d8ee3ea22a20786ec231,cxa0af3165c08318e988cb30993b3048335b94af6c,0x3a32241636b87072e1,0xe264a1281b1ed376ef5fee716e02ff8a9330c2c4ebb43f62562dce97cc740a03,1,94203487,1073.5241935004904,1741087770483864,Balanced Dollar,0.172758675,bnUSD,0,1,2025-03-04
cx88fd7df7ddff82f7cc735c871dc519838cb235bb,hx970eda4988e547df0de8324226fdf3e8ebc9734f,cx21e94c08c03daee80c25d8ee3ea22a20786ec231,0x3a32241636b87072e1,0xe264a1281b1ed376ef5fee716e02ff8a9330c2c4ebb43f62562dce97cc740a03,0,94203487,1073.5241935004904,1741087770483864,Balanced Dollar,0.172758675,bnUSD,0,1,2025-03-04
cxd17316e24ee40f2ef8ed6f3a497311db1b35206d,hx66b0a5c1aa35aa0d4ce16bd81e89b6da5f2a379f,hx66b0a5c1aa35aa0d4ce16bd81e89b6da5f2a379f,0x0,0xca88a3e3194a79d6f67faa2f086b633ee8ba6ce78d74f120cf800fe159be9ba5,2,94203486,0.0,1741087768482170,unknown_token,0.01074535,$unknown,6,1,2025-03-04
cx7baf94bd53b505353285ee4c4c050f9703581703,hx66b0a5c1aa35aa0d4ce16bd81e89b6da5f2a379f,hx0000000000000000000000000000000000000000,0x0,0xca88a3e3194a79d6f67faa2f086b633ee8ba6ce78d74f120cf800fe159be9ba5,0,94203486,0.0,1741087768482170,unknown_token,0.01074535,$unknown,1,1,2025-03-04
cxd17316e24ee40f2ef8ed6f3a497311db1b35206d,hx66b0a5c1aa35aa0d4ce16bd81e89b6da5f2a379f,hx66b0a5c1aa35aa0d4ce16bd81e89b6da5f2a379f,0x0,0xdc06e52e0d01c4a5188e6a6f41d46fca7cf0254227987406ad4563763e0516ae,2,94203485,0.0,1741087766384180,unknown_token,0.01074535,$unknown,6,1,2025-03-04
cx7baf94bd53b505353285ee4c4c050f9703581703,hx66b0a5c1aa35aa0d4ce16bd81e89b6da5f2a379f,hx0000000000000000000000000000000000000000,0x0,0xdc06e52e0d01c4a5188e6a6f41d46fca7cf0254227987406ad4563763e0516ae,0,94203485,0.0,1741087766384180,unknown_token,0.01074535,$unknown,9,1,2025-03-04
cxf61cd5a45dc9f91c15aa65831a30a90d59a09619,hxa5a8c7cbb0d940f43dd6a1966324f5d5f7034dbc,cxe0252e6c1fe4040412811d83d13979e335287e45,0x3154c9729d05780000,0x2943091d5d2a1a2e161d5e2919cdd37a164388c0806be37e51dc7a27ba5c8f22,0,94203474,910.0,1741087744370774,Balance Token,0.0870344125,BALN,0,1,2025-03-04
cxd17316e24ee40f2ef8ed6f3a497311db1b35206d,hx66b0a5c1aa35aa0d4ce16bd81e89b6da5f2a379f,hx66b0a5c1aa35aa0d4ce16bd81e89b6da5f2a379f,0x0,0x263ea56f2bf4303aa504104eb023a2945689d5e6eab1c62c7d1bb3edbc13d6f0,2,94203466,0.0,1741087728365933,unknown_token,0.01074535,$unknown,6,1,2025-03-04
cx7baf94bd53b505353285ee4c4c050f9703581703,hx66b0a5c1aa35aa0d4ce16bd81e89b6da5f2a379f,hx0000000000000000000000000000000000000000,0x0,0x263ea56f2bf4303aa504104eb023a2945689d5e6eab1c62c7d1bb3edbc13d6f0,0,94203466,0.0,1741087728365933,unknown_token,0.01074535,$unknown,1,1,2025-03-04
cxd17316e24ee40f2ef8ed6f3a497311db1b35206d,hx66b0a5c1aa35aa0d4ce16bd81e89b6da5f2a379f,hx66b0a5c1aa35aa0d4ce16bd81e89b6da5f2a379f,0x0,0x36b117f274e8abbf0bc2a6db2fc945c9b6bf13a1d005a5622707b8d468400ab5,2,94203465,0.0,1741087726521417,unknown_token,0.01074535,$unknown,6,1,2025-03-04
cx7baf94bd53b505353285ee4c4c050f9703581703,hx66b0a5c1aa35aa0d4ce16bd81e89b6da5f2a379f,hx0000000000000000000000000000000000000000,0x0,0x36b117f274e8abbf0bc2a6db2fc945c9b6bf13a1d005a5622707b8d468400ab5,0,94203465,0.0,1741087726521417,unknown_token,0.01074535,$unknown,9,1,2025-03-04
cxd17316e24ee40f2ef8ed6f3a497311db1b35206d,hx66b0a5c1aa35aa0d4ce16bd81e89b6da5f2a379f,hx66b0a5c1aa35aa0d4ce16bd81e89b6da5f2a379f,0x0,0xc3e111ff3cad57d0100c3973ec6231a26d1b0b9ce6164303ed34c2c2b6747cc2,2,94203464,0.0,1741087724561162,unknown_token,0.01074535,$unknown,6,1,2025-03-04
cx7baf94bd53b505353285ee4c4c050f9703581703,hx66b0a5c1aa35aa0d4ce16bd81e89b6da5f2a379f,hx0000000000000000000000000000000000000000,0x0,0xc3e111ff3cad57d0100c3973ec6231a26d1b0b9ce6164303ed34c2c2b6747cc2,0,94203464,0.0,1741087724561162,unknown_token,0.01074535,$unknown,1,1,2025-03-04
cxd17316e24ee40f2ef8ed6f3a497311db1b35206d,hx66b0a5c1aa35aa0d4ce16bd81e89b6da5f2a379f,hx66b0a5c1aa35aa0d4ce16bd81e89b6da5f2a379f,0x0,0x40c20f9f3ca08d17c86299dd0a671cb092fb93d8fd0ed5e44322b8bd05e2a397,2,94203463,0.0,1741087722363898,unknown_token,0.01074535,$unknown,6,1,2025-03-04
cx7baf94bd53b505353285ee4c4c050f9703581703,hx66b0a5c1aa35aa0d4ce16bd81e89b6da5f2a379f,hx0000000000000000000000000000000000000000,0x0,0x40c20f9f3ca08d17c86299dd0a671cb092fb93d8fd0ed5e44322b8bd05e2a397,0,94203463,0.0,1741087722363898,unknown_token,0.01074535,$unknown,1,1,2025-03-04
cxd17316e24ee40f2ef8ed6f3a497311db1b35206d,hx66b0a5c1aa35aa0d4ce16bd81e89b6da5f2a379f,hx66b0a5c1aa35aa0d4ce16bd81e89b6da5f2a379f,0x0,0x3ca5b372b930832d19350b98a6cc1236edd06cbdf2e0cbaf7fcfe86025a1f2a8,2,94203461,0.0,1741087718466280,unknown_token,0.01074535,$unknown,6,1,2025-03-04
cx7baf94bd53b505353285ee4c4c050f9703581703,hx66b0a5c1aa35aa0d4ce16bd81e89b6da5f2a379f,hx0000000000000000000000000000000000000000,0x0,0x3ca5b372b930832d19350b98a6cc1236edd06cbdf2e0cbaf7fcfe86025a1f2a8,0,94203461,0.0,1741087718466280,unknown_token,0.01074535,$unknown,1,1,2025-03-04
cxd17316e24ee40f2ef8ed6f3a497311db1b35206d,hx66b0a5c1aa35aa0d4ce16bd81e89b6da5f2a379f,hx66b0a5c1aa35aa0d4ce16bd81e89b6da5f2a379f,0x0,0x8497a80e63d15076873aac38366b244c9c8222369a2bd5c61af7daa7373752ea,2,94203459,0.0,1741087714362355,unknown_token,0.01074535,$unknown,6,1,2025-03-04
cx7baf94bd53b505353285ee4c4c050f9703581703,hx66b0a5c1aa35aa0d4ce16bd81e89b6da5f2a379f,hx0000000000000000000000000000000000000000,0x0,0x8497a80e63d15076873aac38366b244c9c8222369a2bd5c61af7daa7373752ea,0,94203459,0.0,1741087714362355,unknown_token,0.01074535,$unknown,1,1,2025-03-04
cxd17316e24ee40f2ef8ed6f3a497311db1b35206d,hx66b0a5c1aa35aa0d4ce16bd81e89b6da5f2a379f,hx66b0a5c1aa35aa0d4ce16bd81e89b6da5f2a379f,0x0,0x2c93fd2c0dd5c1f88b0ddf8da3f1bb88c0b4a9f89dfa8680f307660406d4a384,2,94203457,0.0,1741087710460143,unknown_token,0.01074535,$unknown,6,1,2025-03-04
cx7baf94bd53b505353285ee4c4c050f9703581703,hx66b0a5c1aa35aa0d4ce16bd81e89b6da5f2a379f,hx0000000000000000000000000000000000000000,0x0,0x2c93fd2c0dd5c1f88b0ddf8da3f1bb88c0b4a9f89dfa8680f307660406d4a384,0,94203457,0.0,1741087710460143,unknown_token,0.01074535,$unknown,1,1,2025-03-04
cxd17316e24ee40f2ef8ed6f3a497311db1b35206d,hx66b0a5c1aa35aa0d4ce16bd81e89b6da5f2a379f,hx66b0a5c1aa35aa0d4ce16bd81e89b6da5f2a379f,0x0,0x549b4042a71f720def07a14d75728c8d40ca0017de4e68340dafe13f07feabbb,2,94203456,0.0,1741087708361325,unknown_token,0.01074535,$unknown,6,1,2025-03-04
cx7baf94bd53b505353285ee4c4c050f9703581703,hx66b0a5c1aa35aa0d4ce16bd81e89b6da5f2a379f,hx0000000000000000000000000000000000000000,0x0,0x549b4042a71f720def07a14d75728c8d40ca0017de4e68340dafe13f07feabbb,0,94203456,0.0,1741087708361325,unknown_token,0.01074535,$unknown,1,1,2025-03-04
cxf61cd5a45dc9f91c15aa65831a30a90d59a09619,cxe0252e6c1fe4040412811d83d13979e335287e45,hxa5a8c7cbb0d940f43dd6a1966324f5d5f7034dbc,0x2e141ea081ca080000,0x87ded16f1d74163d7be88e89bc486e3f623e04cc33cd711aeba75f55274108f8,0,94203455,850.0,1741087706359556,Balance Token,0.0873072125,BALN,0,1,2025-03-04
cxd17316e24ee40f2ef8ed6f3a497311db1b35206d,hx66b0a5c1aa35aa0d4ce16bd81e89b6da5f2a379f,hx66b0a5c1aa35aa0d4ce16bd81e89b6da5f2a379f,0x0,0x0c15ab73f47e334d197c5762d4c4953c98684843f66faa8440fde361478c12f2,2,94203454,0.0,1741087704360793,unknown_token,0.01074535,$unknown,6,1,2025-03-04
cx7baf94bd53b505353285ee4c4c050f9703581703,hx66b0a5c1aa35aa0d4ce16bd81e89b6da5f2a379f,hx0000000000000000000000000000000000000000,0x0,0x0c15ab73f47e334d197c5762d4c4953c98684843f66faa8440fde361478c12f2,0,94203454,0.0,1741087704360793,unknown_token,0.01074535,$unknown,1,1,2025-03-04
cxd17316e24ee40f2ef8ed6f3a497311db1b35206d,hx66b0a5c1aa35aa0d4ce16bd81e89b6da5f2a379f,hx66b0a5c1aa35aa0d4ce16bd81e89b6da5f2a379f,0x0,0x153a8a4d000fbfd09e4a48dbea459c42b4e6d0cb383f359bd5bb4160a3632ef1,2,94203453,0.0,1741087702359512,unknown_token,0.01074535,$unknown,6,1,2025-03-04
cx7baf94bd53b505353285ee4c4c050f9703581703,hx66b0a5c1aa35aa0d4ce16bd81e89b6da5f2a379f,hx0000000000000000000000000000000000000000,0x0,0x153a8a4d000fbfd09e4a48dbea459c42b4e6d0cb383f359bd5bb4160a3632ef1,0,94203453,0.0,1741087702359512,unknown_token,0.01074535,$unknown,1,1,2025-03-04
cxf61cd5a45dc9f91c15aa65831a30a90d59a09619,cxd82fb5d3effecd8c9071a4bba3856ad7222c4b91,hxa5a8c7cbb0d940f43dd6a1966324f5d5f7034dbc,0xbde267e427cbc14d,0x3b3cd220f04cb5097805197a137a7419d6d4991b3696b286e5e749850d0bd631,11,94203452,13.682612847522858,1741087700361407,Balance Token,0.2030335,BALN,0,1,2025-03-04
cx88fd7df7ddff82f7cc735c871dc519838cb235bb,cxd82fb5d3effecd8c9071a4bba3856ad7222c4b91,hxa5a8c7cbb0d940f43dd6a1966324f5d5f7034dbc,0x232c9f43f393b1eb6,0x3b3cd220f04cb5097805197a137a7419d6d4991b3696b286e5e749850d0bd631,10,94203452,40.55321287201463,1741087700361407,Balanced Dollar,0.2030335,bnUSD,0,1,2025-03-04
cx2609b924e33ef00b648a409245c7ea394c467824,cxd82fb5d3effecd8c9071a4bba3856ad7222c4b91,hxa5a8c7cbb0d940f43dd6a1966324f5d5f7034dbc,0xd4f43721511d1aab2,0x3b3cd220f04cb5097805197a137a7419d6d4991b3696b286e5e749850d0bd631,9,94203452,245.51920714547893,1741087700361407,Staked ICX,0.2030335,sICX,0,1,2025-03-04
cxf61cd5a45dc9f91c15aa65831a30a90d59a09619,cx9345f80d6c98357ccbb70392b14162199c2c5f66,cxd82fb5d3effecd8c9071a4bba3856ad7222c4b91,0xcf82426270f5960,0x3b3cd220f04cb5097805197a137a7419d6d4991b3696b286e5e749850d0bd631,8,94203452,0.9345366689620525,1741087700361407,Balance Token,0.2030335,BALN,0,1,2025-03-04
cx2609b924e33ef00b648a409245c7ea394c467824,cx9345f80d6c98357ccbb70392b14162199c2c5f66,cxd82fb5d3effecd8c9071a4bba3856ad7222c4b91,0xe442895b51507216,0x3b3cd220f04cb5097805197a137a7419d6d4991b3696b286e5e749850d0bd631,7,94203452,16.44785981440973,1741087700361407,Staked ICX,0.2030335,sICX,0,1,2025-03-04
cx88fd7df7ddff82f7cc735c871dc519838cb235bb,cx203d9cd2a669be67177e997b8948ce2c35caffae,cx835b300dcfe01f0bdb794e134a0c5628384f4367,0x2c1ad10fd6918f0d,0x3b3cd220f04cb5097805197a137a7419d6d4991b3696b286e5e749850d0bd631,5,94203452,3.1780823530178846,1741087700361407,Balanced Dollar,0.2030335,bnUSD,0,1,2025-03-04
cx88fd7df7ddff82f7cc735c871dc519838cb235bb,cx5faae53c4dbd1fbe4a2eb4aab6565030f10da5c6,cx203d9cd2a669be67177e997b8948ce2c35caffae,0x3f01bcf20df48338,0x3b3cd220f04cb5097805197a137a7419d6d4991b3696b286e5e749850d0bd631,3,94203452,4.540117647168406,1741087700361407,Balanced Dollar,0.2030335,bnUSD,0,1,2025-03-04
cx88fd7df7ddff82f7cc735c871dc519838cb235bb,cx5faae53c4dbd1fbe4a2eb4aab6565030f10da5c6,cxdc30a0d3a1f131565c071272a20bc0b06fd4c17b,0x3f01bcf20df48338,0x3b3cd220f04cb5097805197a137a7419d6d4991b3696b286e5e749850d0bd631,2,94203452,4.540117647168406,1741087700361407,Balanced Dollar,0.2030335,bnUSD,0,1,2025-03-04
cx88fd7df7ddff82f7cc735c871dc519838cb235bb,hx0000000000000000000000000000000000000000,cx5faae53c4dbd1fbe4a2eb4aab6565030f10da5c6,0x0,0x3b3cd220f04cb5097805197a137a7419d6d4991b3696b286e5e749850d0bd631,1,94203452,0.0,1741087700361407,Balanced Dollar,0.2030335,bnUSD,0,1,2025-03-04
cx88fd7df7ddff82f7cc735c871dc519838cb235bb,hx0000000000000000000000000000000000000000,cxd82fb5d3effecd8c9071a4bba3856ad7222c4b91,0x249628cc2b088d6c,0x3b3cd220f04cb5097805197a137a7419d6d4991b3696b286e5e749850d0bd631,0,94203452,2.6363394892324243,1741087700361407,Balanced Dollar,0.2030335,bnUSD,0,1,2025-03-04
cxd17316e24ee40f2ef8ed6f3a497311db1b35206d,hx66b0a5c1aa35aa0d4ce16bd81e89b6da5f2a379f,hx66b0a5c1aa35aa0d4ce16bd81e89b6da5f2a379f,0x0,0x2c348634bd10d597ad09d46502cbac1b95e24dfcbbd5956527b172a00b44a251,2,94203336,0.0,1741087468374371,unknown_token,0.0107544875,$unknown,5,1,2025-03-04
cx7baf94bd53b505353285ee4c4c050f9703581703,hx66b0a5c1aa35aa0d4ce16bd81e89b6da5f2a379f,hx0000000000000000000000000000000000000000,0x0,0x2c348634bd10d597ad09d46502cbac1b95e24dfcbbd5956527b172a00b44a251,1,94203336,0.0,1741087468374371,unknown_token,0.0107544875,$unknown,5,1,2025-03-04
cxd17316e24ee40f2ef8ed6f3a497311db1b35206d,hx66b0a5c1aa35aa0d4ce16bd81e89b6da5f2a379f,hx66b0a5c1aa35aa0d4ce16bd81e89b6da5f2a379f,0x0,0x1a2ae57beba02b9d7b321c2a47184d3202141975989fc2b08960574dc812854c,2,94203334,0.0,1741087464279898,unknown_token,0.0107544875,$unknown,5,1,2025-03-04
cx7baf94bd53b505353285ee4c4c050f9703581703,hx66b0a5c1aa35aa0d4ce16bd81e89b6da5f2a379f,hx0000000000000000000000000000000000000000,0x0,0x1a2ae57beba02b9d7b321c2a47184d3202141975989fc2b08960574dc812854c,1,94203334,0.0,1741087464279898,unknown_token,0.0107544875,$unknown,5,1,2025-03-04
cxd17316e24ee40f2ef8ed6f3a497311db1b35206d,hx66b0a5c1aa35aa0d4ce16bd81e89b6da5f2a379f,hx66b0a5c1aa35aa0d4ce16bd81e89b6da5f2a379f,0x0,0x51f43c390e3ac3f156c2424305d2fc6420b2450c8d9b8a8f83332197d42b211d,2,94203333,0.0,1741087462278962,unknown_token,0.0107544875,$unknown,5,1,2025-03-04
cx7baf94bd53b505353285ee4c4c050f9703581703,hx66b0a5c1aa35aa0d4ce16bd81e89b6da5f2a379f,hx0000000000000000000000000000000000000000,0x0,0x51f43c390e3ac3f156c2424305d2fc6420b2450c8d9b8a8f83332197d42b211d,1,94203333,0.0,1741087462278962,unknown_token,0.0107544875,$unknown,3,1,2025-03-04
cxd17316e24ee40f2ef8ed6f3a497311db1b35206d,hx66b0a5c1aa35aa0d4ce16bd81e89b6da5f2a379f,hx66b0a5c1aa35aa0d4ce16bd81e89b6da5f2a379f,0x0,0x3064cc8cc3703107b744b7b567209186a22c59cb57ae90e464264c8c51c87c31,2,94203331,0.0,1741087458276631,unknown_token,0.0107544875,$unknown,5,1,2025-03-04
cx7baf94bd53b505353285ee4c4c050f9703581703,hx66b0a5c1aa35aa0d4ce16bd81e89b6da5f2a379f,hx0000000000000000000000000000000000000000,0x0,0x3064cc8cc3703107b744b7b567209186a22c59cb57ae90e464264c8c51c87c31,1,94203331,0.0,1741087458276631,unknown_token,0.0107544875,$unknown,5,1,2025-03-04
cxd17316e24ee40f2ef8ed6f3a497311db1b35206d,hx66b0a5c1aa35aa0d4ce16bd81e89b6da5f2a379f,hx66b0a5c1aa35aa0d4ce16bd81e89b6da5f2a379f,0x0,0x2bb94aa9d9d1fe676ab1295952e9f05bb1de9a4cd03d75642e055831c8f85604,2,94203330,0.0,1741087456278455,unknown_token,0.0107544875,$unknown,5,1,2025-03-04
cx7baf94bd53b505353285ee4c4c050f9703581703,hx66b0a5c1aa35aa0d4ce16bd81e89b6da5f2a379f,hx0000000000000000000000000000000000000000,0x0,0x2bb94aa9d9d1fe676ab1295952e9f05bb1de9a4cd03d75642e055831c8f85604,1,94203330,0.0,1741087456278455,unknown_token,0.0107544875,$unknown,5,1,2025-03-04
cxd17316e24ee40f2ef8ed6f3a497311db1b35206d,hx66b0a5c1aa35aa0d4ce16bd81e89b6da5f2a379f,hx66b0a5c1aa35aa0d4ce16bd81e89b6da5f2a379f,0x0,0x056ae727cc7a454ed4bffd0d760966aa2771802375dbdea048a8f9e19263bdb7,2,94203328,0.0,1741087452277104,unknown_token,0.0107544875,$unknown,5,1,2025-03-04
cx7baf94bd53b505353285ee4c4c050f9703581703,hx66b0a5c1aa35aa0d4ce16bd81e89b6da5f2a379f,hx0000000000000000000000000000000000000000,0x0,0x056ae727cc7a454ed4bffd0d760966aa2771802375dbdea048a8f9e19263bdb7,1,94203328,0.0,1741087452277104,unknown_token,0.0107544875,$unknown,5,1,2025-03-04
cxd17316e24ee40f2ef8ed6f3a497311db1b35206d,hx66b0a5c1aa35aa0d4ce16bd81e89b6da5f2a379f,hx66b0a5c1aa35aa0d4ce16bd81e89b6da5f2a379f,0x0,0x1e9af85c15b1d4232042ba7b4aa718e9c7782dd73a5aacee7eee53eeb2510209,2,94203326,0.0,1741087448273205,unknown_token,0.0107544875,$unknown,5,1,2025-03-04
cx7baf94bd53b505353285ee4c4c050f9703581703,hx66b0a5c1aa35aa0d4ce16bd81e89b6da5f2a379f,hx0000000000000000000000000000000000000000,0x0,0x1e9af85c15b1d4232042ba7b4aa718e9c7782dd73a5aacee7eee53eeb2510209,1,94203326,0.0,1741087448273205,unknown_token,0.0107544875,$unknown,5,1,2025-03-04
cxd17316e24ee40f2ef8ed6f3a497311db1b35206d,hx66b0a5c1aa35aa0d4ce16bd81e89b6da5f2a379f,hx66b0a5c1aa35aa0d4ce16bd81e89b6da5f2a379f,0x0,0x6185c813e9f3b7254fba2ecdfdd89bab6149fb656959134478ea80ccc21f02d0,2,94203325,0.0,1741087446474352,unknown_token,0.0107544875,$unknown,5,1,2025-03-04
cx7baf94bd53b505353285ee4c4c050f9703581703,hx66b0a5c1aa35aa0d4ce16bd81e89b6da5f2a379f,hx0000000000000000000000000000000000000000,0x0,0x6185c813e9f3b7254fba2ecdfdd89bab6149fb656959134478ea80ccc21f02d0,1,94203325,0.0,1741087446474352,unknown_token,0.0107544875,$unknown,5,1,2025-03-04
cxd17316e24ee40f2ef8ed6f3a497311db1b35206d,hx66b0a5c1aa35aa0d4ce16bd81e89b6da5f2a379f,hx66b0a5c1aa35aa0d4ce16bd81e89b6da5f2a379f,0x0,0x38664dee053d348d14cb6a5db194eefb4455008e403310bb893aff4f5aebd7d9,2,94203323,0.0,1741087442271189,unknown_token,0.0107544875,$unknown,5,1,2025-03-04
cx7baf94bd53b505353285ee4c4c050f9703581703,hx66b0a5c1aa35aa0d4ce16bd81e89b6da5f2a379f,hx0000000000000000000000000000000000000000,0x0,0x38664dee053d348d14cb6a5db194eefb4455008e403310bb893aff4f5aebd7d9,1,94203323,0.0,1741087442271189,unknown_token,0.0107544875,$unknown,5,1,2025-03-04
cxd17316e24ee40f2ef8ed6f3a497311db1b35206d,hx66b0a5c1aa35aa0d4ce16bd81e89b6da5f2a379f,hx66b0a5c1aa35aa0d4ce16bd81e89b6da5f2a379f,0x0,0x77935efadc587b7f645d2e1026cff7e7420a7c6058a5378336b96c474dc64bd8,2,94203322,0.0,1741087440472248,unknown_token,0.0107544875,$unknown,5,1,2025-03-04
cx7baf94bd53b505353285ee4c4c050f9703581703,hx66b0a5c1aa35aa0d4ce16bd81e89b6da5f2a379f,hx0000000000000000000000000000000000000000,0x0,0x77935efadc587b7f645d2e1026cff7e7420a7c6058a5378336b96c474dc64bd8,1,94203322,0.0,1741087440472248,unknown_token,0.0107544875,$unknown,3,1,2025-03-04
cxd17316e24ee40f2ef8ed6f3a497311db1b35206d,hx66b0a5c1aa35aa0d4ce16bd81e89b6da5f2a379f,hx66b0a5c1aa35aa0d4ce16bd81e89b6da5f2a379f,0x0,0x8a1fda42ecb619308a0f5bb9cd230d777f9e8047c738836320250b60ffa28fe6,2,94203313,0.0,1741087422264107,unknown_token,0.0107544875,$unknown,5,1,2025-03-04
cx7baf94bd53b505353285ee4c4c050f9703581703,hx66b0a5c1aa35aa0d4ce16bd81e89b6da5f2a379f,hx0000000000000000000000000000000000000000,0x0,0x8a1fda42ecb619308a0f5bb9cd230d777f9e8047c738836320250b60ffa28fe6,1,94203313,0.0,1741087422264107,unknown_token,0.0107544875,$unknown,5,1,2025-03-04
cxd17316e24ee40f2ef8ed6f3a497311db1b35206d,hx66b0a5c1aa35aa0d4ce16bd81e89b6da5f2a379f,hx66b0a5c1aa35aa0d4ce16bd81e89b6da5f2a379f,0x0,0xdd09aa94d853488e9ca2652704a86b26eb574a81f331920f50d22b3e73da7060,2,94203312,0.0,1741087420377135,unknown_token,0.010810925,$unknown,5,1,2025-03-04
cx7baf94bd53b505353285ee4c4c050f9703581703,hx66b0a5c1aa35aa0d4ce16bd81e89b6da5f2a379f,hx0000000000000000000000000000000000000000,0x0,0xdd09aa94d853488e9ca2652704a86b26eb574a81f331920f50d22b3e73da7060,1,94203312,0.0,1741087420377135,unknown_token,0.010810925,$unknown,5,1,2025-03-04
cxd17316e24ee40f2ef8ed6f3a497311db1b35206d,hx66b0a5c1aa35aa0d4ce16bd81e89b6da5f2a379f,hx66b0a5c1aa35aa0d4ce16bd81e89b6da5f2a379f,0x0,0x6ac5d2572d071baaf559456893155994dd35321cf393df10cbdcd3f2e739d2fc,2,94203310,0.0,1741087416265378,unknown_token,0.0107544875,$unknown,5,1,2025-03-04
cx7baf94bd53b505353285ee4c4c050f9703581703,hx66b0a5c1aa35aa0d4ce16bd81e89b6da5f2a379f,hx0000000000000000000000000000000000000000,0x0,0x6ac5d2572d071baaf559456893155994dd35321cf393df10cbdcd3f2e739d2fc,1,94203310,0.0,1741087416265378,unknown_token,0.0107544875,$unknown,3,1,2025-03-04
cxd17316e24ee40f2ef8ed6f3a497311db1b35206d,hx9645117f1b0c7181a126c7f4f222caefc6ee7a61,hx9645117f1b0c7181a126c7f4f222caefc6ee7a61,0x0,0xa4b5545ea40102ca8869b807a07f5d881d10ab57a4fdcd096427ed26ac2e8040,2,94203204,0.0,1741087204195047,unknown_token,0.0107544875,$unknown,5,1,2025-03-04
cx7baf94bd53b505353285ee4c4c050f9703581703,hx9645117f1b0c7181a126c7f4f222caefc6ee7a61,hx0000000000000000000000000000000000000000,0x0,0xa4b5545ea40102ca8869b807a07f5d881d10ab57a4fdcd096427ed26ac2e8040,1,94203204,0.0,1741087204195047,unknown_token,0.0107544875,$unknown,5,1,2025-03-04
cx88fd7df7ddff82f7cc735c871dc519838cb235bb,hx1be60841025db1b22126ba08ba519326603029c9,hx0000000000000000000000000000000000000000,0xee982b2ff75700ffff,0x25253d2943ae76a3cafcc28b701c7b66b81e898984e810db458702bd4bbe7b8a,0,94203203,4401.29,1741087202191970,Balanced Dollar,0.0606802,bnUSD,0,1,2025-03-04
cxd17316e24ee40f2ef8ed6f3a497311db1b35206d,hx9645117f1b0c7181a126c7f4f222caefc6ee7a61,hx9645117f1b0c7181a126c7f4f222caefc6ee7a61,0x0,0xcdefcf95773742941a7df69ba042c88b950e0108bd754099d726cd179828dc87,2,94203202,0.0,1741087200190784,unknown_token,0.0107544875,$unknown,5,1,2025-03-04
cx7baf94bd53b505353285ee4c4c050f9703581703,hx9645117f1b0c7181a126c7f4f222caefc6ee7a61,hx0000000000000000000000000000000000000000,0x0,0xcdefcf95773742941a7df69ba042c88b950e0108bd754099d726cd179828dc87,1,94203202,0.0,1741087200190784,unknown_token,0.0107544875,$unknown,3,1,2025-03-04
cxd17316e24ee40f2ef8ed6f3a497311db1b35206d,hx9645117f1b0c7181a126c7f4f222caefc6ee7a61,hx9645117f1b0c7181a126c7f4f222caefc6ee7a61,0x0,0x4983bd5871264aeb553aa0e1b64b88af726b0f6fb95f0619ed39020b66958b1d,2,94203201,0.0,1741087198190094,unknown_token,0.0107544875,$unknown,5,1,2025-03-04
cx7baf94bd53b505353285ee4c4c050f9703581703,hx9645117f1b0c7181a126c7f4f222caefc6ee7a61,hx0000000000000000000000000000000000000000,0x0,0x4983bd5871264aeb553aa0e1b64b88af726b0f6fb95f0619ed39020b66958b1d,1,94203201,0.0,1741087198190094,unknown_token,0.0107544875,$unknown,5,1,2025-03-04
cxd17316e24ee40f2ef8ed6f3a497311db1b35206d,hx9645117f1b0c7181a126c7f4f222caefc6ee7a61,hx9645117f1b0c7181a126c7f4f222caefc6ee7a61,0x0,0xadb0a7aeea070c0b33bf5b6e2214dc03fc10096ad7fb1412a7abcb06814eda30,2,94203199,0.0,1741087194189148,unknown_token,0.0107544875,$unknown,5,1,2025-03-04
cx7baf94bd53b505353285ee4c4c050f9703581703,hx9645117f1b0c7181a126c7f4f222caefc6ee7a61,hx0000000000000000000000000000000000000000,0x0,0xadb0a7aeea070c0b33bf5b6e2214dc03fc10096ad7fb1412a7abcb06814eda30,1,94203199,0.0,1741087194189148,unknown_token,0.0107544875,$unknown,5,1,2025-03-04
cxd17316e24ee40f2ef8ed6f3a497311db1b35206d,hx9645117f1b0c7181a126c7f4f222caefc6ee7a61,hx9645117f1b0c7181a126c7f4f222caefc6ee7a61,0x0,0xa6cb960338b159bb9a37bfe1f6a431f71652b981caae51af6c57ded7a930e95e,2,94203196,0.0,1741087188218765,unknown_token,0.0107544875,$unknown,5,2,2025-03-04
cx7baf94bd53b505353285ee4c4c050f9703581703,hx9645117f1b0c7181a126c7f4f222caefc6ee7a61,hx0000000000000000000000000000000000000000,0x0,0xa6cb960338b159bb9a37bfe1f6a431f71652b981caae51af6c57ded7a930e95e,1,94203196,0.0,1741087188218765,unknown_token,0.0107544875,$unknown,3,2,2025-03-04
cxd17316e24ee40f2ef8ed6f3a497311db1b35206d,hx9645117f1b0c7181a126c7f4f222caefc6ee7a61,hx9645117f1b0c7181a126c7f4f222caefc6ee7a61,0x0,0xce1869ce0f96b84526c99a34c9e7b7d4a4d3150f085aa4126ac458059c54d375,2,94203195,0.0,1741087186294003,unknown_token,0.0107544875,$unknown,5,1,2025-03-04
cx7baf94bd53b505353285ee4c4c050f9703581703,hx9645117f1b0c7181a126c7f4f222caefc6ee7a61,hx0000000000000000000000000000000000000000,0x0,0xce1869ce0f96b84526c99a34c9e7b7d4a4d3150f085aa4126ac458059c54d375,1,94203195,0.0,1741087186294003,unknown_token,0.0107544875,$unknown,3,1,2025-03-04
cxd17316e24ee40f2ef8ed6f3a497311db1b35206d,hx9645117f1b0c7181a126c7f4f222caefc6ee7a61,hx9645117f1b0c7181a126c7f4f222caefc6ee7a61,0x0,0x2a93ea3bc453704d4a4ee1b1acc727206d78abf12340beca08cbb77df92b3c2c,2,94203193,0.0,1741087182185467,unknown_token,0.0107544875,$unknown,5,2,2025-03-04
cx7baf94bd53b505353285ee4c4c050f9703581703,hx9645117f1b0c7181a126c7f4f222caefc6ee7a61,hx0000000000000000000000000000000000000000,0x0,0x2a93ea3bc453704d4a4ee1b1acc727206d78abf12340beca08cbb77df92b3c2c,1,94203193,0.0,1741087182185467,unknown_token,0.0107544875,$unknown,3,2,2025-03-04
cx88fd7df7ddff82f7cc735c871dc519838cb235bb,cx21e94c08c03daee80c25d8ee3ea22a20786ec231,hx1be60841025db1b22126ba08ba519326603029c9,0xee9828a77f17477000,0xb577f84e30828933868fe7c5972ea56cfafd16be47ec823dc3b2c3eaba3ded7f,6,94203193,4401.289287,1741087182185467,Balanced Dollar,0.0781300625,bnUSD,0,1,2025-03-04
cx88fd7df7ddff82f7cc735c871dc519838cb235bb,cxa09dbb60dcb62fffbd232b6eae132d730a2aafa6,cx21e94c08c03daee80c25d8ee3ea22a20786ec231,0xee9828a77f17477000,0xb577f84e30828933868fe7c5972ea56cfafd16be47ec823dc3b2c3eaba3ded7f,5,94203193,4401.289287,1741087182185467,Balanced Dollar,0.0781300625,bnUSD,0,1,2025-03-04
cx88fd7df7ddff82f7cc735c871dc519838cb235bb,hx0000000000000000000000000000000000000000,cxa09dbb60dcb62fffbd232b6eae132d730a2aafa6,0xee9828a77f17477000,0xb577f84e30828933868fe7c5972ea56cfafd16be47ec823dc3b2c3eaba3ded7f,4,94203193,4401.289287,1741087182185467,Balanced Dollar,0.0781300625,bnUSD,0,1,2025-03-04
cx22319ac7f412f53eabe3c9827acf5e27e9c6a95f,cx21e94c08c03daee80c25d8ee3ea22a20786ec231,cxa09dbb60dcb62fffbd232b6eae132d730a2aafa6,0x106565847,0xb577f84e30828933868fe7c5972ea56cfafd16be47ec823dc3b2c3eaba3ded7f,3,94203193,4401.289287,1741087182185467,USDC,0.0781300625,USDC,0,1,2025-03-04
cx22319ac7f412f53eabe3c9827acf5e27e9c6a95f,hx0000000000000000000000000000000000000000,cx21e94c08c03daee80c25d8ee3ea22a20786ec231,0x106565847,0xb577f84e30828933868fe7c5972ea56cfafd16be47ec823dc3b2c3eaba3ded7f,1,94203193,4401.289287,1741087182185467,USDC,0.0781300625,USDC,0,1,2025-03-04
cxd17316e24ee40f2ef8ed6f3a497311db1b35206d,hx9645117f1b0c7181a126c7f4f222caefc6ee7a61,hx9645117f1b0c7181a126c7f4f222caefc6ee7a61,0x0,0xc6f30d606ea2712fa2f4eba4592799e694c8948cde524ea5820ad226fc7816e1,2,94203192,0.0,1741087180375537,unknown_token,0.0107544875,$unknown,5,1,2025-03-04
cx7baf94bd53b505353285ee4c4c050f9703581703,hx9645117f1b0c7181a126c7f4f222caefc6ee7a61,hx0000000000000000000000000000000000000000,0x0,0xc6f30d606ea2712fa2f4eba4592799e694c8948cde524ea5820ad226fc7816e1,1,94203192,0.0,1741087180375537,unknown_token,0.0107544875,$unknown,3,1,2025-03-04
cxd17316e24ee40f2ef8ed6f3a497311db1b35206d,hx9645117f1b0c7181a126c7f4f222caefc6ee7a61,hx9645117f1b0c7181a126c7f4f222caefc6ee7a61,0x0,0xc4e98107164b513088474c85f44976e2176ee42288fd6cadae2bf802662de3dd,2,94203181,0.0,1741087158177875,unknown_token,0.0107544875,$unknown,5,1,2025-03-04
cx7baf94bd53b505353285ee4c4c050f9703581703,hx9645117f1b0c7181a126c7f4f222caefc6ee7a61,hx0000000000000000000000000000000000000000,0x0,0xc4e98107164b513088474c85f44976e2176ee42288fd6cadae2bf802662de3dd,1,94203181,0.0,1741087158177875,unknown_token,0.0107544875,$unknown,5,1,2025-03-04
cxd17316e24ee40f2ef8ed6f3a497311db1b35206d,hx9645117f1b0c7181a126c7f4f222caefc6ee7a61,hx9645117f1b0c7181a126c7f4f222caefc6ee7a61,0x0,0xd5049322f16fc1c032f8dfcf78479e9b8e7a0986609d44e82e8de80643503e6f,2,94203180,0.0,1741087156177053,unknown_token,0.0107544875,$unknown,5,1,2025-03-04
cx7baf94bd53b505353285ee4c4c050f9703581703,hx9645117f1b0c7181a126c7f4f222caefc6ee7a61,hx0000000000000000000000000000000000000000,0x0,0xd5049322f16fc1c032f8dfcf78479e9b8e7a0986609d44e82e8de80643503e6f,1,94203180,0.0,1741087156177053,unknown_token,0.0107544875,$unknown,3,1,2025-03-04
cxd17316e24ee40f2ef8ed6f3a497311db1b35206d,hx9645117f1b0c7181a126c7f4f222caefc6ee7a61,hx9645117f1b0c7181a126c7f4f222caefc6ee7a61,0x0,0x61d571263c998ee38b1694e4720d786ac5e1ac45bb8c748f7cb3296585522377,2,94203130,0.0,1741087056147816,unknown_token,0.01074535,$unknown,6,1,2025-03-04
cx7baf94bd53b505353285ee4c4c050f9703581703,hx9645117f1b0c7181a126c7f4f222caefc6ee7a61,hx0000000000000000000000000000000000000000,0x0,0x61d571263c998ee38b1694e4720d786ac5e1ac45bb8c748f7cb3296585522377,0,94203130,0.0,1741087056147816,unknown_token,0.01074535,$unknown,1,1,2025-03-04
cxd17316e24ee40f2ef8ed6f3a497311db1b35206d,hx9645117f1b0c7181a126c7f4f222caefc6ee7a61,hx9645117f1b0c7181a126c7f4f222caefc6ee7a61,0x0,0x78542693cd77cb0466c9bdf2cc6c2971454b5ba19721ac295a84e5c3db0725aa,2,94203128,0.0,1741087052146664,unknown_token,0.01074535,$unknown,6,1,2025-03-04
cx7baf94bd53b505353285ee4c4c050f9703581703,hx9645117f1b0c7181a126c7f4f222caefc6ee7a61,hx0000000000000000000000000000000000000000,0x0,0x78542693cd77cb0466c9bdf2cc6c2971454b5ba19721ac295a84e5c3db0725aa,0,94203128,0.0,1741087052146664,unknown_token,0.01074535,$unknown,1,1,2025-03-04
cxd17316e24ee40f2ef8ed6f3a497311db1b35206d,hx9645117f1b0c7181a126c7f4f222caefc6ee7a61,hx9645117f1b0c7181a126c7f4f222caefc6ee7a61,0x0,0x9bda2c56ddc28b91e45bf3753635f57ac96d7231d7193d8b699c1cd1719157b0,2,94203127,0.0,1741087050146166,unknown_token,0.01074535,$unknown,6,1,2025-03-04
cx7baf94bd53b505353285ee4c4c050f9703581703,hx9645117f1b0c7181a126c7f4f222caefc6ee7a61,hx0000000000000000000000000000000000000000,0x0,0x9bda2c56ddc28b91e45bf3753635f57ac96d7231d7193d8b699c1cd1719157b0,0,94203127,0.0,1741087050146166,unknown_token,0.01074535,$unknown,9,1,2025-03-04
cxd17316e24ee40f2ef8ed6f3a497311db1b35206d,hx9645117f1b0c7181a126c7f4f222caefc6ee7a61,hx9645117f1b0c7181a126c7f4f222caefc6ee7a61,0x0,0x5479bbc5d356fb8a39ded4880f46ad8410daa0160a95b703fbda2da58de91684,2,94203125,0.0,1741087046362151,unknown_token,0.01074535,$unknown,6,1,2025-03-04
cx7baf94bd53b505353285ee4c4c050f9703581703,hx9645117f1b0c7181a126c7f4f222caefc6ee7a61,hx0000000000000000000000000000000000000000,0x0,0x5479bbc5d356fb8a39ded4880f46ad8410daa0160a95b703fbda2da58de91684,0,94203125,0.0,1741087046362151,unknown_token,0.01074535,$unknown,9,1,2025-03-04
cxd17316e24ee40f2ef8ed6f3a497311db1b35206d,hx9645117f1b0c7181a126c7f4f222caefc6ee7a61,hx9645117f1b0c7181a126c7f4f222caefc6ee7a61,0x0,0xa348876d1da3ca905d2c2ed685c4ffb75c571b9e3be7520ce693c7df41aebb27,2,94203124,0.0,1741087044142815,unknown_token,0.01074535,$unknown,6,1,2025-03-04
cx7baf94bd53b505353285ee4c4c050f9703581703,hx9645117f1b0c7181a126c7f4f222caefc6ee7a61,hx0000000000000000000000000000000000000000,0x0,0xa348876d1da3ca905d2c2ed685c4ffb75c571b9e3be7520ce693c7df41aebb27,0,94203124,0.0,1741087044142815,unknown_token,0.01074535,$unknown,9,1,2025-03-04
cxd17316e24ee40f2ef8ed6f3a497311db1b35206d,hx9645117f1b0c7181a126c7f4f222caefc6ee7a61,hx9645117f1b0c7181a126c7f4f222caefc6ee7a61,0x0,0x7c68ca8aaa0bf99306da18e8f86d26ece15bf1aa54e088643f528311a7ee6c84,2,94203110,0.0,1741087016137474,unknown_token,0.01074535,$unknown,6,1,2025-03-04
cx7baf94bd53b505353285ee4c4c050f9703581703,hx9645117f1b0c7181a126c7f4f222caefc6ee7a61,hx0000000000000000000000000000000000000000,0x0,0x7c68ca8aaa0bf99306da18e8f86d26ece15bf1aa54e088643f528311a7ee6c84,0,94203110,0.0,1741087016137474,unknown_token,0.01074535,$unknown,9,1,2025-03-04
cxd17316e24ee40f2ef8ed6f3a497311db1b35206d,hx9645117f1b0c7181a126c7f4f222caefc6ee7a61,hx9645117f1b0c7181a126c7f4f222caefc6ee7a61,0x0,0xa734530e4985ff7e88dabfeaedb5a8eaca3aea84a87a3e63fc2ece051f2b96c7,2,94203109,0.0,1741087014130272,unknown_token,0.01074535,$unknown,6,1,2025-03-04
cx7baf94bd53b505353285ee4c4c050f9703581703,hx9645117f1b0c7181a126c7f4f222caefc6ee7a61,hx0000000000000000000000000000000000000000,0x0,0xa734530e4985ff7e88dabfeaedb5a8eaca3aea84a87a3e63fc2ece051f2b96c7,0,94203109,0.0,1741087014130272,unknown_token,0.01074535,$unknown,1,1,2025-03-04
cx2609b924e33ef00b648a409245c7ea394c467824,hx0000000000000000000000000000000000000000,cx66d4d90f5f113eba575bf793570135f9b10cece1,0x79d615e88606f5ac,0x10cf28f0f85323374ca20af426fdd63dcdfeaaafe466c4b4f5031ea42a4881e5,3,94203108,8.77922861203056,1741087012132183,Staked ICX,0.106091425,sICX,0,1,2025-03-04
cxd17316e24ee40f2ef8ed6f3a497311db1b35206d,hx9645117f1b0c7181a126c7f4f222caefc6ee7a61,hx9645117f1b0c7181a126c7f4f222caefc6ee7a61,0x0,0xd5c5ee258a2208339e1113fa11b923069a9d062516ba0701c7ab4854e861fb10,2,94203107,0.0,1741087010239247,unknown_token,0.01074535,$unknown,6,1,2025-03-04
cx7baf94bd53b505353285ee4c4c050f9703581703,hx9645117f1b0c7181a126c7f4f222caefc6ee7a61,hx0000000000000000000000000000000000000000,0x0,0xd5c5ee258a2208339e1113fa11b923069a9d062516ba0701c7ab4854e861fb10,0,94203107,0.0,1741087010239247,unknown_token,0.01074535,$unknown,9,1,2025-03-04
cxd17316e24ee40f2ef8ed6f3a497311db1b35206d,hx9645117f1b0c7181a126c7f4f222caefc6ee7a61,hx9645117f1b0c7181a126c7f4f222caefc6ee7a61,0x0,0xcc10b9fbf3c8f999dcb57db8d798a135c2e05a9fd2c73027e0a13f9c21e9219a,2,94203106,0.0,1741087008130933,unknown_token,0.01074535,$unknown,6,1,2025-03-04
cx7baf94bd53b505353285ee4c4c050f9703581703,hx9645117f1b0c7181a126c7f4f222caefc6ee7a61,hx0000000000000000000000000000000000000000,0x0,0xcc10b9fbf3c8f999dcb57db8d798a135c2e05a9fd2c73027e0a13f9c21e9219a,0,94203106,0.0,1741087008130933,unknown_token,0.01074535,$unknown,9,1,2025-03-04
cxd17316e24ee40f2ef8ed6f3a497311db1b35206d,hx9645117f1b0c7181a126c7f4f222caefc6ee7a61,hx9645117f1b0c7181a126c7f4f222caefc6ee7a61,0x0,0x7f85f4087cb7cd3ac00013c5b5f09b5f04a203bfadba36ab63a2487fc100dacc,2,94203104,0.0,1741087004138998,unknown_token,0.01074535,$unknown,6,1,2025-03-04
cx7baf94bd53b505353285ee4c4c050f9703581703,hx9645117f1b0c7181a126c7f4f222caefc6ee7a61,hx0000000000000000000000000000000000000000,0x0,0x7f85f4087cb7cd3ac00013c5b5f09b5f04a203bfadba36ab63a2487fc100dacc,0,94203104,0.0,1741087004138998,unknown_token,0.01074535,$unknown,9,1,2025-03-04
cx7baf94bd53b505353285ee4c4c050f9703581703,hxee5c1d04f36e46fb4a9c5b0de1e0d10b03a8ed9c,hxee5c1d04f36e46fb4a9c5b0de1e0d10b03a8ed9c,0x0,0x3e95eee7a792b849bf4f59dbfdff44f76a875fd416628f90cc100e9eeae32e9a,2,94203097,0.0,1741086990339234,unknown_token,0.105641125,$unknown,20,1,2025-03-04
cx7baf94bd53b505353285ee4c4c050f9703581703,hxee5c1d04f36e46fb4a9c5b0de1e0d10b03a8ed9c,hxee5c1d04f36e46fb4a9c5b0de1e0d10b03a8ed9c,0x0,0x3e95eee7a792b849bf4f59dbfdff44f76a875fd416628f90cc100e9eeae32e9a,1,94203097,0.0,1741086990339234,unknown_token,0.105641125,$unknown,16,1,2025-03-04
cxe2da9f10bc6e2754347bde2ef73379bd398fd9f3,cx21e94c08c03daee80c25d8ee3ea22a20786ec231,hx1be60841025db1b22126ba08ba519326603029c9,0xbd5b1e51e95d8010ec6,0x03e7c3401759625c53a3ad7ecbcdfc335d95df253634c8c7c5a8d3aee6595b11,10,94203095,55888.006484809535,1741086986231327,HAVAH,0.1480878,HVH,0,1,2025-03-04
cx2609b924e33ef00b648a409245c7ea394c467824,cxa0af3165c08318e988cb30993b3048335b94af6c,cx5faae53c4dbd1fbe4a2eb4aab6565030f10da5c6,0xfbdafb87c6f5ecf,0x03e7c3401759625c53a3ad7ecbcdfc335d95df253634c8c7c5a8d3aee6595b11,8,94203095,1.1342558880637499,1741086986231327,Staked ICX,0.1480878,sICX,0,1,2025-03-04
cxe2da9f10bc6e2754347bde2ef73379bd398fd9f3,cxa0af3165c08318e988cb30993b3048335b94af6c,cx21e94c08c03daee80c25d8ee3ea22a20786ec231,0xbd5b1e51e95d8010ec6,0x03e7c3401759625c53a3ad7ecbcdfc335d95df253634c8c7c5a8d3aee6595b11,7,94203095,55888.006484809535,1741086986231327,HAVAH,0.1480878,HVH,0,1,2025-03-04
cx2609b924e33ef00b648a409245c7ea394c467824,cx21e94c08c03daee80c25d8ee3ea22a20786ec231,cxa0af3165c08318e988cb30993b3048335b94af6c,0x28fdf99b196206e809,0x03e7c3401759625c53a3ad7ecbcdfc335d95df253634c8c7c5a8d3aee6595b11,6,94203095,756.1705920425,1741086986231327,Staked ICX,0.1480878,sICX,0,1,2025-03-04
cx2609b924e33ef00b648a409245c7ea394c467824,cxa0af3165c08318e988cb30993b3048335b94af6c,cx5faae53c4dbd1fbe4a2eb4aab6565030f10da5c6,0xfc8ccb0d527e901,0x03e7c3401759625c53a3ad7ecbcdfc335d95df253634c8c7c5a8d3aee6595b11,4,94203095,1.1373839657735232,1741086986231327,Staked ICX,0.1480878,sICX,0,1,2025-03-04
cx2609b924e33ef00b648a409245c7ea394c467824,cxa0af3165c08318e988cb30993b3048335b94af6c,cx21e94c08c03daee80c25d8ee3ea22a20786ec231,0x28fdf99b196206e809,0x03e7c3401759625c53a3ad7ecbcdfc335d95df253634c8c7c5a8d3aee6595b11,3,94203095,756.1705920425,1741086986231327,Staked ICX,0.1480878,sICX,0,1,2025-03-04
cx3975b43d260fb8ec802cef6e60c2f4d07486f11d,cx21e94c08c03daee80c25d8ee3ea22a20786ec231,cxa0af3165c08318e988cb30993b3048335b94af6c,0x3635c9adc5dea00000,0x03e7c3401759625c53a3ad7ecbcdfc335d95df253634c8c7c5a8d3aee6595b11,2,94203095,1000.0,1741086986231327,Wrapped ICX,0.1480878,wICX,0,1,2025-03-04
cx3975b43d260fb8ec802cef6e60c2f4d07486f11d,hx1be60841025db1b22126ba08ba519326603029c9,cx21e94c08c03daee80c25d8ee3ea22a20786ec231,0x3635c9adc5dea00000,0x03e7c3401759625c53a3ad7ecbcdfc335d95df253634c8c7c5a8d3aee6595b11,1,94203095,1000.0,1741086986231327,Wrapped ICX,0.1480878,wICX,0,1,2025-03-04
cx3975b43d260fb8ec802cef6e60c2f4d07486f11d,hx0000000000000000000000000000000000000000,hx1be60841025db1b22126ba08ba519326603029c9,0x3635c9adc5dea00000,0x03e7c3401759625c53a3ad7ecbcdfc335d95df253634c8c7c5a8d3aee6595b11,0,94203095,1000.0,1741086986231327,Wrapped ICX,0.1480878,wICX,0,1,2025-03-04
cxd17316e24ee40f2ef8ed6f3a497311db1b35206d,hx9645117f1b0c7181a126c7f4f222caefc6ee7a61,hx9645117f1b0c7181a126c7f4f222caefc6ee7a61,0x0,0x667fdcef6f972e20e4b6af382637e53ad58ad5ba2ac3c554eb6149bb075a1548,2,94203073,0.0,1741086942108832,unknown_token,0.0107544875,$unknown,5,1,2025-03-04
cx7baf94bd53b505353285ee4c4c050f9703581703,hx9645117f1b0c7181a126c7f4f222caefc6ee7a61,hx0000000000000000000000000000000000000000,0x0,0x667fdcef6f972e20e4b6af382637e53ad58ad5ba2ac3c554eb6149bb075a1548,1,94203073,0.0,1741086942108832,unknown_token,0.0107544875,$unknown,5,1,2025-03-04
cxd17316e24ee40f2ef8ed6f3a497311db1b35206d,hx9645117f1b0c7181a126c7f4f222caefc6ee7a61,hx9645117f1b0c7181a126c7f4f222caefc6ee7a61,0x0,0x9ccd19e94db9fd2b0fa4c02f592f8a366e169604a3b18e38eecaa0cc70652ebf,2,94203072,0.0,1741086940318899,unknown_token,0.0107544875,$unknown,5,1,2025-03-04
cx7baf94bd53b505353285ee4c4c050f9703581703,hx9645117f1b0c7181a126c7f4f222caefc6ee7a61,hx0000000000000000000000000000000000000000,0x0,0x9ccd19e94db9fd2b0fa4c02f592f8a366e169604a3b18e38eecaa0cc70652ebf,1,94203072,0.0,1741086940318899,unknown_token,0.0107544875,$unknown,3,1,2025-03-04
cx88fd7df7ddff82f7cc735c871dc519838cb235bb,hx1be60841025db1b22126ba08ba519326603029c9,hx0000000000000000000000000000000000000000,0x1c6b6e25678a88ffff,0x673e28ed12d9fc0d2a78b832d9d2cbae32dc31b29a107fb4a151a2011bc42da8,0,94203070,524.25,1741086936217537,Balanced Dollar,0.060677075,bnUSD,0,2,2025-03-04
cxd17316e24ee40f2ef8ed6f3a497311db1b35206d,hx9645117f1b0c7181a126c7f4f222caefc6ee7a61,hx9645117f1b0c7181a126c7f4f222caefc6ee7a61,0x0,0xa3d1d09b0f17d1e9d0e08bf8b84ebbd970043d9b4b1267afc4e11ea330d07951,2,94203070,0.0,1741086936217537,unknown_token,0.0107544875,$unknown,5,1,2025-03-04
cx7baf94bd53b505353285ee4c4c050f9703581703,hx9645117f1b0c7181a126c7f4f222caefc6ee7a61,hx0000000000000000000000000000000000000000,0x0,0xa3d1d09b0f17d1e9d0e08bf8b84ebbd970043d9b4b1267afc4e11ea330d07951,1,94203070,0.0,1741086936217537,unknown_token,0.0107544875,$unknown,5,1,2025-03-04
cxd17316e24ee40f2ef8ed6f3a497311db1b35206d,hx9645117f1b0c7181a126c7f4f222caefc6ee7a61,hx9645117f1b0c7181a126c7f4f222caefc6ee7a61,0x0,0x83adf865dd3e3c5d474189b89cf6aa3c929424699687dabdf936cf92252f5868,2,94203069,0.0,1741086934256329,unknown_token,0.0107544875,$unknown,5,1,2025-03-04
cx7baf94bd53b505353285ee4c4c050f9703581703,hx9645117f1b0c7181a126c7f4f222caefc6ee7a61,hx0000000000000000000000000000000000000000,0x0,0x83adf865dd3e3c5d474189b89cf6aa3c929424699687dabdf936cf92252f5868,1,94203069,0.0,1741086934256329,unknown_token,0.0107544875,$unknown,5,1,2025-03-04
cx88fd7df7ddff82f7cc735c871dc519838cb235bb,cx7ecb16e4c143b95e01d05933c17cb986cfe618e6,hx1be60841025db1b22126ba08ba519326603029c9,0x6ac7a3a2115ff4b0,0x0cbe8661eeae67006af296c66e6d966796b8d3344317517a234f47392d11992c,1,94203060,7.694298404857313,1741086916100471,Balanced Dollar,0.069696375,bnUSD,0,1,2025-03-04
cx7baf94bd53b505353285ee4c4c050f9703581703,hxbfc63154bd013b103e8073f6fd50b5bbdfc5246d,hxbfc63154bd013b103e8073f6fd50b5bbdfc5246d,0x0,0x7e0d11f171e3ca572bbbec61a4eb279c59d9885d1c5b6ef27ee18469fec864b3,3,94203059,0.0,1741086914100039,unknown_token,0.122501175,$unknown,26,1,2025-03-04
cx7baf94bd53b505353285ee4c4c050f9703581703,hxbfc63154bd013b103e8073f6fd50b5bbdfc5246d,hxbfc63154bd013b103e8073f6fd50b5bbdfc5246d,0x0,0x7e0d11f171e3ca572bbbec61a4eb279c59d9885d1c5b6ef27ee18469fec864b3,2,94203059,0.0,1741086914100039,unknown_token,0.122501175,$unknown,21,1,2025-03-04
cx7baf94bd53b505353285ee4c4c050f9703581703,hxbfc63154bd013b103e8073f6fd50b5bbdfc5246d,hxbfc63154bd013b103e8073f6fd50b5bbdfc5246d,0x0,0x7e0d11f171e3ca572bbbec61a4eb279c59d9885d1c5b6ef27ee18469fec864b3,1,94203059,0.0,1741086914100039,unknown_token,0.122501175,$unknown,11,1,2025-03-04
cx88fd7df7ddff82f7cc735c871dc519838cb235bb,cx21e94c08c03daee80c25d8ee3ea22a20786ec231,hx385a695da4288bf7d70df14d1201e832c2bcf2a6,0x83655c069646261c3,0xf6d4fbe3847772520befd7745aef2d4f9e027cb8e09f9a5ffd4e9b4770e7fcfc,13,94203052,151.4891995996332,1741086900094675,Balanced Dollar,0.223685725,bnUSD,0,1,2025-03-04
cx88fd7df7ddff82f7cc735c871dc519838cb235bb,cxa0af3165c08318e988cb30993b3048335b94af6c,cx5faae53c4dbd1fbe4a2eb4aab6565030f10da5c6,0x329952dffdf268f,0xf6d4fbe3847772520befd7745aef2d4f9e027cb8e09f9a5ffd4e9b4770e7fcfc,11,94203052,0.22787728095780213,1741086900094675,Balanced Dollar,0.223685725,bnUSD,0,1,2025-03-04
cx88fd7df7ddff82f7cc735c871dc519838cb235bb,cxa0af3165c08318e988cb30993b3048335b94af6c,cx21e94c08c03daee80c25d8ee3ea22a20786ec231,0x83655c069646261c3,0xf6d4fbe3847772520befd7745aef2d4f9e027cb8e09f9a5ffd4e9b4770e7fcfc,10,94203052,151.4891995996332,1741086900094675,Balanced Dollar,0.223685725,bnUSD,0,1,2025-03-04
cx2609b924e33ef00b648a409245c7ea394c467824,cx21e94c08c03daee80c25d8ee3ea22a20786ec231,cxa0af3165c08318e988cb30993b3048335b94af6c,0x3a2a8794e6b8541f0e,0xf6d4fbe3847772520befd7745aef2d4f9e027cb8e09f9a5ffd4e9b4770e7fcfc,9,94203052,1072.9757380652588,1741086900094675,Staked ICX,0.223685725,sICX,0,1,2025-03-04
cx2609b924e33ef00b648a409245c7ea394c467824,cxa0af3165c08318e988cb30993b3048335b94af6c,cx5faae53c4dbd1fbe4a2eb4aab6565030f10da5c6,0x166229c157898dd2,0xf6d4fbe3847772520befd7745aef2d4f9e027cb8e09f9a5ffd4e9b4770e7fcfc,7,94203052,1.6128975269261183,1741086900094675,Staked ICX,0.223685725,sICX,0,1,2025-03-04
cx2609b924e33ef00b648a409245c7ea394c467824,cxa0af3165c08318e988cb30993b3048335b94af6c,cx21e94c08c03daee80c25d8ee3ea22a20786ec231,0x3a2a8794e6b8541f0e,0xf6d4fbe3847772520befd7745aef2d4f9e027cb8e09f9a5ffd4e9b4770e7fcfc,6,94203052,1072.9757380652588,1741086900094675,Staked ICX,0.223685725,sICX,0,1,2025-03-04
cxf61cd5a45dc9f91c15aa65831a30a90d59a09619,cx21e94c08c03daee80c25d8ee3ea22a20786ec231,cxa0af3165c08318e988cb30993b3048335b94af6c,0x45d6a999ee68aebfd7,0xf6d4fbe3847772520befd7745aef2d4f9e027cb8e09f9a5ffd4e9b4770e7fcfc,5,94203052,1288.2934047303772,1741086900094675,Balance Token,0.223685725,BALN,0,1,2025-03-04
cx88fd7df7ddff82f7cc735c871dc519838cb235bb,cxa0af3165c08318e988cb30993b3048335b94af6c,cx5faae53c4dbd1fbe4a2eb4aab6565030f10da5c6,0x324b08cc9a04000,0xf6d4fbe3847772520befd7745aef2d4f9e027cb8e09f9a5ffd4e9b4770e7fcfc,3,94203052,0.2265,1741086900094675,Balanced Dollar,0.223685725,bnUSD,0,1,2025-03-04
cxf61cd5a45dc9f91c15aa65831a30a90d59a09619,cxa0af3165c08318e988cb30993b3048335b94af6c,cx21e94c08c03daee80c25d8ee3ea22a20786ec231,0x45d6a999ee68aebfd7,0xf6d4fbe3847772520befd7745aef2d4f9e027cb8e09f9a5ffd4e9b4770e7fcfc,2,94203052,1288.2934047303772,1741086900094675,Balance Token,0.223685725,BALN,0,1,2025-03-04
cx88fd7df7ddff82f7cc735c871dc519838cb235bb,cx21e94c08c03daee80c25d8ee3ea22a20786ec231,cxa0af3165c08318e988cb30993b3048335b94af6c,0x82f8bc3f7bbfc0000,0xf6d4fbe3847772520befd7745aef2d4f9e027cb8e09f9a5ffd4e9b4770e7fcfc,1,94203052,151.0,1741086900094675,Balanced Dollar,0.223685725,bnUSD,0,1,2025-03-04
cx88fd7df7ddff82f7cc735c871dc519838cb235bb,hx385a695da4288bf7d70df14d1201e832c2bcf2a6,cx21e94c08c03daee80c25d8ee3ea22a20786ec231,0x82f8bc3f7bbfc0000,0xf6d4fbe3847772520befd7745aef2d4f9e027cb8e09f9a5ffd4e9b4770e7fcfc,0,94203052,151.0,1741086900094675,Balanced Dollar,0.223685725,bnUSD,0,1,2025-03-04
cx88fd7df7ddff82f7cc735c871dc519838cb235bb,cx21e94c08c03daee80c25d8ee3ea22a20786ec231,hx1be60841025db1b22126ba08ba519326603029c9,0x1c00b535160e0c9e19,0x913020542982f2f7932c2b65ab708cc1855df597e8940fdb5b97cc43161337e1,5,94203051,516.5598394034934,1741086898093058,Balanced Dollar,0.078294025,bnUSD,0,1,2025-03-04
cx88fd7df7ddff82f7cc735c871dc519838cb235bb,cxa0af3165c08318e988cb30993b3048335b94af6c,cx5faae53c4dbd1fbe4a2eb4aab6565030f10da5c6,0xaba219d0d27d9ba,0x913020542982f2f7932c2b65ab708cc1855df597e8940fdb5b97cc43161337e1,3,94203051,0.7729672444617589,1741086898093058,Balanced Dollar,0.078294025,bnUSD,0,1,2025-03-04
cx88fd7df7ddff82f7cc735c871dc519838cb235bb,cxa0af3165c08318e988cb30993b3048335b94af6c,cx21e94c08c03daee80c25d8ee3ea22a20786ec231,0x1c00b535160e0c9e19,0x913020542982f2f7932c2b65ab708cc1855df597e8940fdb5b97cc43161337e1,2,94203051,516.5598394034934,1741086898093058,Balanced Dollar,0.078294025,bnUSD,0,1,2025-03-04
cxf61cd5a45dc9f91c15aa65831a30a90d59a09619,cx21e94c08c03daee80c25d8ee3ea22a20786ec231,cxa0af3165c08318e988cb30993b3048335b94af6c,0xef6d95d91c3ab21aea,0x913020542982f2f7932c2b65ab708cc1855df597e8940fdb5b97cc43161337e1,1,94203051,4416.668289853514,1741086898093058,Balance Token,0.078294025,BALN,0,1,2025-03-04
cxf61cd5a45dc9f91c15aa65831a30a90d59a09619,hx1be60841025db1b22126ba08ba519326603029c9,cx21e94c08c03daee80c25d8ee3ea22a20786ec231,0xef6d95d91c3ab21aea,0x913020542982f2f7932c2b65ab708cc1855df597e8940fdb5b97cc43161337e1,0,94203051,4416.668289853514,1741086898093058,Balance Token,0.078294025,BALN,0,1,2025-03-04
cx88fd7df7ddff82f7cc735c871dc519838cb235bb,hx1be60841025db1b22126ba08ba519326603029c9,hx0000000000000000000000000000000000000000,0x89e919707bb37120,0x6d0bc72598532387972d0ff8d524d64aa4b6de6e7147ca84419730886edd3f01,0,94203029,9.9375020236721,1741086854086051,Balanced Dollar,0.060666075,bnUSD,0,1,2025-03-04
cxd17316e24ee40f2ef8ed6f3a497311db1b35206d,hxbfc63154bd013b103e8073f6fd50b5bbdfc5246d,hxbfc63154bd013b103e8073f6fd50b5bbdfc5246d,0x0,0xd008daf25ef7145b273f8b83c3d5830f0b4484d66f018a0782b5cab0fd9157bb,5,94203024,0.0,1741086844071943,unknown_token,0.020002525,$unknown,34,3,2025-03-04
cx53f8ccd5426534f82cf10cb742de033e51da72fc,hxbfc63154bd013b103e8073f6fd50b5bbdfc5246d,hx0000000000000000000000000000000000000000,0x0,0xd008daf25ef7145b273f8b83c3d5830f0b4484d66f018a0782b5cab0fd9157bb,4,94203024,0.0,1741086844071943,unknown_token,0.020002525,$unknown,3,3,2025-03-04
cx7baf94bd53b505353285ee4c4c050f9703581703,hxbfc63154bd013b103e8073f6fd50b5bbdfc5246d,hx0000000000000000000000000000000000000000,0x0,0xd008daf25ef7145b273f8b83c3d5830f0b4484d66f018a0782b5cab0fd9157bb,2,94203024,0.0,1741086844071943,unknown_token,0.020002525,$unknown,30,3,2025-03-04
cx7baf94bd53b505353285ee4c4c050f9703581703,hxbfc63154bd013b103e8073f6fd50b5bbdfc5246d,hx0000000000000000000000000000000000000000,0x0,0xd008daf25ef7145b273f8b83c3d5830f0b4484d66f018a0782b5cab0fd9157bb,0,94203024,0.0,1741086844071943,unknown_token,0.020002525,$unknown,12,3,2025-03-04
cx88fd7df7ddff82f7cc735c871dc519838cb235bb,cxa0af3165c08318e988cb30993b3048335b94af6c,cx5faae53c4dbd1fbe4a2eb4aab6565030f10da5c6,0xea081bca367800,0xdf6a7f0706a845f2e86f4c93c669a2c5b8d48901ac6635586a2616e1a3476753,2,94203024,0.06587406,1741086844071943,Balanced Dollar,0.0563614,bnUSD,0,2,2025-03-04
cx4297f4b63262507623b6ad575d0d8dd2db980e4e,cxa0af3165c08318e988cb30993b3048335b94af6c,hxd75467e3e4ce64e3424c747dfb71503017440433,0x37bf876936477286,0xdf6a7f0706a845f2e86f4c93c669a2c5b8d48901ac6635586a2616e1a3476753,1,94203024,4.017078278589739,1741086844071943,Injective,0.0563614,INJ,0,2,2025-03-04
cx88fd7df7ddff82f7cc735c871dc519838cb235bb,hxd75467e3e4ce64e3424c747dfb71503017440433,cxa0af3165c08318e988cb30993b3048335b94af6c,0x261751db3edd88000,0xdf6a7f0706a845f2e86f4c93c669a2c5b8d48901ac6635586a2616e1a3476753,0,94203024,43.91604,1741086844071943,Balanced Dollar,0.0563614,bnUSD,0,2,2025-03-04
cxf61cd5a45dc9f91c15aa65831a30a90d59a09619,cx10d59e8103ab44635190bd4139dbfd682fa2d07e,hx1be60841025db1b22126ba08ba519326603029c9,0x81528bf0de8b56874,0x7eb4c72776e57d8e5fc59136b4f48a3c3344397e713782a3ff17a536d1a9b9a2,1,94203024,149.098631130001,1741086844071943,Balance Token,0.0703735,BALN,0,1,2025-03-04
cx2609b924e33ef00b648a409245c7ea394c467824,cx203d9cd2a669be67177e997b8948ce2c35caffae,hx1be60841025db1b22126ba08ba519326603029c9,0x367095ee66e1bb1d,0xa75d7252dab803eec850138760d60e090e91da37e9dbc9b76f6fcbe1235d932a,5,94203021,3.9228001266005266,1741086838106572,Staked ICX,0.145748175,sICX,0,1,2025-03-04
cx88fd7df7ddff82f7cc735c871dc519838cb235bb,cx203d9cd2a669be67177e997b8948ce2c35caffae,hx1be60841025db1b22126ba08ba519326603029c9,0x89e81b8fec38d315,0xa75d7252dab803eec850138760d60e090e91da37e9dbc9b76f6fcbe1235d932a,2,94203021,9.93722288275042,1741086838106572,Balanced Dollar,0.145748175,bnUSD,0,1,2025-03-04
cxf61cd5a45dc9f91c15aa65831a30a90d59a09619,cx203d9cd2a669be67177e997b8948ce2c35caffae,hx1be60841025db1b22126ba08ba519326603029c9,0x4441b5e9894590,0xa75d7252dab803eec850138760d60e090e91da37e9dbc9b76f6fcbe1235d932a,0,94203021,0.01921254797929819,1741086838106572,Balance Token,0.145748175,BALN,0,1,2025-03-04
cxd17316e24ee40f2ef8ed6f3a497311db1b35206d,hx9645117f1b0c7181a126c7f4f222caefc6ee7a61,hx9645117f1b0c7181a126c7f4f222caefc6ee7a61,0x0,0xe48e8101ac87c680d07f05d5c44482be817fdbb8c4c96e24045a746529fa5ee8,4,94203019,0.0,1741086834221698,unknown_token,0.0165141375,$unknown,34,1,2025-03-04
cx7baf94bd53b505353285ee4c4c050f9703581703,hx9645117f1b0c7181a126c7f4f222caefc6ee7a61,hx0000000000000000000000000000000000000000,0x0,0xe48e8101ac87c680d07f05d5c44482be817fdbb8c4c96e24045a746529fa5ee8,2,94203019,0.0,1741086834221698,unknown_token,0.0165141375,$unknown,11,1,2025-03-04
cx7baf94bd53b505353285ee4c4c050f9703581703,hx9645117f1b0c7181a126c7f4f222caefc6ee7a61,hx0000000000000000000000000000000000000000,0x0,0xe48e8101ac87c680d07f05d5c44482be817fdbb8c4c96e24045a746529fa5ee8,0,94203019,0.0,1741086834221698,unknown_token,0.0165141375,$unknown,17,1,2025-03-04
cx88fd7df7ddff82f7cc735c871dc519838cb235bb,cxa0af3165c08318e988cb30993b3048335b94af6c,cx5faae53c4dbd1fbe4a2eb4aab6565030f10da5c6,0xea081bca367800,0x259f03c58f9d68eac7e772d8b1fb77f66a4529abf2178db152e1d24a9dd1124f,2,94203016,0.06587406,1741086828072536,Balanced Dollar,0.0563614,bnUSD,0,1,2025-03-04
cx4297f4b63262507623b6ad575d0d8dd2db980e4e,cxa0af3165c08318e988cb30993b3048335b94af6c,hxd75467e3e4ce64e3424c747dfb71503017440433,0x37c654c103eed05e,0x259f03c58f9d68eac7e772d8b1fb77f66a4529abf2178db152e1d24a9dd1124f,1,94203016,4.01899290544615,1741086828072536,Injective,0.0563614,INJ,0,1,2025-03-04
cx88fd7df7ddff82f7cc735c871dc519838cb235bb,hxd75467e3e4ce64e3424c747dfb71503017440433,cxa0af3165c08318e988cb30993b3048335b94af6c,0x261751db3edd88000,0x259f03c58f9d68eac7e772d8b1fb77f66a4529abf2178db152e1d24a9dd1124f,0,94203016,43.91604,1741086828072536,Balanced Dollar,0.0563614,bnUSD,0,1,2025-03-04
cxd17316e24ee40f2ef8ed6f3a497311db1b35206d,hxbfc63154bd013b103e8073f6fd50b5bbdfc5246d,hxbfc63154bd013b103e8073f6fd50b5bbdfc5246d,0x0,0x7e5a34dbe457c07e513b3a0f40eb0ba900dd618943e1cb3c78e2a3737e8fbea4,5,94203013,0.0,1741086822065977,unknown_token,0.019932275,$unknown,34,1,2025-03-04
cx53f8ccd5426534f82cf10cb742de033e51da72fc,hxbfc63154bd013b103e8073f6fd50b5bbdfc5246d,hx0000000000000000000000000000000000000000,0x0,0x7e5a34dbe457c07e513b3a0f40eb0ba900dd618943e1cb3c78e2a3737e8fbea4,4,94203013,0.0,1741086822065977,unknown_token,0.019932275,$unknown,2,1,2025-03-04
cx7baf94bd53b505353285ee4c4c050f9703581703,hxbfc63154bd013b103e8073f6fd50b5bbdfc5246d,hx0000000000000000000000000000000000000000,0x0,0x7e5a34dbe457c07e513b3a0f40eb0ba900dd618943e1cb3c78e2a3737e8fbea4,2,94203013,0.0,1741086822065977,unknown_token,0.019932275,$unknown,21,1,2025-03-04
cx7baf94bd53b505353285ee4c4c050f9703581703,hxbfc63154bd013b103e8073f6fd50b5bbdfc5246d,hx0000000000000000000000000000000000000000,0x0,0x7e5a34dbe457c07e513b3a0f40eb0ba900dd618943e1cb3c78e2a3737e8fbea4,0,94203013,0.0,1741086822065977,unknown_token,0.019932275,$unknown,1,1,2025-03-04
cx88fd7df7ddff82f7cc735c871dc519838cb235bb,cxa0af3165c08318e988cb30993b3048335b94af6c,cx5faae53c4dbd1fbe4a2eb4aab6565030f10da5c6,0xea3e9fa89ee000,0x455eb0ddfe1d5aaad3faa52da7abefc6514c2742c1bc4ea9d67d7057b62ad217,2,94203004,0.065934,1741086804071662,Balanced Dollar,0.0563614,bnUSD,0,1,2025-03-04
cx4297f4b63262507623b6ad575d0d8dd2db980e4e,cxa0af3165c08318e988cb30993b3048335b94af6c,hxd75467e3e4ce64e3424c747dfb71503017440433,0x37da23b40a668443,0x455eb0ddfe1d5aaad3faa52da7abefc6514c2742c1bc4ea9d67d7057b62ad217,1,94203004,4.0245684731845355,1741086804071662,Injective,0.0563614,INJ,0,1,2025-03-04
cx88fd7df7ddff82f7cc735c871dc519838cb235bb,hxd75467e3e4ce64e3424c747dfb71503017440433,cxa0af3165c08318e988cb30993b3048335b94af6c,0x26203151c73120000,0x455eb0ddfe1d5aaad3faa52da7abefc6514c2742c1bc4ea9d67d7057b62ad217,0,94203004,43.956,1741086804071662,Balanced Dollar,0.0563614,bnUSD,0,1,2025-03-04
cxd17316e24ee40f2ef8ed6f3a497311db1b35206d,hxbfc63154bd013b103e8073f6fd50b5bbdfc5246d,hxbfc63154bd013b103e8073f6fd50b5bbdfc5246d,0x0,0xf2c7acd78f031c17cd77242241aa791171a1dffa528a27c34b4d724e6185187e,4,94203001,0.0,1741086798059241,unknown_token,0.018479825,$unknown,34,1,2025-03-04
cx7baf94bd53b505353285ee4c4c050f9703581703,hxbfc63154bd013b103e8073f6fd50b5bbdfc5246d,hx0000000000000000000000000000000000000000,0x0,0xf2c7acd78f031c17cd77242241aa791171a1dffa528a27c34b4d724e6185187e,2,94203001,0.0,1741086798059241,unknown_token,0.018479825,$unknown,10,1,2025-03-04
cx7baf94bd53b505353285ee4c4c050f9703581703,hxbfc63154bd013b103e8073f6fd50b5bbdfc5246d,hx0000000000000000000000000000000000000000,0x0,0xf2c7acd78f031c17cd77242241aa791171a1dffa528a27c34b4d724e6185187e,0,94203001,0.0,1741086798059241,unknown_token,0.018479825,$unknown,32,1,2025-03-04
cx88fd7df7ddff82f7cc735c871dc519838cb235bb,cxa0af3165c08318e988cb30993b3048335b94af6c,cx5faae53c4dbd1fbe4a2eb4aab6565030f10da5c6,0xeaaba7656fb000,0x221ff464f5d5c63d4d35269c104adebdf714a3fafc0f74cdb92859a3e0b362d2,2,94202996,0.06605388,1741086788089253,Balanced Dollar,0.0563614,bnUSD,0,1,2025-03-04
cx4297f4b63262507623b6ad575d0d8dd2db980e4e,cxa0af3165c08318e988cb30993b3048335b94af6c,hxd75467e3e4ce64e3424c747dfb71503017440433,0x37fafa9e393515bd,0x221ff464f5d5c63d4d35269c104adebdf714a3fafc0f74cdb92859a3e0b362d2,1,94202996,4.033811973735258,1741086788089253,Injective,0.0563614,INJ,0,1,2025-03-04
cx88fd7df7ddff82f7cc735c871dc519838cb235bb,hxd75467e3e4ce64e3424c747dfb71503017440433,cxa0af3165c08318e988cb30993b3048335b94af6c,0x2631f03ed7d850000,0x221ff464f5d5c63d4d35269c104adebdf714a3fafc0f74cdb92859a3e0b362d2,0,94202996,44.03592,1741086788089253,Balanced Dollar,0.0563614,bnUSD,0,1,2025-03-04
cx88fd7df7ddff82f7cc735c871dc519838cb235bb,cxa0af3165c08318e988cb30993b3048335b94af6c,cx5faae53c4dbd1fbe4a2eb4aab6565030f10da5c6,0x151b2e20ce24706,0xb4adc52b115d2e342b3241273a4336e64d424b01c1fb2d35e040cd4d9fe51abd,2,94202993,0.0950537511,1741086782048402,Balanced Dollar,0.0563991125,bnUSD,0,1,2025-03-04
cx288d13e1b63563459a2ac6179f237711f6851cb5,cxa0af3165c08318e988cb30993b3048335b94af6c,hxd75467e3e4ce64e3424c747dfb71503017440433,0x6acee2c0fad256,0xb4adc52b115d2e342b3241273a4336e64d424b01c1fb2d35e040cd4d9fe51abd,1,94202993,0.030063820826923607,1741086782048402,Ethereum,0.0563991125,ETH,0,1,2025-03-04
cx88fd7df7ddff82f7cc735c871dc519838cb235bb,hxd75467e3e4ce64e3424c747dfb71503017440433,cxa0af3165c08318e988cb30993b3048335b94af6c,0x36f6c82018d43a000,0xb4adc52b115d2e342b3241273a4336e64d424b01c1fb2d35e040cd4d9fe51abd,0,94202993,63.3691674,1741086782048402,Balanced Dollar,0.0563991125,bnUSD,0,1,2025-03-04
cxd17316e24ee40f2ef8ed6f3a497311db1b35206d,hxbfc63154bd013b103e8073f6fd50b5bbdfc5246d,hxbfc63154bd013b103e8073f6fd50b5bbdfc5246d,0x0,0x6631b97490746ed0539bf65a243249e550525eef589f55841be8a7bb54978334,4,94202990,0.0,1741086776186395,unknown_token,0.016864075,$unknown,34,1,2025-03-04
cx7baf94bd53b505353285ee4c4c050f9703581703,hxbfc63154bd013b103e8073f6fd50b5bbdfc5246d,hx0000000000000000000000000000000000000000,0x0,0x6631b97490746ed0539bf65a243249e550525eef589f55841be8a7bb54978334,2,94202990,0.0,1741086776186395,unknown_token,0.016864075,$unknown,11,1,2025-03-04
cx7baf94bd53b505353285ee4c4c050f9703581703,hxbfc63154bd013b103e8073f6fd50b5bbdfc5246d,hx0000000000000000000000000000000000000000,0x0,0x6631b97490746ed0539bf65a243249e550525eef589f55841be8a7bb54978334,0,94202990,0.0,1741086776186395,unknown_token,0.016864075,$unknown,1,1,2025-03-04
cx88fd7df7ddff82f7cc735c871dc519838cb235bb,cxa0af3165c08318e988cb30993b3048335b94af6c,cx5faae53c4dbd1fbe4a2eb4aab6565030f10da5c6,0x15197148ea7e8ed,0x7b586ebcb4070a09bf73c765a1a89101a3e1a97b6e1fa26b6fbf41d800632447,2,94202980,0.09502318169999999,1741086756043755,Balanced Dollar,0.0563991125,bnUSD,0,1,2025-03-04
cx288d13e1b63563459a2ac6179f237711f6851cb5,cxa0af3165c08318e988cb30993b3048335b94af6c,hxd75467e3e4ce64e3424c747dfb71503017440433,0x6acddfa0228980,0x7b586ebcb4070a09bf73c765a1a89101a3e1a97b6e1fa26b6fbf41d800632447,1,94202980,0.03006270787934861,1741086756043755,Ethereum,0.0563991125,ETH,0,1,2025-03-04
cx88fd7df7ddff82f7cc735c871dc519838cb235bb,hxd75467e3e4ce64e3424c747dfb71503017440433,cxa0af3165c08318e988cb30993b3048335b94af6c,0x36f241ade2a994000,0x7b586ebcb4070a09bf73c765a1a89101a3e1a97b6e1fa26b6fbf41d800632447,0,94202980,63.34878779999999,1741086756043755,Balanced Dollar,0.0563991125,bnUSD,0,1,2025-03-04
cxd17316e24ee40f2ef8ed6f3a497311db1b35206d,hxbfc63154bd013b103e8073f6fd50b5bbdfc5246d,hxbfc63154bd013b103e8073f6fd50b5bbdfc5246d,0x0,0x4f8b3fc6646826a3da2b9cb68b7004127ddf7c078f0516a9c1c574a900c354ac,4,94202978,0.0,1741086752043879,unknown_token,0.017074825,$unknown,34,2,2025-03-04
cx7baf94bd53b505353285ee4c4c050f9703581703,hxbfc63154bd013b103e8073f6fd50b5bbdfc5246d,hx0000000000000000000000000000000000000000,0x0,0x4f8b3fc6646826a3da2b9cb68b7004127ddf7c078f0516a9c1c574a900c354ac,2,94202978,0.0,1741086752043879,unknown_token,0.017074825,$unknown,16,2,2025-03-04
cx7baf94bd53b505353285ee4c4c050f9703581703,hxbfc63154bd013b103e8073f6fd50b5bbdfc5246d,hx0000000000000000000000000000000000000000,0x0,0x4f8b3fc6646826a3da2b9cb68b7004127ddf7c078f0516a9c1c574a900c354ac,0,94202978,0.0,1741086752043879,unknown_token,0.017074825,$unknown,26,2,2025-03-04
cx65c9e3d4fea842e00add0d32a5b4c5e4e04c7a6b,cx21e94c08c03daee80c25d8ee3ea22a20786ec231,hx2debd9ec927cca1639da8d3518dd9dbf1cdfb357,0xb2cff4d1,0x39edc3c7ad4f535cfbf19fd4c2a22f08340612b42efa58f0110f9fc273e8d476,5,94202978,2.999973073,1741086752043879,Solana,0.07801055,SOL,0,1,2025-03-04
cx88fd7df7ddff82f7cc735c871dc519838cb235bb,cxa0af3165c08318e988cb30993b3048335b94af6c,cx5faae53c4dbd1fbe4a2eb4aab6565030f10da5c6,0x8a425490a9c6326,0x39edc3c7ad4f535cfbf19fd4c2a22f08340612b42efa58f0110f9fc273e8d476,3,94202978,0.6226636441248325,1741086752043879,Balanced Dollar,0.07801055,bnUSD,0,1,2025-03-04
cx65c9e3d4fea842e00add0d32a5b4c5e4e04c7a6b,cxa0af3165c08318e988cb30993b3048335b94af6c,cx21e94c08c03daee80c25d8ee3ea22a20786ec231,0xb2cff4d1,0x39edc3c7ad4f535cfbf19fd4c2a22f08340612b42efa58f0110f9fc273e8d476,2,94202978,2.999973073,1741086752043879,Solana,0.07801055,SOL,0,1,2025-03-04
cx88fd7df7ddff82f7cc735c871dc519838cb235bb,cx21e94c08c03daee80c25d8ee3ea22a20786ec231,cxa0af3165c08318e988cb30993b3048335b94af6c,0x1680cbc38ba1ecdda0,0x39edc3c7ad4f535cfbf19fd4c2a22f08340612b42efa58f0110f9fc273e8d476,1,94202978,415.1090960832217,1741086752043879,Balanced Dollar,0.07801055,bnUSD,0,1,2025-03-04
cx88fd7df7ddff82f7cc735c871dc519838cb235bb,hx2debd9ec927cca1639da8d3518dd9dbf1cdfb357,cx21e94c08c03daee80c25d8ee3ea22a20786ec231,0x1680cbc38ba1ecdda0,0x39edc3c7ad4f535cfbf19fd4c2a22f08340612b42efa58f0110f9fc273e8d476,0,94202978,415.1090960832217,1741086752043879,Balanced Dollar,0.07801055,bnUSD,0,1,2025-03-04
cx88fd7df7ddff82f7cc735c871dc519838cb235bb,cxa0af3165c08318e988cb30993b3048335b94af6c,cx5faae53c4dbd1fbe4a2eb4aab6565030f10da5c6,0xeb18af22408000,0xd91d15e4ef2053f6a6c125b724bbb0583c0255446e2e84bfffd13e77f768a9dd,2,94202976,0.06617376,1741086748042680,Balanced Dollar,0.0563614,bnUSD,0,1,2025-03-04
cx4297f4b63262507623b6ad575d0d8dd2db980e4e,cxa0af3165c08318e988cb30993b3048335b94af6c,hxd75467e3e4ce64e3424c747dfb71503017440433,0x381bdc5747800175,0xd91d15e4ef2053f6a6c125b724bbb0583c0255446e2e84bfffd13e77f768a9dd,1,94202976,4.043067357914989,1741086748042680,Injective,0.0563614,INJ,0,1,2025-03-04
cx88fd7df7ddff82f7cc735c871dc519838cb235bb,hxd75467e3e4ce64e3424c747dfb71503017440433,cxa0af3165c08318e988cb30993b3048335b94af6c,0x2643af2be87f80000,0xd91d15e4ef2053f6a6c125b724bbb0583c0255446e2e84bfffd13e77f768a9dd,0,94202976,44.11584,1741086748042680,Balanced Dollar,0.0563614,bnUSD,0,1,2025-03-04
cx88fd7df7ddff82f7cc735c871dc519838cb235bb,cxa0af3165c08318e988cb30993b3048335b94af6c,cx5faae53c4dbd1fbe4a2eb4aab6565030f10da5c6,0xb2875e182f31106,0x8896478dcca8c673d4ea98090c744028c7dce081cd294405c1d1feda60b1d344,2,94202975,0.8040221449106926,1741086746254417,Balanced Dollar,0.0705547125,bnUSD,0,2,2025-03-04
cx2609b924e33ef00b648a409245c7ea394c467824,cxa0af3165c08318e988cb30993b3048335b94af6c,hxc1718c79947e0f673296218b5b23adbd9a3b38a8,0xccaaf287f23b2f8def,0x8896478dcca8c673d4ea98090c744028c7dce081cd294405c1d1feda60b1d344,1,94202975,3775.453848442005,1741086746254417,Staked ICX,0.0705547125,sICX,0,2,2025-03-04
cx88fd7df7ddff82f7cc735c871dc519838cb235bb,hxc1718c79947e0f673296218b5b23adbd9a3b38a8,cxa0af3165c08318e988cb30993b3048335b94af6c,0x1d0eb2fb4503a70000,0x8896478dcca8c673d4ea98090c744028c7dce081cd294405c1d1feda60b1d344,0,94202975,536.0147632737951,1741086746254417,Balanced Dollar,0.0705547125,bnUSD,0,2,2025-03-04
cx88fd7df7ddff82f7cc735c871dc519838cb235bb,cxd82fb5d3effecd8c9071a4bba3856ad7222c4b91,hxc1718c79947e0f673296218b5b23adbd9a3b38a8,0x1d0eb2fb4503a70000,0x1cdd56e44159ccabc4ecdf32322f1f08e057da6c8e9f9183be7db1165ea5cd6a,0,94202975,536.0147632737951,1741086746254417,Balanced Dollar,0.020690875,bnUSD,0,1,2025-03-04
cx288d13e1b63563459a2ac6179f237711f6851cb5,cx21e94c08c03daee80c25d8ee3ea22a20786ec231,hx2debd9ec927cca1639da8d3518dd9dbf1cdfb357,0x30d9709140f8c6a,0xff71dfa65d232a52208d6e47bff03e174963eb83219625c9d0b7119f5a1d217e,5,94202974,0.21999802205808547,1741086744038786,Ethereum,0.0884685,ETH,0,1,2025-03-04
cx88fd7df7ddff82f7cc735c871dc519838cb235bb,cxa0af3165c08318e988cb30993b3048335b94af6c,cx5faae53c4dbd1fbe4a2eb4aab6565030f10da5c6,0x9a38d631e9698ba,0xff71dfa65d232a52208d6e47bff03e174963eb83219625c9d0b7119f5a1d217e,3,94202974,0.6945542243996531,1741086744038786,Balanced Dollar,0.0884685,bnUSD,0,1,2025-03-04
cx288d13e1b63563459a2ac6179f237711f6851cb5,cxa0af3165c08318e988cb30993b3048335b94af6c,cx21e94c08c03daee80c25d8ee3ea22a20786ec231,0x30d9709140f8c6a,0xff71dfa65d232a52208d6e47bff03e174963eb83219625c9d0b7119f5a1d217e,2,94202974,0.21999802205808547,1741086744038786,Ethereum,0.0884685,ETH,0,1,2025-03-04
cx88fd7df7ddff82f7cc735c871dc519838cb235bb,cx21e94c08c03daee80c25d8ee3ea22a20786ec231,cxa0af3165c08318e988cb30993b3048335b94af6c,0x1919eadcca52d86460,0xff71dfa65d232a52208d6e47bff03e174963eb83219625c9d0b7119f5a1d217e,1,94202974,463.0361495997687,1741086744038786,Balanced Dollar,0.0884685,bnUSD,0,1,2025-03-04
cx88fd7df7ddff82f7cc735c871dc519838cb235bb,hx2debd9ec927cca1639da8d3518dd9dbf1cdfb357,cx21e94c08c03daee80c25d8ee3ea22a20786ec231,0x1919eadcca52d86460,0xff71dfa65d232a52208d6e47bff03e174963eb83219625c9d0b7119f5a1d217e,0,94202974,463.0361495997687,1741086744038786,Balanced Dollar,0.0884685,bnUSD,0,1,2025-03-04
cxd17316e24ee40f2ef8ed6f3a497311db1b35206d,hxbfc63154bd013b103e8073f6fd50b5bbdfc5246d,hxbfc63154bd013b103e8073f6fd50b5bbdfc5246d,0x0,0x45b3a8a2999678a0e7a2adfd19f79a3633964b0d6d24df410c615281b0a7990d,5,94202966,0.0,1741086728033875,unknown_token,0.019862025,$unknown,34,1,2025-03-04
cx53f8ccd5426534f82cf10cb742de033e51da72fc,hxbfc63154bd013b103e8073f6fd50b5bbdfc5246d,hx0000000000000000000000000000000000000000,0x0,0x45b3a8a2999678a0e7a2adfd19f79a3633964b0d6d24df410c615281b0a7990d,4,94202966,0.0,1741086728033875,unknown_token,0.019862025,$unknown,2,1,2025-03-04
cx7baf94bd53b505353285ee4c4c050f9703581703,hxbfc63154bd013b103e8073f6fd50b5bbdfc5246d,hx0000000000000000000000000000000000000000,0x0,0x45b3a8a2999678a0e7a2adfd19f79a3633964b0d6d24df410c615281b0a7990d,2,94202966,0.0,1741086728033875,unknown_token,0.019862025,$unknown,27,1,2025-03-04
cx7baf94bd53b505353285ee4c4c050f9703581703,hxbfc63154bd013b103e8073f6fd50b5bbdfc5246d,hx0000000000000000000000000000000000000000,0x0,0x45b3a8a2999678a0e7a2adfd19f79a3633964b0d6d24df410c615281b0a7990d,0,94202966,0.0,1741086728033875,unknown_token,0.019862025,$unknown,22,1,2025-03-04
cx88fd7df7ddff82f7cc735c871dc519838cb235bb,cxa0af3165c08318e988cb30993b3048335b94af6c,cx5faae53c4dbd1fbe4a2eb4aab6565030f10da5c6,0xea752387074800,0x6675d2bb9b2adb115fdb9cdcfa331a6b04bf01a629cca434cfcb6d7290d90bb3,2,94202963,0.06599394,1741086722030109,Balanced Dollar,0.0563614,bnUSD,0,1,2025-03-04
cx4297f4b63262507623b6ad575d0d8dd2db980e4e,cxa0af3165c08318e988cb30993b3048335b94af6c,hxd75467e3e4ce64e3424c747dfb71503017440433,0x37fbaf2dedeef648,0x6675d2bb9b2adb115fdb9cdcfa331a6b04bf01a629cca434cfcb6d7290d90bb3,1,94202963,4.034010503040661,1741086722030109,Injective,0.0563614,INJ,0,1,2025-03-04
cx88fd7df7ddff82f7cc735c871dc519838cb235bb,hxd75467e3e4ce64e3424c747dfb71503017440433,cxa0af3165c08318e988cb30993b3048335b94af6c,0x262910c84f84b8000,0x6675d2bb9b2adb115fdb9cdcfa331a6b04bf01a629cca434cfcb6d7290d90bb3,0,94202963,43.99596,1741086722030109,Balanced Dollar,0.0563614,bnUSD,0,1,2025-03-04
cx88fd7df7ddff82f7cc735c871dc519838cb235bb,cxa0af3165c08318e988cb30993b3048335b94af6c,cx5faae53c4dbd1fbe4a2eb4aab6565030f10da5c6,0x151765f093610f9,0x56ca8ee5e15a908d9f9c3962e3298b056d1e25c1d613977460882046fcab049c,2,94202959,0.09498721769999999,1741086714026945,Balanced Dollar,0.0563991125,bnUSD,0,1,2025-03-04
cx288d13e1b63563459a2ac6179f237711f6851cb5,cxa0af3165c08318e988cb30993b3048335b94af6c,hxd75467e3e4ce64e3424c747dfb71503017440433,0x6b044656eb3848,0x56ca8ee5e15a908d9f9c3962e3298b056d1e25c1d613977460882046fcab049c,1,94202959,0.03012252266051796,1741086714026945,Ethereum,0.0563991125,ETH,0,1,2025-03-04
cx88fd7df7ddff82f7cc735c871dc519838cb235bb,hxd75467e3e4ce64e3424c747dfb71503017440433,cxa0af3165c08318e988cb30993b3048335b94af6c,0x36eceecd2a776e000,0x56ca8ee5e15a908d9f9c3962e3298b056d1e25c1d613977460882046fcab049c,0,94202959,63.3248118,1741086714026945,Balanced Dollar,0.0563991125,bnUSD,0,1,2025-03-04
cx88fd7df7ddff82f7cc735c871dc519838cb235bb,cxa0af3165c08318e988cb30993b3048335b94af6c,cx5faae53c4dbd1fbe4a2eb4aab6565030f10da5c6,0xb24e92db4024581,0xbf8c7773dc7196bc1732662d78abe4509adc359c2be0376392b901f30f7ca9ee,2,94202951,0.8030230160816387,1741086698024290,Balanced Dollar,0.0705547125,bnUSD,0,2,2025-03-04
cx2609b924e33ef00b648a409245c7ea394c467824,cxa0af3165c08318e988cb30993b3048335b94af6c,hxc1718c79947e0f673296218b5b23adbd9a3b38a8,0xccaaf7b5368a7626a3,0xbf8c7773dc7196bc1732662d78abe4509adc359c2be0376392b901f30f7ca9ee,1,94202951,3775.4553055883,1741086698024290,Staked ICX,0.0705547125,sICX,0,2,2025-03-04
cx88fd7df7ddff82f7cc735c871dc519838cb235bb,hxc1718c79947e0f673296218b5b23adbd9a3b38a8,cxa0af3165c08318e988cb30993b3048335b94af6c,0x1d057491af70950000,0xbf8c7773dc7196bc1732662d78abe4509adc359c2be0376392b901f30f7ca9ee,0,94202951,535.3486773877592,1741086698024290,Balanced Dollar,0.0705547125,bnUSD,0,2,2025-03-04
cx88fd7df7ddff82f7cc735c871dc519838cb235bb,cxd82fb5d3effecd8c9071a4bba3856ad7222c4b91,hxc1718c79947e0f673296218b5b23adbd9a3b38a8,0x1d057491af70950000,0x7b316e5dd420943e719bea7588f52c7c7172f93405feb677d759673bd293d129,0,94202951,535.3486773877592,1741086698024290,Balanced Dollar,0.020690875,bnUSD,0,1,2025-03-04
cx88fd7df7ddff82f7cc735c871dc519838cb235bb,cxa0af3165c08318e988cb30993b3048335b94af6c,cx5faae53c4dbd1fbe4a2eb4aab6565030f10da5c6,0x15145b76c4fec83,0xc849874c661c59c4f5f7d113447ed69dee8615c4ddd74b549513b36b8c4d8b4e,2,94202948,0.09493372125,1741086692019502,Balanced Dollar,0.0563991125,bnUSD,0,1,2025-03-04
cx288d13e1b63563459a2ac6179f237711f6851cb5,cxa0af3165c08318e988cb30993b3048335b94af6c,hxd75467e3e4ce64e3424c747dfb71503017440433,0x6afca4d13d273d,0xc849874c661c59c4f5f7d113447ed69dee8615c4ddd74b549513b36b8c4d8b4e,1,94202948,0.030114132346611516,1741086692019502,Ethereum,0.0563991125,ETH,0,1,2025-03-04
cx88fd7df7ddff82f7cc735c871dc519838cb235bb,hxd75467e3e4ce64e3424c747dfb71503017440433,cxa0af3165c08318e988cb30993b3048335b94af6c,0x36e503854bacd4000,0xc849874c661c59c4f5f7d113447ed69dee8615c4ddd74b549513b36b8c4d8b4e,0,94202948,63.2891475,1741086692019502,Balanced Dollar,0.0563991125,bnUSD,0,1,2025-03-04
cx66a031cc3bd305c76371fb586e93801b948254f0,cx21e94c08c03daee80c25d8ee3ea22a20786ec231,hx2debd9ec927cca1639da8d3518dd9dbf1cdfb357,0x1158da2984efdba26,0x3c70f4b37558f39dcb4918d422cf7dcc8916aa216b5aaf6386cfcebed06d3cb3,5,94202945,19.999820295266222,1741086686132491,Avalanche,0.0882961875,AVAX,0,1,2025-03-04
cx88fd7df7ddff82f7cc735c871dc519838cb235bb,cxa0af3165c08318e988cb30993b3048335b94af6c,cx5faae53c4dbd1fbe4a2eb4aab6565030f10da5c6,0x85a8ff266aa3214,0x3c70f4b37558f39dcb4918d422cf7dcc8916aa216b5aaf6386cfcebed06d3cb3,3,94202945,0.60195177147467,1741086686132491,Balanced Dollar,0.0882961875,bnUSD,0,1,2025-03-04
cx66a031cc3bd305c76371fb586e93801b948254f0,cxa0af3165c08318e988cb30993b3048335b94af6c,cx21e94c08c03daee80c25d8ee3ea22a20786ec231,0x1158da2984efdba26,0x3c70f4b37558f39dcb4918d422cf7dcc8916aa216b5aaf6386cfcebed06d3cb3,2,94202945,19.999820295266222,1741086686132491,Avalanche,0.0882961875,AVAX,0,1,2025-03-04
cx88fd7df7ddff82f7cc735c871dc519838cb235bb,cx21e94c08c03daee80c25d8ee3ea22a20786ec231,cxa0af3165c08318e988cb30993b3048335b94af6c,0x15c12c31eb5b37bec0,0x3c70f4b37558f39dcb4918d422cf7dcc8916aa216b5aaf6386cfcebed06d3cb3,1,94202945,401.3011809831134,1741086686132491,Balanced Dollar,0.0882961875,bnUSD,0,1,2025-03-04
cx88fd7df7ddff82f7cc735c871dc519838cb235bb,hx2debd9ec927cca1639da8d3518dd9dbf1cdfb357,cx21e94c08c03daee80c25d8ee3ea22a20786ec231,0x15c12c31eb5b37bec0,0x3c70f4b37558f39dcb4918d422cf7dcc8916aa216b5aaf6386cfcebed06d3cb3,0,94202945,401.3011809831134,1741086686132491,Balanced Dollar,0.0882961875,bnUSD,0,1,2025-03-04
cx88fd7df7ddff82f7cc735c871dc519838cb235bb,cxa0af3165c08318e988cb30993b3048335b94af6c,cx5faae53c4dbd1fbe4a2eb4aab6565030f10da5c6,0xea081bca367800,0x5f7bc716dd08ebe2be4fdbcc4fdcd6d2dc9728e45081472008b6dc46005f1fc2,2,94202943,0.06587406,1741086682015742,Balanced Dollar,0.0563614,bnUSD,0,1,2025-03-04
cx4297f4b63262507623b6ad575d0d8dd2db980e4e,cxa0af3165c08318e988cb30993b3048335b94af6c,hxd75467e3e4ce64e3424c747dfb71503017440433,0x37e87bac8aea585e,0x5f7bc716dd08ebe2be4fdbcc4fdcd6d2dc9728e45081472008b6dc46005f1fc2,1,94202943,4.028605847678114,1741086682015742,Injective,0.0563614,INJ,0,1,2025-03-04
cx88fd7df7ddff82f7cc735c871dc519838cb235bb,hxd75467e3e4ce64e3424c747dfb71503017440433,cxa0af3165c08318e988cb30993b3048335b94af6c,0x261751db3edd88000,0x5f7bc716dd08ebe2be4fdbcc4fdcd6d2dc9728e45081472008b6dc46005f1fc2,0,94202943,43.91604,1741086682015742,Balanced Dollar,0.0563614,bnUSD,0,1,2025-03-04
cx65c9e3d4fea842e00add0d32a5b4c5e4e04c7a6b,cx21e94c08c03daee80c25d8ee3ea22a20786ec231,hx2debd9ec927cca1639da8d3518dd9dbf1cdfb357,0xb2cff4d1,0xd0e2c9a85d3864da290d9246cf3dbb1587180c2ab7d96852d0816d0ee9325121,5,94202938,2.999973073,1741086672014706,Solana,0.0780132375,SOL,0,1,2025-03-04
cx88fd7df7ddff82f7cc735c871dc519838cb235bb,cxa0af3165c08318e988cb30993b3048335b94af6c,cx5faae53c4dbd1fbe4a2eb4aab6565030f10da5c6,0x89854e5da8a7dd8,0xd0e2c9a85d3864da290d9246cf3dbb1587180c2ab7d96852d0816d0ee9325121,3,94202938,0.6193382949541965,1741086672014706,Balanced Dollar,0.0780132375,bnUSD,0,1,2025-03-04
cx65c9e3d4fea842e00add0d32a5b4c5e4e04c7a6b,cxa0af3165c08318e988cb30993b3048335b94af6c,cx21e94c08c03daee80c25d8ee3ea22a20786ec231,0xb2cff4d1,0xd0e2c9a85d3864da290d9246cf3dbb1587180c2ab7d96852d0816d0ee9325121,2,94202938,2.999973073,1741086672014706,Solana,0.0780132375,SOL,0,1,2025-03-04
cx88fd7df7ddff82f7cc735c871dc519838cb235bb,cx21e94c08c03daee80c25d8ee3ea22a20786ec231,cxa0af3165c08318e988cb30993b3048335b94af6c,0x166207c13e73526280,0xd0e2c9a85d3864da290d9246cf3dbb1587180c2ab7d96852d0816d0ee9325121,1,94202938,412.89219663613096,1741086672014706,Balanced Dollar,0.0780132375,bnUSD,0,1,2025-03-04
cx88fd7df7ddff82f7cc735c871dc519838cb235bb,hx2debd9ec927cca1639da8d3518dd9dbf1cdfb357,cx21e94c08c03daee80c25d8ee3ea22a20786ec231,0x166207c13e73526280,0xd0e2c9a85d3864da290d9246cf3dbb1587180c2ab7d96852d0816d0ee9325121,0,94202938,412.89219663613096,1741086672014706,Balanced Dollar,0.0780132375,bnUSD,0,1,2025-03-04
cx88fd7df7ddff82f7cc735c871dc519838cb235bb,cxa0af3165c08318e988cb30993b3048335b94af6c,cx5faae53c4dbd1fbe4a2eb4aab6565030f10da5c6,0xe8f788722c7000,0x750ccd9a3e4d3559c4255f83b0ebd37ca6925fa72b731600906af1e1fbf29291,2,94202933,0.06557436,1741086662013021,Balanced Dollar,0.0563614,bnUSD,0,1,2025-03-04
cx4297f4b63262507623b6ad575d0d8dd2db980e4e,cxa0af3165c08318e988cb30993b3048335b94af6c,hxd75467e3e4ce64e3424c747dfb71503017440433,0x37ae26eb4772fa3b,0x750ccd9a3e4d3559c4255f83b0ebd37ca6925fa72b731600906af1e1fbf29291,1,94202933,4.0121871099915785,1741086662013021,Injective,0.0563614,INJ,0,1,2025-03-04
cx88fd7df7ddff82f7cc735c871dc519838cb235bb,hxd75467e3e4ce64e3424c747dfb71503017440433,cxa0af3165c08318e988cb30993b3048335b94af6c,0x25eaf48a953b90000,0x750ccd9a3e4d3559c4255f83b0ebd37ca6925fa72b731600906af1e1fbf29291,0,94202933,43.71624,1741086662013021,Balanced Dollar,0.0563614,bnUSD,0,1,2025-03-04
cx88fd7df7ddff82f7cc735c871dc519838cb235bb,cxa0af3165c08318e988cb30993b3048335b94af6c,cx5faae53c4dbd1fbe4a2eb4aab6565030f10da5c6,0xe8c10493c40800,0x744368d763aafa06a75d74bf1f3d5c6a140345ec19c96b22497d12dc3bbbe5b8,2,94202927,0.06551442,1741086650008527,Balanced Dollar,0.0563614,bnUSD,0,1,2025-03-04
cx4297f4b63262507623b6ad575d0d8dd2db980e4e,cxa0af3165c08318e988cb30993b3048335b94af6c,hxd75467e3e4ce64e3424c747dfb71503017440433,0x37a7e3390a986e07,0x744368d763aafa06a75d74bf1f3d5c6a140345ec19c96b22497d12dc3bbbe5b8,1,94202927,4.010423827327119,1741086650008527,Injective,0.0563614,INJ,0,1,2025-03-04
cx88fd7df7ddff82f7cc735c871dc519838cb235bb,hxd75467e3e4ce64e3424c747dfb71503017440433,cxa0af3165c08318e988cb30993b3048335b94af6c,0x25e215140ce7f8000,0x744368d763aafa06a75d74bf1f3d5c6a140345ec19c96b22497d12dc3bbbe5b8,0,94202927,43.67628,1741086650008527,Balanced Dollar,0.0563614,bnUSD,0,1,2025-03-04
cx66a031cc3bd305c76371fb586e93801b948254f0,cx21e94c08c03daee80c25d8ee3ea22a20786ec231,hx2debd9ec927cca1639da8d3518dd9dbf1cdfb357,0x1158da298321bb9c6,0x18e494ba1bf3b3a8b7ed5043001c864bfee3aa6fbb904e056ad4d53ef55f24b7,5,94202924,19.999820294781646,1741086644005122,Avalanche,0.088298875,AVAX,0,1,2025-03-04
cx88fd7df7ddff82f7cc735c871dc519838cb235bb,cxa0af3165c08318e988cb30993b3048335b94af6c,cx5faae53c4dbd1fbe4a2eb4aab6565030f10da5c6,0x8538d71001b6426,0x18e494ba1bf3b3a8b7ed5043001c864bfee3aa6fbb904e056ad4d53ef55f24b7,3,94202924,0.5999786918430239,1741086644005122,Balanced Dollar,0.088298875,bnUSD,0,1,2025-03-04
cx66a031cc3bd305c76371fb586e93801b948254f0,cxa0af3165c08318e988cb30993b3048335b94af6c,cx21e94c08c03daee80c25d8ee3ea22a20786ec231,0x1158da298321bb9c6,0x18e494ba1bf3b3a8b7ed5043001c864bfee3aa6fbb904e056ad4d53ef55f24b7,2,94202924,19.999820294781646,1741086644005122,Avalanche,0.088298875,AVAX,0,1,2025-03-04
cx88fd7df7ddff82f7cc735c871dc519838cb235bb,cx21e94c08c03daee80c25d8ee3ea22a20786ec231,cxa0af3165c08318e988cb30993b3048335b94af6c,0x15aeeb00f04754cda0,0x18e494ba1bf3b3a8b7ed5043001c864bfee3aa6fbb904e056ad4d53ef55f24b7,1,94202924,399.98579456201594,1741086644005122,Balanced Dollar,0.088298875,bnUSD,0,1,2025-03-04
cx88fd7df7ddff82f7cc735c871dc519838cb235bb,hx2debd9ec927cca1639da8d3518dd9dbf1cdfb357,cx21e94c08c03daee80c25d8ee3ea22a20786ec231,0x15aeeb00f04754cda0,0x18e494ba1bf3b3a8b7ed5043001c864bfee3aa6fbb904e056ad4d53ef55f24b7,0,94202924,399.98579456201594,1741086644005122,Balanced Dollar,0.088298875,bnUSD,0,1,2025-03-04
cxf61cd5a45dc9f91c15aa65831a30a90d59a09619,cx9345f80d6c98357ccbb70392b14162199c2c5f66,cxd82fb5d3effecd8c9071a4bba3856ad7222c4b91,0xe74f228b1810d60,0x4ea4b903e654936138d3d0df16bdb29eb1ec30269f96301aa8ed23d4bfd4595a,4,94202894,1.0417236704200656,1741086584144675,Balance Token,0.13019605,BALN,0,1,2025-03-04
cx2609b924e33ef00b648a409245c7ea394c467824,cx9345f80d6c98357ccbb70392b14162199c2c5f66,cxd82fb5d3effecd8c9071a4bba3856ad7222c4b91,0xa194f32011a5ad6f,0x4ea4b903e654936138d3d0df16bdb29eb1ec30269f96301aa8ed23d4bfd4595a,3,94202894,11.643198255720149,1741086584144675,Staked ICX,0.13019605,sICX,0,1,2025-03-04
cx88fd7df7ddff82f7cc735c871dc519838cb235bb,hx0000000000000000000000000000000000000000,cx5faae53c4dbd1fbe4a2eb4aab6565030f10da5c6,0x0,0x4ea4b903e654936138d3d0df16bdb29eb1ec30269f96301aa8ed23d4bfd4595a,2,94202894,0.0,1741086584144675,Balanced Dollar,0.13019605,bnUSD,0,1,2025-03-04
cx88fd7df7ddff82f7cc735c871dc519838cb235bb,hx0000000000000000000000000000000000000000,cxd82fb5d3effecd8c9071a4bba3856ad7222c4b91,0x28d751d37165092f,0x4ea4b903e654936138d3d0df16bdb29eb1ec30269f96301aa8ed23d4bfd4595a,1,94202894,2.942910850092305,1741086584144675,Balanced Dollar,0.13019605,bnUSD,0,1,2025-03-04
cx88fd7df7ddff82f7cc735c871dc519838cb235bb,hxe1d11f9fb99f29c59b3237e6f0ed3ba4f34beac9,cxd82fb5d3effecd8c9071a4bba3856ad7222c4b91,0x7b94ea51bcda8002,0x4ea4b903e654936138d3d0df16bdb29eb1ec30269f96301aa8ed23d4bfd4595a,0,94202894,8.905,1741086584144675,Balanced Dollar,0.13019605,bnUSD,0,1,2025-03-04
cx88fd7df7ddff82f7cc735c871dc519838cb235bb,cx21e94c08c03daee80c25d8ee3ea22a20786ec231,hxe1d11f9fb99f29c59b3237e6f0ed3ba4f34beac9,0x30927f74c9de0001,0xb927b4d5025898cba581209e4da750f2110d8ff1c69d00ee02f406100f8df9c0,5,94202883,3.5,1741086561977194,Balanced Dollar,0.1103490875,bnUSD,0,1,2025-03-04
cx88fd7df7ddff82f7cc735c871dc519838cb235bb,cxa0af3165c08318e988cb30993b3048335b94af6c,cx5faae53c4dbd1fbe4a2eb4aab6565030f10da5c6,0x12b531fc244fdb,0xb927b4d5025898cba581209e4da750f2110d8ff1c69d00ee02f406100f8df9c0,3,94202883,0.005265775869054939,1741086561977194,Balanced Dollar,0.1103490875,bnUSD,0,1,2025-03-04
cx88fd7df7ddff82f7cc735c871dc519838cb235bb,cxa0af3165c08318e988cb30993b3048335b94af6c,cx21e94c08c03daee80c25d8ee3ea22a20786ec231,0x30927f74c9de0001,0xb927b4d5025898cba581209e4da750f2110d8ff1c69d00ee02f406100f8df9c0,2,94202883,3.5,1741086561977194,Balanced Dollar,0.1103490875,bnUSD,0,1,2025-03-04
cx2609b924e33ef00b648a409245c7ea394c467824,cx21e94c08c03daee80c25d8ee3ea22a20786ec231,cxa0af3165c08318e988cb30993b3048335b94af6c,0x158d32b8d64a633a4,0xb927b4d5025898cba581209e4da750f2110d8ff1c69d00ee02f406100f8df9c0,1,94202883,24.847251455412156,1741086561977194,Staked ICX,0.1103490875,sICX,0,1,2025-03-04
cx2609b924e33ef00b648a409245c7ea394c467824,hxe1d11f9fb99f29c59b3237e6f0ed3ba4f34beac9,cx21e94c08c03daee80c25d8ee3ea22a20786ec231,0x158d32b8d64a633a4,0xb927b4d5025898cba581209e4da750f2110d8ff1c69d00ee02f406100f8df9c0,0,94202883,24.847251455412156,1741086561977194,Staked ICX,0.1103490875,sICX,0,1,2025-03-04
cxf61cd5a45dc9f91c15aa65831a30a90d59a09619,cx10d59e8103ab44635190bd4139dbfd682fa2d07e,hxe1d11f9fb99f29c59b3237e6f0ed3ba4f34beac9,0x10fdceba2f5fc7df,0xa4c1f4453057d8cf0d197bf671344a018849d181dd211e5276aeded9ce232361,3,94202857,1.224361972768688,1741086510083530,Balance Token,0.0908891125,BALN,0,1,2025-03-04
cx2609b924e33ef00b648a409245c7ea394c467824,cx10d59e8103ab44635190bd4139dbfd682fa2d07e,hxe1d11f9fb99f29c59b3237e6f0ed3ba4f34beac9,0x2b95c3879bbaf3e1d,0xa4c1f4453057d8cf0d197bf671344a018849d181dd211e5276aeded9ce232361,1,94202857,50.250100837784174,1741086510083530,Staked ICX,0.0908891125,sICX,0,1,2025-03-04
cx88fd7df7ddff82f7cc735c871dc519838cb235bb,cxa0af3165c08318e988cb30993b3048335b94af6c,cx5faae53c4dbd1fbe4a2eb4aab6565030f10da5c6,0xe88a80b55ba000,0x1819b31fe93698a85f47986371464d249cfb2e58ee615b4e9c30593d2ceda488,2,94202775,0.06545448,1741086346156214,Balanced Dollar,0.0563614,bnUSD,0,1,2025-03-04
cx4297f4b63262507623b6ad575d0d8dd2db980e4e,cxa0af3165c08318e988cb30993b3048335b94af6c,hxd75467e3e4ce64e3424c747dfb71503017440433,0x37a19c01d292d93a,0x1819b31fe93698a85f47986371464d249cfb2e58ee615b4e9c30593d2ceda488,1,94202775,4.008656674978192,1741086346156214,Injective,0.0563614,INJ,0,1,2025-03-04
cx88fd7df7ddff82f7cc735c871dc519838cb235bb,hxd75467e3e4ce64e3424c747dfb71503017440433,cxa0af3165c08318e988cb30993b3048335b94af6c,0x25d9359d849460000,0x1819b31fe93698a85f47986371464d249cfb2e58ee615b4e9c30593d2ceda488,0,94202775,43.63632,1741086346156214,Balanced Dollar,0.0563614,bnUSD,0,1,2025-03-04
cxd17316e24ee40f2ef8ed6f3a497311db1b35206d,hx3c72c692480ee86cef5aa9dcf48fdb3d6dd05e14,hx0000000000000000000000000000000000000000,0x0,0x01fde7b018433d3baadf6a0ac01a8195a50ee0fa5a96ccc587a55902e7602113,16,94202738,0.0,1741086271874870,unknown_token,0.0750939125,$unknown,5,1,2025-03-04
cxd17316e24ee40f2ef8ed6f3a497311db1b35206d,hxbfc63154bd013b103e8073f6fd50b5bbdfc5246d,hx0000000000000000000000000000000000000000,0x0,0x01fde7b018433d3baadf6a0ac01a8195a50ee0fa5a96ccc587a55902e7602113,15,94202738,0.0,1741086271874870,unknown_token,0.0750939125,$unknown,34,1,2025-03-04
cxd17316e24ee40f2ef8ed6f3a497311db1b35206d,hx5f75e7ea5a055f6700716a2487b44261ed02dd72,hx0000000000000000000000000000000000000000,0x0,0x01fde7b018433d3baadf6a0ac01a8195a50ee0fa5a96ccc587a55902e7602113,14,94202738,0.0,1741086271874870,unknown_token,0.0750939125,$unknown,34,1,2025-03-04
cxd17316e24ee40f2ef8ed6f3a497311db1b35206d,hx9645117f1b0c7181a126c7f4f222caefc6ee7a61,hx0000000000000000000000000000000000000000,0x0,0x01fde7b018433d3baadf6a0ac01a8195a50ee0fa5a96ccc587a55902e7602113,13,94202738,0.0,1741086271874870,unknown_token,0.0750939125,$unknown,34,1,2025-03-04
cxd17316e24ee40f2ef8ed6f3a497311db1b35206d,hx95d23a20e152e1ac90e06cdf85fbd7d3dd6954b7,hx0000000000000000000000000000000000000000,0x0,0x01fde7b018433d3baadf6a0ac01a8195a50ee0fa5a96ccc587a55902e7602113,12,94202738,0.0,1741086271874870,unknown_token,0.0750939125,$unknown,34,1,2025-03-04
cx88fd7df7ddff82f7cc735c871dc519838cb235bb,cxa0af3165c08318e988cb30993b3048335b94af6c,cx5faae53c4dbd1fbe4a2eb4aab6565030f10da5c6,0xe88a80b55ba000,0x62a9282f138984aea519b6f274dbb27f9ee4162083189f3a4174ff717bd2cc66,2,94202722,0.06545448,1741086240086565,Balanced Dollar,0.0563614,bnUSD,0,1,2025-03-04
cx4297f4b63262507623b6ad575d0d8dd2db980e4e,cxa0af3165c08318e988cb30993b3048335b94af6c,hxd75467e3e4ce64e3424c747dfb71503017440433,0x37a85e57112d4472,0x62a9282f138984aea519b6f274dbb27f9ee4162083189f3a4174ff717bd2cc66,1,94202722,4.0105591962167715,1741086240086565,Injective,0.0563614,INJ,0,1,2025-03-04
cx88fd7df7ddff82f7cc735c871dc519838cb235bb,hxd75467e3e4ce64e3424c747dfb71503017440433,cxa0af3165c08318e988cb30993b3048335b94af6c,0x25d9359d849460000,0x62a9282f138984aea519b6f274dbb27f9ee4162083189f3a4174ff717bd2cc66,0,94202722,43.63632,1741086240086565,Balanced Dollar,0.0563614,bnUSD,0,1,2025-03-04
cx88fd7df7ddff82f7cc735c871dc519838cb235bb,hx81d4f834b91569b43cde903ec241eb1fce64a171,hx0000000000000000000000000000000000000000,0x9a4be67f49106c14eb,0xbd577a9854030238cfb52b94e07897441a7e80126c86090d3c34a277a71b4326,0,94202646,2846.267786100544,1741086087860518,Balanced Dollar,0.0609468,bnUSD,0,1,2025-03-04
cx88fd7df7ddff82f7cc735c871dc519838cb235bb,cxd82fb5d3effecd8c9071a4bba3856ad7222c4b91,hx81d4f834b91569b43cde903ec241eb1fce64a171,0x6c6b935b8bbd400000,0xd56847f8fce86625745950f8e7307d1605a0f0584438ead85e222660bf2b3315,0,94202639,2000.0,1741086073999915,Balanced Dollar,0.020694875,bnUSD,0,1,2025-03-04
cx88fd7df7ddff82f7cc735c871dc519838cb235bb,hx81d4f834b91569b43cde903ec241eb1fce64a171,hx0000000000000000000000000000000000000000,0x6cbbfc54f543772176,0x86c89f9aafc272e9d7a3d389f6b0098d365895739f4f2f1c2195922a6f43aada,0,94202616,2005.7941551522308,1741086027792797,Balanced Dollar,0.0609497,bnUSD,0,1,2025-03-04
cx88fd7df7ddff82f7cc735c871dc519838cb235bb,cxd82fb5d3effecd8c9071a4bba3856ad7222c4b91,hx81d4f834b91569b43cde903ec241eb1fce64a171,0x9a9d9fc2fd3ab28ed9,0x5a38323bb03e5e2c185ed177c5b2aa631cabe9a16a94a490300876116db59f3b,0,94202602,2852.15659852939,1741085999783772,Balanced Dollar,0.020728375,bnUSD,0,1,2025-03-04
cxd17316e24ee40f2ef8ed6f3a497311db1b35206d,hx8026678e3d08ba3203ce6161ee8e9e3b9793491f,hx8026678e3d08ba3203ce6161ee8e9e3b9793491f,0x0,0xa024a68d979cb19fefb3ea9c8cac524d1846570cb841253cb58fa9f64724b2d7,2,94202578,0.0,1741085951768255,unknown_token,0.0107544875,$unknown,5,1,2025-03-04
cx7baf94bd53b505353285ee4c4c050f9703581703,hx8026678e3d08ba3203ce6161ee8e9e3b9793491f,hx0000000000000000000000000000000000000000,0x0,0xa024a68d979cb19fefb3ea9c8cac524d1846570cb841253cb58fa9f64724b2d7,1,94202578,0.0,1741085951768255,unknown_token,0.0107544875,$unknown,5,1,2025-03-04
cxd17316e24ee40f2ef8ed6f3a497311db1b35206d,hx8026678e3d08ba3203ce6161ee8e9e3b9793491f,hx8026678e3d08ba3203ce6161ee8e9e3b9793491f,0x0,0xdd2f3ba89c250854540d1f2a72d9601643bbb99e5ae66ac5664ea6765624f30e,2,94202576,0.0,1741085947766669,unknown_token,0.0107544875,$unknown,5,1,2025-03-04
cx7baf94bd53b505353285ee4c4c050f9703581703,hx8026678e3d08ba3203ce6161ee8e9e3b9793491f,hx0000000000000000000000000000000000000000,0x0,0xdd2f3ba89c250854540d1f2a72d9601643bbb99e5ae66ac5664ea6765624f30e,1,94202576,0.0,1741085947766669,unknown_token,0.0107544875,$unknown,5,1,2025-03-04
cxd17316e24ee40f2ef8ed6f3a497311db1b35206d,hx8026678e3d08ba3203ce6161ee8e9e3b9793491f,hx8026678e3d08ba3203ce6161ee8e9e3b9793491f,0x0,0xba24a0c3461af80f037738c31607e259bbcdfe3eda22c03ed7a6b90264da2b60,2,94202575,0.0,1741085945964377,unknown_token,0.0107544875,$unknown,5,1,2025-03-04
cx7baf94bd53b505353285ee4c4c050f9703581703,hx8026678e3d08ba3203ce6161ee8e9e3b9793491f,hx0000000000000000000000000000000000000000,0x0,0xba24a0c3461af80f037738c31607e259bbcdfe3eda22c03ed7a6b90264da2b60,1,94202575,0.0,1741085945964377,unknown_token,0.0107544875,$unknown,5,1,2025-03-04
cxd17316e24ee40f2ef8ed6f3a497311db1b35206d,hx8026678e3d08ba3203ce6161ee8e9e3b9793491f,hx8026678e3d08ba3203ce6161ee8e9e3b9793491f,0x0,0x2117672801b0e5eba5bdbe4cc662e98013bf813add787245e036f6d9071692d1,2,94202573,0.0,1741085941764767,unknown_token,0.0107544875,$unknown,5,2,2025-03-04
cx7baf94bd53b505353285ee4c4c050f9703581703,hx8026678e3d08ba3203ce6161ee8e9e3b9793491f,hx0000000000000000000000000000000000000000,0x0,0x2117672801b0e5eba5bdbe4cc662e98013bf813add787245e036f6d9071692d1,1,94202573,0.0,1741085941764767,unknown_token,0.0107544875,$unknown,5,2,2025-03-04
cxd17316e24ee40f2ef8ed6f3a497311db1b35206d,hx8026678e3d08ba3203ce6161ee8e9e3b9793491f,hx8026678e3d08ba3203ce6161ee8e9e3b9793491f,0x0,0xfe62da14e7f9640d441046ab7e58bdd7d343608270730546ecc33edc79241c1a,2,94202571,0.0,1741085937813793,unknown_token,0.0107544875,$unknown,5,1,2025-03-04
cx7baf94bd53b505353285ee4c4c050f9703581703,hx8026678e3d08ba3203ce6161ee8e9e3b9793491f,hx0000000000000000000000000000000000000000,0x0,0xfe62da14e7f9640d441046ab7e58bdd7d343608270730546ecc33edc79241c1a,1,94202571,0.0,1741085937813793,unknown_token,0.0107544875,$unknown,3,1,2025-03-04
cxd17316e24ee40f2ef8ed6f3a497311db1b35206d,hx8026678e3d08ba3203ce6161ee8e9e3b9793491f,hx8026678e3d08ba3203ce6161ee8e9e3b9793491f,0x0,0xf3e24c78654ecaac3a1fc5ec0038af8cda61979f53a472217948d5858b8e5fe2,2,94202569,0.0,1741085933938868,unknown_token,0.0107544875,$unknown,5,1,2025-03-04
cx7baf94bd53b505353285ee4c4c050f9703581703,hx8026678e3d08ba3203ce6161ee8e9e3b9793491f,hx0000000000000000000000000000000000000000,0x0,0xf3e24c78654ecaac3a1fc5ec0038af8cda61979f53a472217948d5858b8e5fe2,1,94202569,0.0,1741085933938868,unknown_token,0.0107544875,$unknown,5,1,2025-03-04
cxd17316e24ee40f2ef8ed6f3a497311db1b35206d,hx8026678e3d08ba3203ce6161ee8e9e3b9793491f,hx8026678e3d08ba3203ce6161ee8e9e3b9793491f,0x0,0xfc1f7cf7f4fd0a80993735b8fb091bb080c962c1808c1cdb5dbe8b5e3588bf2d,2,94202568,0.0,1741085931762313,unknown_token,0.0107544875,$unknown,5,1,2025-03-04
cx7baf94bd53b505353285ee4c4c050f9703581703,hx8026678e3d08ba3203ce6161ee8e9e3b9793491f,hx0000000000000000000000000000000000000000,0x0,0xfc1f7cf7f4fd0a80993735b8fb091bb080c962c1808c1cdb5dbe8b5e3588bf2d,1,94202568,0.0,1741085931762313,unknown_token,0.0107544875,$unknown,5,1,2025-03-04
cxd17316e24ee40f2ef8ed6f3a497311db1b35206d,hx8026678e3d08ba3203ce6161ee8e9e3b9793491f,hx8026678e3d08ba3203ce6161ee8e9e3b9793491f,0x0,0x03a19d86a6f3f2b4e141428e4559719a8e0a1016db2f4df08b11214988fa4882,2,94202566,0.0,1741085927761328,unknown_token,0.0107544875,$unknown,5,1,2025-03-04
cx7baf94bd53b505353285ee4c4c050f9703581703,hx8026678e3d08ba3203ce6161ee8e9e3b9793491f,hx0000000000000000000000000000000000000000,0x0,0x03a19d86a6f3f2b4e141428e4559719a8e0a1016db2f4df08b11214988fa4882,1,94202566,0.0,1741085927761328,unknown_token,0.0107544875,$unknown,5,1,2025-03-04
cxd17316e24ee40f2ef8ed6f3a497311db1b35206d,hx8026678e3d08ba3203ce6161ee8e9e3b9793491f,hx8026678e3d08ba3203ce6161ee8e9e3b9793491f,0x0,0x6fa27bd5ccbf35a90879415bafc44bc8d0a46d1b8ae7b1e68dd8aad5b3ae575c,2,94202564,0.0,1741085923962741,unknown_token,0.0107544875,$unknown,5,3,2025-03-04
cx7baf94bd53b505353285ee4c4c050f9703581703,hx8026678e3d08ba3203ce6161ee8e9e3b9793491f,hx0000000000000000000000000000000000000000,0x0,0x6fa27bd5ccbf35a90879415bafc44bc8d0a46d1b8ae7b1e68dd8aad5b3ae575c,1,94202564,0.0,1741085923962741,unknown_token,0.0107544875,$unknown,3,3,2025-03-04
cxd17316e24ee40f2ef8ed6f3a497311db1b35206d,hx8026678e3d08ba3203ce6161ee8e9e3b9793491f,hx8026678e3d08ba3203ce6161ee8e9e3b9793491f,0x0,0x396c36ddaea852b700ce2448292a74bba3bc02b8bf741915cec6870e7f89eb7f,2,94202563,0.0,1741085921759746,unknown_token,0.0107544875,$unknown,5,1,2025-03-04
cx7baf94bd53b505353285ee4c4c050f9703581703,hx8026678e3d08ba3203ce6161ee8e9e3b9793491f,hx0000000000000000000000000000000000000000,0x0,0x396c36ddaea852b700ce2448292a74bba3bc02b8bf741915cec6870e7f89eb7f,1,94202563,0.0,1741085921759746,unknown_token,0.0107544875,$unknown,3,1,2025-03-04
cxd17316e24ee40f2ef8ed6f3a497311db1b35206d,hx8026678e3d08ba3203ce6161ee8e9e3b9793491f,hx8026678e3d08ba3203ce6161ee8e9e3b9793491f,0x0,0xfeece71c728489a15f2aacf2373f572109dcbbb5048688397dfc5aac47fdea82,2,94202538,0.0,1741085871743686,unknown_token,0.01074535,$unknown,6,1,2025-03-04
cx7baf94bd53b505353285ee4c4c050f9703581703,hx8026678e3d08ba3203ce6161ee8e9e3b9793491f,hx0000000000000000000000000000000000000000,0x0,0xfeece71c728489a15f2aacf2373f572109dcbbb5048688397dfc5aac47fdea82,0,94202538,0.0,1741085871743686,unknown_token,0.01074535,$unknown,9,1,2025-03-04
cxd17316e24ee40f2ef8ed6f3a497311db1b35206d,hx8026678e3d08ba3203ce6161ee8e9e3b9793491f,hx8026678e3d08ba3203ce6161ee8e9e3b9793491f,0x0,0xddfa1bc49ea5d07894c42c2e43282ff6e41bffc2abd0f5c4cbb4172576bee7d7,2,94202537,0.0,1741085869880404,unknown_token,0.01074535,$unknown,6,1,2025-03-04
cx7baf94bd53b505353285ee4c4c050f9703581703,hx8026678e3d08ba3203ce6161ee8e9e3b9793491f,hx0000000000000000000000000000000000000000,0x0,0xddfa1bc49ea5d07894c42c2e43282ff6e41bffc2abd0f5c4cbb4172576bee7d7,0,94202537,0.0,1741085869880404,unknown_token,0.01074535,$unknown,1,1,2025-03-04
cxd17316e24ee40f2ef8ed6f3a497311db1b35206d,hx8026678e3d08ba3203ce6161ee8e9e3b9793491f,hx8026678e3d08ba3203ce6161ee8e9e3b9793491f,0x0,0x8ee1423a07881031861d090797a4ef85ceb152b4e66f03076e5d68bbf8798361,2,94202535,0.0,1741085865750784,unknown_token,0.01074535,$unknown,6,1,2025-03-04
cx7baf94bd53b505353285ee4c4c050f9703581703,hx8026678e3d08ba3203ce6161ee8e9e3b9793491f,hx0000000000000000000000000000000000000000,0x0,0x8ee1423a07881031861d090797a4ef85ceb152b4e66f03076e5d68bbf8798361,0,94202535,0.0,1741085865750784,unknown_token,0.01074535,$unknown,9,1,2025-03-04
cxd17316e24ee40f2ef8ed6f3a497311db1b35206d,hx8026678e3d08ba3203ce6161ee8e9e3b9793491f,hx8026678e3d08ba3203ce6161ee8e9e3b9793491f,0x0,0x3472d0227b47ec23c446a23f076f8fc569224aa955264ca179e9708255d2f5df,2,94202534,0.0,1741085863740941,unknown_token,0.01074535,$unknown,6,1,2025-03-04
cx7baf94bd53b505353285ee4c4c050f9703581703,hx8026678e3d08ba3203ce6161ee8e9e3b9793491f,hx0000000000000000000000000000000000000000,0x0,0x3472d0227b47ec23c446a23f076f8fc569224aa955264ca179e9708255d2f5df,0,94202534,0.0,1741085863740941,unknown_token,0.01074535,$unknown,1,1,2025-03-04
cxd17316e24ee40f2ef8ed6f3a497311db1b35206d,hx8026678e3d08ba3203ce6161ee8e9e3b9793491f,hx8026678e3d08ba3203ce6161ee8e9e3b9793491f,0x0,0x9636ae138515bef60b04a10fa9c970e6df0ab2660806e57e4695ee01c29c6b61,2,94202532,0.0,1741085859877239,unknown_token,0.01074535,$unknown,6,1,2025-03-04
cx7baf94bd53b505353285ee4c4c050f9703581703,hx8026678e3d08ba3203ce6161ee8e9e3b9793491f,hx0000000000000000000000000000000000000000,0x0,0x9636ae138515bef60b04a10fa9c970e6df0ab2660806e57e4695ee01c29c6b61,0,94202532,0.0,1741085859877239,unknown_token,0.01074535,$unknown,9,1,2025-03-04
cx88fd7df7ddff82f7cc735c871dc519838cb235bb,cxa0af3165c08318e988cb30993b3048335b94af6c,hx4dc7903504bb800a462378348a42f53742759e0b,0x301cdfa2d33c7d1,0x4c0c175cf54c9dd293b575caa884782688c84371d6fceea26298eab0df432c6a,3,94202531,0.21668073147438074,1741085857740572,Balanced Dollar,0.0347563375,bnUSD,0,3,2025-03-04
cx288d13e1b63563459a2ac6179f237711f6851cb5,hx4dc7903504bb800a462378348a42f53742759e0b,cxa0af3165c08318e988cb30993b3048335b94af6c,0x79e1f65705b210,0xd36f92d45f3938dc5b94a6a103f6c3907aff5c0e93d0ebb69dd806c694bb867a,0,94202531,0.03430692032018485,1741085857740572,Ethereum,0.0216352,ETH,0,2,2025-03-04
cx88fd7df7ddff82f7cc735c871dc519838cb235bb,hx4dc7903504bb800a462378348a42f53742759e0b,cxa0af3165c08318e988cb30993b3048335b94af6c,0x3e876d5a6b8ed0000,0x39a71707f6b42edc09667fcf780f3c3d1036d45f779998749f6ccadee787b58e,0,94202531,72.09104299722362,1741085857740572,Balanced Dollar,0.02221895,bnUSD,0,1,2025-03-04
cx288d13e1b63563459a2ac6179f237711f6851cb5,cx21e94c08c03daee80c25d8ee3ea22a20786ec231,hx4dc7903504bb800a462378348a42f53742759e0b,0x79f1902b9b2afe,0xc203daaac3f1cac40a0a6f3958428d170ee7159f9dd9677f8f999baa690d93fd,13,94202529,0.03432407369116339,1741085853744305,Ethereum,0.232705425,ETH,0,2,2025-03-04
cx88fd7df7ddff82f7cc735c871dc519838cb235bb,cxa0af3165c08318e988cb30993b3048335b94af6c,cx5faae53c4dbd1fbe4a2eb4aab6565030f10da5c6,0x1804e45a57fb7e1,0xc203daaac3f1cac40a0a6f3958428d170ee7159f9dd9677f8f999baa690d93fd,11,94202529,0.10817245209321263,1741085853744305,Balanced Dollar,0.232705425,bnUSD,0,2,2025-03-04
cx288d13e1b63563459a2ac6179f237711f6851cb5,cxa0af3165c08318e988cb30993b3048335b94af6c,cx21e94c08c03daee80c25d8ee3ea22a20786ec231,0x79f1902b9b2afe,0xc203daaac3f1cac40a0a6f3958428d170ee7159f9dd9677f8f999baa690d93fd,10,94202529,0.03432407369116339,1741085853744305,Ethereum,0.232705425,ETH,0,2,2025-03-04
cx88fd7df7ddff82f7cc735c871dc519838cb235bb,cx21e94c08c03daee80c25d8ee3ea22a20786ec231,cxa0af3165c08318e988cb30993b3048335b94af6c,0x3e8cbd55efc998519,0xc203daaac3f1cac40a0a6f3958428d170ee7159f9dd9677f8f999baa690d93fd,9,94202529,72.11496806214176,1741085853744305,Balanced Dollar,0.232705425,bnUSD,0,2,2025-03-04
cx88fd7df7ddff82f7cc735c871dc519838cb235bb,cxa0af3165c08318e988cb30993b3048335b94af6c,cx5faae53c4dbd1fbe4a2eb4aab6565030f10da5c6,0x1816dff4fd38058,0xc203daaac3f1cac40a0a6f3958428d170ee7159f9dd9677f8f999baa690d93fd,7,94202529,0.10848880935695164,1741085853744305,Balanced Dollar,0.232705425,bnUSD,0,2,2025-03-04
cx88fd7df7ddff82f7cc735c871dc519838cb235bb,cxa0af3165c08318e988cb30993b3048335b94af6c,cx21e94c08c03daee80c25d8ee3ea22a20786ec231,0x3e8cbd55efc998519,0xc203daaac3f1cac40a0a6f3958428d170ee7159f9dd9677f8f999baa690d93fd,6,94202529,72.11496806214176,1741085853744305,Balanced Dollar,0.232705425,bnUSD,0,2,2025-03-04
cx2609b924e33ef00b648a409245c7ea394c467824,cx21e94c08c03daee80c25d8ee3ea22a20786ec231,cxa0af3165c08318e988cb30993b3048335b94af6c,0x1bc03d373eeb0c2059,0xc203daaac3f1cac40a0a6f3958428d170ee7159f9dd9677f8f999baa690d93fd,5,94202529,511.91437876239036,1741085853744305,Staked ICX,0.232705425,sICX,0,2,2025-03-04
cx2609b924e33ef00b648a409245c7ea394c467824,hx0000000000000000000000000000000000000000,cx21e94c08c03daee80c25d8ee3ea22a20786ec231,0x1bc03d373eeb0c2059,0xc203daaac3f1cac40a0a6f3958428d170ee7159f9dd9677f8f999baa690d93fd,3,94202529,511.91437876239036,1741085853744305,Staked ICX,0.232705425,sICX,0,2,2025-03-04
cx88fd7df7ddff82f7cc735c871dc519838cb235bb,cx21e94c08c03daee80c25d8ee3ea22a20786ec231,hx4dc7903504bb800a462378348a42f53742759e0b,0x3e8f6f5430dc88781,0xd28a103b12a74967ffad057879a7256a52164783842185e85bcb9f5835f8702b,9,94202529,72.12710655054161,1741085853744305,Balanced Dollar,0.175096875,bnUSD,0,1,2025-03-04
cx88fd7df7ddff82f7cc735c871dc519838cb235bb,cxa0af3165c08318e988cb30993b3048335b94af6c,cx5faae53c4dbd1fbe4a2eb4aab6565030f10da5c6,0x1817e9ad9514b34,0xd28a103b12a74967ffad057879a7256a52164783842185e85bcb9f5835f8702b,7,94202529,0.10850706956964946,1741085853744305,Balanced Dollar,0.175096875,bnUSD,0,1,2025-03-04
cx88fd7df7ddff82f7cc735c871dc519838cb235bb,cxa0af3165c08318e988cb30993b3048335b94af6c,cx21e94c08c03daee80c25d8ee3ea22a20786ec231,0x3e8f6f5430dc88781,0xd28a103b12a74967ffad057879a7256a52164783842185e85bcb9f5835f8702b,6,94202529,72.12710655054161,1741085853744305,Balanced Dollar,0.175096875,bnUSD,0,1,2025-03-04
cx2609b924e33ef00b648a409245c7ea394c467824,cx21e94c08c03daee80c25d8ee3ea22a20786ec231,cxa0af3165c08318e988cb30993b3048335b94af6c,0x1bc03d373eeb0c2059,0xd28a103b12a74967ffad057879a7256a52164783842185e85bcb9f5835f8702b,5,94202529,511.91437876239036,1741085853744305,Staked ICX,0.175096875,sICX,0,1,2025-03-04
cx2609b924e33ef00b648a409245c7ea394c467824,hx0000000000000000000000000000000000000000,cx21e94c08c03daee80c25d8ee3ea22a20786ec231,0x1bc03d373eeb0c2059,0xd28a103b12a74967ffad057879a7256a52164783842185e85bcb9f5835f8702b,3,94202529,511.91437876239036,1741085853744305,Staked ICX,0.175096875,sICX,0,1,2025-03-04
cxd17316e24ee40f2ef8ed6f3a497311db1b35206d,hx8026678e3d08ba3203ce6161ee8e9e3b9793491f,hx8026678e3d08ba3203ce6161ee8e9e3b9793491f,0x0,0x186c8140e9bf0c9e96bd1d9ae5e7c6617487fbbb36985d242c32f993c8397f18,2,94202514,0.0,1741085823938071,unknown_token,0.01074535,$unknown,6,1,2025-03-04
cx7baf94bd53b505353285ee4c4c050f9703581703,hx8026678e3d08ba3203ce6161ee8e9e3b9793491f,hx0000000000000000000000000000000000000000,0x0,0x186c8140e9bf0c9e96bd1d9ae5e7c6617487fbbb36985d242c32f993c8397f18,0,94202514,0.0,1741085823938071,unknown_token,0.01074535,$unknown,1,1,2025-03-04
cxd17316e24ee40f2ef8ed6f3a497311db1b35206d,hx8026678e3d08ba3203ce6161ee8e9e3b9793491f,hx8026678e3d08ba3203ce6161ee8e9e3b9793491f,0x0,0xf28e9e98a7a67ffe02b61848e2367020ec14def41a8847aa80e2912ce380e9e3,2,94202513,0.0,1741085821726950,unknown_token,0.01074535,$unknown,6,1,2025-03-04
cx7baf94bd53b505353285ee4c4c050f9703581703,hx8026678e3d08ba3203ce6161ee8e9e3b9793491f,hx0000000000000000000000000000000000000000,0x0,0xf28e9e98a7a67ffe02b61848e2367020ec14def41a8847aa80e2912ce380e9e3,0,94202513,0.0,1741085821726950,unknown_token,0.01074535,$unknown,1,1,2025-03-04
cxd17316e24ee40f2ef8ed6f3a497311db1b35206d,hx8026678e3d08ba3203ce6161ee8e9e3b9793491f,hx8026678e3d08ba3203ce6161ee8e9e3b9793491f,0x0,0x73b8a706fbd8480bcc4b48e3c0c190d90fa68f2edf5c29354f7e33d56ec6cb3e,2,94202511,0.0,1741085817819930,unknown_token,0.01074535,$unknown,6,1,2025-03-04
cx7baf94bd53b505353285ee4c4c050f9703581703,hx8026678e3d08ba3203ce6161ee8e9e3b9793491f,hx0000000000000000000000000000000000000000,0x0,0x73b8a706fbd8480bcc4b48e3c0c190d90fa68f2edf5c29354f7e33d56ec6cb3e,0,94202511,0.0,1741085817819930,unknown_token,0.01074535,$unknown,1,1,2025-03-04
cxd17316e24ee40f2ef8ed6f3a497311db1b35206d,hx8026678e3d08ba3203ce6161ee8e9e3b9793491f,hx8026678e3d08ba3203ce6161ee8e9e3b9793491f,0x0,0xae194c9d1b698b8e654a2d98117394c49a980fbb23dd589167aa187da646ce4a,2,94202509,0.0,1741085813724918,unknown_token,0.01074535,$unknown,6,1,2025-03-04
cx7baf94bd53b505353285ee4c4c050f9703581703,hx8026678e3d08ba3203ce6161ee8e9e3b9793491f,hx0000000000000000000000000000000000000000,0x0,0xae194c9d1b698b8e654a2d98117394c49a980fbb23dd589167aa187da646ce4a,0,94202509,0.0,1741085813724918,unknown_token,0.01074535,$unknown,1,1,2025-03-04
cxd17316e24ee40f2ef8ed6f3a497311db1b35206d,hx8026678e3d08ba3203ce6161ee8e9e3b9793491f,hx8026678e3d08ba3203ce6161ee8e9e3b9793491f,0x0,0xa2895c60d82229f35838cb7f02870ef8804dc1ef2b5234ef972817492340fe86,2,94202508,0.0,1741085811724844,unknown_token,0.01074535,$unknown,6,1,2025-03-04
cx7baf94bd53b505353285ee4c4c050f9703581703,hx8026678e3d08ba3203ce6161ee8e9e3b9793491f,hx0000000000000000000000000000000000000000,0x0,0xa2895c60d82229f35838cb7f02870ef8804dc1ef2b5234ef972817492340fe86,0,94202508,0.0,1741085811724844,unknown_token,0.01074535,$unknown,9,1,2025-03-04
cx2609b924e33ef00b648a409245c7ea394c467824,cx43e2eec79eb76293c298f2b17aec06097be606e0,hx0000000000000000000000000000000000000000,0xd29673b754cf9adcbe,0xf300849d7a26110b51926141137a3cc5eb953078e3d49dccbfa7c3b99147ef3f,5,94202499,3884.657465781905,1741085793720908,Staked ICX,0.181827175,sICX,0,2,2025-03-04
cx2609b924e33ef00b648a409245c7ea394c467824,cxdc30a0d3a1f131565c071272a20bc0b06fd4c17b,cx43e2eec79eb76293c298f2b17aec06097be606e0,0xd29673b754cf9adcbe,0xf300849d7a26110b51926141137a3cc5eb953078e3d49dccbfa7c3b99147ef3f,4,94202499,3884.657465781905,1741085793720908,Staked ICX,0.181827175,sICX,0,2,2025-03-04
cx88fd7df7ddff82f7cc735c871dc519838cb235bb,cxa0af3165c08318e988cb30993b3048335b94af6c,cx5faae53c4dbd1fbe4a2eb4aab6565030f10da5c6,0xb48aa5632035847,0xf300849d7a26110b51926141137a3cc5eb953078e3d49dccbfa7c3b99147ef3f,2,94202499,0.813087019923364,1741085793720908,Balanced Dollar,0.181827175,bnUSD,0,2,2025-03-04
cx2609b924e33ef00b648a409245c7ea394c467824,cxa0af3165c08318e988cb30993b3048335b94af6c,cxdc30a0d3a1f131565c071272a20bc0b06fd4c17b,0xcf6bbdabc71b09e5a3,0xf300849d7a26110b51926141137a3cc5eb953078e3d49dccbfa7c3b99147ef3f,1,94202499,3826.239573462174,1741085793720908,Staked ICX,0.181827175,sICX,0,2,2025-03-04
cx88fd7df7ddff82f7cc735c871dc519838cb235bb,cxdc30a0d3a1f131565c071272a20bc0b06fd4c17b,cxa0af3165c08318e988cb30993b3048335b94af6c,0x1d6290eb223e0b3a85,0xf300849d7a26110b51926141137a3cc5eb953078e3d49dccbfa7c3b99147ef3f,0,94202499,542.0580132822427,1741085793720908,Balanced Dollar,0.181827175,bnUSD,0,2,2025-03-04
cx2609b924e33ef00b648a409245c7ea394c467824,cx9345f80d6c98357ccbb70392b14162199c2c5f66,cxd82fb5d3effecd8c9071a4bba3856ad7222c4b91,0x5cdbebd1e19f19f5,0x5c042653b6e9126e4d562382bd6389a9de3485783576227072599175272f0bab,6,94202499,6.6912009580549965,1741085793720908,Staked ICX,0.1100123125,sICX,0,1,2025-03-04
cx2609b924e33ef00b648a409245c7ea394c467824,hx0000000000000000000000000000000000000000,cx9345f80d6c98357ccbb70392b14162199c2c5f66,0x4d555d873d03953ee4,0x5c042653b6e9126e4d562382bd6389a9de3485783576227072599175272f0bab,5,94202499,1426.5505150378162,1741085793720908,Staked ICX,0.1100123125,sICX,0,1,2025-03-04
cx88fd7df7ddff82f7cc735c871dc519838cb235bb,cxa0af3165c08318e988cb30993b3048335b94af6c,cx5faae53c4dbd1fbe4a2eb4aab6565030f10da5c6,0xe853fcd6f33800,0x34c7ebb314fd7b0e75d4494273af353c4596be537fa689a94b583704579561da,2,94202497,0.06539454,1741085789918092,Balanced Dollar,0.0563614,bnUSD,0,1,2025-03-04
cx4297f4b63262507623b6ad575d0d8dd2db980e4e,cxa0af3165c08318e988cb30993b3048335b94af6c,hxd75467e3e4ce64e3424c747dfb71503017440433,0x37a2133ff8ae70dc,0x34c7ebb314fd7b0e75d4494273af353c4596be537fa689a94b583704579561da,1,94202497,4.008787783789212,1741085789918092,Injective,0.0563614,INJ,0,1,2025-03-04
cx88fd7df7ddff82f7cc735c871dc519838cb235bb,hxd75467e3e4ce64e3424c747dfb71503017440433,cxa0af3165c08318e988cb30993b3048335b94af6c,0x25d05626fc40c8000,0x34c7ebb314fd7b0e75d4494273af353c4596be537fa689a94b583704579561da,0,94202497,43.59636,1741085789918092,Balanced Dollar,0.0563614,bnUSD,0,1,2025-03-04
cx88fd7df7ddff82f7cc735c871dc519838cb235bb,cxa0af3165c08318e988cb30993b3048335b94af6c,cx5faae53c4dbd1fbe4a2eb4aab6565030f10da5c6,0xe8c10493c40800,0x63776a5bc5979477fd7c4e8b343decb1546860d1b8b0b2d98d2f3925340df640,2,94202484,0.06551442,1741085763709260,Balanced Dollar,0.0563614,bnUSD,0,1,2025-03-04
cx4297f4b63262507623b6ad575d0d8dd2db980e4e,cxa0af3165c08318e988cb30993b3048335b94af6c,hxd75467e3e4ce64e3424c747dfb71503017440433,0x37c2f55c356481ee,0x63776a5bc5979477fd7c4e8b343decb1546860d1b8b0b2d98d2f3925340df640,1,94202484,4.018043593949479,1741085763709260,Injective,0.0563614,INJ,0,1,2025-03-04
cx88fd7df7ddff82f7cc735c871dc519838cb235bb,hxd75467e3e4ce64e3424c747dfb71503017440433,cxa0af3165c08318e988cb30993b3048335b94af6c,0x25e215140ce7f8000,0x63776a5bc5979477fd7c4e8b343decb1546860d1b8b0b2d98d2f3925340df640,0,94202484,43.67628,1741085763709260,Balanced Dollar,0.0563614,bnUSD,0,1,2025-03-04
cx88fd7df7ddff82f7cc735c871dc519838cb235bb,cxa0af3165c08318e988cb30993b3048335b94af6c,cx5faae53c4dbd1fbe4a2eb4aab6565030f10da5c6,0xe88a80b55ba000,0x05dce107b13003b6edbe4a05c9d0b535ede7f8adc642abb5eee64c26f808e60d,2,94202474,0.06545448,1741085743703979,Balanced Dollar,0.0563614,bnUSD,0,1,2025-03-04
cx4297f4b63262507623b6ad575d0d8dd2db980e4e,cxa0af3165c08318e988cb30993b3048335b94af6c,hxd75467e3e4ce64e3424c747dfb71503017440433,0x37bcacbd04a322b4,0x05dce107b13003b6edbe4a05c9d0b535ede7f8adc642abb5eee64c26f808e60d,1,94202474,4.016274895534236,1741085743703979,Injective,0.0563614,INJ,0,1,2025-03-04
cx88fd7df7ddff82f7cc735c871dc519838cb235bb,hxd75467e3e4ce64e3424c747dfb71503017440433,cxa0af3165c08318e988cb30993b3048335b94af6c,0x25d9359d849460000,0x05dce107b13003b6edbe4a05c9d0b535ede7f8adc642abb5eee64c26f808e60d,0,94202474,43.63632,1741085743703979,Balanced Dollar,0.0563614,bnUSD,0,1,2025-03-04
cxd17316e24ee40f2ef8ed6f3a497311db1b35206d,hx8026678e3d08ba3203ce6161ee8e9e3b9793491f,hx8026678e3d08ba3203ce6161ee8e9e3b9793491f,0x0,0x1d63a2eb78a2b30dd2e503726fc6acc71ce85e615c04da3c1c9fa45eef0d537d,2,94202473,0.0,1741085741702872,unknown_token,0.0107544875,$unknown,5,1,2025-03-04
cx7baf94bd53b505353285ee4c4c050f9703581703,hx8026678e3d08ba3203ce6161ee8e9e3b9793491f,hx0000000000000000000000000000000000000000,0x0,0x1d63a2eb78a2b30dd2e503726fc6acc71ce85e615c04da3c1c9fa45eef0d537d,1,94202473,0.0,1741085741702872,unknown_token,0.0107544875,$unknown,5,1,2025-03-04
cxd17316e24ee40f2ef8ed6f3a497311db1b35206d,hx8026678e3d08ba3203ce6161ee8e9e3b9793491f,hx8026678e3d08ba3203ce6161ee8e9e3b9793491f,0x0,0xbefde6a6cfc073a86e2e96484644ef6862004cda1231a06a2a6639879d92f4b8,2,94202471,0.0,1741085737749794,unknown_token,0.0107544875,$unknown,5,1,2025-03-04
cx7baf94bd53b505353285ee4c4c050f9703581703,hx8026678e3d08ba3203ce6161ee8e9e3b9793491f,hx0000000000000000000000000000000000000000,0x0,0xbefde6a6cfc073a86e2e96484644ef6862004cda1231a06a2a6639879d92f4b8,1,94202471,0.0,1741085737749794,unknown_token,0.0107544875,$unknown,5,1,2025-03-04
cxd17316e24ee40f2ef8ed6f3a497311db1b35206d,hx8026678e3d08ba3203ce6161ee8e9e3b9793491f,hx8026678e3d08ba3203ce6161ee8e9e3b9793491f,0x0,0xb981648dbac02e7f0d796a6be5de090890c21a652acb5fbab8705e2e76eb4b88,2,94202469,0.0,1741085733868290,unknown_token,0.0107544875,$unknown,5,1,2025-03-04
cx7baf94bd53b505353285ee4c4c050f9703581703,hx8026678e3d08ba3203ce6161ee8e9e3b9793491f,hx0000000000000000000000000000000000000000,0x0,0xb981648dbac02e7f0d796a6be5de090890c21a652acb5fbab8705e2e76eb4b88,1,94202469,0.0,1741085733868290,unknown_token,0.0107544875,$unknown,3,1,2025-03-04
cx518f64edcd35db9044a2de63fdc10abfd5f7d611,cx21e94c08c03daee80c25d8ee3ea22a20786ec231,hxd75467e3e4ce64e3424c747dfb71503017440433,0xef8da2ab,0x07bf59136691d5b92613a3a2176e53bb6025186da7a41b48e403fc66b81cbc4b,16,94202468,401.9036843,1741085731700524,Stellar,0.3682933,XLM,0,1,2025-03-04
cx2609b924e33ef00b648a409245c7ea394c467824,cx203d9cd2a669be67177e997b8948ce2c35caffae,cx835b300dcfe01f0bdb794e134a0c5628384f4367,0xf3404701c4f24fa,0x07bf59136691d5b92613a3a2176e53bb6025186da7a41b48e403fc66b81cbc4b,13,94202468,1.0955054889156703,1741085731700524,Staked ICX,0.3682933,sICX,0,1,2025-03-04
cx2609b924e33ef00b648a409245c7ea394c467824,cx5faae53c4dbd1fbe4a2eb4aab6565030f10da5c6,cx203d9cd2a669be67177e997b8948ce2c35caffae,0x15b8065703dec71c,0x07bf59136691d5b92613a3a2176e53bb6025186da7a41b48e403fc66b81cbc4b,10,94202468,1.5650078413081003,1741085731700524,Staked ICX,0.3682933,sICX,0,1,2025-03-04
cx2609b924e33ef00b648a409245c7ea394c467824,cx5faae53c4dbd1fbe4a2eb4aab6565030f10da5c6,cxdc30a0d3a1f131565c071272a20bc0b06fd4c17b,0x15b8065703dec71c,0x07bf59136691d5b92613a3a2176e53bb6025186da7a41b48e403fc66b81cbc4b,8,94202468,1.5650078413081003,1741085731700524,Staked ICX,0.3682933,sICX,0,1,2025-03-04
cx2609b924e33ef00b648a409245c7ea394c467824,cxa0af3165c08318e988cb30993b3048335b94af6c,cx5faae53c4dbd1fbe4a2eb4aab6565030f10da5c6,0x110777e5d15b2690,0x07bf59136691d5b92613a3a2176e53bb6025186da7a41b48e403fc66b81cbc4b,7,94202468,1.2270812524253774,1741085731700524,Staked ICX,0.3682933,sICX,0,1,2025-03-04
cx518f64edcd35db9044a2de63fdc10abfd5f7d611,cxa0af3165c08318e988cb30993b3048335b94af6c,cx21e94c08c03daee80c25d8ee3ea22a20786ec231,0xef8da2ab,0x07bf59136691d5b92613a3a2176e53bb6025186da7a41b48e403fc66b81cbc4b,6,94202468,401.9036843,1741085731700524,Stellar,0.3682933,XLM,0,1,2025-03-04
cx2609b924e33ef00b648a409245c7ea394c467824,cx21e94c08c03daee80c25d8ee3ea22a20786ec231,cxa0af3165c08318e988cb30993b3048335b94af6c,0x2c58c83bd132b46c82,0x07bf59136691d5b92613a3a2176e53bb6025186da7a41b48e403fc66b81cbc4b,5,94202468,818.054168283585,1741085731700524,Staked ICX,0.3682933,sICX,0,1,2025-03-04
cx88fd7df7ddff82f7cc735c871dc519838cb235bb,cxa0af3165c08318e988cb30993b3048335b94af6c,cx5faae53c4dbd1fbe4a2eb4aab6565030f10da5c6,0x26920cbb9e95000,0x07bf59136691d5b92613a3a2176e53bb6025186da7a41b48e403fc66b81cbc4b,3,94202468,0.17370612,1741085731700524,Balanced Dollar,0.3682933,bnUSD,0,1,2025-03-04
cx2609b924e33ef00b648a409245c7ea394c467824,cxa0af3165c08318e988cb30993b3048335b94af6c,cx21e94c08c03daee80c25d8ee3ea22a20786ec231,0x2c58c83bd132b46c82,0x07bf59136691d5b92613a3a2176e53bb6025186da7a41b48e403fc66b81cbc4b,2,94202468,818.054168283585,1741085731700524,Staked ICX,0.3682933,sICX,0,1,2025-03-04
cx88fd7df7ddff82f7cc735c871dc519838cb235bb,cx21e94c08c03daee80c25d8ee3ea22a20786ec231,cxa0af3165c08318e988cb30993b3048335b94af6c,0x6471abd3424eb0000,0x07bf59136691d5b92613a3a2176e53bb6025186da7a41b48e403fc66b81cbc4b,1,94202468,115.80408,1741085731700524,Balanced Dollar,0.3682933,bnUSD,0,1,2025-03-04
cx88fd7df7ddff82f7cc735c871dc519838cb235bb,hxd75467e3e4ce64e3424c747dfb71503017440433,cx21e94c08c03daee80c25d8ee3ea22a20786ec231,0x6471abd3424eb0000,0x07bf59136691d5b92613a3a2176e53bb6025186da7a41b48e403fc66b81cbc4b,0,94202468,115.80408,1741085731700524,Balanced Dollar,0.3682933,bnUSD,0,1,2025-03-04
cx88fd7df7ddff82f7cc735c871dc519838cb235bb,cxa0af3165c08318e988cb30993b3048335b94af6c,cx5faae53c4dbd1fbe4a2eb4aab6565030f10da5c6,0xe8c10493c40800,0xb33bba4d69353c2e060677c99c61cf10f93ca270857fa7ae85a863fe267d748a,2,94202463,0.06551442,1741085721697116,Balanced Dollar,0.0563614,bnUSD,0,1,2025-03-04
cx4297f4b63262507623b6ad575d0d8dd2db980e4e,cxa0af3165c08318e988cb30993b3048335b94af6c,hxd75467e3e4ce64e3424c747dfb71503017440433,0x37d0876e440bf54e,0xb33bba4d69353c2e060677c99c61cf10f93ca270857fa7ae85a863fe267d748a,1,94202463,4.02186337489964,1741085721697116,Injective,0.0563614,INJ,0,1,2025-03-04
cx88fd7df7ddff82f7cc735c871dc519838cb235bb,hxd75467e3e4ce64e3424c747dfb71503017440433,cxa0af3165c08318e988cb30993b3048335b94af6c,0x25e215140ce7f8000,0xb33bba4d69353c2e060677c99c61cf10f93ca270857fa7ae85a863fe267d748a,0,94202463,43.67628,1741085721697116,Balanced Dollar,0.0563614,bnUSD,0,1,2025-03-04
cx2609b924e33ef00b648a409245c7ea394c467824,cx21e94c08c03daee80c25d8ee3ea22a20786ec231,hx2debd9ec927cca1639da8d3518dd9dbf1cdfb357,0x6c6b536e059f41e9f7,0xaa5bb0fcefabcf715418c37b01c04716d0854c26ce205af824acc6da63e59940,5,94202460,1999.9820059161827,1741085715702458,Staked ICX,0.1127195,sICX,0,1,2025-03-04
cx88fd7df7ddff82f7cc735c871dc519838cb235bb,cxa0af3165c08318e988cb30993b3048335b94af6c,cx5faae53c4dbd1fbe4a2eb4aab6565030f10da5c6,0x5e40ec4a18b56b0,0xaa5bb0fcefabcf715418c37b01c04716d0854c26ce205af824acc6da63e59940,3,94202460,0.4244805025663116,1741085715702458,Balanced Dollar,0.1127195,bnUSD,0,1,2025-03-04
cx2609b924e33ef00b648a409245c7ea394c467824,cxa0af3165c08318e988cb30993b3048335b94af6c,cx21e94c08c03daee80c25d8ee3ea22a20786ec231,0x6c6b536e059f41e9f7,0xaa5bb0fcefabcf715418c37b01c04716d0854c26ce205af824acc6da63e59940,2,94202460,1999.9820059161827,1741085715702458,Staked ICX,0.1127195,sICX,0,1,2025-03-04
cx88fd7df7ddff82f7cc735c871dc519838cb235bb,cx21e94c08c03daee80c25d8ee3ea22a20786ec231,cxa0af3165c08318e988cb30993b3048335b94af6c,0xf573bcaba05871500,0xaa5bb0fcefabcf715418c37b01c04716d0854c26ce205af824acc6da63e59940,1,94202460,282.9870017108744,1741085715702458,Balanced Dollar,0.1127195,bnUSD,0,1,2025-03-04
cx88fd7df7ddff82f7cc735c871dc519838cb235bb,hx2debd9ec927cca1639da8d3518dd9dbf1cdfb357,cx21e94c08c03daee80c25d8ee3ea22a20786ec231,0xf573bcaba05871500,0xaa5bb0fcefabcf715418c37b01c04716d0854c26ce205af824acc6da63e59940,0,94202460,282.9870017108744,1741085715702458,Balanced Dollar,0.1127195,bnUSD,0,1,2025-03-04
cx518f64edcd35db9044a2de63fdc10abfd5f7d611,cx21e94c08c03daee80c25d8ee3ea22a20786ec231,hxd75467e3e4ce64e3424c747dfb71503017440433,0xef6cb298,0xbaf33b566165839d89489629811f4fd732a6fdce649175dc505a3d5fa2a082f8,14,94202439,401.6878232,1741085673884770,Stellar,0.211102625,XLM,0,1,2025-03-04
cx2609b924e33ef00b648a409245c7ea394c467824,cxa0af3165c08318e988cb30993b3048335b94af6c,cx5faae53c4dbd1fbe4a2eb4aab6565030f10da5c6,0x10f97115999a9111,0xbaf33b566165839d89489629811f4fd732a6fdce649175dc505a3d5fa2a082f8,12,94202439,1.2231331113930959,1741085673884770,Staked ICX,0.211102625,sICX,0,1,2025-03-04
cx518f64edcd35db9044a2de63fdc10abfd5f7d611,cxa0af3165c08318e988cb30993b3048335b94af6c,cx21e94c08c03daee80c25d8ee3ea22a20786ec231,0xef6cb298,0xbaf33b566165839d89489629811f4fd732a6fdce649175dc505a3d5fa2a082f8,11,94202439,401.6878232,1741085673884770,Stellar,0.211102625,XLM,0,1,2025-03-04
cx2609b924e33ef00b648a409245c7ea394c467824,cx21e94c08c03daee80c25d8ee3ea22a20786ec231,cxa0af3165c08318e988cb30993b3048335b94af6c,0x2c3441284002847260,0xbaf33b566165839d89489629811f4fd732a6fdce649175dc505a3d5fa2a082f8,10,94202439,815.4220742620639,1741085673884770,Staked ICX,0.211102625,sICX,0,1,2025-03-04
cx88fd7df7ddff82f7cc735c871dc519838cb235bb,cx203d9cd2a669be67177e997b8948ce2c35caffae,cx835b300dcfe01f0bdb794e134a0c5628384f4367,0x68f26f0fdb45fa7,0xbaf33b566165839d89489629811f4fd732a6fdce649175dc505a3d5fa2a082f8,7,94202439,0.47263930238765456,1741085673884770,Balanced Dollar,0.211102625,bnUSD,0,1,2025-03-04
cx88fd7df7ddff82f7cc735c871dc519838cb235bb,cx5faae53c4dbd1fbe4a2eb4aab6565030f10da5c6,cx203d9cd2a669be67177e997b8948ce2c35caffae,0x95ec9ea8f01ad39,0xbaf33b566165839d89489629811f4fd732a6fdce649175dc505a3d5fa2a082f8,5,94202439,0.6751990034109351,1741085673884770,Balanced Dollar,0.211102625,bnUSD,0,1,2025-03-04
cx88fd7df7ddff82f7cc735c871dc519838cb235bb,cx5faae53c4dbd1fbe4a2eb4aab6565030f10da5c6,cxdc30a0d3a1f131565c071272a20bc0b06fd4c17b,0x95ec9ea8f01ad38,0xbaf33b566165839d89489629811f4fd732a6fdce649175dc505a3d5fa2a082f8,4,94202439,0.6751990034109351,1741085673884770,Balanced Dollar,0.211102625,bnUSD,0,1,2025-03-04
cx88fd7df7ddff82f7cc735c871dc519838cb235bb,cxa0af3165c08318e988cb30993b3048335b94af6c,cx5faae53c4dbd1fbe4a2eb4aab6565030f10da5c6,0x266929d4d047000,0xbaf33b566165839d89489629811f4fd732a6fdce649175dc505a3d5fa2a082f8,3,94202439,0.17298684,1741085673884770,Balanced Dollar,0.211102625,bnUSD,0,1,2025-03-04
cx2609b924e33ef00b648a409245c7ea394c467824,cxa0af3165c08318e988cb30993b3048335b94af6c,cx21e94c08c03daee80c25d8ee3ea22a20786ec231,0x2c3441284002847260,0xbaf33b566165839d89489629811f4fd732a6fdce649175dc505a3d5fa2a082f8,2,94202439,815.4220742620639,1741085673884770,Staked ICX,0.211102625,sICX,0,1,2025-03-04
cx88fd7df7ddff82f7cc735c871dc519838cb235bb,cx21e94c08c03daee80c25d8ee3ea22a20786ec231,cxa0af3165c08318e988cb30993b3048335b94af6c,0x64073244de6390000,0xbaf33b566165839d89489629811f4fd732a6fdce649175dc505a3d5fa2a082f8,1,94202439,115.32456,1741085673884770,Balanced Dollar,0.211102625,bnUSD,0,1,2025-03-04
cx88fd7df7ddff82f7cc735c871dc519838cb235bb,hxd75467e3e4ce64e3424c747dfb71503017440433,cx21e94c08c03daee80c25d8ee3ea22a20786ec231,0x64073244de6390000,0xbaf33b566165839d89489629811f4fd732a6fdce649175dc505a3d5fa2a082f8,0,94202439,115.32456,1741085673884770,Balanced Dollar,0.211102625,bnUSD,0,1,2025-03-04
cxd17316e24ee40f2ef8ed6f3a497311db1b35206d,hxdd3f99cb717505a65dc8f891c18518f35f12fb93,hxdd3f99cb717505a65dc8f891c18518f35f12fb93,0x0,0x657a2c134325a20860dd2b52e529a3c057d66ac9ae0e03299750e897df111ec0,0,94202318,0.0,1741085431605823,unknown_token,0.0043601375,$unknown,6,1,2025-03-04
cxd17316e24ee40f2ef8ed6f3a497311db1b35206d,hxdd3f99cb717505a65dc8f891c18518f35f12fb93,hxdd3f99cb717505a65dc8f891c18518f35f12fb93,0x0,0x7b1e8aefdae9fb07f3ad8a3f46dadaa1dd3b61b8bee38a24b062a6201464702c,0,94202303,0.0,1741085401599491,unknown_token,0.0043601375,$unknown,6,1,2025-03-04
cxd17316e24ee40f2ef8ed6f3a497311db1b35206d,hxdd3f99cb717505a65dc8f891c18518f35f12fb93,hxdd3f99cb717505a65dc8f891c18518f35f12fb93,0x0,0x3eb7725e24b3cd405fb31184c79406b13ea807a66c9a2aa7e0fbfae4eff5470c,0,94202287,0.0,1741085369724798,unknown_token,0.0043601375,$unknown,6,1,2025-03-04
cxf61cd5a45dc9f91c15aa65831a30a90d59a09619,cx9345f80d6c98357ccbb70392b14162199c2c5f66,cxd82fb5d3effecd8c9071a4bba3856ad7222c4b91,0xabcef225764cb60,0x26d3c8577a1a242b92c479f031d8ebe1a01d71803ebe60394ffac227897c6ee5,4,94202272,0.7737561667750327,1741085339774656,Balance Token,0.130203425,BALN,0,1,2025-03-04
cx2609b924e33ef00b648a409245c7ea394c467824,cx9345f80d6c98357ccbb70392b14162199c2c5f66,cxd82fb5d3effecd8c9071a4bba3856ad7222c4b91,0xbcfd9e8a745b7e22,0x26d3c8577a1a242b92c479f031d8ebe1a01d71803ebe60394ffac227897c6ee5,3,94202272,13.618215165733076,1741085339774656,Staked ICX,0.130203425,sICX,0,1,2025-03-04
cx88fd7df7ddff82f7cc735c871dc519838cb235bb,hx0000000000000000000000000000000000000000,cx5faae53c4dbd1fbe4a2eb4aab6565030f10da5c6,0x0,0x26d3c8577a1a242b92c479f031d8ebe1a01d71803ebe60394ffac227897c6ee5,2,94202272,0.0,1741085339774656,Balanced Dollar,0.130203425,bnUSD,0,1,2025-03-04
cx88fd7df7ddff82f7cc735c871dc519838cb235bb,hx0000000000000000000000000000000000000000,cxd82fb5d3effecd8c9071a4bba3856ad7222c4b91,0x1e61cf39660f2cb4,0x26d3c8577a1a242b92c479f031d8ebe1a01d71803ebe60394ffac227897c6ee5,1,94202272,2.1892587393111276,1741085339774656,Balanced Dollar,0.130203425,bnUSD,0,1,2025-03-04
cx88fd7df7ddff82f7cc735c871dc519838cb235bb,hxc0a2c4b422657ff499640f07606b1516e9935b9b,cxd82fb5d3effecd8c9071a4bba3856ad7222c4b91,0xc6ff46d6160adc5f0e,0x26d3c8577a1a242b92c479f031d8ebe1a01d71803ebe60394ffac227897c6ee5,0,94202272,3670.8499517126925,1741085339774656,Balanced Dollar,0.130203425,bnUSD,0,1,2025-03-04
cxd17316e24ee40f2ef8ed6f3a497311db1b35206d,hxdd3f99cb717505a65dc8f891c18518f35f12fb93,hxdd3f99cb717505a65dc8f891c18518f35f12fb93,0x0,0xc3e7325a2a857175e7789a9b1e8548136de0a4e60c03977d2fce34a904a179ab,0,94202247,0.0,1741085289764199,unknown_token,0.0043601375,$unknown,5,1,2025-03-04
cxd17316e24ee40f2ef8ed6f3a497311db1b35206d,hxdd3f99cb717505a65dc8f891c18518f35f12fb93,hxdd3f99cb717505a65dc8f891c18518f35f12fb93,0x0,0xee83c431e1cbfc5fcd832683df34aa89fe142c2d5df7b0b52a88eeddfc9c8f24,0,94202229,0.0,1741085253550306,unknown_token,0.0043601375,$unknown,5,1,2025-03-04
cx2d552c485ec8bcaa75aac02424e2aca6ffdb2f1b,cx21e94c08c03daee80c25d8ee3ea22a20786ec231,hx2debd9ec927cca1639da8d3518dd9dbf1cdfb357,0x9b6e092786be6f1,0x046030780825ba2ab8d9211b49cc3ca1b6cb307e109f4afd3624e23b6fafae49,5,94202226,0.6999937117928753,1741085247540581,Binance Coin,0.088269025,BNB,0,1,2025-03-04
cx88fd7df7ddff82f7cc735c871dc519838cb235bb,cxa0af3165c08318e988cb30993b3048335b94af6c,cx5faae53c4dbd1fbe4a2eb4aab6565030f10da5c6,0x84b0ed983213e3c,0x046030780825ba2ab8d9211b49cc3ca1b6cb307e109f4afd3624e23b6fafae49,3,94202226,0.5975877029274087,1741085247540581,Balanced Dollar,0.088269025,bnUSD,0,1,2025-03-04
cx2d552c485ec8bcaa75aac02424e2aca6ffdb2f1b,cxa0af3165c08318e988cb30993b3048335b94af6c,cx21e94c08c03daee80c25d8ee3ea22a20786ec231,0x9b6e092786be6f1,0x046030780825ba2ab8d9211b49cc3ca1b6cb307e109f4afd3624e23b6fafae49,2,94202226,0.6999937117928753,1741085247540581,Binance Coin,0.088269025,BNB,0,1,2025-03-04
cx88fd7df7ddff82f7cc735c871dc519838cb235bb,cx21e94c08c03daee80c25d8ee3ea22a20786ec231,cxa0af3165c08318e988cb30993b3048335b94af6c,0x1598cc011ad13cbc40,0x046030780825ba2ab8d9211b49cc3ca1b6cb307e109f4afd3624e23b6fafae49,1,94202226,398.3918019516058,1741085247540581,Balanced Dollar,0.088269025,bnUSD,0,1,2025-03-04
cx88fd7df7ddff82f7cc735c871dc519838cb235bb,hx2debd9ec927cca1639da8d3518dd9dbf1cdfb357,cx21e94c08c03daee80c25d8ee3ea22a20786ec231,0x1598cc011ad13cbc40,0x046030780825ba2ab8d9211b49cc3ca1b6cb307e109f4afd3624e23b6fafae49,0,94202226,398.3918019516058,1741085247540581,Balanced Dollar,0.088269025,bnUSD,0,1,2025-03-04
cxd17316e24ee40f2ef8ed6f3a497311db1b35206d,hxdd3f99cb717505a65dc8f891c18518f35f12fb93,hxdd3f99cb717505a65dc8f891c18518f35f12fb93,0x0,0xe3568bdaced157d6d7eb70ae077a49ab515dfa90df118527acac9eba4c6c5566,0,94202204,0.0,1741085203536577,unknown_token,0.0043601375,$unknown,5,1,2025-03-04
cx7baf94bd53b505353285ee4c4c050f9703581703,hxe3a937f0065cef600e316ea7775abec0676cc369,hx0000000000000000000000000000000000000000,0x0,0xe971317752c6d86859424bedea969756b159404e371750b871103264192ec94a,6,94202063,0.0,1741084921435510,unknown_token,0.064921625,$unknown,27,1,2025-03-04
cx7baf94bd53b505353285ee4c4c050f9703581703,hxe3a937f0065cef600e316ea7775abec0676cc369,hx0000000000000000000000000000000000000000,0x0,0xe971317752c6d86859424bedea969756b159404e371750b871103264192ec94a,5,94202063,0.0,1741084921435510,unknown_token,0.064921625,$unknown,31,1,2025-03-04
cx7baf94bd53b505353285ee4c4c050f9703581703,hxe3a937f0065cef600e316ea7775abec0676cc369,hx0000000000000000000000000000000000000000,0x0,0xe971317752c6d86859424bedea969756b159404e371750b871103264192ec94a,4,94202063,0.0,1741084921435510,unknown_token,0.064921625,$unknown,26,1,2025-03-04
cx53f8ccd5426534f82cf10cb742de033e51da72fc,hxe3a937f0065cef600e316ea7775abec0676cc369,hx0000000000000000000000000000000000000000,0x0,0xe971317752c6d86859424bedea969756b159404e371750b871103264192ec94a,0,94202063,0.0,1741084921435510,unknown_token,0.064921625,$unknown,1,1,2025-03-04
cx88fd7df7ddff82f7cc735c871dc519838cb235bb,cxa0af3165c08318e988cb30993b3048335b94af6c,cx5faae53c4dbd1fbe4a2eb4aab6565030f10da5c6,0xe7e6f51a226800,0xcf00dfb0a3dac9488c2e141d0c3e46d44cd5701077b4fd5786dee5462419b046,2,94202060,0.06527466,1741084915436227,Balanced Dollar,0.0563614,bnUSD,0,1,2025-03-04
cx4297f4b63262507623b6ad575d0d8dd2db980e4e,cxa0af3165c08318e988cb30993b3048335b94af6c,hxd75467e3e4ce64e3424c747dfb71503017440433,0x37a2ff11e7adec49,0xcf00dfb0a3dac9488c2e141d0c3e46d44cd5701077b4fd5786dee5462419b046,1,94202060,4.009047070679625,1741084915436227,Injective,0.0563614,INJ,0,1,2025-03-04
cx88fd7df7ddff82f7cc735c871dc519838cb235bb,hxd75467e3e4ce64e3424c747dfb71503017440433,cxa0af3165c08318e988cb30993b3048335b94af6c,0x25be9739eb9998000,0xcf00dfb0a3dac9488c2e141d0c3e46d44cd5701077b4fd5786dee5462419b046,0,94202060,43.51644,1741084915436227,Balanced Dollar,0.0563614,bnUSD,0,1,2025-03-04
cx7baf94bd53b505353285ee4c4c050f9703581703,hx9645117f1b0c7181a126c7f4f222caefc6ee7a61,hx9645117f1b0c7181a126c7f4f222caefc6ee7a61,0x0,0x5dd830a066d02645ec8f16c4ad2f88c46dc5fef5c9e0476b0fb19d4b66d72026,2,94202052,0.0,1741084899430122,unknown_token,0.06887925,$unknown,20,1,2025-03-04
cx7baf94bd53b505353285ee4c4c050f9703581703,hx9645117f1b0c7181a126c7f4f222caefc6ee7a61,hx9645117f1b0c7181a126c7f4f222caefc6ee7a61,0x0,0x5dd830a066d02645ec8f16c4ad2f88c46dc5fef5c9e0476b0fb19d4b66d72026,1,94202052,0.0,1741084899430122,unknown_token,0.06887925,$unknown,10,1,2025-03-04
cx7baf94bd53b505353285ee4c4c050f9703581703,hx9645117f1b0c7181a126c7f4f222caefc6ee7a61,hx9645117f1b0c7181a126c7f4f222caefc6ee7a61,0x0,0x5dd830a066d02645ec8f16c4ad2f88c46dc5fef5c9e0476b0fb19d4b66d72026,0,94202052,0.0,1741084899430122,unknown_token,0.06887925,$unknown,1,1,2025-03-04
cx88fd7df7ddff82f7cc735c871dc519838cb235bb,cxa0af3165c08318e988cb30993b3048335b94af6c,cx5faae53c4dbd1fbe4a2eb4aab6565030f10da5c6,0xe7e6f51a226800,0xab04f00c19cbc92983abb4cd550adbba8bf79e2e120f239a862c576e80c0acc4,2,94202048,0.06527466,1741084891428530,Balanced Dollar,0.0563614,bnUSD,0,1,2025-03-04
cx4297f4b63262507623b6ad575d0d8dd2db980e4e,cxa0af3165c08318e988cb30993b3048335b94af6c,hxd75467e3e4ce64e3424c747dfb71503017440433,0x37a9bf47262e7666,0xab04f00c19cbc92983abb4cd550adbba8bf79e2e120f239a862c576e80c0acc4,1,94202048,4.010947255454299,1741084891428530,Injective,0.0563614,INJ,0,1,2025-03-04
cx88fd7df7ddff82f7cc735c871dc519838cb235bb,hxd75467e3e4ce64e3424c747dfb71503017440433,cxa0af3165c08318e988cb30993b3048335b94af6c,0x25be9739eb9998000,0xab04f00c19cbc92983abb4cd550adbba8bf79e2e120f239a862c576e80c0acc4,0,94202048,43.51644,1741084891428530,Balanced Dollar,0.0563614,bnUSD,0,1,2025-03-04
cx6139a27c15f1653471ffba0b4b88dc15de7e3267,hx0000000000000000000000000000000000000000,hxe3a937f0065cef600e316ea7775abec0676cc369,0x3bd913e6c1df400000,0xf1ddf402fd9abe62e7146383b20e57b7bce7323118d7c03e73e6a4491d616f55,0,94202043,1104.0,1741084881423592,GangstaBet Token,0.01275285,GBET,0,1,2025-03-04
cx88fd7df7ddff82f7cc735c871dc519838cb235bb,cxa0af3165c08318e988cb30993b3048335b94af6c,cx5faae53c4dbd1fbe4a2eb4aab6565030f10da5c6,0xe7e6f51a226800,0x5cb049801fa9e19fd825d594ba060d259230fefbebc0dcf5c8b7acdf59419462,2,94202041,0.06527466,1741084877422302,Balanced Dollar,0.0563614,bnUSD,0,1,2025-03-04
cx4297f4b63262507623b6ad575d0d8dd2db980e4e,cxa0af3165c08318e988cb30993b3048335b94af6c,hxd75467e3e4ce64e3424c747dfb71503017440433,0x37b080b71752fa48,0x5cb049801fa9e19fd825d594ba060d259230fefbebc0dcf5c8b7acdf59419462,1,94202041,4.012848791845796,1741084877422302,Injective,0.0563614,INJ,0,1,2025-03-04
cx88fd7df7ddff82f7cc735c871dc519838cb235bb,hxd75467e3e4ce64e3424c747dfb71503017440433,cxa0af3165c08318e988cb30993b3048335b94af6c,0x25be9739eb9998000,0x5cb049801fa9e19fd825d594ba060d259230fefbebc0dcf5c8b7acdf59419462,0,94202041,43.51644,1741084877422302,Balanced Dollar,0.0563614,bnUSD,0,1,2025-03-04
cx88fd7df7ddff82f7cc735c871dc519838cb235bb,cxa0af3165c08318e988cb30993b3048335b94af6c,cx5faae53c4dbd1fbe4a2eb4aab6565030f10da5c6,0xe7b0713bba0000,0x47aadb03324b1e8f94351a78c91584a7bedea1dedf2c11d7e4c0133a3aee8dae,2,94202023,0.06521472,1741084841411792,Balanced Dollar,0.0563614,bnUSD,0,1,2025-03-04
cx4297f4b63262507623b6ad575d0d8dd2db980e4e,cxa0af3165c08318e988cb30993b3048335b94af6c,hxd75467e3e4ce64e3424c747dfb71503017440433,0x37aa299ba0b666b0,0x47aadb03324b1e8f94351a78c91584a7bedea1dedf2c11d7e4c0133a3aee8dae,1,94202023,4.011064166519826,1741084841411792,Injective,0.0563614,INJ,0,1,2025-03-04
cx88fd7df7ddff82f7cc735c871dc519838cb235bb,hxd75467e3e4ce64e3424c747dfb71503017440433,cxa0af3165c08318e988cb30993b3048335b94af6c,0x25b5b7c3634600000,0x47aadb03324b1e8f94351a78c91584a7bedea1dedf2c11d7e4c0133a3aee8dae,0,94202023,43.47648,1741084841411792,Balanced Dollar,0.0563614,bnUSD,0,1,2025-03-04
cx7baf94bd53b505353285ee4c4c050f9703581703,hx9645117f1b0c7181a126c7f4f222caefc6ee7a61,hx9645117f1b0c7181a126c7f4f222caefc6ee7a61,0x0,0x876b971e76e86507b8e629ba9d419c735a3086d38a713b44fb952daedb65cd3c,2,94201983,0.0,1741084761385458,unknown_token,0.0669812375,$unknown,22,1,2025-03-04
cx7baf94bd53b505353285ee4c4c050f9703581703,hx9645117f1b0c7181a126c7f4f222caefc6ee7a61,hx9645117f1b0c7181a126c7f4f222caefc6ee7a61,0x0,0x876b971e76e86507b8e629ba9d419c735a3086d38a713b44fb952daedb65cd3c,1,94201983,0.0,1741084761385458,unknown_token,0.0669812375,$unknown,12,1,2025-03-04
cx7baf94bd53b505353285ee4c4c050f9703581703,hx9645117f1b0c7181a126c7f4f222caefc6ee7a61,hx9645117f1b0c7181a126c7f4f222caefc6ee7a61,0x0,0x876b971e76e86507b8e629ba9d419c735a3086d38a713b44fb952daedb65cd3c,0,94201983,0.0,1741084761385458,unknown_token,0.0669812375,$unknown,4,1,2025-03-04
cxd17316e24ee40f2ef8ed6f3a497311db1b35206d,hx9645117f1b0c7181a126c7f4f222caefc6ee7a61,hx9645117f1b0c7181a126c7f4f222caefc6ee7a61,0x0,0x130772105c64c1903c9f0e913f777c6e2af38eba769ef085b7a91d9b2ff80286,4,94201927,0.0,1741084649345979,unknown_token,0.01724755,$unknown,28,1,2025-03-04
cx7baf94bd53b505353285ee4c4c050f9703581703,hx9645117f1b0c7181a126c7f4f222caefc6ee7a61,hx0000000000000000000000000000000000000000,0x0,0x130772105c64c1903c9f0e913f777c6e2af38eba769ef085b7a91d9b2ff80286,2,94201927,0.0,1741084649345979,unknown_token,0.01724755,$unknown,24,1,2025-03-04
cx7baf94bd53b505353285ee4c4c050f9703581703,hx9645117f1b0c7181a126c7f4f222caefc6ee7a61,hx0000000000000000000000000000000000000000,0x0,0x130772105c64c1903c9f0e913f777c6e2af38eba769ef085b7a91d9b2ff80286,0,94201927,0.0,1741084649345979,unknown_token,0.01724755,$unknown,31,1,2025-03-04
cxd17316e24ee40f2ef8ed6f3a497311db1b35206d,hx9645117f1b0c7181a126c7f4f222caefc6ee7a61,hx9645117f1b0c7181a126c7f4f222caefc6ee7a61,0x0,0xe26f02c11c639e0f845e87a041596d56801754c15fb256f9d5973ad2c8847730,5,94201924,0.0,1741084643352665,unknown_token,0.02087775,$unknown,28,1,2025-03-04
cx53f8ccd5426534f82cf10cb742de033e51da72fc,hx9645117f1b0c7181a126c7f4f222caefc6ee7a61,hx0000000000000000000000000000000000000000,0x0,0xe26f02c11c639e0f845e87a041596d56801754c15fb256f9d5973ad2c8847730,4,94201924,0.0,1741084643352665,unknown_token,0.02087775,$unknown,1,1,2025-03-04
cx7baf94bd53b505353285ee4c4c050f9703581703,hx9645117f1b0c7181a126c7f4f222caefc6ee7a61,hx0000000000000000000000000000000000000000,0x0,0xe26f02c11c639e0f845e87a041596d56801754c15fb256f9d5973ad2c8847730,2,94201924,0.0,1741084643352665,unknown_token,0.02087775,$unknown,29,1,2025-03-04
cx7baf94bd53b505353285ee4c4c050f9703581703,hx9645117f1b0c7181a126c7f4f222caefc6ee7a61,hx0000000000000000000000000000000000000000,0x0,0xe26f02c11c639e0f845e87a041596d56801754c15fb256f9d5973ad2c8847730,0,94201924,0.0,1741084643352665,unknown_token,0.02087775,$unknown,12,1,2025-03-04
cxd17316e24ee40f2ef8ed6f3a497311db1b35206d,hx9645117f1b0c7181a126c7f4f222caefc6ee7a61,hx9645117f1b0c7181a126c7f4f222caefc6ee7a61,0x0,0x0414ecaa26e59cc7f4a9d166707e355efbf36752f6062511ee515276db6889fa,6,94201922,0.0,1741084639565846,unknown_token,0.0225564875,$unknown,28,1,2025-03-04
cx28b2ec885b50c8a93da752f2d0467a67127a70e8,cxd17316e24ee40f2ef8ed6f3a497311db1b35206d,hx9645117f1b0c7181a126c7f4f222caefc6ee7a61,0xad78ebc5ac6200000,0x0414ecaa26e59cc7f4a9d166707e355efbf36752f6062511ee515276db6889fa,5,94201922,200.0,1741084639565846,CROWN,0.0225564875,CROWN,0,1,2025-03-04
cx53f8ccd5426534f82cf10cb742de033e51da72fc,hx9645117f1b0c7181a126c7f4f222caefc6ee7a61,hx0000000000000000000000000000000000000000,0x0,0x0414ecaa26e59cc7f4a9d166707e355efbf36752f6062511ee515276db6889fa,4,94201922,0.0,1741084639565846,unknown_token,0.0225564875,$unknown,9,1,2025-03-04
cx7baf94bd53b505353285ee4c4c050f9703581703,hx9645117f1b0c7181a126c7f4f222caefc6ee7a61,hx0000000000000000000000000000000000000000,0x0,0x0414ecaa26e59cc7f4a9d166707e355efbf36752f6062511ee515276db6889fa,2,94201922,0.0,1741084639565846,unknown_token,0.0225564875,$unknown,34,1,2025-03-04
cx7baf94bd53b505353285ee4c4c050f9703581703,hx9645117f1b0c7181a126c7f4f222caefc6ee7a61,hx0000000000000000000000000000000000000000,0x0,0x0414ecaa26e59cc7f4a9d166707e355efbf36752f6062511ee515276db6889fa,0,94201922,0.0,1741084639565846,unknown_token,0.0225564875,$unknown,27,1,2025-03-04
cxd17316e24ee40f2ef8ed6f3a497311db1b35206d,hx9645117f1b0c7181a126c7f4f222caefc6ee7a61,hx9645117f1b0c7181a126c7f4f222caefc6ee7a61,0x0,0x593ab2d7a58cedc2d8d3f6642c668470511170f6def55f5647528c400e4e0cce,4,94201911,0.0,1741084617441608,unknown_token,0.0177379875,$unknown,28,1,2025-03-04
cx7baf94bd53b505353285ee4c4c050f9703581703,hx9645117f1b0c7181a126c7f4f222caefc6ee7a61,hx0000000000000000000000000000000000000000,0x0,0x593ab2d7a58cedc2d8d3f6642c668470511170f6def55f5647528c400e4e0cce,2,94201911,0.0,1741084617441608,unknown_token,0.0177379875,$unknown,14,1,2025-03-04
cx7baf94bd53b505353285ee4c4c050f9703581703,hx9645117f1b0c7181a126c7f4f222caefc6ee7a61,hx0000000000000000000000000000000000000000,0x0,0x593ab2d7a58cedc2d8d3f6642c668470511170f6def55f5647528c400e4e0cce,0,94201911,0.0,1741084617441608,unknown_token,0.0177379875,$unknown,12,1,2025-03-04
cxd17316e24ee40f2ef8ed6f3a497311db1b35206d,hx9645117f1b0c7181a126c7f4f222caefc6ee7a61,hx9645117f1b0c7181a126c7f4f222caefc6ee7a61,0x0,0x4452e16a7409ac16c79b85edbf701e3c30b999690a6b556b11816c7885369b18,5,94201907,0.0,1741084609458078,unknown_token,0.02073725,$unknown,28,1,2025-03-04
cx53f8ccd5426534f82cf10cb742de033e51da72fc,hx9645117f1b0c7181a126c7f4f222caefc6ee7a61,hx0000000000000000000000000000000000000000,0x0,0x4452e16a7409ac16c79b85edbf701e3c30b999690a6b556b11816c7885369b18,4,94201907,0.0,1741084609458078,unknown_token,0.02073725,$unknown,2,1,2025-03-04
cx7baf94bd53b505353285ee4c4c050f9703581703,hx9645117f1b0c7181a126c7f4f222caefc6ee7a61,hx0000000000000000000000000000000000000000,0x0,0x4452e16a7409ac16c79b85edbf701e3c30b999690a6b556b11816c7885369b18,2,94201907,0.0,1741084609458078,unknown_token,0.02073725,$unknown,24,1,2025-03-04
cx7baf94bd53b505353285ee4c4c050f9703581703,hx9645117f1b0c7181a126c7f4f222caefc6ee7a61,hx0000000000000000000000000000000000000000,0x0,0x4452e16a7409ac16c79b85edbf701e3c30b999690a6b556b11816c7885369b18,0,94201907,0.0,1741084609458078,unknown_token,0.02073725,$unknown,17,1,2025-03-04
cxd17316e24ee40f2ef8ed6f3a497311db1b35206d,hx9645117f1b0c7181a126c7f4f222caefc6ee7a61,hx9645117f1b0c7181a126c7f4f222caefc6ee7a61,0x0,0xd5ebad2adccff40ae43e655f403709bcf6ad9fe4460dd66c5347b768dc2e41dd,6,94201894,0.0,1741084583476616,unknown_token,0.023118375,$unknown,33,1,2025-03-04
cx28b2ec885b50c8a93da752f2d0467a67127a70e8,cxd17316e24ee40f2ef8ed6f3a497311db1b35206d,hx9645117f1b0c7181a126c7f4f222caefc6ee7a61,0xad78ebc5ac6200000,0xd5ebad2adccff40ae43e655f403709bcf6ad9fe4460dd66c5347b768dc2e41dd,5,94201894,200.0,1741084583476616,CROWN,0.023118375,CROWN,0,1,2025-03-04
cx53f8ccd5426534f82cf10cb742de033e51da72fc,hx9645117f1b0c7181a126c7f4f222caefc6ee7a61,hx0000000000000000000000000000000000000000,0x0,0xd5ebad2adccff40ae43e655f403709bcf6ad9fe4460dd66c5347b768dc2e41dd,4,94201894,0.0,1741084583476616,unknown_token,0.023118375,$unknown,2,1,2025-03-04
cx7baf94bd53b505353285ee4c4c050f9703581703,hx9645117f1b0c7181a126c7f4f222caefc6ee7a61,hx0000000000000000000000000000000000000000,0x0,0xd5ebad2adccff40ae43e655f403709bcf6ad9fe4460dd66c5347b768dc2e41dd,2,94201894,0.0,1741084583476616,unknown_token,0.023118375,$unknown,24,1,2025-03-04
cx7baf94bd53b505353285ee4c4c050f9703581703,hx9645117f1b0c7181a126c7f4f222caefc6ee7a61,hx0000000000000000000000000000000000000000,0x0,0xd5ebad2adccff40ae43e655f403709bcf6ad9fe4460dd66c5347b768dc2e41dd,0,94201894,0.0,1741084583476616,unknown_token,0.023118375,$unknown,21,1,2025-03-04
cx88fd7df7ddff82f7cc735c871dc519838cb235bb,cxa0af3165c08318e988cb30993b3048335b94af6c,cx5faae53c4dbd1fbe4a2eb4aab6565030f10da5c6,0xe7b0713bba0000,0x377bc240785b34007582adf08994870c6f76469dfd91701189c76a7d667e83b7,2,94201870,0.06521472,1741084535432263,Balanced Dollar,0.0563614,bnUSD,0,1,2025-03-04
cx4297f4b63262507623b6ad575d0d8dd2db980e4e,cxa0af3165c08318e988cb30993b3048335b94af6c,hxd75467e3e4ce64e3424c747dfb71503017440433,0x37b0ea53aed4006c,0x377bc240785b34007582adf08994870c6f76469dfd91701189c76a7d667e83b7,1,94201870,4.012964913123427,1741084535432263,Injective,0.0563614,INJ,0,1,2025-03-04
cx88fd7df7ddff82f7cc735c871dc519838cb235bb,hxd75467e3e4ce64e3424c747dfb71503017440433,cxa0af3165c08318e988cb30993b3048335b94af6c,0x25b5b7c3634600000,0x377bc240785b34007582adf08994870c6f76469dfd91701189c76a7d667e83b7,0,94201870,43.47648,1741084535432263,Balanced Dollar,0.0563614,bnUSD,0,1,2025-03-04
cx88fd7df7ddff82f7cc735c871dc519838cb235bb,cxa0af3165c08318e988cb30993b3048335b94af6c,cx5faae53c4dbd1fbe4a2eb4aab6565030f10da5c6,0xe7b0713bba0000,0xa25ecf167e7ec23a2b4b76d2119b160a8ea77ea5556029f749a9bcacda65667d,2,94201855,0.06521472,1741084505300207,Balanced Dollar,0.0563614,bnUSD,0,1,2025-03-04
cx4297f4b63262507623b6ad575d0d8dd2db980e4e,cxa0af3165c08318e988cb30993b3048335b94af6c,hxd75467e3e4ce64e3424c747dfb71503017440433,0x37b7ac4676b099f3,0xa25ecf167e7ec23a2b4b76d2119b160a8ea77ea5556029f749a9bcacda65667d,1,94201855,4.01486701146306,1741084505300207,Injective,0.0563614,INJ,0,1,2025-03-04
cx88fd7df7ddff82f7cc735c871dc519838cb235bb,hxd75467e3e4ce64e3424c747dfb71503017440433,cxa0af3165c08318e988cb30993b3048335b94af6c,0x25b5b7c3634600000,0xa25ecf167e7ec23a2b4b76d2119b160a8ea77ea5556029f749a9bcacda65667d,0,94201855,43.47648,1741084505300207,Balanced Dollar,0.0563614,bnUSD,0,1,2025-03-04
cx88fd7df7ddff82f7cc735c871dc519838cb235bb,cxa0af3165c08318e988cb30993b3048335b94af6c,cx5faae53c4dbd1fbe4a2eb4aab6565030f10da5c6,0xe779ed5d5197f3,0xc8d1662f97fcb02fde3db1472a94bf1e8b259545fa3b193c1ff6a1da52c5bed1,2,94201846,0.06515477999999998,1741084487331548,Balanced Dollar,0.0563614,bnUSD,0,1,2025-03-04
cx4297f4b63262507623b6ad575d0d8dd2db980e4e,cxa0af3165c08318e988cb30993b3048335b94af6c,hxd75467e3e4ce64e3424c747dfb71503017440433,0x37b150e8aaa06d79,0xc8d1662f97fcb02fde3db1472a94bf1e8b259545fa3b193c1ff6a1da52c5bed1,1,94201846,4.013077703189098,1741084487331548,Injective,0.0563614,INJ,0,1,2025-03-04
cx88fd7df7ddff82f7cc735c871dc519838cb235bb,hxd75467e3e4ce64e3424c747dfb71503017440433,cxa0af3165c08318e988cb30993b3048335b94af6c,0x25acd84cdaf266000,0xc8d1662f97fcb02fde3db1472a94bf1e8b259545fa3b193c1ff6a1da52c5bed1,0,94201846,43.436519999999994,1741084487331548,Balanced Dollar,0.0563614,bnUSD,0,1,2025-03-04
cxf61cd5a45dc9f91c15aa65831a30a90d59a09619,cx9345f80d6c98357ccbb70392b14162199c2c5f66,cxd82fb5d3effecd8c9071a4bba3856ad7222c4b91,0x3c3e9766e6fcfa0,0xb5bd608e7aa096177ca7113a4d4937e0f943d75ca9318e159f9fe815ceb84a5e,4,94201810,0.27131709744059584,1741084415278476,Balance Token,0.1302303,BALN,0,1,2025-03-04
cx2609b924e33ef00b648a409245c7ea394c467824,cx9345f80d6c98357ccbb70392b14162199c2c5f66,cxd82fb5d3effecd8c9071a4bba3856ad7222c4b91,0x4244fbbf82911eee,0xb5bd608e7aa096177ca7113a4d4937e0f943d75ca9318e159f9fe815ceb84a5e,3,94201810,4.775218304867442,1741084415278476,Staked ICX,0.1302303,sICX,0,1,2025-03-04
cx88fd7df7ddff82f7cc735c871dc519838cb235bb,hx0000000000000000000000000000000000000000,cx5faae53c4dbd1fbe4a2eb4aab6565030f10da5c6,0x0,0xb5bd608e7aa096177ca7113a4d4937e0f943d75ca9318e159f9fe815ceb84a5e,2,94201810,0.0,1741084415278476,Balanced Dollar,0.1302303,bnUSD,0,1,2025-03-04
cx88fd7df7ddff82f7cc735c871dc519838cb235bb,hx0000000000000000000000000000000000000000,cxd82fb5d3effecd8c9071a4bba3856ad7222c4b91,0xaa6d62b32079b4e,0xb5bd608e7aa096177ca7113a4d4937e0f943d75ca9318e159f9fe815ceb84a5e,1,94201810,0.7675362675245454,1741084415278476,Balanced Dollar,0.1302303,bnUSD,0,1,2025-03-04
cx88fd7df7ddff82f7cc735c871dc519838cb235bb,hxd75467e3e4ce64e3424c747dfb71503017440433,cxd82fb5d3effecd8c9071a4bba3856ad7222c4b91,0x6c6b935b8bbd400000,0xb5bd608e7aa096177ca7113a4d4937e0f943d75ca9318e159f9fe815ceb84a5e,0,94201810,2000.0,1741084415278476,Balanced Dollar,0.1302303,bnUSD,0,1,2025-03-04
cxd17316e24ee40f2ef8ed6f3a497311db1b35206d,hx8026678e3d08ba3203ce6161ee8e9e3b9793491f,hx8026678e3d08ba3203ce6161ee8e9e3b9793491f,0x0,0xc4fa0f4b2e971fb5320012d27c3e9de8836f33e7251f64c444257d16c2f31ded,6,94201794,0.0,1741084383406058,unknown_token,0.022976675,$unknown,28,1,2025-03-04
cx28b2ec885b50c8a93da752f2d0467a67127a70e8,cxd17316e24ee40f2ef8ed6f3a497311db1b35206d,hx8026678e3d08ba3203ce6161ee8e9e3b9793491f,0xad78ebc5ac6200000,0xc4fa0f4b2e971fb5320012d27c3e9de8836f33e7251f64c444257d16c2f31ded,5,94201794,200.0,1741084383406058,CROWN,0.022976675,CROWN,0,1,2025-03-04
cx53f8ccd5426534f82cf10cb742de033e51da72fc,hx8026678e3d08ba3203ce6161ee8e9e3b9793491f,hx0000000000000000000000000000000000000000,0x0,0xc4fa0f4b2e971fb5320012d27c3e9de8836f33e7251f64c444257d16c2f31ded,4,94201794,0.0,1741084383406058,unknown_token,0.022976675,$unknown,1,1,2025-03-04
cx7baf94bd53b505353285ee4c4c050f9703581703,hx8026678e3d08ba3203ce6161ee8e9e3b9793491f,hx0000000000000000000000000000000000000000,0x0,0xc4fa0f4b2e971fb5320012d27c3e9de8836f33e7251f64c444257d16c2f31ded,2,94201794,0.0,1741084383406058,unknown_token,0.022976675,$unknown,34,1,2025-03-04
cx7baf94bd53b505353285ee4c4c050f9703581703,hx8026678e3d08ba3203ce6161ee8e9e3b9793491f,hx0000000000000000000000000000000000000000,0x0,0xc4fa0f4b2e971fb5320012d27c3e9de8836f33e7251f64c444257d16c2f31ded,0,94201794,0.0,1741084383406058,unknown_token,0.022976675,$unknown,21,1,2025-03-04
cxd17316e24ee40f2ef8ed6f3a497311db1b35206d,hx8026678e3d08ba3203ce6161ee8e9e3b9793491f,hx8026678e3d08ba3203ce6161ee8e9e3b9793491f,0x0,0xe3eaa59d5713239c81891ef46f290388115205a0247da5570eeef0f79fc06037,6,94201790,0.0,1741084375338845,unknown_token,0.023187425,$unknown,28,1,2025-03-04
cx28b2ec885b50c8a93da752f2d0467a67127a70e8,cxd17316e24ee40f2ef8ed6f3a497311db1b35206d,hx8026678e3d08ba3203ce6161ee8e9e3b9793491f,0xad78ebc5ac6200000,0xe3eaa59d5713239c81891ef46f290388115205a0247da5570eeef0f79fc06037,5,94201790,200.0,1741084375338845,CROWN,0.023187425,CROWN,0,1,2025-03-04
cx53f8ccd5426534f82cf10cb742de033e51da72fc,hx8026678e3d08ba3203ce6161ee8e9e3b9793491f,hx0000000000000000000000000000000000000000,0x0,0xe3eaa59d5713239c81891ef46f290388115205a0247da5570eeef0f79fc06037,4,94201790,0.0,1741084375338845,unknown_token,0.023187425,$unknown,4,1,2025-03-04
cx7baf94bd53b505353285ee4c4c050f9703581703,hx8026678e3d08ba3203ce6161ee8e9e3b9793491f,hx0000000000000000000000000000000000000000,0x0,0xe3eaa59d5713239c81891ef46f290388115205a0247da5570eeef0f79fc06037,2,94201790,0.0,1741084375338845,unknown_token,0.023187425,$unknown,19,1,2025-03-04
cx7baf94bd53b505353285ee4c4c050f9703581703,hx8026678e3d08ba3203ce6161ee8e9e3b9793491f,hx0000000000000000000000000000000000000000,0x0,0xe3eaa59d5713239c81891ef46f290388115205a0247da5570eeef0f79fc06037,0,94201790,0.0,1741084375338845,unknown_token,0.023187425,$unknown,4,1,2025-03-04
cxd17316e24ee40f2ef8ed6f3a497311db1b35206d,hx8026678e3d08ba3203ce6161ee8e9e3b9793491f,hx8026678e3d08ba3203ce6161ee8e9e3b9793491f,0x0,0x50792c84d768f62b67faaef12349431f36bac06bd955375f231c1989332537a0,5,94201776,0.0,1741084347246561,unknown_token,0.0210169375,$unknown,28,1,2025-03-04
cx53f8ccd5426534f82cf10cb742de033e51da72fc,hx8026678e3d08ba3203ce6161ee8e9e3b9793491f,hx0000000000000000000000000000000000000000,0x0,0x50792c84d768f62b67faaef12349431f36bac06bd955375f231c1989332537a0,4,94201776,0.0,1741084347246561,unknown_token,0.0210169375,$unknown,4,1,2025-03-04
cx7baf94bd53b505353285ee4c4c050f9703581703,hx8026678e3d08ba3203ce6161ee8e9e3b9793491f,hx0000000000000000000000000000000000000000,0x0,0x50792c84d768f62b67faaef12349431f36bac06bd955375f231c1989332537a0,2,94201776,0.0,1741084347246561,unknown_token,0.0210169375,$unknown,14,1,2025-03-04
cx7baf94bd53b505353285ee4c4c050f9703581703,hx8026678e3d08ba3203ce6161ee8e9e3b9793491f,hx0000000000000000000000000000000000000000,0x0,0x50792c84d768f62b67faaef12349431f36bac06bd955375f231c1989332537a0,0,94201776,0.0,1741084347246561,unknown_token,0.0210169375,$unknown,21,1,2025-03-04
cxd17316e24ee40f2ef8ed6f3a497311db1b35206d,hx8026678e3d08ba3203ce6161ee8e9e3b9793491f,hx8026678e3d08ba3203ce6161ee8e9e3b9793491f,0x0,0x447abdd9bd8c5a45df713dce9836b7518d5f56f2c462e57bf89635fc01957b8b,5,94201767,0.0,1741084329425481,unknown_token,0.02059675,$unknown,28,1,2025-03-04
cx53f8ccd5426534f82cf10cb742de033e51da72fc,hx8026678e3d08ba3203ce6161ee8e9e3b9793491f,hx0000000000000000000000000000000000000000,0x0,0x447abdd9bd8c5a45df713dce9836b7518d5f56f2c462e57bf89635fc01957b8b,4,94201767,0.0,1741084329425481,unknown_token,0.02059675,$unknown,5,1,2025-03-04
cx7baf94bd53b505353285ee4c4c050f9703581703,hx8026678e3d08ba3203ce6161ee8e9e3b9793491f,hx0000000000000000000000000000000000000000,0x0,0x447abdd9bd8c5a45df713dce9836b7518d5f56f2c462e57bf89635fc01957b8b,2,94201767,0.0,1741084329425481,unknown_token,0.02059675,$unknown,34,1,2025-03-04
cx7baf94bd53b505353285ee4c4c050f9703581703,hx8026678e3d08ba3203ce6161ee8e9e3b9793491f,hx0000000000000000000000000000000000000000,0x0,0x447abdd9bd8c5a45df713dce9836b7518d5f56f2c462e57bf89635fc01957b8b,0,94201767,0.0,1741084329425481,unknown_token,0.02059675,$unknown,26,1,2025-03-04
cxd17316e24ee40f2ef8ed6f3a497311db1b35206d,hx8026678e3d08ba3203ce6161ee8e9e3b9793491f,hx8026678e3d08ba3203ce6161ee8e9e3b9793491f,0x0,0xf6e040d853671eba3b6f2397b7447b73b5dfdd8cd9bce733c41e2a7000cce00b,6,94201750,0.0,1741084295427034,unknown_token,0.022836175,$unknown,28,1,2025-03-04
cx28b2ec885b50c8a93da752f2d0467a67127a70e8,cxd17316e24ee40f2ef8ed6f3a497311db1b35206d,hx8026678e3d08ba3203ce6161ee8e9e3b9793491f,0xad78ebc5ac6200000,0xf6e040d853671eba3b6f2397b7447b73b5dfdd8cd9bce733c41e2a7000cce00b,5,94201750,200.0,1741084295427034,CROWN,0.022836175,CROWN,0,1,2025-03-04
cx53f8ccd5426534f82cf10cb742de033e51da72fc,hx8026678e3d08ba3203ce6161ee8e9e3b9793491f,hx0000000000000000000000000000000000000000,0x0,0xf6e040d853671eba3b6f2397b7447b73b5dfdd8cd9bce733c41e2a7000cce00b,4,94201750,0.0,1741084295427034,unknown_token,0.022836175,$unknown,1,1,2025-03-04
cx7baf94bd53b505353285ee4c4c050f9703581703,hx8026678e3d08ba3203ce6161ee8e9e3b9793491f,hx0000000000000000000000000000000000000000,0x0,0xf6e040d853671eba3b6f2397b7447b73b5dfdd8cd9bce733c41e2a7000cce00b,2,94201750,0.0,1741084295427034,unknown_token,0.022836175,$unknown,29,1,2025-03-04
cx7baf94bd53b505353285ee4c4c050f9703581703,hx8026678e3d08ba3203ce6161ee8e9e3b9793491f,hx0000000000000000000000000000000000000000,0x0,0xf6e040d853671eba3b6f2397b7447b73b5dfdd8cd9bce733c41e2a7000cce00b,0,94201750,0.0,1741084295427034,unknown_token,0.022836175,$unknown,21,1,2025-03-04
cxd17316e24ee40f2ef8ed6f3a497311db1b35206d,hx8026678e3d08ba3203ce6161ee8e9e3b9793491f,hx8026678e3d08ba3203ce6161ee8e9e3b9793491f,0x0,0xc98626ab3d679d3b4ebb8be7a5f1b337f0febf90749b634eac4282ce3c64cae0,6,94201731,0.0,1741084257215785,unknown_token,0.0232575625,$unknown,33,1,2025-03-04
cx28b2ec885b50c8a93da752f2d0467a67127a70e8,cxd17316e24ee40f2ef8ed6f3a497311db1b35206d,hx8026678e3d08ba3203ce6161ee8e9e3b9793491f,0x56bc75e2d63100000,0xc98626ab3d679d3b4ebb8be7a5f1b337f0febf90749b634eac4282ce3c64cae0,5,94201731,100.0,1741084257215785,CROWN,0.0232575625,CROWN,0,1,2025-03-04
cx53f8ccd5426534f82cf10cb742de033e51da72fc,hx8026678e3d08ba3203ce6161ee8e9e3b9793491f,hx0000000000000000000000000000000000000000,0x0,0xc98626ab3d679d3b4ebb8be7a5f1b337f0febf90749b634eac4282ce3c64cae0,4,94201731,0.0,1741084257215785,unknown_token,0.0232575625,$unknown,3,1,2025-03-04
cx7baf94bd53b505353285ee4c4c050f9703581703,hx8026678e3d08ba3203ce6161ee8e9e3b9793491f,hx0000000000000000000000000000000000000000,0x0,0xc98626ab3d679d3b4ebb8be7a5f1b337f0febf90749b634eac4282ce3c64cae0,2,94201731,0.0,1741084257215785,unknown_token,0.0232575625,$unknown,24,1,2025-03-04
cx7baf94bd53b505353285ee4c4c050f9703581703,hx8026678e3d08ba3203ce6161ee8e9e3b9793491f,hx0000000000000000000000000000000000000000,0x0,0xc98626ab3d679d3b4ebb8be7a5f1b337f0febf90749b634eac4282ce3c64cae0,0,94201731,0.0,1741084257215785,unknown_token,0.0232575625,$unknown,4,1,2025-03-04
cx88fd7df7ddff82f7cc735c871dc519838cb235bb,cxd82fb5d3effecd8c9071a4bba3856ad7222c4b91,hxd75467e3e4ce64e3424c747dfb71503017440433,0x6c6b935b8bbd400000,0x7099a462ff7c45fb5825f8368187d8ffaf498a415c0382110120cc742cd2d0a9,0,94201659,2000.0,1741084113169434,Balanced Dollar,0.02069225,bnUSD,0,1,2025-03-04
cxd17316e24ee40f2ef8ed6f3a497311db1b35206d,hx66b0a5c1aa35aa0d4ce16bd81e89b6da5f2a379f,hx66b0a5c1aa35aa0d4ce16bd81e89b6da5f2a379f,0x0,0xf59e525eb0ee2f27e97918abd5e237ec953b19f5c3087ad31fee84c537d9ab24,6,94201652,0.0,1741084099171217,unknown_token,0.0223306125,$unknown,28,1,2025-03-04
cx28b2ec885b50c8a93da752f2d0467a67127a70e8,cxd17316e24ee40f2ef8ed6f3a497311db1b35206d,hx66b0a5c1aa35aa0d4ce16bd81e89b6da5f2a379f,0xad78ebc5ac6200000,0xf59e525eb0ee2f27e97918abd5e237ec953b19f5c3087ad31fee84c537d9ab24,5,94201652,200.0,1741084099171217,CROWN,0.0223306125,CROWN,0,1,2025-03-04
cx53f8ccd5426534f82cf10cb742de033e51da72fc,hx66b0a5c1aa35aa0d4ce16bd81e89b6da5f2a379f,hx0000000000000000000000000000000000000000,0x0,0xf59e525eb0ee2f27e97918abd5e237ec953b19f5c3087ad31fee84c537d9ab24,4,94201652,0.0,1741084099171217,unknown_token,0.0223306125,$unknown,9,1,2025-03-04
cx7baf94bd53b505353285ee4c4c050f9703581703,hx66b0a5c1aa35aa0d4ce16bd81e89b6da5f2a379f,hx0000000000000000000000000000000000000000,0x0,0xf59e525eb0ee2f27e97918abd5e237ec953b19f5c3087ad31fee84c537d9ab24,2,94201652,0.0,1741084099171217,unknown_token,0.0223306125,$unknown,34,1,2025-03-04
cx7baf94bd53b505353285ee4c4c050f9703581703,hx66b0a5c1aa35aa0d4ce16bd81e89b6da5f2a379f,hx0000000000000000000000000000000000000000,0x0,0xf59e525eb0ee2f27e97918abd5e237ec953b19f5c3087ad31fee84c537d9ab24,0,94201652,0.0,1741084099171217,unknown_token,0.0223306125,$unknown,26,1,2025-03-04
cxd17316e24ee40f2ef8ed6f3a497311db1b35206d,hx66b0a5c1aa35aa0d4ce16bd81e89b6da5f2a379f,hx66b0a5c1aa35aa0d4ce16bd81e89b6da5f2a379f,0x0,0xbd095d4efba25091763a693e8c965984035a64fbcaa9bd4e5597636f84174773,6,94201649,0.0,1741084093160038,unknown_token,0.023608925,$unknown,28,1,2025-03-04
cx28b2ec885b50c8a93da752f2d0467a67127a70e8,cxd17316e24ee40f2ef8ed6f3a497311db1b35206d,hx66b0a5c1aa35aa0d4ce16bd81e89b6da5f2a379f,0xad78ebc5ac6200000,0xbd095d4efba25091763a693e8c965984035a64fbcaa9bd4e5597636f84174773,5,94201649,200.0,1741084093160038,CROWN,0.023608925,CROWN,0,1,2025-03-04
cx53f8ccd5426534f82cf10cb742de033e51da72fc,hx66b0a5c1aa35aa0d4ce16bd81e89b6da5f2a379f,hx0000000000000000000000000000000000000000,0x0,0xbd095d4efba25091763a693e8c965984035a64fbcaa9bd4e5597636f84174773,4,94201649,0.0,1741084093160038,unknown_token,0.023608925,$unknown,1,1,2025-03-04
cx7baf94bd53b505353285ee4c4c050f9703581703,hx66b0a5c1aa35aa0d4ce16bd81e89b6da5f2a379f,hx0000000000000000000000000000000000000000,0x0,0xbd095d4efba25091763a693e8c965984035a64fbcaa9bd4e5597636f84174773,2,94201649,0.0,1741084093160038,unknown_token,0.023608925,$unknown,24,1,2025-03-04
cx7baf94bd53b505353285ee4c4c050f9703581703,hx66b0a5c1aa35aa0d4ce16bd81e89b6da5f2a379f,hx0000000000000000000000000000000000000000,0x0,0xbd095d4efba25091763a693e8c965984035a64fbcaa9bd4e5597636f84174773,0,94201649,0.0,1741084093160038,unknown_token,0.023608925,$unknown,1,1,2025-03-04
cxf61cd5a45dc9f91c15aa65831a30a90d59a09619,cx9345f80d6c98357ccbb70392b14162199c2c5f66,cxd82fb5d3effecd8c9071a4bba3856ad7222c4b91,0x3c9dcae78999670,0x0683ff32471f9de873d87aef0404059de80f619ee337b0cba4f84a780902f088,4,94201648,0.27299189433837734,1741084091157572,Balance Token,0.1302303,BALN,0,1,2025-03-04
cx2609b924e33ef00b648a409245c7ea394c467824,cx9345f80d6c98357ccbb70392b14162199c2c5f66,cxd82fb5d3effecd8c9071a4bba3856ad7222c4b91,0x42adb49c58b4c835,0x0683ff32471f9de873d87aef0404059de80f619ee337b0cba4f84a780902f088,3,94201648,4.804694961070328,1741084091157572,Staked ICX,0.1302303,sICX,0,1,2025-03-04
cx88fd7df7ddff82f7cc735c871dc519838cb235bb,hx0000000000000000000000000000000000000000,cx5faae53c4dbd1fbe4a2eb4aab6565030f10da5c6,0x0,0x0683ff32471f9de873d87aef0404059de80f619ee337b0cba4f84a780902f088,2,94201648,0.0,1741084091157572,Balanced Dollar,0.1302303,bnUSD,0,1,2025-03-04
cx88fd7df7ddff82f7cc735c871dc519838cb235bb,hx0000000000000000000000000000000000000000,cxd82fb5d3effecd8c9071a4bba3856ad7222c4b91,0xab7768ea55cf44f,0x0683ff32471f9de873d87aef0404059de80f619ee337b0cba4f84a780902f088,1,94201648,0.7722162161490955,1741084091157572,Balanced Dollar,0.1302303,bnUSD,0,1,2025-03-04
cx88fd7df7ddff82f7cc735c871dc519838cb235bb,hxd75467e3e4ce64e3424c747dfb71503017440433,cxd82fb5d3effecd8c9071a4bba3856ad7222c4b91,0x70dc4b20aaf3ec0000,0x0683ff32471f9de873d87aef0404059de80f619ee337b0cba4f84a780902f088,0,94201648,2081.909153485676,1741084091157572,Balanced Dollar,0.1302303,bnUSD,0,1,2025-03-04
cxd17316e24ee40f2ef8ed6f3a497311db1b35206d,hx66b0a5c1aa35aa0d4ce16bd81e89b6da5f2a379f,hx66b0a5c1aa35aa0d4ce16bd81e89b6da5f2a379f,0x0,0x7600c38aaa0d55fffb87920d3de2d5972aa208a08625e9b5b4b3daa47eb126fd,6,94201644,0.0,1741084083307996,unknown_token,0.023117175,$unknown,28,1,2025-03-04
cx28b2ec885b50c8a93da752f2d0467a67127a70e8,cxd17316e24ee40f2ef8ed6f3a497311db1b35206d,hx66b0a5c1aa35aa0d4ce16bd81e89b6da5f2a379f,0xad78ebc5ac6200000,0x7600c38aaa0d55fffb87920d3de2d5972aa208a08625e9b5b4b3daa47eb126fd,5,94201644,200.0,1741084083307996,CROWN,0.023117175,CROWN,0,1,2025-03-04
cx53f8ccd5426534f82cf10cb742de033e51da72fc,hx66b0a5c1aa35aa0d4ce16bd81e89b6da5f2a379f,hx0000000000000000000000000000000000000000,0x0,0x7600c38aaa0d55fffb87920d3de2d5972aa208a08625e9b5b4b3daa47eb126fd,4,94201644,0.0,1741084083307996,unknown_token,0.023117175,$unknown,2,1,2025-03-04
cx7baf94bd53b505353285ee4c4c050f9703581703,hx66b0a5c1aa35aa0d4ce16bd81e89b6da5f2a379f,hx0000000000000000000000000000000000000000,0x0,0x7600c38aaa0d55fffb87920d3de2d5972aa208a08625e9b5b4b3daa47eb126fd,2,94201644,0.0,1741084083307996,unknown_token,0.023117175,$unknown,3,1,2025-03-04
cx7baf94bd53b505353285ee4c4c050f9703581703,hx66b0a5c1aa35aa0d4ce16bd81e89b6da5f2a379f,hx0000000000000000000000000000000000000000,0x0,0x7600c38aaa0d55fffb87920d3de2d5972aa208a08625e9b5b4b3daa47eb126fd,0,94201644,0.0,1741084083307996,unknown_token,0.023117175,$unknown,21,1,2025-03-04
cxd17316e24ee40f2ef8ed6f3a497311db1b35206d,hx66b0a5c1aa35aa0d4ce16bd81e89b6da5f2a379f,hx66b0a5c1aa35aa0d4ce16bd81e89b6da5f2a379f,0x0,0xfea18a3d07d44cba1b196e4cfeb4d7c2c895bc6e3a58c5036c0c85952f9ee189,5,94201638,0.0,1741084071150086,unknown_token,0.0205954375,$unknown,28,1,2025-03-04
cx53f8ccd5426534f82cf10cb742de033e51da72fc,hx66b0a5c1aa35aa0d4ce16bd81e89b6da5f2a379f,hx0000000000000000000000000000000000000000,0x0,0xfea18a3d07d44cba1b196e4cfeb4d7c2c895bc6e3a58c5036c0c85952f9ee189,4,94201638,0.0,1741084071150086,unknown_token,0.0205954375,$unknown,1,1,2025-03-04
cx7baf94bd53b505353285ee4c4c050f9703581703,hx66b0a5c1aa35aa0d4ce16bd81e89b6da5f2a379f,hx0000000000000000000000000000000000000000,0x0,0xfea18a3d07d44cba1b196e4cfeb4d7c2c895bc6e3a58c5036c0c85952f9ee189,2,94201638,0.0,1741084071150086,unknown_token,0.0205954375,$unknown,14,1,2025-03-04
cx7baf94bd53b505353285ee4c4c050f9703581703,hx66b0a5c1aa35aa0d4ce16bd81e89b6da5f2a379f,hx0000000000000000000000000000000000000000,0x0,0xfea18a3d07d44cba1b196e4cfeb4d7c2c895bc6e3a58c5036c0c85952f9ee189,0,94201638,0.0,1741084071150086,unknown_token,0.0205954375,$unknown,32,1,2025-03-04
cxd17316e24ee40f2ef8ed6f3a497311db1b35206d,hx66b0a5c1aa35aa0d4ce16bd81e89b6da5f2a379f,hx66b0a5c1aa35aa0d4ce16bd81e89b6da5f2a379f,0x0,0xd126bd6ed189cd4395f198aadcd52790a92d945520d7143957bbb44740351fc3,4,94201632,0.0,1741084059281512,unknown_token,0.01780955,$unknown,28,1,2025-03-04
cx7baf94bd53b505353285ee4c4c050f9703581703,hx66b0a5c1aa35aa0d4ce16bd81e89b6da5f2a379f,hx0000000000000000000000000000000000000000,0x0,0xd126bd6ed189cd4395f198aadcd52790a92d945520d7143957bbb44740351fc3,2,94201632,0.0,1741084059281512,unknown_token,0.01780955,$unknown,3,1,2025-03-04
cx7baf94bd53b505353285ee4c4c050f9703581703,hx66b0a5c1aa35aa0d4ce16bd81e89b6da5f2a379f,hx0000000000000000000000000000000000000000,0x0,0xd126bd6ed189cd4395f198aadcd52790a92d945520d7143957bbb44740351fc3,0,94201632,0.0,1741084059281512,unknown_token,0.01780955,$unknown,4,1,2025-03-04
cxd17316e24ee40f2ef8ed6f3a497311db1b35206d,hx66b0a5c1aa35aa0d4ce16bd81e89b6da5f2a379f,hx66b0a5c1aa35aa0d4ce16bd81e89b6da5f2a379f,0x0,0xc101f121160b6ebacd172ef71e80a3eb7ddb75bb9f22ccfa63cc3ef4fdbf8424,5,94201578,0.0,1741083951112439,unknown_token,0.02109445,$unknown,33,1,2025-03-04
cx53f8ccd5426534f82cf10cb742de033e51da72fc,hx66b0a5c1aa35aa0d4ce16bd81e89b6da5f2a379f,hx0000000000000000000000000000000000000000,0x0,0xc101f121160b6ebacd172ef71e80a3eb7ddb75bb9f22ccfa63cc3ef4fdbf8424,4,94201578,0.0,1741083951112439,unknown_token,0.02109445,$unknown,8,1,2025-03-04
cx7baf94bd53b505353285ee4c4c050f9703581703,hx66b0a5c1aa35aa0d4ce16bd81e89b6da5f2a379f,hx0000000000000000000000000000000000000000,0x0,0xc101f121160b6ebacd172ef71e80a3eb7ddb75bb9f22ccfa63cc3ef4fdbf8424,2,94201578,0.0,1741083951112439,unknown_token,0.02109445,$unknown,24,1,2025-03-04
cx7baf94bd53b505353285ee4c4c050f9703581703,hx66b0a5c1aa35aa0d4ce16bd81e89b6da5f2a379f,hx0000000000000000000000000000000000000000,0x0,0xc101f121160b6ebacd172ef71e80a3eb7ddb75bb9f22ccfa63cc3ef4fdbf8424,0,94201578,0.0,1741083951112439,unknown_token,0.02109445,$unknown,4,1,2025-03-04
cx2609b924e33ef00b648a409245c7ea394c467824,hx0000000000000000000000000000000000000000,cx66d4d90f5f113eba575bf793570135f9b10cece1,0x83ecf8a948fd95964,0x26ebe7374966e77b109b298108f7413df5f067fe4f6b0a81963248c384fe1742,2,94201542,152.09994111088022,1741083879283122,Staked ICX,0.102419525,sICX,0,1,2025-03-04
cx88fd7df7ddff82f7cc735c871dc519838cb235bb,cxa0af3165c08318e988cb30993b3048335b94af6c,cx5faae53c4dbd1fbe4a2eb4aab6565030f10da5c6,0xdaca2e59dead9a,0x933b5cd8f51b8088dbb8c18e83331288d8aec3a7e8d8dbf32d51a34f16453626,2,94201525,0.061583845347995034,1741083845277541,Balanced Dollar,0.0473681375,bnUSD,0,1,2025-03-04
cx88fd7df7ddff82f7cc735c871dc519838cb235bb,cxa0af3165c08318e988cb30993b3048335b94af6c,hxd75467e3e4ce64e3424c747dfb71503017440433,0x238351486d8df9e77,0x933b5cd8f51b8088dbb8c18e83331288d8aec3a7e8d8dbf32d51a34f16453626,1,94201525,40.94365415670544,1741083845277541,Balanced Dollar,0.0473681375,bnUSD,0,1,2025-03-04
cx65c9e3d4fea842e00add0d32a5b4c5e4e04c7a6b,hxd75467e3e4ce64e3424c747dfb71503017440433,cxa0af3165c08318e988cb30993b3048335b94af6c,0x11e1a300,0x933b5cd8f51b8088dbb8c18e83331288d8aec3a7e8d8dbf32d51a34f16453626,0,94201525,0.3,1741083845277541,Solana,0.0473681375,SOL,0,1,2025-03-04
cx88fd7df7ddff82f7cc735c871dc519838cb235bb,cxa0af3165c08318e988cb30993b3048335b94af6c,cx5faae53c4dbd1fbe4a2eb4aab6565030f10da5c6,0xdae80f95182ea8,0x1549d6c36b7a20721af00a4bba2d55cf20da5c0f08ab74565737830b6ca56ac6,2,94201490,0.061616698546466474,1741083775149673,Balanced Dollar,0.04738695,bnUSD,0,1,2025-03-04
cx88fd7df7ddff82f7cc735c871dc519838cb235bb,cxa0af3165c08318e988cb30993b3048335b94af6c,hxd75467e3e4ce64e3424c747dfb71503017440433,0x23882b0985dcdc157,0x1549d6c36b7a20721af00a4bba2d55cf20da5c0f08ab74565737830b6ca56ac6,1,94201490,40.965499328970736,1741083775149673,Balanced Dollar,0.04738695,bnUSD,0,1,2025-03-04
cx65c9e3d4fea842e00add0d32a5b4c5e4e04c7a6b,hxd75467e3e4ce64e3424c747dfb71503017440433,cxa0af3165c08318e988cb30993b3048335b94af6c,0x11e1a300,0x1549d6c36b7a20721af00a4bba2d55cf20da5c0f08ab74565737830b6ca56ac6,0,94201490,0.3,1741083775149673,Solana,0.04738695,SOL,0,1,2025-03-04
cx88fd7df7ddff82f7cc735c871dc519838cb235bb,cxd82fb5d3effecd8c9071a4bba3856ad7222c4b91,hxd75467e3e4ce64e3424c747dfb71503017440433,0x6c6b935b8bbd400000,0x24925b633db5632fb00dd5ea4b8f77d4626e9067f4253774782ce00ae0a5ff97,0,94201489,2000.0,1741083773243881,Balanced Dollar,0.02069225,bnUSD,0,1,2025-03-04
cxd17316e24ee40f2ef8ed6f3a497311db1b35206d,hxdd3f99cb717505a65dc8f891c18518f35f12fb93,hxdd3f99cb717505a65dc8f891c18518f35f12fb93,0x0,0x127fc240814ff4810b9b7cd1f68ea1ce0c178f21b700c6be39b4d6225fc47b5e,0,94201488,0.0,1741083771048993,unknown_token,0.0043601375,$unknown,28,1,2025-03-04
cxf61cd5a45dc9f91c15aa65831a30a90d59a09619,cx9345f80d6c98357ccbb70392b14162199c2c5f66,cxd82fb5d3effecd8c9071a4bba3856ad7222c4b91,0xab6fbea4d3b0490,0x91ccfe176d642c0501b4f6183f68a9f226a8c5630d093c43b326b3b481225160,4,94201485,0.7720813698772512,1741083765060304,Balance Token,0.130223675,BALN,0,1,2025-03-04
cx2609b924e33ef00b648a409245c7ea394c467824,cx9345f80d6c98357ccbb70392b14162199c2c5f66,cxd82fb5d3effecd8c9071a4bba3856ad7222c4b91,0xbc94e5ad9e37d4db,0x91ccfe176d642c0501b4f6183f68a9f226a8c5630d093c43b326b3b481225160,3,94201485,13.588738509530192,1741083765060304,Staked ICX,0.130223675,sICX,0,1,2025-03-04
cx88fd7df7ddff82f7cc735c871dc519838cb235bb,hx0000000000000000000000000000000000000000,cx5faae53c4dbd1fbe4a2eb4aab6565030f10da5c6,0x0,0x91ccfe176d642c0501b4f6183f68a9f226a8c5630d093c43b326b3b481225160,2,94201485,0.0,1741083765060304,Balanced Dollar,0.130223675,bnUSD,0,1,2025-03-04
cx88fd7df7ddff82f7cc735c871dc519838cb235bb,hx0000000000000000000000000000000000000000,cxd82fb5d3effecd8c9071a4bba3856ad7222c4b91,0x1e4f807780f70517,0x91ccfe176d642c0501b4f6183f68a9f226a8c5630d093c43b326b3b481225160,1,94201485,2.1841055950511157,1741083765060304,Balanced Dollar,0.130223675,bnUSD,0,1,2025-03-04
cx88fd7df7ddff82f7cc735c871dc519838cb235bb,hxd75467e3e4ce64e3424c747dfb71503017440433,cxd82fb5d3effecd8c9071a4bba3856ad7222c4b91,0x69500dbfeb39380000,0x91ccfe176d642c0501b4f6183f68a9f226a8c5630d093c43b326b3b481225160,0,94201485,1942.6766054542327,1741083765060304,Balanced Dollar,0.130223675,bnUSD,0,1,2025-03-04
cx66a031cc3bd305c76371fb586e93801b948254f0,hx0000000000000000000000000000000000000000,hxd75467e3e4ce64e3424c747dfb71503017440433,0x2705c434dff4a3182,0xfcdef013b36f4b51c54e51fef4139437fe01616158c68f9b7082c57f2d889767,1,94201465,44.989908379799004,1741083725087015,Avalanche,0.0237590375,AVAX,0,4,2025-03-04
cx65c9e3d4fea842e00add0d32a5b4c5e4e04c7a6b,hx0000000000000000000000000000000000000000,hxd75467e3e4ce64e3424c747dfb71503017440433,0xb263b189,0x5ace86520c4f235f4fe7eab716003a29b3792e9d1772cca555ac61a99034d151,1,94201463,2.992877961,1741083721034711,Solana,0.022660075,SOL,0,2,2025-03-04
cxd17316e24ee40f2ef8ed6f3a497311db1b35206d,hxdd3f99cb717505a65dc8f891c18518f35f12fb93,hxdd3f99cb717505a65dc8f891c18518f35f12fb93,0x0,0xa7cf1c2938600a260b119046610bb3bc934cafea91294881560ee30adc1bc576,0,94201461,0.0,1741083717134073,unknown_token,0.0043601375,$unknown,28,2,2025-03-04
cx88fd7df7ddff82f7cc735c871dc519838cb235bb,cxd82fb5d3effecd8c9071a4bba3856ad7222c4b91,hxd75467e3e4ce64e3424c747dfb71503017440433,0x6c6b935b8bbd400000,0x544303e99374dbd7fa27c5eba8cc6335e2d76c370deb510ca9398b26ef311bb9,0,94201442,2000.0,1741083679229059,Balanced Dollar,0.02069225,bnUSD,0,1,2025-03-04
cxd17316e24ee40f2ef8ed6f3a497311db1b35206d,hxdd3f99cb717505a65dc8f891c18518f35f12fb93,hxdd3f99cb717505a65dc8f891c18518f35f12fb93,0x0,0x4e8fafb3e022f22304074eafc32671e22e5d53009ff8cc62a5125115f609d3ec,0,94201438,0.0,1741083671020589,unknown_token,0.0043601375,$unknown,28,1,2025-03-04
cx88fd7df7ddff82f7cc735c871dc519838cb235bb,cx203d9cd2a669be67177e997b8948ce2c35caffae,cx835b300dcfe01f0bdb794e134a0c5628384f4367,0x299546f60c2e122b,0x2e5e0465aceca9d169cf845bdea80835c3b7085a126438fcc3a53bafdec46dea,6,94201437,2.996379149665178,1741083669154685,Balanced Dollar,0.0989833875,bnUSD,0,1,2025-03-04
cx88fd7df7ddff82f7cc735c871dc519838cb235bb,cx5faae53c4dbd1fbe4a2eb4aab6565030f10da5c6,cx203d9cd2a669be67177e997b8948ce2c35caffae,0x3b6789f1c841d0d1,0x2e5e0465aceca9d169cf845bdea80835c3b7085a126438fcc3a53bafdec46dea,4,94201437,4.280541642378826,1741083669154685,Balanced Dollar,0.0989833875,bnUSD,0,1,2025-03-04
cx88fd7df7ddff82f7cc735c871dc519838cb235bb,cx5faae53c4dbd1fbe4a2eb4aab6565030f10da5c6,cxdc30a0d3a1f131565c071272a20bc0b06fd4c17b,0x3b6789f1c841d0d0,0x2e5e0465aceca9d169cf845bdea80835c3b7085a126438fcc3a53bafdec46dea,3,94201437,4.280541642378826,1741083669154685,Balanced Dollar,0.0989833875,bnUSD,0,1,2025-03-04
cx88fd7df7ddff82f7cc735c871dc519838cb235bb,cxa0af3165c08318e988cb30993b3048335b94af6c,cx5faae53c4dbd1fbe4a2eb4aab6565030f10da5c6,0xa8dbbc02ac210,0x2e5e0465aceca9d169cf845bdea80835c3b7085a126438fcc3a53bafdec46dea,2,94201437,0.002970587289534992,1741083669154685,Balanced Dollar,0.0989833875,bnUSD,0,1,2025-03-04
cx88fd7df7ddff82f7cc735c871dc519838cb235bb,cxa0af3165c08318e988cb30993b3048335b94af6c,hx06efa9167ece33af37f7153dc53bce2775f812f2,0x1b66bb916bc3ea0f,0x2e5e0465aceca9d169cf845bdea80835c3b7085a126438fcc3a53bafdec46dea,1,94201437,1.9744717199011947,1741083669154685,Balanced Dollar,0.0989833875,bnUSD,0,1,2025-03-04
cx4297f4b63262507623b6ad575d0d8dd2db980e4e,hx06efa9167ece33af37f7153dc53bce2775f812f2,cxa0af3165c08318e988cb30993b3048335b94af6c,0x28c240f81995fbd,0x2e5e0465aceca9d169cf845bdea80835c3b7085a126438fcc3a53bafdec46dea,0,94201437,0.18356133383276946,1741083669154685,Injective,0.0989833875,INJ,0,1,2025-03-04
cx88fd7df7ddff82f7cc735c871dc519838cb235bb,cxbf469921730ed3c3c8c1924fc482d369f8795fe2,hx385a695da4288bf7d70df14d1201e832c2bcf2a6,0xcd308f61d7bde8000,0x8da91b8921d1d55686009d3678eaed11d65643c2e4e93b1d287f92456e6e34ac,1,94201435,236.56760363282376,1741083665025418,Balanced Dollar,0.0417461375,bnUSD,0,2,2025-03-04
cx88fd7df7ddff82f7cc735c871dc519838cb235bb,hx385a695da4288bf7d70df14d1201e832c2bcf2a6,cxbf469921730ed3c3c8c1924fc482d369f8795fe2,0xcd308f61d7bde8000,0x8da91b8921d1d55686009d3678eaed11d65643c2e4e93b1d287f92456e6e34ac,0,94201435,236.56760363282376,1741083665025418,Balanced Dollar,0.0417461375,bnUSD,0,2,2025-03-04
cx4297f4b63262507623b6ad575d0d8dd2db980e4e,cx66d4d90f5f113eba575bf793570135f9b10cece1,cx835b300dcfe01f0bdb794e134a0c5628384f4367,0x696581368fbcb,0x83ec64a19b3f55fc7ba9c54b06511dd7a30bdf9d0924e7053bb24473156f95b4,3,94201435,0.001854154887199691,1741083665025418,Injective,0.0928055625,INJ,0,1,2025-03-04
cx4297f4b63262507623b6ad575d0d8dd2db980e4e,cx66d4d90f5f113eba575bf793570135f9b10cece1,hx06efa9167ece33af37f7153dc53bce2775f812f2,0x28c240f81995fbd,0x83ec64a19b3f55fc7ba9c54b06511dd7a30bdf9d0924e7053bb24473156f95b4,1,94201435,0.18356133383276946,1741083665025418,Injective,0.0928055625,INJ,0,1,2025-03-04
cx88fd7df7ddff82f7cc735c871dc519838cb235bb,hx06efa9167ece33af37f7153dc53bce2775f812f2,hx0000000000000000000000000000000000000000,0x1a55375085981112,0x83ec64a19b3f55fc7ba9c54b06511dd7a30bdf9d0924e7053bb24473156f95b4,0,94201435,1.897483636984779,1741083665025418,Balanced Dollar,0.0928055625,bnUSD,0,1,2025-03-04
cx88fd7df7ddff82f7cc735c871dc519838cb235bb,cxa0af3165c08318e988cb30993b3048335b94af6c,cx5faae53c4dbd1fbe4a2eb4aab6565030f10da5c6,0xdb05f6f018c125,0x0a166c830d0a43566e7f1effd1eacd9b2899b2c995bc4c1a8bccbea2de5e7308,2,94201402,0.06164957804788151,1741083598993150,Balanced Dollar,0.0473655125,bnUSD,0,1,2025-03-04
cx88fd7df7ddff82f7cc735c871dc519838cb235bb,cxa0af3165c08318e988cb30993b3048335b94af6c,hxd75467e3e4ce64e3424c747dfb71503017440433,0x238d05c9290f45900,0x0a166c830d0a43566e7f1effd1eacd9b2899b2c995bc4c1a8bccbea2de5e7308,1,94201402,40.9873619932658,1741083598993150,Balanced Dollar,0.0473655125,bnUSD,0,1,2025-03-04
cx65c9e3d4fea842e00add0d32a5b4c5e4e04c7a6b,hxd75467e3e4ce64e3424c747dfb71503017440433,cxa0af3165c08318e988cb30993b3048335b94af6c,0x11e1a300,0x0a166c830d0a43566e7f1effd1eacd9b2899b2c995bc4c1a8bccbea2de5e7308,0,94201402,0.3,1741083598993150,Solana,0.0473655125,SOL,0,1,2025-03-04
cxd17316e24ee40f2ef8ed6f3a497311db1b35206d,hxdd3f99cb717505a65dc8f891c18518f35f12fb93,hxdd3f99cb717505a65dc8f891c18518f35f12fb93,0x0,0x06637623b7cc3e885e716535848bc18152fd9ef5d5c9fdfd432d38d3640feed8,0,94201374,0.0,1741083542973882,unknown_token,0.0043651375,$unknown,33,1,2025-03-04
cx88fd7df7ddff82f7cc735c871dc519838cb235bb,cxa0af3165c08318e988cb30993b3048335b94af6c,cx5faae53c4dbd1fbe4a2eb4aab6565030f10da5c6,0xdb23e46c8d00af,0x6ffbc4601a67de283a201fddfd75f4fdeb9d21a6fd576bb2d066f987bc3c0435,2,94201369,0.06168248388032939,1741083533134313,Balanced Dollar,0.0473655125,bnUSD,0,1,2025-03-04
cx88fd7df7ddff82f7cc735c871dc519838cb235bb,cxa0af3165c08318e988cb30993b3048335b94af6c,hxd75467e3e4ce64e3424c747dfb71503017440433,0x2391e1879cbe30f17,0x6ffbc4601a67de283a201fddfd75f4fdeb9d21a6fd576bb2d066f987bc3c0435,1,94201369,41.00924216827308,1741083533134313,Balanced Dollar,0.0473655125,bnUSD,0,1,2025-03-04
cx65c9e3d4fea842e00add0d32a5b4c5e4e04c7a6b,hxd75467e3e4ce64e3424c747dfb71503017440433,cxa0af3165c08318e988cb30993b3048335b94af6c,0x11e1a300,0x6ffbc4601a67de283a201fddfd75f4fdeb9d21a6fd576bb2d066f987bc3c0435,0,94201369,0.3,1741083533134313,Solana,0.0473655125,SOL,0,1,2025-03-04
cxd17316e24ee40f2ef8ed6f3a497311db1b35206d,hxdd3f99cb717505a65dc8f891c18518f35f12fb93,hxdd3f99cb717505a65dc8f891c18518f35f12fb93,0x0,0x4c418a48ebc1b7c70d1974d5431443c1854506d704075a2e7f2d303136833e31,0,94201364,0.0,1741083523154853,unknown_token,0.0043651375,$unknown,33,1,2025-03-04
cx88fd7df7ddff82f7cc735c871dc519838cb235bb,cxa0af3165c08318e988cb30993b3048335b94af6c,cx5faae53c4dbd1fbe4a2eb4aab6565030f10da5c6,0xdb41d80c221b69,0x7df865d2820b46ec0cebb74e3db235eafec97b571872cf1a9b337ce3419ef2d5,2,94201363,0.061715416071936875,1741083520964777,Balanced Dollar,0.0473655125,bnUSD,0,1,2025-03-04
cx88fd7df7ddff82f7cc735c871dc519838cb235bb,cxa0af3165c08318e988cb30993b3048335b94af6c,hxd75467e3e4ce64e3424c747dfb71503017440433,0x2396be45269a645c0,0x7df865d2820b46ec0cebb74e3db235eafec97b571872cf1a9b337ce3419ef2d5,1,94201363,41.03113987269999,1741083520964777,Balanced Dollar,0.0473655125,bnUSD,0,1,2025-03-04
cx65c9e3d4fea842e00add0d32a5b4c5e4e04c7a6b,hxd75467e3e4ce64e3424c747dfb71503017440433,cxa0af3165c08318e988cb30993b3048335b94af6c,0x11e1a300,0x7df865d2820b46ec0cebb74e3db235eafec97b571872cf1a9b337ce3419ef2d5,0,94201363,0.3,1741083520964777,Solana,0.0473655125,SOL,0,1,2025-03-04
cxd17316e24ee40f2ef8ed6f3a497311db1b35206d,hxdd3f99cb717505a65dc8f891c18518f35f12fb93,hxdd3f99cb717505a65dc8f891c18518f35f12fb93,0x0,0x574ad0323e1f758fcde8a9b0702f37112fdbcc85006b521b5b78a06f0266d426,0,94201356,0.0,1741083506959605,unknown_token,0.0043651375,$unknown,33,1,2025-03-04
cx88fd7df7ddff82f7cc735c871dc519838cb235bb,cxa0af3165c08318e988cb30993b3048335b94af6c,cx5faae53c4dbd1fbe4a2eb4aab6565030f10da5c6,0xdb5fd1d085d234,0x3c76e00fb796f10e22b4abb02a49d0ae7567546b26b8516dae0d5f8a9e8f1891,2,94201354,0.06174837465086828,1741083502982958,Balanced Dollar,0.0473655125,bnUSD,0,1,2025-03-04
cx88fd7df7ddff82f7cc735c871dc519838cb235bb,cxa0af3165c08318e988cb30993b3048335b94af6c,hxd75467e3e4ce64e3424c747dfb71503017440433,0x239b9c020c6c7b3d8,0x3c76e00fb796f10e22b4abb02a49d0ae7567546b26b8516dae0d5f8a9e8f1891,1,94201354,41.05305512527893,1741083502982958,Balanced Dollar,0.0473655125,bnUSD,0,1,2025-03-04
cx65c9e3d4fea842e00add0d32a5b4c5e4e04c7a6b,hxd75467e3e4ce64e3424c747dfb71503017440433,cxa0af3165c08318e988cb30993b3048335b94af6c,0x11e1a300,0x3c76e00fb796f10e22b4abb02a49d0ae7567546b26b8516dae0d5f8a9e8f1891,0,94201354,0.3,1741083502982958,Solana,0.0473655125,SOL,0,1,2025-03-04
cx88fd7df7ddff82f7cc735c871dc519838cb235bb,cx21e94c08c03daee80c25d8ee3ea22a20786ec231,hx970eda4988e547df0de8324226fdf3e8ebc9734f,0x9ab4fa79089c8734d,0xc60f94becf78a7f3660e20f8957a48c772cd530e6d2d8eb137147b8b2dfa599f,5,94201333,178.36496600626052,1741083460942707,Balanced Dollar,0.0766624625,bnUSD,0,1,2025-03-04
cx88fd7df7ddff82f7cc735c871dc519838cb235bb,cxa0af3165c08318e988cb30993b3048335b94af6c,cx5faae53c4dbd1fbe4a2eb4aab6565030f10da5c6,0x3af012ba9f2e485,0xc60f94becf78a7f3660e20f8957a48c772cd530e6d2d8eb137147b8b2dfa599f,3,94201333,0.2654321900846378,1741083460942707,Balanced Dollar,0.0766624625,bnUSD,0,1,2025-03-04
cx88fd7df7ddff82f7cc735c871dc519838cb235bb,cxa0af3165c08318e988cb30993b3048335b94af6c,cx21e94c08c03daee80c25d8ee3ea22a20786ec231,0x9ab4fa79089c8734d,0xc60f94becf78a7f3660e20f8957a48c772cd530e6d2d8eb137147b8b2dfa599f,2,94201333,178.36496600626052,1741083460942707,Balanced Dollar,0.0766624625,bnUSD,0,1,2025-03-04
cxfe94530ee0d159db3e5b7dcffbcd0dfb360075c0,cx21e94c08c03daee80c25d8ee3ea22a20786ec231,cxa0af3165c08318e988cb30993b3048335b94af6c,0x1cddec08b1af8200000,0xc60f94becf78a7f3660e20f8957a48c772cd530e6d2d8eb137147b8b2dfa599f,1,94201333,8520.0,1741083460942707,Liquid Finance Staked ARCH,0.0766624625,sARCH,0,1,2025-03-04
cxfe94530ee0d159db3e5b7dcffbcd0dfb360075c0,hx970eda4988e547df0de8324226fdf3e8ebc9734f,cx21e94c08c03daee80c25d8ee3ea22a20786ec231,0x1cddec08b1af8200000,0xc60f94becf78a7f3660e20f8957a48c772cd530e6d2d8eb137147b8b2dfa599f,0,94201333,8520.0,1741083460942707,Liquid Finance Staked ARCH,0.0766624625,sARCH,0,1,2025-03-04
cx88fd7df7ddff82f7cc735c871dc519838cb235bb,cxa0af3165c08318e988cb30993b3048335b94af6c,cx5faae53c4dbd1fbe4a2eb4aab6565030f10da5c6,0xe743697ee93000,0x4a551f579566c751aecd4fb0401871ee4c3b08698c34ec95c7c5140db151e3d8,2,94201326,0.06509484,1741083446934607,Balanced Dollar,0.0563614,bnUSD,0,1,2025-03-04
cx4297f4b63262507623b6ad575d0d8dd2db980e4e,cxa0af3165c08318e988cb30993b3048335b94af6c,hxd75467e3e4ce64e3424c747dfb71503017440433,0x37aaa3161a1d23b2,0x4a551f579566c751aecd4fb0401871ee4c3b08698c34ec95c7c5140db151e3d8,1,94201326,4.011197733449573,1741083446934607,Injective,0.0563614,INJ,0,1,2025-03-04
cx88fd7df7ddff82f7cc735c871dc519838cb235bb,hxd75467e3e4ce64e3424c747dfb71503017440433,cxa0af3165c08318e988cb30993b3048335b94af6c,0x25a3f8d6529ed0000,0x4a551f579566c751aecd4fb0401871ee4c3b08698c34ec95c7c5140db151e3d8,0,94201326,43.39656,1741083446934607,Balanced Dollar,0.0563614,bnUSD,0,1,2025-03-04
cx88fd7df7ddff82f7cc735c871dc519838cb235bb,cxa0af3165c08318e988cb30993b3048335b94af6c,cx5faae53c4dbd1fbe4a2eb4aab6565030f10da5c6,0xe743697ee93000,0x25ef6c9c605c997c96aab005bfbf38872faaa6814b2c3307be2554a9ec94ffb5,2,94201313,0.06509484,1741083420929481,Balanced Dollar,0.0563614,bnUSD,0,1,2025-03-04
cx4297f4b63262507623b6ad575d0d8dd2db980e4e,cxa0af3165c08318e988cb30993b3048335b94af6c,hxd75467e3e4ce64e3424c747dfb71503017440433,0x37b1624d796dd8f8,0x25ef6c9c605c997c96aab005bfbf38872faaa6814b2c3307be2554a9ec94ffb5,1,94201313,4.013096827853069,1741083420929481,Injective,0.0563614,INJ,0,1,2025-03-04
cx88fd7df7ddff82f7cc735c871dc519838cb235bb,hxd75467e3e4ce64e3424c747dfb71503017440433,cxa0af3165c08318e988cb30993b3048335b94af6c,0x25a3f8d6529ed0000,0x25ef6c9c605c997c96aab005bfbf38872faaa6814b2c3307be2554a9ec94ffb5,0,94201313,43.39656,1741083420929481,Balanced Dollar,0.0563614,bnUSD,0,1,2025-03-04
cx88fd7df7ddff82f7cc735c871dc519838cb235bb,cxa0af3165c08318e988cb30993b3048335b94af6c,cx5faae53c4dbd1fbe4a2eb4aab6565030f10da5c6,0xe70ce5a080c800,0xc398068e57b549487dc63249cb0c9742f67bb2ee0a59e062464fd7af9c7300b0,2,94201303,0.0650349,1741083400920933,Balanced Dollar,0.0563614,bnUSD,0,1,2025-03-04
cx4297f4b63262507623b6ad575d0d8dd2db980e4e,cxa0af3165c08318e988cb30993b3048335b94af6c,hxd75467e3e4ce64e3424c747dfb71503017440433,0x37aaff807e261022,0xc398068e57b549487dc63249cb0c9742f67bb2ee0a59e062464fd7af9c7300b0,1,94201303,4.0112993454641686,1741083400920933,Injective,0.0563614,INJ,0,1,2025-03-04
cx88fd7df7ddff82f7cc735c871dc519838cb235bb,hxd75467e3e4ce64e3424c747dfb71503017440433,cxa0af3165c08318e988cb30993b3048335b94af6c,0x259b195fca4b38000,0xc398068e57b549487dc63249cb0c9742f67bb2ee0a59e062464fd7af9c7300b0,0,94201303,43.3566,1741083400920933,Balanced Dollar,0.0563614,bnUSD,0,1,2025-03-04
cx88fd7df7ddff82f7cc735c871dc519838cb235bb,cxa0af3165c08318e988cb30993b3048335b94af6c,cx5faae53c4dbd1fbe4a2eb4aab6565030f10da5c6,0xe70ce5a080c800,0x06ee5e2be819b0311c4b6bc0fef6a486e40bf90f40ab0d86875315c8bb172761,2,94201271,0.0650349,1741083336953142,Balanced Dollar,0.0563614,bnUSD,0,1,2025-03-04
cx4297f4b63262507623b6ad575d0d8dd2db980e4e,cxa0af3165c08318e988cb30993b3048335b94af6c,hxd75467e3e4ce64e3424c747dfb71503017440433,0x37b1bdfd1f7879be,0x06ee5e2be819b0311c4b6bc0fef6a486e40bf90f40ab0d86875315c8bb172761,1,94201271,4.013197637816187,1741083336953142,Injective,0.0563614,INJ,0,1,2025-03-04
cx88fd7df7ddff82f7cc735c871dc519838cb235bb,hxd75467e3e4ce64e3424c747dfb71503017440433,cxa0af3165c08318e988cb30993b3048335b94af6c,0x259b195fca4b38000,0x06ee5e2be819b0311c4b6bc0fef6a486e40bf90f40ab0d86875315c8bb172761,0,94201271,43.3566,1741083336953142,Balanced Dollar,0.0563614,bnUSD,0,1,2025-03-04
cx88fd7df7ddff82f7cc735c871dc519838cb235bb,cxa0af3165c08318e988cb30993b3048335b94af6c,cx5faae53c4dbd1fbe4a2eb4aab6565030f10da5c6,0xe70ce5a080c800,0xcbbb963c537a4c1f93f7f64b3001c06c275b6f4790ae17dbb1b28845e63dce34,2,94201265,0.0650349,1741083324961263,Balanced Dollar,0.0563614,bnUSD,0,1,2025-03-04
cx4297f4b63262507623b6ad575d0d8dd2db980e4e,cxa0af3165c08318e988cb30993b3048335b94af6c,hxd75467e3e4ce64e3424c747dfb71503017440433,0x37b87db3a5df2993,0xcbbb963c537a4c1f93f7f64b3001c06c275b6f4790ae17dbb1b28845e63dce34,1,94201265,4.015097278336281,1741083324961263,Injective,0.0563614,INJ,0,1,2025-03-04
cx88fd7df7ddff82f7cc735c871dc519838cb235bb,hxd75467e3e4ce64e3424c747dfb71503017440433,cxa0af3165c08318e988cb30993b3048335b94af6c,0x259b195fca4b38000,0xcbbb963c537a4c1f93f7f64b3001c06c275b6f4790ae17dbb1b28845e63dce34,0,94201265,43.3566,1741083324961263,Balanced Dollar,0.0563614,bnUSD,0,1,2025-03-04
cx88fd7df7ddff82f7cc735c871dc519838cb235bb,cxd82fb5d3effecd8c9071a4bba3856ad7222c4b91,hx2795b422d55c51caa27f5c6397561e73d73e8bff,0xbaf83f453d8780000,0x96fa3bd0941544b570886a0f819156724e753c1c43d12ec5322448eb049917e1,0,94201250,215.56140563034276,1741083295089062,Balanced Dollar,0.02068975,bnUSD,0,1,2025-03-04
cx88fd7df7ddff82f7cc735c871dc519838cb235bb,hx8ccc49ec007aed0f99de50f239ecb5d457df7bb3,hx0000000000000000000000000000000000000000,0x4717e2d3b16e480000,0x13f06b4502970178ee78026b7878640ba24988f8127cd19dc1c1a69bb2db4068,0,94201249,1311.44,1741083292886464,Balanced Dollar,0.057857275,bnUSD,0,1,2025-03-04
cx88fd7df7ddff82f7cc735c871dc519838cb235bb,cxa0af3165c08318e988cb30993b3048335b94af6c,cx5faae53c4dbd1fbe4a2eb4aab6565030f10da5c6,0x47cbdef3ad21999,0x1fb4726db706bcae9a1d0347fd73222c7aa4768e71901b4a801daf1318fad5ce,2,94201248,0.32334210844551414,1741083290882013,Balanced Dollar,0.05634815,bnUSD,0,1,2025-03-04
cx4297f4b63262507623b6ad575d0d8dd2db980e4e,cxa0af3165c08318e988cb30993b3048335b94af6c,hx2795b422d55c51caa27f5c6397561e73d73e8bff,0x1156cf39aba00c5ca,0x1fb4726db706bcae9a1d0347fd73222c7aa4768e71901b4a801daf1318fad5ce,1,94201248,19.990620691861913,1741083290882013,Injective,0.05634815,INJ,0,1,2025-03-04
cx88fd7df7ddff82f7cc735c871dc519838cb235bb,hx2795b422d55c51caa27f5c6397561e73d73e8bff,cxa0af3165c08318e988cb30993b3048335b94af6c,0xbaf83f453d8780000,0x1fb4726db706bcae9a1d0347fd73222c7aa4768e71901b4a801daf1318fad5ce,0,94201248,215.56140563034276,1741083290882013,Balanced Dollar,0.05634815,bnUSD,0,1,2025-03-04
cx88fd7df7ddff82f7cc735c871dc519838cb235bb,cxa0af3165c08318e988cb30993b3048335b94af6c,cx5faae53c4dbd1fbe4a2eb4aab6565030f10da5c6,0xe743697ee93000,0x5a1e877286a2581e650e295c9b5c383178fb1603048c0e410ff923b66ab8ef69,2,94201247,0.06509484,1741083289095624,Balanced Dollar,0.0563614,bnUSD,0,1,2025-03-04
cx4297f4b63262507623b6ad575d0d8dd2db980e4e,cxa0af3165c08318e988cb30993b3048335b94af6c,hxd75467e3e4ce64e3424c747dfb71503017440433,0x37ee14dbb4ee2847,0x5a1e877286a2581e650e295c9b5c383178fb1603048c0e410ff923b66ab8ef69,1,94201247,4.030181650409073,1741083289095624,Injective,0.0563614,INJ,0,1,2025-03-04
cx88fd7df7ddff82f7cc735c871dc519838cb235bb,hxd75467e3e4ce64e3424c747dfb71503017440433,cxa0af3165c08318e988cb30993b3048335b94af6c,0x25a3f8d6529ed0000,0x5a1e877286a2581e650e295c9b5c383178fb1603048c0e410ff923b66ab8ef69,0,94201247,43.39656,1741083289095624,Balanced Dollar,0.0563614,bnUSD,0,1,2025-03-04
cx88fd7df7ddff82f7cc735c871dc519838cb235bb,cxa0af3165c08318e988cb30993b3048335b94af6c,cx5faae53c4dbd1fbe4a2eb4aab6565030f10da5c6,0xe6d661c2186000,0xc8e2b1a543d195c23dbdd33d007e3683a47b596c0bfef7ef03c6199fd029f6ed,2,94201234,0.06497496,1741083262875746,Balanced Dollar,0.0563614,bnUSD,0,1,2025-03-04
cx4297f4b63262507623b6ad575d0d8dd2db980e4e,cxa0af3165c08318e988cb30993b3048335b94af6c,hxd75467e3e4ce64e3424c747dfb71503017440433,0x37da7d38bb1838a5,0xc8e2b1a543d195c23dbdd33d007e3683a47b596c0bfef7ef03c6199fd029f6ed,1,94201234,4.024666899619527,1741083262875746,Injective,0.0563614,INJ,0,1,2025-03-04
cx88fd7df7ddff82f7cc735c871dc519838cb235bb,hxd75467e3e4ce64e3424c747dfb71503017440433,cxa0af3165c08318e988cb30993b3048335b94af6c,0x259239e941f7a0000,0xc8e2b1a543d195c23dbdd33d007e3683a47b596c0bfef7ef03c6199fd029f6ed,0,94201234,43.31664,1741083262875746,Balanced Dollar,0.0563614,bnUSD,0,1,2025-03-04
cx4297f4b63262507623b6ad575d0d8dd2db980e4e,cx21e94c08c03daee80c25d8ee3ea22a20786ec231,hx2debd9ec927cca1639da8d3518dd9dbf1cdfb357,0x1a05473ec056742e6,0x54d8f10e49837648b56bb6ac9d7497e462a827124942cee918e8fc4d73ad7f4f,5,94201229,29.999730475361847,1741083252910395,Injective,0.088385925,INJ,0,1,2025-03-04
cx88fd7df7ddff82f7cc735c871dc519838cb235bb,cxa0af3165c08318e988cb30993b3048335b94af6c,cx5faae53c4dbd1fbe4a2eb4aab6565030f10da5c6,0x6b536c9ba95411c,0x54d8f10e49837648b56bb6ac9d7497e462a827124942cee918e8fc4d73ad7f4f,3,94201229,0.4833527750588665,1741083252910395,Balanced Dollar,0.088385925,bnUSD,0,1,2025-03-04
cx4297f4b63262507623b6ad575d0d8dd2db980e4e,cxa0af3165c08318e988cb30993b3048335b94af6c,cx21e94c08c03daee80c25d8ee3ea22a20786ec231,0x1a05473ec056742e6,0x54d8f10e49837648b56bb6ac9d7497e462a827124942cee918e8fc4d73ad7f4f,2,94201229,29.999730475361847,1741083252910395,Injective,0.088385925,INJ,0,1,2025-03-04
cx88fd7df7ddff82f7cc735c871dc519838cb235bb,cx21e94c08c03daee80c25d8ee3ea22a20786ec231,cxa0af3165c08318e988cb30993b3048335b94af6c,0x1177e958008f598e40,0x54d8f10e49837648b56bb6ac9d7497e462a827124942cee918e8fc4d73ad7f4f,1,94201229,322.23518337257764,1741083252910395,Balanced Dollar,0.088385925,bnUSD,0,1,2025-03-04
cx88fd7df7ddff82f7cc735c871dc519838cb235bb,hx2debd9ec927cca1639da8d3518dd9dbf1cdfb357,cx21e94c08c03daee80c25d8ee3ea22a20786ec231,0x1177e958008f598e40,0x54d8f10e49837648b56bb6ac9d7497e462a827124942cee918e8fc4d73ad7f4f,0,94201229,322.23518337257764,1741083252910395,Balanced Dollar,0.088385925,bnUSD,0,1,2025-03-04
cx4297f4b63262507623b6ad575d0d8dd2db980e4e,cx21e94c08c03daee80c25d8ee3ea22a20786ec231,hx2debd9ec927cca1639da8d3518dd9dbf1cdfb357,0x1a05473ebd3a3aad3,0xb62eafbd637a49555940481ee3ce60fb7dee438b5e1987622be179024ee37c72,5,94201225,29.999730474526945,1741083245069601,Injective,0.088385925,INJ,0,1,2025-03-04
cx88fd7df7ddff82f7cc735c871dc519838cb235bb,cxa0af3165c08318e988cb30993b3048335b94af6c,cx5faae53c4dbd1fbe4a2eb4aab6565030f10da5c6,0x6af2c67eb9b51ec,0xb62eafbd637a49555940481ee3ce60fb7dee438b5e1987622be179024ee37c72,3,94201225,0.48165250999801085,1741083245069601,Balanced Dollar,0.088385925,bnUSD,0,1,2025-03-04
cx4297f4b63262507623b6ad575d0d8dd2db980e4e,cxa0af3165c08318e988cb30993b3048335b94af6c,cx21e94c08c03daee80c25d8ee3ea22a20786ec231,0x1a05473ebd3a3aad3,0xb62eafbd637a49555940481ee3ce60fb7dee438b5e1987622be179024ee37c72,2,94201225,29.999730474526945,1741083245069601,Injective,0.088385925,INJ,0,1,2025-03-04
cx88fd7df7ddff82f7cc735c871dc519838cb235bb,cx21e94c08c03daee80c25d8ee3ea22a20786ec231,cxa0af3165c08318e988cb30993b3048335b94af6c,0x11682e4ea039d00140,0xb62eafbd637a49555940481ee3ce60fb7dee438b5e1987622be179024ee37c72,1,94201225,321.10167333200724,1741083245069601,Balanced Dollar,0.088385925,bnUSD,0,1,2025-03-04
cx88fd7df7ddff82f7cc735c871dc519838cb235bb,hx2debd9ec927cca1639da8d3518dd9dbf1cdfb357,cx21e94c08c03daee80c25d8ee3ea22a20786ec231,0x11682e4ea039d00140,0xb62eafbd637a49555940481ee3ce60fb7dee438b5e1987622be179024ee37c72,0,94201225,321.10167333200724,1741083245069601,Balanced Dollar,0.088385925,bnUSD,0,1,2025-03-04
cx88fd7df7ddff82f7cc735c871dc519838cb235bb,cx21e94c08c03daee80c25d8ee3ea22a20786ec231,hx8ccc49ec007aed0f99de50f239ecb5d457df7bb3,0x4717e23734b9a6cc44,0x150628fc2293b5c2def14f7e43693d0a26d9b1ab1e43be40289d0cbce77cc921,7,94201215,1311.4398279405796,1741083224931267,Balanced Dollar,0.099464225,bnUSD,0,1,2025-03-04
cx88fd7df7ddff82f7cc735c871dc519838cb235bb,cxa0af3165c08318e988cb30993b3048335b94af6c,cx5faae53c4dbd1fbe4a2eb4aab6565030f10da5c6,0x1b2f70dca4c8394c,0x150628fc2293b5c2def14f7e43693d0a26d9b1ab1e43be40289d0cbce77cc921,5,94201215,1.9589084558891565,1741083224931267,Balanced Dollar,0.099464225,bnUSD,0,1,2025-03-04
cx88fd7df7ddff82f7cc735c871dc519838cb235bb,cxa0af3165c08318e988cb30993b3048335b94af6c,cx21e94c08c03daee80c25d8ee3ea22a20786ec231,0x4717e23734b9a6cc44,0x150628fc2293b5c2def14f7e43693d0a26d9b1ab1e43be40289d0cbce77cc921,4,94201215,1311.4398279405796,1741083224931267,Balanced Dollar,0.099464225,bnUSD,0,1,2025-03-04
cx4297f4b63262507623b6ad575d0d8dd2db980e4e,cx21e94c08c03daee80c25d8ee3ea22a20786ec231,cxa0af3165c08318e988cb30993b3048335b94af6c,0x6a54deb87c035c000,0x150628fc2293b5c2def14f7e43693d0a26d9b1ab1e43be40289d0cbce77cc921,3,94201215,122.5919,1741083224931267,Injective,0.099464225,INJ,0,1,2025-03-04
cx4297f4b63262507623b6ad575d0d8dd2db980e4e,hx0000000000000000000000000000000000000000,cx21e94c08c03daee80c25d8ee3ea22a20786ec231,0x6a54deb87c035c000,0x150628fc2293b5c2def14f7e43693d0a26d9b1ab1e43be40289d0cbce77cc921,1,94201215,122.5919,1741083224931267,Injective,0.099464225,INJ,0,1,2025-03-04
cx88fd7df7ddff82f7cc735c871dc519838cb235bb,cxa0af3165c08318e988cb30993b3048335b94af6c,cx5faae53c4dbd1fbe4a2eb4aab6565030f10da5c6,0xdb7dd1bb6678f2,0x8a888d1aa968ee8eb4d6f8462fb8e3ea5dc7604aa377df8c886da4722cde5062,2,94201145,0.06178135964532555,1741083084925310,Balanced Dollar,0.0473655125,bnUSD,0,1,2025-03-04
cx88fd7df7ddff82f7cc735c871dc519838cb235bb,cxa0af3165c08318e988cb30993b3048335b94af6c,hxd75467e3e4ce64e3424c747dfb71503017440433,0x23a07abe9414f0187,0x8a888d1aa968ee8eb4d6f8462fb8e3ea5dc7604aa377df8c886da4722cde5062,1,94201145,41.07498794476732,1741083084925310,Balanced Dollar,0.0473655125,bnUSD,0,1,2025-03-04
cx65c9e3d4fea842e00add0d32a5b4c5e4e04c7a6b,hxd75467e3e4ce64e3424c747dfb71503017440433,cxa0af3165c08318e988cb30993b3048335b94af6c,0x11e1a300,0x8a888d1aa968ee8eb4d6f8462fb8e3ea5dc7604aa377df8c886da4722cde5062,0,94201145,0.3,1741083084925310,Solana,0.0473655125,SOL,0,1,2025-03-04
cx88fd7df7ddff82f7cc735c871dc519838cb235bb,cxa0af3165c08318e988cb30993b3048335b94af6c,cx5faae53c4dbd1fbe4a2eb4aab6565030f10da5c6,0xdb9bd7ce72f6bc,0xd7715f1f1d711a1e295903234a1cc5b1429e5fe390ad33753ed599ff155bfc6f,2,94201138,0.06181437108354835,1741083070805019,Balanced Dollar,0.0473655125,bnUSD,0,1,2025-03-04
cx88fd7df7ddff82f7cc735c871dc519838cb235bb,cxa0af3165c08318e988cb30993b3048335b94af6c,hxd75467e3e4ce64e3424c747dfb71503017440433,0x23a55a7b038c2650e,0xd7715f1f1d711a1e295903234a1cc5b1429e5fe390ad33753ed599ff155bfc6f,1,94201138,41.09693834994768,1741083070805019,Balanced Dollar,0.0473655125,bnUSD,0,1,2025-03-04
cx65c9e3d4fea842e00add0d32a5b4c5e4e04c7a6b,hxd75467e3e4ce64e3424c747dfb71503017440433,cxa0af3165c08318e988cb30993b3048335b94af6c,0x11e1a300,0xd7715f1f1d711a1e295903234a1cc5b1429e5fe390ad33753ed599ff155bfc6f,0,94201138,0.3,1741083070805019,Solana,0.0473655125,SOL,0,1,2025-03-04
cx6139a27c15f1653471ffba0b4b88dc15de7e3267,hx0000000000000000000000000000000000000000,hx8d8c3fb923e07671c8e6348f03a88bc398d82d05,0x3dccad980569500000,0x163f7045360f5c5ef592cad95f7606aef1eef25857261003a030ac5e9afdd864,0,94201136,1140.0,1741083066911220,GangstaBet Token,0.0128189125,GBET,0,1,2025-03-04
cx4297f4b63262507623b6ad575d0d8dd2db980e4e,cx66d4d90f5f113eba575bf793570135f9b10cece1,hx0000000000000000000000000000000000000000,0x6a57c1af61e4a4000,0xaac2c49b22034bb93ae181210000e6697b589e3047e2a987236bbd4477fb0e9b,2,94201110,122.6049,1741083014807483,Injective,0.0650791625,INJ,0,1,2025-03-04
cx88fd7df7ddff82f7cc735c871dc519838cb235bb,hx3ce68f077a49ddbcb97ba97a0a07dd176276631b,hx0000000000000000000000000000000000000000,0x1b1adbea2f4a237a14,0x97cf12c87a5b949693ac314e51c523a7486a480c3d7177aa3970f7f40a027f54,0,94201105,499.9974879438719,1741083004787698,Balanced Dollar,0.0580838,bnUSD,0,1,2025-03-04
cx88fd7df7ddff82f7cc735c871dc519838cb235bb,cxd82fb5d3effecd8c9071a4bba3856ad7222c4b91,hx3ce68f077a49ddbcb97ba97a0a07dd176276631b,0x1b1ae4d6e2ef500000,0x7186849f70fc6a0739313c8575c1a09f96920d961b2f6b2e10455295ad5b0aee,0,94201096,500.0,1741082986841002,Balanced Dollar,0.020915375,bnUSD,0,1,2025-03-04
cx88fd7df7ddff82f7cc735c871dc519838cb235bb,hx8ccc49ec007aed0f99de50f239ecb5d457df7bb3,hx0000000000000000000000000000000000000000,0x30f3fef1c2b65018ab,0x9f825e6625eec244e3d4014f3f704cd6dc0ec730453ba54cff35dc772f31c24e,0,94201083,903.0254713519441,1741082960773075,Balanced Dollar,0.057854275,bnUSD,0,1,2025-03-04
cx88fd7df7ddff82f7cc735c871dc519838cb235bb,cxa0af3165c08318e988cb30993b3048335b94af6c,hx4dc7903504bb800a462378348a42f53742759e0b,0x1dbc922ea0eb5ad,0x8d7d7a90905ec89f5612fb525c06049eb445814727882e4d51367ca338aaad76,3,94201069,0.1339217657304652,1741082932924899,Balanced Dollar,0.0347677125,bnUSD,0,6,2025-03-04
cx4297f4b63262507623b6ad575d0d8dd2db980e4e,hx4dc7903504bb800a462378348a42f53742759e0b,cxa0af3165c08318e988cb30993b3048335b94af6c,0x3c16292ffad4c400,0xe12ff36407424ca2fa22beee260c3249f0891a4866b5aace61228f2163d0346c,0,94201069,4.32969337781176,1741082932924899,Injective,0.021622575,INJ,0,5,2025-03-04
cx88fd7df7ddff82f7cc735c871dc519838cb235bb,hx4dc7903504bb800a462378348a42f53742759e0b,cxa0af3165c08318e988cb30993b3048335b94af6c,0x28b399341bcbce000,0x24316157b291207fa3eb793ec1273b2f2d8d7f9b46eab449676386f280f71105,0,94201069,46.92569970291225,1741082932924899,Balanced Dollar,0.02221895,bnUSD,0,4,2025-03-04
cx4297f4b63262507623b6ad575d0d8dd2db980e4e,cx21e94c08c03daee80c25d8ee3ea22a20786ec231,hx4dc7903504bb800a462378348a42f53742759e0b,0x3c1dda70c51f9b1d,0x2ec6e01d076d9ca34220dbaf2ccc6d039bf4c38b7e279fa6e877adf916d3c13f,12,94201067,4.3318585944786605,1741082928951178,Injective,0.22893805,INJ,0,2,2025-03-04
cx88fd7df7ddff82f7cc735c871dc519838cb235bb,cxa0af3165c08318e988cb30993b3048335b94af6c,cx5faae53c4dbd1fbe4a2eb4aab6565030f10da5c6,0xfa2b03706825fa,0x2ec6e01d076d9ca34220dbaf2ccc6d039bf4c38b7e279fa6e877adf916d3c13f,10,94201067,0.07041603794843392,1741082928951178,Balanced Dollar,0.22893805,bnUSD,0,2,2025-03-04
cx4297f4b63262507623b6ad575d0d8dd2db980e4e,cxa0af3165c08318e988cb30993b3048335b94af6c,cx21e94c08c03daee80c25d8ee3ea22a20786ec231,0x3c1dda70c51f9b1d,0x2ec6e01d076d9ca34220dbaf2ccc6d039bf4c38b7e279fa6e877adf916d3c13f,9,94201067,4.3318585944786605,1741082928951178,Injective,0.22893805,INJ,0,2,2025-03-04
cx88fd7df7ddff82f7cc735c871dc519838cb235bb,cx21e94c08c03daee80c25d8ee3ea22a20786ec231,cxa0af3165c08318e988cb30993b3048335b94af6c,0x28b7aae4a0f383c46,0x2ec6e01d076d9ca34220dbaf2ccc6d039bf4c38b7e279fa6e877adf916d3c13f,8,94201067,46.94402529895594,1741082928951178,Balanced Dollar,0.22893805,bnUSD,0,2,2025-03-04
cx88fd7df7ddff82f7cc735c871dc519838cb235bb,cxa0af3165c08318e988cb30993b3048335b94af6c,cx5faae53c4dbd1fbe4a2eb4aab6565030f10da5c6,0xfae8320e97371e,0x2ec6e01d076d9ca34220dbaf2ccc6d039bf4c38b7e279fa6e877adf916d3c13f,6,94201067,0.07062404586846391,1741082928951178,Balanced Dollar,0.22893805,bnUSD,0,2,2025-03-04
cx88fd7df7ddff82f7cc735c871dc519838cb235bb,cxa0af3165c08318e988cb30993b3048335b94af6c,cx21e94c08c03daee80c25d8ee3ea22a20786ec231,0x28b7aae4a0f383c46,0x2ec6e01d076d9ca34220dbaf2ccc6d039bf4c38b7e279fa6e877adf916d3c13f,5,94201067,46.94402529895594,1741082928951178,Balanced Dollar,0.22893805,bnUSD,0,2,2025-03-04
cx2609b924e33ef00b648a409245c7ea394c467824,cx21e94c08c03daee80c25d8ee3ea22a20786ec231,cxa0af3165c08318e988cb30993b3048335b94af6c,0x121a866c8e207aab5d,0x2ec6e01d076d9ca34220dbaf2ccc6d039bf4c38b7e279fa6e877adf916d3c13f,4,94201067,333.95272777632334,1741082928951178,Staked ICX,0.22893805,sICX,0,2,2025-03-04
cx2609b924e33ef00b648a409245c7ea394c467824,hx0000000000000000000000000000000000000000,cx21e94c08c03daee80c25d8ee3ea22a20786ec231,0x121a866c8e207aab5d,0x2ec6e01d076d9ca34220dbaf2ccc6d039bf4c38b7e279fa6e877adf916d3c13f,2,94201067,333.95272777632334,1741082928951178,Staked ICX,0.22893805,sICX,0,2,2025-03-04
cx88fd7df7ddff82f7cc735c871dc519838cb235bb,cx21e94c08c03daee80c25d8ee3ea22a20786ec231,hx4dc7903504bb800a462378348a42f53742759e0b,0x28b8cf944ffa31d8d,0x68aa80d03836b19f19370708f2b91aa4d084af16800e7cbc4f119948e08c0c2e,8,94201067,46.94917429017255,1741082928951178,Balanced Dollar,0.1713504875,bnUSD,0,1,2025-03-04
cx88fd7df7ddff82f7cc735c871dc519838cb235bb,cxa0af3165c08318e988cb30993b3048335b94af6c,cx5faae53c4dbd1fbe4a2eb4aab6565030f10da5c6,0xfaef3d957bc2c1,0x68aa80d03836b19f19370708f2b91aa4d084af16800e7cbc4f119948e08c0c2e,6,94201067,0.0706317919576235,1741082928951178,Balanced Dollar,0.1713504875,bnUSD,0,1,2025-03-04
cx88fd7df7ddff82f7cc735c871dc519838cb235bb,cxa0af3165c08318e988cb30993b3048335b94af6c,cx21e94c08c03daee80c25d8ee3ea22a20786ec231,0x28b8cf944ffa31d8d,0x68aa80d03836b19f19370708f2b91aa4d084af16800e7cbc4f119948e08c0c2e,5,94201067,46.94917429017255,1741082928951178,Balanced Dollar,0.1713504875,bnUSD,0,1,2025-03-04
cx2609b924e33ef00b648a409245c7ea394c467824,cx21e94c08c03daee80c25d8ee3ea22a20786ec231,cxa0af3165c08318e988cb30993b3048335b94af6c,0x121a866c8e207aab5d,0x68aa80d03836b19f19370708f2b91aa4d084af16800e7cbc4f119948e08c0c2e,4,94201067,333.95272777632334,1741082928951178,Staked ICX,0.1713504875,sICX,0,1,2025-03-04
cx2609b924e33ef00b648a409245c7ea394c467824,hx0000000000000000000000000000000000000000,cx21e94c08c03daee80c25d8ee3ea22a20786ec231,0x121a866c8e207aab5d,0x68aa80d03836b19f19370708f2b91aa4d084af16800e7cbc4f119948e08c0c2e,2,94201067,333.95272777632334,1741082928951178,Staked ICX,0.1713504875,sICX,0,1,2025-03-04
cx88fd7df7ddff82f7cc735c871dc519838cb235bb,cx21e94c08c03daee80c25d8ee3ea22a20786ec231,hx8ccc49ec007aed0f99de50f239ecb5d457df7bb3,0x30f406685ad5c19018,0xe9fd2cb405687ae998e38aa9322814255b513312092be964ad31af73b3cacf55,7,94201065,903.0275720725157,1741082924832446,Balanced Dollar,0.0994625375,bnUSD,0,1,2025-03-04
cx88fd7df7ddff82f7cc735c871dc519838cb235bb,cxa0af3165c08318e988cb30993b3048335b94af6c,cx5faae53c4dbd1fbe4a2eb4aab6565030f10da5c6,0x12c303567132b52f,0xe9fd2cb405687ae998e38aa9322814255b513312092be964ad31af73b3cacf55,5,94201065,1.3519279829425002,1741082924832446,Balanced Dollar,0.0994625375,bnUSD,0,1,2025-03-04
cx88fd7df7ddff82f7cc735c871dc519838cb235bb,cxa0af3165c08318e988cb30993b3048335b94af6c,cx21e94c08c03daee80c25d8ee3ea22a20786ec231,0x30f406685ad5c19018,0xe9fd2cb405687ae998e38aa9322814255b513312092be964ad31af73b3cacf55,4,94201065,903.0275720725157,1741082924832446,Balanced Dollar,0.0994625375,bnUSD,0,1,2025-03-04
cx4297f4b63262507623b6ad575d0d8dd2db980e4e,cx21e94c08c03daee80c25d8ee3ea22a20786ec231,cxa0af3165c08318e988cb30993b3048335b94af6c,0x485f2bfc59c629b1d,0xe9fd2cb405687ae998e38aa9322814255b513312092be964ad31af73b3cacf55,3,94201065,83.43896410169977,1741082924832446,Injective,0.0994625375,INJ,0,1,2025-03-04
cx4297f4b63262507623b6ad575d0d8dd2db980e4e,hx0000000000000000000000000000000000000000,cx21e94c08c03daee80c25d8ee3ea22a20786ec231,0x485f2bfc59c629b1d,0xe9fd2cb405687ae998e38aa9322814255b513312092be964ad31af73b3cacf55,1,94201065,83.43896410169977,1741082924832446,Injective,0.0994625375,INJ,0,1,2025-03-04
cx7baf94bd53b505353285ee4c4c050f9703581703,hx66b0a5c1aa35aa0d4ce16bd81e89b6da5f2a379f,hx0000000000000000000000000000000000000000,0x0,0xe07cfcc663ff171b80cf9a2263111a9faef0ba02c2d7d4458b275e61428968ce,6,94201037,0.0,1741082868873562,unknown_token,0.064992125,$unknown,26,1,2025-03-04
cx7baf94bd53b505353285ee4c4c050f9703581703,hx66b0a5c1aa35aa0d4ce16bd81e89b6da5f2a379f,hx0000000000000000000000000000000000000000,0x0,0xe07cfcc663ff171b80cf9a2263111a9faef0ba02c2d7d4458b275e61428968ce,5,94201037,0.0,1741082868873562,unknown_token,0.064992125,$unknown,30,1,2025-03-04
cx7baf94bd53b505353285ee4c4c050f9703581703,hx66b0a5c1aa35aa0d4ce16bd81e89b6da5f2a379f,hx0000000000000000000000000000000000000000,0x0,0xe07cfcc663ff171b80cf9a2263111a9faef0ba02c2d7d4458b275e61428968ce,4,94201037,0.0,1741082868873562,unknown_token,0.064992125,$unknown,30,1,2025-03-04
cx53f8ccd5426534f82cf10cb742de033e51da72fc,hx66b0a5c1aa35aa0d4ce16bd81e89b6da5f2a379f,hx0000000000000000000000000000000000000000,0x0,0xe07cfcc663ff171b80cf9a2263111a9faef0ba02c2d7d4458b275e61428968ce,0,94201037,0.0,1741082868873562,unknown_token,0.064992125,$unknown,5,1,2025-03-04
cxf61cd5a45dc9f91c15aa65831a30a90d59a09619,cx9345f80d6c98357ccbb70392b14162199c2c5f66,cxd82fb5d3effecd8c9071a4bba3856ad7222c4b91,0x1d4f0b0a0fc84e90,0x0c0890a87f0c99d3bfa55174c5368a9db05522a7c13f5c4d129c635fc61f4b1b,4,94201024,2.1119188881024162,1741082842739132,Balance Token,0.1302328625,BALN,0,1,2025-03-04
cx2609b924e33ef00b648a409245c7ea394c467824,cx9345f80d6c98357ccbb70392b14162199c2c5f66,cxd82fb5d3effecd8c9071a4bba3856ad7222c4b91,0x203d697cacda8d2bb,0x0c0890a87f0c99d3bfa55174c5368a9db05522a7c13f5c4d129c635fc61f4b1b,3,94201024,37.170063471838546,1741082842739132,Staked ICX,0.1302328625,sICX,0,1,2025-03-04
cx88fd7df7ddff82f7cc735c871dc519838cb235bb,hx0000000000000000000000000000000000000000,cx5faae53c4dbd1fbe4a2eb4aab6565030f10da5c6,0x0,0x0c0890a87f0c99d3bfa55174c5368a9db05522a7c13f5c4d129c635fc61f4b1b,2,94201024,0.0,1741082842739132,Balanced Dollar,0.1302328625,bnUSD,0,1,2025-03-04
cx88fd7df7ddff82f7cc735c871dc519838cb235bb,hx0000000000000000000000000000000000000000,cxd82fb5d3effecd8c9071a4bba3856ad7222c4b91,0x52f84e71233612b0,0x0c0890a87f0c99d3bfa55174c5368a9db05522a7c13f5c4d129c635fc61f4b1b,1,94201024,5.978614753163351,1741082842739132,Balanced Dollar,0.1302328625,bnUSD,0,1,2025-03-04
cx88fd7df7ddff82f7cc735c871dc519838cb235bb,hxd75467e3e4ce64e3424c747dfb71503017440433,cxd82fb5d3effecd8c9071a4bba3856ad7222c4b91,0x4e2e13321fffe00000,0x0c0890a87f0c99d3bfa55174c5368a9db05522a7c13f5c4d129c635fc61f4b1b,0,94201024,1442.1660902126655,1741082842739132,Balanced Dollar,0.1302328625,bnUSD,0,1,2025-03-04
cx88fd7df7ddff82f7cc735c871dc519838cb235bb,hx8ccc49ec007aed0f99de50f239ecb5d457df7bb3,hx0000000000000000000000000000000000000000,0x705f4a2ff1b0b7c34,0x71137b6ff9b8a638af95f0de6aa1cc728f2e3c1c9e6ee961e69d6b12dbd860a5,0,94200987,129.556355597028,1741082768835985,Balanced Dollar,0.057851775,bnUSD,0,1,2025-03-04
cx88fd7df7ddff82f7cc735c871dc519838cb235bb,cxd82fb5d3effecd8c9071a4bba3856ad7222c4b91,hx8ccc49ec007aed0f99de50f239ecb5d457df7bb3,0x7074a6fd5f6af1bdf,0xf8650f08cf4fc50c800c5ec3a30ed1dedee7c0a53213a1fe6b8dc31696d77939,0,94200960,129.65256378726633,1741082714703580,Balanced Dollar,0.020676625,bnUSD,0,4,2025-03-04
cx384018e03aa8b739472c7a0645b70df97550e2c2,hx9645117f1b0c7181a126c7f4f222caefc6ee7a61,hx9645117f1b0c7181a126c7f4f222caefc6ee7a61,0x0,0x5b76f1a3126deecc5b35b3d2340826a78011c455a5075b2fe6360f5f0627aad9,0,94200960,0.0,1741082714703580,unknown_token,0.030825975,$unknown,4524,2,2025-03-04
cx4297f4b63262507623b6ad575d0d8dd2db980e4e,cx66d4d90f5f113eba575bf793570135f9b10cece1,hx0000000000000000000000000000000000000000,0x48620b4e7236bc000,0x8f8f68795254afb7fbd95ffa8a96cfeda114ffe0c66a07fd0cc0a09ac90d5fb5,2,94200960,83.4519,1741082714703580,Injective,0.0650791625,INJ,0,1,2025-03-04
cx88fd7df7ddff82f7cc735c871dc519838cb235bb,cxa0af3165c08318e988cb30993b3048335b94af6c,cx5faae53c4dbd1fbe4a2eb4aab6565030f10da5c6,0xdbb9e40b5ac624,0x98c94da5860307cfec47247a4239f12b341378d44f79620dda7a4d7a3d9da4b4,2,94200925,0.06184740899381405,1741082644882908,Balanced Dollar,0.0473641375,bnUSD,0,1,2025-03-04
cx88fd7df7ddff82f7cc735c871dc519838cb235bb,cxa0af3165c08318e988cb30993b3048335b94af6c,hxd75467e3e4ce64e3424c747dfb71503017440433,0x23aa3b37a0e273ff0,0x98c94da5860307cfec47247a4239f12b341378d44f79620dda7a4d7a3d9da4b4,1,94200925,41.118906359627594,1741082644882908,Balanced Dollar,0.0473641375,bnUSD,0,1,2025-03-04
cx65c9e3d4fea842e00add0d32a5b4c5e4e04c7a6b,hxd75467e3e4ce64e3424c747dfb71503017440433,cxa0af3165c08318e988cb30993b3048335b94af6c,0x11e1a300,0x98c94da5860307cfec47247a4239f12b341378d44f79620dda7a4d7a3d9da4b4,0,94200925,0.3,1741082644882908,Solana,0.0473641375,SOL,0,1,2025-03-04
cx88fd7df7ddff82f7cc735c871dc519838cb235bb,cxa0af3165c08318e988cb30993b3048335b94af6c,cx5faae53c4dbd1fbe4a2eb4aab6565030f10da5c6,0xe8889983946204,0xaab6570d293302f35488ce185bbc8010c7f0344ccfa43529839f732d2fb71764,2,94200919,0.06545238751578573,1741082632823741,Balanced Dollar,0.0569443375,bnUSD,0,1,2025-03-04
cx88fd7df7ddff82f7cc735c871dc519838cb235bb,cxa0af3165c08318e988cb30993b3048335b94af6c,hxd75467e3e4ce64e3424c747dfb71503017440433,0x25be1ff5357baa903,0xaab6570d293302f35488ce185bbc8010c7f0344ccfa43529839f732d2fb71764,1,94200919,43.514341808049664,1741082632823741,Balanced Dollar,0.0569443375,bnUSD,0,1,2025-03-04
cx4297f4b63262507623b6ad575d0d8dd2db980e4e,hxd75467e3e4ce64e3424c747dfb71503017440433,cxa0af3165c08318e988cb30993b3048335b94af6c,0x3782dace9d900000,0xaab6570d293302f35488ce185bbc8010c7f0344ccfa43529839f732d2fb71764,0,94200919,4.0,1741082632823741,Injective,0.0569443375,INJ,0,1,2025-03-04
cx2609b924e33ef00b648a409245c7ea394c467824,cxa0af3165c08318e988cb30993b3048335b94af6c,hx4dc7903504bb800a462378348a42f53742759e0b,0x7cfa6f3329b0bf6,0xdff549f321630b1971647872398f95dc4580861d6ca0e418a068532aa8d81f5b,3,94200912,0.562852041900887,1741082618781587,Staked ICX,0.0437659125,sICX,0,3,2025-03-04
cx2609b924e33ef00b648a409245c7ea394c467824,hx4dc7903504bb800a462378348a42f53742759e0b,cxa0af3165c08318e988cb30993b3048335b94af6c,0xa470345a494898000,0xffde7ddf61aef7a6b557dc6a98b9dbf9764b52a63e5d2640e54070ca8401e793,0,94200912,189.58445091188753,1741082618781587,Staked ICX,0.03123005,sICX,0,2,2025-03-04
cx88fd7df7ddff82f7cc735c871dc519838cb235bb,hx4dc7903504bb800a462378348a42f53742759e0b,cxa0af3165c08318e988cb30993b3048335b94af6c,0x171ea8613fb9e5000,0x93d500d8a629fa2801543afb7b14652335d149b77e392eee00d8d2e452dabf80,0,94200912,26.655264764929658,1741082618781587,Balanced Dollar,0.02221895,bnUSD,0,1,2025-03-04
cx2609b924e33ef00b648a409245c7ea394c467824,cx21e94c08c03daee80c25d8ee3ea22a20786ec231,hx4dc7903504bb800a462378348a42f53742759e0b,0xa485435cc3bfdd07d,0xded740e33b9771646f0a123481847af31648b264eff90d043bfc66b9941d816a,4,94200910,189.67929055716613,1741082614675644,Staked ICX,0.1073931375,sICX,0,3,2025-03-04
cx2609b924e33ef00b648a409245c7ea394c467824,hx0000000000000000000000000000000000000000,cx21e94c08c03daee80c25d8ee3ea22a20786ec231,0xa485435cc3bfdd07d,0xded740e33b9771646f0a123481847af31648b264eff90d043bfc66b9941d816a,2,94200910,189.67929055716613,1741082614675644,Staked ICX,0.1073931375,sICX,0,3,2025-03-04
cx88fd7df7ddff82f7cc735c871dc519838cb235bb,cx21e94c08c03daee80c25d8ee3ea22a20786ec231,hx4dc7903504bb800a462378348a42f53742759e0b,0x17219e58d7ffa7df7,0xe62e8e68007b00b4884b2e05dc99e52a77d0894dd2f8deec76258865348f6187,8,94200910,26.668599064351376,1741082614675644,Balanced Dollar,0.17410935,bnUSD,0,2,2025-03-04
cx88fd7df7ddff82f7cc735c871dc519838cb235bb,cxa0af3165c08318e988cb30993b3048335b94af6c,cx5faae53c4dbd1fbe4a2eb4aab6565030f10da5c6,0x8e8ac32fc48f07,0xe62e8e68007b00b4884b2e05dc99e52a77d0894dd2f8deec76258865348f6187,6,94200910,0.04012201761757978,1741082614675644,Balanced Dollar,0.17410935,bnUSD,0,2,2025-03-04
cx88fd7df7ddff82f7cc735c871dc519838cb235bb,cxa0af3165c08318e988cb30993b3048335b94af6c,cx21e94c08c03daee80c25d8ee3ea22a20786ec231,0x17219e58d7ffa7df7,0xe62e8e68007b00b4884b2e05dc99e52a77d0894dd2f8deec76258865348f6187,5,94200910,26.668599064351376,1741082614675644,Balanced Dollar,0.17410935,bnUSD,0,2,2025-03-04
cx2609b924e33ef00b648a409245c7ea394c467824,cx21e94c08c03daee80c25d8ee3ea22a20786ec231,cxa0af3165c08318e988cb30993b3048335b94af6c,0xa485435cc3bfdd07d,0xe62e8e68007b00b4884b2e05dc99e52a77d0894dd2f8deec76258865348f6187,4,94200910,189.67929055716613,1741082614675644,Staked ICX,0.17410935,sICX,0,2,2025-03-04
cx2609b924e33ef00b648a409245c7ea394c467824,hx0000000000000000000000000000000000000000,cx21e94c08c03daee80c25d8ee3ea22a20786ec231,0xa485435cc3bfdd07d,0xe62e8e68007b00b4884b2e05dc99e52a77d0894dd2f8deec76258865348f6187,2,94200910,189.67929055716613,1741082614675644,Staked ICX,0.17410935,sICX,0,2,2025-03-04
cx88fd7df7ddff82f7cc735c871dc519838cb235bb,cxa0af3165c08318e988cb30993b3048335b94af6c,cx5faae53c4dbd1fbe4a2eb4aab6565030f10da5c6,0xdbd7f673cdf56b,0x3482c6146c77f39d32f313087afdf1987311a9d4eaf80f70dcc887b7177d3331,2,94200910,0.06188047340443787,1741082614675644,Balanced Dollar,0.0473681375,bnUSD,0,1,2025-03-04
cx88fd7df7ddff82f7cc735c871dc519838cb235bb,cxa0af3165c08318e988cb30993b3048335b94af6c,hxd75467e3e4ce64e3424c747dfb71503017440433,0x23af1cf4b2402bc56,0x3482c6146c77f39d32f313087afdf1987311a9d4eaf80f70dcc887b7177d3331,1,94200910,41.140891992639844,1741082614675644,Balanced Dollar,0.0473681375,bnUSD,0,1,2025-03-04
cx65c9e3d4fea842e00add0d32a5b4c5e4e04c7a6b,hxd75467e3e4ce64e3424c747dfb71503017440433,cxa0af3165c08318e988cb30993b3048335b94af6c,0x11e1a300,0x3482c6146c77f39d32f313087afdf1987311a9d4eaf80f70dcc887b7177d3331,0,94200910,0.3,1741082614675644,Solana,0.0473681375,SOL,0,1,2025-03-04
cx6139a27c15f1653471ffba0b4b88dc15de7e3267,hx9645117f1b0c7181a126c7f4f222caefc6ee7a61,hx0000000000000000000000000000000000000000,0x3439838a520bf180000,0x7f4862d7e6fd2862eb23b15ef87d8a76cb286a8c185a0583feb534fd7d66dc88,0,94200905,15414.0,1741082604664262,GangstaBet Token,0.021672,GBET,0,1,2025-03-04
cx88fd7df7ddff82f7cc735c871dc519838cb235bb,cxa0af3165c08318e988cb30993b3048335b94af6c,cx5faae53c4dbd1fbe4a2eb4aab6565030f10da5c6,0xdbf60f097d26c3,0xd9da5f7a781de7a6ed566ad1963c2273d94967bcdc56ffa6c0907a317301ab6e,2,94200901,0.06191356434377287,1741082596656246,Balanced Dollar,0.0473681375,bnUSD,0,1,2025-03-04
cx88fd7df7ddff82f7cc735c871dc519838cb235bb,cxa0af3165c08318e988cb30993b3048335b94af6c,hxd75467e3e4ce64e3424c747dfb71503017440433,0x23b3ffb27de5a6acc,0xd9da5f7a781de7a6ed566ad1963c2273d94967bcdc56ffa6c0907a317301ab6e,1,94200901,41.16289526784239,1741082596656246,Balanced Dollar,0.0473681375,bnUSD,0,1,2025-03-04
cx65c9e3d4fea842e00add0d32a5b4c5e4e04c7a6b,hxd75467e3e4ce64e3424c747dfb71503017440433,cxa0af3165c08318e988cb30993b3048335b94af6c,0x11e1a300,0xd9da5f7a781de7a6ed566ad1963c2273d94967bcdc56ffa6c0907a317301ab6e,0,94200901,0.3,1741082596656246,Solana,0.0473681375,SOL,0,1,2025-03-04
cx88fd7df7ddff82f7cc735c871dc519838cb235bb,cxa0af3165c08318e988cb30993b3048335b94af6c,cx5faae53c4dbd1fbe4a2eb4aab6565030f10da5c6,0xdc142dce19908c,0xe0ab34d79c37c35a1374477c3a3fc4c8ca1bce67a373e1982392180eeb576255,2,94200894,0.06194668184021006,1741082582801570,Balanced Dollar,0.0473681375,bnUSD,0,1,2025-03-04
cx88fd7df7ddff82f7cc735c871dc519838cb235bb,cxa0af3165c08318e988cb30993b3048335b94af6c,hxd75467e3e4ce64e3424c747dfb71503017440433,0x23b8e3714a2b4e042,0xe0ab34d79c37c35a1374477c3a3fc4c8ca1bce67a373e1982392180eeb576255,1,94200894,41.1849162041184,1741082582801570,Balanced Dollar,0.0473681375,bnUSD,0,1,2025-03-04
cx65c9e3d4fea842e00add0d32a5b4c5e4e04c7a6b,hxd75467e3e4ce64e3424c747dfb71503017440433,cxa0af3165c08318e988cb30993b3048335b94af6c,0x11e1a300,0xe0ab34d79c37c35a1374477c3a3fc4c8ca1bce67a373e1982392180eeb576255,0,94200894,0.3,1741082582801570,Solana,0.0473681375,SOL,0,1,2025-03-04
cx88fd7df7ddff82f7cc735c871dc519838cb235bb,cxa0af3165c08318e988cb30993b3048335b94af6c,cx5faae53c4dbd1fbe4a2eb4aab6565030f10da5c6,0xe8a4d42d5e19b3,0x0e688de941edf80b251536ec198a329f7bc174a28bddbfc84ecf5ab9f668e45f,2,94200885,0.06548342579803589,1741082564658539,Balanced Dollar,0.0569443375,bnUSD,0,1,2025-03-04
cx88fd7df7ddff82f7cc735c871dc519838cb235bb,cxa0af3165c08318e988cb30993b3048335b94af6c,hxd75467e3e4ce64e3424c747dfb71503017440433,0x25c2b50fbb1af8d23,0x0e688de941edf80b251536ec198a329f7bc174a28bddbfc84ecf5ab9f668e45f,1,94200885,43.53497926485512,1741082564658539,Balanced Dollar,0.0569443375,bnUSD,0,1,2025-03-04
cx4297f4b63262507623b6ad575d0d8dd2db980e4e,hxd75467e3e4ce64e3424c747dfb71503017440433,cxa0af3165c08318e988cb30993b3048335b94af6c,0x3782dace9d900000,0x0e688de941edf80b251536ec198a329f7bc174a28bddbfc84ecf5ab9f668e45f,0,94200885,4.0,1741082564658539,Injective,0.0569443375,INJ,0,1,2025-03-04
cx7baf94bd53b505353285ee4c4c050f9703581703,hx8d8c3fb923e07671c8e6348f03a88bc398d82d05,hx0000000000000000000000000000000000000000,0x0,0xb27e7f66f7df4d7e7e600ce718c5641d50adfdfec4686c7dae81099b1811c62e,6,94200880,0.0,1741082554645632,unknown_token,0.0649194375,$unknown,12,1,2025-03-04
cx7baf94bd53b505353285ee4c4c050f9703581703,hx8d8c3fb923e07671c8e6348f03a88bc398d82d05,hx0000000000000000000000000000000000000000,0x0,0xb27e7f66f7df4d7e7e600ce718c5641d50adfdfec4686c7dae81099b1811c62e,5,94200880,0.0,1741082554645632,unknown_token,0.0649194375,$unknown,30,1,2025-03-04
cx7baf94bd53b505353285ee4c4c050f9703581703,hx8d8c3fb923e07671c8e6348f03a88bc398d82d05,hx0000000000000000000000000000000000000000,0x0,0xb27e7f66f7df4d7e7e600ce718c5641d50adfdfec4686c7dae81099b1811c62e,4,94200880,0.0,1741082554645632,unknown_token,0.0649194375,$unknown,10,1,2025-03-04
cx53f8ccd5426534f82cf10cb742de033e51da72fc,hx8d8c3fb923e07671c8e6348f03a88bc398d82d05,hx0000000000000000000000000000000000000000,0x0,0xb27e7f66f7df4d7e7e600ce718c5641d50adfdfec4686c7dae81099b1811c62e,0,94200880,0.0,1741082554645632,unknown_token,0.0649194375,$unknown,5,1,2025-03-04
cx65c9e3d4fea842e00add0d32a5b4c5e4e04c7a6b,hx0000000000000000000000000000000000000000,hxd75467e3e4ce64e3424c747dfb71503017440433,0xb263b188,0xd7020e526094994f9a29464fe40e129b55bde8ac3ca209b2178c5c5df51e496d,1,94200864,2.99287796,1741082522806402,Solana,0.022660075,SOL,0,1,2025-03-04
cx88fd7df7ddff82f7cc735c871dc519838cb235bb,cxa0af3165c08318e988cb30993b3048335b94af6c,cx5faae53c4dbd1fbe4a2eb4aab6565030f10da5c6,0xe8c113fbc0b3e0,0xbaa0d3d561c6056ee8177a20e9a2a5b1884879aae521d56b399d50f905004de4,2,94200834,0.06551448616912176,1741082462611052,Balanced Dollar,0.0569443375,bnUSD,0,1,2025-03-04
cx88fd7df7ddff82f7cc735c871dc519838cb235bb,cxa0af3165c08318e988cb30993b3048335b94af6c,hxd75467e3e4ce64e3424c747dfb71503017440433,0x25c74b000057b8df7,0xbaa0d3d561c6056ee8177a20e9a2a5b1884879aae521d56b399d50f905004de4,1,94200834,43.555631410345384,1741082462611052,Balanced Dollar,0.0569443375,bnUSD,0,1,2025-03-04
cx4297f4b63262507623b6ad575d0d8dd2db980e4e,hxd75467e3e4ce64e3424c747dfb71503017440433,cxa0af3165c08318e988cb30993b3048335b94af6c,0x3782dace9d900000,0xbaa0d3d561c6056ee8177a20e9a2a5b1884879aae521d56b399d50f905004de4,0,94200834,4.0,1741082462611052,Injective,0.0569443375,INJ,0,1,2025-03-04
cx88fd7df7ddff82f7cc735c871dc519838cb235bb,cxa0af3165c08318e988cb30993b3048335b94af6c,cx5faae53c4dbd1fbe4a2eb4aab6565030f10da5c6,0xe8dd58effc205a,0xc5242aeecb63199c908717a444c4affc18d30848b0a30651d0c8bb818301ec57,2,94200823,0.06554556865001071,1741082440605621,Balanced Dollar,0.0569443375,bnUSD,0,1,2025-03-04
cx88fd7df7ddff82f7cc735c871dc519838cb235bb,cxa0af3165c08318e988cb30993b3048335b94af6c,hxd75467e3e4ce64e3424c747dfb71503017440433,0x25cbe1c6392483fb0,0xc5242aeecb63199c908717a444c4affc18d30848b0a30651d0c8bb818301ec57,1,94200823,43.576298258465044,1741082440605621,Balanced Dollar,0.0569443375,bnUSD,0,1,2025-03-04
cx4297f4b63262507623b6ad575d0d8dd2db980e4e,hxd75467e3e4ce64e3424c747dfb71503017440433,cxa0af3165c08318e988cb30993b3048335b94af6c,0x3782dace9d900000,0xc5242aeecb63199c908717a444c4affc18d30848b0a30651d0c8bb818301ec57,0,94200823,4.0,1741082440605621,Injective,0.0569443375,INJ,0,1,2025-03-04
cx88fd7df7ddff82f7cc735c871dc519838cb235bb,cxa0af3165c08318e988cb30993b3048335b94af6c,cx5faae53c4dbd1fbe4a2eb4aab6565030f10da5c6,0xe8f9a30b50b02a,0x4d7589a79016b172f344311be7350877f8275bbc90629dea858c9a6cb5205cc5,2,94200812,0.06557667326169501,1741082418712841,Balanced Dollar,0.0569443375,bnUSD,0,2,2025-03-04
cx88fd7df7ddff82f7cc735c871dc519838cb235bb,cxa0af3165c08318e988cb30993b3048335b94af6c,hxd75467e3e4ce64e3424c747dfb71503017440433,0x25d079629983bca4c,0x4d7589a79016b172f344311be7350877f8275bbc90629dea858c9a6cb5205cc5,1,94200812,43.59697982317525,1741082418712841,Balanced Dollar,0.0569443375,bnUSD,0,2,2025-03-04
cx4297f4b63262507623b6ad575d0d8dd2db980e4e,hxd75467e3e4ce64e3424c747dfb71503017440433,cxa0af3165c08318e988cb30993b3048335b94af6c,0x3782dace9d900000,0x4d7589a79016b172f344311be7350877f8275bbc90629dea858c9a6cb5205cc5,0,94200812,4.0,1741082418712841,Injective,0.0569443375,INJ,0,2,2025-03-04
cx88fd7df7ddff82f7cc735c871dc519838cb235bb,cx21e94c08c03daee80c25d8ee3ea22a20786ec231,hx2debd9ec927cca1639da8d3518dd9dbf1cdfb357,0x158db9c405cb554335,0xae636098efb6587fb2146b49191a30062ea5d8cce007199b90ccee289080fa9d,5,94200812,397.59403470710515,1741082418712841,Balanced Dollar,0.0883132375,bnUSD,0,1,2025-03-04
cx88fd7df7ddff82f7cc735c871dc519838cb235bb,cxa0af3165c08318e988cb30993b3048335b94af6c,cx5faae53c4dbd1fbe4a2eb4aab6565030f10da5c6,0x849b3a9bab921fc,0xae636098efb6587fb2146b49191a30062ea5d8cce007199b90ccee289080fa9d,3,94200812,0.5972059671668414,1741082418712841,Balanced Dollar,0.0883132375,bnUSD,0,1,2025-03-04
cx88fd7df7ddff82f7cc735c871dc519838cb235bb,cxa0af3165c08318e988cb30993b3048335b94af6c,cx21e94c08c03daee80c25d8ee3ea22a20786ec231,0x158db9c405cb554335,0xae636098efb6587fb2146b49191a30062ea5d8cce007199b90ccee289080fa9d,2,94200812,397.59403470710515,1741082418712841,Balanced Dollar,0.0883132375,bnUSD,0,1,2025-03-04
cx66a031cc3bd305c76371fb586e93801b948254f0,cx21e94c08c03daee80c25d8ee3ea22a20786ec231,cxa0af3165c08318e988cb30993b3048335b94af6c,0x1158e460913d00000,0xae636098efb6587fb2146b49191a30062ea5d8cce007199b90ccee289080fa9d,1,94200812,20.0,1741082418712841,Avalanche,0.0883132375,AVAX,0,1,2025-03-04
cx66a031cc3bd305c76371fb586e93801b948254f0,hx2debd9ec927cca1639da8d3518dd9dbf1cdfb357,cx21e94c08c03daee80c25d8ee3ea22a20786ec231,0x1158e460913d00000,0xae636098efb6587fb2146b49191a30062ea5d8cce007199b90ccee289080fa9d,0,94200812,20.0,1741082418712841,Avalanche,0.0883132375,AVAX,0,1,2025-03-04
cx88fd7df7ddff82f7cc735c871dc519838cb235bb,cxa0af3165c08318e988cb30993b3048335b94af6c,cx5faae53c4dbd1fbe4a2eb4aab6565030f10da5c6,0x1a9bb55ac4f6c3e,0x6ac7b14032e177cd922a1aa99e3ff5e03c3d6c2fed7f502c68c57ad115e27c06,2,94200809,0.11983284173952928,1741082412598748,Balanced Dollar,0.0569099625,bnUSD,0,2,2025-03-04
cx88fd7df7ddff82f7cc735c871dc519838cb235bb,cxa0af3165c08318e988cb30993b3048335b94af6c,hxd75467e3e4ce64e3424c747dfb71503017440433,0x451b696123f91480c,0x6ac7b14032e177cd922a1aa99e3ff5e03c3d6c2fed7f502c68c57ad115e27c06,1,94200809,79.67503486279178,1741082412598748,Balanced Dollar,0.0569099625,bnUSD,0,2,2025-03-04
cx66a031cc3bd305c76371fb586e93801b948254f0,hxd75467e3e4ce64e3424c747dfb71503017440433,cxa0af3165c08318e988cb30993b3048335b94af6c,0x3782dace9d900000,0x6ac7b14032e177cd922a1aa99e3ff5e03c3d6c2fed7f502c68c57ad115e27c06,0,94200809,4.0,1741082412598748,Avalanche,0.0569099625,AVAX,0,2,2025-03-04
cx7baf94bd53b505353285ee4c4c050f9703581703,hx8026678e3d08ba3203ce6161ee8e9e3b9793491f,hx0000000000000000000000000000000000000000,0x0,0x7d9ae19f9d0a689e107dcc3385ddbe691db617e26813891af9e6ccf1d99942d7,6,94200771,0.0,1741082336632024,unknown_token,0.06363,$unknown,12,1,2025-03-04
cx7baf94bd53b505353285ee4c4c050f9703581703,hx8026678e3d08ba3203ce6161ee8e9e3b9793491f,hx0000000000000000000000000000000000000000,0x0,0x7d9ae19f9d0a689e107dcc3385ddbe691db617e26813891af9e6ccf1d99942d7,5,94200771,0.0,1741082336632024,unknown_token,0.06363,$unknown,30,1,2025-03-04
cx7baf94bd53b505353285ee4c4c050f9703581703,hx8026678e3d08ba3203ce6161ee8e9e3b9793491f,hx0000000000000000000000000000000000000000,0x0,0x7d9ae19f9d0a689e107dcc3385ddbe691db617e26813891af9e6ccf1d99942d7,4,94200771,0.0,1741082336632024,unknown_token,0.06363,$unknown,11,1,2025-03-04
cx53f8ccd5426534f82cf10cb742de033e51da72fc,hx8026678e3d08ba3203ce6161ee8e9e3b9793491f,hx0000000000000000000000000000000000000000,0x0,0x7d9ae19f9d0a689e107dcc3385ddbe691db617e26813891af9e6ccf1d99942d7,0,94200771,0.0,1741082336632024,unknown_token,0.06363,$unknown,2,1,2025-03-04
cx88fd7df7ddff82f7cc735c871dc519838cb235bb,cxa0af3165c08318e988cb30993b3048335b94af6c,cx5faae53c4dbd1fbe4a2eb4aab6565030f10da5c6,0xe915f24eff15b1,0x3219d9ef984cbd734e3fb3a648b9ecf12a83ff585332e1bd702e8c215fae67cb,2,94200768,0.06560780002519186,1741082330566139,Balanced Dollar,0.0569443375,bnUSD,0,1,2025-03-04
cx88fd7df7ddff82f7cc735c871dc519838cb235bb,cxa0af3165c08318e988cb30993b3048335b94af6c,hxd75467e3e4ce64e3424c747dfb71503017440433,0x25d511d55587945be,0x3219d9ef984cbd734e3fb3a648b9ecf12a83ff585332e1bd702e8c215fae67cb,1,94200768,43.61767611845373,1741082330566139,Balanced Dollar,0.0569443375,bnUSD,0,1,2025-03-04
cx4297f4b63262507623b6ad575d0d8dd2db980e4e,hxd75467e3e4ce64e3424c747dfb71503017440433,cxa0af3165c08318e988cb30993b3048335b94af6c,0x3782dace9d900000,0x3219d9ef984cbd734e3fb3a648b9ecf12a83ff585332e1bd702e8c215fae67cb,0,94200768,4.0,1741082330566139,Injective,0.0569443375,INJ,0,1,2025-03-04
cx88fd7df7ddff82f7cc735c871dc519838cb235bb,cxa0af3165c08318e988cb30993b3048335b94af6c,cx5faae53c4dbd1fbe4a2eb4aab6565030f10da5c6,0xe93246bc4864cc,0x5a98171e094e193b741ea883412544e47ef371934649623bdbb135aa98e07327,2,94200762,0.06563894896154338,1741082318683412,Balanced Dollar,0.0569443375,bnUSD,0,1,2025-03-04
cx88fd7df7ddff82f7cc735c871dc519838cb235bb,cxa0af3165c08318e988cb30993b3048335b94af6c,hxd75467e3e4ce64e3424c747dfb71503017440433,0x25d9ab1ea15211631,0x5a98171e094e193b741ea883412544e47ef371934649623bdbb135aa98e07327,1,94200762,43.6383871582948,1741082318683412,Balanced Dollar,0.0569443375,bnUSD,0,1,2025-03-04
cx4297f4b63262507623b6ad575d0d8dd2db980e4e,hxd75467e3e4ce64e3424c747dfb71503017440433,cxa0af3165c08318e988cb30993b3048335b94af6c,0x3782dace9d900000,0x5a98171e094e193b741ea883412544e47ef371934649623bdbb135aa98e07327,0,94200762,4.0,1741082318683412,Injective,0.0569443375,INJ,0,1,2025-03-04
cx88fd7df7ddff82f7cc735c871dc519838cb235bb,cxa0af3165c08318e988cb30993b3048335b94af6c,cx5faae53c4dbd1fbe4a2eb4aab6565030f10da5c6,0xe94ea0546e12fc,0x3d99678e4970e452002600cfff42eb2d6e98e0c487ac3013c1d20a17c3ebd601,2,94200751,0.0656701200918167,1741082296551813,Balanced Dollar,0.0569443375,bnUSD,0,1,2025-03-04
cx88fd7df7ddff82f7cc735c871dc519838cb235bb,cxa0af3165c08318e988cb30993b3048335b94af6c,hxd75467e3e4ce64e3424c747dfb71503017440433,0x25de453eb1151487b,0x3d99678e4970e452002600cfff42eb2d6e98e0c487ac3013c1d20a17c3ebd601,1,94200751,43.65911295670939,1741082296551813,Balanced Dollar,0.0569443375,bnUSD,0,1,2025-03-04
cx4297f4b63262507623b6ad575d0d8dd2db980e4e,hxd75467e3e4ce64e3424c747dfb71503017440433,cxa0af3165c08318e988cb30993b3048335b94af6c,0x3782dace9d900000,0x3d99678e4970e452002600cfff42eb2d6e98e0c487ac3013c1d20a17c3ebd601,0,94200751,4.0,1741082296551813,Injective,0.0569443375,INJ,0,1,2025-03-04
cx88fd7df7ddff82f7cc735c871dc519838cb235bb,cxa0af3165c08318e988cb30993b3048335b94af6c,cx5faae53c4dbd1fbe4a2eb4aab6565030f10da5c6,0xe96aff18b1f785,0xf688909e6f88e6ec1f0c55cba09bbc239e38d750335f9fd665c593a363657305,2,94200732,0.065701313437104,1741082258672140,Balanced Dollar,0.0569443375,bnUSD,0,1,2025-03-04
cx88fd7df7ddff82f7cc735c871dc519838cb235bb,cxa0af3165c08318e988cb30993b3048335b94af6c,hxd75467e3e4ce64e3424c747dfb71503017440433,0x25e2e035b9125eeb4,0xf688909e6f88e6ec1f0c55cba09bbc239e38d750335f9fd665c593a363657305,1,94200732,43.67985352772511,1741082258672140,Balanced Dollar,0.0569443375,bnUSD,0,1,2025-03-04
cx4297f4b63262507623b6ad575d0d8dd2db980e4e,hxd75467e3e4ce64e3424c747dfb71503017440433,cxa0af3165c08318e988cb30993b3048335b94af6c,0x3782dace9d900000,0xf688909e6f88e6ec1f0c55cba09bbc239e38d750335f9fd665c593a363657305,0,94200732,4.0,1741082258672140,Injective,0.0569443375,INJ,0,1,2025-03-04
cx88fd7df7ddff82f7cc735c871dc519838cb235bb,cxa0af3165c08318e988cb30993b3048335b94af6c,cx5faae53c4dbd1fbe4a2eb4aab6565030f10da5c6,0x1aa02d4087d5b7c,0xb6759ccb296703e1e79c2003c59d25c97c86115da3320d031db6008aeb67be5a,2,94200729,0.1199114497774949,1741082252607696,Balanced Dollar,0.056907275,bnUSD,0,1,2025-03-04
cx88fd7df7ddff82f7cc735c871dc519838cb235bb,cxa0af3165c08318e988cb30993b3048335b94af6c,hxd75467e3e4ce64e3424c747dfb71503017440433,0x452704ce28be1a312,0xb6759ccb296703e1e79c2003c59d25c97c86115da3320d031db6008aeb67be5a,1,94200729,79.72730873923302,1741082252607696,Balanced Dollar,0.056907275,bnUSD,0,1,2025-03-04
cx66a031cc3bd305c76371fb586e93801b948254f0,hxd75467e3e4ce64e3424c747dfb71503017440433,cxa0af3165c08318e988cb30993b3048335b94af6c,0x3782dace9d900000,0xb6759ccb296703e1e79c2003c59d25c97c86115da3320d031db6008aeb67be5a,0,94200729,4.0,1741082252607696,Avalanche,0.056907275,AVAX,0,1,2025-03-04
cx88fd7df7ddff82f7cc735c871dc519838cb235bb,cxa0af3165c08318e988cb30993b3048335b94af6c,cx5faae53c4dbd1fbe4a2eb4aab6565030f10da5c6,0xe987630a564b92,0x157be3f80907edf93ebe9e115a911a59e4f19e4276d6cfbfc065bb947bd076a7,2,94200720,0.06573252901852251,1741082234645206,Balanced Dollar,0.0569443375,bnUSD,0,1,2025-03-04
cx88fd7df7ddff82f7cc735c871dc519838cb235bb,cxa0af3165c08318e988cb30993b3048335b94af6c,hxd75467e3e4ce64e3424c747dfb71503017440433,0x25e77c03ed9b97cf5,0x157be3f80907edf93ebe9e115a911a59e4f19e4276d6cfbfc065bb947bd076a7,1,94200720,43.70060888538622,1741082234645206,Balanced Dollar,0.0569443375,bnUSD,0,1,2025-03-04
cx4297f4b63262507623b6ad575d0d8dd2db980e4e,hxd75467e3e4ce64e3424c747dfb71503017440433,cxa0af3165c08318e988cb30993b3048335b94af6c,0x3782dace9d900000,0x157be3f80907edf93ebe9e115a911a59e4f19e4276d6cfbfc065bb947bd076a7,0,94200720,4.0,1741082234645206,Injective,0.0569443375,INJ,0,1,2025-03-04
cx88fd7df7ddff82f7cc735c871dc519838cb235bb,cxa0af3165c08318e988cb30993b3048335b94af6c,cx5faae53c4dbd1fbe4a2eb4aab6565030f10da5c6,0xe9a3cc2a9daa5b,0xa23975ab049e3f66a0881b25bb6e723cc4ee48a93e66bbb240276824b2892f00,2,94200713,0.06576376685721455,1741082220526781,Balanced Dollar,0.0569443375,bnUSD,0,1,2025-03-04
cx88fd7df7ddff82f7cc735c871dc519838cb235bb,cxa0af3165c08318e988cb30993b3048335b94af6c,hxd75467e3e4ce64e3424c747dfb71503017440433,0x25ec18a9831252640,0xa23975ab049e3f66a0881b25bb6e723cc4ee48a93e66bbb240276824b2892f00,1,94200713,43.721379043753664,1741082220526781,Balanced Dollar,0.0569443375,bnUSD,0,1,2025-03-04
cx4297f4b63262507623b6ad575d0d8dd2db980e4e,hxd75467e3e4ce64e3424c747dfb71503017440433,cxa0af3165c08318e988cb30993b3048335b94af6c,0x3782dace9d900000,0xa23975ab049e3f66a0881b25bb6e723cc4ee48a93e66bbb240276824b2892f00,0,94200713,4.0,1741082220526781,Injective,0.0569443375,INJ,0,1,2025-03-04
cx88fd7df7ddff82f7cc735c871dc519838cb235bb,cxa0af3165c08318e988cb30993b3048335b94af6c,cx5faae53c4dbd1fbe4a2eb4aab6565030f10da5c6,0x1aa4a6469a39c9b,0x7ac8d86337d59729287c747738bb57289ba8fc2465dc9049e98d9409ee8878e6,2,94200700,0.11999013520825462,1741082194721926,Balanced Dollar,0.0569139625,bnUSD,0,1,2025-03-04
cx88fd7df7ddff82f7cc735c871dc519838cb235bb,cxa0af3165c08318e988cb30993b3048335b94af6c,hxd75467e3e4ce64e3424c747dfb71503017440433,0x4532a32839deb26d0,0x7ac8d86337d59729287c747738bb57289ba8fc2465dc9049e98d9409ee8878e6,1,94200700,79.77963408987961,1741082194721926,Balanced Dollar,0.0569139625,bnUSD,0,1,2025-03-04
cx66a031cc3bd305c76371fb586e93801b948254f0,hxd75467e3e4ce64e3424c747dfb71503017440433,cxa0af3165c08318e988cb30993b3048335b94af6c,0x3782dace9d900000,0x7ac8d86337d59729287c747738bb57289ba8fc2465dc9049e98d9409ee8878e6,0,94200700,4.0,1741082194721926,Avalanche,0.0569139625,AVAX,0,1,2025-03-04
cx384018e03aa8b739472c7a0645b70df97550e2c2,hx9645117f1b0c7181a126c7f4f222caefc6ee7a61,hx9645117f1b0c7181a126c7f4f222caefc6ee7a61,0x0,0xb6e887f5a14396de8e64bdb5b3c65647a722771e6fa4311f6397c81a6324bc67,0,94200694,0.0,1741082182679384,unknown_token,0.02323925,$unknown,4140,1,2025-03-04
cx88fd7df7ddff82f7cc735c871dc519838cb235bb,cxa0af3165c08318e988cb30993b3048335b94af6c,cx5faae53c4dbd1fbe4a2eb4aab6565030f10da5c6,0xe9c03a7acb1149,0x7ef0f0c514719a171683c47804c3a4ace16bb09cb2a5c62364ac1c9897321e48,2,94200693,0.0657950269743476,1741082180515574,Balanced Dollar,0.056943025,bnUSD,0,1,2025-03-04
cx88fd7df7ddff82f7cc735c871dc519838cb235bb,cxa0af3165c08318e988cb30993b3048335b94af6c,hxd75467e3e4ce64e3424c747dfb71503017440433,0x25f0b626ade813989,0x7ef0f0c514719a171683c47804c3a4ace16bb09cb2a5c62364ac1c9897321e48,1,94200693,43.74216401690514,1741082180515574,Balanced Dollar,0.056943025,bnUSD,0,1,2025-03-04
cx4297f4b63262507623b6ad575d0d8dd2db980e4e,hxd75467e3e4ce64e3424c747dfb71503017440433,cxa0af3165c08318e988cb30993b3048335b94af6c,0x3782dace9d900000,0x7ef0f0c514719a171683c47804c3a4ace16bb09cb2a5c62364ac1c9897321e48,0,94200693,4.0,1741082180515574,Injective,0.056943025,INJ,0,1,2025-03-04
cx88fd7df7ddff82f7cc735c871dc519838cb235bb,cxa0af3165c08318e988cb30993b3048335b94af6c,cx5faae53c4dbd1fbe4a2eb4aab6565030f10da5c6,0xe9dcadfc21e017,0x05f8d290cef208fd65ba36acc7691ca5b165da0748a12699a07a9f12b0a91b96,2,94200687,0.06582630939111427,1741082168632428,Balanced Dollar,0.056943025,bnUSD,0,1,2025-03-04
cx88fd7df7ddff82f7cc735c871dc519838cb235bb,cxa0af3165c08318e988cb30993b3048335b94af6c,hxd75467e3e4ce64e3424c747dfb71503017440433,0x25f5547ba29e57ef5,0x05f8d290cef208fd65ba36acc7691ca5b165da0748a12699a07a9f12b0a91b96,1,94200687,43.762963818935056,1741082168632428,Balanced Dollar,0.056943025,bnUSD,0,1,2025-03-04
cx4297f4b63262507623b6ad575d0d8dd2db980e4e,hxd75467e3e4ce64e3424c747dfb71503017440433,cxa0af3165c08318e988cb30993b3048335b94af6c,0x3782dace9d900000,0x05f8d290cef208fd65ba36acc7691ca5b165da0748a12699a07a9f12b0a91b96,0,94200687,4.0,1741082168632428,Injective,0.056943025,INJ,0,1,2025-03-04
cx88fd7df7ddff82f7cc735c871dc519838cb235bb,cxa0af3165c08318e988cb30993b3048335b94af6c,cx5faae53c4dbd1fbe4a2eb4aab6565030f10da5c6,0xe9f926afe5d8f8,0xb9496e4e94d45a34439acd62959944d174515bf7e5ef040d27a824eeb0cc44cb,2,94200675,0.06585761412873241,1741082144719956,Balanced Dollar,0.056943025,bnUSD,0,1,2025-03-04
cx88fd7df7ddff82f7cc735c871dc519838cb235bb,cxa0af3165c08318e988cb30993b3048335b94af6c,hxd75467e3e4ce64e3424c747dfb71503017440433,0x25f9f3a895c69952f,0xb9496e4e94d45a34439acd62959944d174515bf7e5ef040d27a824eeb0cc44cb,1,94200675,43.783778463954604,1741082144719956,Balanced Dollar,0.056943025,bnUSD,0,1,2025-03-04
cx4297f4b63262507623b6ad575d0d8dd2db980e4e,hxd75467e3e4ce64e3424c747dfb71503017440433,cxa0af3165c08318e988cb30993b3048335b94af6c,0x3782dace9d900000,0xb9496e4e94d45a34439acd62959944d174515bf7e5ef040d27a824eeb0cc44cb,0,94200675,4.0,1741082144719956,Injective,0.056943025,INJ,0,1,2025-03-04
cx4297f4b63262507623b6ad575d0d8dd2db980e4e,hx0000000000000000000000000000000000000000,hxd75467e3e4ce64e3424c747dfb71503017440433,0x56b94b47a1a54c000,0xb4d189596a97ad15e9e887039f96f4813cb8793198432e9aedc4a1d38ee0fcbe,1,94200653,99.98573966368,1741082100489795,Injective,0.0226138125,INJ,0,1,2025-03-04
cx7baf94bd53b505353285ee4c4c050f9703581703,hx9645117f1b0c7181a126c7f4f222caefc6ee7a61,hx0000000000000000000000000000000000000000,0x0,0x2f78326ec2964007020470b0d52f467467cb00f839de60cedc93cbf41e54dfa4,7,94200638,0.0,1741082070478907,unknown_token,0.0368017875,$unknown,26,1,2025-03-04
cx7baf94bd53b505353285ee4c4c050f9703581703,hx9645117f1b0c7181a126c7f4f222caefc6ee7a61,hx0000000000000000000000000000000000000000,0x0,0x2f78326ec2964007020470b0d52f467467cb00f839de60cedc93cbf41e54dfa4,6,94200638,0.0,1741082070478907,unknown_token,0.0368017875,$unknown,21,1,2025-03-04
cx7baf94bd53b505353285ee4c4c050f9703581703,hx9645117f1b0c7181a126c7f4f222caefc6ee7a61,hx0000000000000000000000000000000000000000,0x0,0x2f78326ec2964007020470b0d52f467467cb00f839de60cedc93cbf41e54dfa4,5,94200638,0.0,1741082070478907,unknown_token,0.0368017875,$unknown,10,1,2025-03-04
cx53f8ccd5426534f82cf10cb742de033e51da72fc,hx9645117f1b0c7181a126c7f4f222caefc6ee7a61,hx0000000000000000000000000000000000000000,0x0,0x2f78326ec2964007020470b0d52f467467cb00f839de60cedc93cbf41e54dfa4,1,94200638,0.0,1741082070478907,unknown_token,0.0368017875,$unknown,3,1,2025-03-04
cx634fd850e16d2fa6d1d9195f3602d4bafda2f963,hx9645117f1b0c7181a126c7f4f222caefc6ee7a61,hx9645117f1b0c7181a126c7f4f222caefc6ee7a61,0x0,0x2f78326ec2964007020470b0d52f467467cb00f839de60cedc93cbf41e54dfa4,0,94200638,0.0,1741082070478907,unknown_token,0.0368017875,$unknown,2,1,2025-03-04
cx88fd7df7ddff82f7cc735c871dc519838cb235bb,cxa0af3165c08318e988cb30993b3048335b94af6c,cx5faae53c4dbd1fbe4a2eb4aab6565030f10da5c6,0x1aa9206d5d11b87,0xd0386945755b95054aad74f0ec42518ed8b62323c4de21b0c8569bd78d82c0e3,2,94200635,0.1200688981334496,1741082064493405,Balanced Dollar,0.0569099625,bnUSD,0,1,2025-03-04
cx88fd7df7ddff82f7cc735c871dc519838cb235bb,cxa0af3165c08318e988cb30993b3048335b94af6c,hxd75467e3e4ce64e3424c747dfb71503017440433,0x453e4470533ba8545,0xd0386945755b95054aad74f0ec42518ed8b62323c4de21b0c8569bd78d82c0e3,1,94200635,79.83201098234453,1741082064493405,Balanced Dollar,0.0569099625,bnUSD,0,1,2025-03-04
cx66a031cc3bd305c76371fb586e93801b948254f0,hxd75467e3e4ce64e3424c747dfb71503017440433,cxa0af3165c08318e988cb30993b3048335b94af6c,0x3782dace9d900000,0xd0386945755b95054aad74f0ec42518ed8b62323c4de21b0c8569bd78d82c0e3,0,94200635,4.0,1741082064493405,Avalanche,0.0569099625,AVAX,0,1,2025-03-04
cx2609b924e33ef00b648a409245c7ea394c467824,hx9cc42dbb3b6c83579e4cb229fb360d4404f0ab10,cxa0af3165c08318e988cb30993b3048335b94af6c,0x18837e657063d74d24,0x0313254e7603a5c7cbb73d74cbb0e594a65e81240c5dedb943206fdbdaed0eee,0,94200612,452.1969799684491,1741082018581112,Staked ICX,0.03123255,sICX,0,1,2025-03-04
cx88fd7df7ddff82f7cc735c871dc519838cb235bb,cxa0af3165c08318e988cb30993b3048335b94af6c,cx5faae53c4dbd1fbe4a2eb4aab6565030f10da5c6,0x1aad9bb53175038,0x37d6be347755d4504072ad71f592a27251565d8e26223f15bd92d8aaa46d0c80,2,94200607,0.120147738654888,1741082008597855,Balanced Dollar,0.0569099625,bnUSD,0,1,2025-03-04
cx88fd7df7ddff82f7cc735c871dc519838cb235bb,cxa0af3165c08318e988cb30993b3048335b94af6c,hxd75467e3e4ce64e3424c747dfb71503017440433,0x4549e8a7711fb131a,0x37d6be347755d4504072ad71f592a27251565d8e26223f15bd92d8aaa46d0c80,1,94200607,79.88443948435184,1741082008597855,Balanced Dollar,0.0569099625,bnUSD,0,1,2025-03-04
cx66a031cc3bd305c76371fb586e93801b948254f0,hxd75467e3e4ce64e3424c747dfb71503017440433,cxa0af3165c08318e988cb30993b3048335b94af6c,0x3782dace9d900000,0x37d6be347755d4504072ad71f592a27251565d8e26223f15bd92d8aaa46d0c80,0,94200607,4.0,1741082008597855,Avalanche,0.0569099625,AVAX,0,1,2025-03-04
cx3975b43d260fb8ec802cef6e60c2f4d07486f11d,hx9cc42dbb3b6c83579e4cb229fb360d4404f0ab10,cxa0af3165c08318e988cb30993b3048335b94af6c,0x205014ef28e736e18f,0x374c29cac430447e0dd18877b7232bcfb5d0490f076fb7426cc3167a4be7053c,1,94200606,596.066310340231,1741082006459442,Wrapped ICX,0.0165693375,wICX,0,1,2025-03-04
cx3975b43d260fb8ec802cef6e60c2f4d07486f11d,hx0000000000000000000000000000000000000000,hx9cc42dbb3b6c83579e4cb229fb360d4404f0ab10,0x205014ef28e736e18f,0x374c29cac430447e0dd18877b7232bcfb5d0490f076fb7426cc3167a4be7053c,0,94200606,596.066310340231,1741082006459442,Wrapped ICX,0.0165693375,wICX,0,1,2025-03-04
cx88fd7df7ddff82f7cc735c871dc519838cb235bb,cxa0af3165c08318e988cb30993b3048335b94af6c,cx5faae53c4dbd1fbe4a2eb4aab6565030f10da5c6,0x1ab2181e78a3ffe,0x1322ab42a1c8e08d3bbfdea69c2edf2cf2589892503f66fce6792ddb513794c4,2,94200600,0.12022665687454515,1741081994648870,Balanced Dollar,0.0569099625,bnUSD,0,1,2025-03-04
cx88fd7df7ddff82f7cc735c871dc519838cb235bb,cxa0af3165c08318e988cb30993b3048335b94af6c,hxd75467e3e4ce64e3424c747dfb71503017440433,0x45558fce903fa1f13,0x1322ab42a1c8e08d3bbfdea69c2edf2cf2589892503f66fce6792ddb513794c4,1,94200600,79.93691966373692,1741081994648870,Balanced Dollar,0.0569099625,bnUSD,0,1,2025-03-04
cx66a031cc3bd305c76371fb586e93801b948254f0,hxd75467e3e4ce64e3424c747dfb71503017440433,cxa0af3165c08318e988cb30993b3048335b94af6c,0x3782dace9d900000,0x1322ab42a1c8e08d3bbfdea69c2edf2cf2589892503f66fce6792ddb513794c4,0,94200600,4.0,1741081994648870,Avalanche,0.0569099625,AVAX,0,1,2025-03-04
cx88fd7df7ddff82f7cc735c871dc519838cb235bb,cxa0af3165c08318e988cb30993b3048335b94af6c,cx5faae53c4dbd1fbe4a2eb4aab6565030f10da5c6,0xea15a4975b20ba,0x7f86b4687014ea8113c7f27653674c5519262a5ca83959be1894a401999b6886,2,94200597,0.06588894120844511,1741081988664974,Balanced Dollar,0.0569417125,bnUSD,0,1,2025-03-04
cx88fd7df7ddff82f7cc735c871dc519838cb235bb,cxa0af3165c08318e988cb30993b3048335b94af6c,hxd75467e3e4ce64e3424c747dfb71503017440433,0x25fe93adbc0254ef0,0x7f86b4687014ea8113c7f27653674c5519262a5ca83959be1894a401999b6886,1,94200597,43.80460796609176,1741081988664974,Balanced Dollar,0.0569417125,bnUSD,0,1,2025-03-04
cx4297f4b63262507623b6ad575d0d8dd2db980e4e,hxd75467e3e4ce64e3424c747dfb71503017440433,cxa0af3165c08318e988cb30993b3048335b94af6c,0x3782dace9d900000,0x7f86b4687014ea8113c7f27653674c5519262a5ca83959be1894a401999b6886,0,94200597,4.0,1741081988664974,Injective,0.0569417125,INJ,0,1,2025-03-04
cx3975b43d260fb8ec802cef6e60c2f4d07486f11d,hx9cc42dbb3b6c83579e4cb229fb360d4404f0ab10,hx0000000000000000000000000000000000000000,0x204acf72c8312ebabe,0x4737d5a44a16d6f4be06fb0ab94d41f40379c9d9c377e5609b854875e1cc4722,6,94200588,595.6864638418356,1741081970443102,Wrapped ICX,0.0915842625,wICX,0,1,2025-03-04
cx3975b43d260fb8ec802cef6e60c2f4d07486f11d,cx21e94c08c03daee80c25d8ee3ea22a20786ec231,hx9cc42dbb3b6c83579e4cb229fb360d4404f0ab10,0x204acf72c8312ebabe,0x4737d5a44a16d6f4be06fb0ab94d41f40379c9d9c377e5609b854875e1cc4722,5,94200588,595.6864638418356,1741081970443102,Wrapped ICX,0.0915842625,wICX,0,1,2025-03-04
cx2609b924e33ef00b648a409245c7ea394c467824,cxa0af3165c08318e988cb30993b3048335b94af6c,cx5faae53c4dbd1fbe4a2eb4aab6565030f10da5c6,0x96f23b29cc7d697,0x4737d5a44a16d6f4be06fb0ab94d41f40379c9d9c377e5609b854875e1cc4722,3,94200588,0.6798013187977274,1741081970443102,Staked ICX,0.0915842625,sICX,0,1,2025-03-04
cx3975b43d260fb8ec802cef6e60c2f4d07486f11d,cxa0af3165c08318e988cb30993b3048335b94af6c,cx21e94c08c03daee80c25d8ee3ea22a20786ec231,0x204acf72c8312ebabe,0x4737d5a44a16d6f4be06fb0ab94d41f40379c9d9c377e5609b854875e1cc4722,2,94200588,595.6864638418356,1741081970443102,Wrapped ICX,0.0915842625,wICX,0,1,2025-03-04
cx2609b924e33ef00b648a409245c7ea394c467824,cx21e94c08c03daee80c25d8ee3ea22a20786ec231,cxa0af3165c08318e988cb30993b3048335b94af6c,0x18916cf678486980cd,0x4737d5a44a16d6f4be06fb0ab94d41f40379c9d9c377e5609b854875e1cc4722,1,94200588,453.2008791984849,1741081970443102,Staked ICX,0.0915842625,sICX,0,1,2025-03-04
cx2609b924e33ef00b648a409245c7ea394c467824,hx9cc42dbb3b6c83579e4cb229fb360d4404f0ab10,cx21e94c08c03daee80c25d8ee3ea22a20786ec231,0x18916cf678486980cd,0x4737d5a44a16d6f4be06fb0ab94d41f40379c9d9c377e5609b854875e1cc4722,0,94200588,453.2008791984849,1741081970443102,Staked ICX,0.0915842625,sICX,0,1,2025-03-04
cx88fd7df7ddff82f7cc735c871dc519838cb235bb,cxa0af3165c08318e988cb30993b3048335b94af6c,cx5faae53c4dbd1fbe4a2eb4aab6565030f10da5c6,0xea3227b3c63eed,0x5586aea8f384bb8f5c70d22232f0a64ba43ebcead04c5326c328010e428bdc1b,2,94200548,0.06592029065152075,1741081890414944,Balanced Dollar,0.056960525,bnUSD,0,1,2025-03-04
cx88fd7df7ddff82f7cc735c871dc519838cb235bb,cxa0af3165c08318e988cb30993b3048335b94af6c,hxd75467e3e4ce64e3424c747dfb71503017440433,0x2603348b4a03110af,0x5586aea8f384bb8f5c70d22232f0a64ba43ebcead04c5326c328010e428bdc1b,1,94200548,43.825452339491314,1741081890414944,Balanced Dollar,0.056960525,bnUSD,0,1,2025-03-04
cx4297f4b63262507623b6ad575d0d8dd2db980e4e,hxd75467e3e4ce64e3424c747dfb71503017440433,cxa0af3165c08318e988cb30993b3048335b94af6c,0x3782dace9d900000,0x5586aea8f384bb8f5c70d22232f0a64ba43ebcead04c5326c328010e428bdc1b,0,94200548,4.0,1741081890414944,Injective,0.056960525,INJ,0,1,2025-03-04
cx88fd7df7ddff82f7cc735c871dc519838cb235bb,cx203d9cd2a669be67177e997b8948ce2c35caffae,cx835b300dcfe01f0bdb794e134a0c5628384f4367,0x1c208fd2afbdd2af,0x3a4cda02940e771ee8d2c871412dda30338d3e37e340ba008d91ab2f2820945e,6,94200535,2.02677796737108,1741081864425930,Balanced Dollar,0.0990608,bnUSD,0,1,2025-03-04
cx88fd7df7ddff82f7cc735c871dc519838cb235bb,cx5faae53c4dbd1fbe4a2eb4aab6565030f10da5c6,cx203d9cd2a669be67177e997b8948ce2c35caffae,0x282e84518d58518d,0x3a4cda02940e771ee8d2c871412dda30338d3e37e340ba008d91ab2f2820945e,4,94200535,2.8953970962444004,1741081864425930,Balanced Dollar,0.0990608,bnUSD,0,1,2025-03-04
cx88fd7df7ddff82f7cc735c871dc519838cb235bb,cx5faae53c4dbd1fbe4a2eb4aab6565030f10da5c6,cxdc30a0d3a1f131565c071272a20bc0b06fd4c17b,0x282e84518d58518c,0x3a4cda02940e771ee8d2c871412dda30338d3e37e340ba008d91ab2f2820945e,3,94200535,2.8953970962444004,1741081864425930,Balanced Dollar,0.0990608,bnUSD,0,1,2025-03-04
cx88fd7df7ddff82f7cc735c871dc519838cb235bb,cxa0af3165c08318e988cb30993b3048335b94af6c,cx5faae53c4dbd1fbe4a2eb4aab6565030f10da5c6,0xea4eb0066c1e01,0x3a4cda02940e771ee8d2c871412dda30338d3e37e340ba008d91ab2f2820945e,2,94200535,0.06595166247925299,1741081864425930,Balanced Dollar,0.0990608,bnUSD,0,1,2025-03-04
cx88fd7df7ddff82f7cc735c871dc519838cb235bb,cxa0af3165c08318e988cb30993b3048335b94af6c,hxd75467e3e4ce64e3424c747dfb71503017440433,0x2607d641748a62e73,0x3a4cda02940e771ee8d2c871412dda30338d3e37e340ba008d91ab2f2820945e,1,94200535,43.84631159831489,1741081864425930,Balanced Dollar,0.0990608,bnUSD,0,1,2025-03-04
cx4297f4b63262507623b6ad575d0d8dd2db980e4e,hxd75467e3e4ce64e3424c747dfb71503017440433,cxa0af3165c08318e988cb30993b3048335b94af6c,0x3782dace9d900000,0x3a4cda02940e771ee8d2c871412dda30338d3e37e340ba008d91ab2f2820945e,0,94200535,4.0,1741081864425930,Injective,0.0990608,INJ,0,1,2025-03-04
cxf61cd5a45dc9f91c15aa65831a30a90d59a09619,cx10d59e8103ab44635190bd4139dbfd682fa2d07e,hx9cc42dbb3b6c83579e4cb229fb360d4404f0ab10,0xf2eb7692095d4f1,0x5dfb44f083267956dca8788cf764ddbea7b00bad57f5c291339218c77cbec6c1,3,94200383,1.0940134216437485,1741081560292344,Balance Token,0.0723677625,BALN,0,1,2025-03-04
cx2609b924e33ef00b648a409245c7ea394c467824,cx10d59e8103ab44635190bd4139dbfd682fa2d07e,hx9cc42dbb3b6c83579e4cb229fb360d4404f0ab10,0x26700d4342a2e7e15,0x5dfb44f083267956dca8788cf764ddbea7b00bad57f5c291339218c77cbec6c1,1,94200383,44.31565365383676,1741081560292344,Staked ICX,0.0723677625,sICX,0,1,2025-03-04
cx518f64edcd35db9044a2de63fdc10abfd5f7d611,cx21e94c08c03daee80c25d8ee3ea22a20786ec231,hxd75467e3e4ce64e3424c747dfb71503017440433,0xef90b05d,0xc0f44e35f6e98a7fe78f27afb22d041abc9779f5fdcd8a9d1ae3a9f71b568f04,16,94200366,401.9236957,1741081526276245,Stellar,0.3683007875,XLM,0,1,2025-03-04
cx2609b924e33ef00b648a409245c7ea394c467824,cx203d9cd2a669be67177e997b8948ce2c35caffae,cx835b300dcfe01f0bdb794e134a0c5628384f4367,0xca30c4f25670b3e,0xc0f44e35f6e98a7fe78f27afb22d041abc9779f5fdcd8a9d1ae3a9f71b568f04,13,94200366,0.9105850837284319,1741081526276245,Staked ICX,0.3683007875,sICX,0,1,2025-03-04
cx2609b924e33ef00b648a409245c7ea394c467824,cx5faae53c4dbd1fbe4a2eb4aab6565030f10da5c6,cx203d9cd2a669be67177e997b8948ce2c35caffae,0x120d7f4c7e9334a3,0xc0f44e35f6e98a7fe78f27afb22d041abc9779f5fdcd8a9d1ae3a9f71b568f04,10,94200366,1.30083583389776,1741081526276245,Staked ICX,0.3683007875,sICX,0,1,2025-03-04
cx2609b924e33ef00b648a409245c7ea394c467824,cx5faae53c4dbd1fbe4a2eb4aab6565030f10da5c6,cxdc30a0d3a1f131565c071272a20bc0b06fd4c17b,0x120d7f4c7e9334a3,0xc0f44e35f6e98a7fe78f27afb22d041abc9779f5fdcd8a9d1ae3a9f71b568f04,8,94200366,1.30083583389776,1741081526276245,Staked ICX,0.3683007875,sICX,0,1,2025-03-04
cx2609b924e33ef00b648a409245c7ea394c467824,cxa0af3165c08318e988cb30993b3048335b94af6c,cx5faae53c4dbd1fbe4a2eb4aab6565030f10da5c6,0x10f05919629b0c3d,0xc0f44e35f6e98a7fe78f27afb22d041abc9779f5fdcd8a9d1ae3a9f71b568f04,7,94200366,1.2205734645807873,1741081526276245,Staked ICX,0.3683007875,sICX,0,1,2025-03-04
cx518f64edcd35db9044a2de63fdc10abfd5f7d611,cxa0af3165c08318e988cb30993b3048335b94af6c,cx21e94c08c03daee80c25d8ee3ea22a20786ec231,0xef90b05d,0xc0f44e35f6e98a7fe78f27afb22d041abc9779f5fdcd8a9d1ae3a9f71b568f04,6,94200366,401.9236957,1741081526276245,Stellar,0.3683007875,XLM,0,1,2025-03-04
cx2609b924e33ef00b648a409245c7ea394c467824,cx21e94c08c03daee80c25d8ee3ea22a20786ec231,cxa0af3165c08318e988cb30993b3048335b94af6c,0x2c1c92b21b73c535e3,0xc0f44e35f6e98a7fe78f27afb22d041abc9779f5fdcd8a9d1ae3a9f71b568f04,5,94200366,813.7156430538582,1741081526276245,Staked ICX,0.3683007875,sICX,0,1,2025-03-04
cx88fd7df7ddff82f7cc735c871dc519838cb235bb,cxa0af3165c08318e988cb30993b3048335b94af6c,cx5faae53c4dbd1fbe4a2eb4aab6565030f10da5c6,0x2654b861691ffe7,0xc0f44e35f6e98a7fe78f27afb22d041abc9779f5fdcd8a9d1ae3a9f71b568f04,3,94200366,0.17262719999999998,1741081526276245,Balanced Dollar,0.3683007875,bnUSD,0,1,2025-03-04
cx2609b924e33ef00b648a409245c7ea394c467824,cxa0af3165c08318e988cb30993b3048335b94af6c,cx21e94c08c03daee80c25d8ee3ea22a20786ec231,0x2c1c92b21b73c535e3,0xc0f44e35f6e98a7fe78f27afb22d041abc9779f5fdcd8a9d1ae3a9f71b568f04,2,94200366,813.7156430538582,1741081526276245,Staked ICX,0.3683007875,sICX,0,1,2025-03-04
cx88fd7df7ddff82f7cc735c871dc519838cb235bb,cx21e94c08c03daee80c25d8ee3ea22a20786ec231,cxa0af3165c08318e988cb30993b3048335b94af6c,0x63d1f57dac6dfc000,0xc0f44e35f6e98a7fe78f27afb22d041abc9779f5fdcd8a9d1ae3a9f71b568f04,1,94200366,115.08479999999999,1741081526276245,Balanced Dollar,0.3683007875,bnUSD,0,1,2025-03-04
cx88fd7df7ddff82f7cc735c871dc519838cb235bb,hxd75467e3e4ce64e3424c747dfb71503017440433,cx21e94c08c03daee80c25d8ee3ea22a20786ec231,0x63d1f57dac6dfc000,0xc0f44e35f6e98a7fe78f27afb22d041abc9779f5fdcd8a9d1ae3a9f71b568f04,0,94200366,115.08479999999999,1741081526276245,Balanced Dollar,0.3683007875,bnUSD,0,1,2025-03-04
cx88fd7df7ddff82f7cc735c871dc519838cb235bb,cxa0af3165c08318e988cb30993b3048335b94af6c,cx5faae53c4dbd1fbe4a2eb4aab6565030f10da5c6,0xb1b67a2b2abc0e5,0x82d9f287ed1c943420d3c8dba461c403e1c0b2405cc73d49c7e8bbd9c3e14e34,2,94200344,0.8003473072683583,1741081482432772,Balanced Dollar,0.0705547125,bnUSD,0,2,2025-03-04
cx2609b924e33ef00b648a409245c7ea394c467824,cxa0af3165c08318e988cb30993b3048335b94af6c,hxc1718c79947e0f673296218b5b23adbd9a3b38a8,0xccab0553443b5dc829,0x82d9f287ed1c943420d3c8dba461c403e1c0b2405cc73d49c7e8bbd9c3e14e34,1,94200344,3775.4591385446365,1741081482432772,Staked ICX,0.0705547125,sICX,0,2,2025-03-04
cx88fd7df7ddff82f7cc735c871dc519838cb235bb,hxc1718c79947e0f673296218b5b23adbd9a3b38a8,cxa0af3165c08318e988cb30993b3048335b94af6c,0x1cecb337b149f10000,0x82d9f287ed1c943420d3c8dba461c403e1c0b2405cc73d49c7e8bbd9c3e14e34,0,94200344,533.5648715122389,1741081482432772,Balanced Dollar,0.0705547125,bnUSD,0,2,2025-03-04
cx88fd7df7ddff82f7cc735c871dc519838cb235bb,cxd82fb5d3effecd8c9071a4bba3856ad7222c4b91,hxc1718c79947e0f673296218b5b23adbd9a3b38a8,0x1cecb337b149f10000,0x51a908fbf93703a24ba07307d46c4958a5c7d351d1fcf88796bf375947c68aae,0,94200344,533.5648715122389,1741081482432772,Balanced Dollar,0.020690875,bnUSD,0,1,2025-03-04
cx4297f4b63262507623b6ad575d0d8dd2db980e4e,cx21e94c08c03daee80c25d8ee3ea22a20786ec231,hx2debd9ec927cca1639da8d3518dd9dbf1cdfb357,0x1a05473ed6dd1f0f1,0x20af1b8cd11b99062e8e52cb9eea1827ed95dbeae471e22fccc39795a0dbe2f1,5,94200341,29.999730481408633,1741081476261868,Injective,0.088385925,INJ,0,1,2025-03-04
cx88fd7df7ddff82f7cc735c871dc519838cb235bb,cxa0af3165c08318e988cb30993b3048335b94af6c,cx5faae53c4dbd1fbe4a2eb4aab6565030f10da5c6,0x6e04449a17edce8,0x20af1b8cd11b99062e8e52cb9eea1827ed95dbeae471e22fccc39795a0dbe2f1,3,94200341,0.4954710420435018,1741081476261868,Balanced Dollar,0.088385925,bnUSD,0,1,2025-03-04
cx4297f4b63262507623b6ad575d0d8dd2db980e4e,cxa0af3165c08318e988cb30993b3048335b94af6c,cx21e94c08c03daee80c25d8ee3ea22a20786ec231,0x1a05473ed6dd1f0f1,0x20af1b8cd11b99062e8e52cb9eea1827ed95dbeae471e22fccc39795a0dbe2f1,2,94200341,29.999730481408633,1741081476261868,Injective,0.088385925,INJ,0,1,2025-03-04
cx88fd7df7ddff82f7cc735c871dc519838cb235bb,cx21e94c08c03daee80c25d8ee3ea22a20786ec231,cxa0af3165c08318e988cb30993b3048335b94af6c,0x11e8072a69e509f180,0x20af1b8cd11b99062e8e52cb9eea1827ed95dbeae471e22fccc39795a0dbe2f1,1,94200341,330.3140280290012,1741081476261868,Balanced Dollar,0.088385925,bnUSD,0,1,2025-03-04
cx88fd7df7ddff82f7cc735c871dc519838cb235bb,hx2debd9ec927cca1639da8d3518dd9dbf1cdfb357,cx21e94c08c03daee80c25d8ee3ea22a20786ec231,0x11e8072a69e509f180,0x20af1b8cd11b99062e8e52cb9eea1827ed95dbeae471e22fccc39795a0dbe2f1,0,94200341,330.3140280290012,1741081476261868,Balanced Dollar,0.088385925,bnUSD,0,1,2025-03-04
cx28b2ec885b50c8a93da752f2d0467a67127a70e8,cx7127ae2887ef7676bf8014e995bd2ed4fd71f05b,cx5a0af85407c69945eb318d4ac18e9e842184163c,0x6e1ec87564b980000,0x41030425eea6ba597f997471faeb9509a47d8f83fe687de6e7f14feb08407273,7,94200340,126.96,1741081474320867,CROWN,0.0415469875,CROWN,0,1,2025-03-04
cx28b2ec885b50c8a93da752f2d0467a67127a70e8,cx7127ae2887ef7676bf8014e995bd2ed4fd71f05b,hx0000000000000000000000000000000000000000,0x125a76be3b7440000,0x41030425eea6ba597f997471faeb9509a47d8f83fe687de6e7f14feb08407273,5,94200340,21.16,1741081474320867,CROWN,0.0415469875,CROWN,0,1,2025-03-04
cx28b2ec885b50c8a93da752f2d0467a67127a70e8,cx7127ae2887ef7676bf8014e995bd2ed4fd71f05b,cxd77007090899311f1afbcae86b49cfe817fc6810,0x24b4ed7c76e880000,0x41030425eea6ba597f997471faeb9509a47d8f83fe687de6e7f14feb08407273,4,94200340,42.32,1741081474320867,CROWN,0.0415469875,CROWN,0,1,2025-03-04
cx28b2ec885b50c8a93da752f2d0467a67127a70e8,cx7127ae2887ef7676bf8014e995bd2ed4fd71f05b,hx84f2cd8dd94ed2da42f6a1b959b0baaecf6651c1,0x125a76be3b7440000,0x41030425eea6ba597f997471faeb9509a47d8f83fe687de6e7f14feb08407273,2,94200340,21.16,1741081474320867,CROWN,0.0415469875,CROWN,0,1,2025-03-04
cx28b2ec885b50c8a93da752f2d0467a67127a70e8,hx8026678e3d08ba3203ce6161ee8e9e3b9793491f,cx7127ae2887ef7676bf8014e995bd2ed4fd71f05b,0xb788a36e528a80000,0x41030425eea6ba597f997471faeb9509a47d8f83fe687de6e7f14feb08407273,0,94200340,211.6,1741081474320867,CROWN,0.0415469875,CROWN,0,1,2025-03-04
cx66a031cc3bd305c76371fb586e93801b948254f0,cx21e94c08c03daee80c25d8ee3ea22a20786ec231,hx2debd9ec927cca1639da8d3518dd9dbf1cdfb357,0x1158da29854b534d7,0x0b3a19ff3502417180810ded6d6000449ca413b02cc673674997190e2ae28a6e,5,94200338,19.99982029536213,1741081470256767,Avalanche,0.088298875,AVAX,0,1,2025-03-04
cx88fd7df7ddff82f7cc735c871dc519838cb235bb,cxa0af3165c08318e988cb30993b3048335b94af6c,cx5faae53c4dbd1fbe4a2eb4aab6565030f10da5c6,0x85bf2021e996c38,0x0b3a19ff3502417180810ded6d6000449ca413b02cc673674997190e2ae28a6e,3,94200338,0.6023410661013208,1741081470256767,Balanced Dollar,0.088298875,bnUSD,0,1,2025-03-04
cx66a031cc3bd305c76371fb586e93801b948254f0,cxa0af3165c08318e988cb30993b3048335b94af6c,cx21e94c08c03daee80c25d8ee3ea22a20786ec231,0x1158da29854b534d7,0x0b3a19ff3502417180810ded6d6000449ca413b02cc673674997190e2ae28a6e,2,94200338,19.99982029536213,1741081470256767,Avalanche,0.088298875,AVAX,0,1,2025-03-04
cx88fd7df7ddff82f7cc735c871dc519838cb235bb,cx21e94c08c03daee80c25d8ee3ea22a20786ec231,cxa0af3165c08318e988cb30993b3048335b94af6c,0x15c4c63ada5a347c80,0x0b3a19ff3502417180810ded6d6000449ca413b02cc673674997190e2ae28a6e,1,94200338,401.56071073421384,1741081470256767,Balanced Dollar,0.088298875,bnUSD,0,1,2025-03-04
cx88fd7df7ddff82f7cc735c871dc519838cb235bb,hx2debd9ec927cca1639da8d3518dd9dbf1cdfb357,cx21e94c08c03daee80c25d8ee3ea22a20786ec231,0x15c4c63ada5a347c80,0x0b3a19ff3502417180810ded6d6000449ca413b02cc673674997190e2ae28a6e,0,94200338,401.56071073421384,1741081470256767,Balanced Dollar,0.088298875,bnUSD,0,1,2025-03-04
cx88fd7df7ddff82f7cc735c871dc519838cb235bb,cxa0af3165c08318e988cb30993b3048335b94af6c,cx5faae53c4dbd1fbe4a2eb4aab6565030f10da5c6,0xb17e11f6f702a9f,0x3575872365f8889310a4b9cff5d1e85600e937a5aefdd3395b87f688cfa4728c,2,94200335,0.79935498401141,1741081464290197,Balanced Dollar,0.0705547125,bnUSD,0,2,2025-03-04
cx2609b924e33ef00b648a409245c7ea394c467824,cxa0af3165c08318e988cb30993b3048335b94af6c,hxc1718c79947e0f673296218b5b23adbd9a3b38a8,0xccab0a7a923f644e3e,0x3575872365f8889310a4b9cff5d1e85600e937a5aefdd3395b87f688cfa4728c,1,94200335,3775.4605891355486,1741081464290197,Staked ICX,0.0705547125,sICX,0,2,2025-03-04
cx88fd7df7ddff82f7cc735c871dc519838cb235bb,hxc1718c79947e0f673296218b5b23adbd9a3b38a8,cxa0af3165c08318e988cb30993b3048335b94af6c,0x1ce384ec87896f0000,0x3575872365f8889310a4b9cff5d1e85600e937a5aefdd3395b87f688cfa4728c,0,94200335,532.9033226742733,1741081464290197,Balanced Dollar,0.0705547125,bnUSD,0,2,2025-03-04
cx88fd7df7ddff82f7cc735c871dc519838cb235bb,cxd82fb5d3effecd8c9071a4bba3856ad7222c4b91,hxc1718c79947e0f673296218b5b23adbd9a3b38a8,0x1ce384ec87896f0000,0x22339613af85bedb139db5c64ac9e4c775406a981c1269575d4f43f7a0050ad3,0,94200335,532.9033226742733,1741081464290197,Balanced Dollar,0.0206935625,bnUSD,0,1,2025-03-04
cx28b2ec885b50c8a93da752f2d0467a67127a70e8,cx7127ae2887ef7676bf8014e995bd2ed4fd71f05b,cx5a0af85407c69945eb318d4ac18e9e842184163c,0x7033b0a9f10880000,0x79923ee36a771e46826c73ce66af14d7d7eb7c839779469a9ada4d9b38158aba,7,94200283,129.36,1741081360214466,CROWN,0.0414936625,CROWN,0,1,2025-03-04
cx28b2ec885b50c8a93da752f2d0467a67127a70e8,cx7127ae2887ef7676bf8014e995bd2ed4fd71f05b,hx0000000000000000000000000000000000000000,0x12b3481c52d6c0000,0x79923ee36a771e46826c73ce66af14d7d7eb7c839779469a9ada4d9b38158aba,5,94200283,21.56,1741081360214466,CROWN,0.0414936625,CROWN,0,1,2025-03-04
cx28b2ec885b50c8a93da752f2d0467a67127a70e8,cx7127ae2887ef7676bf8014e995bd2ed4fd71f05b,cxd77007090899311f1afbcae86b49cfe817fc6810,0x25669038a5ad80000,0x79923ee36a771e46826c73ce66af14d7d7eb7c839779469a9ada4d9b38158aba,4,94200283,43.12,1741081360214466,CROWN,0.0414936625,CROWN,0,1,2025-03-04
cx28b2ec885b50c8a93da752f2d0467a67127a70e8,cx7127ae2887ef7676bf8014e995bd2ed4fd71f05b,hx84f2cd8dd94ed2da42f6a1b959b0baaecf6651c1,0x12b3481c52d6c0000,0x79923ee36a771e46826c73ce66af14d7d7eb7c839779469a9ada4d9b38158aba,2,94200283,21.56,1741081360214466,CROWN,0.0414936625,CROWN,0,1,2025-03-04
cx28b2ec885b50c8a93da752f2d0467a67127a70e8,hx9645117f1b0c7181a126c7f4f222caefc6ee7a61,cx7127ae2887ef7676bf8014e995bd2ed4fd71f05b,0xbb00d11b3c6380000,0x79923ee36a771e46826c73ce66af14d7d7eb7c839779469a9ada4d9b38158aba,0,94200283,215.6,1741081360214466,CROWN,0.0414936625,CROWN,0,1,2025-03-04
cx7baf94bd53b505353285ee4c4c050f9703581703,hx04c8c5e5f412aa7c1986514bbbef2d269a2733fc,hx0000000000000000000000000000000000000000,0x0,0xeed97a1639bb0da804ccd151cdd195dc7a02a18b3ca4613e7b8fb19a003f9417,6,94200189,0.0,1741081172360661,unknown_token,0.06450095,$unknown,30,1,2025-03-04
cx7baf94bd53b505353285ee4c4c050f9703581703,hx04c8c5e5f412aa7c1986514bbbef2d269a2733fc,hx0000000000000000000000000000000000000000,0x0,0xeed97a1639bb0da804ccd151cdd195dc7a02a18b3ca4613e7b8fb19a003f9417,5,94200189,0.0,1741081172360661,unknown_token,0.06450095,$unknown,31,1,2025-03-04
cx7baf94bd53b505353285ee4c4c050f9703581703,hx04c8c5e5f412aa7c1986514bbbef2d269a2733fc,hx0000000000000000000000000000000000000000,0x0,0xeed97a1639bb0da804ccd151cdd195dc7a02a18b3ca4613e7b8fb19a003f9417,4,94200189,0.0,1741081172360661,unknown_token,0.06450095,$unknown,11,1,2025-03-04
cx53f8ccd5426534f82cf10cb742de033e51da72fc,hx04c8c5e5f412aa7c1986514bbbef2d269a2733fc,hx0000000000000000000000000000000000000000,0x0,0xeed97a1639bb0da804ccd151cdd195dc7a02a18b3ca4613e7b8fb19a003f9417,0,94200189,0.0,1741081172360661,unknown_token,0.06450095,$unknown,2,1,2025-03-04
cx518f64edcd35db9044a2de63fdc10abfd5f7d611,cx21e94c08c03daee80c25d8ee3ea22a20786ec231,hxd75467e3e4ce64e3424c747dfb71503017440433,0xef727a7d,0x3a4b95fd3267766873d6254405b8ecb4dd698ac384947338779054a72a69a4cf,9,94200119,401.7257085,1741081032265880,Stellar,0.1691922875,XLM,0,1,2025-03-04
cx2609b924e33ef00b648a409245c7ea394c467824,cxa0af3165c08318e988cb30993b3048335b94af6c,cx5faae53c4dbd1fbe4a2eb4aab6565030f10da5c6,0x10e29e5572c5431b,0x3a4b95fd3267766873d6254405b8ecb4dd698ac384947338779054a72a69a4cf,7,94200119,1.2167089391783943,1741081032265880,Staked ICX,0.1691922875,sICX,0,1,2025-03-04
cx518f64edcd35db9044a2de63fdc10abfd5f7d611,cxa0af3165c08318e988cb30993b3048335b94af6c,cx21e94c08c03daee80c25d8ee3ea22a20786ec231,0xef727a7d,0x3a4b95fd3267766873d6254405b8ecb4dd698ac384947338779054a72a69a4cf,6,94200119,401.7257085,1741081032265880,Stellar,0.1691922875,XLM,0,1,2025-03-04
cx2609b924e33ef00b648a409245c7ea394c467824,cx21e94c08c03daee80c25d8ee3ea22a20786ec231,cxa0af3165c08318e988cb30993b3048335b94af6c,0x2bf8d1a93037096da0,0x3a4b95fd3267766873d6254405b8ecb4dd698ac384947338779054a72a69a4cf,5,94200119,811.1392927855962,1741081032265880,Staked ICX,0.1691922875,sICX,0,1,2025-03-04
cx88fd7df7ddff82f7cc735c871dc519838cb235bb,cxa0af3165c08318e988cb30993b3048335b94af6c,cx5faae53c4dbd1fbe4a2eb4aab6565030f10da5c6,0x261acc451a31800,0x3a4b95fd3267766873d6254405b8ecb4dd698ac384947338779054a72a69a4cf,3,94200119,0.17160822,1741081032265880,Balanced Dollar,0.1691922875,bnUSD,0,1,2025-03-04
cx2609b924e33ef00b648a409245c7ea394c467824,cxa0af3165c08318e988cb30993b3048335b94af6c,cx21e94c08c03daee80c25d8ee3ea22a20786ec231,0x2bf8d1a93037096da0,0x3a4b95fd3267766873d6254405b8ecb4dd698ac384947338779054a72a69a4cf,2,94200119,811.1392927855962,1741081032265880,Staked ICX,0.1691922875,sICX,0,1,2025-03-04
cx88fd7df7ddff82f7cc735c871dc519838cb235bb,cx21e94c08c03daee80c25d8ee3ea22a20786ec231,cxa0af3165c08318e988cb30993b3048335b94af6c,0x633b1e9e9ee0e8000,0x3a4b95fd3267766873d6254405b8ecb4dd698ac384947338779054a72a69a4cf,1,94200119,114.40548,1741081032265880,Balanced Dollar,0.1691922875,bnUSD,0,1,2025-03-04
cx88fd7df7ddff82f7cc735c871dc519838cb235bb,hxd75467e3e4ce64e3424c747dfb71503017440433,cx21e94c08c03daee80c25d8ee3ea22a20786ec231,0x633b1e9e9ee0e8000,0x3a4b95fd3267766873d6254405b8ecb4dd698ac384947338779054a72a69a4cf,0,94200119,114.40548,1741081032265880,Balanced Dollar,0.1691922875,bnUSD,0,1,2025-03-04
cxfe94530ee0d159db3e5b7dcffbcd0dfb360075c0,cx21e94c08c03daee80c25d8ee3ea22a20786ec231,hx970eda4988e547df0de8324226fdf3e8ebc9734f,0x1cddec08b1af8200063,0xeec70855cf8ce6f4d32ec0549c79473e8fe02386f6c39add2f84898ef795399a,5,94200047,8520.0,1741080888064163,Liquid Finance Staked ARCH,0.076644975,sARCH,0,1,2025-03-04
cx88fd7df7ddff82f7cc735c871dc519838cb235bb,cxa0af3165c08318e988cb30993b3048335b94af6c,cx5faae53c4dbd1fbe4a2eb4aab6565030f10da5c6,0x3bc3394f0685d59,0xeec70855cf8ce6f4d32ec0549c79473e8fe02386f6c39add2f84898ef795399a,3,94200047,0.269146792516935,1741080888064163,Balanced Dollar,0.076644975,bnUSD,0,1,2025-03-04
cxfe94530ee0d159db3e5b7dcffbcd0dfb360075c0,cxa0af3165c08318e988cb30993b3048335b94af6c,cx21e94c08c03daee80c25d8ee3ea22a20786ec231,0x1cddec08b1af8200063,0xeec70855cf8ce6f4d32ec0549c79473e8fe02386f6c39add2f84898ef795399a,2,94200047,8520.0,1741080888064163,Liquid Finance Staked ARCH,0.076644975,sARCH,0,1,2025-03-04
cx88fd7df7ddff82f7cc735c871dc519838cb235bb,cx21e94c08c03daee80c25d8ee3ea22a20786ec231,cxa0af3165c08318e988cb30993b3048335b94af6c,0x9ba1ba9320fc86f27,0xeec70855cf8ce6f4d32ec0549c79473e8fe02386f6c39add2f84898ef795399a,1,94200047,179.43119501129001,1741080888064163,Balanced Dollar,0.076644975,bnUSD,0,1,2025-03-04
cx88fd7df7ddff82f7cc735c871dc519838cb235bb,hx970eda4988e547df0de8324226fdf3e8ebc9734f,cx21e94c08c03daee80c25d8ee3ea22a20786ec231,0x9ba1ba9320fc86f27,0xeec70855cf8ce6f4d32ec0549c79473e8fe02386f6c39add2f84898ef795399a,0,94200047,179.43119501129001,1741080888064163,Balanced Dollar,0.076644975,bnUSD,0,1,2025-03-04
cx88fd7df7ddff82f7cc735c871dc519838cb235bb,cxa0af3165c08318e988cb30993b3048335b94af6c,cx5faae53c4dbd1fbe4a2eb4aab6565030f10da5c6,0xdc3252c354fd8c,0x63d94e24ebd644815761bd91b85f3dec423d23761d5d42e10198fe63fed2b323,2,94199977,0.06197982592217845,1741080748003889,Balanced Dollar,0.0473655125,bnUSD,0,1,2025-03-04
cx88fd7df7ddff82f7cc735c871dc519838cb235bb,cxa0af3165c08318e988cb30993b3048335b94af6c,hxd75467e3e4ce64e3424c747dfb71503017440433,0x23bdc8315d81a545c,0x63d94e24ebd644815761bd91b85f3dec423d23761d5d42e10198fe63fed2b323,1,94199977,41.20695482037635,1741080748003889,Balanced Dollar,0.0473655125,bnUSD,0,1,2025-03-04
cx65c9e3d4fea842e00add0d32a5b4c5e4e04c7a6b,hxd75467e3e4ce64e3424c747dfb71503017440433,cxa0af3165c08318e988cb30993b3048335b94af6c,0x11e1a300,0x63d94e24ebd644815761bd91b85f3dec423d23761d5d42e10198fe63fed2b323,0,94199977,0.3,1741080748003889,Solana,0.0473655125,SOL,0,1,2025-03-04
cx88fd7df7ddff82f7cc735c871dc519838cb235bb,cxa0af3165c08318e988cb30993b3048335b94af6c,cx5faae53c4dbd1fbe4a2eb4aab6565030f10da5c6,0xdc507deae1cd31,0xe2e87350b15cf9b9037f267e9bce2fb0df2b90c5955b063e7ef04e1c80cbf4ff,2,94199784,0.06201299661814507,1741080361903564,Balanced Dollar,0.0473655125,bnUSD,0,1,2025-03-04
cx88fd7df7ddff82f7cc735c871dc519838cb235bb,cxa0af3165c08318e988cb30993b3048335b94af6c,hxd75467e3e4ce64e3424c747dfb71503017440433,0x23c2adf2fe715400d,0xe2e87350b15cf9b9037f267e9bce2fb0df2b90c5955b063e7ef04e1c80cbf4ff,1,94199784,41.22901113555001,1741080361903564,Balanced Dollar,0.0473655125,bnUSD,0,1,2025-03-04
cx65c9e3d4fea842e00add0d32a5b4c5e4e04c7a6b,hxd75467e3e4ce64e3424c747dfb71503017440433,cxa0af3165c08318e988cb30993b3048335b94af6c,0x11e1a300,0xe2e87350b15cf9b9037f267e9bce2fb0df2b90c5955b063e7ef04e1c80cbf4ff,0,94199784,0.3,1741080361903564,Solana,0.0473655125,SOL,0,1,2025-03-04
cx88fd7df7ddff82f7cc735c871dc519838cb235bb,cxa0af3165c08318e988cb30993b3048335b94af6c,cx5faae53c4dbd1fbe4a2eb4aab6565030f10da5c6,0xe99545684feaf6,0x8271beffe7d13299ff06b89052630a154c6baf9634dc5cbabe0de22872666797,2,94199781,0.06574779490893286,1741080355882292,Balanced Dollar,0.056943025,bnUSD,0,1,2025-03-04
cx88fd7df7ddff82f7cc735c871dc519838cb235bb,cxa0af3165c08318e988cb30993b3048335b94af6c,hxd75467e3e4ce64e3424c747dfb71503017440433,0x25e9bcff58e23ff81,0x8271beffe7d13299ff06b89052630a154c6baf9634dc5cbabe0de22872666797,1,94199781,43.71075926193314,1741080355882292,Balanced Dollar,0.056943025,bnUSD,0,1,2025-03-04
cx4297f4b63262507623b6ad575d0d8dd2db980e4e,hxd75467e3e4ce64e3424c747dfb71503017440433,cxa0af3165c08318e988cb30993b3048335b94af6c,0x3782dace9d900000,0x8271beffe7d13299ff06b89052630a154c6baf9634dc5cbabe0de22872666797,0,94199781,4.0,1741080355882292,Injective,0.056943025,INJ,0,1,2025-03-04
cx88fd7df7ddff82f7cc735c871dc519838cb235bb,cxa0af3165c08318e988cb30993b3048335b94af6c,cx5faae53c4dbd1fbe4a2eb4aab6565030f10da5c6,0x1aa024b2acf7f0b,0x9abc7917007e9a5386c8491661c0cd140ed7631c5abf208b7019f6ed0d339c09,2,94199774,0.11991086194278376,1741080341876061,Balanced Dollar,0.0569099625,bnUSD,0,1,2025-03-04
cx88fd7df7ddff82f7cc735c871dc519838cb235bb,cxa0af3165c08318e988cb30993b3048335b94af6c,hxd75467e3e4ce64e3424c747dfb71503017440433,0x4526ee96a8c2093d0,0x9abc7917007e9a5386c8491661c0cd140ed7631c5abf208b7019f6ed0d339c09,1,94199774,79.72691789721323,1741080341876061,Balanced Dollar,0.0569099625,bnUSD,0,1,2025-03-04
cx66a031cc3bd305c76371fb586e93801b948254f0,hxd75467e3e4ce64e3424c747dfb71503017440433,cxa0af3165c08318e988cb30993b3048335b94af6c,0x3782dace9d900000,0x9abc7917007e9a5386c8491661c0cd140ed7631c5abf208b7019f6ed0d339c09,0,94199774,4.0,1741080341876061,Avalanche,0.0569099625,AVAX,0,1,2025-03-04
cx88fd7df7ddff82f7cc735c871dc519838cb235bb,cxa0af3165c08318e988cb30993b3048335b94af6c,cx5faae53c4dbd1fbe4a2eb4aab6565030f10da5c6,0x1aa49db75099d53,0xb2c6c5508b6ab3fb652be3d8201c12859270e113725ecbbf88b651b9c360c7b2,2,94199767,0.1199895469889693,1741080328078955,Balanced Dollar,0.0569099625,bnUSD,0,1,2025-03-04
cx88fd7df7ddff82f7cc735c871dc519838cb235bb,cxa0af3165c08318e988cb30993b3048335b94af6c,hxd75467e3e4ce64e3424c747dfb71503017440433,0x45328ced012ebc194,0xb2c6c5508b6ab3fb652be3d8201c12859270e113725ecbbf88b651b9c360c7b2,1,94199767,79.77924299212061,1741080328078955,Balanced Dollar,0.0569099625,bnUSD,0,1,2025-03-04
cx66a031cc3bd305c76371fb586e93801b948254f0,hxd75467e3e4ce64e3424c747dfb71503017440433,cxa0af3165c08318e988cb30993b3048335b94af6c,0x3782dace9d900000,0xb2c6c5508b6ab3fb652be3d8201c12859270e113725ecbbf88b651b9c360c7b2,0,94199767,4.0,1741080328078955,Avalanche,0.0569099625,AVAX,0,1,2025-03-04
cxf61cd5a45dc9f91c15aa65831a30a90d59a09619,cx9345f80d6c98357ccbb70392b14162199c2c5f66,cxd82fb5d3effecd8c9071a4bba3856ad7222c4b91,0x241876f5a76f13d0,0x0aa8e411cb268f534eb21819afbd596cc30f07a58783f4a78141da1349f2fcbd,4,94199763,2.600959582254601,1741080319873491,Balance Token,0.1302221125,BALN,0,1,2025-03-04
cx2609b924e33ef00b648a409245c7ea394c467824,cx9345f80d6c98357ccbb70392b14162199c2c5f66,cxd82fb5d3effecd8c9071a4bba3856ad7222c4b91,0x27b4973af0e55e7b7,0x0aa8e411cb268f534eb21819afbd596cc30f07a58783f4a78141da1349f2fcbd,3,94199763,45.7772470830811,1741080319873491,Staked ICX,0.1302221125,sICX,0,1,2025-03-04
cx88fd7df7ddff82f7cc735c871dc519838cb235bb,hx0000000000000000000000000000000000000000,cx5faae53c4dbd1fbe4a2eb4aab6565030f10da5c6,0x0,0x0aa8e411cb268f534eb21819afbd596cc30f07a58783f4a78141da1349f2fcbd,2,94199763,0.0,1741080319873491,Balanced Dollar,0.1302221125,bnUSD,0,1,2025-03-04
cx88fd7df7ddff82f7cc735c871dc519838cb235bb,hx0000000000000000000000000000000000000000,cxd82fb5d3effecd8c9071a4bba3856ad7222c4b91,0x662eadc0b7ddd7a4,0x0aa8e411cb268f534eb21819afbd596cc30f07a58783f4a78141da1349f2fcbd,1,94199763,7.363013484027435,1741080319873491,Balanced Dollar,0.1302221125,bnUSD,0,1,2025-03-04
cx88fd7df7ddff82f7cc735c871dc519838cb235bb,hxd75467e3e4ce64e3424c747dfb71503017440433,cxd82fb5d3effecd8c9071a4bba3856ad7222c4b91,0x53d9fe1b2fa4940000,0x0aa8e411cb268f534eb21819afbd596cc30f07a58783f4a78141da1349f2fcbd,0,94199763,1546.7877805596463,1741080319873491,Balanced Dollar,0.1302221125,bnUSD,0,1,2025-03-04
cx88fd7df7ddff82f7cc735c871dc519838cb235bb,cxa0af3165c08318e988cb30993b3048335b94af6c,cx5faae53c4dbd1fbe4a2eb4aab6565030f10da5c6,0x1aa917dca45365e,0x4713093b0904b0959a9dd572a2f360a9f907db218e5bc6278fc66d93d75ac2d2,2,94199760,0.1200683095292125,1741080313937832,Balanced Dollar,0.056911275,bnUSD,0,1,2025-03-04
cx88fd7df7ddff82f7cc735c871dc519838cb235bb,cxa0af3165c08318e988cb30993b3048335b94af6c,hxd75467e3e4ce64e3424c747dfb71503017440433,0x453e2e3160e848f3b,0x4713093b0904b0959a9dd572a2f360a9f907db218e5bc6278fc66d93d75ac2d2,1,94199760,79.83161962859519,1741080313937832,Balanced Dollar,0.056911275,bnUSD,0,1,2025-03-04
cx66a031cc3bd305c76371fb586e93801b948254f0,hxd75467e3e4ce64e3424c747dfb71503017440433,cxa0af3165c08318e988cb30993b3048335b94af6c,0x3782dace9d900000,0x4713093b0904b0959a9dd572a2f360a9f907db218e5bc6278fc66d93d75ac2d2,0,94199760,4.0,1741080313937832,Avalanche,0.056911275,AVAX,0,1,2025-03-04
cx88fd7df7ddff82f7cc735c871dc519838cb235bb,cxa0af3165c08318e988cb30993b3048335b94af6c,cx5faae53c4dbd1fbe4a2eb4aab6565030f10da5c6,0x1aad9323093c037,0xdfaf878bd50cb99a306484601007acfbded62a607c76a464001fb3a153f38c20,2,94199731,0.12014714966532102,1741080255842391,Balanced Dollar,0.056911275,bnUSD,0,1,2025-03-04
cx88fd7df7ddff82f7cc735c871dc519838cb235bb,cxa0af3165c08318e988cb30993b3048335b94af6c,hxd75467e3e4ce64e3424c747dfb71503017440433,0x4549d264c43914c45,0xdfaf878bd50cb99a306484601007acfbded62a607c76a464001fb3a153f38c20,1,94199731,79.88404787436069,1741080255842391,Balanced Dollar,0.056911275,bnUSD,0,1,2025-03-04
cx66a031cc3bd305c76371fb586e93801b948254f0,hxd75467e3e4ce64e3424c747dfb71503017440433,cxa0af3165c08318e988cb30993b3048335b94af6c,0x3782dace9d900000,0xdfaf878bd50cb99a306484601007acfbded62a607c76a464001fb3a153f38c20,0,94199731,4.0,1741080255842391,Avalanche,0.056911275,AVAX,0,1,2025-03-04
cx2609b924e33ef00b648a409245c7ea394c467824,cx43e2eec79eb76293c298f2b17aec06097be606e0,hx0000000000000000000000000000000000000000,0x46596c9af80fc5c74,0xf8dd950cbe158d0be36479f077cf96479318e8d3beb272a38b0375af1b552f01,1,94199726,81.10723629479601,1741080245842069,Staked ICX,0.0888988125,sICX,0,1,2025-03-04
cx2609b924e33ef00b648a409245c7ea394c467824,hxe54895cf1d063141ead704ce68ccd5e4dc0c12c6,cx43e2eec79eb76293c298f2b17aec06097be606e0,0x46596c9af80fc5c74,0xf8dd950cbe158d0be36479f077cf96479318e8d3beb272a38b0375af1b552f01,0,94199726,81.10723629479601,1741080245842069,Staked ICX,0.0888988125,sICX,0,1,2025-03-04
cxf61cd5a45dc9f91c15aa65831a30a90d59a09619,cx10d59e8103ab44635190bd4139dbfd682fa2d07e,hxe54895cf1d063141ead704ce68ccd5e4dc0c12c6,0x3e09cc90ea49838b,0x1f743a8cdc70203f71a07fc59c1d5cab7099367eaa47e297d25661ed110f8171,4,94199717,4.470329027919971,1741080228043857,Balance Token,0.13473455,BALN,0,1,2025-03-04
cx2609b924e33ef00b648a409245c7ea394c467824,cx10d59e8103ab44635190bd4139dbfd682fa2d07e,hxe54895cf1d063141ead704ce68ccd5e4dc0c12c6,0x46596c9af80fc5c74,0x1f743a8cdc70203f71a07fc59c1d5cab7099367eaa47e297d25661ed110f8171,2,94199717,81.10723629479601,1741080228043857,Staked ICX,0.13473455,sICX,0,1,2025-03-04
cx88fd7df7ddff82f7cc735c871dc519838cb235bb,cxa0af3165c08318e988cb30993b3048335b94af6c,cx5faae53c4dbd1fbe4a2eb4aab6565030f10da5c6,0x1ab20f8ae093e3c,0xdb01e5ecf9e8b824e64cede070e11b1b4c6fc76977cb34dc1a3426cb5365cfb5,2,94199693,0.12022606749926969,1741080179819503,Balanced Dollar,0.056911275,bnUSD,0,1,2025-03-04
cx88fd7df7ddff82f7cc735c871dc519838cb235bb,cxa0af3165c08318e988cb30993b3048335b94af6c,hxd75467e3e4ce64e3424c747dfb71503017440433,0x4555798827d5a4033,0xdb01e5ecf9e8b824e64cede070e11b1b4c6fc76977cb34dc1a3426cb5365cfb5,1,94199693,79.93652779725214,1741080179819503,Balanced Dollar,0.056911275,bnUSD,0,1,2025-03-04
cx66a031cc3bd305c76371fb586e93801b948254f0,hxd75467e3e4ce64e3424c747dfb71503017440433,cxa0af3165c08318e988cb30993b3048335b94af6c,0x3782dace9d900000,0xdb01e5ecf9e8b824e64cede070e11b1b4c6fc76977cb34dc1a3426cb5365cfb5,0,94199693,4.0,1741080179819503,Avalanche,0.056911275,AVAX,0,1,2025-03-04
cx88fd7df7ddff82f7cc735c871dc519838cb235bb,cxa0af3165c08318e988cb30993b3048335b94af6c,cx5faae53c4dbd1fbe4a2eb4aab6565030f10da5c6,0xe9b1b1167d7b56,0x6b460658167ea1535fe0a1170daeab74c3ea207b0a4131b88326bd224088d8e5,2,94199690,0.06577904371823291,1741080173883750,Balanced Dollar,0.0569443375,bnUSD,0,2,2025-03-04
cx88fd7df7ddff82f7cc735c871dc519838cb235bb,cxa0af3165c08318e988cb30993b3048335b94af6c,hxd75467e3e4ce64e3424c747dfb71503017440433,0x25ee5a0f1762be59c,0x6b460658167ea1535fe0a1170daeab74c3ea207b0a4131b88326bd224088d8e5,1,94199690,43.73153671558122,1741080173883750,Balanced Dollar,0.0569443375,bnUSD,0,2,2025-03-04
cx4297f4b63262507623b6ad575d0d8dd2db980e4e,hxd75467e3e4ce64e3424c747dfb71503017440433,cxa0af3165c08318e988cb30993b3048335b94af6c,0x3782dace9d900000,0x6b460658167ea1535fe0a1170daeab74c3ea207b0a4131b88326bd224088d8e5,0,94199690,4.0,1741080173883750,Injective,0.0569443375,INJ,0,2,2025-03-04
cx88fd7df7ddff82f7cc735c871dc519838cb235bb,cxa0af3165c08318e988cb30993b3048335b94af6c,cx5faae53c4dbd1fbe4a2eb4aab6565030f10da5c6,0xe9ce21f530ea66,0x5e401ea8f4c1dcd09f10e847506b88939f2617dc0816d328dec1965711fbbdf9,2,94199684,0.06581031481644913,1741080161811289,Balanced Dollar,0.0569443375,bnUSD,0,2,2025-03-04
cx88fd7df7ddff82f7cc735c871dc519838cb235bb,cxa0af3165c08318e988cb30993b3048335b94af6c,hxd75467e3e4ce64e3424c747dfb71503017440433,0x25f2f7f6853629b18,0x5e401ea8f4c1dcd09f10e847506b88939f2617dc0816d328dec1965711fbbdf9,1,94199684,43.752328990979954,1741080161811289,Balanced Dollar,0.0569443375,bnUSD,0,2,2025-03-04
cx4297f4b63262507623b6ad575d0d8dd2db980e4e,hxd75467e3e4ce64e3424c747dfb71503017440433,cxa0af3165c08318e988cb30993b3048335b94af6c,0x3782dace9d900000,0x5e401ea8f4c1dcd09f10e847506b88939f2617dc0816d328dec1965711fbbdf9,0,94199684,4.0,1741080161811289,Injective,0.0569443375,INJ,0,2,2025-03-04
cx88fd7df7ddff82f7cc735c871dc519838cb235bb,cxa0af3165c08318e988cb30993b3048335b94af6c,cx5faae53c4dbd1fbe4a2eb4aab6565030f10da5c6,0xe9ea9805adc8aa,0x9fe5f4c7de3b05777aa9a004d18fc7793f8560ac12b77b595e2d01a33f17c3f7,2,94199674,0.0658416082247866,1741080141803851,Balanced Dollar,0.0569443375,bnUSD,0,1,2025-03-04
cx88fd7df7ddff82f7cc735c871dc519838cb235bb,cxa0af3165c08318e988cb30993b3048335b94af6c,hxd75467e3e4ce64e3424c747dfb71503017440433,0x25f796b5d6e5ea4db,0x9fe5f4c7de3b05777aa9a004d18fc7793f8560ac12b77b595e2d01a33f17c3f7,1,94199674,43.77313610223207,1741080141803851,Balanced Dollar,0.0569443375,bnUSD,0,1,2025-03-04
cx4297f4b63262507623b6ad575d0d8dd2db980e4e,hxd75467e3e4ce64e3424c747dfb71503017440433,cxa0af3165c08318e988cb30993b3048335b94af6c,0x3782dace9d900000,0x9fe5f4c7de3b05777aa9a004d18fc7793f8560ac12b77b595e2d01a33f17c3f7,0,94199674,4.0,1741080141803851,Injective,0.0569443375,INJ,0,1,2025-03-04
cx88fd7df7ddff82f7cc735c871dc519838cb235bb,cx21e94c08c03daee80c25d8ee3ea22a20786ec231,hx2debd9ec927cca1639da8d3518dd9dbf1cdfb357,0x15b5ad52dd1d8bd55f,0xf0c59405d423c7a0e5664afdb5bd4d76b9837c1859a625dae2e1e7c28f7dd43a,5,94199672,400.47283634937344,1741080137803604,Balanced Dollar,0.0883132375,bnUSD,0,1,2025-03-04
cx88fd7df7ddff82f7cc735c871dc519838cb235bb,cxa0af3165c08318e988cb30993b3048335b94af6c,cx5faae53c4dbd1fbe4a2eb4aab6565030f10da5c6,0x8590d2aa745a28a,0xf0c59405d423c7a0e5664afdb5bd4d76b9837c1859a625dae2e1e7c28f7dd43a,3,94199672,0.601526502076818,1741080137803604,Balanced Dollar,0.0883132375,bnUSD,0,1,2025-03-04
cx88fd7df7ddff82f7cc735c871dc519838cb235bb,cxa0af3165c08318e988cb30993b3048335b94af6c,cx21e94c08c03daee80c25d8ee3ea22a20786ec231,0x15b5ad52dd1d8bd55f,0xf0c59405d423c7a0e5664afdb5bd4d76b9837c1859a625dae2e1e7c28f7dd43a,2,94199672,400.47283634937344,1741080137803604,Balanced Dollar,0.0883132375,bnUSD,0,1,2025-03-04
cx66a031cc3bd305c76371fb586e93801b948254f0,cx21e94c08c03daee80c25d8ee3ea22a20786ec231,cxa0af3165c08318e988cb30993b3048335b94af6c,0x1158e460913d00000,0xf0c59405d423c7a0e5664afdb5bd4d76b9837c1859a625dae2e1e7c28f7dd43a,1,94199672,20.0,1741080137803604,Avalanche,0.0883132375,AVAX,0,1,2025-03-04
cx66a031cc3bd305c76371fb586e93801b948254f0,hx2debd9ec927cca1639da8d3518dd9dbf1cdfb357,cx21e94c08c03daee80c25d8ee3ea22a20786ec231,0x1158e460913d00000,0xf0c59405d423c7a0e5664afdb5bd4d76b9837c1859a625dae2e1e7c28f7dd43a,0,94199672,20.0,1741080137803604,Avalanche,0.0883132375,AVAX,0,1,2025-03-04
cx66a031cc3bd305c76371fb586e93801b948254f0,hx0000000000000000000000000000000000000000,hxd75467e3e4ce64e3424c747dfb71503017440433,0x2705c434dff4a3182,0x52a0503c85feddc1d6bb11e14ec4124cb00a6df0341c74691af62148f977b24f,1,94199664,44.989908379799004,1741080122024801,Avalanche,0.0237590375,AVAX,0,1,2025-03-04
cx88fd7df7ddff82f7cc735c871dc519838cb235bb,cx21e94c08c03daee80c25d8ee3ea22a20786ec231,hx2debd9ec927cca1639da8d3518dd9dbf1cdfb357,0x11d54c4d4b85acdcbd,0x2418a9cf34e75b2ef28547eff797d2ba82feb6f3b5fd17812c3ab27d29366749,5,94199628,328.9643938681316,1741080049789760,Balanced Dollar,0.088410925,bnUSD,0,1,2025-03-04
cx88fd7df7ddff82f7cc735c871dc519838cb235bb,cxa0af3165c08318e988cb30993b3048335b94af6c,cx5faae53c4dbd1fbe4a2eb4aab6565030f10da5c6,0x6db361b872036b7,0x2418a9cf34e75b2ef28547eff797d2ba82feb6f3b5fd17812c3ab27d29366749,3,94199628,0.4940480759862535,1741080049789760,Balanced Dollar,0.088410925,bnUSD,0,1,2025-03-04
cx88fd7df7ddff82f7cc735c871dc519838cb235bb,cxa0af3165c08318e988cb30993b3048335b94af6c,cx21e94c08c03daee80c25d8ee3ea22a20786ec231,0x11d54c4d4b85acdcbd,0x2418a9cf34e75b2ef28547eff797d2ba82feb6f3b5fd17812c3ab27d29366749,2,94199628,328.9643938681316,1741080049789760,Balanced Dollar,0.088410925,bnUSD,0,1,2025-03-04
cx4297f4b63262507623b6ad575d0d8dd2db980e4e,cx21e94c08c03daee80c25d8ee3ea22a20786ec231,cxa0af3165c08318e988cb30993b3048335b94af6c,0x1a055690d9db80000,0x2418a9cf34e75b2ef28547eff797d2ba82feb6f3b5fd17812c3ab27d29366749,1,94199628,30.0,1741080049789760,Injective,0.088410925,INJ,0,1,2025-03-04
cx4297f4b63262507623b6ad575d0d8dd2db980e4e,hx2debd9ec927cca1639da8d3518dd9dbf1cdfb357,cx21e94c08c03daee80c25d8ee3ea22a20786ec231,0x1a055690d9db80000,0x2418a9cf34e75b2ef28547eff797d2ba82feb6f3b5fd17812c3ab27d29366749,0,94199628,30.0,1741080049789760,Injective,0.088410925,INJ,0,1,2025-03-04
cx88fd7df7ddff82f7cc735c871dc519838cb235bb,cxa0af3165c08318e988cb30993b3048335b94af6c,cx5faae53c4dbd1fbe4a2eb4aab6565030f10da5c6,0xeadd560751e26b,0xeb9bab66dabc167c13b1e82cb34a72118056e7503133810914692c41721b8c3a,2,94199623,0.06610850611002635,1741080039781431,Balanced Dollar,0.0569443375,bnUSD,0,1,2025-03-04
cx88fd7df7ddff82f7cc735c871dc519838cb235bb,cxa0af3165c08318e988cb30993b3048335b94af6c,hxd75467e3e4ce64e3424c747dfb71503017440433,0x261efe3b087cd027d,0xeb9bab66dabc167c13b1e82cb34a72118056e7503133810914692c41721b8c3a,1,94199623,43.95059763586407,1741080039781431,Balanced Dollar,0.0569443375,bnUSD,0,1,2025-03-04
cx4297f4b63262507623b6ad575d0d8dd2db980e4e,hxd75467e3e4ce64e3424c747dfb71503017440433,cxa0af3165c08318e988cb30993b3048335b94af6c,0x3782dace9d900000,0xeb9bab66dabc167c13b1e82cb34a72118056e7503133810914692c41721b8c3a,0,94199623,4.0,1741080039781431,Injective,0.0569443375,INJ,0,1,2025-03-04
cx88fd7df7ddff82f7cc735c871dc519838cb235bb,cxa0af3165c08318e988cb30993b3048335b94af6c,cx5faae53c4dbd1fbe4a2eb4aab6565030f10da5c6,0xeaf9fdb01cf6d7,0x795a81736b80c5af8fd391773e96d424dde10cce1f715076fd28da3aa737cc68,2,94199615,0.06614001252702383,1741080023831127,Balanced Dollar,0.0569443375,bnUSD,0,1,2025-03-04
cx88fd7df7ddff82f7cc735c871dc519838cb235bb,cxa0af3165c08318e988cb30993b3048335b94af6c,hxd75467e3e4ce64e3424c747dfb71503017440433,0x2623a5079744af980,0x795a81736b80c5af8fd391773e96d424dde10cce1f715076fd28da3aa737cc68,1,94199615,43.971546394357595,1741080023831127,Balanced Dollar,0.0569443375,bnUSD,0,1,2025-03-04
cx4297f4b63262507623b6ad575d0d8dd2db980e4e,hxd75467e3e4ce64e3424c747dfb71503017440433,cxa0af3165c08318e988cb30993b3048335b94af6c,0x3782dace9d900000,0x795a81736b80c5af8fd391773e96d424dde10cce1f715076fd28da3aa737cc68,0,94199615,4.0,1741080023831127,Injective,0.0569443375,INJ,0,1,2025-03-04
cxd17316e24ee40f2ef8ed6f3a497311db1b35206d,hx9645117f1b0c7181a126c7f4f222caefc6ee7a61,hx9645117f1b0c7181a126c7f4f222caefc6ee7a61,0x0,0x812b80bd4ece74925d2195fc8ba0ae5abab233fa8d0f1563d234114485345465,2,94199603,0.0,1741079999778845,unknown_token,0.01074535,$unknown,6,1,2025-03-04
cx7baf94bd53b505353285ee4c4c050f9703581703,hx9645117f1b0c7181a126c7f4f222caefc6ee7a61,hx0000000000000000000000000000000000000000,0x0,0x812b80bd4ece74925d2195fc8ba0ae5abab233fa8d0f1563d234114485345465,0,94199603,0.0,1741079999778845,unknown_token,0.01074535,$unknown,1,1,2025-03-04
cx88fd7df7ddff82f7cc735c871dc519838cb235bb,cxa0af3165c08318e988cb30993b3048335b94af6c,cx5faae53c4dbd1fbe4a2eb4aab6565030f10da5c6,0xeb16aa980e402b,0xe9211d692290fb0df6cc534a91663e68d63ec6a494b10ca26f8ac448ee26c819,2,94199560,0.06617154147832631,1741079913793936,Balanced Dollar,0.0569443375,bnUSD,0,1,2025-03-04
cx88fd7df7ddff82f7cc735c871dc519838cb235bb,cxa0af3165c08318e988cb30993b3048335b94af6c,hxd75467e3e4ce64e3424c747dfb71503017440433,0x26284cae355628147,0xe9211d692290fb0df6cc534a91663e68d63ec6a494b10ca26f8ac448ee26c819,1,94199560,43.99251013780076,1741079913793936,Balanced Dollar,0.0569443375,bnUSD,0,1,2025-03-04
cx4297f4b63262507623b6ad575d0d8dd2db980e4e,hxd75467e3e4ce64e3424c747dfb71503017440433,cxa0af3165c08318e988cb30993b3048335b94af6c,0x3782dace9d900000,0xe9211d692290fb0df6cc534a91663e68d63ec6a494b10ca26f8ac448ee26c819,0,94199560,4.0,1741079913793936,Injective,0.0569443375,INJ,0,1,2025-03-04
cx88fd7df7ddff82f7cc735c871dc519838cb235bb,cxa0af3165c08318e988cb30993b3048335b94af6c,cx5faae53c4dbd1fbe4a2eb4aab6565030f10da5c6,0xeb335cc06dc4a1,0xfae5b162c04b001c0f334ceb244fb239b15424ce28f07053671d23e218fdc0f4,2,94199543,0.0662030929854312,1741079879722744,Balanced Dollar,0.0569443375,bnUSD,0,1,2025-03-04
cx88fd7df7ddff82f7cc735c871dc519838cb235bb,cxa0af3165c08318e988cb30993b3048335b94af6c,hxd75467e3e4ce64e3424c747dfb71503017440433,0x262cf52f17f408882,0xfae5b162c04b001c0f334ceb244fb239b15424ce28f07053671d23e218fdc0f4,1,94199543,44.01348888049068,1741079879722744,Balanced Dollar,0.0569443375,bnUSD,0,1,2025-03-04
cx4297f4b63262507623b6ad575d0d8dd2db980e4e,hxd75467e3e4ce64e3424c747dfb71503017440433,cxa0af3165c08318e988cb30993b3048335b94af6c,0x3782dace9d900000,0xfae5b162c04b001c0f334ceb244fb239b15424ce28f07053671d23e218fdc0f4,0,94199543,4.0,1741079879722744,Injective,0.0569443375,INJ,0,1,2025-03-04
cx88fd7df7ddff82f7cc735c871dc519838cb235bb,cxa0af3165c08318e988cb30993b3048335b94af6c,cx5faae53c4dbd1fbe4a2eb4aab6565030f10da5c6,0xeb50142a83ee9d,0xce0820bf54eb0c678ac9c4dfae9e0866737f27dcbeb6ea29e7cdd2fa5896dc9f,2,94199537,0.06623466706986153,1741079867862295,Balanced Dollar,0.05696315,bnUSD,0,2,2025-03-04
cx88fd7df7ddff82f7cc735c871dc519838cb235bb,cxa0af3165c08318e988cb30993b3048335b94af6c,hxd75467e3e4ce64e3424c747dfb71503017440433,0x26319e8a7471640ac,0xce0820bf54eb0c678ac9c4dfae9e0866737f27dcbeb6ea29e7cdd2fa5896dc9f,1,94199537,44.03448263674156,1741079867862295,Balanced Dollar,0.05696315,bnUSD,0,2,2025-03-04
cx4297f4b63262507623b6ad575d0d8dd2db980e4e,hxd75467e3e4ce64e3424c747dfb71503017440433,cxa0af3165c08318e988cb30993b3048335b94af6c,0x3782dace9d900000,0xce0820bf54eb0c678ac9c4dfae9e0866737f27dcbeb6ea29e7cdd2fa5896dc9f,0,94199537,4.0,1741079867862295,Injective,0.05696315,INJ,0,2,2025-03-04
cx88fd7df7ddff82f7cc735c871dc519838cb235bb,hxe987507dce5c5af1045972085abe8e99f59cff52,hx0000000000000000000000000000000000000000,0x5e65bdc2b10b2eb4f9,0xd027e66e073fdf41113afd19089bfd036d1d43a3069ed9d11f6f0c409b0dd867,0,94199536,1741.3251727627794,1741079865845379,Balanced Dollar,0.0606933125,bnUSD,0,1,2025-03-04
cx88fd7df7ddff82f7cc735c871dc519838cb235bb,cx203d9cd2a669be67177e997b8948ce2c35caffae,cx835b300dcfe01f0bdb794e134a0c5628384f4367,0x797e8d6bdaa9e2da,0xa17071fdb5fbf5b9d2b2d346ecb2710d0ba85aa423d745692dff74c75d10f981,6,94199531,8.754590220024406,1741079855713620,Balanced Dollar,0.0990738625,bnUSD,0,1,2025-03-04
cx88fd7df7ddff82f7cc735c871dc519838cb235bb,cx5faae53c4dbd1fbe4a2eb4aab6565030f10da5c6,cx203d9cd2a669be67177e997b8948ce2c35caffae,0xad9037bea6174414,0xa17071fdb5fbf5b9d2b2d346ecb2710d0ba85aa423d745692dff74c75d10f981,4,94199531,12.506557457177724,1741079855713620,Balanced Dollar,0.0990738625,bnUSD,0,1,2025-03-04
cx88fd7df7ddff82f7cc735c871dc519838cb235bb,cx5faae53c4dbd1fbe4a2eb4aab6565030f10da5c6,cxdc30a0d3a1f131565c071272a20bc0b06fd4c17b,0xad9037bea6174414,0xa17071fdb5fbf5b9d2b2d346ecb2710d0ba85aa423d745692dff74c75d10f981,3,94199531,12.506557457177724,1741079855713620,Balanced Dollar,0.0990738625,bnUSD,0,1,2025-03-04
cx88fd7df7ddff82f7cc735c871dc519838cb235bb,cxa0af3165c08318e988cb30993b3048335b94af6c,cx5faae53c4dbd1fbe4a2eb4aab6565030f10da5c6,0xeb6cd0d7998cd5,0xa17071fdb5fbf5b9d2b2d346ecb2710d0ba85aa423d745692dff74c75d10f981,2,94199531,0.06626626375316604,1741079855713620,Balanced Dollar,0.0990738625,bnUSD,0,1,2025-03-04
cx88fd7df7ddff82f7cc735c871dc519838cb235bb,cxa0af3165c08318e988cb30993b3048335b94af6c,hxd75467e3e4ce64e3424c747dfb71503017440433,0x263648c0803197d72,0xa17071fdb5fbf5b9d2b2d346ecb2710d0ba85aa423d745692dff74c75d10f981,1,94199531,44.055491420884664,1741079855713620,Balanced Dollar,0.0990738625,bnUSD,0,1,2025-03-04
cx4297f4b63262507623b6ad575d0d8dd2db980e4e,hxd75467e3e4ce64e3424c747dfb71503017440433,cxa0af3165c08318e988cb30993b3048335b94af6c,0x3782dace9d900000,0xa17071fdb5fbf5b9d2b2d346ecb2710d0ba85aa423d745692dff74c75d10f981,0,94199531,4.0,1741079855713620,Injective,0.0990738625,INJ,0,1,2025-03-04
cx88fd7df7ddff82f7cc735c871dc519838cb235bb,cxa0af3165c08318e988cb30993b3048335b94af6c,cx5faae53c4dbd1fbe4a2eb4aab6565030f10da5c6,0xeb8992c8f7d271,0x61f9b0ec4cc3e8bfd7bff721d07ea3262b7228ccb1aa3b4a878c6dfed01658f8,2,94199520,0.06629788305691915,1741079833832823,Balanced Dollar,0.05694565,bnUSD,0,1,2025-03-04
cx88fd7df7ddff82f7cc735c871dc519838cb235bb,cxa0af3165c08318e988cb30993b3048335b94af6c,hxd75467e3e4ce64e3424c747dfb71503017440433,0x263af3d170a851446,0x61f9b0ec4cc3e8bfd7bff721d07ea3262b7228ccb1aa3b4a878c6dfed01658f8,1,94199520,44.07651524726837,1741079833832823,Balanced Dollar,0.05694565,bnUSD,0,1,2025-03-04
cx4297f4b63262507623b6ad575d0d8dd2db980e4e,hxd75467e3e4ce64e3424c747dfb71503017440433,cxa0af3165c08318e988cb30993b3048335b94af6c,0x3782dace9d900000,0x61f9b0ec4cc3e8bfd7bff721d07ea3262b7228ccb1aa3b4a878c6dfed01658f8,0,94199520,4.0,1741079833832823,Injective,0.05694565,INJ,0,1,2025-03-04
cx2609b924e33ef00b648a409245c7ea394c467824,cxa0af3165c08318e988cb30993b3048335b94af6c,hx6be441ffc2581ab12d7d478dc22e8e71c6c9dd04,0x1,0x82420d3e893a57f942d0cdcafdd9616194a96405b6029cd84281e42c1e57fd63,3,94199507,1e-18,1741079807840179,Staked ICX,0.0437583125,sICX,0,1,2025-03-04
cx88fd7df7ddff82f7cc735c871dc519838cb235bb,cxa0af3165c08318e988cb30993b3048335b94af6c,cx5faae53c4dbd1fbe4a2eb4aab6565030f10da5c6,0xeba659ffe85736,0xb4d60ab8c8f0f19d000a90abd3401ec5d8a16ea7b3706d3418d395a7c560bc1f,2,94199496,0.06632952500272107,1741079785770332,Balanced Dollar,0.05694565,bnUSD,0,1,2025-03-04
cx88fd7df7ddff82f7cc735c871dc519838cb235bb,cxa0af3165c08318e988cb30993b3048335b94af6c,hxd75467e3e4ce64e3424c747dfb71503017440433,0x263f9fbd7b5993c1b,0xb4d60ab8c8f0f19d000a90abd3401ec5d8a16ea7b3706d3418d395a7c560bc1f,1,94199496,44.09755413025818,1741079785770332,Balanced Dollar,0.05694565,bnUSD,0,1,2025-03-04
cx4297f4b63262507623b6ad575d0d8dd2db980e4e,hxd75467e3e4ce64e3424c747dfb71503017440433,cxa0af3165c08318e988cb30993b3048335b94af6c,0x3782dace9d900000,0xb4d60ab8c8f0f19d000a90abd3401ec5d8a16ea7b3706d3418d395a7c560bc1f,0,94199496,4.0,1741079785770332,Injective,0.05694565,INJ,0,1,2025-03-04
cx2609b924e33ef00b648a409245c7ea394c467824,hx6be441ffc2581ab12d7d478dc22e8e71c6c9dd04,cxa0af3165c08318e988cb30993b3048335b94af6c,0x5ec57ef7344575385,0x9d3fd8bf68a8c8cf0268ccf9f287333e6b331829347ab2ce8d358bb5bb6a517c,0,94199495,109.26406416281942,1741079783817939,Staked ICX,0.03123005,sICX,0,1,2025-03-04
cx3975b43d260fb8ec802cef6e60c2f4d07486f11d,hx6be441ffc2581ab12d7d478dc22e8e71c6c9dd04,cxa0af3165c08318e988cb30993b3048335b94af6c,0x7cf5ff98468a59082,0x258a0b55c8a6a2b248646b4820f5b603134eb85731d74a0c28f21eb81bf4f654,1,94199491,144.07014495169213,1741079775697826,Wrapped ICX,0.0165668375,wICX,0,1,2025-03-04
cx3975b43d260fb8ec802cef6e60c2f4d07486f11d,hx0000000000000000000000000000000000000000,hx6be441ffc2581ab12d7d478dc22e8e71c6c9dd04,0x7cf5ff98468a59082,0x258a0b55c8a6a2b248646b4820f5b603134eb85731d74a0c28f21eb81bf4f654,0,94199491,144.07014495169213,1741079775697826,Wrapped ICX,0.0165668375,wICX,0,1,2025-03-04
cx88fd7df7ddff82f7cc735c871dc519838cb235bb,cxa0af3165c08318e988cb30993b3048335b94af6c,cx5faae53c4dbd1fbe4a2eb4aab6565030f10da5c6,0xebc3267db517a5,0x8eecd3a81ed632eaaa9acf5f693089d00387a54c00e41d3e1333d874000b5e3d,2,94199489,0.0663611896121978,1741079771911309,Balanced Dollar,0.05694565,bnUSD,0,1,2025-03-04
cx88fd7df7ddff82f7cc735c871dc519838cb235bb,cxa0af3165c08318e988cb30993b3048335b94af6c,hxd75467e3e4ce64e3424c747dfb71503017440433,0x26444c84d5d9bed46,0x8eecd3a81ed632eaaa9acf5f693089d00387a54c00e41d3e1333d874000b5e3d,1,94199489,44.11860808423676,1741079771911309,Balanced Dollar,0.05694565,bnUSD,0,1,2025-03-04
cx4297f4b63262507623b6ad575d0d8dd2db980e4e,hxd75467e3e4ce64e3424c747dfb71503017440433,cxa0af3165c08318e988cb30993b3048335b94af6c,0x3782dace9d900000,0x8eecd3a81ed632eaaa9acf5f693089d00387a54c00e41d3e1333d874000b5e3d,0,94199489,4.0,1741079771911309,Injective,0.05694565,INJ,0,1,2025-03-04
cxd17316e24ee40f2ef8ed6f3a497311db1b35206d,hx9645117f1b0c7181a126c7f4f222caefc6ee7a61,hx9645117f1b0c7181a126c7f4f222caefc6ee7a61,0x0,0xf4485cabd495f8d1a0dbf488efe70d29340aabd00ae5d13c06588821531323ff,2,94199480,0.0,1741079753696470,unknown_token,0.0107544875,$unknown,5,1,2025-03-04
cx7baf94bd53b505353285ee4c4c050f9703581703,hx9645117f1b0c7181a126c7f4f222caefc6ee7a61,hx0000000000000000000000000000000000000000,0x0,0xf4485cabd495f8d1a0dbf488efe70d29340aabd00ae5d13c06588821531323ff,1,94199480,0.0,1741079753696470,unknown_token,0.0107544875,$unknown,5,1,2025-03-04
cx3975b43d260fb8ec802cef6e60c2f4d07486f11d,hx6be441ffc2581ab12d7d478dc22e8e71c6c9dd04,hx0000000000000000000000000000000000000000,0x7cf727a10da4dcd2d,0x491ef785ff31bbd652992fe3ec39083f2a3edefd9138e9b2c35bde4693892ef3,6,94199471,144.07535284196356,1741079735745527,Wrapped ICX,0.0915817625,wICX,0,1,2025-03-04
cx3975b43d260fb8ec802cef6e60c2f4d07486f11d,cx21e94c08c03daee80c25d8ee3ea22a20786ec231,hx6be441ffc2581ab12d7d478dc22e8e71c6c9dd04,0x7cf727a10da4dcd2d,0x491ef785ff31bbd652992fe3ec39083f2a3edefd9138e9b2c35bde4693892ef3,5,94199471,144.07535284196356,1741079735745527,Wrapped ICX,0.0915817625,wICX,0,1,2025-03-04
cx2609b924e33ef00b648a409245c7ea394c467824,cxa0af3165c08318e988cb30993b3048335b94af6c,cx5faae53c4dbd1fbe4a2eb4aab6565030f10da5c6,0x248072a27c619ee,0x491ef785ff31bbd652992fe3ec39083f2a3edefd9138e9b2c35bde4693892ef3,3,94199471,0.16438926403633816,1741079735745527,Staked ICX,0.0915817625,sICX,0,1,2025-03-04
cx3975b43d260fb8ec802cef6e60c2f4d07486f11d,cxa0af3165c08318e988cb30993b3048335b94af6c,cx21e94c08c03daee80c25d8ee3ea22a20786ec231,0x7cf727a10da4dcd2d,0x491ef785ff31bbd652992fe3ec39083f2a3edefd9138e9b2c35bde4693892ef3,2,94199471,144.07535284196356,1741079735745527,Wrapped ICX,0.0915817625,wICX,0,1,2025-03-04
cx2609b924e33ef00b648a409245c7ea394c467824,cx21e94c08c03daee80c25d8ee3ea22a20786ec231,cxa0af3165c08318e988cb30993b3048335b94af6c,0x5f0e7fdc793e38762,0x491ef785ff31bbd652992fe3ec39083f2a3edefd9138e9b2c35bde4693892ef3,1,94199471,109.59284269089211,1741079735745527,Staked ICX,0.0915817625,sICX,0,1,2025-03-04
cx2609b924e33ef00b648a409245c7ea394c467824,hx6be441ffc2581ab12d7d478dc22e8e71c6c9dd04,cx21e94c08c03daee80c25d8ee3ea22a20786ec231,0x5f0e7fdc793e38762,0x491ef785ff31bbd652992fe3ec39083f2a3edefd9138e9b2c35bde4693892ef3,0,94199471,109.59284269089211,1741079735745527,Staked ICX,0.0915817625,sICX,0,1,2025-03-04
cxd17316e24ee40f2ef8ed6f3a497311db1b35206d,hx8026678e3d08ba3203ce6161ee8e9e3b9793491f,hx8026678e3d08ba3203ce6161ee8e9e3b9793491f,0x0,0x756a3b31e4b8e9c6216c7c6d37c2bd4f947b8a223093ea122af943f1c8f744c1,5,94199462,0.0,1741079717802323,unknown_token,0.0197930875,$unknown,34,2,2025-03-04
cx53f8ccd5426534f82cf10cb742de033e51da72fc,hx8026678e3d08ba3203ce6161ee8e9e3b9793491f,hx0000000000000000000000000000000000000000,0x0,0x756a3b31e4b8e9c6216c7c6d37c2bd4f947b8a223093ea122af943f1c8f744c1,4,94199462,0.0,1741079717802323,unknown_token,0.0197930875,$unknown,3,2,2025-03-04
cx7baf94bd53b505353285ee4c4c050f9703581703,hx8026678e3d08ba3203ce6161ee8e9e3b9793491f,hx0000000000000000000000000000000000000000,0x0,0x756a3b31e4b8e9c6216c7c6d37c2bd4f947b8a223093ea122af943f1c8f744c1,2,94199462,0.0,1741079717802323,unknown_token,0.0197930875,$unknown,20,2,2025-03-04
cx7baf94bd53b505353285ee4c4c050f9703581703,hx8026678e3d08ba3203ce6161ee8e9e3b9793491f,hx0000000000000000000000000000000000000000,0x0,0x756a3b31e4b8e9c6216c7c6d37c2bd4f947b8a223093ea122af943f1c8f744c1,0,94199462,0.0,1741079717802323,unknown_token,0.0197930875,$unknown,21,2,2025-03-04
cxd17316e24ee40f2ef8ed6f3a497311db1b35206d,hx9645117f1b0c7181a126c7f4f222caefc6ee7a61,hx9645117f1b0c7181a126c7f4f222caefc6ee7a61,0x0,0x3d52b5549f1979d44db6153cb8fb402a9100b314f167dbe8481defc0b1f051ad,5,94199462,0.0,1741079717802323,unknown_token,0.019159525,$unknown,34,1,2025-03-04
cx53f8ccd5426534f82cf10cb742de033e51da72fc,hx9645117f1b0c7181a126c7f4f222caefc6ee7a61,hx0000000000000000000000000000000000000000,0x0,0x3d52b5549f1979d44db6153cb8fb402a9100b314f167dbe8481defc0b1f051ad,4,94199462,0.0,1741079717802323,unknown_token,0.019159525,$unknown,1,1,2025-03-04
cx7baf94bd53b505353285ee4c4c050f9703581703,hx9645117f1b0c7181a126c7f4f222caefc6ee7a61,hx0000000000000000000000000000000000000000,0x0,0x3d52b5549f1979d44db6153cb8fb402a9100b314f167dbe8481defc0b1f051ad,2,94199462,0.0,1741079717802323,unknown_token,0.019159525,$unknown,28,1,2025-03-04
cx7baf94bd53b505353285ee4c4c050f9703581703,hx9645117f1b0c7181a126c7f4f222caefc6ee7a61,hx0000000000000000000000000000000000000000,0x0,0x3d52b5549f1979d44db6153cb8fb402a9100b314f167dbe8481defc0b1f051ad,0,94199462,0.0,1741079717802323,unknown_token,0.019159525,$unknown,11,1,2025-03-04
cx2609b924e33ef00b648a409245c7ea394c467824,cx21e94c08c03daee80c25d8ee3ea22a20786ec231,hx6be441ffc2581ab12d7d478dc22e8e71c6c9dd04,0x15384afad24912289,0x8c27c93b7685a87f1e402a736f3dae07f150fe83fe4ba78c6c6c3f41b333c469,12,94199449,24.46487223396107,1741079691664082,Staked ICX,0.304373475,sICX,0,1,2025-03-04
cx2609b924e33ef00b648a409245c7ea394c467824,cx203d9cd2a669be67177e997b8948ce2c35caffae,cx835b300dcfe01f0bdb794e134a0c5628384f4367,0x11dddc26629d89d4,0x8c27c93b7685a87f1e402a736f3dae07f150fe83fe4ba78c6c6c3f41b333c469,9,94199449,1.2874271259191894,1741079691664082,Staked ICX,0.304373475,sICX,0,1,2025-03-04
cx2609b924e33ef00b648a409245c7ea394c467824,cx5faae53c4dbd1fbe4a2eb4aab6565030f10da5c6,cx203d9cd2a669be67177e997b8948ce2c35caffae,0x198615edb173572f,0x8c27c93b7685a87f1e402a736f3dae07f150fe83fe4ba78c6c6c3f41b333c469,6,94199449,1.8391816084559849,1741079691664082,Staked ICX,0.304373475,sICX,0,1,2025-03-04
cx2609b924e33ef00b648a409245c7ea394c467824,cx5faae53c4dbd1fbe4a2eb4aab6565030f10da5c6,cxdc30a0d3a1f131565c071272a20bc0b06fd4c17b,0x198615edb173572f,0x8c27c93b7685a87f1e402a736f3dae07f150fe83fe4ba78c6c6c3f41b333c469,4,94199449,1.8391816084559849,1741079691664082,Staked ICX,0.304373475,sICX,0,1,2025-03-04
cx2609b924e33ef00b648a409245c7ea394c467824,cxa0af3165c08318e988cb30993b3048335b94af6c,cx5faae53c4dbd1fbe4a2eb4aab6565030f10da5c6,0x82c3c5472c0346,0x8c27c93b7685a87f1e402a736f3dae07f150fe83fe4ba78c6c6c3f41b333c469,3,94199449,0.03680699904242567,1741079691664082,Staked ICX,0.304373475,sICX,0,1,2025-03-04
cx2609b924e33ef00b648a409245c7ea394c467824,cxa0af3165c08318e988cb30993b3048335b94af6c,cx21e94c08c03daee80c25d8ee3ea22a20786ec231,0x15384afad24912289,0x8c27c93b7685a87f1e402a736f3dae07f150fe83fe4ba78c6c6c3f41b333c469,2,94199449,24.46487223396107,1741079691664082,Staked ICX,0.304373475,sICX,0,1,2025-03-04
cxf61cd5a45dc9f91c15aa65831a30a90d59a09619,cx21e94c08c03daee80c25d8ee3ea22a20786ec231,cxa0af3165c08318e988cb30993b3048335b94af6c,0x19749a8f291f9e5f3,0x8c27c93b7685a87f1e402a736f3dae07f150fe83fe4ba78c6c6c3f41b333c469,1,94199449,29.348174206521172,1741079691664082,Balance Token,0.304373475,BALN,0,1,2025-03-04
cxf61cd5a45dc9f91c15aa65831a30a90d59a09619,hx6be441ffc2581ab12d7d478dc22e8e71c6c9dd04,cx21e94c08c03daee80c25d8ee3ea22a20786ec231,0x19749a8f291f9e5f3,0x8c27c93b7685a87f1e402a736f3dae07f150fe83fe4ba78c6c6c3f41b333c469,0,94199449,29.348174206521172,1741079691664082,Balance Token,0.304373475,BALN,0,1,2025-03-04
cxf61cd5a45dc9f91c15aa65831a30a90d59a09619,cx10d59e8103ab44635190bd4139dbfd682fa2d07e,hx6be441ffc2581ab12d7d478dc22e8e71c6c9dd04,0x41c9fbd3d314fdf9,0x9bed2258d59e82ac3abb27eeeea17b93730b7ce4e2b3245b17e97957bb32f42f,3,94199421,4.740596969982197,1741079635714436,Balance Token,0.0722145375,BALN,0,1,2025-03-04
cx2609b924e33ef00b648a409245c7ea394c467824,cx10d59e8103ab44635190bd4139dbfd682fa2d07e,hx6be441ffc2581ab12d7d478dc22e8e71c6c9dd04,0xa8a4a85e11801aac5,0x9bed2258d59e82ac3abb27eeeea17b93730b7ce4e2b3245b17e97957bb32f42f,1,94199421,194.43236506442307,1741079635714436,Staked ICX,0.0722145375,sICX,0,1,2025-03-04
cx88fd7df7ddff82f7cc735c871dc519838cb235bb,cxa0af3165c08318e988cb30993b3048335b94af6c,cx5faae53c4dbd1fbe4a2eb4aab6565030f10da5c6,0x150879854aa34f9,0x934e1adae2c857b25173eda5f8ba2000b4292cb9171978106aae3daabdd77cb0,2,94199399,0.09472468049999999,1741079591625416,Balanced Dollar,0.0564017375,bnUSD,0,1,2025-03-04
cx288d13e1b63563459a2ac6179f237711f6851cb5,cxa0af3165c08318e988cb30993b3048335b94af6c,hxd75467e3e4ce64e3424c747dfb71503017440433,0x6ad0fb98bdadfe,0x934e1adae2c857b25173eda5f8ba2000b4292cb9171978106aae3daabdd77cb0,1,94199399,0.03006612654926592,1741079591625416,Ethereum,0.0564017375,ETH,0,1,2025-03-04
cx88fd7df7ddff82f7cc735c871dc519838cb235bb,hxd75467e3e4ce64e3424c747dfb71503017440433,cxa0af3165c08318e988cb30993b3048335b94af6c,0x36c611cb1d094a000,0x934e1adae2c857b25173eda5f8ba2000b4292cb9171978106aae3daabdd77cb0,0,94199399,63.149786999999996,1741079591625416,Balanced Dollar,0.0564017375,bnUSD,0,1,2025-03-04
cx88fd7df7ddff82f7cc735c871dc519838cb235bb,cxa0af3165c08318e988cb30993b3048335b94af6c,cx5faae53c4dbd1fbe4a2eb4aab6565030f10da5c6,0x150a1c325d214ed,0xe24f0f20605850dc47a9734bbb426bc6f2c6fdfbca1e7ce46f7cfc9e1d904c67,2,94199393,0.09475345169999998,1741079579622402,Balanced Dollar,0.0564017375,bnUSD,0,1,2025-03-04
cx288d13e1b63563459a2ac6179f237711f6851cb5,cxa0af3165c08318e988cb30993b3048335b94af6c,hxd75467e3e4ce64e3424c747dfb71503017440433,0x6ae110d0d08062,0xe24f0f20605850dc47a9734bbb426bc6f2c6fdfbca1e7ce46f7cfc9e1d904c67,1,94199393,0.030083809870381156,1741079579622402,Ethereum,0.0564017375,ETH,0,1,2025-03-04
cx88fd7df7ddff82f7cc735c871dc519838cb235bb,hxd75467e3e4ce64e3424c747dfb71503017440433,cxa0af3165c08318e988cb30993b3048335b94af6c,0x36ca54187d3168000,0xe24f0f20605850dc47a9734bbb426bc6f2c6fdfbca1e7ce46f7cfc9e1d904c67,0,94199393,63.16896779999999,1741079579622402,Balanced Dollar,0.0564017375,bnUSD,0,1,2025-03-04
cx88fd7df7ddff82f7cc735c871dc519838cb235bb,hx53796e5b7b4c5c8e5531b2c965f73460a2708db3,hx0000000000000000000000000000000000000000,0x8f5babcbe438c0ffff,0x9538eaf90d2b28e93530f991b8d5e660f403f0e15fd20dc9660228e0dbcd1162,0,94199392,2644.49,1741079577832584,Balanced Dollar,0.0604686625,bnUSD,0,1,2025-03-04
cx88fd7df7ddff82f7cc735c871dc519838cb235bb,cxa0af3165c08318e988cb30993b3048335b94af6c,cx5faae53c4dbd1fbe4a2eb4aab6565030f10da5c6,0xb139af7053fd53f,0xee11b3cc18d737116b3516829f1c38af99430b4580c27ae704230bdb9bb5b36f,2,94199384,0.7981519447103789,1741079561615726,Balanced Dollar,0.070556025,bnUSD,0,2,2025-03-04
cx2609b924e33ef00b648a409245c7ea394c467824,cxa0af3165c08318e988cb30993b3048335b94af6c,hxc1718c79947e0f673296218b5b23adbd9a3b38a8,0xccab10bb204b92e453,0xee11b3cc18d737116b3516829f1c38af99430b4580c27ae704230bdb9bb5b36f,1,94199384,3775.4623489642427,1741079561615726,Staked ICX,0.070556025,sICX,0,2,2025-03-04
cx88fd7df7ddff82f7cc735c871dc519838cb235bb,hxc1718c79947e0f673296218b5b23adbd9a3b38a8,cxa0af3165c08318e988cb30993b3048335b94af6c,0x1cd8638df300e60000,0xee11b3cc18d737116b3516829f1c38af99430b4580c27ae704230bdb9bb5b36f,0,94199384,532.1012964735859,1741079561615726,Balanced Dollar,0.070556025,bnUSD,0,2,2025-03-04
cx88fd7df7ddff82f7cc735c871dc519838cb235bb,cxd82fb5d3effecd8c9071a4bba3856ad7222c4b91,hxc1718c79947e0f673296218b5b23adbd9a3b38a8,0x1cd8638df300e60000,0x714accc1cf7d1d8388e2a8e8885a5420215b5cdfb3eed1384797ca5276a3493a,0,94199384,532.1012964735859,1741079561615726,Balanced Dollar,0.0206895625,bnUSD,0,1,2025-03-04
cx88fd7df7ddff82f7cc735c871dc519838cb235bb,cxa0af3165c08318e988cb30993b3048335b94af6c,cx5faae53c4dbd1fbe4a2eb4aab6565030f10da5c6,0xb10182902e26a3d,0x73447cb86f6a775d326fbcf703e190ac1a53d382145c7fcee9d02dd965267788,2,94199381,0.7971636984656963,1741079555616481,Balanced Dollar,0.070556025,bnUSD,0,1,2025-03-04
cx2609b924e33ef00b648a409245c7ea394c467824,cxa0af3165c08318e988cb30993b3048335b94af6c,hxc1718c79947e0f673296218b5b23adbd9a3b38a8,0xccab15ded1b864e428,0x73447cb86f6a775d326fbcf703e190ac1a53d382145c7fcee9d02dd965267788,1,94199381,3775.463795584068,1741079555616481,Staked ICX,0.070556025,sICX,0,1,2025-03-04
cx88fd7df7ddff82f7cc735c871dc519838cb235bb,hxc1718c79947e0f673296218b5b23adbd9a3b38a8,cxa0af3165c08318e988cb30993b3048335b94af6c,0x1ccf3eeaccd84a0000,0x73447cb86f6a775d326fbcf703e190ac1a53d382145c7fcee9d02dd965267788,0,94199381,531.4424656437975,1741079555616481,Balanced Dollar,0.070556025,bnUSD,0,1,2025-03-04
cx88fd7df7ddff82f7cc735c871dc519838cb235bb,cxd82fb5d3effecd8c9071a4bba3856ad7222c4b91,hxc1718c79947e0f673296218b5b23adbd9a3b38a8,0x1ccf3eeaccd84a0000,0xb41dd1d3880d804e9652ebc50ccbb07bceae2a459c74cacbb9349efe8ea54ae9,0,94199380,531.4424656437975,1741079553645688,Balanced Dollar,0.0206895625,bnUSD,0,1,2025-03-04
cx88fd7df7ddff82f7cc735c871dc519838cb235bb,cxa0af3165c08318e988cb30993b3048335b94af6c,cx5faae53c4dbd1fbe4a2eb4aab6565030f10da5c6,0x150a49fd4b2717c,0xb039aac6cb2d463ddee22eb7d6f6b56173f385432c3fdbf238a68dc3c5dcc09c,2,94199378,0.09475659855,1741079549627359,Balanced Dollar,0.056404425,bnUSD,0,2,2025-03-04
cx288d13e1b63563459a2ac6179f237711f6851cb5,cxa0af3165c08318e988cb30993b3048335b94af6c,hxd75467e3e4ce64e3424c747dfb71503017440433,0x6ae9c1ab2bbda7,0xb039aac6cb2d463ddee22eb7d6f6b56173f385432c3fdbf238a68dc3c5dcc09c,1,94199378,0.030093365541060006,1741079549627359,Ethereum,0.056404425,ETH,0,2,2025-03-04
cx88fd7df7ddff82f7cc735c871dc519838cb235bb,hxd75467e3e4ce64e3424c747dfb71503017440433,cxa0af3165c08318e988cb30993b3048335b94af6c,0x36cacb58f3b5ce000,0xb039aac6cb2d463ddee22eb7d6f6b56173f385432c3fdbf238a68dc3c5dcc09c,0,94199378,63.1710657,1741079549627359,Balanced Dollar,0.056404425,bnUSD,0,2,2025-03-04
cx88fd7df7ddff82f7cc735c871dc519838cb235bb,cxa0af3165c08318e988cb30993b3048335b94af6c,cx5faae53c4dbd1fbe4a2eb4aab6565030f10da5c6,0x1616676c0516a083,0x7b34739374c8f594ac06d916d86470ceb87379c9bbde4527693d00b5b9c0553c,2,94199377,1.591573231961547,1741079547614025,Balanced Dollar,0.070556025,bnUSD,0,2,2025-03-04
cx2609b924e33ef00b648a409245c7ea394c467824,cxa0af3165c08318e988cb30993b3048335b94af6c,hxc1718c79947e0f673296218b5b23adbd9a3b38a8,0x19963ae074504801f47,0x7b34739374c8f594ac06d916d86470ceb87379c9bbde4527693d00b5b9c0553c,1,94199377,7551.9010125959185,1741079547614025,Staked ICX,0.070556025,sICX,0,2,2025-03-04
cx88fd7df7ddff82f7cc735c871dc519838cb235bb,hxc1718c79947e0f673296218b5b23adbd9a3b38a8,cxa0af3165c08318e988cb30993b3048335b94af6c,0x398502a94d40420000,0x7b34739374c8f594ac06d916d86470ceb87379c9bbde4527693d00b5b9c0553c,0,94199377,1061.0488213076978,1741079547614025,Balanced Dollar,0.070556025,bnUSD,0,2,2025-03-04
cx88fd7df7ddff82f7cc735c871dc519838cb235bb,cxd82fb5d3effecd8c9071a4bba3856ad7222c4b91,hxc1718c79947e0f673296218b5b23adbd9a3b38a8,0x398502a94d40420000,0xc1ec33e0b67c23929fce0181a8b0d6dad822dd05b0db7fbd1fcad02728a5f6e0,0,94199377,1061.0488213076978,1741079547614025,Balanced Dollar,0.0206895625,bnUSD,0,1,2025-03-04
cx88fd7df7ddff82f7cc735c871dc519838cb235bb,cx21e94c08c03daee80c25d8ee3ea22a20786ec231,hx53796e5b7b4c5c8e5531b2c965f73460a2708db3,0x8f5ba7ed40d507a5fe,0x5b82e669be646c03275f593e91e4e98057dae06e4fc81f15a46b1ad5ba3bc3f1,5,94199375,2644.4889107817357,1741079543839781,Balanced Dollar,0.1104024625,bnUSD,0,1,2025-03-04
cx88fd7df7ddff82f7cc735c871dc519838cb235bb,cxa0af3165c08318e988cb30993b3048335b94af6c,cx5faae53c4dbd1fbe4a2eb4aab6565030f10da5c6,0x370b570c4e877b3d,0x5b82e669be646c03275f593e91e4e98057dae06e4fc81f15a46b1ad5ba3bc3f1,3,94199375,3.9663596071985796,1741079543839781,Balanced Dollar,0.1104024625,bnUSD,0,1,2025-03-04
cx88fd7df7ddff82f7cc735c871dc519838cb235bb,cxa0af3165c08318e988cb30993b3048335b94af6c,cx21e94c08c03daee80c25d8ee3ea22a20786ec231,0x8f5ba7ed40d507a5fe,0x5b82e669be646c03275f593e91e4e98057dae06e4fc81f15a46b1ad5ba3bc3f1,2,94199375,2644.4889107817357,1741079543839781,Balanced Dollar,0.1104024625,bnUSD,0,1,2025-03-04
cx2609b924e33ef00b648a409245c7ea394c467824,cx21e94c08c03daee80c25d8ee3ea22a20786ec231,cxa0af3165c08318e988cb30993b3048335b94af6c,0x4009230878222d00000,0x5b82e669be646c03275f593e91e4e98057dae06e4fc81f15a46b1ad5ba3bc3f1,1,94199375,18900.0,1741079543839781,Staked ICX,0.1104024625,sICX,0,1,2025-03-04
cx2609b924e33ef00b648a409245c7ea394c467824,hx53796e5b7b4c5c8e5531b2c965f73460a2708db3,cx21e94c08c03daee80c25d8ee3ea22a20786ec231,0x4009230878222d00000,0x5b82e669be646c03275f593e91e4e98057dae06e4fc81f15a46b1ad5ba3bc3f1,0,94199375,18900.0,1741079543839781,Staked ICX,0.1104024625,sICX,0,1,2025-03-04
cx2609b924e33ef00b648a409245c7ea394c467824,cx66d4d90f5f113eba575bf793570135f9b10cece1,hx53796e5b7b4c5c8e5531b2c965f73460a2708db3,0x4064262c690bc8d0000,0x2b661713ff39c970d465abb15d5f629c4959ec9bc0ba338c8b57744cd1095ba2,1,94199362,19004.93,1741079517738241,Staked ICX,0.1100629875,sICX,0,1,2025-03-04
cx88fd7df7ddff82f7cc735c871dc519838cb235bb,cxa0af3165c08318e988cb30993b3048335b94af6c,cx5faae53c4dbd1fbe4a2eb4aab6565030f10da5c6,0xb171ddd4da3ff9d,0x45ec455089bec44ded5da6cd1d6199a98008693f3b3feff4f4e0d0ff1caf265d,2,94199361,0.7991402952091238,1741079515721767,Balanced Dollar,0.070556025,bnUSD,0,2,2025-03-04
cx2609b924e33ef00b648a409245c7ea394c467824,cxa0af3165c08318e988cb30993b3048335b94af6c,hxc1718c79947e0f673296218b5b23adbd9a3b38a8,0xccab0b8e394fd45647,0x45ec455089bec44ded5da6cd1d6199a98008693f3b3feff4f4e0d0ff1caf265d,1,94199361,3775.4608922187817,1741079515721767,Staked ICX,0.070556025,sICX,0,2,2025-03-04
cx88fd7df7ddff82f7cc735c871dc519838cb235bb,hxc1718c79947e0f673296218b5b23adbd9a3b38a8,cxa0af3165c08318e988cb30993b3048335b94af6c,0x1ce188704f85bf0000,0x45ec455089bec44ded5da6cd1d6199a98008693f3b3feff4f4e0d0ff1caf265d,0,94199361,532.7601968060825,1741079515721767,Balanced Dollar,0.070556025,bnUSD,0,2,2025-03-04
cx88fd7df7ddff82f7cc735c871dc519838cb235bb,cxd82fb5d3effecd8c9071a4bba3856ad7222c4b91,hxc1718c79947e0f673296218b5b23adbd9a3b38a8,0x1ce188704f85bf0000,0x6bdceeb63195ab77c0ffe23cc9efc0008848da4d37b4d122e44449511df8dbe2,0,94199361,532.7601968060825,1741079515721767,Balanced Dollar,0.0206895625,bnUSD,0,1,2025-03-04
cx3975b43d260fb8ec802cef6e60c2f4d07486f11d,hx2debd9ec927cca1639da8d3518dd9dbf1cdfb357,hx0000000000000000000000000000000000000000,0x286e31027a125a968,0x1281753b6484ff7c1ea24f76f2949563426821f737ab931c2c6f575542be086c,10,94199359,46.61311833060813,1741079511600090,Wrapped ICX,0.155541825,wICX,0,1,2025-03-04
cx3975b43d260fb8ec802cef6e60c2f4d07486f11d,cx21e94c08c03daee80c25d8ee3ea22a20786ec231,hx2debd9ec927cca1639da8d3518dd9dbf1cdfb357,0x286e31027a125a968,0x1281753b6484ff7c1ea24f76f2949563426821f737ab931c2c6f575542be086c,9,94199359,46.61311833060813,1741079511600090,Wrapped ICX,0.155541825,wICX,0,1,2025-03-04
cx2609b924e33ef00b648a409245c7ea394c467824,cxa0af3165c08318e988cb30993b3048335b94af6c,cx5faae53c4dbd1fbe4a2eb4aab6565030f10da5c6,0xbcf178879fa493,0x1281753b6484ff7c1ea24f76f2949563426821f737ab931c2c6f575542be086c,7,94199359,0.05318279559535938,1741079511600090,Staked ICX,0.155541825,sICX,0,1,2025-03-04
cx3975b43d260fb8ec802cef6e60c2f4d07486f11d,cxa0af3165c08318e988cb30993b3048335b94af6c,cx21e94c08c03daee80c25d8ee3ea22a20786ec231,0x286e31027a125a968,0x1281753b6484ff7c1ea24f76f2949563426821f737ab931c2c6f575542be086c,6,94199359,46.61311833060813,1741079511600090,Wrapped ICX,0.155541825,wICX,0,1,2025-03-04
cx2609b924e33ef00b648a409245c7ea394c467824,cx21e94c08c03daee80c25d8ee3ea22a20786ec231,cxa0af3165c08318e988cb30993b3048335b94af6c,0x1ec0a29e12fbc960e,0x1281753b6484ff7c1ea24f76f2949563426821f737ab931c2c6f575542be086c,5,94199359,35.45519706357292,1741079511600090,Staked ICX,0.155541825,sICX,0,1,2025-03-04
cx88fd7df7ddff82f7cc735c871dc519838cb235bb,cxa0af3165c08318e988cb30993b3048335b94af6c,cx5faae53c4dbd1fbe4a2eb4aab6565030f10da5c6,0x1aa535d3d0c000,0x1281753b6484ff7c1ea24f76f2949563426821f737ab931c2c6f575542be086c,3,94199359,0.0075,1741079511600090,Balanced Dollar,0.155541825,bnUSD,0,1,2025-03-04
cx2609b924e33ef00b648a409245c7ea394c467824,cxa0af3165c08318e988cb30993b3048335b94af6c,cx21e94c08c03daee80c25d8ee3ea22a20786ec231,0x1ec0a29e12fbc960e,0x1281753b6484ff7c1ea24f76f2949563426821f737ab931c2c6f575542be086c,2,94199359,35.45519706357292,1741079511600090,Staked ICX,0.155541825,sICX,0,1,2025-03-04
cx88fd7df7ddff82f7cc735c871dc519838cb235bb,cx21e94c08c03daee80c25d8ee3ea22a20786ec231,cxa0af3165c08318e988cb30993b3048335b94af6c,0x4563918244f40000,0x1281753b6484ff7c1ea24f76f2949563426821f737ab931c2c6f575542be086c,1,94199359,5.0,1741079511600090,Balanced Dollar,0.155541825,bnUSD,0,1,2025-03-04
cx88fd7df7ddff82f7cc735c871dc519838cb235bb,hx2debd9ec927cca1639da8d3518dd9dbf1cdfb357,cx21e94c08c03daee80c25d8ee3ea22a20786ec231,0x4563918244f40000,0x1281753b6484ff7c1ea24f76f2949563426821f737ab931c2c6f575542be086c,0,94199359,5.0,1741079511600090,Balanced Dollar,0.155541825,bnUSD,0,1,2025-03-04
cx2609b924e33ef00b648a409245c7ea394c467824,cx21e94c08c03daee80c25d8ee3ea22a20786ec231,hx2debd9ec927cca1639da8d3518dd9dbf1cdfb357,0x6c6b536e031c42ff15,0x6da193ea8bf311e94dc61886a3b287838dfe34b613d5d0913f708dc1691172ec,5,94199327,1999.982005905395,1741079447581256,Staked ICX,0.112702,sICX,0,2,2025-03-04
cx88fd7df7ddff82f7cc735c871dc519838cb235bb,cxa0af3165c08318e988cb30993b3048335b94af6c,cx5faae53c4dbd1fbe4a2eb4aab6565030f10da5c6,0x5de870358821f10,0x6da193ea8bf311e94dc61886a3b287838dfe34b613d5d0913f708dc1691172ec,3,94199327,0.4229238634589796,1741079447581256,Balanced Dollar,0.112702,bnUSD,0,2,2025-03-04
cx2609b924e33ef00b648a409245c7ea394c467824,cxa0af3165c08318e988cb30993b3048335b94af6c,cx21e94c08c03daee80c25d8ee3ea22a20786ec231,0x6c6b536e031c42ff15,0x6da193ea8bf311e94dc61886a3b287838dfe34b613d5d0913f708dc1691172ec,2,94199327,1999.982005905395,1741079447581256,Staked ICX,0.112702,sICX,0,2,2025-03-04
cx88fd7df7ddff82f7cc735c871dc519838cb235bb,cx21e94c08c03daee80c25d8ee3ea22a20786ec231,cxa0af3165c08318e988cb30993b3048335b94af6c,0xf48d4ee0bd2db8f00,0x6da193ea8bf311e94dc61886a3b287838dfe34b613d5d0913f708dc1691172ec,1,94199327,281.9492423059864,1741079447581256,Balanced Dollar,0.112702,bnUSD,0,2,2025-03-04
cx88fd7df7ddff82f7cc735c871dc519838cb235bb,hx2debd9ec927cca1639da8d3518dd9dbf1cdfb357,cx21e94c08c03daee80c25d8ee3ea22a20786ec231,0xf48d4ee0bd2db8f00,0x6da193ea8bf311e94dc61886a3b287838dfe34b613d5d0913f708dc1691172ec,0,94199327,281.9492423059864,1741079447581256,Balanced Dollar,0.112702,bnUSD,0,2,2025-03-04
cx88fd7df7ddff82f7cc735c871dc519838cb235bb,hx53796e5b7b4c5c8e5531b2c965f73460a2708db3,hx0000000000000000000000000000000000000000,0x74a088ae727fa2ffff,0x473ec21dac7f4d8d1ea349057630138176048e89939ffe98690317adf171121d,0,94199327,2151.39,1741079447581256,Balanced Dollar,0.0604685375,bnUSD,0,1,2025-03-04
cx88fd7df7ddff82f7cc735c871dc519838cb235bb,cxa0af3165c08318e988cb30993b3048335b94af6c,cx5faae53c4dbd1fbe4a2eb4aab6565030f10da5c6,0xb11b49cd983645a,0x650fbab15424ae2c4e70268bff13df7ba9dee7c7d4e0c8668affcb4b42e29247,2,94199325,0.797617194778453,1741079443797734,Balanced Dollar,0.070556025,bnUSD,0,2,2025-03-04
cx2609b924e33ef00b648a409245c7ea394c467824,cxa0af3165c08318e988cb30993b3048335b94af6c,hxc1718c79947e0f673296218b5b23adbd9a3b38a8,0xccab13791513fb793a,0x650fbab15424ae2c4e70268bff13df7ba9dee7c7d4e0c8668affcb4b42e29247,1,94199325,3775.463120773228,1741079443797734,Staked ICX,0.070556025,sICX,0,2,2025-03-04
cx88fd7df7ddff82f7cc735c871dc519838cb235bb,hxc1718c79947e0f673296218b5b23adbd9a3b38a8,cxa0af3165c08318e988cb30993b3048335b94af6c,0x1cd37103211b800000,0x650fbab15424ae2c4e70268bff13df7ba9dee7c7d4e0c8668affcb4b42e29247,0,94199325,531.7447965189688,1741079443797734,Balanced Dollar,0.070556025,bnUSD,0,2,2025-03-04
cx88fd7df7ddff82f7cc735c871dc519838cb235bb,cxd82fb5d3effecd8c9071a4bba3856ad7222c4b91,hxc1718c79947e0f673296218b5b23adbd9a3b38a8,0x1cd37103211b800000,0xffcc8c162c07449d0d6bf0703805377e146eae3c01c0bdf441c498eeedd032fc,0,94199325,531.7447965189688,1741079443797734,Balanced Dollar,0.0206895625,bnUSD,0,1,2025-03-04
cx88fd7df7ddff82f7cc735c871dc519838cb235bb,cxa0af3165c08318e988cb30993b3048335b94af6c,cx5faae53c4dbd1fbe4a2eb4aab6565030f10da5c6,0xb0e1d4b1814cced,0x589591477f3717689fbc5cf837402455c90ef20879bc929050087c99a1d530e4,2,94199322,0.7966063924549256,1741079437579887,Balanced Dollar,0.070556025,bnUSD,0,2,2025-03-04
cx2609b924e33ef00b648a409245c7ea394c467824,cxa0af3165c08318e988cb30993b3048335b94af6c,hxc1718c79947e0f673296218b5b23adbd9a3b38a8,0xcca98bf2eb9eb48069,0x589591477f3717689fbc5cf837402455c90ef20879bc929050087c99a1d530e4,1,94199322,3775.352916544715,1741079437579887,Staked ICX,0.070556025,sICX,0,2,2025-03-04
cx88fd7df7ddff82f7cc735c871dc519838cb235bb,hxc1718c79947e0f673296218b5b23adbd9a3b38a8,cxa0af3165c08318e988cb30993b3048335b94af6c,0x1cca16f38eb62b0000,0x589591477f3717689fbc5cf837402455c90ef20879bc929050087c99a1d530e4,0,94199322,531.0709283032837,1741079437579887,Balanced Dollar,0.070556025,bnUSD,0,2,2025-03-04
cx88fd7df7ddff82f7cc735c871dc519838cb235bb,cxd82fb5d3effecd8c9071a4bba3856ad7222c4b91,hxc1718c79947e0f673296218b5b23adbd9a3b38a8,0x1cca16f38eb62b0000,0x37cfc4701cef9606651c87fb1afa43b2681c3de03d2a014aa1fa01bc7f6d02ad,0,94199322,531.0709283032837,1741079437579887,Balanced Dollar,0.0206895625,bnUSD,0,1,2025-03-04
cx88fd7df7ddff82f7cc735c871dc519838cb235bb,cx21e94c08c03daee80c25d8ee3ea22a20786ec231,hx7497c286aa521b09b2b54d78cde3fa4573c0e157,0xb19a35db694f54fb,0xa30750576dc4c6457b1b5303dc7acab16531fdaa7854ecb541cfb35e7052fd75,17,94199321,12.797600507607603,1741079435643903,Balanced Dollar,0.2589761375,bnUSD,0,1,2025-03-04
cxae3034235540b924dfcc1b45836c293dcc82bfb7,cx21e94c08c03daee80c25d8ee3ea22a20786ec231,cxa0af3165c08318e988cb30993b3048335b94af6c,0x25f533c,0xa30750576dc4c6457b1b5303dc7acab16531fdaa7854ecb541cfb35e7052fd75,16,94199321,39.80166,1741079435643903,ICON USD Coin,0.2589761375,IUSDC,0,1,2025-03-04
cx88fd7df7ddff82f7cc735c871dc519838cb235bb,cxa0af3165c08318e988cb30993b3048335b94af6c,cx5faae53c4dbd1fbe4a2eb4aab6565030f10da5c6,0x4455dfcf4b4b65,0xa30750576dc4c6457b1b5303dc7acab16531fdaa7854ecb541cfb35e7052fd75,14,94199321,0.01923471816021079,1741079435643903,Balanced Dollar,0.2589761375,bnUSD,0,1,2025-03-04
cx88fd7df7ddff82f7cc735c871dc519838cb235bb,cxa0af3165c08318e988cb30993b3048335b94af6c,cx21e94c08c03daee80c25d8ee3ea22a20786ec231,0xb19a35db694f54fb,0xa30750576dc4c6457b1b5303dc7acab16531fdaa7854ecb541cfb35e7052fd75,13,94199321,12.797600507607603,1741079435643903,Balanced Dollar,0.2589761375,bnUSD,0,1,2025-03-04
cxae3034235540b924dfcc1b45836c293dcc82bfb7,cxa0af3165c08318e988cb30993b3048335b94af6c,cx5faae53c4dbd1fbe4a2eb4aab6565030f10da5c6,0xe866,0xa30750576dc4c6457b1b5303dc7acab16531fdaa7854ecb541cfb35e7052fd75,11,94199321,0.059494,1741079435643903,ICON USD Coin,0.2589761375,IUSDC,0,1,2025-03-04
cxae3034235540b924dfcc1b45836c293dcc82bfb7,cxa0af3165c08318e988cb30993b3048335b94af6c,cx21e94c08c03daee80c25d8ee3ea22a20786ec231,0x25f533c,0xa30750576dc4c6457b1b5303dc7acab16531fdaa7854ecb541cfb35e7052fd75,10,94199321,39.80166,1741079435643903,ICON USD Coin,0.2589761375,IUSDC,0,1,2025-03-04
cx1a29259a59f463a67bb2ef84398b30ca56b5830a,cx21e94c08c03daee80c25d8ee3ea22a20786ec231,cxa0af3165c08318e988cb30993b3048335b94af6c,0x220314be2a80a1c585e,0xa30750576dc4c6457b1b5303dc7acab16531fdaa7854ecb541cfb35e7052fd75,9,94199321,10038.58095804046,1741079435643903,Omm Token,0.2589761375,OMM,0,1,2025-03-04
cx2609b924e33ef00b648a409245c7ea394c467824,cxa0af3165c08318e988cb30993b3048335b94af6c,cx5faae53c4dbd1fbe4a2eb4aab6565030f10da5c6,0x1e0dbab080c082e,0xa30750576dc4c6457b1b5303dc7acab16531fdaa7854ecb541cfb35e7052fd75,7,94199321,0.13534951644201168,1741079435643903,Staked ICX,0.2589761375,sICX,0,1,2025-03-04
cx1a29259a59f463a67bb2ef84398b30ca56b5830a,cxa0af3165c08318e988cb30993b3048335b94af6c,cx21e94c08c03daee80c25d8ee3ea22a20786ec231,0x220314be2a80a1c585e,0xa30750576dc4c6457b1b5303dc7acab16531fdaa7854ecb541cfb35e7052fd75,6,94199321,10038.58095804046,1741079435643903,Omm Token,0.2589761375,OMM,0,1,2025-03-04
cx2609b924e33ef00b648a409245c7ea394c467824,cx21e94c08c03daee80c25d8ee3ea22a20786ec231,cxa0af3165c08318e988cb30993b3048335b94af6c,0x4e43c0d64f4aaa391,0xa30750576dc4c6457b1b5303dc7acab16531fdaa7854ecb541cfb35e7052fd75,5,94199321,90.23301096134114,1741079435643903,Staked ICX,0.2589761375,sICX,0,1,2025-03-04
cx88fd7df7ddff82f7cc735c871dc519838cb235bb,cxa0af3165c08318e988cb30993b3048335b94af6c,cx5faae53c4dbd1fbe4a2eb4aab6565030f10da5c6,0x439933e6c40d78,0xa30750576dc4c6457b1b5303dc7acab16531fdaa7854ecb541cfb35e7052fd75,3,94199321,0.01902727163360396,1741079435643903,Balanced Dollar,0.2589761375,bnUSD,0,1,2025-03-04
cx2609b924e33ef00b648a409245c7ea394c467824,cxa0af3165c08318e988cb30993b3048335b94af6c,cx21e94c08c03daee80c25d8ee3ea22a20786ec231,0x4e43c0d64f4aaa391,0xa30750576dc4c6457b1b5303dc7acab16531fdaa7854ecb541cfb35e7052fd75,2,94199321,90.23301096134114,1741079435643903,Staked ICX,0.2589761375,sICX,0,1,2025-03-04
cx88fd7df7ddff82f7cc735c871dc519838cb235bb,cx21e94c08c03daee80c25d8ee3ea22a20786ec231,cxa0af3165c08318e988cb30993b3048335b94af6c,0xb009a1d39e8dc000,0xa30750576dc4c6457b1b5303dc7acab16531fdaa7854ecb541cfb35e7052fd75,1,94199321,12.684847755735975,1741079435643903,Balanced Dollar,0.2589761375,bnUSD,0,1,2025-03-04
cx88fd7df7ddff82f7cc735c871dc519838cb235bb,hx7497c286aa521b09b2b54d78cde3fa4573c0e157,cx21e94c08c03daee80c25d8ee3ea22a20786ec231,0xb009a1d39e8dc000,0xa30750576dc4c6457b1b5303dc7acab16531fdaa7854ecb541cfb35e7052fd75,0,94199321,12.684847755735975,1741079435643903,Balanced Dollar,0.2589761375,bnUSD,0,1,2025-03-04
cx88fd7df7ddff82f7cc735c871dc519838cb235bb,cxa0af3165c08318e988cb30993b3048335b94af6c,cx5faae53c4dbd1fbe4a2eb4aab6565030f10da5c6,0x1610c9ab20628d4f,0x80188bb9fa8633161a1c204fcdf5493564fe30baaf3aa75435ffc04720bf6c6d,2,94199319,1.5899924052817054,1741079431748559,Balanced Dollar,0.070556025,bnUSD,0,2,2025-03-04
cx2609b924e33ef00b648a409245c7ea394c467824,cxa0af3165c08318e988cb30993b3048335b94af6c,hxc1718c79947e0f673296218b5b23adbd9a3b38a8,0x19944bfa682dfe3dcb6,0x80188bb9fa8633161a1c204fcdf5493564fe30baaf3aa75435ffc04720bf6c6d,1,94199319,7549.67218734337,1741079431748559,Staked ICX,0.070556025,sICX,0,2,2025-03-04
cx88fd7df7ddff82f7cc735c871dc519838cb235bb,hxc1718c79947e0f673296218b5b23adbd9a3b38a8,cxa0af3165c08318e988cb30993b3048335b94af6c,0x39766282f9ab500000,0x80188bb9fa8633161a1c204fcdf5493564fe30baaf3aa75435ffc04720bf6c6d,0,94199319,1059.99493685447,1741079431748559,Balanced Dollar,0.070556025,bnUSD,0,2,2025-03-04
cx88fd7df7ddff82f7cc735c871dc519838cb235bb,cxd82fb5d3effecd8c9071a4bba3856ad7222c4b91,hxc1718c79947e0f673296218b5b23adbd9a3b38a8,0x39766282f9ab500000,0xfcca62d32f2b07926b9906ee79f684ff3bae9d97ba8841b5982c3ebd58605176,0,94199319,1059.99493685447,1741079431748559,Balanced Dollar,0.0206895625,bnUSD,0,1,2025-03-04
cx88fd7df7ddff82f7cc735c871dc519838cb235bb,cx21e94c08c03daee80c25d8ee3ea22a20786ec231,hx7497c286aa521b09b2b54d78cde3fa4573c0e157,0x6e21a2572c71f54f6,0xbd686dd0f79637ad3f1002af4c2edb2eec599ea5072c837d55ac74628b3f60f3,13,94199318,126.97284021912071,1741079429576842,Balanced Dollar,0.223515925,bnUSD,0,1,2025-03-04
cx88fd7df7ddff82f7cc735c871dc519838cb235bb,cxa0af3165c08318e988cb30993b3048335b94af6c,cx5faae53c4dbd1fbe4a2eb4aab6565030f10da5c6,0x2a5c833c36c1e4f,0xbd686dd0f79637ad3f1002af4c2edb2eec599ea5072c837d55ac74628b3f60f3,11,94199318,0.19077868388064417,1741079429576842,Balanced Dollar,0.223515925,bnUSD,0,1,2025-03-04
cx88fd7df7ddff82f7cc735c871dc519838cb235bb,cxa0af3165c08318e988cb30993b3048335b94af6c,cx21e94c08c03daee80c25d8ee3ea22a20786ec231,0x6e21a2572c71f54f6,0xbd686dd0f79637ad3f1002af4c2edb2eec599ea5072c837d55ac74628b3f60f3,10,94199318,126.97284021912071,1741079429576842,Balanced Dollar,0.223515925,bnUSD,0,1,2025-03-04
cxf61cd5a45dc9f91c15aa65831a30a90d59a09619,cx21e94c08c03daee80c25d8ee3ea22a20786ec231,cxa0af3165c08318e988cb30993b3048335b94af6c,0x3a75112fb31005f374,0xbd686dd0f79637ad3f1002af4c2edb2eec599ea5072c837d55ac74628b3f60f3,9,94199318,1078.3467322983101,1741079429576842,Balance Token,0.223515925,BALN,0,1,2025-03-04
cx2609b924e33ef00b648a409245c7ea394c467824,cxa0af3165c08318e988cb30993b3048335b94af6c,cx5faae53c4dbd1fbe4a2eb4aab6565030f10da5c6,0x12cfd7416b601383,0xbd686dd0f79637ad3f1002af4c2edb2eec599ea5072c837d55ac74628b3f60f3,7,94199318,1.3555386888361134,1741079429576842,Staked ICX,0.223515925,sICX,0,1,2025-03-04
cxf61cd5a45dc9f91c15aa65831a30a90d59a09619,cxa0af3165c08318e988cb30993b3048335b94af6c,cx21e94c08c03daee80c25d8ee3ea22a20786ec231,0x3a75112fb31005f374,0xbd686dd0f79637ad3f1002af4c2edb2eec599ea5072c837d55ac74628b3f60f3,6,94199318,1078.3467322983101,1741079429576842,Balance Token,0.223515925,BALN,0,1,2025-03-04
cx2609b924e33ef00b648a409245c7ea394c467824,cx21e94c08c03daee80c25d8ee3ea22a20786ec231,cxa0af3165c08318e988cb30993b3048335b94af6c,0x30fd408fb24a32d058,0xbd686dd0f79637ad3f1002af4c2edb2eec599ea5072c837d55ac74628b3f60f3,5,94199318,903.6924592240755,1741079429576842,Staked ICX,0.223515925,sICX,0,1,2025-03-04
cx88fd7df7ddff82f7cc735c871dc519838cb235bb,cxa0af3165c08318e988cb30993b3048335b94af6c,cx5faae53c4dbd1fbe4a2eb4aab6565030f10da5c6,0x2a338d8950d70c4,0xbd686dd0f79637ad3f1002af4c2edb2eec599ea5072c837d55ac74628b3f60f3,3,94199318,0.19005811214447021,1741079429576842,Balanced Dollar,0.223515925,bnUSD,0,1,2025-03-04
cx2609b924e33ef00b648a409245c7ea394c467824,cxa0af3165c08318e988cb30993b3048335b94af6c,cx21e94c08c03daee80c25d8ee3ea22a20786ec231,0x30fd408fb24a32d058,0xbd686dd0f79637ad3f1002af4c2edb2eec599ea5072c837d55ac74628b3f60f3,2,94199318,903.6924592240755,1741079429576842,Staked ICX,0.223515925,sICX,0,1,2025-03-04
cx88fd7df7ddff82f7cc735c871dc519838cb235bb,cx21e94c08c03daee80c25d8ee3ea22a20786ec231,cxa0af3165c08318e988cb30993b3048335b94af6c,0x6de6409597dab0000,0xbd686dd0f79637ad3f1002af4c2edb2eec599ea5072c837d55ac74628b3f60f3,1,94199318,126.70540809631348,1741079429576842,Balanced Dollar,0.223515925,bnUSD,0,1,2025-03-04
cx88fd7df7ddff82f7cc735c871dc519838cb235bb,hx7497c286aa521b09b2b54d78cde3fa4573c0e157,cx21e94c08c03daee80c25d8ee3ea22a20786ec231,0x6de6409597dab0000,0xbd686dd0f79637ad3f1002af4c2edb2eec599ea5072c837d55ac74628b3f60f3,0,94199318,126.70540809631348,1741079429576842,Balanced Dollar,0.223515925,bnUSD,0,1,2025-03-04
cx88fd7df7ddff82f7cc735c871dc519838cb235bb,cx21e94c08c03daee80c25d8ee3ea22a20786ec231,hx53796e5b7b4c5c8e5531b2c965f73460a2708db3,0x74a07fe47c4622016d,0xdacd347599e165201047285ade401610d51e0163e57f0f4c80cd1d2b5b8195ca,5,94199317,2151.3875261408225,1741079427781623,Balanced Dollar,0.1103854625,bnUSD,0,1,2025-03-04
cx88fd7df7ddff82f7cc735c871dc519838cb235bb,cxa0af3165c08318e988cb30993b3048335b94af6c,cx5faae53c4dbd1fbe4a2eb4aab6565030f10da5c6,0x2cce6b1e7412dcdd,0xdacd347599e165201047285ade401610d51e0163e57f0f4c80cd1d2b5b8195ca,3,94199317,3.2286357614118084,1741079427781623,Balanced Dollar,0.1103854625,bnUSD,0,1,2025-03-04
cx88fd7df7ddff82f7cc735c871dc519838cb235bb,cxa0af3165c08318e988cb30993b3048335b94af6c,cx21e94c08c03daee80c25d8ee3ea22a20786ec231,0x74a07fe47c4622016d,0xdacd347599e165201047285ade401610d51e0163e57f0f4c80cd1d2b5b8195ca,2,94199317,2151.3875261408225,1741079427781623,Balanced Dollar,0.1103854625,bnUSD,0,1,2025-03-04
cx2609b924e33ef00b648a409245c7ea394c467824,cx21e94c08c03daee80c25d8ee3ea22a20786ec231,cxa0af3165c08318e988cb30993b3048335b94af6c,0x342d5eea74d97a00000,0xdacd347599e165201047285ade401610d51e0163e57f0f4c80cd1d2b5b8195ca,1,94199317,15400.0,1741079427781623,Staked ICX,0.1103854625,sICX,0,1,2025-03-04
cx2609b924e33ef00b648a409245c7ea394c467824,hx53796e5b7b4c5c8e5531b2c965f73460a2708db3,cx21e94c08c03daee80c25d8ee3ea22a20786ec231,0x342d5eea74d97a00000,0xdacd347599e165201047285ade401610d51e0163e57f0f4c80cd1d2b5b8195ca,0,94199317,15400.0,1741079427781623,Staked ICX,0.1103854625,sICX,0,1,2025-03-04
cx2609b924e33ef00b648a409245c7ea394c467824,cx66d4d90f5f113eba575bf793570135f9b10cece1,hx53796e5b7b4c5c8e5531b2c965f73460a2708db3,0x257f38f30b9ec5b0000,0x7dba97698e3c5cb05ac21a7d05634afb8229c06705662b9f4f281e6cc031fe23,1,94199305,11067.15,1741079403597108,Staked ICX,0.1100603,sICX,0,1,2025-03-04
cx88fd7df7ddff82f7cc735c871dc519838cb235bb,hx53796e5b7b4c5c8e5531b2c965f73460a2708db3,hx0000000000000000000000000000000000000000,0x414a44d3de48b6ffff,0xe8f802c99c06ef26d6f8fef03f3375f19f794df0d701b09f57f069fc55538fe8,0,94199279,1204.39,1741079351689023,Balanced Dollar,0.0604685375,bnUSD,0,2,2025-03-04
cx88fd7df7ddff82f7cc735c871dc519838cb235bb,cxa0af3165c08318e988cb30993b3048335b94af6c,cx5faae53c4dbd1fbe4a2eb4aab6565030f10da5c6,0xb10695aff48f8d4,0x6a7eedd6fcf82aa820d29b73a0bf53e2b785ed3071485c89d3c4799fc13b2dc1,2,94199267,0.7972529735955233,1741079327749829,Balanced Dollar,0.0705587125,bnUSD,0,2,2025-03-04
cx2609b924e33ef00b648a409245c7ea394c467824,cxa0af3165c08318e988cb30993b3048335b94af6c,hxc1718c79947e0f673296218b5b23adbd9a3b38a8,0xcc9f7a72609f32673e,0x6a7eedd6fcf82aa820d29b73a0bf53e2b785ed3071485c89d3c4799fc13b2dc1,1,94199267,3774.6274141952513,1741079327749829,Staked ICX,0.0705587125,sICX,0,2,2025-03-04
cx88fd7df7ddff82f7cc735c871dc519838cb235bb,hxc1718c79947e0f673296218b5b23adbd9a3b38a8,cxa0af3165c08318e988cb30993b3048335b94af6c,0x1cd0125cf8ce080000,0x6a7eedd6fcf82aa820d29b73a0bf53e2b785ed3071485c89d3c4799fc13b2dc1,0,94199267,531.5019823970155,1741079327749829,Balanced Dollar,0.0705587125,bnUSD,0,2,2025-03-04
cx88fd7df7ddff82f7cc735c871dc519838cb235bb,cxd82fb5d3effecd8c9071a4bba3856ad7222c4b91,hxc1718c79947e0f673296218b5b23adbd9a3b38a8,0x1cd0125cf8ce080000,0xa84a1941956e842de81b7bb9e615076ceec51748188deabc3a7cace78b9fbf0b,0,94199267,531.5019823970155,1741079327749829,Balanced Dollar,0.0206895625,bnUSD,0,1,2025-03-04
cx88fd7df7ddff82f7cc735c871dc519838cb235bb,cx21e94c08c03daee80c25d8ee3ea22a20786ec231,hx7497c286aa521b09b2b54d78cde3fa4573c0e157,0x529a67a1eb5be64ed,0x59b528e19c487ae5a01dc617925c783ce867e5179ce6944469bf002b6ad8e9b8,13,94199266,95.23494084255353,1741079325557830,Balanced Dollar,0.22349925,bnUSD,0,2,2025-03-04
cx88fd7df7ddff82f7cc735c871dc519838cb235bb,cxa0af3165c08318e988cb30993b3048335b94af6c,cx5faae53c4dbd1fbe4a2eb4aab6565030f10da5c6,0x1fc88cab71aa887,0x59b528e19c487ae5a01dc617925c783ce867e5179ce6944469bf002b6ad8e9b8,11,94199266,0.1431396924057622,1741079325557830,Balanced Dollar,0.22349925,bnUSD,0,2,2025-03-04
cx88fd7df7ddff82f7cc735c871dc519838cb235bb,cxa0af3165c08318e988cb30993b3048335b94af6c,cx21e94c08c03daee80c25d8ee3ea22a20786ec231,0x529a67a1eb5be64ed,0x59b528e19c487ae5a01dc617925c783ce867e5179ce6944469bf002b6ad8e9b8,10,94199266,95.23494084255353,1741079325557830,Balanced Dollar,0.22349925,bnUSD,0,2,2025-03-04
cxf61cd5a45dc9f91c15aa65831a30a90d59a09619,cx21e94c08c03daee80c25d8ee3ea22a20786ec231,cxa0af3165c08318e988cb30993b3048335b94af6c,0x2bbe654c6af2e984bb,0x59b528e19c487ae5a01dc617925c783ce867e5179ce6944469bf002b6ad8e9b8,9,94199266,806.9294510315905,1741079325557830,Balance Token,0.22349925,BALN,0,2,2025-03-04
cx2609b924e33ef00b648a409245c7ea394c467824,cxa0af3165c08318e988cb30993b3048335b94af6c,cx5faae53c4dbd1fbe4a2eb4aab6565030f10da5c6,0xe0f19e54634ae2b,0x59b528e19c487ae5a01dc617925c783ce867e5179ce6944469bf002b6ad8e9b8,7,94199266,1.0130569136977137,1741079325557830,Staked ICX,0.22349925,sICX,0,2,2025-03-04
cxf61cd5a45dc9f91c15aa65831a30a90d59a09619,cxa0af3165c08318e988cb30993b3048335b94af6c,cx21e94c08c03daee80c25d8ee3ea22a20786ec231,0x2bbe654c6af2e984bb,0x59b528e19c487ae5a01dc617925c783ce867e5179ce6944469bf002b6ad8e9b8,6,94199266,806.9294510315905,1741079325557830,Balance Token,0.22349925,BALN,0,2,2025-03-04
cx2609b924e33ef00b648a409245c7ea394c467824,cx21e94c08c03daee80c25d8ee3ea22a20786ec231,cxa0af3165c08318e988cb30993b3048335b94af6c,0x249ca8c5117e859249,0x59b528e19c487ae5a01dc617925c783ce867e5179ce6944469bf002b6ad8e9b8,5,94199266,675.3712757984758,1741079325557830,Staked ICX,0.22349925,sICX,0,2,2025-03-04
cx88fd7df7ddff82f7cc735c871dc519838cb235bb,cxa0af3165c08318e988cb30993b3048335b94af6c,cx5faae53c4dbd1fbe4a2eb4aab6565030f10da5c6,0x1fa6aa26fca1493,0x59b528e19c487ae5a01dc617925c783ce867e5179ce6944469bf002b6ad8e9b8,3,94199266,0.14254358410835266,1741079325557830,Balanced Dollar,0.22349925,bnUSD,0,2,2025-03-04
cx2609b924e33ef00b648a409245c7ea394c467824,cxa0af3165c08318e988cb30993b3048335b94af6c,cx21e94c08c03daee80c25d8ee3ea22a20786ec231,0x249ca8c5117e859249,0x59b528e19c487ae5a01dc617925c783ce867e5179ce6944469bf002b6ad8e9b8,2,94199266,675.3712757984758,1741079325557830,Staked ICX,0.22349925,sICX,0,2,2025-03-04
cx88fd7df7ddff82f7cc735c871dc519838cb235bb,cx21e94c08c03daee80c25d8ee3ea22a20786ec231,cxa0af3165c08318e988cb30993b3048335b94af6c,0x526cb07031e404000,0x59b528e19c487ae5a01dc617925c783ce867e5179ce6944469bf002b6ad8e9b8,1,94199266,95.02905607223511,1741079325557830,Balanced Dollar,0.22349925,bnUSD,0,2,2025-03-04
cx88fd7df7ddff82f7cc735c871dc519838cb235bb,hx7497c286aa521b09b2b54d78cde3fa4573c0e157,cx21e94c08c03daee80c25d8ee3ea22a20786ec231,0x526cb07031e404000,0x59b528e19c487ae5a01dc617925c783ce867e5179ce6944469bf002b6ad8e9b8,0,94199266,95.02905607223511,1741079325557830,Balanced Dollar,0.22349925,bnUSD,0,2,2025-03-04
cx88fd7df7ddff82f7cc735c871dc519838cb235bb,cx21e94c08c03daee80c25d8ee3ea22a20786ec231,hx53796e5b7b4c5c8e5531b2c965f73460a2708db3,0x414a4e062ea937f837,0xc8bd0a223b1631e4d3e9dba2087f8ddd80f7505f22bea23bf16fa66824e607e9,5,94199265,1204.3925885955882,1741079323579768,Balanced Dollar,0.11038815,bnUSD,0,1,2025-03-04
cx88fd7df7ddff82f7cc735c871dc519838cb235bb,cxa0af3165c08318e988cb30993b3048335b94af6c,cx5faae53c4dbd1fbe4a2eb4aab6565030f10da5c6,0x191c87f193935b8c,0xc8bd0a223b1631e4d3e9dba2087f8ddd80f7505f22bea23bf16fa66824e607e9,3,94199265,1.8094706219288728,1741079323579768,Balanced Dollar,0.11038815,bnUSD,0,1,2025-03-04
cx88fd7df7ddff82f7cc735c871dc519838cb235bb,cxa0af3165c08318e988cb30993b3048335b94af6c,cx21e94c08c03daee80c25d8ee3ea22a20786ec231,0x414a4e062ea937f837,0xc8bd0a223b1631e4d3e9dba2087f8ddd80f7505f22bea23bf16fa66824e607e9,2,94199265,1204.3925885955882,1741079323579768,Balanced Dollar,0.11038815,bnUSD,0,1,2025-03-04
cx2609b924e33ef00b648a409245c7ea394c467824,cx21e94c08c03daee80c25d8ee3ea22a20786ec231,cxa0af3165c08318e988cb30993b3048335b94af6c,0x1d234f9a33f47600000,0xc8bd0a223b1631e4d3e9dba2087f8ddd80f7505f22bea23bf16fa66824e607e9,1,94199265,8600.0,1741079323579768,Staked ICX,0.11038815,sICX,0,1,2025-03-04
cx2609b924e33ef00b648a409245c7ea394c467824,hx53796e5b7b4c5c8e5531b2c965f73460a2708db3,cx21e94c08c03daee80c25d8ee3ea22a20786ec231,0x1d234f9a33f47600000,0xc8bd0a223b1631e4d3e9dba2087f8ddd80f7505f22bea23bf16fa66824e607e9,0,94199265,8600.0,1741079323579768,Staked ICX,0.11038815,sICX,0,1,2025-03-04
cx2609b924e33ef00b648a409245c7ea394c467824,cx66d4d90f5f113eba575bf793570135f9b10cece1,hx53796e5b7b4c5c8e5531b2c965f73460a2708db3,0x2be7d1e0f3c58370000,0xdf0aa2a707d5d225349e26db6d863e721afe11d47d467406884d0c7f4591b0fe,1,94199248,12958.63,1741079289529628,Staked ICX,0.1100629875,sICX,0,1,2025-03-04
cxd17316e24ee40f2ef8ed6f3a497311db1b35206d,hx9645117f1b0c7181a126c7f4f222caefc6ee7a61,hx0000000000000000000000000000000000000000,0x0,0x2cc870831cfb11f3b6428421686b8fce66cc742e8889fffd308b93eb15193d52,29,94199239,0.0,1741079271733327,unknown_token,0.1240754,$unknown,5,1,2025-03-04
cxd17316e24ee40f2ef8ed6f3a497311db1b35206d,hx9645117f1b0c7181a126c7f4f222caefc6ee7a61,hx0000000000000000000000000000000000000000,0x0,0x2cc870831cfb11f3b6428421686b8fce66cc742e8889fffd308b93eb15193d52,28,94199239,0.0,1741079271733327,unknown_token,0.1240754,$unknown,6,1,2025-03-04
cxd17316e24ee40f2ef8ed6f3a497311db1b35206d,hx8026678e3d08ba3203ce6161ee8e9e3b9793491f,hx0000000000000000000000000000000000000000,0x0,0x2cc870831cfb11f3b6428421686b8fce66cc742e8889fffd308b93eb15193d52,27,94199239,0.0,1741079271733327,unknown_token,0.1240754,$unknown,34,1,2025-03-04
cxd17316e24ee40f2ef8ed6f3a497311db1b35206d,hx1a4c9e9c8c866a961e5c88c18c0f019aa97f33db,hx0000000000000000000000000000000000000000,0x0,0x2cc870831cfb11f3b6428421686b8fce66cc742e8889fffd308b93eb15193d52,26,94199239,0.0,1741079271733327,unknown_token,0.1240754,$unknown,34,1,2025-03-04
cxd17316e24ee40f2ef8ed6f3a497311db1b35206d,hx7b6a87e98802c2270c2f579b44daf782f625fb57,hx0000000000000000000000000000000000000000,0x0,0x2cc870831cfb11f3b6428421686b8fce66cc742e8889fffd308b93eb15193d52,25,94199239,0.0,1741079271733327,unknown_token,0.1240754,$unknown,34,1,2025-03-04
cxd17316e24ee40f2ef8ed6f3a497311db1b35206d,hxb2725fe673d1dff9b0560e7de0becf32b2c54850,hx0000000000000000000000000000000000000000,0x0,0x2cc870831cfb11f3b6428421686b8fce66cc742e8889fffd308b93eb15193d52,24,94199239,0.0,1741079271733327,unknown_token,0.1240754,$unknown,34,1,2025-03-04
cxd17316e24ee40f2ef8ed6f3a497311db1b35206d,hx9645117f1b0c7181a126c7f4f222caefc6ee7a61,hx0000000000000000000000000000000000000000,0x0,0x2cc870831cfb11f3b6428421686b8fce66cc742e8889fffd308b93eb15193d52,23,94199239,0.0,1741079271733327,unknown_token,0.1240754,$unknown,34,1,2025-03-04
cx88fd7df7ddff82f7cc735c871dc519838cb235bb,hx53796e5b7b4c5c8e5531b2c965f73460a2708db3,hx0000000000000000000000000000000000000000,0x41db27288e07caffff,0x31acaa6b11ea44f0add2923f3ce1e307b8663870398d4ba61c95b3cd1526a407,0,94199207,1214.83,1741079207639483,Balanced Dollar,0.0604685375,bnUSD,0,1,2025-03-04
cx88fd7df7ddff82f7cc735c871dc519838cb235bb,cx21e94c08c03daee80c25d8ee3ea22a20786ec231,hx53796e5b7b4c5c8e5531b2c965f73460a2708db3,0x41db1d72d2e5938d8d,0x546b0bcee8826349f8e2081d14cceeca98d01a919f903fe7a2fc02f13e674208,5,94199191,1214.827266909872,1741079175510698,Balanced Dollar,0.11038415,bnUSD,0,1,2025-03-04
cx88fd7df7ddff82f7cc735c871dc519838cb235bb,cxa0af3165c08318e988cb30993b3048335b94af6c,cx5faae53c4dbd1fbe4a2eb4aab6565030f10da5c6,0x195429208850ab85,0x546b0bcee8826349f8e2081d14cceeca98d01a919f903fe7a2fc02f13e674208,3,94199191,1.825128968694574,1741079175510698,Balanced Dollar,0.11038415,bnUSD,0,1,2025-03-04
cx88fd7df7ddff82f7cc735c871dc519838cb235bb,cxa0af3165c08318e988cb30993b3048335b94af6c,cx21e94c08c03daee80c25d8ee3ea22a20786ec231,0x41db1d72d2e5938d8d,0x546b0bcee8826349f8e2081d14cceeca98d01a919f903fe7a2fc02f13e674208,2,94199191,1214.827266909872,1741079175510698,Balanced Dollar,0.11038415,bnUSD,0,1,2025-03-04
cx2609b924e33ef00b648a409245c7ea394c467824,cx21e94c08c03daee80c25d8ee3ea22a20786ec231,cxa0af3165c08318e988cb30993b3048335b94af6c,0x1d4eadd5255f8e80000,0x546b0bcee8826349f8e2081d14cceeca98d01a919f903fe7a2fc02f13e674208,1,94199191,8650.0,1741079175510698,Staked ICX,0.11038415,sICX,0,1,2025-03-04
cx2609b924e33ef00b648a409245c7ea394c467824,hx53796e5b7b4c5c8e5531b2c965f73460a2708db3,cx21e94c08c03daee80c25d8ee3ea22a20786ec231,0x1d4eadd5255f8e80000,0x546b0bcee8826349f8e2081d14cceeca98d01a919f903fe7a2fc02f13e674208,0,94199191,8650.0,1741079175510698,Staked ICX,0.11038415,sICX,0,1,2025-03-04
cx2609b924e33ef00b648a409245c7ea394c467824,cx66d4d90f5f113eba575bf793570135f9b10cece1,hx53796e5b7b4c5c8e5531b2c965f73460a2708db3,0x1d35984d78f809c0000,0xe33c3b39e2d9f81406f87d4c94aa81efc7297ce1acc7a3512ee9491182ad682b,1,94199173,8621.08,1741079139470685,Staked ICX,0.1100608625,sICX,0,1,2025-03-04
cx88fd7df7ddff82f7cc735c871dc519838cb235bb,hx53796e5b7b4c5c8e5531b2c965f73460a2708db3,hx0000000000000000000000000000000000000000,0x29f89982f422aeffff,0x3f523777453972c840e71f7bc4e30af692db0f47c8d00d9916b312873fc32560,0,94199147,774.23,1741079087456164,Balanced Dollar,0.0604655375,bnUSD,0,1,2025-03-04
cx88fd7df7ddff82f7cc735c871dc519838cb235bb,cx21e94c08c03daee80c25d8ee3ea22a20786ec231,hx53796e5b7b4c5c8e5531b2c965f73460a2708db3,0x29f897e6a3d2bb5df9,0x39b31c9fbeed7990d34c31cbd7fc37ddd4ea1109a691e1cdb88ae5e4d86b1463,5,94199129,774.2295466562706,1741079051582273,Balanced Dollar,0.1103799625,bnUSD,0,1,2025-03-04
cx88fd7df7ddff82f7cc735c871dc519838cb235bb,cxa0af3165c08318e988cb30993b3048335b94af6c,cx5faae53c4dbd1fbe4a2eb4aab6565030f10da5c6,0x102698f3d8164125,0x39b31c9fbeed7990d34c31cbd7fc37ddd4ea1109a691e1cdb88ae5e4d86b1463,3,94199129,1.1637857267916638,1741079051582273,Balanced Dollar,0.1103799625,bnUSD,0,1,2025-03-04
cx88fd7df7ddff82f7cc735c871dc519838cb235bb,cxa0af3165c08318e988cb30993b3048335b94af6c,cx21e94c08c03daee80c25d8ee3ea22a20786ec231,0x29f897e6a3d2bb5df9,0x39b31c9fbeed7990d34c31cbd7fc37ddd4ea1109a691e1cdb88ae5e4d86b1463,2,94199129,774.2295466562706,1741079051582273,Balanced Dollar,0.1103799625,bnUSD,0,1,2025-03-04
cx2609b924e33ef00b648a409245c7ea394c467824,cx21e94c08c03daee80c25d8ee3ea22a20786ec231,cxa0af3165c08318e988cb30993b3048335b94af6c,0x12a27d53bc048700000,0x39b31c9fbeed7990d34c31cbd7fc37ddd4ea1109a691e1cdb88ae5e4d86b1463,1,94199129,5500.0,1741079051582273,Staked ICX,0.1103799625,sICX,0,1,2025-03-04
cx2609b924e33ef00b648a409245c7ea394c467824,hx53796e5b7b4c5c8e5531b2c965f73460a2708db3,cx21e94c08c03daee80c25d8ee3ea22a20786ec231,0x12a27d53bc048700000,0x39b31c9fbeed7990d34c31cbd7fc37ddd4ea1109a691e1cdb88ae5e4d86b1463,0,94199129,5500.0,1741079051582273,Staked ICX,0.1103799625,sICX,0,1,2025-03-04
cx2609b924e33ef00b648a409245c7ea394c467824,cx66d4d90f5f113eba575bf793570135f9b10cece1,hx53796e5b7b4c5c8e5531b2c965f73460a2708db3,0x12ed65196323b2c0000,0x7c55f2e7a4f95eed9c4e65a5ec79dc3039d6791e346999d92fdad134306570ac,1,94199074,5586.36,1741078941411423,Staked ICX,0.1100823625,sICX,0,1,2025-03-04
cx7baf94bd53b505353285ee4c4c050f9703581703,hx596540c70cdbaf2ad097fcf28958f7db8f03d894,hx0000000000000000000000000000000000000000,0x0,0x0fba64510ac14529670a4729b75b0d5094e85fb13660a0664b334b2abd6b4fb0,6,94199047,0.0,1741078887396612,unknown_token,0.0632298,$unknown,12,1,2025-03-04
cx7baf94bd53b505353285ee4c4c050f9703581703,hx596540c70cdbaf2ad097fcf28958f7db8f03d894,hx0000000000000000000000000000000000000000,0x0,0x0fba64510ac14529670a4729b75b0d5094e85fb13660a0664b334b2abd6b4fb0,5,94199047,0.0,1741078887396612,unknown_token,0.0632298,$unknown,26,1,2025-03-04
cx7baf94bd53b505353285ee4c4c050f9703581703,hx596540c70cdbaf2ad097fcf28958f7db8f03d894,hx0000000000000000000000000000000000000000,0x0,0x0fba64510ac14529670a4729b75b0d5094e85fb13660a0664b334b2abd6b4fb0,4,94199047,0.0,1741078887396612,unknown_token,0.0632298,$unknown,10,1,2025-03-04
cx53f8ccd5426534f82cf10cb742de033e51da72fc,hx596540c70cdbaf2ad097fcf28958f7db8f03d894,hx0000000000000000000000000000000000000000,0x0,0x0fba64510ac14529670a4729b75b0d5094e85fb13660a0664b334b2abd6b4fb0,0,94199047,0.0,1741078887396612,unknown_token,0.0632298,$unknown,6,1,2025-03-04
cx88fd7df7ddff82f7cc735c871dc519838cb235bb,hx53796e5b7b4c5c8e5531b2c965f73460a2708db3,hx0000000000000000000000000000000000000000,0x1857afcb348a3a4adb,0x98419482d7e8336e04398a5ea88a1f6ac193f24d824c291d5d620dea23555a07,0,94198993,449.04034999777116,1741078779364650,Balanced Dollar,0.0604655375,bnUSD,0,1,2025-03-04
cx7baf94bd53b505353285ee4c4c050f9703581703,hx1debc5907d7b2554eb73891390ab9da4de745d94,hx0000000000000000000000000000000000000000,0x0,0x8bdbc6f2b90b264cc601a65ad69da8b3c08e955e5457527d3e6c4a369785c006,6,94198986,0.0,1741078765468744,unknown_token,0.0638717625,$unknown,10,1,2025-03-04
cx7baf94bd53b505353285ee4c4c050f9703581703,hx1debc5907d7b2554eb73891390ab9da4de745d94,hx0000000000000000000000000000000000000000,0x0,0x8bdbc6f2b90b264cc601a65ad69da8b3c08e955e5457527d3e6c4a369785c006,5,94198986,0.0,1741078765468744,unknown_token,0.0638717625,$unknown,10,1,2025-03-04
cx7baf94bd53b505353285ee4c4c050f9703581703,hx1debc5907d7b2554eb73891390ab9da4de745d94,hx0000000000000000000000000000000000000000,0x0,0x8bdbc6f2b90b264cc601a65ad69da8b3c08e955e5457527d3e6c4a369785c006,4,94198986,0.0,1741078765468744,unknown_token,0.0638717625,$unknown,1,1,2025-03-04
cx53f8ccd5426534f82cf10cb742de033e51da72fc,hx1debc5907d7b2554eb73891390ab9da4de745d94,hx0000000000000000000000000000000000000000,0x0,0x8bdbc6f2b90b264cc601a65ad69da8b3c08e955e5457527d3e6c4a369785c006,0,94198986,0.0,1741078765468744,unknown_token,0.0638717625,$unknown,1,1,2025-03-04
cx88fd7df7ddff82f7cc735c871dc519838cb235bb,cx21e94c08c03daee80c25d8ee3ea22a20786ec231,hx53796e5b7b4c5c8e5531b2c965f73460a2708db3,0x1857ab2145420219f5,0x4198fc1579cafd8b92d3630e7b474651ae555368bce1cfb66b79cb1395133fec,5,94198978,449.0390372526904,1741078749365583,Balanced Dollar,0.1103454625,bnUSD,0,1,2025-03-04
cx88fd7df7ddff82f7cc735c871dc519838cb235bb,cxa0af3165c08318e988cb30993b3048335b94af6c,cx5faae53c4dbd1fbe4a2eb4aab6565030f10da5c6,0x95ee73f3bef96cd,0x4198fc1579cafd8b92d3630e7b474651ae555368bce1cfb66b79cb1395133fec,3,94198978,0.6752312529266664,1741078749365583,Balanced Dollar,0.1103454625,bnUSD,0,1,2025-03-04
cx88fd7df7ddff82f7cc735c871dc519838cb235bb,cxa0af3165c08318e988cb30993b3048335b94af6c,cx21e94c08c03daee80c25d8ee3ea22a20786ec231,0x1857ab2145420219f5,0x4198fc1579cafd8b92d3630e7b474651ae555368bce1cfb66b79cb1395133fec,2,94198978,449.0390372526904,1741078749365583,Balanced Dollar,0.1103454625,bnUSD,0,1,2025-03-04
cx2609b924e33ef00b648a409245c7ea394c467824,cx21e94c08c03daee80c25d8ee3ea22a20786ec231,cxa0af3165c08318e988cb30993b3048335b94af6c,0xacada2e8e897d8fb9c,0x4198fc1579cafd8b92d3630e7b474651ae555368bce1cfb66b79cb1395133fec,1,94198978,3185.3517994785093,1741078749365583,Staked ICX,0.1103454625,sICX,0,1,2025-03-04
cx2609b924e33ef00b648a409245c7ea394c467824,hx53796e5b7b4c5c8e5531b2c965f73460a2708db3,cx21e94c08c03daee80c25d8ee3ea22a20786ec231,0xacada2e8e897d8fb9c,0x4198fc1579cafd8b92d3630e7b474651ae555368bce1cfb66b79cb1395133fec,0,94198978,3185.3517994785093,1741078749365583,Staked ICX,0.1103454625,sICX,0,1,2025-03-04
cx2609b924e33ef00b648a409245c7ea394c467824,cx66d4d90f5f113eba575bf793570135f9b10cece1,hx53796e5b7b4c5c8e5531b2c965f73460a2708db3,0xac3f081c469613ca51,0x36e6f55664c1dfca2b074dc2788892d467209663831b2e977e298fa1bc02eca7,1,94198958,3177.381891991737,1741078709357028,Staked ICX,0.11006105,sICX,0,1,2025-03-04
cx7baf94bd53b505353285ee4c4c050f9703581703,hxb28d6ab7c33719a3dce9fa7513ead72bd72d0e42,hx0000000000000000000000000000000000000000,0x0,0xc4c5f3ec9657e79a6846bfda9d21283db6ab2e846494b903c6b291fd4454d5f5,6,94198954,0.0,1741078701476630,unknown_token,0.063637125,$unknown,12,1,2025-03-04
cx7baf94bd53b505353285ee4c4c050f9703581703,hxb28d6ab7c33719a3dce9fa7513ead72bd72d0e42,hx0000000000000000000000000000000000000000,0x0,0xc4c5f3ec9657e79a6846bfda9d21283db6ab2e846494b903c6b291fd4454d5f5,5,94198954,0.0,1741078701476630,unknown_token,0.063637125,$unknown,15,1,2025-03-04
cx7baf94bd53b505353285ee4c4c050f9703581703,hxb28d6ab7c33719a3dce9fa7513ead72bd72d0e42,hx0000000000000000000000000000000000000000,0x0,0xc4c5f3ec9657e79a6846bfda9d21283db6ab2e846494b903c6b291fd4454d5f5,4,94198954,0.0,1741078701476630,unknown_token,0.063637125,$unknown,32,1,2025-03-04
cx53f8ccd5426534f82cf10cb742de033e51da72fc,hxb28d6ab7c33719a3dce9fa7513ead72bd72d0e42,hx0000000000000000000000000000000000000000,0x0,0xc4c5f3ec9657e79a6846bfda9d21283db6ab2e846494b903c6b291fd4454d5f5,0,94198954,0.0,1741078701476630,unknown_token,0.063637125,$unknown,3,1,2025-03-04
cx88fd7df7ddff82f7cc735c871dc519838cb235bb,cxa0af3165c08318e988cb30993b3048335b94af6c,hx4dc7903504bb800a462378348a42f53742759e0b,0x11c1cc3d614392b,0xb32731db2688ca2748c50b7203533a51add52be9992f91f15c62228fb4300fbf,3,94198949,0.07997052082167633,1741078691335152,Balanced Dollar,0.0347563375,bnUSD,0,3,2025-03-04
cx288d13e1b63563459a2ac6179f237711f6851cb5,hx4dc7903504bb800a462378348a42f53742759e0b,cxa0af3165c08318e988cb30993b3048335b94af6c,0x2d174fc4385752,0xe0bbead601f80c3ec3b4e2d90a5fc016c6b0da10e0dba553a292c4dbc2661604,0,94198949,0.012692005313861459,1741078691335152,Ethereum,0.0216352,ETH,0,2,2025-03-04
cx88fd7df7ddff82f7cc735c871dc519838cb235bb,hx4dc7903504bb800a462378348a42f53742759e0b,cxa0af3165c08318e988cb30993b3048335b94af6c,0x171b08228215ad000,0x50f22db3472f41b0f8f9b0f56423501e70ae581a79220514e02aacd06e0d4f02,0,94198949,26.638934904766387,1741078691335152,Balanced Dollar,0.02221895,bnUSD,0,1,2025-03-04
cx288d13e1b63563459a2ac6179f237711f6851cb5,cx21e94c08c03daee80c25d8ee3ea22a20786ec231,hx4dc7903504bb800a462378348a42f53742759e0b,0x2d1d15c60d2cde,0x47e71d85b4a99da303c439e80bbc25645222020eeba2891141941639d417466e,12,94198947,0.012698353306250462,1741078687334131,Ethereum,0.229032075,ETH,0,2,2025-03-04
cx88fd7df7ddff82f7cc735c871dc519838cb235bb,cxa0af3165c08318e988cb30993b3048335b94af6c,cx5faae53c4dbd1fbe4a2eb4aab6565030f10da5c6,0x8e05e00ac0b4c2,0x47e71d85b4a99da303c439e80bbc25645222020eeba2891141941639d417466e,10,94198947,0.03997590650412768,1741078687334131,Balanced Dollar,0.229032075,bnUSD,0,2,2025-03-04
cx288d13e1b63563459a2ac6179f237711f6851cb5,cxa0af3165c08318e988cb30993b3048335b94af6c,cx21e94c08c03daee80c25d8ee3ea22a20786ec231,0x2d1d15c60d2cde,0x47e71d85b4a99da303c439e80bbc25645222020eeba2891141941639d417466e,9,94198947,0.012698353306250462,1741078687334131,Ethereum,0.229032075,ETH,0,2,2025-03-04
cx88fd7df7ddff82f7cc735c871dc519838cb235bb,cx21e94c08c03daee80c25d8ee3ea22a20786ec231,cxa0af3165c08318e988cb30993b3048335b94af6c,0x171d9f77155d6bb9e,0x47e71d85b4a99da303c439e80bbc25645222020eeba2891141941639d417466e,8,94198947,26.650604336085124,1741078687334131,Balanced Dollar,0.229032075,bnUSD,0,2,2025-03-04
cx88fd7df7ddff82f7cc735c871dc519838cb235bb,cxa0af3165c08318e988cb30993b3048335b94af6c,cx5faae53c4dbd1fbe4a2eb4aab6565030f10da5c6,0x8e72248af21a0d,0x47e71d85b4a99da303c439e80bbc25645222020eeba2891141941639d417466e,6,94198947,0.040094947968424464,1741078687334131,Balanced Dollar,0.229032075,bnUSD,0,2,2025-03-04
cx88fd7df7ddff82f7cc735c871dc519838cb235bb,cxa0af3165c08318e988cb30993b3048335b94af6c,cx21e94c08c03daee80c25d8ee3ea22a20786ec231,0x171d9f77155d6bb9e,0x47e71d85b4a99da303c439e80bbc25645222020eeba2891141941639d417466e,5,94198947,26.650604336085124,1741078687334131,Balanced Dollar,0.229032075,bnUSD,0,2,2025-03-04
cx2609b924e33ef00b648a409245c7ea394c467824,cx21e94c08c03daee80c25d8ee3ea22a20786ec231,cxa0af3165c08318e988cb30993b3048335b94af6c,0xa3e2a5f1a84e716d9,0x47e71d85b4a99da303c439e80bbc25645222020eeba2891141941639d417466e,4,94198947,188.9469380839724,1741078687334131,Staked ICX,0.229032075,sICX,0,2,2025-03-04
cx2609b924e33ef00b648a409245c7ea394c467824,hx0000000000000000000000000000000000000000,cx21e94c08c03daee80c25d8ee3ea22a20786ec231,0xa3e2a5f1a84e716d9,0x47e71d85b4a99da303c439e80bbc25645222020eeba2891141941639d417466e,2,94198947,188.9469380839724,1741078687334131,Staked ICX,0.229032075,sICX,0,2,2025-03-04
cx88fd7df7ddff82f7cc735c871dc519838cb235bb,cx21e94c08c03daee80c25d8ee3ea22a20786ec231,hx4dc7903504bb800a462378348a42f53742759e0b,0x171dfda33acd1c281,0x98b2435d18e395f4012c8cfc3ae8a6f1a8975dbffe90629064654c49baee6a8b,8,94198947,26.6522610352795,1741078687334131,Balanced Dollar,0.1713504875,bnUSD,0,1,2025-03-04
cx88fd7df7ddff82f7cc735c871dc519838cb235bb,cxa0af3165c08318e988cb30993b3048335b94af6c,cx5faae53c4dbd1fbe4a2eb4aab6565030f10da5c6,0x8e7468da29578d,0x98b2435d18e395f4012c8cfc3ae8a6f1a8975dbffe90629064654c49baee6a8b,6,94198947,0.04009744037847643,1741078687334131,Balanced Dollar,0.1713504875,bnUSD,0,1,2025-03-04
cx88fd7df7ddff82f7cc735c871dc519838cb235bb,cxa0af3165c08318e988cb30993b3048335b94af6c,cx21e94c08c03daee80c25d8ee3ea22a20786ec231,0x171dfda33acd1c281,0x98b2435d18e395f4012c8cfc3ae8a6f1a8975dbffe90629064654c49baee6a8b,5,94198947,26.6522610352795,1741078687334131,Balanced Dollar,0.1713504875,bnUSD,0,1,2025-03-04
cx2609b924e33ef00b648a409245c7ea394c467824,cx21e94c08c03daee80c25d8ee3ea22a20786ec231,cxa0af3165c08318e988cb30993b3048335b94af6c,0xa3e2a5f1a84e716d9,0x98b2435d18e395f4012c8cfc3ae8a6f1a8975dbffe90629064654c49baee6a8b,4,94198947,188.9469380839724,1741078687334131,Staked ICX,0.1713504875,sICX,0,1,2025-03-04
cx2609b924e33ef00b648a409245c7ea394c467824,hx0000000000000000000000000000000000000000,cx21e94c08c03daee80c25d8ee3ea22a20786ec231,0xa3e2a5f1a84e716d9,0x98b2435d18e395f4012c8cfc3ae8a6f1a8975dbffe90629064654c49baee6a8b,2,94198947,188.9469380839724,1741078687334131,Staked ICX,0.1713504875,sICX,0,1,2025-03-04
cx88fd7df7ddff82f7cc735c871dc519838cb235bb,cxa0af3165c08318e988cb30993b3048335b94af6c,hx4dc7903504bb800a462378348a42f53742759e0b,0x29fb4f1484c6759,0x5f9ecd03fd7f64f323396715a2b721f6721a9b9a29d6cabe3ad570767ff610d4,3,94198944,0.18906865776593493,1741078681507626,Balanced Dollar,0.0347379625,bnUSD,0,3,2025-03-04
cx65c9e3d4fea842e00add0d32a5b4c5e4e04c7a6b,hx4dc7903504bb800a462378348a42f53742759e0b,cxa0af3165c08318e988cb30993b3048335b94af6c,0x1e0e1d23,0x6dde32845de38a27ab4692a037b2348508866d9ee96a9a223008018d7bc7b07b,0,94198944,0.504241443,1741078681507626,Solana,0.0215535125,SOL,0,2,2025-03-04
cx88fd7df7ddff82f7cc735c871dc519838cb235bb,hx4dc7903504bb800a462378348a42f53742759e0b,cxa0af3165c08318e988cb30993b3048335b94af6c,0x3c77a1fb00c2d2000,0x2f08683b509e438b74c012f070096e144ef413dccbf527788c655cab4f988432,0,94198944,69.714068222814,1741078681507626,Balanced Dollar,0.02221895,bnUSD,0,1,2025-03-04
cx65c9e3d4fea842e00add0d32a5b4c5e4e04c7a6b,cx21e94c08c03daee80c25d8ee3ea22a20786ec231,hx4dc7903504bb800a462378348a42f53742759e0b,0x1e11f5ff,0x020114a95dcbe15d5d4a9ba72313eb2c57223a8d4d1d64c12afb3e19cfd2fec8,12,94198942,0.504493567,1741078677534954,Solana,0.2186610875,SOL,0,2,2025-03-04
cx88fd7df7ddff82f7cc735c871dc519838cb235bb,cxa0af3165c08318e988cb30993b3048335b94af6c,cx5faae53c4dbd1fbe4a2eb4aab6565030f10da5c6,0x173a2f70ed2f208,0x020114a95dcbe15d5d4a9ba72313eb2c57223a8d4d1d64c12afb3e19cfd2fec8,10,94198942,0.10460639834898075,1741078677534954,Balanced Dollar,0.2186610875,bnUSD,0,2,2025-03-04
cx65c9e3d4fea842e00add0d32a5b4c5e4e04c7a6b,cxa0af3165c08318e988cb30993b3048335b94af6c,cx21e94c08c03daee80c25d8ee3ea22a20786ec231,0x1e11f5ff,0x020114a95dcbe15d5d4a9ba72313eb2c57223a8d4d1d64c12afb3e19cfd2fec8,9,94198942,0.504493567,1741078677534954,Solana,0.2186610875,SOL,0,2,2025-03-04
cx88fd7df7ddff82f7cc735c871dc519838cb235bb,cx21e94c08c03daee80c25d8ee3ea22a20786ec231,cxa0af3165c08318e988cb30993b3048335b94af6c,0x3c7cdb8b69aaba193,0x020114a95dcbe15d5d4a9ba72313eb2c57223a8d4d1d64c12afb3e19cfd2fec8,8,94198942,69.7375988993205,1741078677534954,Balanced Dollar,0.2186610875,bnUSD,0,2,2025-03-04
cx88fd7df7ddff82f7cc735c871dc519838cb235bb,cxa0af3165c08318e988cb30993b3048335b94af6c,cx5faae53c4dbd1fbe4a2eb4aab6565030f10da5c6,0x174b979a0a2d840,0x020114a95dcbe15d5d4a9ba72313eb2c57223a8d4d1d64c12afb3e19cfd2fec8,6,94198942,0.10491262337357216,1741078677534954,Balanced Dollar,0.2186610875,bnUSD,0,2,2025-03-04
cx88fd7df7ddff82f7cc735c871dc519838cb235bb,cxa0af3165c08318e988cb30993b3048335b94af6c,cx21e94c08c03daee80c25d8ee3ea22a20786ec231,0x3c7cdb8b69aaba193,0x020114a95dcbe15d5d4a9ba72313eb2c57223a8d4d1d64c12afb3e19cfd2fec8,5,94198942,69.7375988993205,1741078677534954,Balanced Dollar,0.2186610875,bnUSD,0,2,2025-03-04
cx2609b924e33ef00b648a409245c7ea394c467824,cx21e94c08c03daee80c25d8ee3ea22a20786ec231,cxa0af3165c08318e988cb30993b3048335b94af6c,0x1acc511695c0ec3b93,0x020114a95dcbe15d5d4a9ba72313eb2c57223a8d4d1d64c12afb3e19cfd2fec8,4,94198942,494.33791940574184,1741078677534954,Staked ICX,0.2186610875,sICX,0,2,2025-03-04
cx2609b924e33ef00b648a409245c7ea394c467824,hx0000000000000000000000000000000000000000,cx21e94c08c03daee80c25d8ee3ea22a20786ec231,0x1acc511695c0ec3b93,0x020114a95dcbe15d5d4a9ba72313eb2c57223a8d4d1d64c12afb3e19cfd2fec8,2,94198942,494.33791940574184,1741078677534954,Staked ICX,0.2186610875,sICX,0,2,2025-03-04
cx88fd7df7ddff82f7cc735c871dc519838cb235bb,cx21e94c08c03daee80c25d8ee3ea22a20786ec231,hx4dc7903504bb800a462378348a42f53742759e0b,0x3c7f605d5a9e2c80f,0xce1df291aceb7d64403db9d45de311106bc1609f728485cb45c2bd8b195a5464,8,94198942,69.74894269418353,1741078677534954,Balanced Dollar,0.1713504875,bnUSD,0,1,2025-03-04
cx88fd7df7ddff82f7cc735c871dc519838cb235bb,cxa0af3165c08318e988cb30993b3048335b94af6c,cx5faae53c4dbd1fbe4a2eb4aab6565030f10da5c6,0x174c8fed684778f,0xce1df291aceb7d64403db9d45de311106bc1609f728485cb45c2bd8b195a5464,6,94198942,0.104929688182618,1741078677534954,Balanced Dollar,0.1713504875,bnUSD,0,1,2025-03-04
cx88fd7df7ddff82f7cc735c871dc519838cb235bb,cxa0af3165c08318e988cb30993b3048335b94af6c,cx21e94c08c03daee80c25d8ee3ea22a20786ec231,0x3c7f605d5a9e2c80f,0xce1df291aceb7d64403db9d45de311106bc1609f728485cb45c2bd8b195a5464,5,94198942,69.74894269418353,1741078677534954,Balanced Dollar,0.1713504875,bnUSD,0,1,2025-03-04
cx2609b924e33ef00b648a409245c7ea394c467824,cx21e94c08c03daee80c25d8ee3ea22a20786ec231,cxa0af3165c08318e988cb30993b3048335b94af6c,0x1acc511695c0ec3b93,0xce1df291aceb7d64403db9d45de311106bc1609f728485cb45c2bd8b195a5464,4,94198942,494.33791940574184,1741078677534954,Staked ICX,0.1713504875,sICX,0,1,2025-03-04
cx2609b924e33ef00b648a409245c7ea394c467824,hx0000000000000000000000000000000000000000,cx21e94c08c03daee80c25d8ee3ea22a20786ec231,0x1acc511695c0ec3b93,0xce1df291aceb7d64403db9d45de311106bc1609f728485cb45c2bd8b195a5464,2,94198942,494.33791940574184,1741078677534954,Staked ICX,0.1713504875,sICX,0,1,2025-03-04
cx7baf94bd53b505353285ee4c4c050f9703581703,hx697a27b17ed5d70c048b3bc00816a81416addaa7,hx0000000000000000000000000000000000000000,0x0,0x8eb4745260b7ca3533e51194c85f058bed41582cdd0a20338f4cfc94bbb7c92d,6,94198929,0.0,1741078651471637,unknown_token,0.06357675,$unknown,10,1,2025-03-04
cx7baf94bd53b505353285ee4c4c050f9703581703,hx697a27b17ed5d70c048b3bc00816a81416addaa7,hx0000000000000000000000000000000000000000,0x0,0x8eb4745260b7ca3533e51194c85f058bed41582cdd0a20338f4cfc94bbb7c92d,5,94198929,0.0,1741078651471637,unknown_token,0.06357675,$unknown,30,1,2025-03-04
cx7baf94bd53b505353285ee4c4c050f9703581703,hx697a27b17ed5d70c048b3bc00816a81416addaa7,hx0000000000000000000000000000000000000000,0x0,0x8eb4745260b7ca3533e51194c85f058bed41582cdd0a20338f4cfc94bbb7c92d,4,94198929,0.0,1741078651471637,unknown_token,0.06357675,$unknown,12,1,2025-03-04
cx53f8ccd5426534f82cf10cb742de033e51da72fc,hx697a27b17ed5d70c048b3bc00816a81416addaa7,hx0000000000000000000000000000000000000000,0x0,0x8eb4745260b7ca3533e51194c85f058bed41582cdd0a20338f4cfc94bbb7c92d,0,94198929,0.0,1741078651471637,unknown_token,0.06357675,$unknown,1,1,2025-03-04
cxfe94530ee0d159db3e5b7dcffbcd0dfb360075c0,hx970eda4988e547df0de8324226fdf3e8ebc9734f,hx0000000000000000000000000000000000000000,0x39bbd811635f0400000,0x63718ded9af98f806ef37244e610c71444c05b656878c8b1d6e3bb94a591a130,0,94198910,17040.0,1741078613401556,Liquid Finance Staked ARCH,0.0461101375,sARCH,0,1,2025-03-04
cx7baf94bd53b505353285ee4c4c050f9703581703,hx2a1699a1c2babf5522023830d5bd7a99dfa3f7ad,hx0000000000000000000000000000000000000000,0x0,0x6ad31069ca8d22e55715081ebb2e813727f63263854690578fe1d389a92148da,6,94198898,0.0,1741078589303746,unknown_token,0.0636908125,$unknown,32,1,2025-03-04
cx7baf94bd53b505353285ee4c4c050f9703581703,hx2a1699a1c2babf5522023830d5bd7a99dfa3f7ad,hx0000000000000000000000000000000000000000,0x0,0x6ad31069ca8d22e55715081ebb2e813727f63263854690578fe1d389a92148da,5,94198898,0.0,1741078589303746,unknown_token,0.0636908125,$unknown,20,1,2025-03-04
cx7baf94bd53b505353285ee4c4c050f9703581703,hx2a1699a1c2babf5522023830d5bd7a99dfa3f7ad,hx0000000000000000000000000000000000000000,0x0,0x6ad31069ca8d22e55715081ebb2e813727f63263854690578fe1d389a92148da,4,94198898,0.0,1741078589303746,unknown_token,0.0636908125,$unknown,16,1,2025-03-04
cx53f8ccd5426534f82cf10cb742de033e51da72fc,hx2a1699a1c2babf5522023830d5bd7a99dfa3f7ad,hx0000000000000000000000000000000000000000,0x0,0x6ad31069ca8d22e55715081ebb2e813727f63263854690578fe1d389a92148da,0,94198898,0.0,1741078589303746,unknown_token,0.0636908125,$unknown,3,1,2025-03-04
cx7baf94bd53b505353285ee4c4c050f9703581703,hx3acfb04fad2dab9ccd43f6ff182fc764842ebf87,hx0000000000000000000000000000000000000000,0x0,0x89abc6857367a3f7e28d1f5a2c7a088f914bfd5aaf1e076e84f132b01078b885,6,94198869,0.0,1741078531462213,unknown_token,0.063844825,$unknown,25,1,2025-03-04
cx7baf94bd53b505353285ee4c4c050f9703581703,hx3acfb04fad2dab9ccd43f6ff182fc764842ebf87,hx0000000000000000000000000000000000000000,0x0,0x89abc6857367a3f7e28d1f5a2c7a088f914bfd5aaf1e076e84f132b01078b885,5,94198869,0.0,1741078531462213,unknown_token,0.063844825,$unknown,12,1,2025-03-04
cx7baf94bd53b505353285ee4c4c050f9703581703,hx3acfb04fad2dab9ccd43f6ff182fc764842ebf87,hx0000000000000000000000000000000000000000,0x0,0x89abc6857367a3f7e28d1f5a2c7a088f914bfd5aaf1e076e84f132b01078b885,4,94198869,0.0,1741078531462213,unknown_token,0.063844825,$unknown,1,1,2025-03-04
cx53f8ccd5426534f82cf10cb742de033e51da72fc,hx3acfb04fad2dab9ccd43f6ff182fc764842ebf87,hx0000000000000000000000000000000000000000,0x0,0x89abc6857367a3f7e28d1f5a2c7a088f914bfd5aaf1e076e84f132b01078b885,0,94198869,0.0,1741078531462213,unknown_token,0.063844825,$unknown,2,1,2025-03-04
cx7baf94bd53b505353285ee4c4c050f9703581703,hxf335c3753f6e38c9797f65881bf052293da718c2,hx0000000000000000000000000000000000000000,0x0,0x247f960bb434cca557a174aed597ec6559bae2b13ea72184494726889aad7336,6,94198851,0.0,1741078495287885,unknown_token,0.063002775,$unknown,1,1,2025-03-04
cx7baf94bd53b505353285ee4c4c050f9703581703,hxf335c3753f6e38c9797f65881bf052293da718c2,hx0000000000000000000000000000000000000000,0x0,0x247f960bb434cca557a174aed597ec6559bae2b13ea72184494726889aad7336,5,94198851,0.0,1741078495287885,unknown_token,0.063002775,$unknown,30,1,2025-03-04
cx7baf94bd53b505353285ee4c4c050f9703581703,hxf335c3753f6e38c9797f65881bf052293da718c2,hx0000000000000000000000000000000000000000,0x0,0x247f960bb434cca557a174aed597ec6559bae2b13ea72184494726889aad7336,4,94198851,0.0,1741078495287885,unknown_token,0.063002775,$unknown,21,1,2025-03-04
cx53f8ccd5426534f82cf10cb742de033e51da72fc,hxf335c3753f6e38c9797f65881bf052293da718c2,hx0000000000000000000000000000000000000000,0x0,0x247f960bb434cca557a174aed597ec6559bae2b13ea72184494726889aad7336,0,94198851,0.0,1741078495287885,unknown_token,0.063002775,$unknown,5,1,2025-03-04
cxfe94530ee0d159db3e5b7dcffbcd0dfb360075c0,cx21e94c08c03daee80c25d8ee3ea22a20786ec231,hx970eda4988e547df0de8324226fdf3e8ebc9734f,0x1d04f40a8af64b4003d,0x37880a5948ea12e4e9b3afccf6a8757d336b9b44e3225111fe7ed227e980b594,5,94198834,8565.0,1741078461257522,Liquid Finance Staked ARCH,0.076644975,sARCH,0,2,2025-03-04
cx88fd7df7ddff82f7cc735c871dc519838cb235bb,cxa0af3165c08318e988cb30993b3048335b94af6c,cx5faae53c4dbd1fbe4a2eb4aab6565030f10da5c6,0x3ac7ca2779bd973,0x37880a5948ea12e4e9b3afccf6a8757d336b9b44e3225111fe7ed227e980b594,3,94198834,0.26472351534126526,1741078461257522,Balanced Dollar,0.076644975,bnUSD,0,2,2025-03-04
cxfe94530ee0d159db3e5b7dcffbcd0dfb360075c0,cxa0af3165c08318e988cb30993b3048335b94af6c,cx21e94c08c03daee80c25d8ee3ea22a20786ec231,0x1d04f40a8af64b4003d,0x37880a5948ea12e4e9b3afccf6a8757d336b9b44e3225111fe7ed227e980b594,2,94198834,8565.0,1741078461257522,Liquid Finance Staked ARCH,0.076644975,sARCH,0,2,2025-03-04
cx88fd7df7ddff82f7cc735c871dc519838cb235bb,cx21e94c08c03daee80c25d8ee3ea22a20786ec231,cxa0af3165c08318e988cb30993b3048335b94af6c,0x9912f3c6cd08646ef,0x37880a5948ea12e4e9b3afccf6a8757d336b9b44e3225111fe7ed227e980b594,1,94198834,176.4823435608435,1741078461257522,Balanced Dollar,0.076644975,bnUSD,0,2,2025-03-04
cx88fd7df7ddff82f7cc735c871dc519838cb235bb,hx970eda4988e547df0de8324226fdf3e8ebc9734f,cx21e94c08c03daee80c25d8ee3ea22a20786ec231,0x9912f3c6cd08646ef,0x37880a5948ea12e4e9b3afccf6a8757d336b9b44e3225111fe7ed227e980b594,0,94198834,176.4823435608435,1741078461257522,Balanced Dollar,0.076644975,bnUSD,0,2,2025-03-04
cx384018e03aa8b739472c7a0645b70df97550e2c2,hx0423317d3a7b75fd2a6cac16df3623755e7938f0,hx0423317d3a7b75fd2a6cac16df3623755e7938f0,0x0,0x4a32caa6f9d2d4c5986906a6556d587a0d34342ba65cab5749dee6c21993615d,0,94198834,0.0,1741078461257522,unknown_token,0.01889825,$unknown,2217,1,2025-03-04
cxd17316e24ee40f2ef8ed6f3a497311db1b35206d,hxdd3f99cb717505a65dc8f891c18518f35f12fb93,hxdd3f99cb717505a65dc8f891c18518f35f12fb93,0x0,0xfb49da726f45473d532e706a167db7785ca58da71669dfea0263810f2ce335fb,0,94198809,0.0,1741078411241732,unknown_token,0.004416575,$unknown,28,2,2025-03-04
cx7baf94bd53b505353285ee4c4c050f9703581703,hx1160bec8c808533e7d0f2d35c48a06e4ec6594ec,hx0000000000000000000000000000000000000000,0x0,0x545446f0cd62b1522eff852fc3838d602fd48f7f9e88b4f89328b4fee282a9e9,6,94198796,0.0,1741078385295932,unknown_token,0.063268375,$unknown,21,1,2025-03-04
cx7baf94bd53b505353285ee4c4c050f9703581703,hx1160bec8c808533e7d0f2d35c48a06e4ec6594ec,hx0000000000000000000000000000000000000000,0x0,0x545446f0cd62b1522eff852fc3838d602fd48f7f9e88b4f89328b4fee282a9e9,5,94198796,0.0,1741078385295932,unknown_token,0.063268375,$unknown,26,1,2025-03-04
cx7baf94bd53b505353285ee4c4c050f9703581703,hx1160bec8c808533e7d0f2d35c48a06e4ec6594ec,hx0000000000000000000000000000000000000000,0x0,0x545446f0cd62b1522eff852fc3838d602fd48f7f9e88b4f89328b4fee282a9e9,4,94198796,0.0,1741078385295932,unknown_token,0.063268375,$unknown,20,1,2025-03-04
cx53f8ccd5426534f82cf10cb742de033e51da72fc,hx1160bec8c808533e7d0f2d35c48a06e4ec6594ec,hx0000000000000000000000000000000000000000,0x0,0x545446f0cd62b1522eff852fc3838d602fd48f7f9e88b4f89328b4fee282a9e9,0,94198796,0.0,1741078385295932,unknown_token,0.063268375,$unknown,1,1,2025-03-04
cxd17316e24ee40f2ef8ed6f3a497311db1b35206d,hxdd3f99cb717505a65dc8f891c18518f35f12fb93,hxdd3f99cb717505a65dc8f891c18518f35f12fb93,0x0,0x23233894975a5fc9ad47b244373a1c4a2c4586a6075000337c183a85ecad6d08,0,94198784,0.0,1741078361225665,unknown_token,0.004416575,$unknown,33,2,2025-03-04
cx7baf94bd53b505353285ee4c4c050f9703581703,hx2aa24e20c2b14a8cbefaca13b1b8b2b31b7923b7,hx0000000000000000000000000000000000000000,0x0,0xd49b3f87363650d16932e8fc938a9c0dd25cc830d7fe283991d8d20dece7eab8,6,94198771,0.0,1741078335286170,unknown_token,0.0640336875,$unknown,12,1,2025-03-04
cx7baf94bd53b505353285ee4c4c050f9703581703,hx2aa24e20c2b14a8cbefaca13b1b8b2b31b7923b7,hx0000000000000000000000000000000000000000,0x0,0xd49b3f87363650d16932e8fc938a9c0dd25cc830d7fe283991d8d20dece7eab8,5,94198771,0.0,1741078335286170,unknown_token,0.0640336875,$unknown,30,1,2025-03-04
cx7baf94bd53b505353285ee4c4c050f9703581703,hx2aa24e20c2b14a8cbefaca13b1b8b2b31b7923b7,hx0000000000000000000000000000000000000000,0x0,0xd49b3f87363650d16932e8fc938a9c0dd25cc830d7fe283991d8d20dece7eab8,4,94198771,0.0,1741078335286170,unknown_token,0.0640336875,$unknown,32,1,2025-03-04
cx53f8ccd5426534f82cf10cb742de033e51da72fc,hx2aa24e20c2b14a8cbefaca13b1b8b2b31b7923b7,hx0000000000000000000000000000000000000000,0x0,0xd49b3f87363650d16932e8fc938a9c0dd25cc830d7fe283991d8d20dece7eab8,0,94198771,0.0,1741078335286170,unknown_token,0.0640336875,$unknown,1,1,2025-03-04
cx3975b43d260fb8ec802cef6e60c2f4d07486f11d,hx1375cacf32b3d47c328cd13753db8af06b22529b,hx0000000000000000000000000000000000000000,0x3389b428fcdf4f14c0,0x83dcbb3058673e68b620a50f563c245a1e9011bec30a3b9f106a67598cf7b9cf,6,94198754,950.7065487047346,1741078301331476,Wrapped ICX,0.0915522625,wICX,0,1,2025-03-04
cx3975b43d260fb8ec802cef6e60c2f4d07486f11d,cx21e94c08c03daee80c25d8ee3ea22a20786ec231,hx1375cacf32b3d47c328cd13753db8af06b22529b,0x3389b428fcdf4f14c0,0x83dcbb3058673e68b620a50f563c245a1e9011bec30a3b9f106a67598cf7b9cf,5,94198754,950.7065487047346,1741078301331476,Wrapped ICX,0.0915522625,wICX,0,1,2025-03-04
cx2609b924e33ef00b648a409245c7ea394c467824,cxa0af3165c08318e988cb30993b3048335b94af6c,cx5faae53c4dbd1fbe4a2eb4aab6565030f10da5c6,0xf0ca9cbda7a3ca9,0x83dcbb3058673e68b620a50f563c245a1e9011bec30a3b9f106a67598cf7b9cf,3,94198754,1.0844283032983462,1741078301331476,Staked ICX,0.0915522625,sICX,0,1,2025-03-04
cx3975b43d260fb8ec802cef6e60c2f4d07486f11d,cxa0af3165c08318e988cb30993b3048335b94af6c,cx21e94c08c03daee80c25d8ee3ea22a20786ec231,0x3389b428fcdf4f14c0,0x83dcbb3058673e68b620a50f563c245a1e9011bec30a3b9f106a67598cf7b9cf,2,94198754,950.7065487047346,1741078301331476,Wrapped ICX,0.0915522625,wICX,0,1,2025-03-04
cx2609b924e33ef00b648a409245c7ea394c467824,cx21e94c08c03daee80c25d8ee3ea22a20786ec231,cxa0af3165c08318e988cb30993b3048335b94af6c,0x2730fa2d88f3a8a47e,0x83dcbb3058673e68b620a50f563c245a1e9011bec30a3b9f106a67598cf7b9cf,1,94198754,722.9522021988975,1741078301331476,Staked ICX,0.0915522625,sICX,0,1,2025-03-04
cx2609b924e33ef00b648a409245c7ea394c467824,hx1375cacf32b3d47c328cd13753db8af06b22529b,cx21e94c08c03daee80c25d8ee3ea22a20786ec231,0x2730fa2d88f3a8a47e,0x83dcbb3058673e68b620a50f563c245a1e9011bec30a3b9f106a67598cf7b9cf,0,94198754,722.9522021988975,1741078301331476,Staked ICX,0.0915522625,sICX,0,1,2025-03-04
cx7baf94bd53b505353285ee4c4c050f9703581703,hx0423317d3a7b75fd2a6cac16df3623755e7938f0,hx0000000000000000000000000000000000000000,0x0,0x6bb7a016a542124394c2a76c25bbd18efcaa2bcb0975557ea7b0522ff0499a85,6,94198749,0.0,1741078291204089,unknown_token,0.0641357125,$unknown,15,1,2025-03-04
cx7baf94bd53b505353285ee4c4c050f9703581703,hx0423317d3a7b75fd2a6cac16df3623755e7938f0,hx0000000000000000000000000000000000000000,0x0,0x6bb7a016a542124394c2a76c25bbd18efcaa2bcb0975557ea7b0522ff0499a85,5,94198749,0.0,1741078291204089,unknown_token,0.0641357125,$unknown,26,1,2025-03-04
cx7baf94bd53b505353285ee4c4c050f9703581703,hx0423317d3a7b75fd2a6cac16df3623755e7938f0,hx0000000000000000000000000000000000000000,0x0,0x6bb7a016a542124394c2a76c25bbd18efcaa2bcb0975557ea7b0522ff0499a85,4,94198749,0.0,1741078291204089,unknown_token,0.0641357125,$unknown,1,1,2025-03-04
cx53f8ccd5426534f82cf10cb742de033e51da72fc,hx0423317d3a7b75fd2a6cac16df3623755e7938f0,hx0000000000000000000000000000000000000000,0x0,0x6bb7a016a542124394c2a76c25bbd18efcaa2bcb0975557ea7b0522ff0499a85,0,94198749,0.0,1741078291204089,unknown_token,0.0641357125,$unknown,2,1,2025-03-04
cxd17316e24ee40f2ef8ed6f3a497311db1b35206d,hxdd3f99cb717505a65dc8f891c18518f35f12fb93,hxdd3f99cb717505a65dc8f891c18518f35f12fb93,0x0,0xc06ec49db25d667d3be28d5bed007e361ad68d6ddcbf3680504ddb881daff2f6,0,94198737,0.0,1741078267344003,unknown_token,0.004416575,$unknown,6,1,2025-03-04
cx7baf94bd53b505353285ee4c4c050f9703581703,hxd3e76d9a9b298d7ad985f2d44e2664359ba7b80e,hx0000000000000000000000000000000000000000,0x0,0xbabe30df54f53fba1d341cd86f05abd45b43c2175c9290e5776492f210a393a5,6,94198727,0.0,1741078247214126,unknown_token,0.063906125,$unknown,20,1,2025-03-04
cx7baf94bd53b505353285ee4c4c050f9703581703,hxd3e76d9a9b298d7ad985f2d44e2664359ba7b80e,hx0000000000000000000000000000000000000000,0x0,0xbabe30df54f53fba1d341cd86f05abd45b43c2175c9290e5776492f210a393a5,5,94198727,0.0,1741078247214126,unknown_token,0.063906125,$unknown,20,1,2025-03-04
cx7baf94bd53b505353285ee4c4c050f9703581703,hxd3e76d9a9b298d7ad985f2d44e2664359ba7b80e,hx0000000000000000000000000000000000000000,0x0,0xbabe30df54f53fba1d341cd86f05abd45b43c2175c9290e5776492f210a393a5,4,94198727,0.0,1741078247214126,unknown_token,0.063906125,$unknown,20,1,2025-03-04
cx53f8ccd5426534f82cf10cb742de033e51da72fc,hxd3e76d9a9b298d7ad985f2d44e2664359ba7b80e,hx0000000000000000000000000000000000000000,0x0,0xbabe30df54f53fba1d341cd86f05abd45b43c2175c9290e5776492f210a393a5,0,94198727,0.0,1741078247214126,unknown_token,0.063906125,$unknown,1,1,2025-03-04
cxd17316e24ee40f2ef8ed6f3a497311db1b35206d,hxdd3f99cb717505a65dc8f891c18518f35f12fb93,hxdd3f99cb717505a65dc8f891c18518f35f12fb93,0x0,0xf5b4c5e5fd77719b36741f912552f8cf39ac5caa53a2f2086cae72fc0754e224,0,94198717,0.0,1741078227390716,unknown_token,0.0043601375,$unknown,5,1,2025-03-04
cx88fd7df7ddff82f7cc735c871dc519838cb235bb,cx21e94c08c03daee80c25d8ee3ea22a20786ec231,hx2debd9ec927cca1639da8d3518dd9dbf1cdfb357,0xf4dcd32e2b682022d,0x8c87d6daa654e6ea4e5dd25ba81761f5c11ff050dcf4d48f1081742f17431ab7,5,94198707,282.30735416609537,1741078207330136,Balanced Dollar,0.1127019125,bnUSD,0,1,2025-03-04
cx88fd7df7ddff82f7cc735c871dc519838cb235bb,cxa0af3165c08318e988cb30993b3048335b94af6c,cx5faae53c4dbd1fbe4a2eb4aab6565030f10da5c6,0x5e4773d8ecf061e,0x8c87d6daa654e6ea4e5dd25ba81761f5c11ff050dcf4d48f1081742f17431ab7,3,94198707,0.42459537115231183,1741078207330136,Balanced Dollar,0.1127019125,bnUSD,0,1,2025-03-04
cx88fd7df7ddff82f7cc735c871dc519838cb235bb,cxa0af3165c08318e988cb30993b3048335b94af6c,cx21e94c08c03daee80c25d8ee3ea22a20786ec231,0xf4dcd32e2b682022d,0x8c87d6daa654e6ea4e5dd25ba81761f5c11ff050dcf4d48f1081742f17431ab7,2,94198707,282.30735416609537,1741078207330136,Balanced Dollar,0.1127019125,bnUSD,0,1,2025-03-04
cx2609b924e33ef00b648a409245c7ea394c467824,cx21e94c08c03daee80c25d8ee3ea22a20786ec231,cxa0af3165c08318e988cb30993b3048335b94af6c,0x6c6b935b8bbd400000,0x8c87d6daa654e6ea4e5dd25ba81761f5c11ff050dcf4d48f1081742f17431ab7,1,94198707,2000.0,1741078207330136,Staked ICX,0.1127019125,sICX,0,1,2025-03-04
cx2609b924e33ef00b648a409245c7ea394c467824,hx2debd9ec927cca1639da8d3518dd9dbf1cdfb357,cx21e94c08c03daee80c25d8ee3ea22a20786ec231,0x6c6b935b8bbd400000,0x8c87d6daa654e6ea4e5dd25ba81761f5c11ff050dcf4d48f1081742f17431ab7,0,94198707,2000.0,1741078207330136,Staked ICX,0.1127019125,sICX,0,1,2025-03-04
cx88fd7df7ddff82f7cc735c871dc519838cb235bb,cxa0af3165c08318e988cb30993b3048335b94af6c,cx5faae53c4dbd1fbe4a2eb4aab6565030f10da5c6,0xebdff843a87524,0xd4d292c332f0c6411f491b88874e9a2b1eb14729c0fb24a6b0fc4fbb5b96eaee,2,94198704,0.06639287690700113,1741078201296119,Balanced Dollar,0.0569443375,bnUSD,0,1,2025-03-04
cx88fd7df7ddff82f7cc735c871dc519838cb235bb,cxa0af3165c08318e988cb30993b3048335b94af6c,hxd75467e3e4ce64e3424c747dfb71503017440433,0x2648fa27b5cd9418c,0xd4d292c332f0c6411f491b88874e9a2b1eb14729c0fb24a6b0fc4fbb5b96eaee,1,94198704,44.13967712360394,1741078201296119,Balanced Dollar,0.0569443375,bnUSD,0,1,2025-03-04
cx4297f4b63262507623b6ad575d0d8dd2db980e4e,hxd75467e3e4ce64e3424c747dfb71503017440433,cxa0af3165c08318e988cb30993b3048335b94af6c,0x3782dace9d900000,0xd4d292c332f0c6411f491b88874e9a2b1eb14729c0fb24a6b0fc4fbb5b96eaee,0,94198704,4.0,1741078201296119,Injective,0.0569443375,INJ,0,1,2025-03-04
cx88fd7df7ddff82f7cc735c871dc519838cb235bb,cx21e94c08c03daee80c25d8ee3ea22a20786ec231,hx2debd9ec927cca1639da8d3518dd9dbf1cdfb357,0x15c7fe2dbef4e9c721,0xbe3441b713afb5a5b0fd64907a641d39dc482da6221ffe315241eb0d842a24b5,5,94198703,401.79263170370876,1741078199183577,Balanced Dollar,0.0883172375,bnUSD,0,1,2025-03-04
cx88fd7df7ddff82f7cc735c871dc519838cb235bb,cxa0af3165c08318e988cb30993b3048335b94af6c,cx5faae53c4dbd1fbe4a2eb4aab6565030f10da5c6,0x86016a6187a6f93,0xbe3441b713afb5a5b0fd64907a641d39dc482da6221ffe315241eb0d842a24b5,3,94198703,0.6035072526987059,1741078199183577,Balanced Dollar,0.0883172375,bnUSD,0,1,2025-03-04
cx88fd7df7ddff82f7cc735c871dc519838cb235bb,cxa0af3165c08318e988cb30993b3048335b94af6c,cx21e94c08c03daee80c25d8ee3ea22a20786ec231,0x15c7fe2dbef4e9c721,0xbe3441b713afb5a5b0fd64907a641d39dc482da6221ffe315241eb0d842a24b5,2,94198703,401.79263170370876,1741078199183577,Balanced Dollar,0.0883172375,bnUSD,0,1,2025-03-04
cx66a031cc3bd305c76371fb586e93801b948254f0,cx21e94c08c03daee80c25d8ee3ea22a20786ec231,cxa0af3165c08318e988cb30993b3048335b94af6c,0x1158e460913d00000,0xbe3441b713afb5a5b0fd64907a641d39dc482da6221ffe315241eb0d842a24b5,1,94198703,20.0,1741078199183577,Avalanche,0.0883172375,AVAX,0,1,2025-03-04
cx66a031cc3bd305c76371fb586e93801b948254f0,hx2debd9ec927cca1639da8d3518dd9dbf1cdfb357,cx21e94c08c03daee80c25d8ee3ea22a20786ec231,0x1158e460913d00000,0xbe3441b713afb5a5b0fd64907a641d39dc482da6221ffe315241eb0d842a24b5,0,94198703,20.0,1741078199183577,Avalanche,0.0883172375,AVAX,0,1,2025-03-04
cx7baf94bd53b505353285ee4c4c050f9703581703,hx16c5df937a778038f4da3f9956bc29b8eb26d096,hx0000000000000000000000000000000000000000,0x0,0x78332ff0b7d752dea4d251d98dd156eda73d2421d9a7c8ecf3cc7c79fe6cd266,6,94198697,0.0,1741078187159953,unknown_token,0.06400315,$unknown,16,1,2025-03-04
cx7baf94bd53b505353285ee4c4c050f9703581703,hx16c5df937a778038f4da3f9956bc29b8eb26d096,hx0000000000000000000000000000000000000000,0x0,0x78332ff0b7d752dea4d251d98dd156eda73d2421d9a7c8ecf3cc7c79fe6cd266,5,94198697,0.0,1741078187159953,unknown_token,0.06400315,$unknown,11,1,2025-03-04
cx7baf94bd53b505353285ee4c4c050f9703581703,hx16c5df937a778038f4da3f9956bc29b8eb26d096,hx0000000000000000000000000000000000000000,0x0,0x78332ff0b7d752dea4d251d98dd156eda73d2421d9a7c8ecf3cc7c79fe6cd266,4,94198697,0.0,1741078187159953,unknown_token,0.06400315,$unknown,31,1,2025-03-04
cx53f8ccd5426534f82cf10cb742de033e51da72fc,hx16c5df937a778038f4da3f9956bc29b8eb26d096,hx0000000000000000000000000000000000000000,0x0,0x78332ff0b7d752dea4d251d98dd156eda73d2421d9a7c8ecf3cc7c79fe6cd266,0,94198697,0.0,1741078187159953,unknown_token,0.06400315,$unknown,5,1,2025-03-04
cx88fd7df7ddff82f7cc735c871dc519838cb235bb,cxa0af3165c08318e988cb30993b3048335b94af6c,cx5faae53c4dbd1fbe4a2eb4aab6565030f10da5c6,0xebfccf530d3620,0xe1bd981ddec6497d0266f4799ff9a929df4ea158be14d37d2dd4a2c401f96b36,2,94198694,0.06642458690880873,1741078181339982,Balanced Dollar,0.0569443375,bnUSD,0,1,2025-03-04
cx88fd7df7ddff82f7cc735c871dc519838cb235bb,cxa0af3165c08318e988cb30993b3048335b94af6c,hxd75467e3e4ce64e3424c747dfb71503017440433,0x264da8a650ea3d458,0xe1bd981ddec6497d0266f4799ff9a929df4ea158be14d37d2dd4a2c401f96b36,1,94198694,44.16076126277677,1741078181339982,Balanced Dollar,0.0569443375,bnUSD,0,1,2025-03-04
cx4297f4b63262507623b6ad575d0d8dd2db980e4e,hxd75467e3e4ce64e3424c747dfb71503017440433,cxa0af3165c08318e988cb30993b3048335b94af6c,0x3782dace9d900000,0xe1bd981ddec6497d0266f4799ff9a929df4ea158be14d37d2dd4a2c401f96b36,0,94198694,4.0,1741078181339982,Injective,0.0569443375,INJ,0,1,2025-03-04
cx88fd7df7ddff82f7cc735c871dc519838cb235bb,cx21e94c08c03daee80c25d8ee3ea22a20786ec231,hx2debd9ec927cca1639da8d3518dd9dbf1cdfb357,0x13e9af0b59aa94e3c8,0xafed57edd50616d20aa08d83d64c72a5aed18631b7c7f51e753aa02cfb7f1fc5,5,94198689,367.32682741198494,1741078171387549,Balanced Dollar,0.078689275,bnUSD,0,1,2025-03-04
cx88fd7df7ddff82f7cc735c871dc519838cb235bb,cxa0af3165c08318e988cb30993b3048335b94af6c,cx5faae53c4dbd1fbe4a2eb4aab6565030f10da5c6,0x7a83c4f45e3eaa5,0xafed57edd50616d20aa08d83d64c72a5aed18631b7c7f51e753aa02cfb7f1fc5,3,94198689,0.5517572655255334,1741078171387549,Balanced Dollar,0.078689275,bnUSD,0,1,2025-03-04
cx88fd7df7ddff82f7cc735c871dc519838cb235bb,cxa0af3165c08318e988cb30993b3048335b94af6c,cx21e94c08c03daee80c25d8ee3ea22a20786ec231,0x13e9af0b59aa94e3c8,0xafed57edd50616d20aa08d83d64c72a5aed18631b7c7f51e753aa02cfb7f1fc5,2,94198689,367.32682741198494,1741078171387549,Balanced Dollar,0.078689275,bnUSD,0,1,2025-03-04
cx508002ec116fbf3ab406329c0df28e70d7e75fb3,cx21e94c08c03daee80c25d8ee3ea22a20786ec231,cxa0af3165c08318e988cb30993b3048335b94af6c,0x22ecb25c00,0xafed57edd50616d20aa08d83d64c72a5aed18631b7c7f51e753aa02cfb7f1fc5,1,94198689,150.0,1741078171387549,Sui,0.078689275,SUI,0,1,2025-03-04
cx508002ec116fbf3ab406329c0df28e70d7e75fb3,hx2debd9ec927cca1639da8d3518dd9dbf1cdfb357,cx21e94c08c03daee80c25d8ee3ea22a20786ec231,0x22ecb25c00,0xafed57edd50616d20aa08d83d64c72a5aed18631b7c7f51e753aa02cfb7f1fc5,0,94198689,150.0,1741078171387549,Sui,0.078689275,SUI,0,1,2025-03-04
cx88fd7df7ddff82f7cc735c871dc519838cb235bb,cxa0af3165c08318e988cb30993b3048335b94af6c,cx5faae53c4dbd1fbe4a2eb4aab6565030f10da5c6,0xec19abad2e8635,0xe274710624924b5642071399314ba9f9dfa5f4b1dc16afe794e5fae4fa9adc6e,2,94198681,0.06645631963932422,1741078155151185,Balanced Dollar,0.0569443375,bnUSD,0,1,2025-03-04
cx88fd7df7ddff82f7cc735c871dc519838cb235bb,cxa0af3165c08318e988cb30993b3048335b94af6c,hxd75467e3e4ce64e3424c747dfb71503017440433,0x26525800dcf55231b,0xe274710624924b5642071399314ba9f9dfa5f4b1dc16afe794e5fae4fa9adc6e,1,94198681,44.18186051618951,1741078155151185,Balanced Dollar,0.0569443375,bnUSD,0,1,2025-03-04
cx4297f4b63262507623b6ad575d0d8dd2db980e4e,hxd75467e3e4ce64e3424c747dfb71503017440433,cxa0af3165c08318e988cb30993b3048335b94af6c,0x3782dace9d900000,0xe274710624924b5642071399314ba9f9dfa5f4b1dc16afe794e5fae4fa9adc6e,0,94198681,4.0,1741078155151185,Injective,0.0569443375,INJ,0,1,2025-03-04
cx2609b924e33ef00b648a409245c7ea394c467824,cx553b05df18e9d7c00d8bf4675e579cbbb23c4b30,hx1375cacf32b3d47c328cd13753db8af06b22529b,0x2730fa2d88f3a8a47e,0xf2c6fae9b058fd3fb602d4b3b7dc86ecd18cae29a811007fcff87b9d6f3862e6,3,94198678,722.9522021988975,1741078149184871,Staked ICX,0.1128187125,sICX,0,1,2025-03-04
cx2609b924e33ef00b648a409245c7ea394c467824,cx553b05df18e9d7c00d8bf4675e579cbbb23c4b30,cx48a83a6fbdaa205a060514fd23ad6871c070f896,0x10d1ae52b1ade8a0d2,0xf2c6fae9b058fd3fb602d4b3b7dc86ecd18cae29a811007fcff87b9d6f3862e6,0,94198678,310.2570099023078,1741078149184871,Staked ICX,0.1128187125,sICX,0,1,2025-03-04
cx7baf94bd53b505353285ee4c4c050f9703581703,hx975c78fcdbed11a74cbf03504416f22791cdfc1a,hx0000000000000000000000000000000000000000,0x0,0x6aee12dd3dd1e24b69d4f884c1f5cf6a0d111ba244984946bfff1e3a707e21da,6,94198672,0.0,1741078137147929,unknown_token,0.0643648625,$unknown,1,1,2025-03-04
cx7baf94bd53b505353285ee4c4c050f9703581703,hx975c78fcdbed11a74cbf03504416f22791cdfc1a,hx0000000000000000000000000000000000000000,0x0,0x6aee12dd3dd1e24b69d4f884c1f5cf6a0d111ba244984946bfff1e3a707e21da,5,94198672,0.0,1741078137147929,unknown_token,0.0643648625,$unknown,26,1,2025-03-04
cx7baf94bd53b505353285ee4c4c050f9703581703,hx975c78fcdbed11a74cbf03504416f22791cdfc1a,hx0000000000000000000000000000000000000000,0x0,0x6aee12dd3dd1e24b69d4f884c1f5cf6a0d111ba244984946bfff1e3a707e21da,4,94198672,0.0,1741078137147929,unknown_token,0.0643648625,$unknown,11,1,2025-03-04
cx53f8ccd5426534f82cf10cb742de033e51da72fc,hx975c78fcdbed11a74cbf03504416f22791cdfc1a,hx0000000000000000000000000000000000000000,0x0,0x6aee12dd3dd1e24b69d4f884c1f5cf6a0d111ba244984946bfff1e3a707e21da,0,94198672,0.0,1741078137147929,unknown_token,0.0643648625,$unknown,3,1,2025-03-04
cx88fd7df7ddff82f7cc735c871dc519838cb235bb,cxa0af3165c08318e988cb30993b3048335b94af6c,cx5faae53c4dbd1fbe4a2eb4aab6565030f10da5c6,0xec368d5357f652,0x6c564ea7bf1d49692c11d79b14dcf38c5efb1496cc01f5f4caad49bbfce975af,2,94198668,0.06648807512027707,1741078129179113,Balanced Dollar,0.0569443375,bnUSD,0,1,2025-03-04
cx88fd7df7ddff82f7cc735c871dc519838cb235bb,cxa0af3165c08318e988cb30993b3048335b94af6c,hxd75467e3e4ce64e3424c747dfb71503017440433,0x265708378fc4dedd2,0x6c564ea7bf1d49692c11d79b14dcf38c5efb1496cc01f5f4caad49bbfce975af,1,94198668,44.2029748982937,1741078129179113,Balanced Dollar,0.0569443375,bnUSD,0,1,2025-03-04
cx4297f4b63262507623b6ad575d0d8dd2db980e4e,hxd75467e3e4ce64e3424c747dfb71503017440433,cxa0af3165c08318e988cb30993b3048335b94af6c,0x3782dace9d900000,0x6c564ea7bf1d49692c11d79b14dcf38c5efb1496cc01f5f4caad49bbfce975af,0,94198668,4.0,1741078129179113,Injective,0.0569443375,INJ,0,1,2025-03-04
cx88fd7df7ddff82f7cc735c871dc519838cb235bb,cxa0af3165c08318e988cb30993b3048335b94af6c,hx4dc7903504bb800a462378348a42f53742759e0b,0x1531cec2498b276,0xef51c4a3abaf0a7120951733271c990def1a4e4960d53f8677770c5539c56a7f,3,94198663,0.0954518176567589,1741078119152265,Balanced Dollar,0.0347549,bnUSD,0,3,2025-03-04
cx2d552c485ec8bcaa75aac02424e2aca6ffdb2f1b,hx4dc7903504bb800a462378348a42f53742759e0b,cxa0af3165c08318e988cb30993b3048335b94af6c,0xcc4c858cc1a978,0xd7dbb18b3a6830987363591459fd1c4b5703a33a66e76950d3fd34a0e4720312,0,94198663,0.05750503172483724,1741078119152265,Binance Coin,0.02160545,BNB,0,2,2025-03-04
cx88fd7df7ddff82f7cc735c871dc519838cb235bb,hx4dc7903504bb800a462378348a42f53742759e0b,cxa0af3165c08318e988cb30993b3048335b94af6c,0x1c54f3620b905a000,0x8c1c30a54ecc87caee69706ed0698b4a0e45df5201a4c6ab4a36089215fbdb65,0,94198663,32.664386136512505,1741078119152265,Balanced Dollar,0.02221895,bnUSD,0,1,2025-03-04
cxd17316e24ee40f2ef8ed6f3a497311db1b35206d,hxdd3f99cb717505a65dc8f891c18518f35f12fb93,hxdd3f99cb717505a65dc8f891c18518f35f12fb93,0x0,0x38ae56c8072f7ecdc68a6659dcb8ceb5172071304088feb673ea3c70169be001,0,94198661,0.0,1741078115269827,unknown_token,0.0043642625,$unknown,34,3,2025-03-04
cx2d552c485ec8bcaa75aac02424e2aca6ffdb2f1b,cx21e94c08c03daee80c25d8ee3ea22a20786ec231,hx4dc7903504bb800a462378348a42f53742759e0b,0xcc66add57ba535,0x5114b97baff5c66ca8c44f40844899079f51095f590dc7962f3e1886a99248cf,12,94198661,0.05753379204599941,1741078115269827,Binance Coin,0.228862025,BNB,0,2,2025-03-04
cx88fd7df7ddff82f7cc735c871dc519838cb235bb,cxa0af3165c08318e988cb30993b3048335b94af6c,cx5faae53c4dbd1fbe4a2eb4aab6565030f10da5c6,0xae25066fc4f7ea,0x5114b97baff5c66ca8c44f40844899079f51095f590dc7962f3e1886a99248cf,10,94198661,0.04901735552286513,1741078115269827,Balanced Dollar,0.228862025,bnUSD,0,2,2025-03-04
cx2d552c485ec8bcaa75aac02424e2aca6ffdb2f1b,cxa0af3165c08318e988cb30993b3048335b94af6c,cx21e94c08c03daee80c25d8ee3ea22a20786ec231,0xcc66add57ba535,0x5114b97baff5c66ca8c44f40844899079f51095f590dc7962f3e1886a99248cf,9,94198661,0.05753379204599941,1741078115269827,Binance Coin,0.228862025,BNB,0,2,2025-03-04
cx88fd7df7ddff82f7cc735c871dc519838cb235bb,cx21e94c08c03daee80c25d8ee3ea22a20786ec231,cxa0af3165c08318e988cb30993b3048335b94af6c,0x1c5806b6dbb9af1b8,0x5114b97baff5c66ca8c44f40844899079f51095f590dc7962f3e1886a99248cf,8,94198661,32.67823701524342,1741078115269827,Balanced Dollar,0.228862025,bnUSD,0,2,2025-03-04
cx88fd7df7ddff82f7cc735c871dc519838cb235bb,cxa0af3165c08318e988cb30993b3048335b94af6c,cx5faae53c4dbd1fbe4a2eb4aab6565030f10da5c6,0xaea9775d47344e,0x5114b97baff5c66ca8c44f40844899079f51095f590dc7962f3e1886a99248cf,6,94198661,0.049162976078804044,1741078115269827,Balanced Dollar,0.228862025,bnUSD,0,2,2025-03-04
cx88fd7df7ddff82f7cc735c871dc519838cb235bb,cxa0af3165c08318e988cb30993b3048335b94af6c,cx21e94c08c03daee80c25d8ee3ea22a20786ec231,0x1c5806b6dbb9af1b8,0x5114b97baff5c66ca8c44f40844899079f51095f590dc7962f3e1886a99248cf,5,94198661,32.67823701524342,1741078115269827,Balanced Dollar,0.228862025,bnUSD,0,2,2025-03-04
cx2609b924e33ef00b648a409245c7ea394c467824,cx21e94c08c03daee80c25d8ee3ea22a20786ec231,cxa0af3165c08318e988cb30993b3048335b94af6c,0xc8ba5035e000d25e9,0x5114b97baff5c66ca8c44f40844899079f51095f590dc7962f3e1886a99248cf,4,94198661,231.42338152920652,1741078115269827,Staked ICX,0.228862025,sICX,0,2,2025-03-04
cx2609b924e33ef00b648a409245c7ea394c467824,hx0000000000000000000000000000000000000000,cx21e94c08c03daee80c25d8ee3ea22a20786ec231,0xc8ba5035e000d25e9,0x5114b97baff5c66ca8c44f40844899079f51095f590dc7962f3e1886a99248cf,2,94198661,231.42338152920652,1741078115269827,Staked ICX,0.228862025,sICX,0,2,2025-03-04
cx88fd7df7ddff82f7cc735c871dc519838cb235bb,cx21e94c08c03daee80c25d8ee3ea22a20786ec231,hx4dc7903504bb800a462378348a42f53742759e0b,0x1c589439a057abd0c,0x90db665fb781b4bb605ea9f40841bd9bed3f9119c7dc1a0c771955a0e1c85ba0,8,94198661,32.68072649978667,1741078115269827,Balanced Dollar,0.1713693,bnUSD,0,1,2025-03-04
cx88fd7df7ddff82f7cc735c871dc519838cb235bb,cxa0af3165c08318e988cb30993b3048335b94af6c,cx5faae53c4dbd1fbe4a2eb4aab6565030f10da5c6,0xaeacdf5f83b669,0x90db665fb781b4bb605ea9f40841bd9bed3f9119c7dc1a0c771955a0e1c85ba0,6,94198661,0.04916672132780606,1741078115269827,Balanced Dollar,0.1713693,bnUSD,0,1,2025-03-04
cx88fd7df7ddff82f7cc735c871dc519838cb235bb,cxa0af3165c08318e988cb30993b3048335b94af6c,cx21e94c08c03daee80c25d8ee3ea22a20786ec231,0x1c589439a057abd0c,0x90db665fb781b4bb605ea9f40841bd9bed3f9119c7dc1a0c771955a0e1c85ba0,5,94198661,32.68072649978667,1741078115269827,Balanced Dollar,0.1713693,bnUSD,0,1,2025-03-04
cx2609b924e33ef00b648a409245c7ea394c467824,cx21e94c08c03daee80c25d8ee3ea22a20786ec231,cxa0af3165c08318e988cb30993b3048335b94af6c,0xc8ba5035e000d25e9,0x90db665fb781b4bb605ea9f40841bd9bed3f9119c7dc1a0c771955a0e1c85ba0,4,94198661,231.42338152920652,1741078115269827,Staked ICX,0.1713693,sICX,0,1,2025-03-04
cx2609b924e33ef00b648a409245c7ea394c467824,hx0000000000000000000000000000000000000000,cx21e94c08c03daee80c25d8ee3ea22a20786ec231,0xc8ba5035e000d25e9,0x90db665fb781b4bb605ea9f40841bd9bed3f9119c7dc1a0c771955a0e1c85ba0,2,94198661,231.42338152920652,1741078115269827,Staked ICX,0.1713693,sICX,0,1,2025-03-04
cx88fd7df7ddff82f7cc735c871dc519838cb235bb,cx203d9cd2a669be67177e997b8948ce2c35caffae,cx835b300dcfe01f0bdb794e134a0c5628384f4367,0xe7452add40613302,0xe98ec8b8b8924fc4190ad46a01b43555d969d8949e39c6176b4544a5fd43cb86,6,94198628,16.66477312591064,1741078049141004,Balanced Dollar,0.099078675,bnUSD,0,1,2025-03-04
cx88fd7df7ddff82f7cc735c871dc519838cb235bb,cx5faae53c4dbd1fbe4a2eb4aab6565030f10da5c6,cx203d9cd2a669be67177e997b8948ce2c35caffae,0x14a62cf85376648df,0xe98ec8b8b8924fc4190ad46a01b43555d969d8949e39c6176b4544a5fd43cb86,4,94198628,23.806818751300913,1741078049141004,Balanced Dollar,0.099078675,bnUSD,0,1,2025-03-04
cx88fd7df7ddff82f7cc735c871dc519838cb235bb,cx5faae53c4dbd1fbe4a2eb4aab6565030f10da5c6,cxdc30a0d3a1f131565c071272a20bc0b06fd4c17b,0x14a62cf85376648df,0xe98ec8b8b8924fc4190ad46a01b43555d969d8949e39c6176b4544a5fd43cb86,3,94198628,23.806818751300913,1741078049141004,Balanced Dollar,0.099078675,bnUSD,0,1,2025-03-04
cx88fd7df7ddff82f7cc735c871dc519838cb235bb,cxa0af3165c08318e988cb30993b3048335b94af6c,cx5faae53c4dbd1fbe4a2eb4aab6565030f10da5c6,0xec537446d57cdc,0xe98ec8b8b8924fc4190ad46a01b43555d969d8949e39c6176b4544a5fd43cb86,2,94198628,0.06651985337342281,1741078049141004,Balanced Dollar,0.099078675,bnUSD,0,1,2025-03-04
cx88fd7df7ddff82f7cc735c871dc519838cb235bb,cxa0af3165c08318e988cb30993b3048335b94af6c,hxd75467e3e4ce64e3424c747dfb71503017440433,0x265bb94a9f3f697bd,0xe98ec8b8b8924fc4190ad46a01b43555d969d8949e39c6176b4544a5fd43cb86,1,94198628,44.224104423558124,1741078049141004,Balanced Dollar,0.099078675,bnUSD,0,1,2025-03-04
cx4297f4b63262507623b6ad575d0d8dd2db980e4e,hxd75467e3e4ce64e3424c747dfb71503017440433,cxa0af3165c08318e988cb30993b3048335b94af6c,0x3782dace9d900000,0xe98ec8b8b8924fc4190ad46a01b43555d969d8949e39c6176b4544a5fd43cb86,0,94198628,4.0,1741078049141004,Injective,0.099078675,INJ,0,1,2025-03-04
cx7baf94bd53b505353285ee4c4c050f9703581703,hxa20345ae286358bbef89abf1857927912f0d1fad,hx0000000000000000000000000000000000000000,0x0,0xabf7d9a8644fed057c36e0c824b7f915414a64c8f627cbb91536cfc62a942284,6,94198613,0.0,1741078019140385,unknown_token,0.0646234375,$unknown,21,1,2025-03-04
cx7baf94bd53b505353285ee4c4c050f9703581703,hxa20345ae286358bbef89abf1857927912f0d1fad,hx0000000000000000000000000000000000000000,0x0,0xabf7d9a8644fed057c36e0c824b7f915414a64c8f627cbb91536cfc62a942284,5,94198613,0.0,1741078019140385,unknown_token,0.0646234375,$unknown,20,1,2025-03-04
cx7baf94bd53b505353285ee4c4c050f9703581703,hxa20345ae286358bbef89abf1857927912f0d1fad,hx0000000000000000000000000000000000000000,0x0,0xabf7d9a8644fed057c36e0c824b7f915414a64c8f627cbb91536cfc62a942284,4,94198613,0.0,1741078019140385,unknown_token,0.0646234375,$unknown,26,1,2025-03-04
cx53f8ccd5426534f82cf10cb742de033e51da72fc,hxa20345ae286358bbef89abf1857927912f0d1fad,hx0000000000000000000000000000000000000000,0x0,0xabf7d9a8644fed057c36e0c824b7f915414a64c8f627cbb91536cfc62a942284,0,94198613,0.0,1741078019140385,unknown_token,0.0646234375,$unknown,3,1,2025-03-04
cx88fd7df7ddff82f7cc735c871dc519838cb235bb,cxa0af3165c08318e988cb30993b3048335b94af6c,cx5faae53c4dbd1fbe4a2eb4aab6565030f10da5c6,0xec706088f375d7,0xc058cfa0ab71c1023b23a6216ff121f618d8c4a7e44110ebcf00e5e85c93c092,2,94198603,0.06655165442054294,1741077999118317,Balanced Dollar,0.05694565,bnUSD,0,1,2025-03-04
cx88fd7df7ddff82f7cc735c871dc519838cb235bb,cxa0af3165c08318e988cb30993b3048335b94af6c,hxd75467e3e4ce64e3424c747dfb71503017440433,0x26606b3a415bf8831,0xc058cfa0ab71c1023b23a6216ff121f618d8c4a7e44110ebcf00e5e85c93c092,1,94198603,44.2452491064689,1741077999118317,Balanced Dollar,0.05694565,bnUSD,0,1,2025-03-04
cx4297f4b63262507623b6ad575d0d8dd2db980e4e,hxd75467e3e4ce64e3424c747dfb71503017440433,cxa0af3165c08318e988cb30993b3048335b94af6c,0x3782dace9d900000,0xc058cfa0ab71c1023b23a6216ff121f618d8c4a7e44110ebcf00e5e85c93c092,0,94198603,4.0,1741077999118317,Injective,0.05694565,INJ,0,1,2025-03-04
cx88fd7df7ddff82f7cc735c871dc519838cb235bb,cxa0af3165c08318e988cb30993b3048335b94af6c,cx5faae53c4dbd1fbe4a2eb4aab6565030f10da5c6,0x1ae3b30f5e134c4,0xa8a017bc88aa030d47cfec1521aea175090328d8a3f2fe4bbd242c9280c1cd33,2,94198597,0.1210993214552281,1741077987105429,Balanced Dollar,0.056911275,bnUSD,0,1,2025-03-04
cx88fd7df7ddff82f7cc735c871dc519838cb235bb,cxa0af3165c08318e988cb30993b3048335b94af6c,hxd75467e3e4ce64e3424c747dfb71503017440433,0x45d66b0d40bbe681f,0xa8a017bc88aa030d47cfec1521aea175090328d8a3f2fe4bbd242c9280c1cd33,1,94198597,80.51723741276658,1741077987105429,Balanced Dollar,0.056911275,bnUSD,0,1,2025-03-04
cx66a031cc3bd305c76371fb586e93801b948254f0,hxd75467e3e4ce64e3424c747dfb71503017440433,cxa0af3165c08318e988cb30993b3048335b94af6c,0x3782dace9d900000,0xa8a017bc88aa030d47cfec1521aea175090328d8a3f2fe4bbd242c9280c1cd33,0,94198597,4.0,1741077987105429,Avalanche,0.056911275,AVAX,0,1,2025-03-04
cxb8cf9a4700e0c804b780978bf9d9de759c62e787,hx0000000000000000000000000000000000000000,cx66d4d90f5f113eba575bf793570135f9b10cece1,0x12d997900,0x0081b9fe4e83b733c89128fdbdb2932e784c6f59ef714233c38d472b459e4e95,1,94198546,5.06,1741077885153893,Mirai Staked SUI,0.036655925,mSUI,0,1,2025-03-04
cx2609b924e33ef00b648a409245c7ea394c467824,cxa0af3165c08318e988cb30993b3048335b94af6c,hx49a0680c5cb2ab22667950e9c6053b4378b91115,0x1,0xbf4a3b191b97a46feddceb8b46672c44260b426fe595374b7b6c098e92cb37b3,3,94198536,1e-18,1741077865197098,Staked ICX,0.04376275,sICX,0,1,2025-03-04
cx2609b924e33ef00b648a409245c7ea394c467824,hx49a0680c5cb2ab22667950e9c6053b4378b91115,cxa0af3165c08318e988cb30993b3048335b94af6c,0x4205e51f77b30d9bbe1,0x30914d87528252f7227944d7ee1c8daa85b10d3ac14ed38daebc3840906ab755,0,94198532,19486.558227258436,1741077857225889,Staked ICX,0.0312108625,sICX,0,1,2025-03-04
cx3975b43d260fb8ec802cef6e60c2f4d07486f11d,hx49a0680c5cb2ab22667950e9c6053b4378b91115,cxa0af3165c08318e988cb30993b3048335b94af6c,0x571ac0911b16d07da1f,0xeff46ba8f36e6a6ccd212ceb21f724bee93e3ad5c7ccf24b2e3d879ed6a547a2,1,94198531,25708.710953580456,1741077855386400,Wrapped ICX,0.0165812125,wICX,0,1,2025-03-04
cx3975b43d260fb8ec802cef6e60c2f4d07486f11d,hx0000000000000000000000000000000000000000,hx49a0680c5cb2ab22667950e9c6053b4378b91115,0x571ac0911b16d07da1f,0xeff46ba8f36e6a6ccd212ceb21f724bee93e3ad5c7ccf24b2e3d879ed6a547a2,0,94198531,25708.710953580456,1741077855386400,Wrapped ICX,0.0165812125,wICX,0,1,2025-03-04
cx2609b924e33ef00b648a409245c7ea394c467824,cx21e94c08c03daee80c25d8ee3ea22a20786ec231,hx49a0680c5cb2ab22667950e9c6053b4378b91115,0x4205e51f77b30d9bbe1,0x258c8f5c32c7b6adc689494750a2d8fc2528c3c4c1065d30ef819f47239b6d82,4,94198520,19486.558227258436,1741077833186357,Staked ICX,0.1074832125,sICX,0,1,2025-03-04
cx2609b924e33ef00b648a409245c7ea394c467824,hx0000000000000000000000000000000000000000,cx21e94c08c03daee80c25d8ee3ea22a20786ec231,0x4205e51f77b30d9bbe1,0x258c8f5c32c7b6adc689494750a2d8fc2528c3c4c1065d30ef819f47239b6d82,2,94198520,19486.558227258436,1741077833186357,Staked ICX,0.1074832125,sICX,0,1,2025-03-04
cx3975b43d260fb8ec802cef6e60c2f4d07486f11d,hx7ce6b7b82843388bf0b4e1bd826f68a3afd8ab1f,hx0000000000000000000000000000000000000000,0x389d634aa66a0780c,0xe8b0ebcb50b050aa9b6d390431281729736ba42732a321d07196df9290b81591,14,94198486,65.27241615581174,1741077765155172,Wrapped ICX,0.3529742,wICX,0,1,2025-03-04
cx3975b43d260fb8ec802cef6e60c2f4d07486f11d,cx21e94c08c03daee80c25d8ee3ea22a20786ec231,hx7ce6b7b82843388bf0b4e1bd826f68a3afd8ab1f,0x389d634aa66a0780c,0xe8b0ebcb50b050aa9b6d390431281729736ba42732a321d07196df9290b81591,13,94198486,65.27241615581174,1741077765155172,Wrapped ICX,0.3529742,wICX,0,1,2025-03-04
cx2609b924e33ef00b648a409245c7ea394c467824,cx203d9cd2a669be67177e997b8948ce2c35caffae,cx835b300dcfe01f0bdb794e134a0c5628384f4367,0xf9cc6de572d7c41,0xe8b0ebcb50b050aa9b6d390431281729736ba42732a321d07196df9290b81591,10,94198486,1.1249926651834194,1741077765155172,Staked ICX,0.3529742,sICX,0,1,2025-03-04
cx2609b924e33ef00b648a409245c7ea394c467824,cx5faae53c4dbd1fbe4a2eb4aab6565030f10da5c6,cx203d9cd2a669be67177e997b8948ce2c35caffae,0x164dae6233658cf0,0xe8b0ebcb50b050aa9b6d390431281729736ba42732a321d07196df9290b81591,7,94198486,1.6071323788334564,1741077765155172,Staked ICX,0.3529742,sICX,0,1,2025-03-04
cx2609b924e33ef00b648a409245c7ea394c467824,cx5faae53c4dbd1fbe4a2eb4aab6565030f10da5c6,cxdc30a0d3a1f131565c071272a20bc0b06fd4c17b,0x164dae6233658cef,0xe8b0ebcb50b050aa9b6d390431281729736ba42732a321d07196df9290b81591,5,94198486,1.6071323788334564,1741077765155172,Staked ICX,0.3529742,sICX,0,1,2025-03-04
cx2609b924e33ef00b648a409245c7ea394c467824,cxa0af3165c08318e988cb30993b3048335b94af6c,cx5faae53c4dbd1fbe4a2eb4aab6565030f10da5c6,0x10871a8774e554e,0xe8b0ebcb50b050aa9b6d390431281729736ba42732a321d07196df9290b81591,4,94198486,0.07443436222167996,1741077765155172,Staked ICX,0.3529742,sICX,0,1,2025-03-04
cx3975b43d260fb8ec802cef6e60c2f4d07486f11d,cxa0af3165c08318e988cb30993b3048335b94af6c,cx21e94c08c03daee80c25d8ee3ea22a20786ec231,0x389d634aa66a0780c,0xe8b0ebcb50b050aa9b6d390431281729736ba42732a321d07196df9290b81591,3,94198486,65.27241615581174,1741077765155172,Wrapped ICX,0.3529742,wICX,0,1,2025-03-04
cx2609b924e33ef00b648a409245c7ea394c467824,cx21e94c08c03daee80c25d8ee3ea22a20786ec231,cxa0af3165c08318e988cb30993b3048335b94af6c,0x2b0a7fc0c06a8d1fb,0xe8b0ebcb50b050aa9b6d390431281729736ba42732a321d07196df9290b81591,2,94198486,49.62290814778663,1741077765155172,Staked ICX,0.3529742,sICX,0,1,2025-03-04
cx2609b924e33ef00b648a409245c7ea394c467824,hx7ce6b7b82843388bf0b4e1bd826f68a3afd8ab1f,cx21e94c08c03daee80c25d8ee3ea22a20786ec231,0x2b0a7fc0c06a8d1fb,0xe8b0ebcb50b050aa9b6d390431281729736ba42732a321d07196df9290b81591,1,94198486,49.62290814778663,1741077765155172,Staked ICX,0.3529742,sICX,0,1,2025-03-04
cxfe94530ee0d159db3e5b7dcffbcd0dfb360075c0,cx21e94c08c03daee80c25d8ee3ea22a20786ec231,hx970eda4988e547df0de8324226fdf3e8ebc9734f,0x1ccc9324511e4500067,0x888d7721ec28d6fd537c91c289887c20dc77555d5710852fa62dfd0a5cec74c7,5,94198479,8500.0,1741077751122249,Liquid Finance Staked ARCH,0.0766462875,sARCH,0,1,2025-03-04
cx88fd7df7ddff82f7cc735c871dc519838cb235bb,cxa0af3165c08318e988cb30993b3048335b94af6c,cx5faae53c4dbd1fbe4a2eb4aab6565030f10da5c6,0x3916cc615d60c24,0x888d7721ec28d6fd537c91c289887c20dc77555d5710852fa62dfd0a5cec74c7,3,94198479,0.2571062517625027,1741077751122249,Balanced Dollar,0.0766462875,bnUSD,0,1,2025-03-04
cxfe94530ee0d159db3e5b7dcffbcd0dfb360075c0,cxa0af3165c08318e988cb30993b3048335b94af6c,cx21e94c08c03daee80c25d8ee3ea22a20786ec231,0x1ccc9324511e4500067,0x888d7721ec28d6fd537c91c289887c20dc77555d5710852fa62dfd0a5cec74c7,2,94198479,8500.0,1741077751122249,Liquid Finance Staked ARCH,0.0766462875,sARCH,0,1,2025-03-04
cx88fd7df7ddff82f7cc735c871dc519838cb235bb,cx21e94c08c03daee80c25d8ee3ea22a20786ec231,cxa0af3165c08318e988cb30993b3048335b94af6c,0x94ab5ee838814f56f,0x888d7721ec28d6fd537c91c289887c20dc77555d5710852fa62dfd0a5cec74c7,1,94198479,171.40416784166845,1741077751122249,Balanced Dollar,0.0766462875,bnUSD,0,1,2025-03-04
cx88fd7df7ddff82f7cc735c871dc519838cb235bb,hx970eda4988e547df0de8324226fdf3e8ebc9734f,cx21e94c08c03daee80c25d8ee3ea22a20786ec231,0x94ab5ee838814f56f,0x888d7721ec28d6fd537c91c289887c20dc77555d5710852fa62dfd0a5cec74c7,0,94198479,171.40416784166845,1741077751122249,Balanced Dollar,0.0766462875,bnUSD,0,1,2025-03-04
cxf61cd5a45dc9f91c15aa65831a30a90d59a09619,cx10d59e8103ab44635190bd4139dbfd682fa2d07e,hx7ce6b7b82843388bf0b4e1bd826f68a3afd8ab1f,0x92fd15ba32c29306,0x6f40026d2ec5e71750c0bf8fe7b265f3e8c28903066c67786fde641f7bbd732d,5,94198462,10.591645788104987,1741077717174450,Balance Token,0.1432023125,BALN,0,1,2025-03-04
cx2609b924e33ef00b648a409245c7ea394c467824,cx10d59e8103ab44635190bd4139dbfd682fa2d07e,hx7ce6b7b82843388bf0b4e1bd826f68a3afd8ab1f,0x2b0a7fc0c06a8d1fb,0x6f40026d2ec5e71750c0bf8fe7b265f3e8c28903066c67786fde641f7bbd732d,3,94198462,49.62290814778663,1741077717174450,Staked ICX,0.1432023125,sICX,0,1,2025-03-04
cx88fd7df7ddff82f7cc735c871dc519838cb235bb,hx0000000000000000000000000000000000000000,cx5faae53c4dbd1fbe4a2eb4aab6565030f10da5c6,0x3c1e3244459357f,0x8bd927226e5be0b017c12ae7623f6144daa92e9004b34fe68aab5969f6f05ef8,3,94198289,0.2707471975239653,1741077371115533,Balanced Dollar,0.101310425,bnUSD,0,1,2025-03-04
cx88fd7df7ddff82f7cc735c871dc519838cb235bb,cx66d4d90f5f113eba575bf793570135f9b10cece1,hx06efa9167ece33af37f7153dc53bce2775f812f2,0x756afa2d57e3c7c8f,0x8bd927226e5be0b017c12ae7623f6144daa92e9004b34fe68aab5969f6f05ef8,1,94198289,135.37359876198266,1741077371115533,Balanced Dollar,0.101310425,bnUSD,0,1,2025-03-04
cx88fd7df7ddff82f7cc735c871dc519838cb235bb,hx0000000000000000000000000000000000000000,cx66d4d90f5f113eba575bf793570135f9b10cece1,0x756afa2d57e3c7c8f,0x8bd927226e5be0b017c12ae7623f6144daa92e9004b34fe68aab5969f6f05ef8,0,94198289,135.37359876198266,1741077371115533,Balanced Dollar,0.101310425,bnUSD,0,1,2025-03-04
cxfe94530ee0d159db3e5b7dcffbcd0dfb360075c0,cx21e94c08c03daee80c25d8ee3ea22a20786ec231,hx970eda4988e547df0de8324226fdf3e8ebc9734f,0x1ccc9324511e4500071,0xec9ed79ba96fe07bf943c2724443cf697e9137dcd60498f0c2bfc84d9f6ae771,5,94198269,8500.0,1741077331066105,Liquid Finance Staked ARCH,0.0766462875,sARCH,0,1,2025-03-04
cx88fd7df7ddff82f7cc735c871dc519838cb235bb,cxa0af3165c08318e988cb30993b3048335b94af6c,cx5faae53c4dbd1fbe4a2eb4aab6565030f10da5c6,0x37e343fa30cb9dd,0xec9ed79ba96fe07bf943c2724443cf697e9137dcd60498f0c2bfc84d9f6ae771,3,94198269,0.2516960771024307,1741077331066105,Balanced Dollar,0.0766462875,bnUSD,0,1,2025-03-04
cxfe94530ee0d159db3e5b7dcffbcd0dfb360075c0,cxa0af3165c08318e988cb30993b3048335b94af6c,cx21e94c08c03daee80c25d8ee3ea22a20786ec231,0x1ccc9324511e4500071,0xec9ed79ba96fe07bf943c2724443cf697e9137dcd60498f0c2bfc84d9f6ae771,2,94198269,8500.0,1741077331066105,Liquid Finance Staked ARCH,0.0766462875,sARCH,0,1,2025-03-04
cx88fd7df7ddff82f7cc735c871dc519838cb235bb,cx21e94c08c03daee80c25d8ee3ea22a20786ec231,cxa0af3165c08318e988cb30993b3048335b94af6c,0x918a8106346795cb7,0xec9ed79ba96fe07bf943c2724443cf697e9137dcd60498f0c2bfc84d9f6ae771,1,94198269,167.7973847349538,1741077331066105,Balanced Dollar,0.0766462875,bnUSD,0,1,2025-03-04
cx88fd7df7ddff82f7cc735c871dc519838cb235bb,hx970eda4988e547df0de8324226fdf3e8ebc9734f,cx21e94c08c03daee80c25d8ee3ea22a20786ec231,0x918a8106346795cb7,0xec9ed79ba96fe07bf943c2724443cf697e9137dcd60498f0c2bfc84d9f6ae771,0,94198269,167.7973847349538,1741077331066105,Balanced Dollar,0.0766462875,bnUSD,0,1,2025-03-04
cx66a031cc3bd305c76371fb586e93801b948254f0,hx06efa9167ece33af37f7153dc53bce2775f812f2,cx66d4d90f5f113eba575bf793570135f9b10cece1,0xabaef9e7b4d5c000,0x0a79f4ba65826c23aaafcc3bd8fcad46f6d16fded40256e1cda6822c25d911de,0,94198266,12.3711,1741077324957953,Avalanche,0.0225379375,AVAX,0,1,2025-03-04
cxf61cd5a45dc9f91c15aa65831a30a90d59a09619,cx10d59e8103ab44635190bd4139dbfd682fa2d07e,hxdf36c569368c483c4fbced3bdb2385f00e360a1b,0x4ba3fcb5909d53e8,0x923f2159b5883742161562733a6f30f6bda190a080ef345a153e77b55f0430d0,3,94198258,5.450477830793942,1741077308931633,Balance Token,0.07236975,BALN,0,1,2025-03-04
cx2609b924e33ef00b648a409245c7ea394c467824,cx10d59e8103ab44635190bd4139dbfd682fa2d07e,hxdf36c569368c483c4fbced3bdb2385f00e360a1b,0xc14b9acee20249d9c,0x923f2159b5883742161562733a6f30f6bda190a080ef345a153e77b55f0430d0,1,94198258,222.8543437747061,1741077308931633,Staked ICX,0.07236975,sICX,0,1,2025-03-04
cx07b184a37f03c6ab681fcbd0b45aec6dc3eafbeb,hx06efa9167ece33af37f7153dc53bce2775f812f2,cx66d4d90f5f113eba575bf793570135f9b10cece1,0xa8b6159b18000,0x6bde04a7a85b2efc51c4c3c0a6d8beade8c713852c2d1524997ac14dd172ed3a,0,94198253,0.002968,1741077298899304,Bitcoin,0.02253625,BTC,0,1,2025-03-04
cx66a031cc3bd305c76371fb586e93801b948254f0,hxe79ee65c7f58316c976721592b070cd0bf2ea518,hx06efa9167ece33af37f7153dc53bce2775f812f2,0xabaef7630067ca99,0x52b991f137413c713f48678a620a79b85888b2f76b2f47cf5d4d48903f32f0a2,0,94198215,12.371097231013957,1741077222897005,Avalanche,0.009546775,AVAX,0,2,2025-03-04
cxf61cd5a45dc9f91c15aa65831a30a90d59a09619,cx9345f80d6c98357ccbb70392b14162199c2c5f66,cxd82fb5d3effecd8c9071a4bba3856ad7222c4b91,0x1b96bcd71fb4d670,0x56bd606562508252861d77e8fc017c4ccbc6262a3ce082fa1efc23e063500117,4,94198210,1.9879839176665883,1741077212911672,Balance Token,0.1302413,BALN,0,1,2025-03-04
cx2609b924e33ef00b648a409245c7ea394c467824,cx9345f80d6c98357ccbb70392b14162199c2c5f66,cxd82fb5d3effecd8c9071a4bba3856ad7222c4b91,0x1e59127f4e759e435,0x56bd606562508252861d77e8fc017c4ccbc6262a3ce082fa1efc23e063500117,3,94198210,34.988790912825024,1741077212911672,Staked ICX,0.1302413,sICX,0,1,2025-03-04
cx88fd7df7ddff82f7cc735c871dc519838cb235bb,hx0000000000000000000000000000000000000000,cx5faae53c4dbd1fbe4a2eb4aab6565030f10da5c6,0x0,0x56bd606562508252861d77e8fc017c4ccbc6262a3ce082fa1efc23e063500117,2,94198210,0.0,1741077212911672,Balanced Dollar,0.1302413,bnUSD,0,1,2025-03-04
cx88fd7df7ddff82f7cc735c871dc519838cb235bb,hx0000000000000000000000000000000000000000,cxd82fb5d3effecd8c9071a4bba3856ad7222c4b91,0x4e4ee3326cd8c45b,0x56bd606562508252861d77e8fc017c4ccbc6262a3ce082fa1efc23e063500117,1,94198210,5.642697188855825,1741077212911672,Balanced Dollar,0.1302413,bnUSD,0,1,2025-03-04
cx88fd7df7ddff82f7cc735c871dc519838cb235bb,hx667bb503d3dc1f519f3486ebb58c3520e9701c04,cxd82fb5d3effecd8c9071a4bba3856ad7222c4b91,0x63090d90c661a0001,0x56bd606562508252861d77e8fc017c4ccbc6262a3ce082fa1efc23e063500117,0,94198210,114.18,1741077212911672,Balanced Dollar,0.1302413,bnUSD,0,1,2025-03-04
cx07b184a37f03c6ab681fcbd0b45aec6dc3eafbeb,hxe79ee65c7f58316c976721592b070cd0bf2ea518,hx06efa9167ece33af37f7153dc53bce2775f812f2,0xa8bf1b8c5eef4,0x64a0bbfee2b84efb78d4af58f9c6a07e57d82d9e0af9a45590d8f640d4e957d1,0,94198189,0.002968620070465268,1741077171048092,Bitcoin,0.0095585875,BTC,0,1,2025-03-04
cx66a031cc3bd305c76371fb586e93801b948254f0,cx21e94c08c03daee80c25d8ee3ea22a20786ec231,hx2debd9ec927cca1639da8d3518dd9dbf1cdfb357,0x1158da2989466ac98,0xb1f47d1356f2189e6c97d23350b4b629e81f4947cc3f0ec95186db6da83a8258,5,94198144,19.999820296430727,1741077080981077,Avalanche,0.0882975,AVAX,0,1,2025-03-04
cx88fd7df7ddff82f7cc735c871dc519838cb235bb,cxa0af3165c08318e988cb30993b3048335b94af6c,cx5faae53c4dbd1fbe4a2eb4aab6565030f10da5c6,0x86b786c83dd418c,0xb1f47d1356f2189e6c97d23350b4b629e81f4947cc3f0ec95186db6da83a8258,3,94198144,0.6067109822755803,1741077080981077,Balanced Dollar,0.0882975,bnUSD,0,1,2025-03-04
cx66a031cc3bd305c76371fb586e93801b948254f0,cxa0af3165c08318e988cb30993b3048335b94af6c,cx21e94c08c03daee80c25d8ee3ea22a20786ec231,0x1158da2989466ac98,0xb1f47d1356f2189e6c97d23350b4b629e81f4947cc3f0ec95186db6da83a8258,2,94198144,19.999820296430727,1741077080981077,Avalanche,0.0882975,AVAX,0,1,2025-03-04
cx88fd7df7ddff82f7cc735c871dc519838cb235bb,cx21e94c08c03daee80c25d8ee3ea22a20786ec231,cxa0af3165c08318e988cb30993b3048335b94af6c,0x15ed34454210300740,0xb1f47d1356f2189e6c97d23350b4b629e81f4947cc3f0ec95186db6da83a8258,1,94198144,404.4739881837202,1741077080981077,Balanced Dollar,0.0882975,bnUSD,0,1,2025-03-04
cx88fd7df7ddff82f7cc735c871dc519838cb235bb,hx2debd9ec927cca1639da8d3518dd9dbf1cdfb357,cx21e94c08c03daee80c25d8ee3ea22a20786ec231,0x15ed34454210300740,0xb1f47d1356f2189e6c97d23350b4b629e81f4947cc3f0ec95186db6da83a8258,0,94198144,404.4739881837202,1741077080981077,Balanced Dollar,0.0882975,bnUSD,0,1,2025-03-04
cx88fd7df7ddff82f7cc735c871dc519838cb235bb,hx0000000000000000000000000000000000000000,cx5faae53c4dbd1fbe4a2eb4aab6565030f10da5c6,0x32b4c35c8e88000,0xa80ca7e4931d7247ee86b55d82797bf46fe5cdb6e1b710009e747d7d741ecfbd,3,94198132,0.22836,1741077056944358,Balanced Dollar,0.100509325,bnUSD,0,2,2025-03-04
cx88fd7df7ddff82f7cc735c871dc519838cb235bb,cx66d4d90f5f113eba575bf793570135f9b10cece1,hx667bb503d3dc1f519f3486ebb58c3520e9701c04,0x63090d90c661a0001,0xa80ca7e4931d7247ee86b55d82797bf46fe5cdb6e1b710009e747d7d741ecfbd,1,94198132,114.18,1741077056944358,Balanced Dollar,0.100509325,bnUSD,0,2,2025-03-04
cx88fd7df7ddff82f7cc735c871dc519838cb235bb,hx0000000000000000000000000000000000000000,cx66d4d90f5f113eba575bf793570135f9b10cece1,0x63090d90c661a0001,0xa80ca7e4931d7247ee86b55d82797bf46fe5cdb6e1b710009e747d7d741ecfbd,0,94198132,114.18,1741077056944358,Balanced Dollar,0.100509325,bnUSD,0,2,2025-03-04
cx22319ac7f412f53eabe3c9827acf5e27e9c6a95f,cx21e94c08c03daee80c25d8ee3ea22a20786ec231,hx0000000000000000000000000000000000000000,0x82624e310,0xb14f7f1d251e74bf806a7eeb550c84b21c529c9c6ad9a010bc018e72a384dc89,5,94198129,34999.69,1741077050912545,USDC,0.0717109,USDC,0,2,2025-03-04
cx22319ac7f412f53eabe3c9827acf5e27e9c6a95f,hx0000000000000000000000000000000000000000,cx21e94c08c03daee80c25d8ee3ea22a20786ec231,0x82624e310,0xb14f7f1d251e74bf806a7eeb550c84b21c529c9c6ad9a010bc018e72a384dc89,1,94198129,34999.69,1741077050912545,USDC,0.0717109,USDC,0,2,2025-03-04
cx88fd7df7ddff82f7cc735c871dc519838cb235bb,cx66d4d90f5f113eba575bf793570135f9b10cece1,hx0000000000000000000000000000000000000000,0x7068e8378f6a7149c,0x8b47ed1ccdc4b7ad9a0141769c0c9406fd982d9ede7b5c41b24a5436b805eb1d,1,94198102,129.5996680824448,1741076996853647,Balanced Dollar,0.07825765,bnUSD,0,1,2025-03-04
cx88fd7df7ddff82f7cc735c871dc519838cb235bb,hxe79ee65c7f58316c976721592b070cd0bf2ea518,hx06efa9167ece33af37f7153dc53bce2775f812f2,0x2d1cc44e87778e40d4,0xb2458d0973d0d967f51222025beb7f240c00beacc8b6494f9ba8deeb8c4200e6,0,94198056,832.1763513891605,1741076904816699,Balanced Dollar,0.0101438375,bnUSD,0,1,2025-03-04
cx508002ec116fbf3ab406329c0df28e70d7e75fb3,cx21e94c08c03daee80c25d8ee3ea22a20786ec231,hx2debd9ec927cca1639da8d3518dd9dbf1cdfb357,0x22ec9dcb11,0xb58abddfd7f22ea4fa97fb4bb2f391b9ca08bac07672e7eae757f6ecc77b9a80,5,94198004,149.998652177,1741076800804415,Sui,0.0780271125,SUI,0,1,2025-03-04
cx88fd7df7ddff82f7cc735c871dc519838cb235bb,cxa0af3165c08318e988cb30993b3048335b94af6c,cx5faae53c4dbd1fbe4a2eb4aab6565030f10da5c6,0x7b146d7a3d8b056,0xb58abddfd7f22ea4fa97fb4bb2f391b9ca08bac07672e7eae757f6ecc77b9a80,3,94198004,0.5543021211240817,1741076800804415,Balanced Dollar,0.0780271125,bnUSD,0,1,2025-03-04
cx508002ec116fbf3ab406329c0df28e70d7e75fb3,cxa0af3165c08318e988cb30993b3048335b94af6c,cx21e94c08c03daee80c25d8ee3ea22a20786ec231,0x22ec9dcb11,0xb58abddfd7f22ea4fa97fb4bb2f391b9ca08bac07672e7eae757f6ecc77b9a80,2,94198004,149.998652177,1741076800804415,Sui,0.0780271125,SUI,0,1,2025-03-04
cx88fd7df7ddff82f7cc735c871dc519838cb235bb,cx21e94c08c03daee80c25d8ee3ea22a20786ec231,cxa0af3165c08318e988cb30993b3048335b94af6c,0x14085326e559a08aa0,0xb58abddfd7f22ea4fa97fb4bb2f391b9ca08bac07672e7eae757f6ecc77b9a80,1,94198004,369.5347474160545,1741076800804415,Balanced Dollar,0.0780271125,bnUSD,0,1,2025-03-04
cx88fd7df7ddff82f7cc735c871dc519838cb235bb,hx2debd9ec927cca1639da8d3518dd9dbf1cdfb357,cx21e94c08c03daee80c25d8ee3ea22a20786ec231,0x14085326e559a08aa0,0xb58abddfd7f22ea4fa97fb4bb2f391b9ca08bac07672e7eae757f6ecc77b9a80,0,94198004,369.5347474160545,1741076800804415,Balanced Dollar,0.0780271125,bnUSD,0,1,2025-03-04
cx2609b924e33ef00b648a409245c7ea394c467824,cx21e94c08c03daee80c25d8ee3ea22a20786ec231,hx2debd9ec927cca1639da8d3518dd9dbf1cdfb357,0x6c6b536e0860319c17,0x105ec7495b9ffa5689a27b376bb512eddf8d5d8efbf857b1f7a803e6ad898082,5,94197999,1999.9820059280096,1741076790733882,Staked ICX,0.112702,sICX,0,1,2025-03-04
cx88fd7df7ddff82f7cc735c871dc519838cb235bb,cxa0af3165c08318e988cb30993b3048335b94af6c,cx5faae53c4dbd1fbe4a2eb4aab6565030f10da5c6,0x5e9b7c8e41f361a,0x105ec7495b9ffa5689a27b376bb512eddf8d5d8efbf857b1f7a803e6ad898082,3,94197999,0.4260737132118155,1741076790733882,Balanced Dollar,0.112702,bnUSD,0,1,2025-03-04
cx2609b924e33ef00b648a409245c7ea394c467824,cxa0af3165c08318e988cb30993b3048335b94af6c,cx21e94c08c03daee80c25d8ee3ea22a20786ec231,0x6c6b536e0860319c17,0x105ec7495b9ffa5689a27b376bb512eddf8d5d8efbf857b1f7a803e6ad898082,2,94197999,1999.9820059280096,1741076790733882,Staked ICX,0.112702,sICX,0,1,2025-03-04
cx88fd7df7ddff82f7cc735c871dc519838cb235bb,cx21e94c08c03daee80c25d8ee3ea22a20786ec231,cxa0af3165c08318e988cb30993b3048335b94af6c,0xf65f945d211478e60,0x105ec7495b9ffa5689a27b376bb512eddf8d5d8efbf857b1f7a803e6ad898082,1,94197999,284.0491421412103,1741076790733882,Balanced Dollar,0.112702,bnUSD,0,1,2025-03-04
cx88fd7df7ddff82f7cc735c871dc519838cb235bb,hx2debd9ec927cca1639da8d3518dd9dbf1cdfb357,cx21e94c08c03daee80c25d8ee3ea22a20786ec231,0xf65f945d211478e60,0x105ec7495b9ffa5689a27b376bb512eddf8d5d8efbf857b1f7a803e6ad898082,0,94197999,284.0491421412103,1741076790733882,Balanced Dollar,0.112702,bnUSD,0,1,2025-03-04
cx88fd7df7ddff82f7cc735c871dc519838cb235bb,cxa0af3165c08318e988cb30993b3048335b94af6c,cx5faae53c4dbd1fbe4a2eb4aab6565030f10da5c6,0xb26cb310deaea1c,0xf494db30ddf254944e1ef9c96dcc0675cf9ed06c31636e5504f68723bed5dbf0,2,94197995,0.8035529950795475,1741076782834843,Balanced Dollar,0.070556025,bnUSD,0,2,2025-03-04
cx2609b924e33ef00b648a409245c7ea394c467824,cxa0af3165c08318e988cb30993b3048335b94af6c,hxc1718c79947e0f673296218b5b23adbd9a3b38a8,0xccaaf4913798a543a8,0xf494db30ddf254944e1ef9c96dcc0675cf9ed06c31636e5504f68723bed5dbf0,1,94197995,3775.454421585484,1741076782834843,Staked ICX,0.070556025,sICX,0,2,2025-03-04
cx88fd7df7ddff82f7cc735c871dc519838cb235bb,hxc1718c79947e0f673296218b5b23adbd9a3b38a8,cxa0af3165c08318e988cb30993b3048335b94af6c,0x1d0a5bcfbee9170000,0xf494db30ddf254944e1ef9c96dcc0675cf9ed06c31636e5504f68723bed5dbf0,0,94197995,535.7019967196983,1741076782834843,Balanced Dollar,0.070556025,bnUSD,0,2,2025-03-04
cx88fd7df7ddff82f7cc735c871dc519838cb235bb,cxd82fb5d3effecd8c9071a4bba3856ad7222c4b91,hxc1718c79947e0f673296218b5b23adbd9a3b38a8,0x1d0a5bcfbee9170000,0x8823f75e96a6b23c91fbc349750bb5a0ecdef9302232cae393d3e15709b1f86b,0,94197995,535.7019967196983,1741076782834843,Balanced Dollar,0.02069225,bnUSD,0,1,2025-03-04
cx288d13e1b63563459a2ac6179f237711f6851cb5,cx21e94c08c03daee80c25d8ee3ea22a20786ec231,hx2debd9ec927cca1639da8d3518dd9dbf1cdfb357,0x30d970913d89a25,0x4b3caeba16e84af2f5c202f4a63514469f5e15573e2fe9f31bb0ff794d51ca34,5,94197993,0.21999802205448452,1741076778757303,Ethereum,0.0884698125,ETH,0,1,2025-03-04
cx88fd7df7ddff82f7cc735c871dc519838cb235bb,cxa0af3165c08318e988cb30993b3048335b94af6c,cx5faae53c4dbd1fbe4a2eb4aab6565030f10da5c6,0x999d52b26863aed,0x4b3caeba16e84af2f5c202f4a63514469f5e15573e2fe9f31bb0ff794d51ca34,3,94197993,0.691818399084723,1741076778757303,Balanced Dollar,0.0884698125,bnUSD,0,1,2025-03-04
cx288d13e1b63563459a2ac6179f237711f6851cb5,cxa0af3165c08318e988cb30993b3048335b94af6c,cx21e94c08c03daee80c25d8ee3ea22a20786ec231,0x30d970913d89a25,0x4b3caeba16e84af2f5c202f4a63514469f5e15573e2fe9f31bb0ff794d51ca34,2,94197993,0.21999802205448452,1741076778757303,Ethereum,0.0884698125,ETH,0,1,2025-03-04
cx88fd7df7ddff82f7cc735c871dc519838cb235bb,cx21e94c08c03daee80c25d8ee3ea22a20786ec231,cxa0af3165c08318e988cb30993b3048335b94af6c,0x19009b205efd8ec930,0x4b3caeba16e84af2f5c202f4a63514469f5e15573e2fe9f31bb0ff794d51ca34,1,94197993,461.21226605648195,1741076778757303,Balanced Dollar,0.0884698125,bnUSD,0,1,2025-03-04
cx88fd7df7ddff82f7cc735c871dc519838cb235bb,hx2debd9ec927cca1639da8d3518dd9dbf1cdfb357,cx21e94c08c03daee80c25d8ee3ea22a20786ec231,0x19009b205efd8ec930,0x4b3caeba16e84af2f5c202f4a63514469f5e15573e2fe9f31bb0ff794d51ca34,0,94197993,461.21226605648195,1741076778757303,Balanced Dollar,0.0884698125,bnUSD,0,1,2025-03-04
cx4297f4b63262507623b6ad575d0d8dd2db980e4e,cx21e94c08c03daee80c25d8ee3ea22a20786ec231,hx2debd9ec927cca1639da8d3518dd9dbf1cdfb357,0x1a05473edf0257c8a,0x6250cc8c5e763ebb770c6453360bfaf77be313323d5d2d9aed2fbeb21f370c43,5,94197990,29.999730483595147,1741076772752763,Injective,0.0883872375,INJ,0,1,2025-03-04
cx88fd7df7ddff82f7cc735c871dc519838cb235bb,cxa0af3165c08318e988cb30993b3048335b94af6c,cx5faae53c4dbd1fbe4a2eb4aab6565030f10da5c6,0x6f04525d2ace7a0,0x6250cc8c5e763ebb770c6453360bfaf77be313323d5d2d9aed2fbeb21f370c43,3,94197990,0.4999755873887784,1741076772752763,Balanced Dollar,0.0883872375,bnUSD,0,1,2025-03-04
cx4297f4b63262507623b6ad575d0d8dd2db980e4e,cxa0af3165c08318e988cb30993b3048335b94af6c,cx21e94c08c03daee80c25d8ee3ea22a20786ec231,0x1a05473edf0257c8a,0x6250cc8c5e763ebb770c6453360bfaf77be313323d5d2d9aed2fbeb21f370c43,2,94197990,29.999730483595147,1741076772752763,Injective,0.0883872375,INJ,0,1,2025-03-04
cx88fd7df7ddff82f7cc735c871dc519838cb235bb,cx21e94c08c03daee80c25d8ee3ea22a20786ec231,cxa0af3165c08318e988cb30993b3048335b94af6c,0x1211b4127f4cf08600,0x6250cc8c5e763ebb770c6453360bfaf77be313323d5d2d9aed2fbeb21f370c43,1,94197990,333.3170582591856,1741076772752763,Balanced Dollar,0.0883872375,bnUSD,0,1,2025-03-04
cx88fd7df7ddff82f7cc735c871dc519838cb235bb,hx2debd9ec927cca1639da8d3518dd9dbf1cdfb357,cx21e94c08c03daee80c25d8ee3ea22a20786ec231,0x1211b4127f4cf08600,0x6250cc8c5e763ebb770c6453360bfaf77be313323d5d2d9aed2fbeb21f370c43,0,94197990,333.3170582591856,1741076772752763,Balanced Dollar,0.0883872375,bnUSD,0,1,2025-03-04
cx66a031cc3bd305c76371fb586e93801b948254f0,cx21e94c08c03daee80c25d8ee3ea22a20786ec231,hx2debd9ec927cca1639da8d3518dd9dbf1cdfb357,0x1158da298776ba1b3,0x49574910c1b6c8978cea4fafeef1d02914bfdd71f1abf4c963da103b1f8b431c,5,94197986,19.999820295944513,1741076764821273,Avalanche,0.0883001875,AVAX,0,1,2025-03-04
cx88fd7df7ddff82f7cc735c871dc519838cb235bb,cxa0af3165c08318e988cb30993b3048335b94af6c,cx5faae53c4dbd1fbe4a2eb4aab6565030f10da5c6,0x8646097ea6b2b74,0x49574910c1b6c8978cea4fafeef1d02914bfdd71f1abf4c963da103b1f8b431c,3,94197986,0.6047144555637093,1741076764821273,Balanced Dollar,0.0883001875,bnUSD,0,1,2025-03-04
cx66a031cc3bd305c76371fb586e93801b948254f0,cxa0af3165c08318e988cb30993b3048335b94af6c,cx21e94c08c03daee80c25d8ee3ea22a20786ec231,0x1158da298776ba1b3,0x49574910c1b6c8978cea4fafeef1d02914bfdd71f1abf4c963da103b1f8b431c,2,94197986,19.999820295944513,1741076764821273,Avalanche,0.0883001875,AVAX,0,1,2025-03-04
cx88fd7df7ddff82f7cc735c871dc519838cb235bb,cx21e94c08c03daee80c25d8ee3ea22a20786ec231,cxa0af3165c08318e988cb30993b3048335b94af6c,0x15dabb8b9d21c128c0,0x49574910c1b6c8978cea4fafeef1d02914bfdd71f1abf4c963da103b1f8b431c,1,94197986,403.1429703758062,1741076764821273,Balanced Dollar,0.0883001875,bnUSD,0,1,2025-03-04
cx88fd7df7ddff82f7cc735c871dc519838cb235bb,hx2debd9ec927cca1639da8d3518dd9dbf1cdfb357,cx21e94c08c03daee80c25d8ee3ea22a20786ec231,0x15dabb8b9d21c128c0,0x49574910c1b6c8978cea4fafeef1d02914bfdd71f1abf4c963da103b1f8b431c,0,94197986,403.1429703758062,1741076764821273,Balanced Dollar,0.0883001875,bnUSD,0,1,2025-03-04
cx88fd7df7ddff82f7cc735c871dc519838cb235bb,hx0000000000000000000000000000000000000000,cx5faae53c4dbd1fbe4a2eb4aab6565030f10da5c6,0x3998dfbb0db3097,0x89d1f8f1999f0de1589a1a576c2665d3b0c806652e94d02e8ea7816af59da673,10,94197982,0.25939456569397673,1741076756842886,Balanced Dollar,0.1215173,bnUSD,0,1,2025-03-04
cx88fd7df7ddff82f7cc735c871dc519838cb235bb,hx0000000000000000000000000000000000000000,cx66d4d90f5f113eba575bf793570135f9b10cece1,0x707e94f956c1ae759,0x89d1f8f1999f0de1589a1a576c2665d3b0c806652e94d02e8ea7816af59da673,0,94197982,129.69728284698837,1741076756842886,Balanced Dollar,0.1215173,bnUSD,0,1,2025-03-04
cxb8cf9a4700e0c804b780978bf9d9de759c62e787,hx0000000000000000000000000000000000000000,cx66d4d90f5f113eba575bf793570135f9b10cece1,0x17588ec780,0xb23ff7b435952f82d477bb1675b45bbe7d4daed8cfc654e9cbf41fc5346357e1,1,94197934,100.27,1741076660698019,Mirai Staked SUI,0.036659925,mSUI,0,1,2025-03-04
cx22319ac7f412f53eabe3c9827acf5e27e9c6a95f,cx21e94c08c03daee80c25d8ee3ea22a20786ec231,hx0000000000000000000000000000000000000000,0x322d7cd30,0xa7183a8b78fb1a05f7af7fb32258b8c8146da7a837fbbbf7099380a35d8c221c,7,94197825,13469.47,1741076442829252,USDC,0.1069316375,USDC,0,1,2025-03-04
cx22319ac7f412f53eabe3c9827acf5e27e9c6a95f,cxa09dbb60dcb62fffbd232b6eae132d730a2aafa6,cx21e94c08c03daee80c25d8ee3ea22a20786ec231,0x322d7cd30,0xa7183a8b78fb1a05f7af7fb32258b8c8146da7a837fbbbf7099380a35d8c221c,4,94197825,13469.47,1741076442829252,USDC,0.1069316375,USDC,0,1,2025-03-04
cx88fd7df7ddff82f7cc735c871dc519838cb235bb,cxa09dbb60dcb62fffbd232b6eae132d730a2aafa6,cx5faae53c4dbd1fbe4a2eb4aab6565030f10da5c6,0x232777c434a950000,0xa7183a8b78fb1a05f7af7fb32258b8c8146da7a837fbbbf7099380a35d8c221c,3,94197825,40.53,1741076442829252,Balanced Dollar,0.1069316375,bnUSD,0,1,2025-03-04
cx88fd7df7ddff82f7cc735c871dc519838cb235bb,cxa09dbb60dcb62fffbd232b6eae132d730a2aafa6,hx0000000000000000000000000000000000000000,0x2da2e7250b07cc30000,0xa7183a8b78fb1a05f7af7fb32258b8c8146da7a837fbbbf7099380a35d8c221c,2,94197825,13469.47,1741076442829252,Balanced Dollar,0.1069316375,bnUSD,0,1,2025-03-04
cx88fd7df7ddff82f7cc735c871dc519838cb235bb,cx21e94c08c03daee80c25d8ee3ea22a20786ec231,cxa09dbb60dcb62fffbd232b6eae132d730a2aafa6,0x2dc60e9ccf3c7580000,0xa7183a8b78fb1a05f7af7fb32258b8c8146da7a837fbbbf7099380a35d8c221c,1,94197825,13510.0,1741076442829252,Balanced Dollar,0.1069316375,bnUSD,0,1,2025-03-04
cx88fd7df7ddff82f7cc735c871dc519838cb235bb,hxc0a2c4b422657ff499640f07606b1516e9935b9b,cx21e94c08c03daee80c25d8ee3ea22a20786ec231,0x2dc60e9ccf3c7580000,0xa7183a8b78fb1a05f7af7fb32258b8c8146da7a837fbbbf7099380a35d8c221c,0,94197825,13510.0,1741076442829252,Balanced Dollar,0.1069316375,bnUSD,0,1,2025-03-04
cx508002ec116fbf3ab406329c0df28e70d7e75fb3,cx66d4d90f5f113eba575bf793570135f9b10cece1,hx0000000000000000000000000000000000000000,0x175298e680,0x5532b8fd1797e724bb14ab29fb491756d24b33d42fa9e3797e1d64ba8db45d07,2,94197799,100.17,1741076390613297,Sui,0.070005725,SUI,0,1,2025-03-04
cx88fd7df7ddff82f7cc735c871dc519838cb235bb,cxd82fb5d3effecd8c9071a4bba3856ad7222c4b91,hxc0a2c4b422657ff499640f07606b1516e9935b9b,0x3a36030a309d2345f0e,0x797aa129b51c71c8cec4b11ff30dd499041c426f1316a57d2d6f2dad79e5cdfe,0,94197793,17180.84995171269,1741076378649079,Balanced Dollar,0.020726875,bnUSD,0,1,2025-03-04
cx88fd7df7ddff82f7cc735c871dc519838cb235bb,cxa0af3165c08318e988cb30993b3048335b94af6c,hx4dc7903504bb800a462378348a42f53742759e0b,0x3bfa22aa4f98654,0xd8fd7d11aea7b8302698cc6d619616149333aac4edcd8cdb2e88d32b2b953450,3,94197754,0.2701128067056615,1741076300637601,Balanced Dollar,0.0347379625,bnUSD,0,3,2025-03-04
cx65c9e3d4fea842e00add0d32a5b4c5e4e04c7a6b,hx4dc7903504bb800a462378348a42f53742759e0b,cxa0af3165c08318e988cb30993b3048335b94af6c,0x2d767443,0x9aeb59ba77fe3250727888b4152eb8aa267c24db50acc4569b00cc602078f37e,0,94197754,0.762737731,1741076300637601,Solana,0.0215535125,SOL,0,2,2025-03-04
cx88fd7df7ddff82f7cc735c871dc519838cb235bb,hx4dc7903504bb800a462378348a42f53742759e0b,cxa0af3165c08318e988cb30993b3048335b94af6c,0x5b5e997699416c000,0xdecd70ed52a2598f05ee4ab71a6952661e8a3ddbe30cb230a736e315b99c5f7d,0,94197754,105.34189503869818,1741076300637601,Balanced Dollar,0.02221895,bnUSD,0,1,2025-03-04
cx65c9e3d4fea842e00add0d32a5b4c5e4e04c7a6b,cx21e94c08c03daee80c25d8ee3ea22a20786ec231,hx4dc7903504bb800a462378348a42f53742759e0b,0x2d7c45a2,0x6e12f114c57fe552558e1b644906be73a890b223a7dd5ee1f4a85bc58b7dda94,12,94197752,0.76311901,1741076296647238,Solana,0.21866265,SOL,0,2,2025-03-04
cx88fd7df7ddff82f7cc735c871dc519838cb235bb,cxa0af3165c08318e988cb30993b3048335b94af6c,cx5faae53c4dbd1fbe4a2eb4aab6565030f10da5c6,0x2318463ead26f38,0x6e12f114c57fe552558e1b644906be73a890b223a7dd5ee1f4a85bc58b7dda94,10,94197752,0.15805302661096632,1741076296647238,Balanced Dollar,0.21866265,bnUSD,0,2,2025-03-04
cx65c9e3d4fea842e00add0d32a5b4c5e4e04c7a6b,cxa0af3165c08318e988cb30993b3048335b94af6c,cx21e94c08c03daee80c25d8ee3ea22a20786ec231,0x2d7c45a2,0x6e12f114c57fe552558e1b644906be73a890b223a7dd5ee1f4a85bc58b7dda94,9,94197752,0.76311901,1741076296647238,Solana,0.21866265,SOL,0,2,2025-03-04
cx88fd7df7ddff82f7cc735c871dc519838cb235bb,cx21e94c08c03daee80c25d8ee3ea22a20786ec231,cxa0af3165c08318e988cb30993b3048335b94af6c,0x5b648c4338401a234,0x6e12f114c57fe552558e1b644906be73a890b223a7dd5ee1f4a85bc58b7dda94,8,94197752,105.36868440731088,1741076296647238,Balanced Dollar,0.21866265,bnUSD,0,2,2025-03-04
cx88fd7df7ddff82f7cc735c871dc519838cb235bb,cxa0af3165c08318e988cb30993b3048335b94af6c,cx5faae53c4dbd1fbe4a2eb4aab6565030f10da5c6,0x2332332da50c4c3,0x6e12f114c57fe552558e1b644906be73a890b223a7dd5ee1f4a85bc58b7dda94,6,94197752,0.15850911320616262,1741076296647238,Balanced Dollar,0.21866265,bnUSD,0,2,2025-03-04
cx88fd7df7ddff82f7cc735c871dc519838cb235bb,cxa0af3165c08318e988cb30993b3048335b94af6c,cx21e94c08c03daee80c25d8ee3ea22a20786ec231,0x5b648c4338401a234,0x6e12f114c57fe552558e1b644906be73a890b223a7dd5ee1f4a85bc58b7dda94,5,94197752,105.36868440731088,1741076296647238,Balanced Dollar,0.21866265,bnUSD,0,2,2025-03-04
cx2609b924e33ef00b648a409245c7ea394c467824,cx21e94c08c03daee80c25d8ee3ea22a20786ec231,cxa0af3165c08318e988cb30993b3048335b94af6c,0x2884fcce93419c59e7,0x6e12f114c57fe552558e1b644906be73a890b223a7dd5ee1f4a85bc58b7dda94,4,94197752,747.452524187376,1741076296647238,Staked ICX,0.21866265,sICX,0,2,2025-03-04
cx2609b924e33ef00b648a409245c7ea394c467824,hx0000000000000000000000000000000000000000,cx21e94c08c03daee80c25d8ee3ea22a20786ec231,0x2884fcce93419c59e7,0x6e12f114c57fe552558e1b644906be73a890b223a7dd5ee1f4a85bc58b7dda94,2,94197752,747.452524187376,1741076296647238,Staked ICX,0.21866265,sICX,0,2,2025-03-04
cx88fd7df7ddff82f7cc735c871dc519838cb235bb,cx21e94c08c03daee80c25d8ee3ea22a20786ec231,hx4dc7903504bb800a462378348a42f53742759e0b,0x5b6a4cf52fb3a36b1,0x5d3711b035a17bf5f993f9c30f5889b6e2698bd84f669cb97c0ebde11622f7ef,8,94197752,105.39459233494036,1741076296647238,Balanced Dollar,0.171352175,bnUSD,0,1,2025-03-04
cx88fd7df7ddff82f7cc735c871dc519838cb235bb,cxa0af3165c08318e988cb30993b3048335b94af6c,cx5faae53c4dbd1fbe4a2eb4aab6565030f10da5c6,0x23346a4a4b9cfbe,0x5d3711b035a17bf5f993f9c30f5889b6e2698bd84f669cb97c0ebde11622f7ef,6,94197752,0.15854808484032096,1741076296647238,Balanced Dollar,0.171352175,bnUSD,0,1,2025-03-04
cx88fd7df7ddff82f7cc735c871dc519838cb235bb,cxa0af3165c08318e988cb30993b3048335b94af6c,cx21e94c08c03daee80c25d8ee3ea22a20786ec231,0x5b6a4cf52fb3a36b1,0x5d3711b035a17bf5f993f9c30f5889b6e2698bd84f669cb97c0ebde11622f7ef,5,94197752,105.39459233494036,1741076296647238,Balanced Dollar,0.171352175,bnUSD,0,1,2025-03-04
cx2609b924e33ef00b648a409245c7ea394c467824,cx21e94c08c03daee80c25d8ee3ea22a20786ec231,cxa0af3165c08318e988cb30993b3048335b94af6c,0x2884fcce93419c59e7,0x5d3711b035a17bf5f993f9c30f5889b6e2698bd84f669cb97c0ebde11622f7ef,4,94197752,747.452524187376,1741076296647238,Staked ICX,0.171352175,sICX,0,1,2025-03-04
cx2609b924e33ef00b648a409245c7ea394c467824,hx0000000000000000000000000000000000000000,cx21e94c08c03daee80c25d8ee3ea22a20786ec231,0x2884fcce93419c59e7,0x5d3711b035a17bf5f993f9c30f5889b6e2698bd84f669cb97c0ebde11622f7ef,2,94197752,747.452524187376,1741076296647238,Staked ICX,0.171352175,sICX,0,1,2025-03-04
cx88fd7df7ddff82f7cc735c871dc519838cb235bb,cxa0af3165c08318e988cb30993b3048335b94af6c,hx4dc7903504bb800a462378348a42f53742759e0b,0x3bfa77480d8cbd2,0x526a52726be8f823d507cd4fd88ab3a8b1d4e3c3db7d891266c15b1e479bfb22,3,94197749,0.2701186214852556,1741076290587631,Balanced Dollar,0.0347379625,bnUSD,0,3,2025-03-04
cx65c9e3d4fea842e00add0d32a5b4c5e4e04c7a6b,hx4dc7903504bb800a462378348a42f53742759e0b,cxa0af3165c08318e988cb30993b3048335b94af6c,0x2d8c1666,0x227c8c5ffb6ef062b9b49a1062d01d679844e67ab29a11e866a3949b0a3d6ed5,0,94197749,0.764155494,1741076290587631,Solana,0.0215535125,SOL,0,2,2025-03-04
cx88fd7df7ddff82f7cc735c871dc519838cb235bb,hx4dc7903504bb800a462378348a42f53742759e0b,cxa0af3165c08318e988cb30993b3048335b94af6c,0x5b6a1b02aec9d4000,0xdcdab554eb155a4c2cfc8ecc056253bb4067fe95a935af3bd08dbe9f5ab831e4,0,94197749,105.3937136531059,1741076290587631,Balanced Dollar,0.02221895,bnUSD,0,1,2025-03-04
cx65c9e3d4fea842e00add0d32a5b4c5e4e04c7a6b,cx21e94c08c03daee80c25d8ee3ea22a20786ec231,hx4dc7903504bb800a462378348a42f53742759e0b,0x2d91ea89,0x9496b11cfc60fd741fdbd5913e58b9c8d5dbd3f74d93a8aca1b63557218cd95b,12,94197747,0.764537481,1741076286788679,Solana,0.218668025,SOL,0,2,2025-03-04
cx88fd7df7ddff82f7cc735c871dc519838cb235bb,cxa0af3165c08318e988cb30993b3048335b94af6c,cx5faae53c4dbd1fbe4a2eb4aab6565030f10da5c6,0x231cb17bbec20e9,0x9496b11cfc60fd741fdbd5913e58b9c8d5dbd3f74d93a8aca1b63557218cd95b,10,94197747,0.15813076473217866,1741076286788679,Balanced Dollar,0.218668025,bnUSD,0,2,2025-03-04
cx65c9e3d4fea842e00add0d32a5b4c5e4e04c7a6b,cxa0af3165c08318e988cb30993b3048335b94af6c,cx21e94c08c03daee80c25d8ee3ea22a20786ec231,0x2d91ea89,0x9496b11cfc60fd741fdbd5913e58b9c8d5dbd3f74d93a8aca1b63557218cd95b,9,94197747,0.764537481,1741076286788679,Solana,0.218668025,SOL,0,2,2025-03-04
cx88fd7df7ddff82f7cc735c871dc519838cb235bb,cx21e94c08c03daee80c25d8ee3ea22a20786ec231,cxa0af3165c08318e988cb30993b3048335b94af6c,0x5b700e3240c405f7d,0x9496b11cfc60fd741fdbd5913e58b9c8d5dbd3f74d93a8aca1b63557218cd95b,8,94197747,105.42050982145244,1741076286788679,Balanced Dollar,0.218668025,bnUSD,0,2,2025-03-04
cx88fd7df7ddff82f7cc735c871dc519838cb235bb,cxa0af3165c08318e988cb30993b3048335b94af6c,cx5faae53c4dbd1fbe4a2eb4aab6565030f10da5c6,0x2336a19c820a33e,0x9496b11cfc60fd741fdbd5913e58b9c8d5dbd3f74d93a8aca1b63557218cd95b,6,94197747,0.1585870708524081,1741076286788679,Balanced Dollar,0.218668025,bnUSD,0,2,2025-03-04
cx88fd7df7ddff82f7cc735c871dc519838cb235bb,cxa0af3165c08318e988cb30993b3048335b94af6c,cx21e94c08c03daee80c25d8ee3ea22a20786ec231,0x5b700e3240c405f7d,0x9496b11cfc60fd741fdbd5913e58b9c8d5dbd3f74d93a8aca1b63557218cd95b,5,94197747,105.42050982145244,1741076286788679,Balanced Dollar,0.218668025,bnUSD,0,2,2025-03-04
cx2609b924e33ef00b648a409245c7ea394c467824,cx21e94c08c03daee80c25d8ee3ea22a20786ec231,cxa0af3165c08318e988cb30993b3048335b94af6c,0x2884fcce93419c59e7,0x9496b11cfc60fd741fdbd5913e58b9c8d5dbd3f74d93a8aca1b63557218cd95b,4,94197747,747.452524187376,1741076286788679,Staked ICX,0.218668025,sICX,0,2,2025-03-04
cx2609b924e33ef00b648a409245c7ea394c467824,hx0000000000000000000000000000000000000000,cx21e94c08c03daee80c25d8ee3ea22a20786ec231,0x2884fcce93419c59e7,0x9496b11cfc60fd741fdbd5913e58b9c8d5dbd3f74d93a8aca1b63557218cd95b,2,94197747,747.452524187376,1741076286788679,Staked ICX,0.218668025,sICX,0,2,2025-03-04
cx88fd7df7ddff82f7cc735c871dc519838cb235bb,cx21e94c08c03daee80c25d8ee3ea22a20786ec231,hx4dc7903504bb800a462378348a42f53742759e0b,0x5b75cffa7cf6ef859,0x8b88ff52580c74ff4b9e1cf1f2ab70014936f41a30364b4ecaab6c6eae8f88cd,8,94197747,105.44643687155073,1741076286788679,Balanced Dollar,0.171352175,bnUSD,0,1,2025-03-04
cx88fd7df7ddff82f7cc735c871dc519838cb235bb,cxa0af3165c08318e988cb30993b3048335b94af6c,cx5faae53c4dbd1fbe4a2eb4aab6565030f10da5c6,0x2338d9244f131b1,0x8b88ff52580c74ff4b9e1cf1f2ab70014936f41a30364b4ecaab6c6eae8f88cd,6,94197747,0.15862607124949854,1741076286788679,Balanced Dollar,0.171352175,bnUSD,0,1,2025-03-04
cx88fd7df7ddff82f7cc735c871dc519838cb235bb,cxa0af3165c08318e988cb30993b3048335b94af6c,cx21e94c08c03daee80c25d8ee3ea22a20786ec231,0x5b75cffa7cf6ef859,0x8b88ff52580c74ff4b9e1cf1f2ab70014936f41a30364b4ecaab6c6eae8f88cd,5,94197747,105.44643687155073,1741076286788679,Balanced Dollar,0.171352175,bnUSD,0,1,2025-03-04
cx2609b924e33ef00b648a409245c7ea394c467824,cx21e94c08c03daee80c25d8ee3ea22a20786ec231,cxa0af3165c08318e988cb30993b3048335b94af6c,0x2884fcce93419c59e7,0x8b88ff52580c74ff4b9e1cf1f2ab70014936f41a30364b4ecaab6c6eae8f88cd,4,94197747,747.452524187376,1741076286788679,Staked ICX,0.171352175,sICX,0,1,2025-03-04
cx2609b924e33ef00b648a409245c7ea394c467824,hx0000000000000000000000000000000000000000,cx21e94c08c03daee80c25d8ee3ea22a20786ec231,0x2884fcce93419c59e7,0x8b88ff52580c74ff4b9e1cf1f2ab70014936f41a30364b4ecaab6c6eae8f88cd,2,94197747,747.452524187376,1741076286788679,Staked ICX,0.171352175,sICX,0,1,2025-03-04
cx88fd7df7ddff82f7cc735c871dc519838cb235bb,cxa0af3165c08318e988cb30993b3048335b94af6c,hx4dc7903504bb800a462378348a42f53742759e0b,0x1db9a13b47584db,0x6d2bea8576b8277fa8938954955009c5fc0d16f44b6aaec0c610124ac64ce1a3,3,94197744,0.13387002336021833,1741076280752626,Balanced Dollar,0.0347524625,bnUSD,0,3,2025-03-04
cx508002ec116fbf3ab406329c0df28e70d7e75fb3,hx4dc7903504bb800a462378348a42f53742759e0b,cxa0af3165c08318e988cb30993b3048335b94af6c,0x45c830686,0x54d49f58aaa5d10ceafa6d1611ae05b79278ac03afbd648db643c86727e40f29,0,94197744,18.731959942,1741076280752626,Sui,0.0215512625,SUI,0,2,2025-03-04
cx88fd7df7ddff82f7cc735c871dc519838cb235bb,hx4dc7903504bb800a462378348a42f53742759e0b,cxa0af3165c08318e988cb30993b3048335b94af6c,0x27f563814aaede000,0xc7c2b7f44d79079fb533f7894c2e01140b7204f82cb1619ab96105acac745d09,0,94197744,46.06907109965128,1741076280752626,Balanced Dollar,0.02221895,bnUSD,0,1,2025-03-04
cx508002ec116fbf3ab406329c0df28e70d7e75fb3,cx21e94c08c03daee80c25d8ee3ea22a20786ec231,hx4dc7903504bb800a462378348a42f53742759e0b,0x45d11f6e1,0x20308b27d317d71bbdec532f1cb6ba65f86d8b63264fd808f701cd8d6e71d46b,12,94197742,18.741327585,1741076276768945,Sui,0.2186610375,SUI,0,2,2025-03-04
cx88fd7df7ddff82f7cc735c871dc519838cb235bb,cxa0af3165c08318e988cb30993b3048335b94af6c,cx5faae53c4dbd1fbe4a2eb4aab6565030f10da5c6,0xf59a0be9a9aec3,0x20308b27d317d71bbdec532f1cb6ba65f86d8b63264fd808f701cd8d6e71d46b,10,94197742,0.06913074524964014,1741076276768945,Balanced Dollar,0.2186610375,bnUSD,0,2,2025-03-04
cx508002ec116fbf3ab406329c0df28e70d7e75fb3,cxa0af3165c08318e988cb30993b3048335b94af6c,cx21e94c08c03daee80c25d8ee3ea22a20786ec231,0x45d11f6e1,0x20308b27d317d71bbdec532f1cb6ba65f86d8b63264fd808f701cd8d6e71d46b,9,94197742,18.741327585,1741076276768945,Sui,0.2186610375,SUI,0,2,2025-03-04
cx88fd7df7ddff82f7cc735c871dc519838cb235bb,cx21e94c08c03daee80c25d8ee3ea22a20786ec231,cxa0af3165c08318e988cb30993b3048335b94af6c,0x27f967f05d48c71ee,0x20308b27d317d71bbdec532f1cb6ba65f86d8b63264fd808f701cd8d6e71d46b,8,94197742,46.08716349976009,1741076276768945,Balanced Dollar,0.2186610375,bnUSD,0,2,2025-03-04
cx88fd7df7ddff82f7cc735c871dc519838cb235bb,cxa0af3165c08318e988cb30993b3048335b94af6c,cx5faae53c4dbd1fbe4a2eb4aab6565030f10da5c6,0xf653d84b7e4f6e,0x20308b27d317d71bbdec532f1cb6ba65f86d8b63264fd808f701cd8d6e71d46b,6,94197742,0.06933503271543179,1741076276768945,Balanced Dollar,0.2186610375,bnUSD,0,2,2025-03-04
cx88fd7df7ddff82f7cc735c871dc519838cb235bb,cxa0af3165c08318e988cb30993b3048335b94af6c,cx21e94c08c03daee80c25d8ee3ea22a20786ec231,0x27f967f05d48c71ee,0x20308b27d317d71bbdec532f1cb6ba65f86d8b63264fd808f701cd8d6e71d46b,5,94197742,46.08716349976009,1741076276768945,Balanced Dollar,0.2186610375,bnUSD,0,2,2025-03-04
cx2609b924e33ef00b648a409245c7ea394c467824,cx21e94c08c03daee80c25d8ee3ea22a20786ec231,cxa0af3165c08318e988cb30993b3048335b94af6c,0x11b4e4099cf9976af9,0x20308b27d317d71bbdec532f1cb6ba65f86d8b63264fd808f701cd8d6e71d46b,4,94197742,326.62920304438643,1741076276768945,Staked ICX,0.2186610375,sICX,0,2,2025-03-04
cx2609b924e33ef00b648a409245c7ea394c467824,hx0000000000000000000000000000000000000000,cx21e94c08c03daee80c25d8ee3ea22a20786ec231,0x11b4e4099cf9976af9,0x20308b27d317d71bbdec532f1cb6ba65f86d8b63264fd808f701cd8d6e71d46b,2,94197742,326.62920304438643,1741076276768945,Staked ICX,0.2186610375,sICX,0,2,2025-03-04
cx88fd7df7ddff82f7cc735c871dc519838cb235bb,cx21e94c08c03daee80c25d8ee3ea22a20786ec231,hx4dc7903504bb800a462378348a42f53742759e0b,0x27fa81859533cb9a6,0x817d1b9f317bca8fda765e70caa0df742e5e6e455b5b07217a91e45ab0903cc6,8,94197742,46.092117158250986,1741076276768945,Balanced Dollar,0.1713504875,bnUSD,0,1,2025-03-04
cx88fd7df7ddff82f7cc735c871dc519838cb235bb,cxa0af3165c08318e988cb30993b3048335b94af6c,cx5faae53c4dbd1fbe4a2eb4aab6565030f10da5c6,0xf65a9f67e7b6b7,0x817d1b9f317bca8fda765e70caa0df742e5e6e455b5b07217a91e45ab0903cc6,6,94197742,0.06934248496036012,1741076276768945,Balanced Dollar,0.1713504875,bnUSD,0,1,2025-03-04
cx88fd7df7ddff82f7cc735c871dc519838cb235bb,cxa0af3165c08318e988cb30993b3048335b94af6c,cx21e94c08c03daee80c25d8ee3ea22a20786ec231,0x27fa81859533cb9a6,0x817d1b9f317bca8fda765e70caa0df742e5e6e455b5b07217a91e45ab0903cc6,5,94197742,46.092117158250986,1741076276768945,Balanced Dollar,0.1713504875,bnUSD,0,1,2025-03-04
cx2609b924e33ef00b648a409245c7ea394c467824,cx21e94c08c03daee80c25d8ee3ea22a20786ec231,cxa0af3165c08318e988cb30993b3048335b94af6c,0x11b4e4099cf9976af9,0x817d1b9f317bca8fda765e70caa0df742e5e6e455b5b07217a91e45ab0903cc6,4,94197742,326.62920304438643,1741076276768945,Staked ICX,0.1713504875,sICX,0,1,2025-03-04
cx2609b924e33ef00b648a409245c7ea394c467824,hx0000000000000000000000000000000000000000,cx21e94c08c03daee80c25d8ee3ea22a20786ec231,0x11b4e4099cf9976af9,0x817d1b9f317bca8fda765e70caa0df742e5e6e455b5b07217a91e45ab0903cc6,2,94197742,326.62920304438643,1741076276768945,Staked ICX,0.1713504875,sICX,0,1,2025-03-04
cx508002ec116fbf3ab406329c0df28e70d7e75fb3,hx0000000000000000000000000000000000000000,cx66d4d90f5f113eba575bf793570135f9b10cece1,0x175298e680,0x8c55017f027e51b03c51a856b2b7d6e31c63861810739e865405663253e0b089,1,94197739,100.17,1741076270735454,Sui,0.0365237875,SUI,0,1,2025-03-04
cx88fd7df7ddff82f7cc735c871dc519838cb235bb,cxa0af3165c08318e988cb30993b3048335b94af6c,hx4dc7903504bb800a462378348a42f53742759e0b,0x302029d8cfcdf94,0x98209a3061b2616b0c339225abeadc770b9ff23769840f4431e19d8e1eea40d5,3,94197717,0.2167386077657087,1741076226753130,Balanced Dollar,0.0347563375,bnUSD,0,3,2025-03-04
cx288d13e1b63563459a2ac6179f237711f6851cb5,hx4dc7903504bb800a462378348a42f53742759e0b,cxa0af3165c08318e988cb30993b3048335b94af6c,0x7a58925c50b294,0x32191ac7668779900ef0ab79084bf6cae1e5974e8502efdc075e69ad87ba0922,0,94197717,0.034437332795962006,1741076226753130,Ethereum,0.0216352,ETH,0,2,2025-03-04
cx88fd7df7ddff82f7cc735c871dc519838cb235bb,hx4dc7903504bb800a462378348a42f53742759e0b,cxa0af3165c08318e988cb30993b3048335b94af6c,0x3e8e1fe8a24800000,0x491e252916dbeff2e2dc8f59f4cb9d72c5f15d2be19ef4922b818f6b213e50b4,0,94197717,72.12120577695914,1741076226753130,Balanced Dollar,0.02221895,bnUSD,0,1,2025-03-04
cx288d13e1b63563459a2ac6179f237711f6851cb5,cx21e94c08c03daee80c25d8ee3ea22a20786ec231,hx4dc7903504bb800a462378348a42f53742759e0b,0x7a683b5fb6800b,0x2e0135ea9d7374eec39cc587f625b107d09512dde2b71d645ee963085d3a5bde,12,94197715,0.034454551376855054,1741076222579309,Ethereum,0.2317318125,ETH,0,2,2025-03-04
cx88fd7df7ddff82f7cc735c871dc519838cb235bb,cxa0af3165c08318e988cb30993b3048335b94af6c,cx5faae53c4dbd1fbe4a2eb4aab6565030f10da5c6,0x18077715178f447,0x2e0135ea9d7374eec39cc587f625b107d09512dde2b71d645ee963085d3a5bde,10,94197715,0.10821771963878304,1741076222579309,Balanced Dollar,0.2317318125,bnUSD,0,2,2025-03-04
cx288d13e1b63563459a2ac6179f237711f6851cb5,cxa0af3165c08318e988cb30993b3048335b94af6c,cx21e94c08c03daee80c25d8ee3ea22a20786ec231,0x7a683b5fb6800b,0x2e0135ea9d7374eec39cc587f625b107d09512dde2b71d645ee963085d3a5bde,9,94197715,0.034454551376855054,1741076222579309,Ethereum,0.2317318125,ETH,0,2,2025-03-04
cx88fd7df7ddff82f7cc735c871dc519838cb235bb,cx21e94c08c03daee80c25d8ee3ea22a20786ec231,cxa0af3165c08318e988cb30993b3048335b94af6c,0x3e9370c6ed5a6cfe5,0x2e0135ea9d7374eec39cc587f625b107d09512dde2b71d645ee963085d3a5bde,8,94197715,72.14514642585536,1741076222579309,Balanced Dollar,0.2317318125,bnUSD,0,2,2025-03-04
cx88fd7df7ddff82f7cc735c871dc519838cb235bb,cxa0af3165c08318e988cb30993b3048335b94af6c,cx5faae53c4dbd1fbe4a2eb4aab6565030f10da5c6,0x181974ac8cbbb57,0x2e0135ea9d7374eec39cc587f625b107d09512dde2b71d645ee963085d3a5bde,6,94197715,0.10853421348577161,1741076222579309,Balanced Dollar,0.2317318125,bnUSD,0,2,2025-03-04
cx88fd7df7ddff82f7cc735c871dc519838cb235bb,cxa0af3165c08318e988cb30993b3048335b94af6c,cx21e94c08c03daee80c25d8ee3ea22a20786ec231,0x3e9370c6ed5a6cfe5,0x2e0135ea9d7374eec39cc587f625b107d09512dde2b71d645ee963085d3a5bde,5,94197715,72.14514642585536,1741076222579309,Balanced Dollar,0.2317318125,bnUSD,0,2,2025-03-04
cx2609b924e33ef00b648a409245c7ea394c467824,cx21e94c08c03daee80c25d8ee3ea22a20786ec231,cxa0af3165c08318e988cb30993b3048335b94af6c,0x1bb613608d33f627fe,0x2e0135ea9d7374eec39cc587f625b107d09512dde2b71d645ee963085d3a5bde,4,94197715,511.1820262891967,1741076222579309,Staked ICX,0.2317318125,sICX,0,2,2025-03-04
cx2609b924e33ef00b648a409245c7ea394c467824,hx0000000000000000000000000000000000000000,cx21e94c08c03daee80c25d8ee3ea22a20786ec231,0x1bb613608d33f627fe,0x2e0135ea9d7374eec39cc587f625b107d09512dde2b71d645ee963085d3a5bde,2,94197715,511.1820262891967,1741076222579309,Staked ICX,0.2317318125,sICX,0,2,2025-03-04
cx88fd7df7ddff82f7cc735c871dc519838cb235bb,cx21e94c08c03daee80c25d8ee3ea22a20786ec231,hx4dc7903504bb800a462378348a42f53742759e0b,0x3e9622bdf9e77d3ae,0x35c78e3debdf5bec14f055449d0164ba61a6d277f19f849485bee81b4dfe165d,14,94197715,72.15728441911986,1741076222579309,Balanced Dollar,0.2172161625,bnUSD,0,1,2025-03-04
cx88fd7df7ddff82f7cc735c871dc519838cb235bb,cx203d9cd2a669be67177e997b8948ce2c35caffae,cx835b300dcfe01f0bdb794e134a0c5628384f4367,0x4894025aae5c928f,0x35c78e3debdf5bec14f055449d0164ba61a6d277f19f849485bee81b4dfe165d,11,94197715,5.229807655779603,1741076222579309,Balanced Dollar,0.2172161625,bnUSD,0,1,2025-03-04
cx88fd7df7ddff82f7cc735c871dc519838cb235bb,cx5faae53c4dbd1fbe4a2eb4aab6565030f10da5c6,cx203d9cd2a669be67177e997b8948ce2c35caffae,0x67aedecaaff1f5f1,0x35c78e3debdf5bec14f055449d0164ba61a6d277f19f849485bee81b4dfe165d,9,94197715,7.471153793970862,1741076222579309,Balanced Dollar,0.2172161625,bnUSD,0,1,2025-03-04
cx88fd7df7ddff82f7cc735c871dc519838cb235bb,cx5faae53c4dbd1fbe4a2eb4aab6565030f10da5c6,cxdc30a0d3a1f131565c071272a20bc0b06fd4c17b,0x67aedecaaff1f5f0,0x35c78e3debdf5bec14f055449d0164ba61a6d277f19f849485bee81b4dfe165d,8,94197715,7.471153793970862,1741076222579309,Balanced Dollar,0.2172161625,bnUSD,0,1,2025-03-04
cx88fd7df7ddff82f7cc735c871dc519838cb235bb,cxa0af3165c08318e988cb30993b3048335b94af6c,cx5faae53c4dbd1fbe4a2eb4aab6565030f10da5c6,0x181a7e625f44583,0x35c78e3debdf5bec14f055449d0164ba61a6d277f19f849485bee81b4dfe165d,7,94197715,0.1085524729546848,1741076222579309,Balanced Dollar,0.2172161625,bnUSD,0,1,2025-03-04
cx88fd7df7ddff82f7cc735c871dc519838cb235bb,cxa0af3165c08318e988cb30993b3048335b94af6c,cx21e94c08c03daee80c25d8ee3ea22a20786ec231,0x3e9622bdf9e77d3ae,0x35c78e3debdf5bec14f055449d0164ba61a6d277f19f849485bee81b4dfe165d,6,94197715,72.15728441911986,1741076222579309,Balanced Dollar,0.2172161625,bnUSD,0,1,2025-03-04
cx2609b924e33ef00b648a409245c7ea394c467824,cx21e94c08c03daee80c25d8ee3ea22a20786ec231,cxa0af3165c08318e988cb30993b3048335b94af6c,0x1bb613608d33f627fe,0x35c78e3debdf5bec14f055449d0164ba61a6d277f19f849485bee81b4dfe165d,5,94197715,511.1820262891967,1741076222579309,Staked ICX,0.2172161625,sICX,0,1,2025-03-04
cx2609b924e33ef00b648a409245c7ea394c467824,hx0000000000000000000000000000000000000000,cx21e94c08c03daee80c25d8ee3ea22a20786ec231,0x1bb613608d33f627fe,0x35c78e3debdf5bec14f055449d0164ba61a6d277f19f849485bee81b4dfe165d,3,94197715,511.1820262891967,1741076222579309,Staked ICX,0.2172161625,sICX,0,1,2025-03-04
cx88fd7df7ddff82f7cc735c871dc519838cb235bb,hx4dc7903504bb800a462378348a42f53742759e0b,cxa0af3165c08318e988cb30993b3048335b94af6c,0xbb19354ab67396c4,0x9ea1267deab3337735424ae99625fb01ada708d33b54152a95050bad519b4a53,0,94197706,13.48186555451517,1741076204601967,Balanced Dollar,0.02221645,bnUSD,0,1,2025-03-04
cx508002ec116fbf3ab406329c0df28e70d7e75fb3,hx4dc7903504bb800a462378348a42f53742759e0b,cxa0af3165c08318e988cb30993b3048335b94af6c,0x147d35700,0x4665829d11d166ba171bb770b7653e4264ff184a798a6b3bc689c0d4908f9bc7,0,94197705,5.5,1741076202643666,Sui,0.0215512625,SUI,0,1,2025-03-04
cx22319ac7f412f53eabe3c9827acf5e27e9c6a95f,cx21e94c08c03daee80c25d8ee3ea22a20786ec231,hx0000000000000000000000000000000000000000,0x1deb3022,0xede32f3c3628dd055fb308d034da1779ab4e2f0d10843be24c5d871a4b5c781d,11,94197655,501.952546,1741076102611952,USDC,0.1657085125,USDC,0,1,2025-03-04
cx22319ac7f412f53eabe3c9827acf5e27e9c6a95f,cxa09dbb60dcb62fffbd232b6eae132d730a2aafa6,cx21e94c08c03daee80c25d8ee3ea22a20786ec231,0x1deb3022,0xede32f3c3628dd055fb308d034da1779ab4e2f0d10843be24c5d871a4b5c781d,10,94197655,501.952546,1741076102611952,USDC,0.1657085125,USDC,0,1,2025-03-04
cx88fd7df7ddff82f7cc735c871dc519838cb235bb,cxa09dbb60dcb62fffbd232b6eae132d730a2aafa6,cx5faae53c4dbd1fbe4a2eb4aab6565030f10da5c6,0x14f5fa9e2f212233,0xede32f3c3628dd055fb308d034da1779ab4e2f0d10843be24c5d871a4b5c781d,9,94197655,1.5103888073551468,1741076102611952,Balanced Dollar,0.1657085125,bnUSD,0,1,2025-03-04
cx88fd7df7ddff82f7cc735c871dc519838cb235bb,cxa09dbb60dcb62fffbd232b6eae132d730a2aafa6,hx0000000000000000000000000000000000000000,0x1b35fdae04840365c9,0xede32f3c3628dd055fb308d034da1779ab4e2f0d10843be24c5d871a4b5c781d,8,94197655,501.95254697769377,1741076102611952,Balanced Dollar,0.1657085125,bnUSD,0,1,2025-03-04
cx88fd7df7ddff82f7cc735c871dc519838cb235bb,cx21e94c08c03daee80c25d8ee3ea22a20786ec231,cxa09dbb60dcb62fffbd232b6eae132d730a2aafa6,0x1b4af3a8a2b32487fc,0xede32f3c3628dd055fb308d034da1779ab4e2f0d10843be24c5d871a4b5c781d,7,94197655,503.46293578504896,1741076102611952,Balanced Dollar,0.1657085125,bnUSD,0,1,2025-03-04
cx88fd7df7ddff82f7cc735c871dc519838cb235bb,cxa0af3165c08318e988cb30993b3048335b94af6c,cx5faae53c4dbd1fbe4a2eb4aab6565030f10da5c6,0xa7d1e0e9063dcc9,0xede32f3c3628dd055fb308d034da1779ab4e2f0d10843be24c5d871a4b5c781d,5,94197655,0.7557933603689505,1741076102611952,Balanced Dollar,0.1657085125,bnUSD,0,1,2025-03-04
cx88fd7df7ddff82f7cc735c871dc519838cb235bb,cxa0af3165c08318e988cb30993b3048335b94af6c,cx21e94c08c03daee80c25d8ee3ea22a20786ec231,0x1b4af3a8a2b32487fc,0xede32f3c3628dd055fb308d034da1779ab4e2f0d10843be24c5d871a4b5c781d,4,94197655,503.46293578504896,1741076102611952,Balanced Dollar,0.1657085125,bnUSD,0,1,2025-03-04
cx508002ec116fbf3ab406329c0df28e70d7e75fb3,cx21e94c08c03daee80c25d8ee3ea22a20786ec231,cxa0af3165c08318e988cb30993b3048335b94af6c,0x2fdbe4778c,0xede32f3c3628dd055fb308d034da1779ab4e2f0d10843be24c5d871a4b5c781d,3,94197655,205.552646028,1741076102611952,Sui,0.1657085125,SUI,0,1,2025-03-04
cx508002ec116fbf3ab406329c0df28e70d7e75fb3,hx0000000000000000000000000000000000000000,cx21e94c08c03daee80c25d8ee3ea22a20786ec231,0x2fdbe4778c,0xede32f3c3628dd055fb308d034da1779ab4e2f0d10843be24c5d871a4b5c781d,1,94197655,205.552646028,1741076102611952,Sui,0.1657085125,SUI,0,1,2025-03-04
cx22319ac7f412f53eabe3c9827acf5e27e9c6a95f,cx21e94c08c03daee80c25d8ee3ea22a20786ec231,hx0000000000000000000000000000000000000000,0x1204fda7,0xaeaf1efea33165a2dc51328452254804f07b0d7be41200e9e5273c8c1b38c63b,11,94197592,302.316967,1741075976675740,USDC,0.1657085125,USDC,0,1,2025-03-04
cx22319ac7f412f53eabe3c9827acf5e27e9c6a95f,cxa09dbb60dcb62fffbd232b6eae132d730a2aafa6,cx21e94c08c03daee80c25d8ee3ea22a20786ec231,0x1204fda7,0xaeaf1efea33165a2dc51328452254804f07b0d7be41200e9e5273c8c1b38c63b,10,94197592,302.316967,1741075976675740,USDC,0.1657085125,USDC,0,1,2025-03-04
cx88fd7df7ddff82f7cc735c871dc519838cb235bb,cxa09dbb60dcb62fffbd232b6eae132d730a2aafa6,cx5faae53c4dbd1fbe4a2eb4aab6565030f10da5c6,0xc9fd5167221f018,0xaeaf1efea33165a2dc51328452254804f07b0d7be41200e9e5273c8c1b38c63b,9,94197592,0.9096799421329531,1741075976675740,Balanced Dollar,0.1657085125,bnUSD,0,1,2025-03-04
cx88fd7df7ddff82f7cc735c871dc519838cb235bb,cxa09dbb60dcb62fffbd232b6eae132d730a2aafa6,hx0000000000000000000000000000000000000000,0x10637da0237f6405b0,0xaeaf1efea33165a2dc51328452254804f07b0d7be41200e9e5273c8c1b38c63b,8,94197592,302.3169674355181,1741075976675740,Balanced Dollar,0.1657085125,bnUSD,0,1,2025-03-04
cx88fd7df7ddff82f7cc735c871dc519838cb235bb,cx21e94c08c03daee80c25d8ee3ea22a20786ec231,cxa09dbb60dcb62fffbd232b6eae132d730a2aafa6,0x10701d7539f185f5c8,0xaeaf1efea33165a2dc51328452254804f07b0d7be41200e9e5273c8c1b38c63b,7,94197592,303.22664737765103,1741075976675740,Balanced Dollar,0.1657085125,bnUSD,0,1,2025-03-04
cx88fd7df7ddff82f7cc735c871dc519838cb235bb,cxa0af3165c08318e988cb30993b3048335b94af6c,cx5faae53c4dbd1fbe4a2eb4aab6565030f10da5c6,0x6529ff0fef08535,0xaeaf1efea33165a2dc51328452254804f07b0d7be41200e9e5273c8c1b38c63b,5,94197592,0.45560236973598445,1741075976675740,Balanced Dollar,0.1657085125,bnUSD,0,1,2025-03-04
cx88fd7df7ddff82f7cc735c871dc519838cb235bb,cxa0af3165c08318e988cb30993b3048335b94af6c,cx21e94c08c03daee80c25d8ee3ea22a20786ec231,0x10701d7539f185f5c8,0xaeaf1efea33165a2dc51328452254804f07b0d7be41200e9e5273c8c1b38c63b,4,94197592,303.22664737765103,1741075976675740,Balanced Dollar,0.1657085125,bnUSD,0,1,2025-03-04
cx508002ec116fbf3ab406329c0df28e70d7e75fb3,cx21e94c08c03daee80c25d8ee3ea22a20786ec231,cxa0af3165c08318e988cb30993b3048335b94af6c,0x1cb90aa98d,0xaeaf1efea33165a2dc51328452254804f07b0d7be41200e9e5273c8c1b38c63b,3,94197592,123.363568013,1741075976675740,Sui,0.1657085125,SUI,0,1,2025-03-04
cx508002ec116fbf3ab406329c0df28e70d7e75fb3,hx0000000000000000000000000000000000000000,cx21e94c08c03daee80c25d8ee3ea22a20786ec231,0x1cb90aa98d,0xaeaf1efea33165a2dc51328452254804f07b0d7be41200e9e5273c8c1b38c63b,1,94197592,123.363568013,1741075976675740,Sui,0.1657085125,SUI,0,1,2025-03-04
cx88fd7df7ddff82f7cc735c871dc519838cb235bb,cxa0af3165c08318e988cb30993b3048335b94af6c,cx5faae53c4dbd1fbe4a2eb4aab6565030f10da5c6,0xdba214fbbd3fbe,0x2a8b29fc7f169fb9ba65fd527ec16a5894bf10f43fbe8bab7ab49e987eaa1e04,2,94197503,0.061821230906163135,1741075798448950,Balanced Dollar,0.0473681375,bnUSD,0,1,2025-03-04
cx88fd7df7ddff82f7cc735c871dc519838cb235bb,cxa0af3165c08318e988cb30993b3048335b94af6c,hxd75467e3e4ce64e3424c747dfb71503017440433,0x23a65ee5d8624e339,0x2a8b29fc7f169fb9ba65fd527ec16a5894bf10f43fbe8bab7ab49e987eaa1e04,1,94197503,41.10151965971664,1741075798448950,Balanced Dollar,0.0473681375,bnUSD,0,1,2025-03-04
cx65c9e3d4fea842e00add0d32a5b4c5e4e04c7a6b,hxd75467e3e4ce64e3424c747dfb71503017440433,cxa0af3165c08318e988cb30993b3048335b94af6c,0x11e1a300,0x2a8b29fc7f169fb9ba65fd527ec16a5894bf10f43fbe8bab7ab49e987eaa1e04,0,94197503,0.3,1741075798448950,Solana,0.0473681375,SOL,0,1,2025-03-04
cx88fd7df7ddff82f7cc735c871dc519838cb235bb,cxa0af3165c08318e988cb30993b3048335b94af6c,cx5faae53c4dbd1fbe4a2eb4aab6565030f10da5c6,0x14db3890cf7f577,0x7e898df58816039527b09cc42e725870907df14624f887c0174f94bfb575ff23,2,94197495,0.09392856845411672,1741075782519089,Balanced Dollar,0.056975275,bnUSD,0,1,2025-03-04
cx88fd7df7ddff82f7cc735c871dc519838cb235bb,cxa0af3165c08318e988cb30993b3048335b94af6c,hxd75467e3e4ce64e3424c747dfb71503017440433,0x36287867e7bc2ad37,0x7e898df58816039527b09cc42e725870907df14624f887c0174f94bfb575ff23,1,94197495,62.44002343650189,1741075782519089,Balanced Dollar,0.056975275,bnUSD,0,1,2025-03-04
cx288d13e1b63563459a2ac6179f237711f6851cb5,hxd75467e3e4ce64e3424c747dfb71503017440433,cxa0af3165c08318e988cb30993b3048335b94af6c,0x6a94d74f430000,0x7e898df58816039527b09cc42e725870907df14624f887c0174f94bfb575ff23,0,94197495,0.03,1741075782519089,Ethereum,0.056975275,ETH,0,1,2025-03-04
cx88fd7df7ddff82f7cc735c871dc519838cb235bb,cxa0af3165c08318e988cb30993b3048335b94af6c,cx5faae53c4dbd1fbe4a2eb4aab6565030f10da5c6,0x14dcbb28c428d1c,0x3a14ef00bae4b6ab2750d992c99c46406b87642fc87e1e3695bd619182baff08,2,94197489,0.0939551349624374,1741075770551819,Balanced Dollar,0.056975275,bnUSD,0,1,2025-03-04
cx88fd7df7ddff82f7cc735c871dc519838cb235bb,cxa0af3165c08318e988cb30993b3048335b94af6c,hxd75467e3e4ce64e3424c747dfb71503017440433,0x362c645a5584e7b21,0x3a14ef00bae4b6ab2750d992c99c46406b87642fc87e1e3695bd619182baff08,1,94197489,62.45768505868776,1741075770551819,Balanced Dollar,0.056975275,bnUSD,0,1,2025-03-04
cx288d13e1b63563459a2ac6179f237711f6851cb5,hxd75467e3e4ce64e3424c747dfb71503017440433,cxa0af3165c08318e988cb30993b3048335b94af6c,0x6a94d74f430000,0x3a14ef00bae4b6ab2750d992c99c46406b87642fc87e1e3695bd619182baff08,0,94197489,0.03,1741075770551819,Ethereum,0.056975275,ETH,0,1,2025-03-04
cx88fd7df7ddff82f7cc735c871dc519838cb235bb,cxa0af3165c08318e988cb30993b3048335b94af6c,cx5faae53c4dbd1fbe4a2eb4aab6565030f10da5c6,0x14de3deab9e5b3b,0x9be4f52cc3b113e829d88343f54eec4ca55b2830fbc720ef7f35d42d3423fbf1,2,94197476,0.0939817127461753,1741075744470416,Balanced Dollar,0.056975275,bnUSD,0,1,2025-03-04
cx88fd7df7ddff82f7cc735c871dc519838cb235bb,cxa0af3165c08318e988cb30993b3048335b94af6c,hxd75467e3e4ce64e3424c747dfb71503017440433,0x363050b9da00cce6d,0x9be4f52cc3b113e829d88343f54eec4ca55b2830fbc720ef7f35d42d3423fbf1,1,94197476,62.47535417739004,1741075744470416,Balanced Dollar,0.056975275,bnUSD,0,1,2025-03-04
cx288d13e1b63563459a2ac6179f237711f6851cb5,hxd75467e3e4ce64e3424c747dfb71503017440433,cxa0af3165c08318e988cb30993b3048335b94af6c,0x6a94d74f430000,0x9be4f52cc3b113e829d88343f54eec4ca55b2830fbc720ef7f35d42d3423fbf1,0,94197476,0.03,1741075744470416,Ethereum,0.056975275,ETH,0,1,2025-03-04
cx88fd7df7ddff82f7cc735c871dc519838cb235bb,cx21e94c08c03daee80c25d8ee3ea22a20786ec231,hx970eda4988e547df0de8324226fdf3e8ebc9734f,0x2dac5ee339bae918e5,0x827ec29a803df9c7dbb7ee1ac21f7caf5966cc22b942a8cdf32b79bb26ebc612,5,94197443,842.5240979763527,1741075678459229,Balanced Dollar,0.0860250375,bnUSD,0,2,2025-03-04
cx88fd7df7ddff82f7cc735c871dc519838cb235bb,cxa0af3165c08318e988cb30993b3048335b94af6c,cx5faae53c4dbd1fbe4a2eb4aab6565030f10da5c6,0x11908c7fefee115e,0x827ec29a803df9c7dbb7ee1ac21f7caf5966cc22b942a8cdf32b79bb26ebc612,3,94197443,1.2656659764052012,1741075678459229,Balanced Dollar,0.0860250375,bnUSD,0,2,2025-03-04
cx88fd7df7ddff82f7cc735c871dc519838cb235bb,cxa0af3165c08318e988cb30993b3048335b94af6c,cx21e94c08c03daee80c25d8ee3ea22a20786ec231,0x2dac5ee339bae918e5,0x827ec29a803df9c7dbb7ee1ac21f7caf5966cc22b942a8cdf32b79bb26ebc612,2,94197443,842.5240979763527,1741075678459229,Balanced Dollar,0.0860250375,bnUSD,0,2,2025-03-04
cx07b184a37f03c6ab681fcbd0b45aec6dc3eafbeb,cx21e94c08c03daee80c25d8ee3ea22a20786ec231,cxa0af3165c08318e988cb30993b3048335b94af6c,0x2386f26fc10000,0x827ec29a803df9c7dbb7ee1ac21f7caf5966cc22b942a8cdf32b79bb26ebc612,1,94197443,0.01,1741075678459229,Bitcoin,0.0860250375,BTC,0,2,2025-03-04
cx07b184a37f03c6ab681fcbd0b45aec6dc3eafbeb,hx970eda4988e547df0de8324226fdf3e8ebc9734f,cx21e94c08c03daee80c25d8ee3ea22a20786ec231,0x2386f26fc10000,0x827ec29a803df9c7dbb7ee1ac21f7caf5966cc22b942a8cdf32b79bb26ebc612,0,94197443,0.01,1741075678459229,Bitcoin,0.0860250375,BTC,0,2,2025-03-04
cx88fd7df7ddff82f7cc735c871dc519838cb235bb,cx21e94c08c03daee80c25d8ee3ea22a20786ec231,hx2debd9ec927cca1639da8d3518dd9dbf1cdfb357,0xf4f8907d73ae19fab,0x35237a489872f0cd12b1ab9c81e422ce6364258923ca39c2fa6afae866d1db25,5,94197443,282.4322817274362,1741075678459229,Balanced Dollar,0.1127059125,bnUSD,0,1,2025-03-04
cx88fd7df7ddff82f7cc735c871dc519838cb235bb,cxa0af3165c08318e988cb30993b3048335b94af6c,cx5faae53c4dbd1fbe4a2eb4aab6565030f10da5c6,0x5e522199ed63777,0x35237a489872f0cd12b1ab9c81e422ce6364258923ca39c2fa6afae866d1db25,3,94197443,0.42478323329074574,1741075678459229,Balanced Dollar,0.1127059125,bnUSD,0,1,2025-03-04
cx88fd7df7ddff82f7cc735c871dc519838cb235bb,cxa0af3165c08318e988cb30993b3048335b94af6c,cx21e94c08c03daee80c25d8ee3ea22a20786ec231,0xf4f8907d73ae19fab,0x35237a489872f0cd12b1ab9c81e422ce6364258923ca39c2fa6afae866d1db25,2,94197443,282.4322817274362,1741075678459229,Balanced Dollar,0.1127059125,bnUSD,0,1,2025-03-04
cx2609b924e33ef00b648a409245c7ea394c467824,cx21e94c08c03daee80c25d8ee3ea22a20786ec231,cxa0af3165c08318e988cb30993b3048335b94af6c,0x6c6b935b8bbd400000,0x35237a489872f0cd12b1ab9c81e422ce6364258923ca39c2fa6afae866d1db25,1,94197443,2000.0,1741075678459229,Staked ICX,0.1127059125,sICX,0,1,2025-03-04
cx2609b924e33ef00b648a409245c7ea394c467824,hx2debd9ec927cca1639da8d3518dd9dbf1cdfb357,cx21e94c08c03daee80c25d8ee3ea22a20786ec231,0x6c6b935b8bbd400000,0x35237a489872f0cd12b1ab9c81e422ce6364258923ca39c2fa6afae866d1db25,0,94197443,2000.0,1741075678459229,Staked ICX,0.1127059125,sICX,0,1,2025-03-04
cx07b184a37f03c6ab681fcbd0b45aec6dc3eafbeb,cx21e94c08c03daee80c25d8ee3ea22a20786ec231,hx970eda4988e547df0de8324226fdf3e8ebc9734f,0x8e15c9105c3000,0xe58cf74f598811a14c6f9ea5c7f2f66be1b2850d7e329b9212de93dd2eb93d31,3,94197435,0.0399934,1741075662471026,Bitcoin,0.0409389125,BTC,0,1,2025-03-04
cx07b184a37f03c6ab681fcbd0b45aec6dc3eafbeb,hx0000000000000000000000000000000000000000,cx21e94c08c03daee80c25d8ee3ea22a20786ec231,0x8e15c9105c3000,0xe58cf74f598811a14c6f9ea5c7f2f66be1b2850d7e329b9212de93dd2eb93d31,1,94197435,0.0399934,1741075662471026,Bitcoin,0.0409389125,BTC,0,1,2025-03-04
cx22319ac7f412f53eabe3c9827acf5e27e9c6a95f,cx21e94c08c03daee80c25d8ee3ea22a20786ec231,hx0000000000000000000000000000000000000000,0x866891c0,0x688449b95cfbe475bc4b60ac61b3237dcfb26803146bbe90298285e2d8ee8a5a,7,94197296,2255.0,1741075384400348,USDC,0.104523675,USDC,0,1,2025-03-04
cx22319ac7f412f53eabe3c9827acf5e27e9c6a95f,cxa09dbb60dcb62fffbd232b6eae132d730a2aafa6,cx21e94c08c03daee80c25d8ee3ea22a20786ec231,0x866891c0,0x688449b95cfbe475bc4b60ac61b3237dcfb26803146bbe90298285e2d8ee8a5a,4,94197296,2255.0,1741075384400348,USDC,0.104523675,USDC,0,1,2025-03-04
cx88fd7df7ddff82f7cc735c871dc519838cb235bb,cxa09dbb60dcb62fffbd232b6eae132d730a2aafa6,cx5faae53c4dbd1fbe4a2eb4aab6565030f10da5c6,0x5e2a6d64c7e090d1,0x688449b95cfbe475bc4b60ac61b3237dcfb26803146bbe90298285e2d8ee8a5a,3,94197296,6.785356068204614,1741075384400348,Balanced Dollar,0.104523675,bnUSD,0,1,2025-03-04
cx88fd7df7ddff82f7cc735c871dc519838cb235bb,cxa09dbb60dcb62fffbd232b6eae132d730a2aafa6,hx0000000000000000000000000000000000000000,0x7a3e69587f79dc0000,0x688449b95cfbe475bc4b60ac61b3237dcfb26803146bbe90298285e2d8ee8a5a,2,94197296,2255.0,1741075384400348,Balanced Dollar,0.104523675,bnUSD,0,1,2025-03-04
cx88fd7df7ddff82f7cc735c871dc519838cb235bb,cx21e94c08c03daee80c25d8ee3ea22a20786ec231,cxa09dbb60dcb62fffbd232b6eae132d730a2aafa6,0x7a9c93c5e441bc90d1,0x688449b95cfbe475bc4b60ac61b3237dcfb26803146bbe90298285e2d8ee8a5a,1,94197296,2261.7853560682047,1741075384400348,Balanced Dollar,0.104523675,bnUSD,0,1,2025-03-04
cx88fd7df7ddff82f7cc735c871dc519838cb235bb,hx970eda4988e547df0de8324226fdf3e8ebc9734f,cx21e94c08c03daee80c25d8ee3ea22a20786ec231,0x7a9c93c5e441bc90d1,0x688449b95cfbe475bc4b60ac61b3237dcfb26803146bbe90298285e2d8ee8a5a,0,94197296,2261.7853560682047,1741075384400348,Balanced Dollar,0.104523675,bnUSD,0,1,2025-03-04
cx88fd7df7ddff82f7cc735c871dc519838cb235bb,cx21e94c08c03daee80c25d8ee3ea22a20786ec231,hx2debd9ec927cca1639da8d3518dd9dbf1cdfb357,0xf521df5bd74e2b6aa,0xfeb3e10f035b326b2a53c1db18b1df03db02f4d5d5b253d64e39f994889886f9,5,94197294,282.6183167851366,1741075380441656,Balanced Dollar,0.1127019125,bnUSD,0,1,2025-03-04
cx88fd7df7ddff82f7cc735c871dc519838cb235bb,cxa0af3165c08318e988cb30993b3048335b94af6c,cx5faae53c4dbd1fbe4a2eb4aab6565030f10da5c6,0x5e62088e86defcc,0xfeb3e10f035b326b2a53c1db18b1df03db02f4d5d5b253d64e39f994889886f9,3,94197294,0.4250629872202506,1741075380441656,Balanced Dollar,0.1127019125,bnUSD,0,1,2025-03-04
cx88fd7df7ddff82f7cc735c871dc519838cb235bb,cxa0af3165c08318e988cb30993b3048335b94af6c,cx21e94c08c03daee80c25d8ee3ea22a20786ec231,0xf521df5bd74e2b6aa,0xfeb3e10f035b326b2a53c1db18b1df03db02f4d5d5b253d64e39f994889886f9,2,94197294,282.6183167851366,1741075380441656,Balanced Dollar,0.1127019125,bnUSD,0,1,2025-03-04
cx2609b924e33ef00b648a409245c7ea394c467824,cx21e94c08c03daee80c25d8ee3ea22a20786ec231,cxa0af3165c08318e988cb30993b3048335b94af6c,0x6c6b935b8bbd400000,0xfeb3e10f035b326b2a53c1db18b1df03db02f4d5d5b253d64e39f994889886f9,1,94197294,2000.0,1741075380441656,Staked ICX,0.1127019125,sICX,0,1,2025-03-04
cx2609b924e33ef00b648a409245c7ea394c467824,hx2debd9ec927cca1639da8d3518dd9dbf1cdfb357,cx21e94c08c03daee80c25d8ee3ea22a20786ec231,0x6c6b935b8bbd400000,0xfeb3e10f035b326b2a53c1db18b1df03db02f4d5d5b253d64e39f994889886f9,0,94197294,2000.0,1741075380441656,Staked ICX,0.1127019125,sICX,0,1,2025-03-04
cx88fd7df7ddff82f7cc735c871dc519838cb235bb,hx53796e5b7b4c5c8e5531b2c965f73460a2708db3,hx0000000000000000000000000000000000000000,0x1bfa93587b0d7348c6,0x0ff17de533dd76d829ef18b9ada0d118ac969719778ac0f3f323bdfac41d71a3,0,94197283,516.1179626067462,1741075358352230,Balanced Dollar,0.0604655375,bnUSD,0,1,2025-03-04
cx88fd7df7ddff82f7cc735c871dc519838cb235bb,cxa0af3165c08318e988cb30993b3048335b94af6c,hx4dc7903504bb800a462378348a42f53742759e0b,0xbd62fa5,0x5567842fd9617bcd0f3a8d7e1b310694fa30aba2c0e07b2fc1966e7f4ebec498,3,94197282,1.98586277e-10,1741075356385026,Balanced Dollar,0.034723775,bnUSD,0,1,2025-03-04
cx88fd7df7ddff82f7cc735c871dc519838cb235bb,hx4dc7903504bb800a462378348a42f53742759e0b,cxa0af3165c08318e988cb30993b3048335b94af6c,0x4f68a78023dabf829,0xd42d65e535d9f1cec1bf2ef60d08ffbfa16bac02c48494a6c1e0226c901069b7,0,94197278,91.5521199259745,1741075348318724,Balanced Dollar,0.02221895,bnUSD,0,1,2025-03-04
cx508002ec116fbf3ab406329c0df28e70d7e75fb3,hx4dc7903504bb800a462378348a42f53742759e0b,cxa0af3165c08318e988cb30993b3048335b94af6c,0x8a27c057d,0x85250e5d9816190c2f53878d916ba61c99554c3c43f7fe3eed433ab3e1254796,0,94197276,37.085775229,1741075344344725,Sui,0.0215552625,SUI,0,1,2025-03-04
cx2609b924e33ef00b648a409245c7ea394c467824,cx43e2eec79eb76293c298f2b17aec06097be606e0,hx0000000000000000000000000000000000000000,0x1c4fb2b67c85b38f7b,0xbdaa26988cc87d344f9375febb9d1c3fc1b70f37e72dfcdf5aad3d305bc311b7,1,94197269,522.2516871846536,1741075330411420,Staked ICX,0.0857343125,sICX,0,1,2025-03-04
cx2609b924e33ef00b648a409245c7ea394c467824,hx9994eeff7490131f381ba2927aa0ff4298817076,cx43e2eec79eb76293c298f2b17aec06097be606e0,0x1c4fb2b67c85b38f7b,0xbdaa26988cc87d344f9375febb9d1c3fc1b70f37e72dfcdf5aad3d305bc311b7,0,94197269,522.2516871846536,1741075330411420,Staked ICX,0.0857343125,sICX,0,1,2025-03-04
cx88fd7df7ddff82f7cc735c871dc519838cb235bb,cxd82fb5d3effecd8c9071a4bba3856ad7222c4b91,hx970eda4988e547df0de8324226fdf3e8ebc9734f,0x908fb981553cdebb76,0xfe315ff818561b94c046ed796c8fb18a672f92a02b3b0ec6dfd8460ec3b0e747,0,94197268,2666.687597635384,1741075328362311,Balanced Dollar,0.0206975,bnUSD,0,1,2025-03-04
cx88fd7df7ddff82f7cc735c871dc519838cb235bb,cx21e94c08c03daee80c25d8ee3ea22a20786ec231,hx53796e5b7b4c5c8e5531b2c965f73460a2708db3,0x1bfbebd292afe04b4f,0x077fe9e60c48005888c0f341c55942831c8bddf2d4bd0ea0138480c88bbdb0b4,8,94197250,516.2149242406625,1741075292471638,Balanced Dollar,0.171452375,bnUSD,0,1,2025-03-04
cx88fd7df7ddff82f7cc735c871dc519838cb235bb,cxa0af3165c08318e988cb30993b3048335b94af6c,cx5faae53c4dbd1fbe4a2eb4aab6565030f10da5c6,0xac59059164084b3,0x077fe9e60c48005888c0f341c55942831c8bddf2d4bd0ea0138480c88bbdb0b4,6,94197250,0.7761852230910947,1741075292471638,Balanced Dollar,0.171452375,bnUSD,0,1,2025-03-04
cx88fd7df7ddff82f7cc735c871dc519838cb235bb,cxa0af3165c08318e988cb30993b3048335b94af6c,cx21e94c08c03daee80c25d8ee3ea22a20786ec231,0x1bfbebd292afe04b4f,0x077fe9e60c48005888c0f341c55942831c8bddf2d4bd0ea0138480c88bbdb0b4,5,94197250,516.2149242406625,1741075292471638,Balanced Dollar,0.171452375,bnUSD,0,1,2025-03-04
cx2609b924e33ef00b648a409245c7ea394c467824,cx21e94c08c03daee80c25d8ee3ea22a20786ec231,cxa0af3165c08318e988cb30993b3048335b94af6c,0xc5d99cb45b69123b49,0x077fe9e60c48005888c0f341c55942831c8bddf2d4bd0ea0138480c88bbdb0b4,4,94197250,3649.6891888280766,1741075292471638,Staked ICX,0.171452375,sICX,0,1,2025-03-04
cx2609b924e33ef00b648a409245c7ea394c467824,hx0000000000000000000000000000000000000000,cx21e94c08c03daee80c25d8ee3ea22a20786ec231,0xc5d99cb45b69123b49,0x077fe9e60c48005888c0f341c55942831c8bddf2d4bd0ea0138480c88bbdb0b4,2,94197250,3649.6891888280766,1741075292471638,Staked ICX,0.171452375,sICX,0,1,2025-03-04
cx88fd7df7ddff82f7cc735c871dc519838cb235bb,cxa0af3165c08318e988cb30993b3048335b94af6c,cx5faae53c4dbd1fbe4a2eb4aab6565030f10da5c6,0xdbc0307f2c558b,0xb687ebadbf6fe5ee6b96735a3b05049d78db59eeec8ed979e50b5eb1f415b936,2,94197192,0.061854334424208776,1741075176448143,Balanced Dollar,0.0473655125,bnUSD,0,1,2025-03-04
cx88fd7df7ddff82f7cc735c871dc519838cb235bb,cxa0af3165c08318e988cb30993b3048335b94af6c,hxd75467e3e4ce64e3424c747dfb71503017440433,0x23ab421d867221566,0xb687ebadbf6fe5ee6b96735a3b05049d78db59eeec8ed979e50b5eb1f415b936,1,94197192,41.12353131075378,1741075176448143,Balanced Dollar,0.0473655125,bnUSD,0,1,2025-03-04
cx65c9e3d4fea842e00add0d32a5b4c5e4e04c7a6b,hxd75467e3e4ce64e3424c747dfb71503017440433,cxa0af3165c08318e988cb30993b3048335b94af6c,0x11e1a300,0xb687ebadbf6fe5ee6b96735a3b05049d78db59eeec8ed979e50b5eb1f415b936,0,94197192,0.3,1741075176448143,Solana,0.0473655125,SOL,0,1,2025-03-04
cx88fd7df7ddff82f7cc735c871dc519838cb235bb,cxa0af3165c08318e988cb30993b3048335b94af6c,cx5faae53c4dbd1fbe4a2eb4aab6565030f10da5c6,0xdbde5234418a7e,0x8170bd6af8cd5f0902c85f5f76128b6245d2448a0e9e2ab73009e5fae1d9580a,2,94197181,0.061887464545028734,1741075154279710,Balanced Dollar,0.0473655125,bnUSD,0,1,2025-03-04
cx88fd7df7ddff82f7cc735c871dc519838cb235bb,cxa0af3165c08318e988cb30993b3048335b94af6c,hxd75467e3e4ce64e3424c747dfb71503017440433,0x23b02656a6542a021,0x8170bd6af8cd5f0902c85f5f76128b6245d2448a0e9e2ab73009e5fae1d9580a,1,94197181,41.14556065325008,1741075154279710,Balanced Dollar,0.0473655125,bnUSD,0,1,2025-03-04
cx65c9e3d4fea842e00add0d32a5b4c5e4e04c7a6b,hxd75467e3e4ce64e3424c747dfb71503017440433,cxa0af3165c08318e988cb30993b3048335b94af6c,0x11e1a300,0x8170bd6af8cd5f0902c85f5f76128b6245d2448a0e9e2ab73009e5fae1d9580a,0,94197181,0.3,1741075154279710,Solana,0.0473655125,SOL,0,1,2025-03-04
cx88fd7df7ddff82f7cc735c871dc519838cb235bb,cx21e94c08c03daee80c25d8ee3ea22a20786ec231,hx4dc7903504bb800a462378348a42f53742759e0b,0x5bde70bcf1274d39f,0xbbe72c35a6bf35beb92801d20ab3f637ba0dd3e7add8cf542872063e6f763177,10,94197178,105.91763934533208,1741075148270848,Balanced Dollar,0.1556625625,bnUSD,0,1,2025-03-04
cx88fd7df7ddff82f7cc735c871dc519838cb235bb,cxa0af3165c08318e988cb30993b3048335b94af6c,cx5faae53c4dbd1fbe4a2eb4aab6565030f10da5c6,0x2361235e5c59acf,0xbbe72c35a6bf35beb92801d20ab3f637ba0dd3e7add8cf542872063e6f763177,8,94197178,0.15933485951573065,1741075148270848,Balanced Dollar,0.1556625625,bnUSD,0,1,2025-03-04
cx88fd7df7ddff82f7cc735c871dc519838cb235bb,cxa0af3165c08318e988cb30993b3048335b94af6c,cx21e94c08c03daee80c25d8ee3ea22a20786ec231,0x5bde70bcf1274d39f,0xbbe72c35a6bf35beb92801d20ab3f637ba0dd3e7add8cf542872063e6f763177,7,94197178,105.91763934533208,1741075148270848,Balanced Dollar,0.1556625625,bnUSD,0,1,2025-03-04
cx2609b924e33ef00b648a409245c7ea394c467824,cx21e94c08c03daee80c25d8ee3ea22a20786ec231,cxa0af3165c08318e988cb30993b3048335b94af6c,0x2890d6476fae04b3bd,0xbbe72c35a6bf35beb92801d20ab3f637ba0dd3e7add8cf542872063e6f763177,6,94197178,748.3063706798463,1741075148270848,Staked ICX,0.1556625625,sICX,0,1,2025-03-04
cx2609b924e33ef00b648a409245c7ea394c467824,cxa0af3165c08318e988cb30993b3048335b94af6c,cx5faae53c4dbd1fbe4a2eb4aab6565030f10da5c6,0xf9ec753183fe0b3,0xbbe72c35a6bf35beb92801d20ab3f637ba0dd3e7add8cf542872063e6f763177,4,94197178,1.1255561165922552,1741075148270848,Staked ICX,0.1556625625,sICX,0,1,2025-03-04
cx2609b924e33ef00b648a409245c7ea394c467824,cxa0af3165c08318e988cb30993b3048335b94af6c,cx21e94c08c03daee80c25d8ee3ea22a20786ec231,0x2890d6476fae04b3bd,0xbbe72c35a6bf35beb92801d20ab3f637ba0dd3e7add8cf542872063e6f763177,3,94197178,748.3063706798463,1741075148270848,Staked ICX,0.1556625625,sICX,0,1,2025-03-04
cx3975b43d260fb8ec802cef6e60c2f4d07486f11d,cx21e94c08c03daee80c25d8ee3ea22a20786ec231,cxa0af3165c08318e988cb30993b3048335b94af6c,0x35ab028ac154b80000,0xbbe72c35a6bf35beb92801d20ab3f637ba0dd3e7add8cf542872063e6f763177,2,94197178,990.0,1741075148270848,Wrapped ICX,0.1556625625,wICX,0,1,2025-03-04
cx3975b43d260fb8ec802cef6e60c2f4d07486f11d,hx4dc7903504bb800a462378348a42f53742759e0b,cx21e94c08c03daee80c25d8ee3ea22a20786ec231,0x35ab028ac154b80000,0xbbe72c35a6bf35beb92801d20ab3f637ba0dd3e7add8cf542872063e6f763177,1,94197178,990.0,1741075148270848,Wrapped ICX,0.1556625625,wICX,0,1,2025-03-04
cx3975b43d260fb8ec802cef6e60c2f4d07486f11d,hx0000000000000000000000000000000000000000,hx4dc7903504bb800a462378348a42f53742759e0b,0x35ab028ac154b80000,0xbbe72c35a6bf35beb92801d20ab3f637ba0dd3e7add8cf542872063e6f763177,0,94197178,990.0,1741075148270848,Wrapped ICX,0.1556625625,wICX,0,1,2025-03-04
cx2609b924e33ef00b648a409245c7ea394c467824,cxa0af3165c08318e988cb30993b3048335b94af6c,hx9994eeff7490131f381ba2927aa0ff4298817076,0x1c0dba9b4875d5d610,0x6f8168e5993923b2b428a6bcc1e55b5f68348d34e3a33afb3a4acc25fa744172,6,94197073,517.4981078675456,1741074938210489,Staked ICX,0.0582434625,sICX,0,1,2025-03-04
cx3975b43d260fb8ec802cef6e60c2f4d07486f11d,hx9994eeff7490131f381ba2927aa0ff4298817076,hx0000000000000000000000000000000000000000,0x24fe7a1c79db9ab9b1,0x6f8168e5993923b2b428a6bcc1e55b5f68348d34e3a33afb3a4acc25fa744172,3,94197073,682.4197867960372,1741074938210489,Wrapped ICX,0.0582434625,wICX,0,1,2025-03-04
cx3975b43d260fb8ec802cef6e60c2f4d07486f11d,cxa0af3165c08318e988cb30993b3048335b94af6c,hx9994eeff7490131f381ba2927aa0ff4298817076,0x24fe7a1c79db9ab9b1,0x6f8168e5993923b2b428a6bcc1e55b5f68348d34e3a33afb3a4acc25fa744172,2,94197073,682.4197867960372,1741074938210489,Wrapped ICX,0.0582434625,wICX,0,1,2025-03-04
cxf61cd5a45dc9f91c15aa65831a30a90d59a09619,cx9345f80d6c98357ccbb70392b14162199c2c5f66,cxd82fb5d3effecd8c9071a4bba3856ad7222c4b91,0x60511b248442470,0x410734764fb0efeaeb7177c51ba01bb7059a9fdf25ffff0af33f134270d89a9b,4,94197023,0.4337723965253971,1741074838184645,Balance Token,0.130197175,BALN,0,1,2025-03-04
cx2609b924e33ef00b648a409245c7ea394c467824,cx9345f80d6c98357ccbb70392b14162199c2c5f66,cxd82fb5d3effecd8c9071a4bba3856ad7222c4b91,0x69f3076ca61442d5,0x410734764fb0efeaeb7177c51ba01bb7059a9fdf25ffff0af33f134270d89a9b,3,94197023,7.634453956547331,1741074838184645,Staked ICX,0.130197175,sICX,0,1,2025-03-04
cx88fd7df7ddff82f7cc735c871dc519838cb235bb,hx0000000000000000000000000000000000000000,cx5faae53c4dbd1fbe4a2eb4aab6565030f10da5c6,0x0,0x410734764fb0efeaeb7177c51ba01bb7059a9fdf25ffff0af33f134270d89a9b,2,94197023,0.0,1741074838184645,Balanced Dollar,0.130197175,bnUSD,0,1,2025-03-04
cx88fd7df7ddff82f7cc735c871dc519838cb235bb,hx0000000000000000000000000000000000000000,cxd82fb5d3effecd8c9071a4bba3856ad7222c4b91,0x1121a922c4a68ed0,0x410734764fb0efeaeb7177c51ba01bb7059a9fdf25ffff0af33f134270d89a9b,1,94197023,1.2344537396694586,1741074838184645,Balanced Dollar,0.130197175,bnUSD,0,1,2025-03-04
cx88fd7df7ddff82f7cc735c871dc519838cb235bb,hx67b63aeec61162dd93a0906e1900bdcdcd9c0cba,cxd82fb5d3effecd8c9071a4bba3856ad7222c4b91,0x153f0a0a4691663d1,0x410734764fb0efeaeb7177c51ba01bb7059a9fdf25ffff0af33f134270d89a9b,0,94197023,24.495255001266283,1741074838184645,Balanced Dollar,0.130197175,bnUSD,0,1,2025-03-04
cx7baf94bd53b505353285ee4c4c050f9703581703,hx9645117f1b0c7181a126c7f4f222caefc6ee7a61,hx9645117f1b0c7181a126c7f4f222caefc6ee7a61,0x0,0x763edf486ca558bbbb4c1a06d38086c039127f9a907dd34d34bdadc9c385f51d,2,94197008,0.0,1741074808176008,unknown_token,0.066576575,$unknown,34,1,2025-03-04
cx7baf94bd53b505353285ee4c4c050f9703581703,hx9645117f1b0c7181a126c7f4f222caefc6ee7a61,hx9645117f1b0c7181a126c7f4f222caefc6ee7a61,0x0,0x763edf486ca558bbbb4c1a06d38086c039127f9a907dd34d34bdadc9c385f51d,1,94197008,0.0,1741074808176008,unknown_token,0.066576575,$unknown,9,1,2025-03-04
cx7baf94bd53b505353285ee4c4c050f9703581703,hx9645117f1b0c7181a126c7f4f222caefc6ee7a61,hx9645117f1b0c7181a126c7f4f222caefc6ee7a61,0x0,0x763edf486ca558bbbb4c1a06d38086c039127f9a907dd34d34bdadc9c385f51d,0,94197008,0.0,1741074808176008,unknown_token,0.066576575,$unknown,5,1,2025-03-04
cx88fd7df7ddff82f7cc735c871dc519838cb235bb,hx67b63aeec61162dd93a0906e1900bdcdcd9c0cba,hx0000000000000000000000000000000000000000,0x10435a43a0ebca51ec,0x09b74c44a1916fc7f46d9efd714b309110ef979f32d0d853c983812497666152,0,94197005,300.0011710862277,1741074802207920,Balanced Dollar,0.0606649375,bnUSD,0,1,2025-03-04
cx88fd7df7ddff82f7cc735c871dc519838cb235bb,cxd82fb5d3effecd8c9071a4bba3856ad7222c4b91,hx67b63aeec61162dd93a0906e1900bdcdcd9c0cba,0x1187a905b65a110000,0x3af103058011e23ccae7f8d1b5db3ed052a307f1e2f22b04dbf199d74ebd20f8,0,94196987,323.37,1741074766202846,Balanced Dollar,0.020915375,bnUSD,0,1,2025-03-04
cx2609b924e33ef00b648a409245c7ea394c467824,hx0000000000000000000000000000000000000000,cx66d4d90f5f113eba575bf793570135f9b10cece1,0xc564e07eb9092b126c,0x3f241e62dfa95cb6759ff1b945ba59420d0168e76d787be6f0b1d93a5e65dac0,2,94196963,3641.2775316525453,1741074718158853,Staked ICX,0.1051858875,sICX,0,1,2025-03-04
cx88fd7df7ddff82f7cc735c871dc519838cb235bb,hx2fd0b7c84ca74de6dffbe9f5968f79d961517253,hx0000000000000000000000000000000000000000,0x878678326eac8fffff,0x26bee5617a3601b73b80a37422bf577fb54728acd16be4aab86d3431bdcaab33,0,94196912,2500.0,1741074616144561,Balanced Dollar,0.0606677125,bnUSD,0,1,2025-03-04
cx88fd7df7ddff82f7cc735c871dc519838cb235bb,cxd82fb5d3effecd8c9071a4bba3856ad7222c4b91,hx2fd0b7c84ca74de6dffbe9f5968f79d961517253,0x878678326eac900000,0x0d5158a19b6ce757b5adbf4d7d5e8c41bdc55224ee5c647967eeb0f48c8c66ea,0,94196904,2500.0,1741074600144245,Balanced Dollar,0.020668625,bnUSD,0,1,2025-03-04
cx88fd7df7ddff82f7cc735c871dc519838cb235bb,hx2fd0b7c84ca74de6dffbe9f5968f79d961517253,hx0000000000000000000000000000000000000000,0x87865bf0ab3071d47b,0xff01968868c5c1a6e0c95dee932e5f98efb147cf6b90d97af6227c6b12277d32,0,94196893,2499.992046392795,1741074578118439,Balanced Dollar,0.0606677125,bnUSD,0,1,2025-03-04
cxfe94530ee0d159db3e5b7dcffbcd0dfb360075c0,cx21e94c08c03daee80c25d8ee3ea22a20786ec231,hx970eda4988e547df0de8324226fdf3e8ebc9734f,0x1ccc9324511e4500039,0x08525104b3de7e7e7a66e80735b68b7cf36e5c64e8e5b26072445c4e1600f67b,5,94196888,8500.0,1741074568121879,Liquid Finance Staked ARCH,0.076644975,sARCH,0,1,2025-03-04
cx88fd7df7ddff82f7cc735c871dc519838cb235bb,cxa0af3165c08318e988cb30993b3048335b94af6c,cx5faae53c4dbd1fbe4a2eb4aab6565030f10da5c6,0x36b956135d3d7ac,0x08525104b3de7e7e7a66e80735b68b7cf36e5c64e8e5b26072445c4e1600f67b,3,94196888,0.2464548493692661,1741074568121879,Balanced Dollar,0.076644975,bnUSD,0,1,2025-03-04
cxfe94530ee0d159db3e5b7dcffbcd0dfb360075c0,cxa0af3165c08318e988cb30993b3048335b94af6c,cx21e94c08c03daee80c25d8ee3ea22a20786ec231,0x1ccc9324511e4500039,0x08525104b3de7e7e7a66e80735b68b7cf36e5c64e8e5b26072445c4e1600f67b,2,94196888,8500.0,1741074568121879,Liquid Finance Staked ARCH,0.076644975,sARCH,0,1,2025-03-04
cx88fd7df7ddff82f7cc735c871dc519838cb235bb,cx21e94c08c03daee80c25d8ee3ea22a20786ec231,cxa0af3165c08318e988cb30993b3048335b94af6c,0x8e82a57d18256fae0,0x08525104b3de7e7e7a66e80735b68b7cf36e5c64e8e5b26072445c4e1600f67b,1,94196888,164.30323291284407,1741074568121879,Balanced Dollar,0.076644975,bnUSD,0,1,2025-03-04
cx88fd7df7ddff82f7cc735c871dc519838cb235bb,hx970eda4988e547df0de8324226fdf3e8ebc9734f,cx21e94c08c03daee80c25d8ee3ea22a20786ec231,0x8e82a57d18256fae0,0x08525104b3de7e7e7a66e80735b68b7cf36e5c64e8e5b26072445c4e1600f67b,0,94196888,164.30323291284407,1741074568121879,Balanced Dollar,0.076644975,bnUSD,0,1,2025-03-04
cx88fd7df7ddff82f7cc735c871dc519838cb235bb,cxd82fb5d3effecd8c9071a4bba3856ad7222c4b91,hx2fd0b7c84ca74de6dffbe9f5968f79d961517253,0x878678326eac900000,0x14adddf3d4e79abbd6ea5a391341e4cd37f7aa86318d184b31f62a3334558a9e,0,94196886,2500.0,1741074564125851,Balanced Dollar,0.020668625,bnUSD,0,1,2025-03-04
cx88fd7df7ddff82f7cc735c871dc519838cb235bb,hx2fd0b7c84ca74de6dffbe9f5968f79d961517253,hx0000000000000000000000000000000000000000,0x76a3536f30d6f1870a,0xa44e225619191a900839f8e7918c8f8d87bff347ca2b39bc243ed24670117a6f,0,94196878,2188.4846732045316,1741074548120619,Balanced Dollar,0.0580713125,bnUSD,0,1,2025-03-04
cx88fd7df7ddff82f7cc735c871dc519838cb235bb,hx2fd0b7c84ca74de6dffbe9f5968f79d961517253,hx0000000000000000000000000000000000000000,0x9b035bbdd05c4cdce0,0xf0e6f6c9170d6f8aab714e6b6a6243db07bc80af136667f15fe79624a0d2465f,0,94196857,2859.487327132574,1741074506113260,Balanced Dollar,0.057886775,bnUSD,0,1,2025-03-04
cxe2da9f10bc6e2754347bde2ef73379bd398fd9f3,cx21e94c08c03daee80c25d8ee3ea22a20786ec231,hx970eda4988e547df0de8324226fdf3e8ebc9734f,0x152d02c7e14af6800232,0x3fe16625bd2831fa488cf9072c4f88a53c1ce51333dae1db8da0620c5566ea13,9,94196843,100000.0,1741074478084111,HAVAH,0.1668092,HVH,0,1,2025-03-04
cx2609b924e33ef00b648a409245c7ea394c467824,cxa0af3165c08318e988cb30993b3048335b94af6c,cx5faae53c4dbd1fbe4a2eb4aab6565030f10da5c6,0x1bf423c8d73ce3de,0x3fe16625bd2831fa488cf9072c4f88a53c1ce51333dae1db8da0620c5566ea13,7,94196843,2.0142742788529775,1741074478084111,Staked ICX,0.1668092,sICX,0,1,2025-03-04
cxe2da9f10bc6e2754347bde2ef73379bd398fd9f3,cxa0af3165c08318e988cb30993b3048335b94af6c,cx21e94c08c03daee80c25d8ee3ea22a20786ec231,0x152d02c7e14af6800232,0x3fe16625bd2831fa488cf9072c4f88a53c1ce51333dae1db8da0620c5566ea13,6,94196843,100000.0,1741074478084111,HAVAH,0.1668092,HVH,0,1,2025-03-04
cx2609b924e33ef00b648a409245c7ea394c467824,cx21e94c08c03daee80c25d8ee3ea22a20786ec231,cxa0af3165c08318e988cb30993b3048335b94af6c,0x48cbc7db05d93c1421,0x3fe16625bd2831fa488cf9072c4f88a53c1ce51333dae1db8da0620c5566ea13,5,94196843,1342.8495192353184,1741074478084111,Staked ICX,0.1668092,sICX,0,1,2025-03-04
cx88fd7df7ddff82f7cc735c871dc519838cb235bb,cxa0af3165c08318e988cb30993b3048335b94af6c,cx5faae53c4dbd1fbe4a2eb4aab6565030f10da5c6,0x3fae8253dae209e,0x3fe16625bd2831fa488cf9072c4f88a53c1ce51333dae1db8da0620c5566ea13,3,94196843,0.28679677293770356,1741074478084111,Balanced Dollar,0.1668092,bnUSD,0,1,2025-03-04
cx2609b924e33ef00b648a409245c7ea394c467824,cxa0af3165c08318e988cb30993b3048335b94af6c,cx21e94c08c03daee80c25d8ee3ea22a20786ec231,0x48cbc7db05d93c1421,0x3fe16625bd2831fa488cf9072c4f88a53c1ce51333dae1db8da0620c5566ea13,2,94196843,1342.8495192353184,1741074478084111,Staked ICX,0.1668092,sICX,0,1,2025-03-04
cx88fd7df7ddff82f7cc735c871dc519838cb235bb,cx21e94c08c03daee80c25d8ee3ea22a20786ec231,cxa0af3165c08318e988cb30993b3048335b94af6c,0xa5d673650a01f9bd3,0x3fe16625bd2831fa488cf9072c4f88a53c1ce51333dae1db8da0620c5566ea13,1,94196843,191.19784862513572,1741074478084111,Balanced Dollar,0.1668092,bnUSD,0,1,2025-03-04
cx88fd7df7ddff82f7cc735c871dc519838cb235bb,hx970eda4988e547df0de8324226fdf3e8ebc9734f,cx21e94c08c03daee80c25d8ee3ea22a20786ec231,0xa5d673650a01f9bd3,0x3fe16625bd2831fa488cf9072c4f88a53c1ce51333dae1db8da0620c5566ea13,0,94196843,191.19784862513572,1741074478084111,Balanced Dollar,0.1668092,bnUSD,0,1,2025-03-04
cx88fd7df7ddff82f7cc735c871dc519838cb235bb,cxd82fb5d3effecd8c9071a4bba3856ad7222c4b91,hx2fd0b7c84ca74de6dffbe9f5968f79d961517253,0x10f0cf064dd59200000,0x280d9ee4568c555972ff97b134138e07fc59ecf48404f72cdf0ae26609c7e9da,0,94196826,5000.0,1741074444077282,Balanced Dollar,0.02083775,bnUSD,0,1,2025-03-04
cxe2da9f10bc6e2754347bde2ef73379bd398fd9f3,cx21e94c08c03daee80c25d8ee3ea22a20786ec231,hx970eda4988e547df0de8324226fdf3e8ebc9734f,0x152d02c7e14af6800579,0x3f2d1b01952b762ea544427db2c59a8cf6e2ec266d4198c9ba49f84410c9e388,16,94196823,100000.0,1741074438071855,HAVAH,0.3659038875,HVH,0,1,2025-03-04
cx2609b924e33ef00b648a409245c7ea394c467824,cx203d9cd2a669be67177e997b8948ce2c35caffae,cx835b300dcfe01f0bdb794e134a0c5628384f4367,0x13499b4e46f2b7e9,0x3f2d1b01952b762ea544427db2c59a8cf6e2ec266d4198c9ba49f84410c9e388,13,94196823,1.389812720520575,1741074438071855,Staked ICX,0.3659038875,sICX,0,1,2025-03-04
cx2609b924e33ef00b648a409245c7ea394c467824,cx5faae53c4dbd1fbe4a2eb4aab6565030f10da5c6,cx203d9cd2a669be67177e997b8948ce2c35caffae,0x1b8db94b40c87472,0x3f2d1b01952b762ea544427db2c59a8cf6e2ec266d4198c9ba49f84410c9e388,10,94196823,1.9854467436008214,1741074438071855,Staked ICX,0.3659038875,sICX,0,1,2025-03-04
cx2609b924e33ef00b648a409245c7ea394c467824,cx5faae53c4dbd1fbe4a2eb4aab6565030f10da5c6,cxdc30a0d3a1f131565c071272a20bc0b06fd4c17b,0x1b8db94b40c87472,0x3f2d1b01952b762ea544427db2c59a8cf6e2ec266d4198c9ba49f84410c9e388,8,94196823,1.9854467436008214,1741074438071855,Staked ICX,0.3659038875,sICX,0,1,2025-03-04
cx2609b924e33ef00b648a409245c7ea394c467824,cxa0af3165c08318e988cb30993b3048335b94af6c,cx5faae53c4dbd1fbe4a2eb4aab6565030f10da5c6,0x1baf89071adc313f,0x3f2d1b01952b762ea544427db2c59a8cf6e2ec266d4198c9ba49f84410c9e388,7,94196823,1.9949638235568337,1741074438071855,Staked ICX,0.3659038875,sICX,0,1,2025-03-04
cxe2da9f10bc6e2754347bde2ef73379bd398fd9f3,cxa0af3165c08318e988cb30993b3048335b94af6c,cx21e94c08c03daee80c25d8ee3ea22a20786ec231,0x152d02c7e14af6800579,0x3f2d1b01952b762ea544427db2c59a8cf6e2ec266d4198c9ba49f84410c9e388,6,94196823,100000.0,1741074438071855,HAVAH,0.3659038875,HVH,0,1,2025-03-04
cx2609b924e33ef00b648a409245c7ea394c467824,cx21e94c08c03daee80c25d8ee3ea22a20786ec231,cxa0af3165c08318e988cb30993b3048335b94af6c,0x48191f82809d6ae9c3,0x3f2d1b01952b762ea544427db2c59a8cf6e2ec266d4198c9ba49f84410c9e388,5,94196823,1329.9758823712225,1741074438071855,Staked ICX,0.3659038875,sICX,0,1,2025-03-04
cx88fd7df7ddff82f7cc735c871dc519838cb235bb,cxa0af3165c08318e988cb30993b3048335b94af6c,cx5faae53c4dbd1fbe4a2eb4aab6565030f10da5c6,0x3f0b19d02d0c6e4,0x3f2d1b01952b762ea544427db2c59a8cf6e2ec266d4198c9ba49f84410c9e388,3,94196823,0.2839220644395599,1741074438071855,Balanced Dollar,0.3659038875,bnUSD,0,1,2025-03-04
cx2609b924e33ef00b648a409245c7ea394c467824,cxa0af3165c08318e988cb30993b3048335b94af6c,cx21e94c08c03daee80c25d8ee3ea22a20786ec231,0x48191f82809d6ae9c3,0x3f2d1b01952b762ea544427db2c59a8cf6e2ec266d4198c9ba49f84410c9e388,2,94196823,1329.9758823712225,1741074438071855,Staked ICX,0.3659038875,sICX,0,1,2025-03-04
cx88fd7df7ddff82f7cc735c871dc519838cb235bb,cx21e94c08c03daee80c25d8ee3ea22a20786ec231,cxa0af3165c08318e988cb30993b3048335b94af6c,0xa42ce88e1ffb09e7e,0x3f2d1b01952b762ea544427db2c59a8cf6e2ec266d4198c9ba49f84410c9e388,1,94196823,189.28137629303993,1741074438071855,Balanced Dollar,0.3659038875,bnUSD,0,1,2025-03-04
cx88fd7df7ddff82f7cc735c871dc519838cb235bb,hx970eda4988e547df0de8324226fdf3e8ebc9734f,cx21e94c08c03daee80c25d8ee3ea22a20786ec231,0xa42ce88e1ffb09e7e,0x3f2d1b01952b762ea544427db2c59a8cf6e2ec266d4198c9ba49f84410c9e388,0,94196823,189.28137629303993,1741074438071855,Balanced Dollar,0.3659038875,bnUSD,0,1,2025-03-04
cx28b2ec885b50c8a93da752f2d0467a67127a70e8,cx7127ae2887ef7676bf8014e995bd2ed4fd71f05b,cx5a0af85407c69945eb318d4ac18e9e842184163c,0x39ded0e8096104ccc,0xe08f799fd11178b8d75414c1b87978a60800f85a26b111d6e5d520988581fa1c,7,94196796,66.72000000000001,1741074382565347,CROWN,0.0415516375,CROWN,0,1,2025-03-04
cx28b2ec885b50c8a93da752f2d0467a67127a70e8,cx7127ae2887ef7676bf8014e995bd2ed4fd71f05b,hx0000000000000000000000000000000000000000,0x9a522d156e580ccc,0xe08f799fd11178b8d75414c1b87978a60800f85a26b111d6e5d520988581fa1c,5,94196796,11.120000000000003,1741074382565347,CROWN,0.0415516375,CROWN,0,1,2025-03-04
cx28b2ec885b50c8a93da752f2d0467a67127a70e8,cx7127ae2887ef7676bf8014e995bd2ed4fd71f05b,cxd77007090899311f1afbcae86b49cfe817fc6810,0x134a45a2adcb01999,0xe08f799fd11178b8d75414c1b87978a60800f85a26b111d6e5d520988581fa1c,4,94196796,22.240000000000006,1741074382565347,CROWN,0.0415516375,CROWN,0,1,2025-03-04
cx28b2ec885b50c8a93da752f2d0467a67127a70e8,cx7127ae2887ef7676bf8014e995bd2ed4fd71f05b,hx84f2cd8dd94ed2da42f6a1b959b0baaecf6651c1,0x9a522d156e580ccc,0xe08f799fd11178b8d75414c1b87978a60800f85a26b111d6e5d520988581fa1c,2,94196796,11.120000000000003,1741074382565347,CROWN,0.0415516375,CROWN,0,1,2025-03-04
cx28b2ec885b50c8a93da752f2d0467a67127a70e8,hx8026678e3d08ba3203ce6161ee8e9e3b9793491f,cx7127ae2887ef7676bf8014e995bd2ed4fd71f05b,0x60735c2d64f708000,0xe08f799fd11178b8d75414c1b87978a60800f85a26b111d6e5d520988581fa1c,0,94196796,111.20000000000003,1741074382565347,CROWN,0.0415516375,CROWN,0,1,2025-03-04
cx508002ec116fbf3ab406329c0df28e70d7e75fb3,cx21e94c08c03daee80c25d8ee3ea22a20786ec231,hx0000000000000000000000000000000000000000,0x33c0c6b51,0xc7a4abfeba2bac3dd7e75655cfd342cc98f571943db7cfec301dd883d6793326,7,94196780,13.892348753,1741074350553183,Sui,0.1065176625,SUI,0,2,2025-03-04
cx88fd7df7ddff82f7cc735c871dc519838cb235bb,cxa0af3165c08318e988cb30993b3048335b94af6c,cx5faae53c4dbd1fbe4a2eb4aab6565030f10da5c6,0xb7490eeefe62f4,0xc7a4abfeba2bac3dd7e75655cfd342cc98f571943db7cfec301dd883d6793326,3,94196780,0.051590249226068724,1741074350553183,Balanced Dollar,0.1065176625,bnUSD,0,2,2025-03-04
cx508002ec116fbf3ab406329c0df28e70d7e75fb3,cxa0af3165c08318e988cb30993b3048335b94af6c,cx21e94c08c03daee80c25d8ee3ea22a20786ec231,0x33c0c6b51,0xc7a4abfeba2bac3dd7e75655cfd342cc98f571943db7cfec301dd883d6793326,2,94196780,13.892348753,1741074350553183,Sui,0.1065176625,SUI,0,2,2025-03-04
cx88fd7df7ddff82f7cc735c871dc519838cb235bb,cx21e94c08c03daee80c25d8ee3ea22a20786ec231,cxa0af3165c08318e988cb30993b3048335b94af6c,0x1dd4e418e6121b2e7,0xc7a4abfeba2bac3dd7e75655cfd342cc98f571943db7cfec301dd883d6793326,1,94196780,34.39349948404582,1741074350553183,Balanced Dollar,0.1065176625,bnUSD,0,2,2025-03-04
cx88fd7df7ddff82f7cc735c871dc519838cb235bb,hx067737851af4cb37fe5389eb8c9ddac202a842d0,cx21e94c08c03daee80c25d8ee3ea22a20786ec231,0x1dd4e418e6121b2e7,0xc7a4abfeba2bac3dd7e75655cfd342cc98f571943db7cfec301dd883d6793326,0,94196780,34.39349948404582,1741074350553183,Balanced Dollar,0.1065176625,bnUSD,0,2,2025-03-04
cx88fd7df7ddff82f7cc735c871dc519838cb235bb,cx21e94c08c03daee80c25d8ee3ea22a20786ec231,hx2fd0b7c84ca74de6dffbe9f5968f79d961517253,0x1120db48c53f26a78,0xf7def997f8969b0411fd1c44ee150958d7d6ca11547a82373e2a3148b2980e9e,5,94196780,19.74763845588631,1741074350553183,Balanced Dollar,0.1103479,bnUSD,0,1,2025-03-04
cx88fd7df7ddff82f7cc735c871dc519838cb235bb,cxa0af3165c08318e988cb30993b3048335b94af6c,cx5faae53c4dbd1fbe4a2eb4aab6565030f10da5c6,0x698d0074ea296a,0xf7def997f8969b0411fd1c44ee150958d7d6ca11547a82373e2a3148b2980e9e,3,94196780,0.02970990565563838,1741074350553183,Balanced Dollar,0.1103479,bnUSD,0,1,2025-03-04
cx88fd7df7ddff82f7cc735c871dc519838cb235bb,cxa0af3165c08318e988cb30993b3048335b94af6c,cx21e94c08c03daee80c25d8ee3ea22a20786ec231,0x1120db48c53f26a78,0xf7def997f8969b0411fd1c44ee150958d7d6ca11547a82373e2a3148b2980e9e,2,94196780,19.74763845588631,1741074350553183,Balanced Dollar,0.1103479,bnUSD,0,1,2025-03-04
cx2609b924e33ef00b648a409245c7ea394c467824,cx21e94c08c03daee80c25d8ee3ea22a20786ec231,cxa0af3165c08318e988cb30993b3048335b94af6c,0x7919bf463b5d93ac6,0xf7def997f8969b0411fd1c44ee150958d7d6ca11547a82373e2a3148b2980e9e,1,94196780,139.61945698194643,1741074350553183,Staked ICX,0.1103479,sICX,0,1,2025-03-04
cx2609b924e33ef00b648a409245c7ea394c467824,hx2fd0b7c84ca74de6dffbe9f5968f79d961517253,cx21e94c08c03daee80c25d8ee3ea22a20786ec231,0x7919bf463b5d93ac6,0xf7def997f8969b0411fd1c44ee150958d7d6ca11547a82373e2a3148b2980e9e,0,94196780,139.61945698194643,1741074350553183,Staked ICX,0.1103479,sICX,0,1,2025-03-04
cxf61cd5a45dc9f91c15aa65831a30a90d59a09619,cxd82fb5d3effecd8c9071a4bba3856ad7222c4b91,hx2fd0b7c84ca74de6dffbe9f5968f79d961517253,0x6b5b6b89a9b127d0,0xdd997407ba7ad26c29d34fd8192c750edc290630d1af9265fa8ccce27dc7556b,11,94196764,7.73589502394061,1741074318735542,Balance Token,0.2029986875,BALN,0,1,2025-03-04
cx88fd7df7ddff82f7cc735c871dc519838cb235bb,cxd82fb5d3effecd8c9071a4bba3856ad7222c4b91,hx2fd0b7c84ca74de6dffbe9f5968f79d961517253,0x1335adef7f9d21ae0,0xdd997407ba7ad26c29d34fd8192c750edc290630d1af9265fa8ccce27dc7556b,10,94196764,22.14725927417742,1741074318735542,Balanced Dollar,0.2029986875,bnUSD,0,1,2025-03-04
cx2609b924e33ef00b648a409245c7ea394c467824,cxd82fb5d3effecd8c9071a4bba3856ad7222c4b91,hx2fd0b7c84ca74de6dffbe9f5968f79d961517253,0x76d76c14076804810,0xdd997407ba7ad26c29d34fd8192c750edc290630d1af9265fa8ccce27dc7556b,9,94196764,137.01491279596306,1741074318735542,Staked ICX,0.2029986875,sICX,0,1,2025-03-04
cxf61cd5a45dc9f91c15aa65831a30a90d59a09619,cx9345f80d6c98357ccbb70392b14162199c2c5f66,cxd82fb5d3effecd8c9071a4bba3856ad7222c4b91,0x101b66b383173110,0xdd997407ba7ad26c29d34fd8192c750edc290630d1af9265fa8ccce27dc7556b,8,94196764,1.160634250162549,1741074318735542,Balance Token,0.2029986875,BALN,0,1,2025-03-04
cx2609b924e33ef00b648a409245c7ea394c467824,cx9345f80d6c98357ccbb70392b14162199c2c5f66,cxd82fb5d3effecd8c9071a4bba3856ad7222c4b91,0x11b7c6dcfae893d33,0xdd997407ba7ad26c29d34fd8192c750edc290630d1af9265fa8ccce27dc7556b,7,94196764,20.427322748599614,1741074318735542,Staked ICX,0.2029986875,sICX,0,1,2025-03-04
cx88fd7df7ddff82f7cc735c871dc519838cb235bb,cx203d9cd2a669be67177e997b8948ce2c35caffae,cx835b300dcfe01f0bdb794e134a0c5628384f4367,0x1230fa6065a58f27,0xdd997407ba7ad26c29d34fd8192c750edc290630d1af9265fa8ccce27dc7556b,5,94196764,1.3108227834939676,1741074318735542,Balanced Dollar,0.2029986875,bnUSD,0,1,2025-03-04
cx88fd7df7ddff82f7cc735c871dc519838cb235bb,cx5faae53c4dbd1fbe4a2eb4aab6565030f10da5c6,cx203d9cd2a669be67177e997b8948ce2c35caffae,0x19fcd365237ecc82,0xdd997407ba7ad26c29d34fd8192c750edc290630d1af9265fa8ccce27dc7556b,3,94196764,1.8726039764199538,1741074318735542,Balanced Dollar,0.2029986875,bnUSD,0,1,2025-03-04
cx88fd7df7ddff82f7cc735c871dc519838cb235bb,cx5faae53c4dbd1fbe4a2eb4aab6565030f10da5c6,cxdc30a0d3a1f131565c071272a20bc0b06fd4c17b,0x19fcd365237ecc82,0xdd997407ba7ad26c29d34fd8192c750edc290630d1af9265fa8ccce27dc7556b,2,94196764,1.8726039764199538,1741074318735542,Balanced Dollar,0.2029986875,bnUSD,0,1,2025-03-04
cx88fd7df7ddff82f7cc735c871dc519838cb235bb,hx0000000000000000000000000000000000000000,cx5faae53c4dbd1fbe4a2eb4aab6565030f10da5c6,0x0,0xdd997407ba7ad26c29d34fd8192c750edc290630d1af9265fa8ccce27dc7556b,1,94196764,0.0,1741074318735542,Balanced Dollar,0.2029986875,bnUSD,0,1,2025-03-04
cx88fd7df7ddff82f7cc735c871dc519838cb235bb,hx0000000000000000000000000000000000000000,cxd82fb5d3effecd8c9071a4bba3856ad7222c4b91,0x2ddbee90432b37d6,0xdd997407ba7ad26c29d34fd8192c750edc290630d1af9265fa8ccce27dc7556b,0,94196764,3.304497054975998,1741074318735542,Balanced Dollar,0.2029986875,bnUSD,0,1,2025-03-04
cx2609b924e33ef00b648a409245c7ea394c467824,cx203d9cd2a669be67177e997b8948ce2c35caffae,hx2fd0b7c84ca74de6dffbe9f5968f79d961517253,0x242533233f58f2b6,0xd86605684a0b32eb19cd3c0542666e4ebd18ea37c6586e2dbe6838091b235a32,5,94196761,2.604544185983366,1741074312539381,Staked ICX,0.1457723375,sICX,0,1,2025-03-04
cx88fd7df7ddff82f7cc735c871dc519838cb235bb,cx203d9cd2a669be67177e997b8948ce2c35caffae,hx2fd0b7c84ca74de6dffbe9f5968f79d961517253,0x54369e45f04b0c18,0xd86605684a0b32eb19cd3c0542666e4ebd18ea37c6586e2dbe6838091b235a32,2,94196761,6.068211571149704,1741074312539381,Balanced Dollar,0.1457723375,bnUSD,0,1,2025-03-04
cxf61cd5a45dc9f91c15aa65831a30a90d59a09619,cx203d9cd2a669be67177e997b8948ce2c35caffae,hx2fd0b7c84ca74de6dffbe9f5968f79d961517253,0x3b0bd498831ca3,0xd86605684a0b32eb19cd3c0542666e4ebd18ea37c6586e2dbe6838091b235a32,0,94196761,0.016620031345630372,1741074312539381,Balance Token,0.1457723375,BALN,0,1,2025-03-04
cx28b2ec885b50c8a93da752f2d0467a67127a70e8,hx8026678e3d08ba3203ce6161ee8e9e3b9793491f,cxc5b64fa06e2aff9341f918f75b63f610aebc1a21,0x15af1d78b58c40000,0x037b95dacb2965f03b0c1fa5e6a0b8eb00c24398d939adef2688534d5450ed15,0,94196740,25.0,1741074270619114,CROWN,0.016675825,CROWN,0,1,2025-03-04
cxf61cd5a45dc9f91c15aa65831a30a90d59a09619,cx10d59e8103ab44635190bd4139dbfd682fa2d07e,hx9994eeff7490131f381ba2927aa0ff4298817076,0x1a4c148f08c6eca,0x8d9f0a7f89650e57c9d63a661a4423713296f91950f3200fe1c09a872c311310,3,94196605,0.11843200923601684,1741074000422235,Balance Token,0.0722170375,BALN,0,1,2025-03-04
cx2609b924e33ef00b648a409245c7ea394c467824,cx10d59e8103ab44635190bd4139dbfd682fa2d07e,hx9994eeff7490131f381ba2927aa0ff4298817076,0x41f81b340fddb96b,0x8d9f0a7f89650e57c9d63a661a4423713296f91950f3200fe1c09a872c311310,1,94196605,4.753579317107997,1741074000422235,Staked ICX,0.0722170375,sICX,0,1,2025-03-04
cx2609b924e33ef00b648a409245c7ea394c467824,cx43e2eec79eb76293c298f2b17aec06097be606e0,hx0000000000000000000000000000000000000000,0x28ba3c210b4ee169a,0x6cbe87d49e55fd61be0d5262924b439c68e89af6b6fca0142ad161775f6e0b48,1,94196496,46.95558751690569,1741073782344590,Staked ICX,0.0857342625,sICX,0,1,2025-03-04
cx2609b924e33ef00b648a409245c7ea394c467824,hx9994eeff7490131f381ba2927aa0ff4298817076,cx43e2eec79eb76293c298f2b17aec06097be606e0,0x28ba3c210b4ee169a,0x6cbe87d49e55fd61be0d5262924b439c68e89af6b6fca0142ad161775f6e0b48,0,94196496,46.95558751690569,1741073782344590,Staked ICX,0.0857342625,sICX,0,1,2025-03-04
cxf61cd5a45dc9f91c15aa65831a30a90d59a09619,cx21e94c08c03daee80c25d8ee3ea22a20786ec231,hxe25ae17a21883803185291baddac0120493ff706,0x4563918244f4000e,0x3663f180f6bff337879f814e912d9c96059740c290268f9bff1bafc4453aba16,5,94196441,5.0,1741073672299381,Balance Token,0.0782663375,BALN,0,1,2025-03-04
cx88fd7df7ddff82f7cc735c871dc519838cb235bb,cxa0af3165c08318e988cb30993b3048335b94af6c,cx5faae53c4dbd1fbe4a2eb4aab6565030f10da5c6,0x32ab339cbb3de,0x3663f180f6bff337879f814e912d9c96059740c290268f9bff1bafc4453aba16,3,94196441,0.00089137418729571,1741073672299381,Balanced Dollar,0.0782663375,bnUSD,0,1,2025-03-04
cxf61cd5a45dc9f91c15aa65831a30a90d59a09619,cxa0af3165c08318e988cb30993b3048335b94af6c,cx21e94c08c03daee80c25d8ee3ea22a20786ec231,0x4563918244f4000e,0x3663f180f6bff337879f814e912d9c96059740c290268f9bff1bafc4453aba16,2,94196441,5.0,1741073672299381,Balance Token,0.0782663375,BALN,0,1,2025-03-04
cx88fd7df7ddff82f7cc735c871dc519838cb235bb,cx21e94c08c03daee80c25d8ee3ea22a20786ec231,cxa0af3165c08318e988cb30993b3048335b94af6c,0x83f32bbd7cf13aa,0x3663f180f6bff337879f814e912d9c96059740c290268f9bff1bafc4453aba16,1,94196441,0.5942494581971404,1741073672299381,Balanced Dollar,0.0782663375,bnUSD,0,1,2025-03-04
cx88fd7df7ddff82f7cc735c871dc519838cb235bb,hxe25ae17a21883803185291baddac0120493ff706,cx21e94c08c03daee80c25d8ee3ea22a20786ec231,0x83f32bbd7cf13aa,0x3663f180f6bff337879f814e912d9c96059740c290268f9bff1bafc4453aba16,0,94196441,0.5942494581971404,1741073672299381,Balanced Dollar,0.0782663375,bnUSD,0,1,2025-03-04
cx88fd7df7ddff82f7cc735c871dc519838cb235bb,cxd82fb5d3effecd8c9071a4bba3856ad7222c4b91,hxe25ae17a21883803185291baddac0120493ff706,0xde0b6b3a7640000,0x321135dfc70716e3ae3fcaa8f27113257b8805204c9271242914aac9362cde5c,0,94196425,1.0,1741073640539630,Balanced Dollar,0.020649,bnUSD,0,1,2025-03-04
cx7baf94bd53b505353285ee4c4c050f9703581703,hx95d23a20e152e1ac90e06cdf85fbd7d3dd6954b7,hx0000000000000000000000000000000000000000,0x0,0x19b5748c4f0ec749863e6d6c3d0cefd512149fef30b56fdc107affbd3463b7e9,6,94196305,0.0,1741073400198954,unknown_token,0.0637131875,$unknown,25,1,2025-03-04
cx7baf94bd53b505353285ee4c4c050f9703581703,hx95d23a20e152e1ac90e06cdf85fbd7d3dd6954b7,hx0000000000000000000000000000000000000000,0x0,0x19b5748c4f0ec749863e6d6c3d0cefd512149fef30b56fdc107affbd3463b7e9,5,94196305,0.0,1741073400198954,unknown_token,0.0637131875,$unknown,11,1,2025-03-04
cx7baf94bd53b505353285ee4c4c050f9703581703,hx95d23a20e152e1ac90e06cdf85fbd7d3dd6954b7,hx0000000000000000000000000000000000000000,0x0,0x19b5748c4f0ec749863e6d6c3d0cefd512149fef30b56fdc107affbd3463b7e9,4,94196305,0.0,1741073400198954,unknown_token,0.0637131875,$unknown,20,1,2025-03-04
cx53f8ccd5426534f82cf10cb742de033e51da72fc,hx95d23a20e152e1ac90e06cdf85fbd7d3dd6954b7,hx0000000000000000000000000000000000000000,0x0,0x19b5748c4f0ec749863e6d6c3d0cefd512149fef30b56fdc107affbd3463b7e9,0,94196305,0.0,1741073400198954,unknown_token,0.0637131875,$unknown,5,1,2025-03-04
cx2609b924e33ef00b648a409245c7ea394c467824,hxc6b0f59918b94671a5e20a9a860c703cfec5a4b1,cxa0af3165c08318e988cb30993b3048335b94af6c,0x251ef4904f52bd79a5d,0x7f999e9952767306b744730e4a3400bb10cd009e7e13943c5018e931e3b5dc57,0,94196293,10956.161553809177,1741073376189873,Staked ICX,0.0312428625,sICX,0,1,2025-03-04
cx3975b43d260fb8ec802cef6e60c2f4d07486f11d,hxc6b0f59918b94671a5e20a9a860c703cfec5a4b1,cxa0af3165c08318e988cb30993b3048335b94af6c,0x30f374b9cd26cc27700,0x364dfe7f50b122c40f7fb969867a842399175e50d0c9ea897c66d38b28337de2,1,94196286,14447.7850604375,1741073362192341,Wrapped ICX,0.0165812125,wICX,0,1,2025-03-04
cx3975b43d260fb8ec802cef6e60c2f4d07486f11d,hx0000000000000000000000000000000000000000,hxc6b0f59918b94671a5e20a9a860c703cfec5a4b1,0x30f374b9cd26cc27700,0x364dfe7f50b122c40f7fb969867a842399175e50d0c9ea897c66d38b28337de2,0,94196286,14447.7850604375,1741073362192341,Wrapped ICX,0.0165812125,wICX,0,1,2025-03-04
cx7baf94bd53b505353285ee4c4c050f9703581703,hx1a4c9e9c8c866a961e5c88c18c0f019aa97f33db,hx0000000000000000000000000000000000000000,0x0,0xa957bf300c3073882c630b6621c70d486cf1b4154f5e341d2defca1416cbdf2f,6,94196255,0.0,1741073300167001,unknown_token,0.0623830625,$unknown,30,1,2025-03-04
cx7baf94bd53b505353285ee4c4c050f9703581703,hx1a4c9e9c8c866a961e5c88c18c0f019aa97f33db,hx0000000000000000000000000000000000000000,0x0,0xa957bf300c3073882c630b6621c70d486cf1b4154f5e341d2defca1416cbdf2f,5,94196255,0.0,1741073300167001,unknown_token,0.0623830625,$unknown,27,1,2025-03-04
cx7baf94bd53b505353285ee4c4c050f9703581703,hx1a4c9e9c8c866a961e5c88c18c0f019aa97f33db,hx0000000000000000000000000000000000000000,0x0,0xa957bf300c3073882c630b6621c70d486cf1b4154f5e341d2defca1416cbdf2f,4,94196255,0.0,1741073300167001,unknown_token,0.0623830625,$unknown,32,1,2025-03-04
cx53f8ccd5426534f82cf10cb742de033e51da72fc,hx1a4c9e9c8c866a961e5c88c18c0f019aa97f33db,hx0000000000000000000000000000000000000000,0x0,0xa957bf300c3073882c630b6621c70d486cf1b4154f5e341d2defca1416cbdf2f,0,94196255,0.0,1741073300167001,unknown_token,0.0623830625,$unknown,5,1,2025-03-04
cx88fd7df7ddff82f7cc735c871dc519838cb235bb,cxa0af3165c08318e988cb30993b3048335b94af6c,cx5faae53c4dbd1fbe4a2eb4aab6565030f10da5c6,0x14dfc0d6b6cc328,0x176b1ad09ef4bb2dd66571df6af025c8ed46ab2cf63be2fb98427d59eddde472,2,94196122,0.09400830181171281,1741073034332281,Balanced Dollar,0.0569739625,bnUSD,0,1,2025-03-04
cx88fd7df7ddff82f7cc735c871dc519838cb235bb,cxa0af3165c08318e988cb30993b3048335b94af6c,hxd75467e3e4ce64e3424c747dfb71503017440433,0x36343d8684fef1d9b,0x176b1ad09ef4bb2dd66571df6af025c8ed46ab2cf63be2fb98427d59eddde472,1,94196122,62.4930307968524,1741073034332281,Balanced Dollar,0.0569739625,bnUSD,0,1,2025-03-04
cx288d13e1b63563459a2ac6179f237711f6851cb5,hxd75467e3e4ce64e3424c747dfb71503017440433,cxa0af3165c08318e988cb30993b3048335b94af6c,0x6a94d74f430000,0x176b1ad09ef4bb2dd66571df6af025c8ed46ab2cf63be2fb98427d59eddde472,0,94196122,0.03,1741073034332281,Ethereum,0.0569739625,ETH,0,1,2025-03-04
cx88fd7df7ddff82f7cc735c871dc519838cb235bb,cxa0af3165c08318e988cb30993b3048335b94af6c,cx5faae53c4dbd1fbe4a2eb4aab6565030f10da5c6,0x14e143ecc0f39d9,0xebee4b56e0faff8483c099253f2c9e1695b0f27aacbaf485b101551803e78256,2,94196116,0.09403490216543689,1741073022084697,Balanced Dollar,0.0569739625,bnUSD,0,1,2025-03-04
cx88fd7df7ddff82f7cc735c871dc519838cb235bb,cxa0af3165c08318e988cb30993b3048335b94af6c,hxd75467e3e4ce64e3424c747dfb71503017440433,0x36382ac066514b3ab,0xebee4b56e0faff8483c099253f2c9e1695b0f27aacbaf485b101551803e78256,1,94196116,62.510714921321544,1741073022084697,Balanced Dollar,0.0569739625,bnUSD,0,1,2025-03-04
cx288d13e1b63563459a2ac6179f237711f6851cb5,hxd75467e3e4ce64e3424c747dfb71503017440433,cxa0af3165c08318e988cb30993b3048335b94af6c,0x6a94d74f430000,0xebee4b56e0faff8483c099253f2c9e1695b0f27aacbaf485b101551803e78256,0,94196116,0.03,1741073022084697,Ethereum,0.0569739625,ETH,0,1,2025-03-04
cx88fd7df7ddff82f7cc735c871dc519838cb235bb,cxa0af3165c08318e988cb30993b3048335b94af6c,cx5faae53c4dbd1fbe4a2eb4aab6565030f10da5c6,0x14e2c72cde745f0,0x55c39ce69b9676324541d29e47949fa9f5c855912a110348c466431b9743da6d,2,94196099,0.09406151381373899,1741072988073431,Balanced Dollar,0.0569739625,bnUSD,0,1,2025-03-04
cx88fd7df7ddff82f7cc735c871dc519838cb235bb,cxa0af3165c08318e988cb30993b3048335b94af6c,hxd75467e3e4ce64e3424c747dfb71503017440433,0x363c18678dccaba13,0x55c39ce69b9676324541d29e47949fa9f5c855912a110348c466431b9743da6d,1,94196099,62.52840655504715,1741072988073431,Balanced Dollar,0.0569739625,bnUSD,0,1,2025-03-04
cx288d13e1b63563459a2ac6179f237711f6851cb5,hxd75467e3e4ce64e3424c747dfb71503017440433,cxa0af3165c08318e988cb30993b3048335b94af6c,0x6a94d74f430000,0x55c39ce69b9676324541d29e47949fa9f5c855912a110348c466431b9743da6d,0,94196099,0.03,1741072988073431,Ethereum,0.0569739625,ETH,0,1,2025-03-04
cx88fd7df7ddff82f7cc735c871dc519838cb235bb,cxa0af3165c08318e988cb30993b3048335b94af6c,cx5faae53c4dbd1fbe4a2eb4aab6565030f10da5c6,0x14e44a971567fb8,0x12c459492d1bedbd24e748a9c89768bf2f33e3e53b9db0fa5bfe98524cd8d7da,2,94196078,0.0940881367630151,1741072946060640,Balanced Dollar,0.0569739625,bnUSD,0,1,2025-03-04
cx88fd7df7ddff82f7cc735c871dc519838cb235bb,cxa0af3165c08318e988cb30993b3048335b94af6c,hxd75467e3e4ce64e3424c747dfb71503017440433,0x3640067c0b48c42ba,0x12c459492d1bedbd24e748a9c89768bf2f33e3e53b9db0fa5bfe98524cd8d7da,1,94196078,62.54610570228192,1741072946060640,Balanced Dollar,0.0569739625,bnUSD,0,1,2025-03-04
cx288d13e1b63563459a2ac6179f237711f6851cb5,hxd75467e3e4ce64e3424c747dfb71503017440433,cxa0af3165c08318e988cb30993b3048335b94af6c,0x6a94d74f430000,0x12c459492d1bedbd24e748a9c89768bf2f33e3e53b9db0fa5bfe98524cd8d7da,0,94196078,0.03,1741072946060640,Ethereum,0.0569739625,ETH,0,1,2025-03-04
cx88fd7df7ddff82f7cc735c871dc519838cb235bb,cxa0af3165c08318e988cb30993b3048335b94af6c,cx5faae53c4dbd1fbe4a2eb4aab6565030f10da5c6,0x14e5ce2b6be9130,0x05ab5c7183b2c73f46fb23a28a6f925f3d848c3679c2df47c809dd6aa2f537f0,2,94196072,0.09411477101966571,1741072934296113,Balanced Dollar,0.0569739625,bnUSD,0,1,2025-03-04
cx88fd7df7ddff82f7cc735c871dc519838cb235bb,cxa0af3165c08318e988cb30993b3048335b94af6c,hxd75467e3e4ce64e3424c747dfb71503017440433,0x3643f4fdeea0251f5,0x05ab5c7183b2c73f46fb23a28a6f925f3d848c3679c2df47c809dd6aa2f537f0,1,94196072,62.56381236728157,1741072934296113,Balanced Dollar,0.0569739625,bnUSD,0,1,2025-03-04
cx288d13e1b63563459a2ac6179f237711f6851cb5,hxd75467e3e4ce64e3424c747dfb71503017440433,cxa0af3165c08318e988cb30993b3048335b94af6c,0x6a94d74f430000,0x05ab5c7183b2c73f46fb23a28a6f925f3d848c3679c2df47c809dd6aa2f537f0,0,94196072,0.03,1741072934296113,Ethereum,0.0569739625,ETH,0,1,2025-03-04
cxf61cd5a45dc9f91c15aa65831a30a90d59a09619,cx9345f80d6c98357ccbb70392b14162199c2c5f66,cxd82fb5d3effecd8c9071a4bba3856ad7222c4b91,0x716c5c41bc5ddd0,0xda8df95a5782b7b1e81b39402886848a89db23d82b6e95d18127572a01fac410,4,94196071,0.5108130538233441,1741072932055226,Balance Token,0.1302289875,BALN,0,1,2025-03-04
cx2609b924e33ef00b648a409245c7ea394c467824,cx9345f80d6c98357ccbb70392b14162199c2c5f66,cxd82fb5d3effecd8c9071a4bba3856ad7222c4b91,0x7cc43f1b207cad97,0xda8df95a5782b7b1e81b39402886848a89db23d82b6e95d18127572a01fac410,3,94196071,8.990380141880062,1741072932055226,Staked ICX,0.1302289875,sICX,0,1,2025-03-04
cx88fd7df7ddff82f7cc735c871dc519838cb235bb,hx0000000000000000000000000000000000000000,cx5faae53c4dbd1fbe4a2eb4aab6565030f10da5c6,0x0,0xda8df95a5782b7b1e81b39402886848a89db23d82b6e95d18127572a01fac410,2,94196071,0.0,1741072932055226,Balanced Dollar,0.1302289875,bnUSD,0,1,2025-03-04
cx88fd7df7ddff82f7cc735c871dc519838cb235bb,hx0000000000000000000000000000000000000000,cxd82fb5d3effecd8c9071a4bba3856ad7222c4b91,0x142e440ee288b142,0xda8df95a5782b7b1e81b39402886848a89db23d82b6e95d18127572a01fac410,1,94196071,1.454174560408089,1741072932055226,Balanced Dollar,0.1302289875,bnUSD,0,1,2025-03-04
cx88fd7df7ddff82f7cc735c871dc519838cb235bb,hxd75467e3e4ce64e3424c747dfb71503017440433,cxd82fb5d3effecd8c9071a4bba3856ad7222c4b91,0x4f0e7ac21ec7940000,0xda8df95a5782b7b1e81b39402886848a89db23d82b6e95d18127572a01fac410,0,94196071,1458.3361415241975,1741072932055226,Balanced Dollar,0.1302289875,bnUSD,0,1,2025-03-04
cx88fd7df7ddff82f7cc735c871dc519838cb235bb,cxa0af3165c08318e988cb30993b3048335b94af6c,cx5faae53c4dbd1fbe4a2eb4aab6565030f10da5c6,0x14e751e9e813609,0x0533cb1be1504b577c2a9a52d9c3b60a901e62c37b912a7a97210fae313ac3b5,2,94196054,0.09414141659009588,1741072898046324,Balanced Dollar,0.056975275,bnUSD,0,1,2025-03-04
cx88fd7df7ddff82f7cc735c871dc519838cb235bb,cxa0af3165c08318e988cb30993b3048335b94af6c,hxd75467e3e4ce64e3424c747dfb71503017440433,0x3647e3ed47b03e884,0x0533cb1be1504b577c2a9a52d9c3b60a901e62c37b912a7a97210fae313ac3b5,1,94196054,62.58152655430484,1741072898046324,Balanced Dollar,0.056975275,bnUSD,0,1,2025-03-04
cx288d13e1b63563459a2ac6179f237711f6851cb5,hxd75467e3e4ce64e3424c747dfb71503017440433,cxa0af3165c08318e988cb30993b3048335b94af6c,0x6a94d74f430000,0x0533cb1be1504b577c2a9a52d9c3b60a901e62c37b912a7a97210fae313ac3b5,0,94196054,0.03,1741072898046324,Ethereum,0.056975275,ETH,0,1,2025-03-04
cx88fd7df7ddff82f7cc735c871dc519838cb235bb,cxa0af3165c08318e988cb30993b3048335b94af6c,cx5faae53c4dbd1fbe4a2eb4aab6565030f10da5c6,0x14e8d5d29003bac,0xcda17375cd89606291eb20489fc393c89687927073b8ecb3743efe694e234241,2,94196048,0.09416807348071518,1741072886035289,Balanced Dollar,0.056975275,bnUSD,0,2,2025-03-04
cx88fd7df7ddff82f7cc735c871dc519838cb235bb,cxa0af3165c08318e988cb30993b3048335b94af6c,hxd75467e3e4ce64e3424c747dfb71503017440433,0x364bd34a265960d97,0xcda17375cd89606291eb20489fc393c89687927073b8ecb3743efe694e234241,1,94196048,62.59924826761344,1741072886035289,Balanced Dollar,0.056975275,bnUSD,0,2,2025-03-04
cx288d13e1b63563459a2ac6179f237711f6851cb5,hxd75467e3e4ce64e3424c747dfb71503017440433,cxa0af3165c08318e988cb30993b3048335b94af6c,0x6a94d74f430000,0xcda17375cd89606291eb20489fc393c89687927073b8ecb3743efe694e234241,0,94196048,0.03,1741072886035289,Ethereum,0.056975275,ETH,0,2,2025-03-04
cx2609b924e33ef00b648a409245c7ea394c467824,cx21e94c08c03daee80c25d8ee3ea22a20786ec231,hxc6b0f59918b94671a5e20a9a860c703cfec5a4b1,0x132b7987192aefa207f,0xbb041be0519a99ba36c147799e6a75ad54c90bfb13314fbd41f6c3644f66234c,4,94196048,5657.933135335338,1741072886035289,Staked ICX,0.1074564625,sICX,0,1,2025-03-04
cx2609b924e33ef00b648a409245c7ea394c467824,hx0000000000000000000000000000000000000000,cx21e94c08c03daee80c25d8ee3ea22a20786ec231,0x132b7987192aefa207f,0xbb041be0519a99ba36c147799e6a75ad54c90bfb13314fbd41f6c3644f66234c,2,94196048,5657.933135335338,1741072886035289,Staked ICX,0.1074564625,sICX,0,1,2025-03-04
cx88fd7df7ddff82f7cc735c871dc519838cb235bb,cxa0af3165c08318e988cb30993b3048335b94af6c,cx5faae53c4dbd1fbe4a2eb4aab6565030f10da5c6,0x14ea59e569d8140,0x4b1c9ce77a640e4d0d56250b878d433a0fa3936daf9169961e5921765715ec8c,2,94196035,0.09419474169793773,1741072860025811,Balanced Dollar,0.056975275,bnUSD,0,1,2025-03-04
cx88fd7df7ddff82f7cc735c871dc519838cb235bb,cxa0af3165c08318e988cb30993b3048335b94af6c,hxd75467e3e4ce64e3424c747dfb71503017440433,0x364fc3149a7ebd8ce,0x4b1c9ce77a640e4d0d56250b878d433a0fa3936daf9169961e5921765715ec8c,1,94196035,62.61697751147216,1741072860025811,Balanced Dollar,0.056975275,bnUSD,0,1,2025-03-04
cx288d13e1b63563459a2ac6179f237711f6851cb5,hxd75467e3e4ce64e3424c747dfb71503017440433,cxa0af3165c08318e988cb30993b3048335b94af6c,0x6a94d74f430000,0x4b1c9ce77a640e4d0d56250b878d433a0fa3936daf9169961e5921765715ec8c,0,94196035,0.03,1741072860025811,Ethereum,0.056975275,ETH,0,1,2025-03-04
cx88fd7df7ddff82f7cc735c871dc519838cb235bb,cxa0af3165c08318e988cb30993b3048335b94af6c,cx5faae53c4dbd1fbe4a2eb4aab6565030f10da5c6,0x14ebde227baf7aa,0x4f5438d41da1d259c6423e8f9dcea4a32b5d797c2db7e3032d6daf5ee4e96d16,2,94196029,0.09422142124818218,1741072848021972,Balanced Dollar,0.056975275,bnUSD,0,1,2025-03-04
cx88fd7df7ddff82f7cc735c871dc519838cb235bb,cxa0af3165c08318e988cb30993b3048335b94af6c,hxd75467e3e4ce64e3424c747dfb71503017440433,0x3653b34cb40667c42,0x4f5438d41da1d259c6423e8f9dcea4a32b5d797c2db7e3032d6daf5ee4e96d16,1,94196029,62.63471429014877,1741072848021972,Balanced Dollar,0.056975275,bnUSD,0,1,2025-03-04
cx288d13e1b63563459a2ac6179f237711f6851cb5,hxd75467e3e4ce64e3424c747dfb71503017440433,cxa0af3165c08318e988cb30993b3048335b94af6c,0x6a94d74f430000,0x4f5438d41da1d259c6423e8f9dcea4a32b5d797c2db7e3032d6daf5ee4e96d16,0,94196029,0.03,1741072848021972,Ethereum,0.056975275,ETH,0,1,2025-03-04
cx2609b924e33ef00b648a409245c7ea394c467824,cx21e94c08c03daee80c25d8ee3ea22a20786ec231,hxc6b0f59918b94671a5e20a9a860c703cfec5a4b1,0x132b7987192aefa207f,0x58e01a474195a081d5fb1a9947b3aab7ccf29e717a8f9ff167aa55a7dad78d01,4,94196028,5657.933135335338,1741072846024203,Staked ICX,0.1074831,sICX,0,1,2025-03-04
cx2609b924e33ef00b648a409245c7ea394c467824,hx0000000000000000000000000000000000000000,cx21e94c08c03daee80c25d8ee3ea22a20786ec231,0x132b7987192aefa207f,0x58e01a474195a081d5fb1a9947b3aab7ccf29e717a8f9ff167aa55a7dad78d01,2,94196028,5657.933135335338,1741072846024203,Staked ICX,0.1074831,sICX,0,1,2025-03-04
cx88fd7df7ddff82f7cc735c871dc519838cb235bb,cxa0af3165c08318e988cb30993b3048335b94af6c,cx5faae53c4dbd1fbe4a2eb4aab6565030f10da5c6,0x14ed6289cbaa193,0xd8e850d529d82e7f3f9b1bed9ed50ae1e339a5571c9d73dfd08925ef85dad963,2,94196012,0.09424811213787176,1741072814156204,Balanced Dollar,0.056975275,bnUSD,0,1,2025-03-04
cx88fd7df7ddff82f7cc735c871dc519838cb235bb,cxa0af3165c08318e988cb30993b3048335b94af6c,hxd75467e3e4ce64e3424c747dfb71503017440433,0x3657a3f282d954e8e,0xd8e850d529d82e7f3f9b1bed9ed50ae1e339a5571c9d73dfd08925ef85dad963,1,94196012,62.65245860791408,1741072814156204,Balanced Dollar,0.056975275,bnUSD,0,1,2025-03-04
cx288d13e1b63563459a2ac6179f237711f6851cb5,hxd75467e3e4ce64e3424c747dfb71503017440433,cxa0af3165c08318e988cb30993b3048335b94af6c,0x6a94d74f430000,0xd8e850d529d82e7f3f9b1bed9ed50ae1e339a5571c9d73dfd08925ef85dad963,0,94196012,0.03,1741072814156204,Ethereum,0.056975275,ETH,0,1,2025-03-04
cx88fd7df7ddff82f7cc735c871dc519838cb235bb,cxa0af3165c08318e988cb30993b3048335b94af6c,cx5faae53c4dbd1fbe4a2eb4aab6565030f10da5c6,0x14eee71b5fe936c,0x9f33038bb377528e6f92bafc4a686cec7d5f6720ec1ddb01090f5104637fd121,2,94196006,0.09427481437343423,1741072802007163,Balanced Dollar,0.056975275,bnUSD,0,1,2025-03-04
cx88fd7df7ddff82f7cc735c871dc519838cb235bb,cxa0af3165c08318e988cb30993b3048335b94af6c,hxd75467e3e4ce64e3424c747dfb71503017440433,0x365b950616e35d4dc,0x9f33038bb377528e6f92bafc4a686cec7d5f6720ec1ddb01090f5104637fd121,1,94196006,62.67021046904192,1741072802007163,Balanced Dollar,0.056975275,bnUSD,0,1,2025-03-04
cx288d13e1b63563459a2ac6179f237711f6851cb5,hxd75467e3e4ce64e3424c747dfb71503017440433,cxa0af3165c08318e988cb30993b3048335b94af6c,0x6a94d74f430000,0x9f33038bb377528e6f92bafc4a686cec7d5f6720ec1ddb01090f5104637fd121,0,94196006,0.03,1741072802007163,Ethereum,0.056975275,ETH,0,1,2025-03-04
cx88fd7df7ddff82f7cc735c871dc519838cb235bb,cxa0af3165c08318e988cb30993b3048335b94af6c,cx5faae53c4dbd1fbe4a2eb4aab6565030f10da5c6,0x14f06bd73e8f372,0x2190a8175ce2f107d5325e9b76c8481399a5ea9b07a729105c9819f52e14bd4c,2,94195991,0.09430152796130187,1741072772001328,Balanced Dollar,0.056975275,bnUSD,0,1,2025-03-04
cx88fd7df7ddff82f7cc735c871dc519838cb235bb,cxa0af3165c08318e988cb30993b3048335b94af6c,hxd75467e3e4ce64e3424c747dfb71503017440433,0x365f868780133ccf0,0x2190a8175ce2f107d5325e9b76c8481399a5ea9b07a729105c9819f52e14bd4c,1,94195991,62.68796987780915,1741072772001328,Balanced Dollar,0.056975275,bnUSD,0,1,2025-03-04
cx288d13e1b63563459a2ac6179f237711f6851cb5,hxd75467e3e4ce64e3424c747dfb71503017440433,cxa0af3165c08318e988cb30993b3048335b94af6c,0x6a94d74f430000,0x2190a8175ce2f107d5325e9b76c8481399a5ea9b07a729105c9819f52e14bd4c,0,94195991,0.03,1741072772001328,Ethereum,0.056975275,ETH,0,1,2025-03-04
cx88fd7df7ddff82f7cc735c871dc519838cb235bb,cxa0af3165c08318e988cb30993b3048335b94af6c,cx5faae53c4dbd1fbe4a2eb4aab6565030f10da5c6,0x14f1f0bd6dbf9b0,0x33a02419fbec6a0e9a047c7bf8c0f5bd3170e341f74f29bb073d49ba328f0813,2,94195986,0.0943282529079116,1741072761999142,Balanced Dollar,0.056975275,bnUSD,0,1,2025-03-04
cx88fd7df7ddff82f7cc735c871dc519838cb235bb,cxa0af3165c08318e988cb30993b3048335b94af6c,hxd75467e3e4ce64e3424c747dfb71503017440433,0x36637876ce5a9373a,0x33a02419fbec6a0e9a047c7bf8c0f5bd3170e341f74f29bb073d49ba328f0813,1,94195986,62.70573683849568,1741072761999142,Balanced Dollar,0.056975275,bnUSD,0,1,2025-03-04
cx288d13e1b63563459a2ac6179f237711f6851cb5,hxd75467e3e4ce64e3424c747dfb71503017440433,cxa0af3165c08318e988cb30993b3048335b94af6c,0x6a94d74f430000,0x33a02419fbec6a0e9a047c7bf8c0f5bd3170e341f74f29bb073d49ba328f0813,0,94195986,0.03,1741072761999142,Ethereum,0.056975275,ETH,0,1,2025-03-04
cx88fd7df7ddff82f7cc735c871dc519838cb235bb,cxa0af3165c08318e988cb30993b3048335b94af6c,cx5faae53c4dbd1fbe4a2eb4aab6565030f10da5c6,0x14f375cdf39f005,0xf1c5487d3e2e583614fe1c004ac513f8c84d36997f7c18d675da77d99d1ec9c5,2,94195977,0.09435498921970484,1741072743988792,Balanced Dollar,0.056975275,bnUSD,0,1,2025-03-04
cx88fd7df7ddff82f7cc735c871dc519838cb235bb,cxa0af3165c08318e988cb30993b3048335b94af6c,hxd75467e3e4ce64e3424c747dfb71503017440433,0x36676ad411ade60ec,0xf1c5487d3e2e583614fe1c004ac513f8c84d36997f7c18d675da77d99d1ec9c5,1,94195977,62.723511355384424,1741072743988792,Balanced Dollar,0.056975275,bnUSD,0,1,2025-03-04
cx288d13e1b63563459a2ac6179f237711f6851cb5,hxd75467e3e4ce64e3424c747dfb71503017440433,cxa0af3165c08318e988cb30993b3048335b94af6c,0x6a94d74f430000,0xf1c5487d3e2e583614fe1c004ac513f8c84d36997f7c18d675da77d99d1ec9c5,0,94195977,0.03,1741072743988792,Ethereum,0.056975275,ETH,0,1,2025-03-04
cx288d13e1b63563459a2ac6179f237711f6851cb5,hx0000000000000000000000000000000000000000,hxd75467e3e4ce64e3424c747dfb71503017440433,0x6ef0ff3e38b7720,0x236b4a412cd507c7fccb45f44a0f53fc0af126fb0ca45a91391dd1eb156d2472,1,94195948,0.499635623830452,1741072685964297,Ethereum,0.0230416875,ETH,0,1,2025-03-04
cx88fd7df7ddff82f7cc735c871dc519838cb235bb,cx21e94c08c03daee80c25d8ee3ea22a20786ec231,hx970eda4988e547df0de8324226fdf3e8ebc9734f,0x2dcfed3cd7c6e9bb3d,0x4365e9380f9e408e2650f2b7cde8aefa818a11e973f7f25f6b473fd3d921cfca,5,94195940,845.0861817497142,1741072670114398,Balanced Dollar,0.0860264125,bnUSD,0,1,2025-03-04
cx88fd7df7ddff82f7cc735c871dc519838cb235bb,cxa0af3165c08318e988cb30993b3048335b94af6c,cx5faae53c4dbd1fbe4a2eb4aab6565030f10da5c6,0x119e36560a74785c,0x4365e9380f9e408e2650f2b7cde8aefa818a11e973f7f25f6b473fd3d921cfca,3,94195940,1.2695118881355512,1741072670114398,Balanced Dollar,0.0860264125,bnUSD,0,1,2025-03-04
cx88fd7df7ddff82f7cc735c871dc519838cb235bb,cxa0af3165c08318e988cb30993b3048335b94af6c,cx21e94c08c03daee80c25d8ee3ea22a20786ec231,0x2dcfed3cd7c6e9bb3d,0x4365e9380f9e408e2650f2b7cde8aefa818a11e973f7f25f6b473fd3d921cfca,2,94195940,845.0861817497142,1741072670114398,Balanced Dollar,0.0860264125,bnUSD,0,1,2025-03-04
cx07b184a37f03c6ab681fcbd0b45aec6dc3eafbeb,cx21e94c08c03daee80c25d8ee3ea22a20786ec231,cxa0af3165c08318e988cb30993b3048335b94af6c,0x2386f26fc10000,0x4365e9380f9e408e2650f2b7cde8aefa818a11e973f7f25f6b473fd3d921cfca,1,94195940,0.01,1741072670114398,Bitcoin,0.0860264125,BTC,0,1,2025-03-04
cx07b184a37f03c6ab681fcbd0b45aec6dc3eafbeb,hx970eda4988e547df0de8324226fdf3e8ebc9734f,cx21e94c08c03daee80c25d8ee3ea22a20786ec231,0x2386f26fc10000,0x4365e9380f9e408e2650f2b7cde8aefa818a11e973f7f25f6b473fd3d921cfca,0,94195940,0.01,1741072670114398,Bitcoin,0.0860264125,BTC,0,1,2025-03-04
cx88fd7df7ddff82f7cc735c871dc519838cb235bb,cxa0af3165c08318e988cb30993b3048335b94af6c,cx5faae53c4dbd1fbe4a2eb4aab6565030f10da5c6,0x14f4fb08d653227,0x642dcbe535804c62b3b3e1b958fc0e5db30c196c1c2bcf0b4d4a9f05ce8b0bc3,2,94195885,0.0943817369031276,1741072559915710,Balanced Dollar,0.056971275,bnUSD,0,1,2025-03-04
cx88fd7df7ddff82f7cc735c871dc519838cb235bb,cxa0af3165c08318e988cb30993b3048335b94af6c,hxd75467e3e4ce64e3424c747dfb71503017440433,0x366b5d9f5a049ee0d,0x642dcbe535804c62b3b3e1b958fc0e5db30c196c1c2bcf0b4d4a9f05ce8b0bc3,1,94195885,62.741293432761346,1741072559915710,Balanced Dollar,0.056971275,bnUSD,0,1,2025-03-04
cx288d13e1b63563459a2ac6179f237711f6851cb5,hxd75467e3e4ce64e3424c747dfb71503017440433,cxa0af3165c08318e988cb30993b3048335b94af6c,0x6a94d74f430000,0x642dcbe535804c62b3b3e1b958fc0e5db30c196c1c2bcf0b4d4a9f05ce8b0bc3,0,94195885,0.03,1741072559915710,Ethereum,0.056971275,ETH,0,1,2025-03-04
cx88fd7df7ddff82f7cc735c871dc519838cb235bb,cxa0af3165c08318e988cb30993b3048335b94af6c,cx5faae53c4dbd1fbe4a2eb4aab6565030f10da5c6,0x14f6806e1c02da7,0x81c1963d4f1eea786b4ba32a2278d05f34efc19808941d94f599e6e02a219427,2,94195877,0.09440849596463044,1741072543907736,Balanced Dollar,0.056975275,bnUSD,0,1,2025-03-04
cx88fd7df7ddff82f7cc735c871dc519838cb235bb,cxa0af3165c08318e988cb30993b3048335b94af6c,hxd75467e3e4ce64e3424c747dfb71503017440433,0x366f50d8b7590e394,0x81c1963d4f1eea786b4ba32a2278d05f34efc19808941d94f599e6e02a219427,1,94195877,62.75908307491546,1741072543907736,Balanced Dollar,0.056975275,bnUSD,0,1,2025-03-04
cx288d13e1b63563459a2ac6179f237711f6851cb5,hxd75467e3e4ce64e3424c747dfb71503017440433,cxa0af3165c08318e988cb30993b3048335b94af6c,0x6a94d74f430000,0x81c1963d4f1eea786b4ba32a2278d05f34efc19808941d94f599e6e02a219427,0,94195877,0.03,1741072543907736,Ethereum,0.056975275,ETH,0,1,2025-03-04
cx88fd7df7ddff82f7cc735c871dc519838cb235bb,cxa0af3165c08318e988cb30993b3048335b94af6c,cx5faae53c4dbd1fbe4a2eb4aab6565030f10da5c6,0x291960593a7d6a4,0xaccf329b8f647deb0575c9c2ee90851250a011f053c38daad0e3f21d1a4b21da,2,94195869,0.18509401039515408,1741072528079052,Balanced Dollar,0.04738525,bnUSD,0,1,2025-03-04
cx88fd7df7ddff82f7cc735c871dc519838cb235bb,cxa0af3165c08318e988cb30993b3048335b94af6c,hxd75467e3e4ce64e3424c747dfb71503017440433,0x6ac3f696e3685f8af,0xaccf329b8f647deb0575c9c2ee90851250a011f053c38daad0e3f21d1a4b21da,1,94195869,123.09221946239576,1741072528079052,Balanced Dollar,0.04738525,bnUSD,0,1,2025-03-04
cx508002ec116fbf3ab406329c0df28e70d7e75fb3,hxd75467e3e4ce64e3424c747dfb71503017440433,cxa0af3165c08318e988cb30993b3048335b94af6c,0xba43b7400,0xaccf329b8f647deb0575c9c2ee90851250a011f053c38daad0e3f21d1a4b21da,0,94195869,50.0,1741072528079052,Sui,0.04738525,SUI,0,1,2025-03-04
cx88fd7df7ddff82f7cc735c871dc519838cb235bb,cxa0af3165c08318e988cb30993b3048335b94af6c,cx5faae53c4dbd1fbe4a2eb4aab6565030f10da5c6,0x14f805fdcad61f5,0xd41725f6ad883d50b8c26e617347a972e28df1867eebd0b3480e144f04302d97,2,94195866,0.09443526641066853,1741072521901179,Balanced Dollar,0.056975275,bnUSD,0,1,2025-03-04
cx88fd7df7ddff82f7cc735c871dc519838cb235bb,cxa0af3165c08318e988cb30993b3048335b94af6c,hxd75467e3e4ce64e3424c747dfb71503017440433,0x3673448039a86b17f,0xd41725f6ad883d50b8c26e617347a972e28df1867eebd0b3480e144f04302d97,1,94195866,62.776880286138805,1741072521901179,Balanced Dollar,0.056975275,bnUSD,0,1,2025-03-04
cx288d13e1b63563459a2ac6179f237711f6851cb5,hxd75467e3e4ce64e3424c747dfb71503017440433,cxa0af3165c08318e988cb30993b3048335b94af6c,0x6a94d74f430000,0xd41725f6ad883d50b8c26e617347a972e28df1867eebd0b3480e144f04302d97,0,94195866,0.03,1741072521901179,Ethereum,0.056975275,ETH,0,1,2025-03-04
cx88fd7df7ddff82f7cc735c871dc519838cb235bb,cxa0af3165c08318e988cb30993b3048335b94af6c,cx5faae53c4dbd1fbe4a2eb4aab6565030f10da5c6,0xdbfc7a1caffd5c,0x8b29c9e1523e7fd682149cc633725d3e614c1e9f348301085712617082b07dcc,2,94195862,0.06192062129713904,1741072514026575,Balanced Dollar,0.0473695125,bnUSD,0,2,2025-03-04
cx88fd7df7ddff82f7cc735c871dc519838cb235bb,cxa0af3165c08318e988cb30993b3048335b94af6c,hxd75467e3e4ce64e3424c747dfb71503017440433,0x23b50b917eb025089,0x8b29c9e1523e7fd682149cc633725d3e614c1e9f348301085712617082b07dcc,1,94195862,41.167607706171886,1741072514026575,Balanced Dollar,0.0473695125,bnUSD,0,2,2025-03-04
cx65c9e3d4fea842e00add0d32a5b4c5e4e04c7a6b,hxd75467e3e4ce64e3424c747dfb71503017440433,cxa0af3165c08318e988cb30993b3048335b94af6c,0x11e1a300,0x8b29c9e1523e7fd682149cc633725d3e614c1e9f348301085712617082b07dcc,0,94195862,0.3,1741072514026575,Solana,0.0473695125,SOL,0,2,2025-03-04
cxe2da9f10bc6e2754347bde2ef73379bd398fd9f3,hx970eda4988e547df0de8324226fdf3e8ebc9734f,hx0000000000000000000000000000000000000000,0x3f870857a3e0e3800000,0x4cd2f7451f5beb240ec52e58a30b8ef16042314bc134bb95d3b6207a4049f3d7,0,94195861,300000.0,1741072511906083,HAVAH,0.0314628375,HVH,0,1,2025-03-04
cx88fd7df7ddff82f7cc735c871dc519838cb235bb,cxa0af3165c08318e988cb30993b3048335b94af6c,cx5faae53c4dbd1fbe4a2eb4aab6565030f10da5c6,0x14f98bb7e8f6064,0x8a247d52259aaee61430b6602fa41beb93ac3cff276f4a7a986ec612492ff53d,2,94195856,0.0944620482477016,1741072501894093,Balanced Dollar,0.0569739625,bnUSD,0,1,2025-03-04
cx88fd7df7ddff82f7cc735c871dc519838cb235bb,cxa0af3165c08318e988cb30993b3048335b94af6c,hxd75467e3e4ce64e3424c747dfb71503017440433,0x36773895f0f2d3cf6,0x8a247d52259aaee61430b6602fa41beb93ac3cff276f4a7a986ec612492ff53d,1,94195856,62.79468507072648,1741072501894093,Balanced Dollar,0.0569739625,bnUSD,0,1,2025-03-04
cx288d13e1b63563459a2ac6179f237711f6851cb5,hxd75467e3e4ce64e3424c747dfb71503017440433,cxa0af3165c08318e988cb30993b3048335b94af6c,0x6a94d74f430000,0x8a247d52259aaee61430b6602fa41beb93ac3cff276f4a7a986ec612492ff53d,0,94195856,0.03,1741072501894093,Ethereum,0.0569739625,ETH,0,1,2025-03-04
cx88fd7df7ddff82f7cc735c871dc519838cb235bb,cxa0af3165c08318e988cb30993b3048335b94af6c,cx5faae53c4dbd1fbe4a2eb4aab6565030f10da5c6,0xdc1aa83a2b6238,0xd3d574418d6a96d99a8a26c990fe93107343a2558d0ae7c3dbbb5f94c6751d77,2,94195853,0.061953804709093944,1741072495892946,Balanced Dollar,0.047362825,bnUSD,0,1,2025-03-04
cx88fd7df7ddff82f7cc735c871dc519838cb235bb,cxa0af3165c08318e988cb30993b3048335b94af6c,hxd75467e3e4ce64e3424c747dfb71503017440433,0x23b9f1ce56460e8c7,0xd3d574418d6a96d99a8a26c990fe93107343a2558d0ae7c3dbbb5f94c6751d77,1,94195853,41.18967248851101,1741072495892946,Balanced Dollar,0.047362825,bnUSD,0,1,2025-03-04
cx65c9e3d4fea842e00add0d32a5b4c5e4e04c7a6b,hxd75467e3e4ce64e3424c747dfb71503017440433,cxa0af3165c08318e988cb30993b3048335b94af6c,0x11e1a300,0xd3d574418d6a96d99a8a26c990fe93107343a2558d0ae7c3dbbb5f94c6751d77,0,94195853,0.3,1741072495892946,Solana,0.047362825,SOL,0,1,2025-03-04
cx88fd7df7ddff82f7cc735c871dc519838cb235bb,cxa0af3165c08318e988cb30993b3048335b94af6c,cx5faae53c4dbd1fbe4a2eb4aab6565030f10da5c6,0xdc38dc8e6802b0,0xbc0abdace8b06f7fd35bbe57361b6ef09eb809de5c53e796faf846fd1c3dd314,2,94195839,0.061987014809486,1741072468104746,Balanced Dollar,0.047366825,bnUSD,0,1,2025-03-04
cx88fd7df7ddff82f7cc735c871dc519838cb235bb,cxa0af3165c08318e988cb30993b3048335b94af6c,hxd75467e3e4ce64e3424c747dfb71503017440433,0x23bed90d73ee2bfde,0xbc0abdace8b06f7fd35bbe57361b6ef09eb809de5c53e796faf846fd1c3dd314,1,94195839,41.211755019284695,1741072468104746,Balanced Dollar,0.047366825,bnUSD,0,1,2025-03-04
cx65c9e3d4fea842e00add0d32a5b4c5e4e04c7a6b,hxd75467e3e4ce64e3424c747dfb71503017440433,cxa0af3165c08318e988cb30993b3048335b94af6c,0x11e1a300,0xbc0abdace8b06f7fd35bbe57361b6ef09eb809de5c53e796faf846fd1c3dd314,0,94195839,0.3,1741072468104746,Solana,0.047366825,SOL,0,1,2025-03-04
cx88fd7df7ddff82f7cc735c871dc519838cb235bb,cxa0af3165c08318e988cb30993b3048335b94af6c,cx5faae53c4dbd1fbe4a2eb4aab6565030f10da5c6,0x14fb119c7c8cc2c,0x182fecf4d595db4d1caabf2e748ab92f12caa3c9d06a4d7d66bd68a745cd9373,2,94195835,0.09448884148219397,1741072459881118,Balanced Dollar,0.0569739625,bnUSD,0,1,2025-03-04
cx88fd7df7ddff82f7cc735c871dc519838cb235bb,cxa0af3165c08318e988cb30993b3048335b94af6c,hxd75467e3e4ce64e3424c747dfb71503017440433,0x367b2d19ed3b4ea66,0x182fecf4d595db4d1caabf2e748ab92f12caa3c9d06a4d7d66bd68a745cd9373,1,94195835,62.81249743297661,1741072459881118,Balanced Dollar,0.0569739625,bnUSD,0,1,2025-03-04
cx288d13e1b63563459a2ac6179f237711f6851cb5,hxd75467e3e4ce64e3424c747dfb71503017440433,cxa0af3165c08318e988cb30993b3048335b94af6c,0x6a94d74f430000,0x182fecf4d595db4d1caabf2e748ab92f12caa3c9d06a4d7d66bd68a745cd9373,0,94195835,0.03,1741072459881118,Ethereum,0.0569739625,ETH,0,1,2025-03-04
cx88fd7df7ddff82f7cc735c871dc519838cb235bb,cxa0af3165c08318e988cb30993b3048335b94af6c,cx5faae53c4dbd1fbe4a2eb4aab6565030f10da5c6,0x14fc97ab8bc5a72,0x88a8cb5041f716d317fb1d01c263f46901bc10eb3d3cd6177cae881385ba70fe,2,94195823,0.09451564612061451,1741072435872840,Balanced Dollar,0.0569739625,bnUSD,0,1,2025-03-04
cx88fd7df7ddff82f7cc735c871dc519838cb235bb,cxa0af3165c08318e988cb30993b3048335b94af6c,hxd75467e3e4ce64e3424c747dfb71503017440433,0x367f220c3e87ca7a8,0x88a8cb5041f716d317fb1d01c263f46901bc10eb3d3cd6177cae881385ba70fe,1,94195823,62.830317377190404,1741072435872840,Balanced Dollar,0.0569739625,bnUSD,0,1,2025-03-04
cx288d13e1b63563459a2ac6179f237711f6851cb5,hxd75467e3e4ce64e3424c747dfb71503017440433,cxa0af3165c08318e988cb30993b3048335b94af6c,0x6a94d74f430000,0x88a8cb5041f716d317fb1d01c263f46901bc10eb3d3cd6177cae881385ba70fe,0,94195823,0.03,1741072435872840,Ethereum,0.0569739625,ETH,0,1,2025-03-04
cx88fd7df7ddff82f7cc735c871dc519838cb235bb,cxa0af3165c08318e988cb30993b3048335b94af6c,cx5faae53c4dbd1fbe4a2eb4aab6565030f10da5c6,0xdc57171b1abe28,0x6aca40ab426c1fb148ee8d28aa9138b8bfb3b5c2bce346bb367e75701cb793c0,2,94195819,0.06202025162694609,1741072428016944,Balanced Dollar,0.047366825,bnUSD,0,1,2025-03-04
cx88fd7df7ddff82f7cc735c871dc519838cb235bb,cxa0af3165c08318e988cb30993b3048335b94af6c,hxd75467e3e4ce64e3424c747dfb71503017440433,0x23c3c14f1e99161cb,0x6aca40ab426c1fb148ee8d28aa9138b8bfb3b5c2bce346bb367e75701cb793c0,1,94195819,41.23385531753571,1741072428016944,Balanced Dollar,0.047366825,bnUSD,0,1,2025-03-04
cx65c9e3d4fea842e00add0d32a5b4c5e4e04c7a6b,hxd75467e3e4ce64e3424c747dfb71503017440433,cxa0af3165c08318e988cb30993b3048335b94af6c,0x11e1a300,0x6aca40ab426c1fb148ee8d28aa9138b8bfb3b5c2bce346bb367e75701cb793c0,0,94195819,0.3,1741072428016944,Solana,0.047366825,SOL,0,1,2025-03-04
cx88fd7df7ddff82f7cc735c871dc519838cb235bb,cxa0af3165c08318e988cb30993b3048335b94af6c,cx5faae53c4dbd1fbe4a2eb4aab6565030f10da5c6,0xdc7557e1f90a10,0xeb7737dbba66a33f0498bf564740d94f87271a6afafb353a2e4fa39c8701cf53,2,94195813,0.0620535151901435,1741072415866925,Balanced Dollar,0.047366825,bnUSD,0,1,2025-03-04
cx88fd7df7ddff82f7cc735c871dc519838cb235bb,cxa0af3165c08318e988cb30993b3048335b94af6c,hxd75467e3e4ce64e3424c747dfb71503017440433,0x23c8aa939d4fc2fee,0xeb7737dbba66a33f0498bf564740d94f87271a6afafb353a2e4fa39c8701cf53,1,94195813,41.25597340233238,1741072415866925,Balanced Dollar,0.047366825,bnUSD,0,1,2025-03-04
cx65c9e3d4fea842e00add0d32a5b4c5e4e04c7a6b,hxd75467e3e4ce64e3424c747dfb71503017440433,cxa0af3165c08318e988cb30993b3048335b94af6c,0x11e1a300,0xeb7737dbba66a33f0498bf564740d94f87271a6afafb353a2e4fa39c8701cf53,0,94195813,0.3,1741072415866925,Solana,0.047366825,SOL,0,1,2025-03-04
cx88fd7df7ddff82f7cc735c871dc519838cb235bb,cxa0af3165c08318e988cb30993b3048335b94af6c,cx5faae53c4dbd1fbe4a2eb4aab6565030f10da5c6,0x14fe1de51ccd247,0xfc91d70fdf3c2e8322f9f7e48e5fd2687fdf1d971ed3fa10515dc104ea2c612e,2,94195810,0.09454246216943674,1741072409864236,Balanced Dollar,0.056992775,bnUSD,0,2,2025-03-04
cx88fd7df7ddff82f7cc735c871dc519838cb235bb,cxa0af3165c08318e988cb30993b3048335b94af6c,hxd75467e3e4ce64e3424c747dfb71503017440433,0x3683176cf4e11f626,0xfc91d70fdf3c2e8322f9f7e48e5fd2687fdf1d971ed3fa10515dc104ea2c612e,1,94195810,62.84814490767209,1741072409864236,Balanced Dollar,0.056992775,bnUSD,0,2,2025-03-04
cx288d13e1b63563459a2ac6179f237711f6851cb5,hxd75467e3e4ce64e3424c747dfb71503017440433,cxa0af3165c08318e988cb30993b3048335b94af6c,0x6a94d74f430000,0xfc91d70fdf3c2e8322f9f7e48e5fd2687fdf1d971ed3fa10515dc104ea2c612e,0,94195810,0.03,1741072409864236,Ethereum,0.056992775,ETH,0,2,2025-03-04
cx88fd7df7ddff82f7cc735c871dc519838cb235bb,cx203d9cd2a669be67177e997b8948ce2c35caffae,cx835b300dcfe01f0bdb794e134a0c5628384f4367,0x39442dc74b4abac16,0x45214809be313981d80ada030d407922e6db6ed5453f3aaf8b65604fb584603f,6,94195797,66.02357588101036,1741072384080689,Balanced Dollar,0.0991083,bnUSD,0,1,2025-03-04
cx88fd7df7ddff82f7cc735c871dc519838cb235bb,cx5faae53c4dbd1fbe4a2eb4aab6565030f10da5c6,cx203d9cd2a669be67177e997b8948ce2c35caffae,0x51cf1cd390219d144,0x45214809be313981d80ada030d407922e6db6ed5453f3aaf8b65604fb584603f,4,94195797,94.31939411572908,1741072384080689,Balanced Dollar,0.0991083,bnUSD,0,1,2025-03-04
cx88fd7df7ddff82f7cc735c871dc519838cb235bb,cx5faae53c4dbd1fbe4a2eb4aab6565030f10da5c6,cxdc30a0d3a1f131565c071272a20bc0b06fd4c17b,0x51cf1cd390219d144,0x45214809be313981d80ada030d407922e6db6ed5453f3aaf8b65604fb584603f,3,94195797,94.31939411572908,1741072384080689,Balanced Dollar,0.0991083,bnUSD,0,1,2025-03-04
cx88fd7df7ddff82f7cc735c871dc519838cb235bb,cxa0af3165c08318e988cb30993b3048335b94af6c,cx5faae53c4dbd1fbe4a2eb4aab6565030f10da5c6,0x14ffa44935d0cb1,0x45214809be313981d80ada030d407922e6db6ed5453f3aaf8b65604fb584603f,2,94195797,0.09456928963513873,1741072384080689,Balanced Dollar,0.0991083,bnUSD,0,1,2025-03-04
cx88fd7df7ddff82f7cc735c871dc519838cb235bb,cxa0af3165c08318e988cb30993b3048335b94af6c,hxd75467e3e4ce64e3424c747dfb71503017440433,0x36870d3c20530f4fe,0x45214809be313981d80ada030d407922e6db6ed5453f3aaf8b65604fb584603f,1,94195797,62.86598002872896,1741072384080689,Balanced Dollar,0.0991083,bnUSD,0,1,2025-03-04
cx288d13e1b63563459a2ac6179f237711f6851cb5,hxd75467e3e4ce64e3424c747dfb71503017440433,cxa0af3165c08318e988cb30993b3048335b94af6c,0x6a94d74f430000,0x45214809be313981d80ada030d407922e6db6ed5453f3aaf8b65604fb584603f,0,94195797,0.03,1741072384080689,Ethereum,0.0991083,ETH,0,1,2025-03-04
cx65c9e3d4fea842e00add0d32a5b4c5e4e04c7a6b,hx0000000000000000000000000000000000000000,hxd75467e3e4ce64e3424c747dfb71503017440433,0xb263b188,0xd6ca9fdf5b1fb0821cb23462cd650ebc6fb4cc12683682eb302ae57bda22e36b,1,94195786,2.99287796,1741072361854851,Solana,0.022660075,SOL,0,1,2025-03-04
cx88fd7df7ddff82f7cc735c871dc519838cb235bb,cxa0af3165c08318e988cb30993b3048335b94af6c,cx5faae53c4dbd1fbe4a2eb4aab6565030f10da5c6,0x15012ad7dcff4aa,0xbe5b43435701f19c926eba7d73b041f0371514089e95c600ea75c385cb3f4090,2,94195785,0.09459612852420318,1741072359847952,Balanced Dollar,0.056975275,bnUSD,0,1,2025-03-04
cx88fd7df7ddff82f7cc735c871dc519838cb235bb,cxa0af3165c08318e988cb30993b3048335b94af6c,hxd75467e3e4ce64e3424c747dfb71503017440433,0x368b0379d0ec46b34,0xbe5b43435701f19c926eba7d73b041f0371514089e95c600ea75c385cb3f4090,1,94195785,62.883822744671384,1741072359847952,Balanced Dollar,0.056975275,bnUSD,0,1,2025-03-04
cx288d13e1b63563459a2ac6179f237711f6851cb5,hxd75467e3e4ce64e3424c747dfb71503017440433,cxa0af3165c08318e988cb30993b3048335b94af6c,0x6a94d74f430000,0xbe5b43435701f19c926eba7d73b041f0371514089e95c600ea75c385cb3f4090,0,94195785,0.03,1741072359847952,Ethereum,0.056975275,ETH,0,1,2025-03-04
cxf61cd5a45dc9f91c15aa65831a30a90d59a09619,cx9345f80d6c98357ccbb70392b14162199c2c5f66,cxd82fb5d3effecd8c9071a4bba3856ad7222c4b91,0xf80b3027ad8fff0,0x3376cdb6722b4fcee6205e08f44681367ffedd9a7a9d8acac42ed825a5b1d073,4,94195766,1.117089530820231,1741072321833417,Balance Token,0.1302826125,BALN,0,1,2025-03-04
cx2609b924e33ef00b648a409245c7ea394c467824,cx9345f80d6c98357ccbb70392b14162199c2c5f66,cxd82fb5d3effecd8c9071a4bba3856ad7222c4b91,0x110d9a761eeea0bfd,0x3376cdb6722b4fcee6205e08f44681367ffedd9a7a9d8acac42ed825a5b1d073,3,94195766,19.660929687324593,1741072321833417,Staked ICX,0.1302826125,sICX,0,1,2025-03-04
cx88fd7df7ddff82f7cc735c871dc519838cb235bb,hx0000000000000000000000000000000000000000,cx5faae53c4dbd1fbe4a2eb4aab6565030f10da5c6,0x0,0x3376cdb6722b4fcee6205e08f44681367ffedd9a7a9d8acac42ed825a5b1d073,2,94195766,0.0,1741072321833417,Balanced Dollar,0.1302826125,bnUSD,0,1,2025-03-04
cx88fd7df7ddff82f7cc735c871dc519838cb235bb,hx0000000000000000000000000000000000000000,cxd82fb5d3effecd8c9071a4bba3856ad7222c4b91,0x2c22128bee4a787d,0x3376cdb6722b4fcee6205e08f44681367ffedd9a7a9d8acac42ed825a5b1d073,1,94195766,3.1801246790846034,1741072321833417,Balanced Dollar,0.1302826125,bnUSD,0,1,2025-03-04
cx88fd7df7ddff82f7cc735c871dc519838cb235bb,hxd75467e3e4ce64e3424c747dfb71503017440433,cxd82fb5d3effecd8c9071a4bba3856ad7222c4b91,0x781b2c8004d53c0000,0x3376cdb6722b4fcee6205e08f44681367ffedd9a7a9d8acac42ed825a5b1d073,0,94195766,2215.567369541391,1741072321833417,Balanced Dollar,0.1302826125,bnUSD,0,1,2025-03-04
cx88fd7df7ddff82f7cc735c871dc519838cb235bb,cxa0af3165c08318e988cb30993b3048335b94af6c,cx5faae53c4dbd1fbe4a2eb4aab6565030f10da5c6,0x1abafa8894ec0e3,0x028645f0c963f551164fd47e76bfc274a5a34c4db71373c3228914b7cd85a798,2,94195763,0.12038295344845643,1741072315831039,Balanced Dollar,0.056911275,bnUSD,0,1,2025-03-04
cx88fd7df7ddff82f7cc735c871dc519838cb235bb,cxa0af3165c08318e988cb30993b3048335b94af6c,hxd75467e3e4ce64e3424c747dfb71503017440433,0x456ca3ead2a7ab5e1,0x028645f0c963f551164fd47e76bfc274a5a34c4db71373c3228914b7cd85a798,1,94195763,80.04085624085852,1741072315831039,Balanced Dollar,0.056911275,bnUSD,0,1,2025-03-04
cx66a031cc3bd305c76371fb586e93801b948254f0,hxd75467e3e4ce64e3424c747dfb71503017440433,cxa0af3165c08318e988cb30993b3048335b94af6c,0x3782dace9d900000,0x028645f0c963f551164fd47e76bfc274a5a34c4db71373c3228914b7cd85a798,0,94195763,4.0,1741072315831039,Avalanche,0.056911275,AVAX,0,1,2025-03-04
cxe2da9f10bc6e2754347bde2ef73379bd398fd9f3,cx21e94c08c03daee80c25d8ee3ea22a20786ec231,hx970eda4988e547df0de8324226fdf3e8ebc9734f,0x152d02c7e14af6800548,0xc25d2f810b867eabfc7e94f66de385acb2a3a66a0738ea14a181c3717abae442,9,94195757,100000.0,1741072303954499,HAVAH,0.1668105125,HVH,0,1,2025-03-04
cx2609b924e33ef00b648a409245c7ea394c467824,cxa0af3165c08318e988cb30993b3048335b94af6c,cx5faae53c4dbd1fbe4a2eb4aab6565030f10da5c6,0x1b6be98f66b4b7a5,0xc25d2f810b867eabfc7e94f66de385acb2a3a66a0738ea14a181c3717abae442,7,94195757,1.9759296636448092,1741072303954499,Staked ICX,0.1668105125,sICX,0,1,2025-03-04
cxe2da9f10bc6e2754347bde2ef73379bd398fd9f3,cxa0af3165c08318e988cb30993b3048335b94af6c,cx21e94c08c03daee80c25d8ee3ea22a20786ec231,0x152d02c7e14af6800548,0xc25d2f810b867eabfc7e94f66de385acb2a3a66a0738ea14a181c3717abae442,6,94195757,100000.0,1741072303954499,HAVAH,0.1668105125,HVH,0,1,2025-03-04
cx2609b924e33ef00b648a409245c7ea394c467824,cx21e94c08c03daee80c25d8ee3ea22a20786ec231,cxa0af3165c08318e988cb30993b3048335b94af6c,0x476905901b769e3e97,0xc25d2f810b867eabfc7e94f66de385acb2a3a66a0738ea14a181c3717abae442,5,94195757,1317.2864424298727,1741072303954499,Staked ICX,0.1668105125,sICX,0,1,2025-03-04
cx88fd7df7ddff82f7cc735c871dc519838cb235bb,cxa0af3165c08318e988cb30993b3048335b94af6c,cx5faae53c4dbd1fbe4a2eb4aab6565030f10da5c6,0x3e6adf1c81e0de1,0xc25d2f810b867eabfc7e94f66de385acb2a3a66a0738ea14a181c3717abae442,3,94195757,0.2811032807133711,1741072303954499,Balanced Dollar,0.1668105125,bnUSD,0,1,2025-03-04
cx2609b924e33ef00b648a409245c7ea394c467824,cxa0af3165c08318e988cb30993b3048335b94af6c,cx21e94c08c03daee80c25d8ee3ea22a20786ec231,0x476905901b769e3e97,0xc25d2f810b867eabfc7e94f66de385acb2a3a66a0738ea14a181c3717abae442,2,94195757,1317.2864424298727,1741072303954499,Staked ICX,0.1668105125,sICX,0,1,2025-03-04
cx88fd7df7ddff82f7cc735c871dc519838cb235bb,cx21e94c08c03daee80c25d8ee3ea22a20786ec231,cxa0af3165c08318e988cb30993b3048335b94af6c,0xa28ba504e78eed194,0xc25d2f810b867eabfc7e94f66de385acb2a3a66a0738ea14a181c3717abae442,1,94195757,187.4021871422474,1741072303954499,Balanced Dollar,0.1668105125,bnUSD,0,1,2025-03-04
cx88fd7df7ddff82f7cc735c871dc519838cb235bb,hx970eda4988e547df0de8324226fdf3e8ebc9734f,cx21e94c08c03daee80c25d8ee3ea22a20786ec231,0xa28ba504e78eed194,0xc25d2f810b867eabfc7e94f66de385acb2a3a66a0738ea14a181c3717abae442,0,94195757,187.4021871422474,1741072303954499,Balanced Dollar,0.1668105125,bnUSD,0,1,2025-03-04
cx88fd7df7ddff82f7cc735c871dc519838cb235bb,cxa0af3165c08318e988cb30993b3048335b94af6c,cx5faae53c4dbd1fbe4a2eb4aab6565030f10da5c6,0x1502b1911888728,0xe05e0afdb25a8d4b719893cfea214ac1ce25e70aef9a9df17bbaef47a12347de,2,94195755,0.09462297884311735,1741072299826897,Balanced Dollar,0.0569765875,bnUSD,0,1,2025-03-04
cx88fd7df7ddff82f7cc735c871dc519838cb235bb,cxa0af3165c08318e988cb30993b3048335b94af6c,hxd75467e3e4ce64e3424c747dfb71503017440433,0x368efa2616be5d1d9,0xe05e0afdb25a8d4b719893cfea214ac1ce25e70aef9a9df17bbaef47a12347de,1,94195755,62.90167305981276,1741072299826897,Balanced Dollar,0.0569765875,bnUSD,0,1,2025-03-04
cx288d13e1b63563459a2ac6179f237711f6851cb5,hxd75467e3e4ce64e3424c747dfb71503017440433,cxa0af3165c08318e988cb30993b3048335b94af6c,0x6a94d74f430000,0xe05e0afdb25a8d4b719893cfea214ac1ce25e70aef9a9df17bbaef47a12347de,0,94195755,0.03,1741072299826897,Ethereum,0.0569765875,ETH,0,1,2025-03-04
cx88fd7df7ddff82f7cc735c871dc519838cb235bb,cxa0af3165c08318e988cb30993b3048335b94af6c,cx5faae53c4dbd1fbe4a2eb4aab6565030f10da5c6,0x15043874ee9d31e,0x79db5308d7d1d8aaa78a5f2d34f6fa000c9c639bc7018e6af8ba98717d744bd5,2,94195745,0.09464984059837316,1741072279933190,Balanced Dollar,0.0569765875,bnUSD,0,1,2025-03-04
cx88fd7df7ddff82f7cc735c871dc519838cb235bb,cxa0af3165c08318e988cb30993b3048335b94af6c,hxd75467e3e4ce64e3424c747dfb71503017440433,0x3692f14101ddd5e3e,0x79db5308d7d1d8aaa78a5f2d34f6fa000c9c639bc7018e6af8ba98717d744bd5,1,94195745,62.91953097846957,1741072279933190,Balanced Dollar,0.0569765875,bnUSD,0,1,2025-03-04
cx288d13e1b63563459a2ac6179f237711f6851cb5,hxd75467e3e4ce64e3424c747dfb71503017440433,cxa0af3165c08318e988cb30993b3048335b94af6c,0x6a94d74f430000,0x79db5308d7d1d8aaa78a5f2d34f6fa000c9c639bc7018e6af8ba98717d744bd5,0,94195745,0.03,1741072279933190,Ethereum,0.0569765875,ETH,0,1,2025-03-04
cx88fd7df7ddff82f7cc735c871dc519838cb235bb,cxa0af3165c08318e988cb30993b3048335b94af6c,cx5faae53c4dbd1fbe4a2eb4aab6565030f10da5c6,0x1505bf83656f981,0x7c03ed56b76a4b3198d9b62251470d5dabf44c6389b8bb2ac55222d3036c8a09,2,94195737,0.09467671379646707,1741072263936665,Balanced Dollar,0.0569765875,bnUSD,0,1,2025-03-04
cx88fd7df7ddff82f7cc735c871dc519838cb235bb,cxa0af3165c08318e988cb30993b3048335b94af6c,hxd75467e3e4ce64e3424c747dfb71503017440433,0x3696e8caa26220c25,0x7c03ed56b76a4b3198d9b62251470d5dabf44c6389b8bb2ac55222d3036c8a09,1,94195737,62.937396504961356,1741072263936665,Balanced Dollar,0.0569765875,bnUSD,0,1,2025-03-04
cx288d13e1b63563459a2ac6179f237711f6851cb5,hxd75467e3e4ce64e3424c747dfb71503017440433,cxa0af3165c08318e988cb30993b3048335b94af6c,0x6a94d74f430000,0x7c03ed56b76a4b3198d9b62251470d5dabf44c6389b8bb2ac55222d3036c8a09,0,94195737,0.03,1741072263936665,Ethereum,0.0569765875,ETH,0,1,2025-03-04
cx88fd7df7ddff82f7cc735c871dc519838cb235bb,cxa0af3165c08318e988cb30993b3048335b94af6c,cx5faae53c4dbd1fbe4a2eb4aab6565030f10da5c6,0x150746bc8332d4c,0x16d43cd1f11be8d7fc31ecec254117b66d7d3bb6f7e0c98def6b617944019ba5,2,94195729,0.09470359844390024,1741072247806700,Balanced Dollar,0.0569765875,bnUSD,0,1,2025-03-04
cx88fd7df7ddff82f7cc735c871dc519838cb235bb,cxa0af3165c08318e988cb30993b3048335b94af6c,hxd75467e3e4ce64e3424c747dfb71503017440433,0x369ae0c308659a7f8,0x16d43cd1f11be8d7fc31ecec254117b66d7d3bb6f7e0c98def6b617944019ba5,1,94195729,62.95526964361073,1741072247806700,Balanced Dollar,0.0569765875,bnUSD,0,1,2025-03-04
cx288d13e1b63563459a2ac6179f237711f6851cb5,hxd75467e3e4ce64e3424c747dfb71503017440433,cxa0af3165c08318e988cb30993b3048335b94af6c,0x6a94d74f430000,0x16d43cd1f11be8d7fc31ecec254117b66d7d3bb6f7e0c98def6b617944019ba5,0,94195729,0.03,1741072247806700,Ethereum,0.0569765875,ETH,0,1,2025-03-04
cx508002ec116fbf3ab406329c0df28e70d7e75fb3,cx21e94c08c03daee80c25d8ee3ea22a20786ec231,hx4dc7903504bb800a462378348a42f53742759e0b,0x9ef569a57,0x6a9e68b4554558c6a6b274165a7643859db66ed4e0a43b8d3552045323ba543e,12,94195715,42.670135895,1741072219950139,Sui,0.218665225,SUI,0,2,2025-03-04
cx88fd7df7ddff82f7cc735c871dc519838cb235bb,cxa0af3165c08318e988cb30993b3048335b94af6c,cx5faae53c4dbd1fbe4a2eb4aab6565030f10da5c6,0x23338ab01a1346c,0x6a9e68b4554558c6a6b274165a7643859db66ed4e0a43b8d3552045323ba543e,10,94195715,0.15853271900600432,1741072219950139,Balanced Dollar,0.218665225,bnUSD,0,2,2025-03-04
cx508002ec116fbf3ab406329c0df28e70d7e75fb3,cxa0af3165c08318e988cb30993b3048335b94af6c,cx21e94c08c03daee80c25d8ee3ea22a20786ec231,0x9ef569a57,0x6a9e68b4554558c6a6b274165a7643859db66ed4e0a43b8d3552045323ba543e,9,94195715,42.670135895,1741072219950139,Sui,0.218665225,SUI,0,2,2025-03-04
cx88fd7df7ddff82f7cc735c871dc519838cb235bb,cx21e94c08c03daee80c25d8ee3ea22a20786ec231,cxa0af3165c08318e988cb30993b3048335b94af6c,0x5bab8e7fee92330ba,0x6a9e68b4554558c6a6b274165a7643859db66ed4e0a43b8d3552045323ba543e,8,94195715,105.68847933733622,1741072219950139,Balanced Dollar,0.218665225,bnUSD,0,2,2025-03-04
cx88fd7df7ddff82f7cc735c871dc519838cb235bb,cxa0af3165c08318e988cb30993b3048335b94af6c,cx5faae53c4dbd1fbe4a2eb4aab6565030f10da5c6,0x234d8b55162a05a,0x6a9e68b4554558c6a6b274165a7643859db66ed4e0a43b8d3552045323ba543e,6,94195715,0.15899016013090825,1741072219950139,Balanced Dollar,0.218665225,bnUSD,0,2,2025-03-04
cx88fd7df7ddff82f7cc735c871dc519838cb235bb,cxa0af3165c08318e988cb30993b3048335b94af6c,cx21e94c08c03daee80c25d8ee3ea22a20786ec231,0x5bab8e7fee92330ba,0x6a9e68b4554558c6a6b274165a7643859db66ed4e0a43b8d3552045323ba543e,5,94195715,105.68847933733622,1741072219950139,Balanced Dollar,0.218665225,bnUSD,0,2,2025-03-04
cx2609b924e33ef00b648a409245c7ea394c467824,cx21e94c08c03daee80c25d8ee3ea22a20786ec231,cxa0af3165c08318e988cb30993b3048335b94af6c,0x2884fcce93419c59e7,0x6a9e68b4554558c6a6b274165a7643859db66ed4e0a43b8d3552045323ba543e,4,94195715,747.452524187376,1741072219950139,Staked ICX,0.218665225,sICX,0,2,2025-03-04
cx2609b924e33ef00b648a409245c7ea394c467824,hx0000000000000000000000000000000000000000,cx21e94c08c03daee80c25d8ee3ea22a20786ec231,0x2884fcce93419c59e7,0x6a9e68b4554558c6a6b274165a7643859db66ed4e0a43b8d3552045323ba543e,2,94195715,747.452524187376,1741072219950139,Staked ICX,0.218665225,sICX,0,2,2025-03-04
cx88fd7df7ddff82f7cc735c871dc519838cb235bb,cx21e94c08c03daee80c25d8ee3ea22a20786ec231,hx2debd9ec927cca1639da8d3518dd9dbf1cdfb357,0xf565e43f0eee4c51d,0x0a9a75dc78b44b8dbef7c74c988c20ac729f2a7db2634f5f4941f2ddf1203484,5,94195714,282.92464754279507,1741072218015055,Balanced Dollar,0.112703225,bnUSD,0,1,2025-03-04
cx88fd7df7ddff82f7cc735c871dc519838cb235bb,cxa0af3165c08318e988cb30993b3048335b94af6c,cx5faae53c4dbd1fbe4a2eb4aab6565030f10da5c6,0x5e7c37e84c3da5e,0x0a9a75dc78b44b8dbef7c74c988c20ac729f2a7db2634f5f4941f2ddf1203484,3,94195714,0.4255236379705248,1741072218015055,Balanced Dollar,0.112703225,bnUSD,0,1,2025-03-04
cx88fd7df7ddff82f7cc735c871dc519838cb235bb,cxa0af3165c08318e988cb30993b3048335b94af6c,cx21e94c08c03daee80c25d8ee3ea22a20786ec231,0xf565e43f0eee4c51d,0x0a9a75dc78b44b8dbef7c74c988c20ac729f2a7db2634f5f4941f2ddf1203484,2,94195714,282.92464754279507,1741072218015055,Balanced Dollar,0.112703225,bnUSD,0,1,2025-03-04
cx2609b924e33ef00b648a409245c7ea394c467824,cx21e94c08c03daee80c25d8ee3ea22a20786ec231,cxa0af3165c08318e988cb30993b3048335b94af6c,0x6c6b935b8bbd400000,0x0a9a75dc78b44b8dbef7c74c988c20ac729f2a7db2634f5f4941f2ddf1203484,1,94195714,2000.0,1741072218015055,Staked ICX,0.112703225,sICX,0,1,2025-03-04
cx2609b924e33ef00b648a409245c7ea394c467824,hx2debd9ec927cca1639da8d3518dd9dbf1cdfb357,cx21e94c08c03daee80c25d8ee3ea22a20786ec231,0x6c6b935b8bbd400000,0x0a9a75dc78b44b8dbef7c74c988c20ac729f2a7db2634f5f4941f2ddf1203484,0,94195714,2000.0,1741072218015055,Staked ICX,0.112703225,sICX,0,1,2025-03-04
cx88fd7df7ddff82f7cc735c871dc519838cb235bb,cxa0af3165c08318e988cb30993b3048335b94af6c,cx5faae53c4dbd1fbe4a2eb4aab6565030f10da5c6,0x291b065a7a46a79,0xac612892ebaca67f944b1b925b35c1f4d0bf7ed87f9276caa0b5aa77a5808ddb,2,94195713,0.1851230103496567,1741072215792556,Balanced Dollar,0.0473865625,bnUSD,0,1,2025-03-04
cx88fd7df7ddff82f7cc735c871dc519838cb235bb,cxa0af3165c08318e988cb30993b3048335b94af6c,hxd75467e3e4ce64e3424c747dfb71503017440433,0x6ac83f2753592542c,0xac612892ebaca67f944b1b925b35c1f4d0bf7ed87f9276caa0b5aa77a5808ddb,1,94195713,123.11151042395389,1741072215792556,Balanced Dollar,0.0473865625,bnUSD,0,1,2025-03-04
cx508002ec116fbf3ab406329c0df28e70d7e75fb3,hxd75467e3e4ce64e3424c747dfb71503017440433,cxa0af3165c08318e988cb30993b3048335b94af6c,0xba43b7400,0xac612892ebaca67f944b1b925b35c1f4d0bf7ed87f9276caa0b5aa77a5808ddb,0,94195713,50.0,1741072215792556,Sui,0.0473865625,SUI,0,1,2025-03-04
cx88fd7df7ddff82f7cc735c871dc519838cb235bb,cxa0af3165c08318e988cb30993b3048335b94af6c,cx5faae53c4dbd1fbe4a2eb4aab6565030f10da5c6,0x1abf7a5428fcae2,0x40cf6862e166bb90786281eb6154bbf24400cd8c4d6be53dc894ba6fe8a5c005,2,94195709,0.12046210421383446,1741072207790323,Balanced Dollar,0.0569085875,bnUSD,0,1,2025-03-04
cx88fd7df7ddff82f7cc735c871dc519838cb235bb,cxa0af3165c08318e988cb30993b3048335b94af6c,hxd75467e3e4ce64e3424c747dfb71503017440433,0x457853dca61bcb738,0x40cf6862e166bb90786281eb6154bbf24400cd8c4d6be53dc894ba6fe8a5c005,1,94195709,80.0934910874729,1741072207790323,Balanced Dollar,0.0569085875,bnUSD,0,1,2025-03-04
cx66a031cc3bd305c76371fb586e93801b948254f0,hxd75467e3e4ce64e3424c747dfb71503017440433,cxa0af3165c08318e988cb30993b3048335b94af6c,0x3782dace9d900000,0x40cf6862e166bb90786281eb6154bbf24400cd8c4d6be53dc894ba6fe8a5c005,0,94195709,4.0,1741072207790323,Avalanche,0.0569085875,AVAX,0,1,2025-03-04
cx88fd7df7ddff82f7cc735c871dc519838cb235bb,cxa0af3165c08318e988cb30993b3048335b94af6c,cx5faae53c4dbd1fbe4a2eb4aab6565030f10da5c6,0xdc939ee4b8f218,0x1d0a4cf9749f1d76404dbde793ea8dbc08921b6c8f0b8fa62eb4d5df8b372948,2,94195705,0.06208680552778601,1741072199787815,Balanced Dollar,0.0473681375,bnUSD,0,1,2025-03-04
cx88fd7df7ddff82f7cc735c871dc519838cb235bb,cxa0af3165c08318e988cb30993b3048335b94af6c,hxd75467e3e4ce64e3424c747dfb71503017440433,0x23cd94db3733901c4,0x1d0a4cf9749f1d76404dbde793ea8dbc08921b6c8f0b8fa62eb4d5df8b372948,1,94195705,41.27810929276859,1741072199787815,Balanced Dollar,0.0473681375,bnUSD,0,1,2025-03-04
cx65c9e3d4fea842e00add0d32a5b4c5e4e04c7a6b,hxd75467e3e4ce64e3424c747dfb71503017440433,cxa0af3165c08318e988cb30993b3048335b94af6c,0x11e1a300,0x1d0a4cf9749f1d76404dbde793ea8dbc08921b6c8f0b8fa62eb4d5df8b372948,0,94195705,0.3,1741072199787815,Solana,0.0473681375,SOL,0,1,2025-03-04
cx88fd7df7ddff82f7cc735c871dc519838cb235bb,cxa0af3165c08318e988cb30993b3048335b94af6c,cx5faae53c4dbd1fbe4a2eb4aab6565030f10da5c6,0x1508ce204e1b385,0x8cf88078c2dad58d548149fd64e96fe6661164caefb8d5c3236a349fb88bbb08,2,94195702,0.09473049454717837,1741072193786223,Balanced Dollar,0.0569765875,bnUSD,0,1,2025-03-04
cx88fd7df7ddff82f7cc735c871dc519838cb235bb,cxa0af3165c08318e988cb30993b3048335b94af6c,hxd75467e3e4ce64e3424c747dfb71503017440433,0x369ed92a44058d8fc,0x8cf88078c2dad58d548149fd64e96fe6661164caefb8d5c3236a349fb88bbb08,1,94195702,62.97315039874337,1741072193786223,Balanced Dollar,0.0569765875,bnUSD,0,1,2025-03-04
cx288d13e1b63563459a2ac6179f237711f6851cb5,hxd75467e3e4ce64e3424c747dfb71503017440433,cxa0af3165c08318e988cb30993b3048335b94af6c,0x6a94d74f430000,0x8cf88078c2dad58d548149fd64e96fe6661164caefb8d5c3236a349fb88bbb08,0,94195702,0.03,1741072193786223,Ethereum,0.0569765875,ETH,0,1,2025-03-04
cx88fd7df7ddff82f7cc735c871dc519838cb235bb,cxa0af3165c08318e988cb30993b3048335b94af6c,cx5faae53c4dbd1fbe4a2eb4aab6565030f10da5c6,0x1ac3fb42b55d0fc,0x7e97c768ad2951c1420e8d3dae16453e94afd46c561aa13f4be5664806bfb0e7,2,94195694,0.12054133308586829,1741072177937291,Balanced Dollar,0.0569125875,bnUSD,0,1,2025-03-04
cx88fd7df7ddff82f7cc735c871dc519838cb235bb,cxa0af3165c08318e988cb30993b3048335b94af6c,hxd75467e3e4ce64e3424c747dfb71503017440433,0x458406c26ef32a0dd,0x7e97c768ad2951c1420e8d3dae16453e94afd46c561aa13f4be5664806bfb0e7,1,94195694,80.14617788316298,1741072177937291,Balanced Dollar,0.0569125875,bnUSD,0,1,2025-03-04
cx66a031cc3bd305c76371fb586e93801b948254f0,hxd75467e3e4ce64e3424c747dfb71503017440433,cxa0af3165c08318e988cb30993b3048335b94af6c,0x3782dace9d900000,0x7e97c768ad2951c1420e8d3dae16453e94afd46c561aa13f4be5664806bfb0e7,0,94195694,4.0,1741072177937291,Avalanche,0.0569125875,AVAX,0,1,2025-03-04
cx88fd7df7ddff82f7cc735c871dc519838cb235bb,cxa0af3165c08318e988cb30993b3048335b94af6c,cx5faae53c4dbd1fbe4a2eb4aab6565030f10da5c6,0x2926612184d72f1,0x3a1f76c624c2e027cfbeec2a01e7c258811d29c44b89c99781b7a03c05147cef,2,94195691,0.18532276257878502,1741072171776351,Balanced Dollar,0.0473865625,bnUSD,0,1,2025-03-04
cx88fd7df7ddff82f7cc735c871dc519838cb235bb,cxa0af3165c08318e988cb30993b3048335b94af6c,hxd75467e3e4ce64e3424c747dfb71503017440433,0x6ae5c04ad2f5f997c,0x3a1f76c624c2e027cfbeec2a01e7c258811d29c44b89c99781b7a03c05147cef,1,94195691,123.2443866445848,1741072171776351,Balanced Dollar,0.0473865625,bnUSD,0,1,2025-03-04
cx508002ec116fbf3ab406329c0df28e70d7e75fb3,hxd75467e3e4ce64e3424c747dfb71503017440433,cxa0af3165c08318e988cb30993b3048335b94af6c,0xba43b7400,0x3a1f76c624c2e027cfbeec2a01e7c258811d29c44b89c99781b7a03c05147cef,0,94195691,50.0,1741072171776351,Sui,0.0473865625,SUI,0,1,2025-03-04
cx88fd7df7ddff82f7cc735c871dc519838cb235bb,cxa0af3165c08318e988cb30993b3048335b94af6c,cx5faae53c4dbd1fbe4a2eb4aab6565030f10da5c6,0x150a55aecc5e33f,0x1bbaefc966166ca0e847ba633222843e69ebc5614e65ffa7a51ba39e8272a577,2,94195688,0.09475740211281183,1741072165773238,Balanced Dollar,0.0569765875,bnUSD,0,1,2025-03-04
cx88fd7df7ddff82f7cc735c871dc519838cb235bb,cxa0af3165c08318e988cb30993b3048335b94af6c,hxd75467e3e4ce64e3424c747dfb71503017440433,0x36a2d200656232b91,0x1bbaefc966166ca0e847ba633222843e69ebc5614e65ffa7a51ba39e8272a577,1,94195688,62.991038774688036,1741072165773238,Balanced Dollar,0.0569765875,bnUSD,0,1,2025-03-04
cx288d13e1b63563459a2ac6179f237711f6851cb5,hxd75467e3e4ce64e3424c747dfb71503017440433,cxa0af3165c08318e988cb30993b3048335b94af6c,0x6a94d74f430000,0x1bbaefc966166ca0e847ba633222843e69ebc5614e65ffa7a51ba39e8272a577,0,94195688,0.03,1741072165773238,Ethereum,0.0569765875,ETH,0,1,2025-03-04
cx88fd7df7ddff82f7cc735c871dc519838cb235bb,cxa0af3165c08318e988cb30993b3048335b94af6c,cx5faae53c4dbd1fbe4a2eb4aab6565030f10da5c6,0xdcb1ec25111873,0xa60fb9269f3605a015335f28eff25846b0fbc23bc98c17c1fa8f902db71c0c97,2,94195684,0.06212012266861989,1741072157771443,Balanced Dollar,0.0473681375,bnUSD,0,2,2025-03-04
cx88fd7df7ddff82f7cc735c871dc519838cb235bb,cxa0af3165c08318e988cb30993b3048335b94af6c,hxd75467e3e4ce64e3424c747dfb71503017440433,0x23d28026337e4c5e8,0xa60fb9269f3605a015335f28eff25846b0fbc23bc98c17c1fa8f902db71c0c97,1,94195684,41.30026300796389,1741072157771443,Balanced Dollar,0.0473681375,bnUSD,0,2,2025-03-04
cx65c9e3d4fea842e00add0d32a5b4c5e4e04c7a6b,hxd75467e3e4ce64e3424c747dfb71503017440433,cxa0af3165c08318e988cb30993b3048335b94af6c,0x11e1a300,0xa60fb9269f3605a015335f28eff25846b0fbc23bc98c17c1fa8f902db71c0c97,0,94195684,0.3,1741072157771443,Solana,0.0473681375,SOL,0,2,2025-03-04
cx88fd7df7ddff82f7cc735c871dc519838cb235bb,cx21e94c08c03daee80c25d8ee3ea22a20786ec231,hx2debd9ec927cca1639da8d3518dd9dbf1cdfb357,0x11f60b67e0686369ca,0x4a42881945fcac2bd9588312e2d762929d40ae49a0369146c719f9f1def650bd,5,94195684,331.3240278246582,1741072157771443,Balanced Dollar,0.0884122375,bnUSD,0,1,2025-03-04
cx88fd7df7ddff82f7cc735c871dc519838cb235bb,cxa0af3165c08318e988cb30993b3048335b94af6c,cx5faae53c4dbd1fbe4a2eb4aab6565030f10da5c6,0x6e7ca3eaed7bf6c,0x4a42881945fcac2bd9588312e2d762929d40ae49a0369146c719f9f1def650bd,3,94195684,0.4975886544178871,1741072157771443,Balanced Dollar,0.0884122375,bnUSD,0,1,2025-03-04
cx88fd7df7ddff82f7cc735c871dc519838cb235bb,cxa0af3165c08318e988cb30993b3048335b94af6c,cx21e94c08c03daee80c25d8ee3ea22a20786ec231,0x11f60b67e0686369ca,0x4a42881945fcac2bd9588312e2d762929d40ae49a0369146c719f9f1def650bd,2,94195684,331.3240278246582,1741072157771443,Balanced Dollar,0.0884122375,bnUSD,0,1,2025-03-04
cx4297f4b63262507623b6ad575d0d8dd2db980e4e,cx21e94c08c03daee80c25d8ee3ea22a20786ec231,cxa0af3165c08318e988cb30993b3048335b94af6c,0x1a055690d9db80000,0x4a42881945fcac2bd9588312e2d762929d40ae49a0369146c719f9f1def650bd,1,94195684,30.0,1741072157771443,Injective,0.0884122375,INJ,0,1,2025-03-04
cx4297f4b63262507623b6ad575d0d8dd2db980e4e,hx2debd9ec927cca1639da8d3518dd9dbf1cdfb357,cx21e94c08c03daee80c25d8ee3ea22a20786ec231,0x1a055690d9db80000,0x4a42881945fcac2bd9588312e2d762929d40ae49a0369146c719f9f1def650bd,0,94195684,30.0,1741072157771443,Injective,0.0884122375,INJ,0,1,2025-03-04
cx88fd7df7ddff82f7cc735c871dc519838cb235bb,cxa0af3165c08318e988cb30993b3048335b94af6c,hx4dc7903504bb800a462378348a42f53742759e0b,0x416a858239d9235,0x1869bcb9c4331b3f42f97958bd3efa5bdbac1aa1c2c4205cb39c459fa4131659,3,94195673,0.29460792214746373,1741072135762944,Balanced Dollar,0.034739025,bnUSD,0,3,2025-03-04
cx508002ec116fbf3ab406329c0df28e70d7e75fb3,hx4dc7903504bb800a462378348a42f53742759e0b,cxa0af3165c08318e988cb30993b3048335b94af6c,0x9ede6a7bd,0x0d07408dac3b863f15259ce267c0bec5c18d8c12aa51d4cb38c0c794024d2ec3,0,94195673,42.646022077,1741072135762944,Sui,0.0215512625,SUI,0,2,2025-03-04
cx88fd7df7ddff82f7cc735c871dc519838cb235bb,hx4dc7903504bb800a462378348a42f53742759e0b,cxa0af3165c08318e988cb30993b3048335b94af6c,0x5bc11032c0e838000,0xae9065271de08ffad8d0569333a0287889cbcec89105a7eaf3e7df504d598c42,0,94195673,105.78533661003924,1741072135762944,Balanced Dollar,0.02221895,bnUSD,0,1,2025-03-04
cx88fd7df7ddff82f7cc735c871dc519838cb235bb,cx21e94c08c03daee80c25d8ee3ea22a20786ec231,hxd75467e3e4ce64e3424c747dfb71503017440433,0x628cc1ba5c7cd5059,0xc088d9789b72e8ab782c3b53a667adc08f7218baf597a39497470ca164712252,16,94195672,113.62021949785908,1741072133985749,Balanced Dollar,0.3688955375,bnUSD,0,1,2025-03-04
cx88fd7df7ddff82f7cc735c871dc519838cb235bb,cxa0af3165c08318e988cb30993b3048335b94af6c,cx5faae53c4dbd1fbe4a2eb4aab6565030f10da5c6,0x25f3b5127ef17ac,0xc088d9789b72e8ab782c3b53a667adc08f7218baf597a39497470ca164712252,14,94195672,0.17092053061173854,1741072133985749,Balanced Dollar,0.3688955375,bnUSD,0,1,2025-03-04
cx88fd7df7ddff82f7cc735c871dc519838cb235bb,cxa0af3165c08318e988cb30993b3048335b94af6c,cx21e94c08c03daee80c25d8ee3ea22a20786ec231,0x628cc1ba5c7cd5059,0xc088d9789b72e8ab782c3b53a667adc08f7218baf597a39497470ca164712252,13,94195672,113.62021949785908,1741072133985749,Balanced Dollar,0.3688955375,bnUSD,0,1,2025-03-04
cx2609b924e33ef00b648a409245c7ea394c467824,cx21e94c08c03daee80c25d8ee3ea22a20786ec231,cxa0af3165c08318e988cb30993b3048335b94af6c,0x2b85455c7a0b7b047f,0xc088d9789b72e8ab782c3b53a667adc08f7218baf597a39497470ca164712252,12,94195672,802.8131786291965,1741072133985749,Staked ICX,0.3688955375,sICX,0,1,2025-03-04
cx2609b924e33ef00b648a409245c7ea394c467824,cx203d9cd2a669be67177e997b8948ce2c35caffae,cx835b300dcfe01f0bdb794e134a0c5628384f4367,0x3d82108b19df3aa4,0xc088d9789b72e8ab782c3b53a667adc08f7218baf597a39497470ca164712252,9,94195672,4.432123172906548,1741072133985749,Staked ICX,0.3688955375,sICX,0,1,2025-03-04
cx2609b924e33ef00b648a409245c7ea394c467824,cx5faae53c4dbd1fbe4a2eb4aab6565030f10da5c6,cx203d9cd2a669be67177e997b8948ce2c35caffae,0x57de60c6b73ee610,0xc088d9789b72e8ab782c3b53a667adc08f7218baf597a39497470ca164712252,6,94195672,6.33160453272364,1741072133985749,Staked ICX,0.3688955375,sICX,0,1,2025-03-04
cx2609b924e33ef00b648a409245c7ea394c467824,cx5faae53c4dbd1fbe4a2eb4aab6565030f10da5c6,cxdc30a0d3a1f131565c071272a20bc0b06fd4c17b,0x57de60c6b73ee60f,0xc088d9789b72e8ab782c3b53a667adc08f7218baf597a39497470ca164712252,4,94195672,6.33160453272364,1741072133985749,Staked ICX,0.3688955375,sICX,0,1,2025-03-04
cx2609b924e33ef00b648a409245c7ea394c467824,cxa0af3165c08318e988cb30993b3048335b94af6c,cx5faae53c4dbd1fbe4a2eb4aab6565030f10da5c6,0x10bd69a313f86d27,0xc088d9789b72e8ab782c3b53a667adc08f7218baf597a39497470ca164712252,3,94195672,1.2062364243407946,1741072133985749,Staked ICX,0.3688955375,sICX,0,1,2025-03-04
cx2609b924e33ef00b648a409245c7ea394c467824,cxa0af3165c08318e988cb30993b3048335b94af6c,cx21e94c08c03daee80c25d8ee3ea22a20786ec231,0x2b85455c7a0b7b047f,0xc088d9789b72e8ab782c3b53a667adc08f7218baf597a39497470ca164712252,2,94195672,802.8131786291965,1741072133985749,Staked ICX,0.3688955375,sICX,0,1,2025-03-04
cx518f64edcd35db9044a2de63fdc10abfd5f7d611,cx21e94c08c03daee80c25d8ee3ea22a20786ec231,cxa0af3165c08318e988cb30993b3048335b94af6c,0xee6b2800,0xc088d9789b72e8ab782c3b53a667adc08f7218baf597a39497470ca164712252,1,94195672,400.0,1741072133985749,Stellar,0.3688955375,XLM,0,1,2025-03-04
cx518f64edcd35db9044a2de63fdc10abfd5f7d611,hxd75467e3e4ce64e3424c747dfb71503017440433,cx21e94c08c03daee80c25d8ee3ea22a20786ec231,0xee6b2800,0xc088d9789b72e8ab782c3b53a667adc08f7218baf597a39497470ca164712252,0,94195672,400.0,1741072133985749,Stellar,0.3688955375,XLM,0,1,2025-03-04
cx508002ec116fbf3ab406329c0df28e70d7e75fb3,cx21e94c08c03daee80c25d8ee3ea22a20786ec231,hx4dc7903504bb800a462378348a42f53742759e0b,0x9ef2bf0d1,0xceaacb90560bdb5007763c87edc916b07b1aba6cdbb1176e077342445cfcd98f,12,94195670,42.667339985,1741072129875637,Sui,0.2186732875,SUI,0,2,2025-03-04
cx88fd7df7ddff82f7cc735c871dc519838cb235bb,cxa0af3165c08318e988cb30993b3048335b94af6c,cx5faae53c4dbd1fbe4a2eb4aab6565030f10da5c6,0x233e16e5b7f6e15,0xceaacb90560bdb5007763c87edc916b07b1aba6cdbb1176e077342445cfcd98f,10,94195670,0.1587182759858294,1741072129875637,Balanced Dollar,0.2186732875,bnUSD,0,2,2025-03-04
cx508002ec116fbf3ab406329c0df28e70d7e75fb3,cxa0af3165c08318e988cb30993b3048335b94af6c,cx21e94c08c03daee80c25d8ee3ea22a20786ec231,0x9ef2bf0d1,0xceaacb90560bdb5007763c87edc916b07b1aba6cdbb1176e077342445cfcd98f,9,94195670,42.667339985,1741072129875637,Sui,0.2186732875,SUI,0,2,2025-03-04
cx88fd7df7ddff82f7cc735c871dc519838cb235bb,cx21e94c08c03daee80c25d8ee3ea22a20786ec231,cxa0af3165c08318e988cb30993b3048335b94af6c,0x5bc7064b8f12eac81,0xceaacb90560bdb5007763c87edc916b07b1aba6cdbb1176e077342445cfcd98f,8,94195670,105.81218399055294,1741072129875637,Balanced Dollar,0.2186732875,bnUSD,0,2,2025-03-04
cx88fd7df7ddff82f7cc735c871dc519838cb235bb,cxa0af3165c08318e988cb30993b3048335b94af6c,cx5faae53c4dbd1fbe4a2eb4aab6565030f10da5c6,0x23581f2a8581be5,0xceaacb90560bdb5007763c87edc916b07b1aba6cdbb1176e077342445cfcd98f,6,94195670,0.15917624104793598,1741072129875637,Balanced Dollar,0.2186732875,bnUSD,0,2,2025-03-04
cx88fd7df7ddff82f7cc735c871dc519838cb235bb,cxa0af3165c08318e988cb30993b3048335b94af6c,cx21e94c08c03daee80c25d8ee3ea22a20786ec231,0x5bc7064b8f12eac81,0xceaacb90560bdb5007763c87edc916b07b1aba6cdbb1176e077342445cfcd98f,5,94195670,105.81218399055294,1741072129875637,Balanced Dollar,0.2186732875,bnUSD,0,2,2025-03-04
cx2609b924e33ef00b648a409245c7ea394c467824,cx21e94c08c03daee80c25d8ee3ea22a20786ec231,cxa0af3165c08318e988cb30993b3048335b94af6c,0x2884fcce93419c59e7,0xceaacb90560bdb5007763c87edc916b07b1aba6cdbb1176e077342445cfcd98f,4,94195670,747.452524187376,1741072129875637,Staked ICX,0.2186732875,sICX,0,2,2025-03-04
cx2609b924e33ef00b648a409245c7ea394c467824,hx0000000000000000000000000000000000000000,cx21e94c08c03daee80c25d8ee3ea22a20786ec231,0x2884fcce93419c59e7,0xceaacb90560bdb5007763c87edc916b07b1aba6cdbb1176e077342445cfcd98f,2,94195670,747.452524187376,1741072129875637,Staked ICX,0.2186732875,sICX,0,2,2025-03-04
cx88fd7df7ddff82f7cc735c871dc519838cb235bb,cx21e94c08c03daee80c25d8ee3ea22a20786ec231,hx4dc7903504bb800a462378348a42f53742759e0b,0x5bccd04d6a8cc18aa,0xc08989bfa4829fc402349a8fb7c5972a6230aaf1a4bf7eaa66048065bfe4811d,8,94195670,105.83825573790536,1741072129875637,Balanced Dollar,0.1713534875,bnUSD,0,1,2025-03-04
cx88fd7df7ddff82f7cc735c871dc519838cb235bb,cxa0af3165c08318e988cb30993b3048335b94af6c,cx5faae53c4dbd1fbe4a2eb4aab6565030f10da5c6,0x235a59dd1d4eaba,0xc08989bfa4829fc402349a8fb7c5972a6230aaf1a4bf7eaa66048065bfe4811d,6,94195670,0.15921545909036103,1741072129875637,Balanced Dollar,0.1713534875,bnUSD,0,1,2025-03-04
cx88fd7df7ddff82f7cc735c871dc519838cb235bb,cxa0af3165c08318e988cb30993b3048335b94af6c,cx21e94c08c03daee80c25d8ee3ea22a20786ec231,0x5bccd04d6a8cc18aa,0xc08989bfa4829fc402349a8fb7c5972a6230aaf1a4bf7eaa66048065bfe4811d,5,94195670,105.83825573790536,1741072129875637,Balanced Dollar,0.1713534875,bnUSD,0,1,2025-03-04
cx2609b924e33ef00b648a409245c7ea394c467824,cx21e94c08c03daee80c25d8ee3ea22a20786ec231,cxa0af3165c08318e988cb30993b3048335b94af6c,0x2884fcce93419c59e7,0xc08989bfa4829fc402349a8fb7c5972a6230aaf1a4bf7eaa66048065bfe4811d,4,94195670,747.452524187376,1741072129875637,Staked ICX,0.1713534875,sICX,0,1,2025-03-04
cx2609b924e33ef00b648a409245c7ea394c467824,hx0000000000000000000000000000000000000000,cx21e94c08c03daee80c25d8ee3ea22a20786ec231,0x2884fcce93419c59e7,0xc08989bfa4829fc402349a8fb7c5972a6230aaf1a4bf7eaa66048065bfe4811d,2,94195670,747.452524187376,1741072129875637,Staked ICX,0.1713534875,sICX,0,1,2025-03-04
cx88fd7df7ddff82f7cc735c871dc519838cb235bb,cxa0af3165c08318e988cb30993b3048335b94af6c,cx5faae53c4dbd1fbe4a2eb4aab6565030f10da5c6,0xec8cff2e03aea8,0xff84dff81c3486292e405f8f3bf4fba9253c2bb0563621fa254cf1519b56bff5,2,94195668,0.06658312212025719,1741072125760756,Balanced Dollar,0.05694565,bnUSD,0,1,2025-03-04
cx88fd7df7ddff82f7cc735c871dc519838cb235bb,cxa0af3165c08318e988cb30993b3048335b94af6c,hxd75467e3e4ce64e3424c747dfb71503017440433,0x26651090fa82dcccf,0xff84dff81c3486292e405f8f3bf4fba9253c2bb0563621fa254cf1519b56bff5,1,94195668,44.26617217525205,1741072125760756,Balanced Dollar,0.05694565,bnUSD,0,1,2025-03-04
cx4297f4b63262507623b6ad575d0d8dd2db980e4e,hxd75467e3e4ce64e3424c747dfb71503017440433,cxa0af3165c08318e988cb30993b3048335b94af6c,0x3782dace9d900000,0xff84dff81c3486292e405f8f3bf4fba9253c2bb0563621fa254cf1519b56bff5,0,94195668,4.0,1741072125760756,Injective,0.05694565,INJ,0,1,2025-03-04
cx2609b924e33ef00b648a409245c7ea394c467824,cxa0af3165c08318e988cb30993b3048335b94af6c,hx4dc7903504bb800a462378348a42f53742759e0b,0x7cf933699d2bf08,0x1e4d9dd449638db9d2cf9704613e534261203627707f8770ee2affe4572d557f,3,94195666,0.5628303411628439,1741072121758786,Staked ICX,0.0437659125,sICX,0,1,2025-03-04
cx2609b924e33ef00b648a409245c7ea394c467824,hx4dc7903504bb800a462378348a42f53742759e0b,cxa0af3165c08318e988cb30993b3048335b94af6c,0xa470345a494898000,0xcffcbb67663c7037d31c131320ec7341d69468c1023f434477b4dabd03d619fd,0,94195665,189.58445091188753,1741072119918180,Staked ICX,0.03123005,sICX,0,2,2025-03-04
cx88fd7df7ddff82f7cc735c871dc519838cb235bb,hx4dc7903504bb800a462378348a42f53742759e0b,cxa0af3165c08318e988cb30993b3048335b94af6c,0x1749af3d457116000,0xdbafa2a1c6c06b3596813c3ce3b272fbef3dec971037ce02cff13b5cd9c746ab,0,94195665,26.849040221842007,1741072119918180,Balanced Dollar,0.02221895,bnUSD,0,1,2025-03-04
cx2609b924e33ef00b648a409245c7ea394c467824,cx21e94c08c03daee80c25d8ee3ea22a20786ec231,hx4dc7903504bb800a462378348a42f53742759e0b,0xa485435cc3bfdd07d,0x716bed9f8fb20547fefc08dedc2756c1bd9ddd54fbcbaff429be4534e6e82cdc,4,94195663,189.67929055716613,1741072115756314,Staked ICX,0.1073931375,sICX,0,3,2025-03-04
cx2609b924e33ef00b648a409245c7ea394c467824,hx0000000000000000000000000000000000000000,cx21e94c08c03daee80c25d8ee3ea22a20786ec231,0xa485435cc3bfdd07d,0x716bed9f8fb20547fefc08dedc2756c1bd9ddd54fbcbaff429be4534e6e82cdc,2,94195663,189.67929055716613,1741072115756314,Staked ICX,0.1073931375,sICX,0,3,2025-03-04
cx88fd7df7ddff82f7cc735c871dc519838cb235bb,cx21e94c08c03daee80c25d8ee3ea22a20786ec231,hx4dc7903504bb800a462378348a42f53742759e0b,0x174caab77936fa3d2,0xdd4f18656f50833d3638a4f7df6067ca1da9aafca3ca79a36c6fde48812e21d5,8,94195663,26.86247145746777,1741072115756314,Balanced Dollar,0.1713518,bnUSD,0,2,2025-03-04
cx88fd7df7ddff82f7cc735c871dc519838cb235bb,cxa0af3165c08318e988cb30993b3048335b94af6c,cx5faae53c4dbd1fbe4a2eb4aab6565030f10da5c6,0x8f9408e1717e4b,0xdd4f18656f50833d3638a4f7df6067ca1da9aafca3ca79a36c6fde48812e21d5,6,94195663,0.04041368753258452,1741072115756314,Balanced Dollar,0.1713518,bnUSD,0,2,2025-03-04
cx88fd7df7ddff82f7cc735c871dc519838cb235bb,cxa0af3165c08318e988cb30993b3048335b94af6c,cx21e94c08c03daee80c25d8ee3ea22a20786ec231,0x174caab77936fa3d2,0xdd4f18656f50833d3638a4f7df6067ca1da9aafca3ca79a36c6fde48812e21d5,5,94195663,26.86247145746777,1741072115756314,Balanced Dollar,0.1713518,bnUSD,0,2,2025-03-04
cx2609b924e33ef00b648a409245c7ea394c467824,cx21e94c08c03daee80c25d8ee3ea22a20786ec231,cxa0af3165c08318e988cb30993b3048335b94af6c,0xa485435cc3bfdd07d,0xdd4f18656f50833d3638a4f7df6067ca1da9aafca3ca79a36c6fde48812e21d5,4,94195663,189.67929055716613,1741072115756314,Staked ICX,0.1713518,sICX,0,2,2025-03-04
cx2609b924e33ef00b648a409245c7ea394c467824,hx0000000000000000000000000000000000000000,cx21e94c08c03daee80c25d8ee3ea22a20786ec231,0xa485435cc3bfdd07d,0xdd4f18656f50833d3638a4f7df6067ca1da9aafca3ca79a36c6fde48812e21d5,2,94195663,189.67929055716613,1741072115756314,Staked ICX,0.1713518,sICX,0,2,2025-03-04
cx88fd7df7ddff82f7cc735c871dc519838cb235bb,cxa0af3165c08318e988cb30993b3048335b94af6c,cx5faae53c4dbd1fbe4a2eb4aab6565030f10da5c6,0xdcd03fa4b8b618,0xe4a515bb6db7084d4242df52a6eb04237e9b4a862d3403407ce7699057ca37ad,2,94195663,0.06215346664143004,1741072115756314,Balanced Dollar,0.0473681375,bnUSD,0,1,2025-03-04
cx88fd7df7ddff82f7cc735c871dc519838cb235bb,cxa0af3165c08318e988cb30993b3048335b94af6c,hxd75467e3e4ce64e3424c747dfb71503017440433,0x23d76c74d9824236e,0xe4a515bb6db7084d4242df52a6eb04237e9b4a862d3403407ce7699057ca37ad,1,94195663,41.32243456706348,1741072115756314,Balanced Dollar,0.0473681375,bnUSD,0,1,2025-03-04
cx65c9e3d4fea842e00add0d32a5b4c5e4e04c7a6b,hxd75467e3e4ce64e3424c747dfb71503017440433,cxa0af3165c08318e988cb30993b3048335b94af6c,0x11e1a300,0xe4a515bb6db7084d4242df52a6eb04237e9b4a862d3403407ce7699057ca37ad,0,94195663,0.3,1741072115756314,Solana,0.0473681375,SOL,0,1,2025-03-04
cx88fd7df7ddff82f7cc735c871dc519838cb235bb,cxa0af3165c08318e988cb30993b3048335b94af6c,cx5faae53c4dbd1fbe4a2eb4aab6565030f10da5c6,0x150bdd68043259f,0xe9afb1d0f25413bce2dd83244c837f59687887e2b4d198c33f7cc7a618aa3b9b,2,94195659,0.09478432114731561,1741072107753301,Balanced Dollar,0.0569765875,bnUSD,0,1,2025-03-04
cx88fd7df7ddff82f7cc735c871dc519838cb235bb,cxa0af3165c08318e988cb30993b3048335b94af6c,hxd75467e3e4ce64e3424c747dfb71503017440433,0x36a6cb457c9eb1b6a,0xe9afb1d0f25413bce2dd83244c837f59687887e2b4d198c33f7cc7a618aa3b9b,1,94195659,63.00893477577655,1741072107753301,Balanced Dollar,0.0569765875,bnUSD,0,1,2025-03-04
cx288d13e1b63563459a2ac6179f237711f6851cb5,hxd75467e3e4ce64e3424c747dfb71503017440433,cxa0af3165c08318e988cb30993b3048335b94af6c,0x6a94d74f430000,0xe9afb1d0f25413bce2dd83244c837f59687887e2b4d198c33f7cc7a618aa3b9b,0,94195659,0.03,1741072107753301,Ethereum,0.0569765875,ETH,0,1,2025-03-04
cx88fd7df7ddff82f7cc735c871dc519838cb235bb,cx21e94c08c03daee80c25d8ee3ea22a20786ec231,hx970eda4988e547df0de8324226fdf3e8ebc9734f,0x2df3a52e674e874619,0x387ed5dc1f4283f5d1cd266e8350b8458936cc9114e8f57e4ed4dbba28433b3f,5,94195591,847.6599730605376,1741071971706903,Balanced Dollar,0.086049225,bnUSD,0,1,2025-03-04
cx88fd7df7ddff82f7cc735c871dc519838cb235bb,cxa0af3165c08318e988cb30993b3048335b94af6c,cx5faae53c4dbd1fbe4a2eb4aab6565030f10da5c6,0x11abf024cc45fb47,0x387ed5dc1f4283f5d1cd266e8350b8458936cc9114e8f57e4ed4dbba28433b3f,3,94195591,1.2733753604989244,1741071971706903,Balanced Dollar,0.086049225,bnUSD,0,1,2025-03-04
cx88fd7df7ddff82f7cc735c871dc519838cb235bb,cxa0af3165c08318e988cb30993b3048335b94af6c,cx21e94c08c03daee80c25d8ee3ea22a20786ec231,0x2df3a52e674e874619,0x387ed5dc1f4283f5d1cd266e8350b8458936cc9114e8f57e4ed4dbba28433b3f,2,94195591,847.6599730605376,1741071971706903,Balanced Dollar,0.086049225,bnUSD,0,1,2025-03-04
cx07b184a37f03c6ab681fcbd0b45aec6dc3eafbeb,cx21e94c08c03daee80c25d8ee3ea22a20786ec231,cxa0af3165c08318e988cb30993b3048335b94af6c,0x2386f26fc10000,0x387ed5dc1f4283f5d1cd266e8350b8458936cc9114e8f57e4ed4dbba28433b3f,1,94195591,0.01,1741071971706903,Bitcoin,0.086049225,BTC,0,1,2025-03-04
cx07b184a37f03c6ab681fcbd0b45aec6dc3eafbeb,hx970eda4988e547df0de8324226fdf3e8ebc9734f,cx21e94c08c03daee80c25d8ee3ea22a20786ec231,0x2386f26fc10000,0x387ed5dc1f4283f5d1cd266e8350b8458936cc9114e8f57e4ed4dbba28433b3f,0,94195591,0.01,1741071971706903,Bitcoin,0.086049225,BTC,0,1,2025-03-04
cx88fd7df7ddff82f7cc735c871dc519838cb235bb,cxa0af3165c08318e988cb30993b3048335b94af6c,cx5faae53c4dbd1fbe4a2eb4aab6565030f10da5c6,0x1ac87d549c1a8ba,0x5207e5509fd6583d188d95d9b1ebbc3c34e29669e5941c632ead0f4be28cdc03,2,94195586,0.12062064016737299,1741071961703189,Balanced Dollar,0.0569125875,bnUSD,0,1,2025-03-04
cx88fd7df7ddff82f7cc735c871dc519838cb235bb,cxa0af3165c08318e988cb30993b3048335b94af6c,hxd75467e3e4ce64e3424c747dfb71503017440433,0x458fbc9d2bf76ccb0,0x5207e5509fd6583d188d95d9b1ebbc3c34e29669e5941c632ead0f4be28cdc03,1,94195586,80.19891669632278,1741071961703189,Balanced Dollar,0.0569125875,bnUSD,0,1,2025-03-04
cx66a031cc3bd305c76371fb586e93801b948254f0,hxd75467e3e4ce64e3424c747dfb71503017440433,cxa0af3165c08318e988cb30993b3048335b94af6c,0x3782dace9d900000,0x5207e5509fd6583d188d95d9b1ebbc3c34e29669e5941c632ead0f4be28cdc03,0,94195586,4.0,1741071961703189,Avalanche,0.0569125875,AVAX,0,1,2025-03-04
cx88fd7df7ddff82f7cc735c871dc519838cb235bb,cxa0af3165c08318e988cb30993b3048335b94af6c,cx5faae53c4dbd1fbe4a2eb4aab6565030f10da5c6,0xeca9f60729b0aa,0xc0d67d834b305a5af34d92224ed88af42967c136918ad9cd894778a59bc4f7d1,2,94195582,0.0666149686509365,1741071953830347,Balanced Dollar,0.05694565,bnUSD,0,1,2025-03-04
cx88fd7df7ddff82f7cc735c871dc519838cb235bb,cxa0af3165c08318e988cb30993b3048335b94af6c,hxd75467e3e4ce64e3424c747dfb71503017440433,0x2669c438bf5bbb554,0xc0d67d834b305a5af34d92224ed88af42967c136918ad9cd894778a59bc4f7d1,1,94195582,44.28734710405685,1741071953830347,Balanced Dollar,0.05694565,bnUSD,0,1,2025-03-04
cx4297f4b63262507623b6ad575d0d8dd2db980e4e,hxd75467e3e4ce64e3424c747dfb71503017440433,cxa0af3165c08318e988cb30993b3048335b94af6c,0x3782dace9d900000,0xc0d67d834b305a5af34d92224ed88af42967c136918ad9cd894778a59bc4f7d1,0,94195582,4.0,1741071953830347,Injective,0.05694565,INJ,0,1,2025-03-04
cx88fd7df7ddff82f7cc735c871dc519838cb235bb,cxa0af3165c08318e988cb30993b3048335b94af6c,cx5faae53c4dbd1fbe4a2eb4aab6565030f10da5c6,0xdcee9965679af7,0xa0d1e45c79eef6ede4f5a554f850c5aa510183a1a0cf3be28fd1cc03b137da35,2,94195574,0.06218683747503999,1741071937696952,Balanced Dollar,0.0473681375,bnUSD,0,1,2025-03-04
cx88fd7df7ddff82f7cc735c871dc519838cb235bb,cxa0af3165c08318e988cb30993b3048335b94af6c,hxd75467e3e4ce64e3424c747dfb71503017440433,0x23dc59c770aa41b7b,0xa0d1e45c79eef6ede4f5a554f850c5aa510183a1a0cf3be28fd1cc03b137da35,1,94195574,41.34462398923827,1741071937696952,Balanced Dollar,0.0473681375,bnUSD,0,1,2025-03-04
cx65c9e3d4fea842e00add0d32a5b4c5e4e04c7a6b,hxd75467e3e4ce64e3424c747dfb71503017440433,cxa0af3165c08318e988cb30993b3048335b94af6c,0x11e1a300,0xa0d1e45c79eef6ede4f5a554f850c5aa510183a1a0cf3be28fd1cc03b137da35,0,94195574,0.3,1741071937696952,Solana,0.0473681375,SOL,0,1,2025-03-04
cx88fd7df7ddff82f7cc735c871dc519838cb235bb,cxa0af3165c08318e988cb30993b3048335b94af6c,cx5faae53c4dbd1fbe4a2eb4aab6565030f10da5c6,0x1acd008a3f6bcc3,0xd6785f3c56b80161936b2011987f54d6cda027b3c03ac6fbc67d7614de99a750,2,94195544,0.12070002556133293,1741071877821893,Balanced Dollar,0.0569125875,bnUSD,0,1,2025-03-04
cx88fd7df7ddff82f7cc735c871dc519838cb235bb,cxa0af3165c08318e988cb30993b3048335b94af6c,hxd75467e3e4ce64e3424c747dfb71503017440433,0x459b756ddc5d9be66,0xd6785f3c56b80161936b2011987f54d6cda027b3c03ac6fbc67d7614de99a750,1,94195544,80.25170759545898,1741071877821893,Balanced Dollar,0.0569125875,bnUSD,0,1,2025-03-04
cx66a031cc3bd305c76371fb586e93801b948254f0,hxd75467e3e4ce64e3424c747dfb71503017440433,cxa0af3165c08318e988cb30993b3048335b94af6c,0x3782dace9d900000,0xd6785f3c56b80161936b2011987f54d6cda027b3c03ac6fbc67d7614de99a750,0,94195544,4.0,1741071877821893,Avalanche,0.0569125875,AVAX,0,1,2025-03-04
cx88fd7df7ddff82f7cc735c871dc519838cb235bb,cxa0af3165c08318e988cb30993b3048335b94af6c,cx5faae53c4dbd1fbe4a2eb4aab6565030f10da5c6,0x292806efd382188,0xbb1053cdb2976c12326a0b8c822277b81cbeddf48cd42b7b800edfc05bbb1c99,2,94195539,0.18535174885868377,1741071867874021,Balanced Dollar,0.0473865625,bnUSD,0,1,2025-03-04
cx88fd7df7ddff82f7cc735c871dc519838cb235bb,cxa0af3165c08318e988cb30993b3048335b94af6c,hxd75467e3e4ce64e3424c747dfb71503017440433,0x6aea0a157f7280cb2,0xbb1053cdb2976c12326a0b8c822277b81cbeddf48cd42b7b800edfc05bbb1c99,1,94195539,123.2636992003113,1741071867874021,Balanced Dollar,0.0473865625,bnUSD,0,1,2025-03-04
cx508002ec116fbf3ab406329c0df28e70d7e75fb3,hxd75467e3e4ce64e3424c747dfb71503017440433,cxa0af3165c08318e988cb30993b3048335b94af6c,0xba43b7400,0xbb1053cdb2976c12326a0b8c822277b81cbeddf48cd42b7b800edfc05bbb1c99,0,94195539,50.0,1741071867874021,Sui,0.0473865625,SUI,0,1,2025-03-04
cx88fd7df7ddff82f7cc735c871dc519838cb235bb,cxa0af3165c08318e988cb30993b3048335b94af6c,cx5faae53c4dbd1fbe4a2eb4aab6565030f10da5c6,0xecc6f232d5c189,0xaf8dc40a8177fb487071a851d8663ffb7bd99514a2ac37a7d50cfdaafb5b8918,2,94195536,0.0666468380409696,1741071861670400,Balanced Dollar,0.05694565,bnUSD,0,1,2025-03-04
cx88fd7df7ddff82f7cc735c871dc519838cb235bb,cxa0af3165c08318e988cb30993b3048335b94af6c,hxd75467e3e4ce64e3424c747dfb71503017440433,0x266e78bdb8d1dbc65,0xaf8dc40a8177fb487071a851d8663ffb7bd99514a2ac37a7d50cfdaafb5b8918,1,94195536,44.30853723398955,1741071861670400,Balanced Dollar,0.05694565,bnUSD,0,1,2025-03-04
cx4297f4b63262507623b6ad575d0d8dd2db980e4e,hxd75467e3e4ce64e3424c747dfb71503017440433,cxa0af3165c08318e988cb30993b3048335b94af6c,0x3782dace9d900000,0xaf8dc40a8177fb487071a851d8663ffb7bd99514a2ac37a7d50cfdaafb5b8918,0,94195536,4.0,1741071861670400,Injective,0.05694565,INJ,0,1,2025-03-04
cx88fd7df7ddff82f7cc735c871dc519838cb235bb,cxa0af3165c08318e988cb30993b3048335b94af6c,cx5faae53c4dbd1fbe4a2eb4aab6565030f10da5c6,0xece3f3b255d4be,0xa70f3b8398117d294d86d8d83bf9e3daa73d1c4e55437146e02e1fb66b81b1d3,2,94195530,0.06667873031224236,1741071849665304,Balanced Dollar,0.0569483375,bnUSD,0,1,2025-03-04
cx88fd7df7ddff82f7cc735c871dc519838cb235bb,cxa0af3165c08318e988cb30993b3048335b94af6c,hxd75467e3e4ce64e3424c747dfb71503017440433,0x26732e201d1e6f82f,0xa70f3b8398117d294d86d8d83bf9e3daa73d1c4e55437146e02e1fb66b81b1d3,1,94195530,44.329742579605636,1741071849665304,Balanced Dollar,0.0569483375,bnUSD,0,1,2025-03-04
cx4297f4b63262507623b6ad575d0d8dd2db980e4e,hxd75467e3e4ce64e3424c747dfb71503017440433,cxa0af3165c08318e988cb30993b3048335b94af6c,0x3782dace9d900000,0xa70f3b8398117d294d86d8d83bf9e3daa73d1c4e55437146e02e1fb66b81b1d3,0,94195530,4.0,1741071849665304,Injective,0.0569483375,INJ,0,1,2025-03-04
cx88fd7df7ddff82f7cc735c871dc519838cb235bb,cxa0af3165c08318e988cb30993b3048335b94af6c,cx5faae53c4dbd1fbe4a2eb4aab6565030f10da5c6,0xed00fa86f8441c,0x096dca3be9bf7d6827aa0e0609c72e7e80a4e763ef2d6939bef61d173118419a,2,94195523,0.06671064548666678,1741071835658309,Balanced Dollar,0.0569443375,bnUSD,0,1,2025-03-04
cx88fd7df7ddff82f7cc735c871dc519838cb235bb,cxa0af3165c08318e988cb30993b3048335b94af6c,hxd75467e3e4ce64e3424c747dfb71503017440433,0x2677e460228b46958,0x096dca3be9bf7d6827aa0e0609c72e7e80a4e763ef2d6939bef61d173118419a,1,94195523,44.35096315547801,1741071835658309,Balanced Dollar,0.0569443375,bnUSD,0,1,2025-03-04
cx4297f4b63262507623b6ad575d0d8dd2db980e4e,hxd75467e3e4ce64e3424c747dfb71503017440433,cxa0af3165c08318e988cb30993b3048335b94af6c,0x3782dace9d900000,0x096dca3be9bf7d6827aa0e0609c72e7e80a4e763ef2d6939bef61d173118419a,0,94195523,4.0,1741071835658309,Injective,0.0569443375,INJ,0,1,2025-03-04
cx88fd7df7ddff82f7cc735c871dc519838cb235bb,cxa0af3165c08318e988cb30993b3048335b94af6c,cx5faae53c4dbd1fbe4a2eb4aab6565030f10da5c6,0xed1e06b20bcff5,0x257ce7052994d869a0f5da041f9539b6fb16659dc5caf73b680a410b0e6be775,2,94195514,0.06674258358618111,1741071817855133,Balanced Dollar,0.0569443375,bnUSD,0,1,2025-03-04
cx88fd7df7ddff82f7cc735c871dc519838cb235bb,cxa0af3165c08318e988cb30993b3048335b94af6c,hxd75467e3e4ce64e3424c747dfb71503017440433,0x267c9b7dff72d5cd5,0x257ce7052994d869a0f5da041f9539b6fb16659dc5caf73b680a410b0e6be775,1,94195514,44.372198976197055,1741071817855133,Balanced Dollar,0.0569443375,bnUSD,0,1,2025-03-04
cx4297f4b63262507623b6ad575d0d8dd2db980e4e,hxd75467e3e4ce64e3424c747dfb71503017440433,cxa0af3165c08318e988cb30993b3048335b94af6c,0x3782dace9d900000,0x257ce7052994d869a0f5da041f9539b6fb16659dc5caf73b680a410b0e6be775,0,94195514,4.0,1741071817855133,Injective,0.0569443375,INJ,0,1,2025-03-04
cx88fd7df7ddff82f7cc735c871dc519838cb235bb,cxa0af3165c08318e988cb30993b3048335b94af6c,cx5faae53c4dbd1fbe4a2eb4aab6565030f10da5c6,0x293368738e4edd5,0xe55b3910d7edcb063aaace0f86abcc4c1aebe868e02b18bae823418756d70e07,2,94195511,0.18555196405533436,1741071811646724,Balanced Dollar,0.04738525,bnUSD,0,1,2025-03-04
cx88fd7df7ddff82f7cc735c871dc519838cb235bb,cxa0af3165c08318e988cb30993b3048335b94af6c,hxd75467e3e4ce64e3424c747dfb71503017440433,0x6b079cbc38f1f1225,0xe55b3910d7edcb063aaace0f86abcc4c1aebe868e02b18bae823418756d70e07,1,94195511,123.39688350589485,1741071811646724,Balanced Dollar,0.04738525,bnUSD,0,1,2025-03-04
cx508002ec116fbf3ab406329c0df28e70d7e75fb3,hxd75467e3e4ce64e3424c747dfb71503017440433,cxa0af3165c08318e988cb30993b3048335b94af6c,0xba43b7400,0xe55b3910d7edcb063aaace0f86abcc4c1aebe868e02b18bae823418756d70e07,0,94195511,50.0,1741071811646724,Sui,0.04738525,SUI,0,1,2025-03-04
cx88fd7df7ddff82f7cc735c871dc519838cb235bb,cxa0af3165c08318e988cb30993b3048335b94af6c,cx5faae53c4dbd1fbe4a2eb4aab6565030f10da5c6,0xed3b1834df9f3d,0x6fe9a3638eabd9d71d6627478b29433cc8fcb60654c3a19c05ae9c61625df314,2,94195500,0.06677454463274989,1741071789853850,Balanced Dollar,0.0569443375,bnUSD,0,1,2025-03-04
cx88fd7df7ddff82f7cc735c871dc519838cb235bb,cxa0af3165c08318e988cb30993b3048335b94af6c,hxd75467e3e4ce64e3424c747dfb71503017440433,0x26815379ea403cde3,0x6fe9a3638eabd9d71d6627478b29433cc8fcb60654c3a19c05ae9c61625df314,1,94195500,44.393450056370604,1741071789853850,Balanced Dollar,0.0569443375,bnUSD,0,1,2025-03-04
cx4297f4b63262507623b6ad575d0d8dd2db980e4e,hxd75467e3e4ce64e3424c747dfb71503017440433,cxa0af3165c08318e988cb30993b3048335b94af6c,0x3782dace9d900000,0x6fe9a3638eabd9d71d6627478b29433cc8fcb60654c3a19c05ae9c61625df314,0,94195500,4.0,1741071789853850,Injective,0.0569443375,INJ,0,1,2025-03-04
cx88fd7df7ddff82f7cc735c871dc519838cb235bb,cxa0af3165c08318e988cb30993b3048335b94af6c,cx5faae53c4dbd1fbe4a2eb4aab6565030f10da5c6,0xdd0cf968d62e42,0x77d256c3c4d7757183bb0490aac0dbea32fcb57ca362f8db75c9f41585be9490,2,94195493,0.062220235198312004,1741071775632848,Balanced Dollar,0.047366825,bnUSD,0,1,2025-03-04
cx88fd7df7ddff82f7cc735c871dc519838cb235bb,cxa0af3165c08318e988cb30993b3048335b94af6c,hxd75467e3e4ce64e3424c747dfb71503017440433,0x23e1481e4079aab39,0x77d256c3c4d7757183bb0490aac0dbea32fcb57ca362f8db75c9f41585be9490,1,94195493,41.36683129368495,1741071775632848,Balanced Dollar,0.047366825,bnUSD,0,1,2025-03-04
cx65c9e3d4fea842e00add0d32a5b4c5e4e04c7a6b,hxd75467e3e4ce64e3424c747dfb71503017440433,cxa0af3165c08318e988cb30993b3048335b94af6c,0x11e1a300,0x77d256c3c4d7757183bb0490aac0dbea32fcb57ca362f8db75c9f41585be9490,0,94195493,0.3,1741071775632848,Solana,0.047366825,SOL,0,1,2025-03-04
cx88fd7df7ddff82f7cc735c871dc519838cb235bb,cxa0af3165c08318e988cb30993b3048335b94af6c,cx5faae53c4dbd1fbe4a2eb4aab6565030f10da5c6,0xdd2b5fb0bd6ea3,0x4b82831803e96f449118663b4292f8a786ac88ee8fa4df06d0d68246b5dbbb0a,2,94195484,0.06225365984014711,1741071757624612,Balanced Dollar,0.047366825,bnUSD,0,1,2025-03-04
cx88fd7df7ddff82f7cc735c871dc519838cb235bb,cxa0af3165c08318e988cb30993b3048335b94af6c,hxd75467e3e4ce64e3424c747dfb71503017440433,0x23e63779908c76e11,0x4b82831803e96f449118663b4292f8a786ac88ee8fa4df06d0d68246b5dbbb0a,1,94195484,41.38905649962598,1741071757624612,Balanced Dollar,0.047366825,bnUSD,0,1,2025-03-04
cx65c9e3d4fea842e00add0d32a5b4c5e4e04c7a6b,hxd75467e3e4ce64e3424c747dfb71503017440433,cxa0af3165c08318e988cb30993b3048335b94af6c,0x11e1a300,0x4b82831803e96f449118663b4292f8a786ac88ee8fa4df06d0d68246b5dbbb0a,0,94195484,0.3,1741071757624612,Solana,0.047366825,SOL,0,1,2025-03-04
cx88fd7df7ddff82f7cc735c871dc519838cb235bb,cxa0af3165c08318e988cb30993b3048335b94af6c,cx5faae53c4dbd1fbe4a2eb4aab6565030f10da5c6,0x293eceb0bf5c0cf,0xe2586ea83e337f7ba794169d21d47ed8fc61c66090ca2b87d35756d827b8d2fd,2,94195480,0.18575250391444706,1741071749622378,Balanced Dollar,0.04738525,bnUSD,0,1,2025-03-04
cx88fd7df7ddff82f7cc735c871dc519838cb235bb,cxa0af3165c08318e988cb30993b3048335b94af6c,hxd75467e3e4ce64e3424c747dfb71503017440433,0x6b253baa8958742c7,0xe2586ea83e337f7ba794169d21d47ed8fc61c66090ca2b87d35756d827b8d2fd,1,94195480,123.53028383730141,1741071749622378,Balanced Dollar,0.04738525,bnUSD,0,1,2025-03-04
cx508002ec116fbf3ab406329c0df28e70d7e75fb3,hxd75467e3e4ce64e3424c747dfb71503017440433,cxa0af3165c08318e988cb30993b3048335b94af6c,0xba43b7400,0xe2586ea83e337f7ba794169d21d47ed8fc61c66090ca2b87d35756d827b8d2fd,0,94195480,50.0,1741071749622378,Sui,0.04738525,SUI,0,1,2025-03-04
cx88fd7df7ddff82f7cc735c871dc519838cb235bb,cx21e94c08c03daee80c25d8ee3ea22a20786ec231,hxd75467e3e4ce64e3424c747dfb71503017440433,0x62e4c506c97854150,0x21615e2fa46e7d5242ab4ad6b2d4a34ee55513ea3237a569f429907f62db5356,9,94195476,114.01659429356079,1741071741618563,Balanced Dollar,0.1700008375,bnUSD,0,1,2025-03-04
cx88fd7df7ddff82f7cc735c871dc519838cb235bb,cxa0af3165c08318e988cb30993b3048335b94af6c,cx5faae53c4dbd1fbe4a2eb4aab6565030f10da5c6,0x261598f2fc9c715,0x21615e2fa46e7d5242ab4ad6b2d4a34ee55513ea3237a569f429907f62db5356,7,94195476,0.17151673233373774,1741071741618563,Balanced Dollar,0.1700008375,bnUSD,0,1,2025-03-04
cx88fd7df7ddff82f7cc735c871dc519838cb235bb,cxa0af3165c08318e988cb30993b3048335b94af6c,cx21e94c08c03daee80c25d8ee3ea22a20786ec231,0x62e4c506c97854150,0x21615e2fa46e7d5242ab4ad6b2d4a34ee55513ea3237a569f429907f62db5356,6,94195476,114.01659429356079,1741071741618563,Balanced Dollar,0.1700008375,bnUSD,0,1,2025-03-04
cx2609b924e33ef00b648a409245c7ea394c467824,cx21e94c08c03daee80c25d8ee3ea22a20786ec231,cxa0af3165c08318e988cb30993b3048335b94af6c,0x2ba2f8c130dfa1b59d,0x21615e2fa46e7d5242ab4ad6b2d4a34ee55513ea3237a569f429907f62db5356,5,94195476,804.9533436135338,1741071741618563,Staked ICX,0.1700008375,sICX,0,1,2025-03-04
cx2609b924e33ef00b648a409245c7ea394c467824,cxa0af3165c08318e988cb30993b3048335b94af6c,cx5faae53c4dbd1fbe4a2eb4aab6565030f10da5c6,0x10c8d4470e867b02,0x21615e2fa46e7d5242ab4ad6b2d4a34ee55513ea3237a569f429907f62db5356,3,94195476,1.209449901600439,1741071741618563,Staked ICX,0.1700008375,sICX,0,1,2025-03-04
cx2609b924e33ef00b648a409245c7ea394c467824,cxa0af3165c08318e988cb30993b3048335b94af6c,cx21e94c08c03daee80c25d8ee3ea22a20786ec231,0x2ba2f8c130dfa1b59d,0x21615e2fa46e7d5242ab4ad6b2d4a34ee55513ea3237a569f429907f62db5356,2,94195476,804.9533436135338,1741071741618563,Staked ICX,0.1700008375,sICX,0,1,2025-03-04
cx518f64edcd35db9044a2de63fdc10abfd5f7d611,cx21e94c08c03daee80c25d8ee3ea22a20786ec231,cxa0af3165c08318e988cb30993b3048335b94af6c,0xee6b2800,0x21615e2fa46e7d5242ab4ad6b2d4a34ee55513ea3237a569f429907f62db5356,1,94195476,400.0,1741071741618563,Stellar,0.1700008375,XLM,0,1,2025-03-04
cx518f64edcd35db9044a2de63fdc10abfd5f7d611,hxd75467e3e4ce64e3424c747dfb71503017440433,cx21e94c08c03daee80c25d8ee3ea22a20786ec231,0xee6b2800,0x21615e2fa46e7d5242ab4ad6b2d4a34ee55513ea3237a569f429907f62db5356,0,94195476,400.0,1741071741618563,Stellar,0.1700008375,XLM,0,1,2025-03-04
cx88fd7df7ddff82f7cc735c871dc519838cb235bb,cxa0af3165c08318e988cb30993b3048335b94af6c,cx5faae53c4dbd1fbe4a2eb4aab6565030f10da5c6,0xdd49cc3ed6f281,0x992f63a02a3ef3711e21afd2d57110a46b42ac73afbedb5e674b040244d29737,2,94195427,0.06228711142948518,1741071643584408,Balanced Dollar,0.0473641375,bnUSD,0,1,2025-03-04
cx88fd7df7ddff82f7cc735c871dc519838cb235bb,cxa0af3165c08318e988cb30993b3048335b94af6c,hxd75467e3e4ce64e3424c747dfb71503017440433,0x23eb27d9a89744037,0x992f63a02a3ef3711e21afd2d57110a46b42ac73afbedb5e674b040244d29737,1,94195427,41.41129962630966,1741071643584408,Balanced Dollar,0.0473641375,bnUSD,0,1,2025-03-04
cx65c9e3d4fea842e00add0d32a5b4c5e4e04c7a6b,hxd75467e3e4ce64e3424c747dfb71503017440433,cxa0af3165c08318e988cb30993b3048335b94af6c,0x11e1a300,0x992f63a02a3ef3711e21afd2d57110a46b42ac73afbedb5e674b040244d29737,0,94195427,0.3,1741071643584408,Solana,0.0473641375,SOL,0,1,2025-03-04
cx88fd7df7ddff82f7cc735c871dc519838cb235bb,cxa0af3165c08318e988cb30993b3048335b94af6c,cx5faae53c4dbd1fbe4a2eb4aab6565030f10da5c6,0xdd683f14dce837,0x6c66a04ca1379a8941609ae290a2630fca4f6e4304f744544a93e49db9dbb5bb,2,94195421,0.062320589995305015,1741071631579476,Balanced Dollar,0.0473681375,bnUSD,0,1,2025-03-04
cx88fd7df7ddff82f7cc735c871dc519838cb235bb,cxa0af3165c08318e988cb30993b3048335b94af6c,hxd75467e3e4ce64e3424c747dfb71503017440433,0x23f0193ed0675e182,0x6c66a04ca1379a8941609ae290a2630fca4f6e4304f744544a93e49db9dbb5bb,1,94195421,41.43356069301019,1741071631579476,Balanced Dollar,0.0473681375,bnUSD,0,1,2025-03-04
cx65c9e3d4fea842e00add0d32a5b4c5e4e04c7a6b,hxd75467e3e4ce64e3424c747dfb71503017440433,cxa0af3165c08318e988cb30993b3048335b94af6c,0x11e1a300,0x6c66a04ca1379a8941609ae290a2630fca4f6e4304f744544a93e49db9dbb5bb,0,94195421,0.3,1741071631579476,Solana,0.0473681375,SOL,0,1,2025-03-04
cx88fd7df7ddff82f7cc735c871dc519838cb235bb,cxa0af3165c08318e988cb30993b3048335b94af6c,cx5faae53c4dbd1fbe4a2eb4aab6565030f10da5c6,0xdd86b8348a165d,0xe3bf5e1c4c2ed33e5ddb288e83740a7825167fdaf5bc10a24a00f1c6f2e78d2c,2,94195404,0.06235409556662435,1741071597563885,Balanced Dollar,0.0473681375,bnUSD,0,1,2025-03-04
cx88fd7df7ddff82f7cc735c871dc519838cb235bb,cxa0af3165c08318e988cb30993b3048335b94af6c,hxd75467e3e4ce64e3424c747dfb71503017440433,0x23f50ba94fe2c9893,0xe3bf5e1c4c2ed33e5ddb288e83740a7825167fdaf5bc10a24a00f1c6f2e78d2c,1,94195404,41.45583971902768,1741071597563885,Balanced Dollar,0.0473681375,bnUSD,0,1,2025-03-04
cx65c9e3d4fea842e00add0d32a5b4c5e4e04c7a6b,hxd75467e3e4ce64e3424c747dfb71503017440433,cxa0af3165c08318e988cb30993b3048335b94af6c,0x11e1a300,0xe3bf5e1c4c2ed33e5ddb288e83740a7825167fdaf5bc10a24a00f1c6f2e78d2c,0,94195404,0.3,1741071597563885,Solana,0.0473681375,SOL,0,1,2025-03-04
cxf0a30d09ade391d7b570908b9b46cfa5b3cbc8f8,hxd75467e3e4ce64e3424c747dfb71503017440433,hx0000000000000000000000000000000000000000,0x80e4f678a5508520139,0xbc323b4640d96ffb63ed1d85f2034603467b2d5f33e40e4fe0b0b1f0c1ea6b50,0,94195354,38042.90797393851,1741071497523849,HiYield Treasury Bill Vault,0.0247838625,hyTB,0,1,2025-03-04
cxf0a30d09ade391d7b570908b9b46cfa5b3cbc8f8,cxa09dbb60dcb62fffbd232b6eae132d730a2aafa6,hxd75467e3e4ce64e3424c747dfb71503017440433,0x80e4f678a5508520139,0x9ac592667d7d325f9907e9cf1ef4744c5b3452ed3e44ca8baee1bab725a8a553,3,94195344,38042.90797393851,1741071477672040,HiYield Treasury Bill Vault,0.0509705875,hyTB,0,1,2025-03-04
cx88fd7df7ddff82f7cc735c871dc519838cb235bb,cxa09dbb60dcb62fffbd232b6eae132d730a2aafa6,cx5faae53c4dbd1fbe4a2eb4aab6565030f10da5c6,0x68155a43676e00000,0x9ac592667d7d325f9907e9cf1ef4744c5b3452ed3e44ca8baee1bab725a8a553,2,94195344,120.0,1741071477672040,Balanced Dollar,0.0509705875,bnUSD,0,1,2025-03-04
cx88fd7df7ddff82f7cc735c871dc519838cb235bb,cxa09dbb60dcb62fffbd232b6eae132d730a2aafa6,hx0000000000000000000000000000000000000000,0x871e62d82b452200000,0x9ac592667d7d325f9907e9cf1ef4744c5b3452ed3e44ca8baee1bab725a8a553,1,94195344,39880.0,1741071477672040,Balanced Dollar,0.0509705875,bnUSD,0,1,2025-03-04
cx88fd7df7ddff82f7cc735c871dc519838cb235bb,hxd75467e3e4ce64e3424c747dfb71503017440433,cxa09dbb60dcb62fffbd232b6eae132d730a2aafa6,0x878678326eac9000000,0x9ac592667d7d325f9907e9cf1ef4744c5b3452ed3e44ca8baee1bab725a8a553,0,94195344,40000.0,1741071477672040,Balanced Dollar,0.0509705875,bnUSD,0,1,2025-03-04
cx88fd7df7ddff82f7cc735c871dc519838cb235bb,cx21e94c08c03daee80c25d8ee3ea22a20786ec231,hxd75467e3e4ce64e3424c747dfb71503017440433,0x87386b3c294cb923000,0xbcbf419edbee154660f4bd676d1186f46c207e61805dfc3eb2a24b09ab170d67,6,94195339,39910.013747,1741071467722486,Balanced Dollar,0.0789604375,bnUSD,0,1,2025-03-04
cx88fd7df7ddff82f7cc735c871dc519838cb235bb,cxa09dbb60dcb62fffbd232b6eae132d730a2aafa6,cx21e94c08c03daee80c25d8ee3ea22a20786ec231,0x87386b3c294cb923000,0xbcbf419edbee154660f4bd676d1186f46c207e61805dfc3eb2a24b09ab170d67,5,94195339,39910.013747,1741071467722486,Balanced Dollar,0.0789604375,bnUSD,0,1,2025-03-04
cx88fd7df7ddff82f7cc735c871dc519838cb235bb,hx0000000000000000000000000000000000000000,cxa09dbb60dcb62fffbd232b6eae132d730a2aafa6,0x87386b3c294cb923000,0xbcbf419edbee154660f4bd676d1186f46c207e61805dfc3eb2a24b09ab170d67,4,94195339,39910.013747,1741071467722486,Balanced Dollar,0.0789604375,bnUSD,0,1,2025-03-04
cx22319ac7f412f53eabe3c9827acf5e27e9c6a95f,cx21e94c08c03daee80c25d8ee3ea22a20786ec231,cxa09dbb60dcb62fffbd232b6eae132d730a2aafa6,0x94ad27b33,0xbcbf419edbee154660f4bd676d1186f46c207e61805dfc3eb2a24b09ab170d67,3,94195339,39910.013747,1741071467722486,USDC,0.0789604375,USDC,0,1,2025-03-04
cx22319ac7f412f53eabe3c9827acf5e27e9c6a95f,hx0000000000000000000000000000000000000000,cx21e94c08c03daee80c25d8ee3ea22a20786ec231,0x94ad27b33,0xbcbf419edbee154660f4bd676d1186f46c207e61805dfc3eb2a24b09ab170d67,1,94195339,39910.013747,1741071467722486,USDC,0.0789604375,USDC,0,1,2025-03-04
cx88fd7df7ddff82f7cc735c871dc519838cb235bb,cxa0af3165c08318e988cb30993b3048335b94af6c,cx5faae53c4dbd1fbe4a2eb4aab6565030f10da5c6,0xdda5379f99dbfd,0x8f6cd4ff1d391f92b1391e9d88edd253e6065a7ec0810d23b771f30a45da80f1,2,94195318,0.062387628172499966,1741071425498206,Balanced Dollar,0.0473681375,bnUSD,0,1,2025-03-04
cx88fd7df7ddff82f7cc735c871dc519838cb235bb,cxa0af3165c08318e988cb30993b3048335b94af6c,hxd75467e3e4ce64e3424c747dfb71503017440433,0x23f9ff196f084d64c,0x8f6cd4ff1d391f92b1391e9d88edd253e6065a7ec0810d23b771f30a45da80f1,1,94195318,41.47813672368818,1741071425498206,Balanced Dollar,0.0473681375,bnUSD,0,1,2025-03-04
cx65c9e3d4fea842e00add0d32a5b4c5e4e04c7a6b,hxd75467e3e4ce64e3424c747dfb71503017440433,cxa0af3165c08318e988cb30993b3048335b94af6c,0x11e1a300,0x8f6cd4ff1d391f92b1391e9d88edd253e6065a7ec0810d23b771f30a45da80f1,0,94195318,0.3,1741071425498206,Solana,0.0473681375,SOL,0,1,2025-03-04
cx65c9e3d4fea842e00add0d32a5b4c5e4e04c7a6b,hx0000000000000000000000000000000000000000,hxd75467e3e4ce64e3424c747dfb71503017440433,0xb263b188,0x3269829cfdbed03cbb8b6678990bd4502bf06380b55b6de11c703f189f4e189d,1,94195288,2.99287796,1741071365477942,Solana,0.022660075,SOL,0,1,2025-03-04
cx88fd7df7ddff82f7cc735c871dc519838cb235bb,cxa0af3165c08318e988cb30993b3048335b94af6c,cx5faae53c4dbd1fbe4a2eb4aab6565030f10da5c6,0xddc3bd57c830d8,0xcac05ea07ac41b3f925d4e5ba23be2515fc6a709b6605f6fa58acd63e7373d07,2,94195201,0.062421187842027735,1741071191414181,Balanced Dollar,0.047366825,bnUSD,0,1,2025-03-04
cx88fd7df7ddff82f7cc735c871dc519838cb235bb,cxa0af3165c08318e988cb30993b3048335b94af6c,hxd75467e3e4ce64e3424c747dfb71503017440433,0x23fef38f75ef7d995,0xcac05ea07ac41b3f925d4e5ba23be2515fc6a709b6605f6fa58acd63e7373d07,1,94195201,41.50045172634379,1741071191414181,Balanced Dollar,0.047366825,bnUSD,0,1,2025-03-04
cx65c9e3d4fea842e00add0d32a5b4c5e4e04c7a6b,hxd75467e3e4ce64e3424c747dfb71503017440433,cxa0af3165c08318e988cb30993b3048335b94af6c,0x11e1a300,0xcac05ea07ac41b3f925d4e5ba23be2515fc6a709b6605f6fa58acd63e7373d07,0,94195201,0.3,1741071191414181,Solana,0.047366825,SOL,0,1,2025-03-04
cx88fd7df7ddff82f7cc735c871dc519838cb235bb,cxa0af3165c08318e988cb30993b3048335b94af6c,cx5faae53c4dbd1fbe4a2eb4aab6565030f10da5c6,0xdde2495ed1a5a3,0x39959f6d57395fbeb60380c5856242c8495b6fda78231cbd9540a3f68b6d5c55,2,94195172,0.06245477460434269,1741071133620471,Balanced Dollar,0.047366825,bnUSD,0,1,2025-03-04
cx88fd7df7ddff82f7cc735c871dc519838cb235bb,cxa0af3165c08318e988cb30993b3048335b94af6c,hxd75467e3e4ce64e3424c747dfb71503017440433,0x2403e90bacc8c5370,0x39959f6d57395fbeb60380c5856242c8495b6fda78231cbd9540a3f68b6d5c55,1,94195172,41.522784746372615,1741071133620471,Balanced Dollar,0.047366825,bnUSD,0,1,2025-03-04
cx65c9e3d4fea842e00add0d32a5b4c5e4e04c7a6b,hxd75467e3e4ce64e3424c747dfb71503017440433,cxa0af3165c08318e988cb30993b3048335b94af6c,0x11e1a300,0x39959f6d57395fbeb60380c5856242c8495b6fda78231cbd9540a3f68b6d5c55,0,94195172,0.3,1741071133620471,Solana,0.047366825,SOL,0,1,2025-03-04
cxd17316e24ee40f2ef8ed6f3a497311db1b35206d,hx9645117f1b0c7181a126c7f4f222caefc6ee7a61,hx9645117f1b0c7181a126c7f4f222caefc6ee7a61,0x0,0xdd84c528054fe98f2d8572fac7fff753bae2ae9a9d8510894a71a2bf247bc604,5,94195168,0.0,1741071125390727,unknown_token,0.0198633375,$unknown,34,1,2025-03-04
cx53f8ccd5426534f82cf10cb742de033e51da72fc,hx9645117f1b0c7181a126c7f4f222caefc6ee7a61,hx0000000000000000000000000000000000000000,0x0,0xdd84c528054fe98f2d8572fac7fff753bae2ae9a9d8510894a71a2bf247bc604,4,94195168,0.0,1741071125390727,unknown_token,0.0198633375,$unknown,5,1,2025-03-04
cx7baf94bd53b505353285ee4c4c050f9703581703,hx9645117f1b0c7181a126c7f4f222caefc6ee7a61,hx0000000000000000000000000000000000000000,0x0,0xdd84c528054fe98f2d8572fac7fff753bae2ae9a9d8510894a71a2bf247bc604,2,94195168,0.0,1741071125390727,unknown_token,0.0198633375,$unknown,26,1,2025-03-04
cx7baf94bd53b505353285ee4c4c050f9703581703,hx9645117f1b0c7181a126c7f4f222caefc6ee7a61,hx0000000000000000000000000000000000000000,0x0,0xdd84c528054fe98f2d8572fac7fff753bae2ae9a9d8510894a71a2bf247bc604,0,94195168,0.0,1741071125390727,unknown_token,0.0198633375,$unknown,11,1,2025-03-04
cx88fd7df7ddff82f7cc735c871dc519838cb235bb,cxa0af3165c08318e988cb30993b3048335b94af6c,cx5faae53c4dbd1fbe4a2eb4aab6565030f10da5c6,0xde00dbb6736448,0x4833f3bc5f8448344846be231fa841313a8da962ded7073c54da3352642a3c29,2,94195155,0.06248838848861908,1741071099381205,Balanced Dollar,0.047366825,bnUSD,0,1,2025-03-04
cx88fd7df7ddff82f7cc735c871dc519838cb235bb,cxa0af3165c08318e988cb30993b3048335b94af6c,hxd75467e3e4ce64e3424c747dfb71503017440433,0x2408df8e5bdd70b5b,0x4833f3bc5f8448344846be231fa841313a8da962ded7073c54da3352642a3c29,1,94195155,41.54513580317888,1741071099381205,Balanced Dollar,0.047366825,bnUSD,0,1,2025-03-04
cx65c9e3d4fea842e00add0d32a5b4c5e4e04c7a6b,hxd75467e3e4ce64e3424c747dfb71503017440433,cxa0af3165c08318e988cb30993b3048335b94af6c,0x11e1a300,0x4833f3bc5f8448344846be231fa841313a8da962ded7073c54da3352642a3c29,0,94195155,0.3,1741071099381205,Solana,0.047366825,SOL,0,1,2025-03-04
cx88fd7df7ddff82f7cc735c871dc519838cb235bb,cxa0af3165c08318e988cb30993b3048335b94af6c,cx5faae53c4dbd1fbe4a2eb4aab6565030f10da5c6,0xde1f74606b3021,0xfce93a3ea3f155158331232cbeef4edad9fb5a4fc3b0d28ca22bcbd9a77eb72f,2,94195148,0.06252202952407043,1741071085377112,Balanced Dollar,0.047366825,bnUSD,0,1,2025-03-04
cx88fd7df7ddff82f7cc735c871dc519838cb235bb,cxa0af3165c08318e988cb30993b3048335b94af6c,hxd75467e3e4ce64e3424c747dfb71503017440433,0x240dd717cb8fb8403,0xfce93a3ea3f155158331232cbeef4edad9fb5a4fc3b0d28ca22bcbd9a77eb72f,1,94195148,41.567504916192924,1741071085377112,Balanced Dollar,0.047366825,bnUSD,0,1,2025-03-04
cx65c9e3d4fea842e00add0d32a5b4c5e4e04c7a6b,hxd75467e3e4ce64e3424c747dfb71503017440433,cxa0af3165c08318e988cb30993b3048335b94af6c,0x11e1a300,0xfce93a3ea3f155158331232cbeef4edad9fb5a4fc3b0d28ca22bcbd9a77eb72f,0,94195148,0.3,1741071085377112,Solana,0.047366825,SOL,0,1,2025-03-04
cx88fd7df7ddff82f7cc735c871dc519838cb235bb,cxa0af3165c08318e988cb30993b3048335b94af6c,cx5faae53c4dbd1fbe4a2eb4aab6565030f10da5c6,0x294a39aa048a34b,0x119303c3b88ad2fb23a84a230263bb11ccf0aa93231aa8e003347c082ba205e1,2,94195123,0.185953369138439,1741071035358164,Balanced Dollar,0.04738525,bnUSD,0,1,2025-03-04
cx88fd7df7ddff82f7cc735c871dc519838cb235bb,cxa0af3165c08318e988cb30993b3048335b94af6c,hxd75467e3e4ce64e3424c747dfb71503017440433,0x6b42e6e73e3d9d898,0x119303c3b88ad2fb23a84a230263bb11ccf0aa93231aa8e003347c082ba205e1,1,94195123,123.66390066203603,1741071035358164,Balanced Dollar,0.04738525,bnUSD,0,1,2025-03-04
cx508002ec116fbf3ab406329c0df28e70d7e75fb3,hxd75467e3e4ce64e3424c747dfb71503017440433,cxa0af3165c08318e988cb30993b3048335b94af6c,0xba43b7400,0x119303c3b88ad2fb23a84a230263bb11ccf0aa93231aa8e003347c082ba205e1,0,94195123,50.0,1741071035358164,Sui,0.04738525,SUI,0,1,2025-03-04
cxd17316e24ee40f2ef8ed6f3a497311db1b35206d,hx66b0a5c1aa35aa0d4ce16bd81e89b6da5f2a379f,hx66b0a5c1aa35aa0d4ce16bd81e89b6da5f2a379f,0x0,0x7abac4526728e6ef1846749cf17c6f803a7ad1aae1d95a2667dee5a935eada59,0,94195117,0.0,1741071023558742,unknown_token,0.0043651375,$unknown,34,2,2025-03-04
cx88fd7df7ddff82f7cc735c871dc519838cb235bb,cxa0af3165c08318e988cb30993b3048335b94af6c,cx5faae53c4dbd1fbe4a2eb4aab6565030f10da5c6,0xde3e135e77663e,0x158131db5d0a70b55cbf2cd32c80b780bc6c591cd063d3b8d8f3fafaf3b8498b,2,94195117,0.06255569773994964,1741071023558742,Balanced Dollar,0.047366825,bnUSD,0,1,2025-03-04
cx88fd7df7ddff82f7cc735c871dc519838cb235bb,cxa0af3165c08318e988cb30993b3048335b94af6c,hxd75467e3e4ce64e3424c747dfb71503017440433,0x2412cfa8445aca046,0x158131db5d0a70b55cbf2cd32c80b780bc6c591cd063d3b8d8f3fafaf3b8498b,1,94195117,41.589892104871254,1741071023558742,Balanced Dollar,0.047366825,bnUSD,0,1,2025-03-04
cx65c9e3d4fea842e00add0d32a5b4c5e4e04c7a6b,hxd75467e3e4ce64e3424c747dfb71503017440433,cxa0af3165c08318e988cb30993b3048335b94af6c,0x11e1a300,0x158131db5d0a70b55cbf2cd32c80b780bc6c591cd063d3b8d8f3fafaf3b8498b,0,94195117,0.3,1741071023558742,Solana,0.047366825,SOL,0,1,2025-03-04
cxf61cd5a45dc9f91c15aa65831a30a90d59a09619,cx9345f80d6c98357ccbb70392b14162199c2c5f66,cxd82fb5d3effecd8c9071a4bba3856ad7222c4b91,0x1b25afae5e9b150,0x009ba4863837b61c525cca51d2c87ff2fdd523dd8e3ce77dd2d7633927ebb74a,4,94195099,0.12226017353804629,1741070987342051,Balance Token,0.130197425,BALN,0,2,2025-03-04
cx2609b924e33ef00b648a409245c7ea394c467824,cx9345f80d6c98357ccbb70392b14162199c2c5f66,cxd82fb5d3effecd8c9071a4bba3856ad7222c4b91,0x1ddcb6f9102b453f,0x009ba4863837b61c525cca51d2c87ff2fdd523dd8e3ce77dd2d7633927ebb74a,3,94195099,2.1517959028106377,1741070987342051,Staked ICX,0.130197425,sICX,0,2,2025-03-04
cx88fd7df7ddff82f7cc735c871dc519838cb235bb,hx0000000000000000000000000000000000000000,cx5faae53c4dbd1fbe4a2eb4aab6565030f10da5c6,0x0,0x009ba4863837b61c525cca51d2c87ff2fdd523dd8e3ce77dd2d7633927ebb74a,2,94195099,0.0,1741070987342051,Balanced Dollar,0.130197425,bnUSD,0,2,2025-03-04
cx88fd7df7ddff82f7cc735c871dc519838cb235bb,hx0000000000000000000000000000000000000000,cxd82fb5d3effecd8c9071a4bba3856ad7222c4b91,0x4d4841eb9647b0c,0x009ba4863837b61c525cca51d2c87ff2fdd523dd8e3ce77dd2d7633927ebb74a,1,94195099,0.34804833870862617,1741070987342051,Balanced Dollar,0.130197425,bnUSD,0,2,2025-03-04
cx88fd7df7ddff82f7cc735c871dc519838cb235bb,hxfe142bbd09792ec1190c7a4e63a33dd48bf24f43,cxd82fb5d3effecd8c9071a4bba3856ad7222c4b91,0x3db88b6f7fbf3393,0x009ba4863837b61c525cca51d2c87ff2fdd523dd8e3ce77dd2d7633927ebb74a,0,94195099,4.4474579430292325,1741070987342051,Balanced Dollar,0.130197425,bnUSD,0,2,2025-03-04
cx88fd7df7ddff82f7cc735c871dc519838cb235bb,cxa0af3165c08318e988cb30993b3048335b94af6c,cx5faae53c4dbd1fbe4a2eb4aab6565030f10da5c6,0x1ad184e401b0e25,0xc28501118cfdb190db552c4872ec12a3f86d6f23eb5ae70de3ba17288e8f6765,2,94195099,0.12077948937090205,1741070987342051,Balanced Dollar,0.056911275,bnUSD,0,1,2025-03-04
cx88fd7df7ddff82f7cc735c871dc519838cb235bb,cxa0af3165c08318e988cb30993b3048335b94af6c,hxd75467e3e4ce64e3424c747dfb71503017440433,0x45a731357fc6588df,0xc28501118cfdb190db552c4872ec12a3f86d6f23eb5ae70de3ba17288e8f6765,1,94195099,80.30455064919104,1741070987342051,Balanced Dollar,0.056911275,bnUSD,0,1,2025-03-04
cx66a031cc3bd305c76371fb586e93801b948254f0,hxd75467e3e4ce64e3424c747dfb71503017440433,cxa0af3165c08318e988cb30993b3048335b94af6c,0x3782dace9d900000,0xc28501118cfdb190db552c4872ec12a3f86d6f23eb5ae70de3ba17288e8f6765,0,94195099,4.0,1741070987342051,Avalanche,0.056911275,AVAX,0,1,2025-03-04
cx88fd7df7ddff82f7cc735c871dc519838cb235bb,cxa0af3165c08318e988cb30993b3048335b94af6c,cx5faae53c4dbd1fbe4a2eb4aab6565030f10da5c6,0x1ad60a6245735a8,0x3763c483f7ca24ab655ae051c49bf53843aa4a04830a6a869384f5f4a68e1f4b,2,94195089,0.1208590316994042,1741070967532853,Balanced Dollar,0.056911275,bnUSD,0,1,2025-03-04
cx88fd7df7ddff82f7cc735c871dc519838cb235bb,cxa0af3165c08318e988cb30993b3048335b94af6c,hxd75467e3e4ce64e3424c747dfb71503017440433,0x45b2eff5163e13575,0x3763c483f7ca24ab655ae051c49bf53843aa4a04830a6a869384f5f4a68e1f4b,1,94195089,80.35744592625147,1741070967532853,Balanced Dollar,0.056911275,bnUSD,0,1,2025-03-04
cx66a031cc3bd305c76371fb586e93801b948254f0,hxd75467e3e4ce64e3424c747dfb71503017440433,cxa0af3165c08318e988cb30993b3048335b94af6c,0x3782dace9d900000,0x3763c483f7ca24ab655ae051c49bf53843aa4a04830a6a869384f5f4a68e1f4b,0,94195089,4.0,1741070967532853,Avalanche,0.056911275,AVAX,0,1,2025-03-04
cx2609b924e33ef00b648a409245c7ea394c467824,cx203d9cd2a669be67177e997b8948ce2c35caffae,hxfe142bbd09792ec1190c7a4e63a33dd48bf24f43,0x168cc2b66e08277b,0xa9094e6187b085448d507178cc1c9fe43955ffed49e24069310756bc209cc94f,5,94195083,1.624887654359771,1741070955330221,Staked ICX,0.1457414625,sICX,0,1,2025-03-04
cx88fd7df7ddff82f7cc735c871dc519838cb235bb,cx203d9cd2a669be67177e997b8948ce2c35caffae,hxfe142bbd09792ec1190c7a4e63a33dd48bf24f43,0x3db88b6f7fbf3393,0xa9094e6187b085448d507178cc1c9fe43955ffed49e24069310756bc209cc94f,2,94195083,4.4474579430292325,1741070955330221,Balanced Dollar,0.1457414625,bnUSD,0,1,2025-03-04
cxf61cd5a45dc9f91c15aa65831a30a90d59a09619,cx203d9cd2a669be67177e997b8948ce2c35caffae,hxfe142bbd09792ec1190c7a4e63a33dd48bf24f43,0x121307d5083a27,0xa9094e6187b085448d507178cc1c9fe43955ffed49e24069310756bc209cc94f,0,94195083,0.005087473940576807,1741070955330221,Balance Token,0.1457414625,BALN,0,1,2025-03-04
cxf0a30d09ade391d7b570908b9b46cfa5b3cbc8f8,hxd75467e3e4ce64e3424c747dfb71503017440433,hx0000000000000000000000000000000000000000,0x40727b3c52a8429009c,0x5b0f3ee2c5ab44026d942bf0fef4f0b729ea7a94a0550d7f49a6e69130656d6b,0,94195079,19021.453986969256,1741070947327792,HiYield Treasury Bill Vault,0.0247838625,hyTB,0,1,2025-03-04
cxf0a30d09ade391d7b570908b9b46cfa5b3cbc8f8,cxa09dbb60dcb62fffbd232b6eae132d730a2aafa6,hxd75467e3e4ce64e3424c747dfb71503017440433,0x40727b3c52a8429009c,0xeb319acf7036d9a749b2aefe2035b494924f02e02a361dfe095d5e2da4139126,3,94195063,19021.453986969256,1741070915315829,HiYield Treasury Bill Vault,0.050973275,hyTB,0,1,2025-03-04
cx88fd7df7ddff82f7cc735c871dc519838cb235bb,cxa09dbb60dcb62fffbd232b6eae132d730a2aafa6,cx5faae53c4dbd1fbe4a2eb4aab6565030f10da5c6,0x340aad21b3b700000,0xeb319acf7036d9a749b2aefe2035b494924f02e02a361dfe095d5e2da4139126,2,94195063,60.0,1741070915315829,Balanced Dollar,0.050973275,bnUSD,0,1,2025-03-04
cx88fd7df7ddff82f7cc735c871dc519838cb235bb,cxa09dbb60dcb62fffbd232b6eae132d730a2aafa6,hx0000000000000000000000000000000000000000,0x438f316c15a29100000,0xeb319acf7036d9a749b2aefe2035b494924f02e02a361dfe095d5e2da4139126,1,94195063,19940.0,1741070915315829,Balanced Dollar,0.050973275,bnUSD,0,1,2025-03-04
cx88fd7df7ddff82f7cc735c871dc519838cb235bb,hxd75467e3e4ce64e3424c747dfb71503017440433,cxa09dbb60dcb62fffbd232b6eae132d730a2aafa6,0x43c33c1937564800000,0xeb319acf7036d9a749b2aefe2035b494924f02e02a361dfe095d5e2da4139126,0,94195063,20000.0,1741070915315829,Balanced Dollar,0.050973275,bnUSD,0,1,2025-03-04
cxd17316e24ee40f2ef8ed6f3a497311db1b35206d,hx9645117f1b0c7181a126c7f4f222caefc6ee7a61,hx9645117f1b0c7181a126c7f4f222caefc6ee7a61,0x0,0x177f469a7302775feefbd0b690d47094b5b2d1636538b1a7d021edc7d9eb2be4,5,94195061,0.0,1741070911315308,unknown_token,0.0194418375,$unknown,34,1,2025-03-04
cx53f8ccd5426534f82cf10cb742de033e51da72fc,hx9645117f1b0c7181a126c7f4f222caefc6ee7a61,hx0000000000000000000000000000000000000000,0x0,0x177f469a7302775feefbd0b690d47094b5b2d1636538b1a7d021edc7d9eb2be4,4,94195061,0.0,1741070911315308,unknown_token,0.0194418375,$unknown,5,1,2025-03-04
cx7baf94bd53b505353285ee4c4c050f9703581703,hx9645117f1b0c7181a126c7f4f222caefc6ee7a61,hx0000000000000000000000000000000000000000,0x0,0x177f469a7302775feefbd0b690d47094b5b2d1636538b1a7d021edc7d9eb2be4,2,94195061,0.0,1741070911315308,unknown_token,0.0194418375,$unknown,20,1,2025-03-04
cx7baf94bd53b505353285ee4c4c050f9703581703,hx9645117f1b0c7181a126c7f4f222caefc6ee7a61,hx0000000000000000000000000000000000000000,0x0,0x177f469a7302775feefbd0b690d47094b5b2d1636538b1a7d021edc7d9eb2be4,0,94195061,0.0,1741070911315308,unknown_token,0.0194418375,$unknown,9,1,2025-03-04
cx88fd7df7ddff82f7cc735c871dc519838cb235bb,cxd82fb5d3effecd8c9071a4bba3856ad7222c4b91,hxd75467e3e4ce64e3424c747dfb71503017440433,0x3e7f4e5b63543cd0000,0x3c2665bb5f321e6e1e9274f4e9a6e20ab71953c9616b604801d08bf4b6a21a44,0,94195060,18445.94404069065,1741070909313564,Balanced Dollar,0.0208350625,bnUSD,0,1,2025-03-04
cx3975b43d260fb8ec802cef6e60c2f4d07486f11d,hxd75467e3e4ce64e3424c747dfb71503017440433,hx0000000000000000000000000000000000000000,0xf6f41c99aecb02fb6,0x1d9cc125e04cbdad7b2b5ca319c519c817bf71e45c7d7000af49eec8e36babac,6,94195043,284.71807158457256,1741070875301427,Wrapped ICX,0.0915322625,wICX,0,1,2025-03-04
cx3975b43d260fb8ec802cef6e60c2f4d07486f11d,cx21e94c08c03daee80c25d8ee3ea22a20786ec231,hxd75467e3e4ce64e3424c747dfb71503017440433,0xf6f41c99aecb02fb6,0x1d9cc125e04cbdad7b2b5ca319c519c817bf71e45c7d7000af49eec8e36babac,5,94195043,284.71807158457256,1741070875301427,Wrapped ICX,0.0915322625,wICX,0,1,2025-03-04
cx2609b924e33ef00b648a409245c7ea394c467824,cxa0af3165c08318e988cb30993b3048335b94af6c,cx5faae53c4dbd1fbe4a2eb4aab6565030f10da5c6,0x481fa1f183751ae,0x1d9cc125e04cbdad7b2b5ca319c519c817bf71e45c7d7000af49eec8e36babac,3,94195043,0.32481565960459513,1741070875301427,Staked ICX,0.0915322625,sICX,0,1,2025-03-04
cx3975b43d260fb8ec802cef6e60c2f4d07486f11d,cxa0af3165c08318e988cb30993b3048335b94af6c,cx21e94c08c03daee80c25d8ee3ea22a20786ec231,0xf6f41c99aecb02fb6,0x1d9cc125e04cbdad7b2b5ca319c519c817bf71e45c7d7000af49eec8e36babac,2,94195043,284.71807158457256,1741070875301427,Wrapped ICX,0.0915322625,wICX,0,1,2025-03-04
cx2609b924e33ef00b648a409245c7ea394c467824,cx21e94c08c03daee80c25d8ee3ea22a20786ec231,cxa0af3165c08318e988cb30993b3048335b94af6c,0xbbd26064f100f6122,0x1d9cc125e04cbdad7b2b5ca319c519c817bf71e45c7d7000af49eec8e36babac,1,94195043,216.54377306973007,1741070875301427,Staked ICX,0.0915322625,sICX,0,1,2025-03-04
cx2609b924e33ef00b648a409245c7ea394c467824,hxd75467e3e4ce64e3424c747dfb71503017440433,cx21e94c08c03daee80c25d8ee3ea22a20786ec231,0xbbd26064f100f6122,0x1d9cc125e04cbdad7b2b5ca319c519c817bf71e45c7d7000af49eec8e36babac,0,94195043,216.54377306973007,1741070875301427,Staked ICX,0.0915322625,sICX,0,1,2025-03-04
cx88fd7df7ddff82f7cc735c871dc519838cb235bb,cxa0af3165c08318e988cb30993b3048335b94af6c,cx5faae53c4dbd1fbe4a2eb4aab6565030f10da5c6,0x2955a961fd89f19,0x035e907f34853337a605063778e7bfe4c7d4a3fa8e22b6612bd1e0fd25279264,2,94195027,0.18615456043162806,1741070843290950,Balanced Dollar,0.04738525,bnUSD,0,1,2025-03-04
cx88fd7df7ddff82f7cc735c871dc519838cb235bb,cxa0af3165c08318e988cb30993b3048335b94af6c,hxd75467e3e4ce64e3424c747dfb71503017440433,0x6b609e7929efd4648,0x035e907f34853337a605063778e7bfe4c7d4a3fa8e22b6612bd1e0fd25279264,1,94195027,123.79773444886924,1741070843290950,Balanced Dollar,0.04738525,bnUSD,0,1,2025-03-04
cx508002ec116fbf3ab406329c0df28e70d7e75fb3,hxd75467e3e4ce64e3424c747dfb71503017440433,cxa0af3165c08318e988cb30993b3048335b94af6c,0xba43b7400,0x035e907f34853337a605063778e7bfe4c7d4a3fa8e22b6612bd1e0fd25279264,0,94195027,50.0,1741070843290950,Sui,0.04738525,SUI,0,1,2025-03-04
cxf61cd5a45dc9f91c15aa65831a30a90d59a09619,cxd82fb5d3effecd8c9071a4bba3856ad7222c4b91,hxd75467e3e4ce64e3424c747dfb71503017440433,0xa8a76c2ee9324c11,0x8f8d02ebedd9bc0240a1c17cbc49dae5c2b24d16de315da08dd4b6ea7d3c58d3,6,94195026,12.152801068219256,1741070841288798,Balance Token,0.1606429125,BALN,0,1,2025-03-04
cx88fd7df7ddff82f7cc735c871dc519838cb235bb,cxd82fb5d3effecd8c9071a4bba3856ad7222c4b91,hxd75467e3e4ce64e3424c747dfb71503017440433,0x1e6bdaeb1aecf9d4b,0x8f8d02ebedd9bc0240a1c17cbc49dae5c2b24d16de315da08dd4b6ea7d3c58d3,5,94195026,35.073381551196576,1741070841288798,Balanced Dollar,0.1606429125,bnUSD,0,1,2025-03-04
cx2609b924e33ef00b648a409245c7ea394c467824,cxd82fb5d3effecd8c9071a4bba3856ad7222c4b91,hxd75467e3e4ce64e3424c747dfb71503017440433,0xbb47019ba5c1f28a2,0x8f8d02ebedd9bc0240a1c17cbc49dae5c2b24d16de315da08dd4b6ea7d3c58d3,4,94195026,215.91610522322384,1741070841288798,Staked ICX,0.1606429125,sICX,0,1,2025-03-04
cxf61cd5a45dc9f91c15aa65831a30a90d59a09619,cx9345f80d6c98357ccbb70392b14162199c2c5f66,cxd82fb5d3effecd8c9071a4bba3856ad7222c4b91,0x816a02dd0ca42c0,0x8f8d02ebedd9bc0240a1c17cbc49dae5c2b24d16de315da08dd4b6ea7d3c58d3,3,94195026,0.5828293204279467,1741070841288798,Balance Token,0.1606429125,BALN,0,1,2025-03-04
cx2609b924e33ef00b648a409245c7ea394c467824,cx9345f80d6c98357ccbb70392b14162199c2c5f66,cxd82fb5d3effecd8c9071a4bba3856ad7222c4b91,0x8e5b4c33187a1c84,0x8f8d02ebedd9bc0240a1c17cbc49dae5c2b24d16de315da08dd4b6ea7d3c58d3,2,94195026,10.257876358604136,1741070841288798,Staked ICX,0.1606429125,sICX,0,1,2025-03-04
cx88fd7df7ddff82f7cc735c871dc519838cb235bb,hx0000000000000000000000000000000000000000,cx5faae53c4dbd1fbe4a2eb4aab6565030f10da5c6,0x0,0x8f8d02ebedd9bc0240a1c17cbc49dae5c2b24d16de315da08dd4b6ea7d3c58d3,1,94195026,0.0,1741070841288798,Balanced Dollar,0.1606429125,bnUSD,0,1,2025-03-04
cx88fd7df7ddff82f7cc735c871dc519838cb235bb,hx0000000000000000000000000000000000000000,cxd82fb5d3effecd8c9071a4bba3856ad7222c4b91,0x1706a9322117049e,0x8f8d02ebedd9bc0240a1c17cbc49dae5c2b24d16de315da08dd4b6ea7d3c58d3,0,94195026,1.659199545501222,1741070841288798,Balanced Dollar,0.1606429125,bnUSD,0,1,2025-03-04
cx88fd7df7ddff82f7cc735c871dc519838cb235bb,cxa0af3165c08318e988cb30993b3048335b94af6c,cx5faae53c4dbd1fbe4a2eb4aab6565030f10da5c6,0x1ada91056d6651d,0xbf896c15f8bb344433ff479eaeabf9a40a9458ab15670e0a55ed5e8bc7a5ffdd,2,94195013,0.12093865265033348,1741070815279925,Balanced Dollar,0.056911275,bnUSD,0,1,2025-03-04
cx88fd7df7ddff82f7cc735c871dc519838cb235bb,cxa0af3165c08318e988cb30993b3048335b94af6c,hxd75467e3e4ce64e3424c747dfb71503017440433,0x45beb1ada03d42d4f,0xbf896c15f8bb344433ff479eaeabf9a40a9458ab15670e0a55ed5e8bc7a5ffdd,1,94195013,80.41039349548608,1741070815279925,Balanced Dollar,0.056911275,bnUSD,0,1,2025-03-04
cx66a031cc3bd305c76371fb586e93801b948254f0,hxd75467e3e4ce64e3424c747dfb71503017440433,cxa0af3165c08318e988cb30993b3048335b94af6c,0x3782dace9d900000,0xbf896c15f8bb344433ff479eaeabf9a40a9458ab15670e0a55ed5e8bc7a5ffdd,0,94195013,4.0,1741070815279925,Avalanche,0.056911275,AVAX,0,1,2025-03-04
cx88fd7df7ddff82f7cc735c871dc519838cb235bb,cx21e94c08c03daee80c25d8ee3ea22a20786ec231,hxd75467e3e4ce64e3424c747dfb71503017440433,0x632f18d74b6a38766,0x387caf454df97486fd581f4065b5bac74f89bf37699ca50555c2ef1e951a2800,9,94195006,114.35133514596087,1741070801274330,Balanced Dollar,0.170003525,bnUSD,0,1,2025-03-04
cx88fd7df7ddff82f7cc735c871dc519838cb235bb,cxa0af3165c08318e988cb30993b3048335b94af6c,cx5faae53c4dbd1fbe4a2eb4aab6565030f10da5c6,0x263237b60db87c0,0x387caf454df97486fd581f4065b5bac74f89bf37699ca50555c2ef1e951a2800,7,94195006,0.17202022358316024,1741070801274330,Balanced Dollar,0.170003525,bnUSD,0,1,2025-03-04
cx88fd7df7ddff82f7cc735c871dc519838cb235bb,cxa0af3165c08318e988cb30993b3048335b94af6c,cx21e94c08c03daee80c25d8ee3ea22a20786ec231,0x632f18d74b6a38766,0x387caf454df97486fd581f4065b5bac74f89bf37699ca50555c2ef1e951a2800,6,94195006,114.35133514596087,1741070801274330,Balanced Dollar,0.170003525,bnUSD,0,1,2025-03-04
cx2609b924e33ef00b648a409245c7ea394c467824,cx21e94c08c03daee80c25d8ee3ea22a20786ec231,cxa0af3165c08318e988cb30993b3048335b94af6c,0x2bc0ca99b05d546d54,0x387caf454df97486fd581f4065b5bac74f89bf37699ca50555c2ef1e951a2800,5,94195006,807.1020801528475,1741070801274330,Staked ICX,0.170003525,sICX,0,1,2025-03-04
cx2609b924e33ef00b648a409245c7ea394c467824,cxa0af3165c08318e988cb30993b3048335b94af6c,cx5faae53c4dbd1fbe4a2eb4aab6565030f10da5c6,0x10d44a9da003cc03,0x387caf454df97486fd581f4065b5bac74f89bf37699ca50555c2ef1e951a2800,3,94195006,1.2126762405244302,1741070801274330,Staked ICX,0.170003525,sICX,0,1,2025-03-04
cx2609b924e33ef00b648a409245c7ea394c467824,cxa0af3165c08318e988cb30993b3048335b94af6c,cx21e94c08c03daee80c25d8ee3ea22a20786ec231,0x2bc0ca99b05d546d54,0x387caf454df97486fd581f4065b5bac74f89bf37699ca50555c2ef1e951a2800,2,94195006,807.1020801528475,1741070801274330,Staked ICX,0.170003525,sICX,0,1,2025-03-04
cx518f64edcd35db9044a2de63fdc10abfd5f7d611,cx21e94c08c03daee80c25d8ee3ea22a20786ec231,cxa0af3165c08318e988cb30993b3048335b94af6c,0xee6b2800,0x387caf454df97486fd581f4065b5bac74f89bf37699ca50555c2ef1e951a2800,1,94195006,400.0,1741070801274330,Stellar,0.170003525,XLM,0,1,2025-03-04
cx518f64edcd35db9044a2de63fdc10abfd5f7d611,hxd75467e3e4ce64e3424c747dfb71503017440433,cx21e94c08c03daee80c25d8ee3ea22a20786ec231,0xee6b2800,0x387caf454df97486fd581f4065b5bac74f89bf37699ca50555c2ef1e951a2800,0,94195006,400.0,1741070801274330,Stellar,0.170003525,XLM,0,1,2025-03-04
cx88fd7df7ddff82f7cc735c871dc519838cb235bb,cxa0af3165c08318e988cb30993b3048335b94af6c,cx5faae53c4dbd1fbe4a2eb4aab6565030f10da5c6,0x1adf18cddc668ae,0x3da39674cae8dbaae795e9cd00ee34f44e256aa0f76a7ce18415f6ba501c66f4,2,94194981,0.12101835232735454,1741070751249450,Balanced Dollar,0.0569139625,bnUSD,0,1,2025-03-04
cx88fd7df7ddff82f7cc735c871dc519838cb235bb,cxa0af3165c08318e988cb30993b3048335b94af6c,hxd75467e3e4ce64e3424c747dfb71503017440433,0x45ca76601ea89a4bf,0x3da39674cae8dbaae795e9cd00ee34f44e256aa0f76a7ce18415f6ba501c66f4,1,94194981,80.46339342585415,1741070751249450,Balanced Dollar,0.0569139625,bnUSD,0,1,2025-03-04
cx66a031cc3bd305c76371fb586e93801b948254f0,hxd75467e3e4ce64e3424c747dfb71503017440433,cxa0af3165c08318e988cb30993b3048335b94af6c,0x3782dace9d900000,0x3da39674cae8dbaae795e9cd00ee34f44e256aa0f76a7ce18415f6ba501c66f4,0,94194981,4.0,1741070751249450,Avalanche,0.0569139625,AVAX,0,1,2025-03-04
cx2609b924e33ef00b648a409245c7ea394c467824,cxa0af3165c08318e988cb30993b3048335b94af6c,hx56c5977d70ec8d7914484062083681d25a3d15b4,0x1,0xa80364705588e9b64376a63d4076021b6b7af0ee9d487dba9ee8f5c8ce1ce000,3,94194944,1e-18,1741070677383646,Staked ICX,0.043727625,sICX,0,1,2025-03-04
cx88fd7df7ddff82f7cc735c871dc519838cb235bb,cx21e94c08c03daee80c25d8ee3ea22a20786ec231,hxd75467e3e4ce64e3424c747dfb71503017440433,0x6379c097809713bc5,0x4e0a5acb450dc3527c69d639a91e18c603104cddc4edd4fdef69a8989f881824,9,94194940,114.68755262186934,1741070669364480,Balanced Dollar,0.170017025,bnUSD,0,1,2025-03-04
cx88fd7df7ddff82f7cc735c871dc519838cb235bb,cxa0af3165c08318e988cb30993b3048335b94af6c,cx5faae53c4dbd1fbe4a2eb4aab6565030f10da5c6,0x264ef6c9b758f15,0x4e0a5acb450dc3527c69d639a91e18c603104cddc4edd4fdef69a8989f881824,7,94194940,0.17252593549060072,1741070669364480,Balanced Dollar,0.170017025,bnUSD,0,1,2025-03-04
cx88fd7df7ddff82f7cc735c871dc519838cb235bb,cxa0af3165c08318e988cb30993b3048335b94af6c,cx21e94c08c03daee80c25d8ee3ea22a20786ec231,0x6379c097809713bc5,0x4e0a5acb450dc3527c69d639a91e18c603104cddc4edd4fdef69a8989f881824,6,94194940,114.68755262186934,1741070669364480,Balanced Dollar,0.170017025,bnUSD,0,1,2025-03-04
cx2609b924e33ef00b648a409245c7ea394c467824,cx21e94c08c03daee80c25d8ee3ea22a20786ec231,cxa0af3165c08318e988cb30993b3048335b94af6c,0x2bdebb0fa97f13bb92,0x4e0a5acb450dc3527c69d639a91e18c603104cddc4edd4fdef69a8989f881824,5,94194940,809.2594340872315,1741070669364480,Staked ICX,0.170017025,sICX,0,1,2025-03-04
cx2609b924e33ef00b648a409245c7ea394c467824,cxa0af3165c08318e988cb30993b3048335b94af6c,cx5faae53c4dbd1fbe4a2eb4aab6565030f10da5c6,0x10dfccb6c97fa3df,0x4e0a5acb450dc3527c69d639a91e18c603104cddc4edd4fdef69a8989f881824,3,94194940,1.215915509850023,1741070669364480,Staked ICX,0.170017025,sICX,0,1,2025-03-04
cx2609b924e33ef00b648a409245c7ea394c467824,cxa0af3165c08318e988cb30993b3048335b94af6c,cx21e94c08c03daee80c25d8ee3ea22a20786ec231,0x2bdebb0fa97f13bb92,0x4e0a5acb450dc3527c69d639a91e18c603104cddc4edd4fdef69a8989f881824,2,94194940,809.2594340872315,1741070669364480,Staked ICX,0.170017025,sICX,0,1,2025-03-04
cx518f64edcd35db9044a2de63fdc10abfd5f7d611,cx21e94c08c03daee80c25d8ee3ea22a20786ec231,cxa0af3165c08318e988cb30993b3048335b94af6c,0xee6b2800,0x4e0a5acb450dc3527c69d639a91e18c603104cddc4edd4fdef69a8989f881824,1,94194940,400.0,1741070669364480,Stellar,0.170017025,XLM,0,1,2025-03-04
cx518f64edcd35db9044a2de63fdc10abfd5f7d611,hxd75467e3e4ce64e3424c747dfb71503017440433,cx21e94c08c03daee80c25d8ee3ea22a20786ec231,0xee6b2800,0x4e0a5acb450dc3527c69d639a91e18c603104cddc4edd4fdef69a8989f881824,0,94194940,400.0,1741070669364480,Stellar,0.170017025,XLM,0,1,2025-03-04
cx2609b924e33ef00b648a409245c7ea394c467824,hx56c5977d70ec8d7914484062083681d25a3d15b4,cxa0af3165c08318e988cb30993b3048335b94af6c,0x86a87fe6a600e1f30,0xbd04b92c48e19c641ebbb33ffd81f328fd977d29c13554edb1a52c9ace1d0763,0,94194938,155.25033641238423,1741070665215497,Staked ICX,0.03120205,sICX,0,1,2025-03-04
cx3975b43d260fb8ec802cef6e60c2f4d07486f11d,hx56c5977d70ec8d7914484062083681d25a3d15b4,cxa0af3165c08318e988cb30993b3048335b94af6c,0xb1991bdb2a89a8428,0xac71026597374ab53dca49131fce3d767ddbce6bfafc67bdfba98c0fc6442159,1,94194937,204.75664710840684,1741070663345031,Wrapped ICX,0.0165668375,wICX,0,1,2025-03-04
cx3975b43d260fb8ec802cef6e60c2f4d07486f11d,hx0000000000000000000000000000000000000000,hx56c5977d70ec8d7914484062083681d25a3d15b4,0xb1991bdb2a89a8428,0xac71026597374ab53dca49131fce3d767ddbce6bfafc67bdfba98c0fc6442159,0,94194937,204.75664710840684,1741070663345031,Wrapped ICX,0.0165668375,wICX,0,1,2025-03-04
cx2609b924e33ef00b648a409245c7ea394c467824,cxa0af3165c08318e988cb30993b3048335b94af6c,hx56c5977d70ec8d7914484062083681d25a3d15b4,0x86a87fe6a600e1f30,0xfc7cf331c8e9753a96fa43911da85aced03d3f2268d823928dc982689dd49183,1,94194931,155.25033641238423,1741070651208308,Staked ICX,0.0347448125,sICX,0,1,2025-03-04
cx3975b43d260fb8ec802cef6e60c2f4d07486f11d,hx56c5977d70ec8d7914484062083681d25a3d15b4,hx0000000000000000000000000000000000000000,0xb1991bdb2a89a8428,0x39946a07a6c316d2a6b79cc634f184ba962975f8db92d4589554111ecf24d82e,2,94194926,204.75664710840684,1741070641205254,Wrapped ICX,0.0190879375,wICX,0,1,2025-03-04
cx3975b43d260fb8ec802cef6e60c2f4d07486f11d,cxa0af3165c08318e988cb30993b3048335b94af6c,hx56c5977d70ec8d7914484062083681d25a3d15b4,0xb1991bdb2a89a8428,0x39946a07a6c316d2a6b79cc634f184ba962975f8db92d4589554111ecf24d82e,1,94194926,204.75664710840684,1741070641205254,Wrapped ICX,0.0190879375,wICX,0,1,2025-03-04
cx2609b924e33ef00b648a409245c7ea394c467824,hx56c5977d70ec8d7914484062083681d25a3d15b4,cxa0af3165c08318e988cb30993b3048335b94af6c,0x86a87fe6a600e1f30,0x91418c8f01a944480b91c9575fc900a65692028d59c0f919c75119830be641b5,0,94194918,155.25033641238423,1741070625199692,Staked ICX,0.03120205,sICX,0,1,2025-03-04
cx3975b43d260fb8ec802cef6e60c2f4d07486f11d,hx56c5977d70ec8d7914484062083681d25a3d15b4,cxa0af3165c08318e988cb30993b3048335b94af6c,0xb1991bdb2a89a8428,0x1451b849b0780d510fc453e646d61ee39241c5606f576b85c1148c8a3c7ef32a,1,94194917,204.75664710840684,1741070623403804,Wrapped ICX,0.0165668375,wICX,0,1,2025-03-04
cx3975b43d260fb8ec802cef6e60c2f4d07486f11d,hx0000000000000000000000000000000000000000,hx56c5977d70ec8d7914484062083681d25a3d15b4,0xb1991bdb2a89a8428,0x1451b849b0780d510fc453e646d61ee39241c5606f576b85c1148c8a3c7ef32a,0,94194917,204.75664710840684,1741070623403804,Wrapped ICX,0.0165668375,wICX,0,1,2025-03-04
cx2609b924e33ef00b648a409245c7ea394c467824,cx21e94c08c03daee80c25d8ee3ea22a20786ec231,hx56c5977d70ec8d7914484062083681d25a3d15b4,0x8282a07a67932472,0x3c7ab6dbf858a38284b0e76f64c52e3b3b5d1567d91c1d7416417a3a934644e2,5,94194900,9.404255419487168,1741070589400881,Staked ICX,0.1052618375,sICX,0,1,2025-03-04
cx2609b924e33ef00b648a409245c7ea394c467824,cxa0af3165c08318e988cb30993b3048335b94af6c,cx5faae53c4dbd1fbe4a2eb4aab6565030f10da5c6,0x32442fdfc8b833,0x3c7ab6dbf858a38284b0e76f64c52e3b3b5d1567d91c1d7416417a3a934644e2,3,94194900,0.014148721244158002,1741070589400881,Staked ICX,0.1052618375,sICX,0,1,2025-03-04
cx2609b924e33ef00b648a409245c7ea394c467824,cxa0af3165c08318e988cb30993b3048335b94af6c,cx21e94c08c03daee80c25d8ee3ea22a20786ec231,0x8282a07a67932472,0x3c7ab6dbf858a38284b0e76f64c52e3b3b5d1567d91c1d7416417a3a934644e2,2,94194900,9.404255419487168,1741070589400881,Staked ICX,0.1052618375,sICX,0,1,2025-03-04
cxf61cd5a45dc9f91c15aa65831a30a90d59a09619,cx21e94c08c03daee80c25d8ee3ea22a20786ec231,cxa0af3165c08318e988cb30993b3048335b94af6c,0x9cf50e99317ae853,0x3c7ab6dbf858a38284b0e76f64c52e3b3b5d1567d91c1d7416417a3a934644e2,1,94194900,11.309962090333793,1741070589400881,Balance Token,0.1052618375,BALN,0,1,2025-03-04
cxf61cd5a45dc9f91c15aa65831a30a90d59a09619,hx56c5977d70ec8d7914484062083681d25a3d15b4,cx21e94c08c03daee80c25d8ee3ea22a20786ec231,0x9cf50e99317ae853,0x3c7ab6dbf858a38284b0e76f64c52e3b3b5d1567d91c1d7416417a3a934644e2,0,94194900,11.309962090333793,1741070589400881,Balance Token,0.1052618375,BALN,0,1,2025-03-04
cx88fd7df7ddff82f7cc735c871dc519838cb235bb,cx203d9cd2a669be67177e997b8948ce2c35caffae,cx835b300dcfe01f0bdb794e134a0c5628384f4367,0x143bf23b78620573b,0x041d38ff2dd93eab4ec9053b5a447742c0e7f1d2d6602e427966f12ca893747f,6,94194892,23.32840386593871,1741070573389269,Balanced Dollar,0.089518275,bnUSD,0,1,2025-03-04
cx88fd7df7ddff82f7cc735c871dc519838cb235bb,cx5faae53c4dbd1fbe4a2eb4aab6565030f10da5c6,cx203d9cd2a669be67177e997b8948ce2c35caffae,0x1ce7ec54f51e50ee7,0x041d38ff2dd93eab4ec9053b5a447742c0e7f1d2d6602e427966f12ca893747f,4,94194892,33.3262912370553,1741070573389269,Balanced Dollar,0.089518275,bnUSD,0,1,2025-03-04
cx88fd7df7ddff82f7cc735c871dc519838cb235bb,cx5faae53c4dbd1fbe4a2eb4aab6565030f10da5c6,cxdc30a0d3a1f131565c071272a20bc0b06fd4c17b,0x1ce7ec54f51e50ee7,0x041d38ff2dd93eab4ec9053b5a447742c0e7f1d2d6602e427966f12ca893747f,3,94194892,33.3262912370553,1741070573389269,Balanced Dollar,0.089518275,bnUSD,0,1,2025-03-04
cx88fd7df7ddff82f7cc735c871dc519838cb235bb,cxa0af3165c08318e988cb30993b3048335b94af6c,cx5faae53c4dbd1fbe4a2eb4aab6565030f10da5c6,0x29611ddb4bdd728,0x041d38ff2dd93eab4ec9053b5a447742c0e7f1d2d6602e427966f12ca893747f,2,94194892,0.18635607850023914,1741070573389269,Balanced Dollar,0.089518275,bnUSD,0,1,2025-03-04
cx88fd7df7ddff82f7cc735c871dc519838cb235bb,cxa0af3165c08318e988cb30993b3048335b94af6c,hxd75467e3e4ce64e3424c747dfb71503017440433,0x6b7e626723783f8f6,0x041d38ff2dd93eab4ec9053b5a447742c0e7f1d2d6602e427966f12ca893747f,1,94194892,123.9317856678411,1741070573389269,Balanced Dollar,0.089518275,bnUSD,0,1,2025-03-04
cx508002ec116fbf3ab406329c0df28e70d7e75fb3,hxd75467e3e4ce64e3424c747dfb71503017440433,cxa0af3165c08318e988cb30993b3048335b94af6c,0xba43b7400,0x041d38ff2dd93eab4ec9053b5a447742c0e7f1d2d6602e427966f12ca893747f,0,94194892,50.0,1741070573389269,Sui,0.089518275,SUI,0,1,2025-03-04
cx518f64edcd35db9044a2de63fdc10abfd5f7d611,hx0000000000000000000000000000000000000000,hxd75467e3e4ce64e3424c747dfb71503017440433,0x6fc087c9a,0x8428fb95fc30cb47c11a1b8355236c984f9d46566abc83e2d7662a29ca08debd,1,94194868,2999.8218394,1741070525163423,Stellar,0.0238661125,XLM,0,1,2025-03-04
cxf61cd5a45dc9f91c15aa65831a30a90d59a09619,cx10d59e8103ab44635190bd4139dbfd682fa2d07e,hx56c5977d70ec8d7914484062083681d25a3d15b4,0x302b178f8af4c545,0x79382a7c78a8acd3f8cdf5c261df675f412e6d095035812ea3327806c23727e9,3,94194853,3.4708938430981586,1741070495151490,Balance Token,0.0719249375,BALN,0,1,2025-03-04
cx2609b924e33ef00b648a409245c7ea394c467824,cx10d59e8103ab44635190bd4139dbfd682fa2d07e,hx56c5977d70ec8d7914484062083681d25a3d15b4,0x7ba02947ccf58fe6f,0x79382a7c78a8acd3f8cdf5c261df675f412e6d095035812ea3327806c23727e9,1,94194853,142.53064722075044,1741070495151490,Staked ICX,0.0719249375,sICX,0,1,2025-03-04
cx88fd7df7ddff82f7cc735c871dc519838cb235bb,cxa0af3165c08318e988cb30993b3048335b94af6c,cx5faae53c4dbd1fbe4a2eb4aab6565030f10da5c6,0x1ae3a1bbf57a832,0x8d28bf3f112ea1684db28042ca67cbb89a9b94191a6914832cf2ee2a4c321377,2,94194760,0.12109813083430303,1741070309094445,Balanced Dollar,0.056911275,bnUSD,0,1,2025-03-04
cx88fd7df7ddff82f7cc735c871dc519838cb235bb,cxa0af3165c08318e988cb30993b3048335b94af6c,hxd75467e3e4ce64e3424c747dfb71503017440433,0x45d63e0d92d14089a,0x8d28bf3f112ea1684db28042ca67cbb89a9b94191a6914832cf2ee2a4c321377,1,94194760,80.51644578642868,1741070309094445,Balanced Dollar,0.056911275,bnUSD,0,1,2025-03-04
cx66a031cc3bd305c76371fb586e93801b948254f0,hxd75467e3e4ce64e3424c747dfb71503017440433,cxa0af3165c08318e988cb30993b3048335b94af6c,0x3782dace9d900000,0x8d28bf3f112ea1684db28042ca67cbb89a9b94191a6914832cf2ee2a4c321377,0,94194760,4.0,1741070309094445,Avalanche,0.056911275,AVAX,0,1,2025-03-04
cx88fd7df7ddff82f7cc735c871dc519838cb235bb,cxa0af3165c08318e988cb30993b3048335b94af6c,cx5faae53c4dbd1fbe4a2eb4aab6565030f10da5c6,0x296c971892d9fbd,0x2b39af4aa821d53e33bddb02bcb361c3e71abc845f499e957f93d876892e2190,2,94194736,0.1865579240524103,1741070261083835,Balanced Dollar,0.04738525,bnUSD,0,1,2025-03-04
cx88fd7df7ddff82f7cc735c871dc519838cb235bb,cxa0af3165c08318e988cb30993b3048335b94af6c,hxd75467e3e4ce64e3424c747dfb71503017440433,0x6b9c32b8069eb56e8,0x2b39af4aa821d53e33bddb02bcb361c3e71abc845f499e957f93d876892e2190,1,94194736,124.0660547902654,1741070261083835,Balanced Dollar,0.04738525,bnUSD,0,1,2025-03-04
cx508002ec116fbf3ab406329c0df28e70d7e75fb3,hxd75467e3e4ce64e3424c747dfb71503017440433,cxa0af3165c08318e988cb30993b3048335b94af6c,0xba43b7400,0x2b39af4aa821d53e33bddb02bcb361c3e71abc845f499e957f93d876892e2190,0,94194736,50.0,1741070261083835,Sui,0.04738525,SUI,0,1,2025-03-04
cx88fd7df7ddff82f7cc735c871dc519838cb235bb,cxa0af3165c08318e988cb30993b3048335b94af6c,cx5faae53c4dbd1fbe4a2eb4aab6565030f10da5c6,0x1ae82bd01bd287c,0xf53d7e3d42e627207814813fe77b52fe92c8343221f3aeb04104d3eeb723e7d6,2,94194731,0.12117798827518579,1741070251074032,Balanced Dollar,0.056911275,bnUSD,0,1,2025-03-04
cx88fd7df7ddff82f7cc735c871dc519838cb235bb,cxa0af3165c08318e988cb30993b3048335b94af6c,hxd75467e3e4ce64e3424c747dfb71503017440433,0x45e208b6fe7506d9d,0xf53d7e3d42e627207814813fe77b52fe92c8343221f3aeb04104d3eeb723e7d6,1,94194731,80.5695506463966,1741070251074032,Balanced Dollar,0.056911275,bnUSD,0,1,2025-03-04
cx66a031cc3bd305c76371fb586e93801b948254f0,hxd75467e3e4ce64e3424c747dfb71503017440433,cxa0af3165c08318e988cb30993b3048335b94af6c,0x3782dace9d900000,0xf53d7e3d42e627207814813fe77b52fe92c8343221f3aeb04104d3eeb723e7d6,0,94194731,4.0,1741070251074032,Avalanche,0.056911275,AVAX,0,1,2025-03-04
cxf61cd5a45dc9f91c15aa65831a30a90d59a09619,cx9345f80d6c98357ccbb70392b14162199c2c5f66,cxd82fb5d3effecd8c9071a4bba3856ad7222c4b91,0xa69a211c91bec00,0x737c0d2b8fc3557ef46dd765caf76c32e6f8c8943e97ca6f2a9e0cdf1aca1f55,4,94194678,0.7503090102060923,1741070145030285,Balance Token,0.1302393625,BALN,0,1,2025-03-04
cx2609b924e33ef00b648a409245c7ea394c467824,cx9345f80d6c98357ccbb70392b14162199c2c5f66,cxd82fb5d3effecd8c9071a4bba3856ad7222c4b91,0xb7438276be683c40,0x737c0d2b8fc3557ef46dd765caf76c32e6f8c8943e97ca6f2a9e0cdf1aca1f55,3,94194678,13.20554197889268,1741070145030285,Staked ICX,0.1302393625,sICX,0,1,2025-03-04
cx88fd7df7ddff82f7cc735c871dc519838cb235bb,hx0000000000000000000000000000000000000000,cx5faae53c4dbd1fbe4a2eb4aab6565030f10da5c6,0x0,0x737c0d2b8fc3557ef46dd765caf76c32e6f8c8943e97ca6f2a9e0cdf1aca1f55,2,94194678,0.0,1741070145030285,Balanced Dollar,0.1302393625,bnUSD,0,1,2025-03-04
cx88fd7df7ddff82f7cc735c871dc519838cb235bb,hx0000000000000000000000000000000000000000,cxd82fb5d3effecd8c9071a4bba3856ad7222c4b91,0x1da4797f6d93ceb1,0x737c0d2b8fc3557ef46dd765caf76c32e6f8c8943e97ca6f2a9e0cdf1aca1f55,1,94194678,2.1359657114866684,1741070145030285,Balanced Dollar,0.1302393625,bnUSD,0,1,2025-03-04
cx88fd7df7ddff82f7cc735c871dc519838cb235bb,hxd75467e3e4ce64e3424c747dfb71503017440433,cxd82fb5d3effecd8c9071a4bba3856ad7222c4b91,0xf034ac317d56780000,0x737c0d2b8fc3557ef46dd765caf76c32e6f8c8943e97ca6f2a9e0cdf1aca1f55,0,94194678,4431.01404069065,1741070145030285,Balanced Dollar,0.1302393625,bnUSD,0,1,2025-03-04
cx88fd7df7ddff82f7cc735c871dc519838cb235bb,cx21e94c08c03daee80c25d8ee3ea22a20786ec231,hx385a695da4288bf7d70df14d1201e832c2bcf2a6,0x9ddbf08f165873a1,0xeaef643cf64c01dd2b98a4491d033deadf3eb40eafa5ff221b8cf82c5a28b259,13,94194674,11.374949781200204,1741070137026957,Balanced Dollar,0.214382425,bnUSD,0,1,2025-03-04
cx785d504f44b5d2c8dac04c5a1ecd75f18ee57d16,cx21e94c08c03daee80c25d8ee3ea22a20786ec231,cxa0af3165c08318e988cb30993b3048335b94af6c,0x84295859214ed54ff3,0xeaef643cf64c01dd2b98a4491d033deadf3eb40eafa5ff221b8cf82c5a28b259,12,94194674,2437.949446882758,1741070137026957,Finance Token,0.214382425,FIN,0,1,2025-03-04
cx88fd7df7ddff82f7cc735c871dc519838cb235bb,cxa0af3165c08318e988cb30993b3048335b94af6c,cx5faae53c4dbd1fbe4a2eb4aab6565030f10da5c6,0x3c455acc591d61,0xeaef643cf64c01dd2b98a4491d033deadf3eb40eafa5ff221b8cf82c5a28b259,10,94194674,0.016964754880404834,1741070137026957,Balanced Dollar,0.214382425,bnUSD,0,1,2025-03-04
cx88fd7df7ddff82f7cc735c871dc519838cb235bb,cxa0af3165c08318e988cb30993b3048335b94af6c,cx21e94c08c03daee80c25d8ee3ea22a20786ec231,0x9ddbf08f165873a1,0xeaef643cf64c01dd2b98a4491d033deadf3eb40eafa5ff221b8cf82c5a28b259,9,94194674,11.374949781200204,1741070137026957,Balanced Dollar,0.214382425,bnUSD,0,1,2025-03-04
cx2609b924e33ef00b648a409245c7ea394c467824,cxa0af3165c08318e988cb30993b3048335b94af6c,cx5faae53c4dbd1fbe4a2eb4aab6565030f10da5c6,0x19b1b19db978377,0xeaef643cf64c01dd2b98a4491d033deadf3eb40eafa5ff221b8cf82c5a28b259,7,94194674,0.11571601330035186,1741070137026957,Staked ICX,0.214382425,sICX,0,1,2025-03-04
cx785d504f44b5d2c8dac04c5a1ecd75f18ee57d16,cxa0af3165c08318e988cb30993b3048335b94af6c,cx21e94c08c03daee80c25d8ee3ea22a20786ec231,0x84295859214ed54ff3,0xeaef643cf64c01dd2b98a4491d033deadf3eb40eafa5ff221b8cf82c5a28b259,6,94194674,2437.949446882758,1741070137026957,Finance Token,0.214382425,FIN,0,1,2025-03-04
cx2609b924e33ef00b648a409245c7ea394c467824,cx21e94c08c03daee80c25d8ee3ea22a20786ec231,cxa0af3165c08318e988cb30993b3048335b94af6c,0x42e969356853bb2e8,0xeaef643cf64c01dd2b98a4491d033deadf3eb40eafa5ff221b8cf82c5a28b259,5,94194674,77.14400886690125,1741070137026957,Staked ICX,0.214382425,sICX,0,1,2025-03-04
cx88fd7df7ddff82f7cc735c871dc519838cb235bb,cxa0af3165c08318e988cb30993b3048335b94af6c,cx5faae53c4dbd1fbe4a2eb4aab6565030f10da5c6,0x3a9ea99ecb4000,0xeaef643cf64c01dd2b98a4491d033deadf3eb40eafa5ff221b8cf82c5a28b259,3,94194674,0.0165,1741070137026957,Balanced Dollar,0.214382425,bnUSD,0,1,2025-03-04
cx2609b924e33ef00b648a409245c7ea394c467824,cxa0af3165c08318e988cb30993b3048335b94af6c,cx21e94c08c03daee80c25d8ee3ea22a20786ec231,0x42e969356853bb2e8,0xeaef643cf64c01dd2b98a4491d033deadf3eb40eafa5ff221b8cf82c5a28b259,2,94194674,77.14400886690125,1741070137026957,Staked ICX,0.214382425,sICX,0,1,2025-03-04
cx88fd7df7ddff82f7cc735c871dc519838cb235bb,cx21e94c08c03daee80c25d8ee3ea22a20786ec231,cxa0af3165c08318e988cb30993b3048335b94af6c,0x98a7d9b8314c0000,0xeaef643cf64c01dd2b98a4491d033deadf3eb40eafa5ff221b8cf82c5a28b259,1,94194674,11.0,1741070137026957,Balanced Dollar,0.214382425,bnUSD,0,1,2025-03-04
cx88fd7df7ddff82f7cc735c871dc519838cb235bb,hx385a695da4288bf7d70df14d1201e832c2bcf2a6,cx21e94c08c03daee80c25d8ee3ea22a20786ec231,0x98a7d9b8314c0000,0xeaef643cf64c01dd2b98a4491d033deadf3eb40eafa5ff221b8cf82c5a28b259,0,94194674,11.0,1741070137026957,Balanced Dollar,0.214382425,bnUSD,0,1,2025-03-04
cxf0a30d09ade391d7b570908b9b46cfa5b3cbc8f8,hxd75467e3e4ce64e3424c747dfb71503017440433,hx0000000000000000000000000000000000000000,0x40727b3c52a8429009c,0xafbd0bfc30b7c883b94e422988ca15fd0612da05feaee18f102740f2dc996f43,0,94194667,19021.453986969256,1741070123228815,HiYield Treasury Bill Vault,0.0247838625,hyTB,0,1,2025-03-04
cx88fd7df7ddff82f7cc735c871dc519838cb235bb,cx21e94c08c03daee80c25d8ee3ea22a20786ec231,hxd75467e3e4ce64e3424c747dfb71503017440433,0x63c41629e92ded52c,0xf044501a8635648290f8646d99c36bb8b710f3c7731546c786351fef99106d06,9,94194658,115.02232439122761,1741070105015137,Balanced Dollar,0.1700008375,bnUSD,0,1,2025-03-04
cx88fd7df7ddff82f7cc735c871dc519838cb235bb,cxa0af3165c08318e988cb30993b3048335b94af6c,cx5faae53c4dbd1fbe4a2eb4aab6565030f10da5c6,0x266b9636507c555,0xf044501a8635648290f8646d99c36bb8b710f3c7731546c786351fef99106d06,7,94194658,0.17302947224825174,1741070105015137,Balanced Dollar,0.1700008375,bnUSD,0,1,2025-03-04
cx88fd7df7ddff82f7cc735c871dc519838cb235bb,cxa0af3165c08318e988cb30993b3048335b94af6c,cx21e94c08c03daee80c25d8ee3ea22a20786ec231,0x63c41629e92ded52c,0xf044501a8635648290f8646d99c36bb8b710f3c7731546c786351fef99106d06,6,94194658,115.02232439122761,1741070105015137,Balanced Dollar,0.1700008375,bnUSD,0,1,2025-03-04
cx2609b924e33ef00b648a409245c7ea394c467824,cx21e94c08c03daee80c25d8ee3ea22a20786ec231,cxa0af3165c08318e988cb30993b3048335b94af6c,0x2bfcca4d14b249543d,0xf044501a8635648290f8646d99c36bb8b710f3c7731546c786351fef99106d06,5,94194658,811.42545156365,1741070105015137,Staked ICX,0.1700008375,sICX,0,1,2025-03-04
cx2609b924e33ef00b648a409245c7ea394c467824,cxa0af3165c08318e988cb30993b3048335b94af6c,cx5faae53c4dbd1fbe4a2eb4aab6565030f10da5c6,0x10eb5aa2a771f02c,0xf044501a8635648290f8646d99c36bb8b710f3c7731546c786351fef99106d06,3,94194658,1.2191677787743151,1741070105015137,Staked ICX,0.1700008375,sICX,0,1,2025-03-04
cx2609b924e33ef00b648a409245c7ea394c467824,cxa0af3165c08318e988cb30993b3048335b94af6c,cx21e94c08c03daee80c25d8ee3ea22a20786ec231,0x2bfcca4d14b249543d,0xf044501a8635648290f8646d99c36bb8b710f3c7731546c786351fef99106d06,2,94194658,811.42545156365,1741070105015137,Staked ICX,0.1700008375,sICX,0,1,2025-03-04
cx518f64edcd35db9044a2de63fdc10abfd5f7d611,cx21e94c08c03daee80c25d8ee3ea22a20786ec231,cxa0af3165c08318e988cb30993b3048335b94af6c,0xee6b2800,0xf044501a8635648290f8646d99c36bb8b710f3c7731546c786351fef99106d06,1,94194658,400.0,1741070105015137,Stellar,0.1700008375,XLM,0,1,2025-03-04
cx518f64edcd35db9044a2de63fdc10abfd5f7d611,hxd75467e3e4ce64e3424c747dfb71503017440433,cx21e94c08c03daee80c25d8ee3ea22a20786ec231,0xee6b2800,0xf044501a8635648290f8646d99c36bb8b710f3c7731546c786351fef99106d06,0,94194658,400.0,1741070105015137,Stellar,0.1700008375,XLM,0,1,2025-03-04
cxf0a30d09ade391d7b570908b9b46cfa5b3cbc8f8,cxa09dbb60dcb62fffbd232b6eae132d730a2aafa6,hxd75467e3e4ce64e3424c747dfb71503017440433,0x40727b3c52a8429009c,0xff27b80f9060cc180623fd8794ca59fbcedc2899302bdf5acd7717ad0185cfc4,3,94194643,19021.453986969256,1741070075002620,HiYield Treasury Bill Vault,0.050977275,hyTB,0,1,2025-03-04
cx88fd7df7ddff82f7cc735c871dc519838cb235bb,cxa09dbb60dcb62fffbd232b6eae132d730a2aafa6,cx5faae53c4dbd1fbe4a2eb4aab6565030f10da5c6,0x340aad21b3b700000,0xff27b80f9060cc180623fd8794ca59fbcedc2899302bdf5acd7717ad0185cfc4,2,94194643,60.0,1741070075002620,Balanced Dollar,0.050977275,bnUSD,0,1,2025-03-04
cx88fd7df7ddff82f7cc735c871dc519838cb235bb,cxa09dbb60dcb62fffbd232b6eae132d730a2aafa6,hx0000000000000000000000000000000000000000,0x438f316c15a29100000,0xff27b80f9060cc180623fd8794ca59fbcedc2899302bdf5acd7717ad0185cfc4,1,94194643,19940.0,1741070075002620,Balanced Dollar,0.050977275,bnUSD,0,1,2025-03-04
cx88fd7df7ddff82f7cc735c871dc519838cb235bb,hxd75467e3e4ce64e3424c747dfb71503017440433,cxa09dbb60dcb62fffbd232b6eae132d730a2aafa6,0x43c33c1937564800000,0xff27b80f9060cc180623fd8794ca59fbcedc2899302bdf5acd7717ad0185cfc4,0,94194643,20000.0,1741070075002620,Balanced Dollar,0.050977275,bnUSD,0,1,2025-03-04
cx88fd7df7ddff82f7cc735c871dc519838cb235bb,cx21e94c08c03daee80c25d8ee3ea22a20786ec231,hxd75467e3e4ce64e3424c747dfb71503017440433,0x640f66c2b153c8a6f,0xc7b1dd2bc8446743a07c477a17842eb1ab1f6b72f4d3714f294ba9b5d8a75543,9,94194640,115.3615122372512,1741070069154210,Balanced Dollar,0.169999525,bnUSD,0,1,2025-03-04
cx88fd7df7ddff82f7cc735c871dc519838cb235bb,cxa0af3165c08318e988cb30993b3048335b94af6c,cx5faae53c4dbd1fbe4a2eb4aab6565030f10da5c6,0x2688964b113b07d,0xc7b1dd2bc8446743a07c477a17842eb1ab1f6b72f4d3714f294ba9b5d8a75543,7,94194640,0.1735396512143566,1741070069154210,Balanced Dollar,0.169999525,bnUSD,0,1,2025-03-04
cx88fd7df7ddff82f7cc735c871dc519838cb235bb,cxa0af3165c08318e988cb30993b3048335b94af6c,cx21e94c08c03daee80c25d8ee3ea22a20786ec231,0x640f66c2b153c8a6f,0xc7b1dd2bc8446743a07c477a17842eb1ab1f6b72f4d3714f294ba9b5d8a75543,6,94194640,115.3615122372512,1741070069154210,Balanced Dollar,0.169999525,bnUSD,0,1,2025-03-04
cx2609b924e33ef00b648a409245c7ea394c467824,cx21e94c08c03daee80c25d8ee3ea22a20786ec231,cxa0af3165c08318e988cb30993b3048335b94af6c,0x2c1af87c326a6bd6c6,0xc7b1dd2bc8446743a07c477a17842eb1ab1f6b72f4d3714f294ba9b5d8a75543,5,94194640,813.6001790384063,1741070069154210,Staked ICX,0.169999525,sICX,0,1,2025-03-04
cx2609b924e33ef00b648a409245c7ea394c467824,cxa0af3165c08318e988cb30993b3048335b94af6c,cx5faae53c4dbd1fbe4a2eb4aab6565030f10da5c6,0x10f6f47171f3b08f,0xc7b1dd2bc8446743a07c477a17842eb1ab1f6b72f4d3714f294ba9b5d8a75543,3,94194640,1.222433116957946,1741070069154210,Staked ICX,0.169999525,sICX,0,1,2025-03-04
cx2609b924e33ef00b648a409245c7ea394c467824,cxa0af3165c08318e988cb30993b3048335b94af6c,cx21e94c08c03daee80c25d8ee3ea22a20786ec231,0x2c1af87c326a6bd6c6,0xc7b1dd2bc8446743a07c477a17842eb1ab1f6b72f4d3714f294ba9b5d8a75543,2,94194640,813.6001790384063,1741070069154210,Staked ICX,0.169999525,sICX,0,1,2025-03-04
cx518f64edcd35db9044a2de63fdc10abfd5f7d611,cx21e94c08c03daee80c25d8ee3ea22a20786ec231,cxa0af3165c08318e988cb30993b3048335b94af6c,0xee6b2800,0xc7b1dd2bc8446743a07c477a17842eb1ab1f6b72f4d3714f294ba9b5d8a75543,1,94194640,400.0,1741070069154210,Stellar,0.169999525,XLM,0,1,2025-03-04
cx518f64edcd35db9044a2de63fdc10abfd5f7d611,hxd75467e3e4ce64e3424c747dfb71503017440433,cx21e94c08c03daee80c25d8ee3ea22a20786ec231,0xee6b2800,0xc7b1dd2bc8446743a07c477a17842eb1ab1f6b72f4d3714f294ba9b5d8a75543,0,94194640,400.0,1741070069154210,Stellar,0.169999525,XLM,0,1,2025-03-04
cx88fd7df7ddff82f7cc735c871dc519838cb235bb,cxd82fb5d3effecd8c9071a4bba3856ad7222c4b91,hxd75467e3e4ce64e3424c747dfb71503017440433,0x4ca4d82c7ab62a30000,0x9bf3c098b101dc0956d50f6f826681e8e0ba4426986979a2fe3c680a90534292,0,94194639,22621.29348039471,1741070067211898,Balanced Dollar,0.02069725,bnUSD,0,1,2025-03-04
cx88fd7df7ddff82f7cc735c871dc519838cb235bb,cx21e94c08c03daee80c25d8ee3ea22a20786ec231,hxd75467e3e4ce64e3424c747dfb71503017440433,0x645b0cc91ecf27d00,0xb0ab9393d8aa5a89f1ba85eab183982c06d0e28d7932432c645de3009a4c589e,9,94194625,115.70220295389305,1741070039215866,Balanced Dollar,0.169999525,bnUSD,0,1,2025-03-04
cx88fd7df7ddff82f7cc735c871dc519838cb235bb,cxa0af3165c08318e988cb30993b3048335b94af6c,cx5faae53c4dbd1fbe4a2eb4aab6565030f10da5c6,0x26a5b7436ebe98c,0xb0ab9393d8aa5a89f1ba85eab183982c06d0e28d7932432c645de3009a4c589e,7,94194625,0.17405209030294977,1741070039215866,Balanced Dollar,0.169999525,bnUSD,0,1,2025-03-04
cx88fd7df7ddff82f7cc735c871dc519838cb235bb,cxa0af3165c08318e988cb30993b3048335b94af6c,cx21e94c08c03daee80c25d8ee3ea22a20786ec231,0x645b0cc91ecf27d00,0xb0ab9393d8aa5a89f1ba85eab183982c06d0e28d7932432c645de3009a4c589e,6,94194625,115.70220295389305,1741070039215866,Balanced Dollar,0.169999525,bnUSD,0,1,2025-03-04
cx2609b924e33ef00b648a409245c7ea394c467824,cx21e94c08c03daee80c25d8ee3ea22a20786ec231,cxa0af3165c08318e988cb30993b3048335b94af6c,0x2c3945c78bb5849718,0xb0ab9393d8aa5a89f1ba85eab183982c06d0e28d7932432c645de3009a4c589e,5,94194625,815.783663279635,1741070039215866,Staked ICX,0.169999525,sICX,0,1,2025-03-04
cx2609b924e33ef00b648a409245c7ea394c467824,cxa0af3165c08318e988cb30993b3048335b94af6c,cx5faae53c4dbd1fbe4a2eb4aab6565030f10da5c6,0x11029a337cf7e69a,0xb0ab9393d8aa5a89f1ba85eab183982c06d0e28d7932432c645de3009a4c589e,3,94194625,1.225711594528827,1741070039215866,Staked ICX,0.169999525,sICX,0,1,2025-03-04
cx2609b924e33ef00b648a409245c7ea394c467824,cxa0af3165c08318e988cb30993b3048335b94af6c,cx21e94c08c03daee80c25d8ee3ea22a20786ec231,0x2c3945c78bb5849718,0xb0ab9393d8aa5a89f1ba85eab183982c06d0e28d7932432c645de3009a4c589e,2,94194625,815.783663279635,1741070039215866,Staked ICX,0.169999525,sICX,0,1,2025-03-04
cx518f64edcd35db9044a2de63fdc10abfd5f7d611,cx21e94c08c03daee80c25d8ee3ea22a20786ec231,cxa0af3165c08318e988cb30993b3048335b94af6c,0xee6b2800,0xb0ab9393d8aa5a89f1ba85eab183982c06d0e28d7932432c645de3009a4c589e,1,94194625,400.0,1741070039215866,Stellar,0.169999525,XLM,0,1,2025-03-04
cx518f64edcd35db9044a2de63fdc10abfd5f7d611,hxd75467e3e4ce64e3424c747dfb71503017440433,cx21e94c08c03daee80c25d8ee3ea22a20786ec231,0xee6b2800,0xb0ab9393d8aa5a89f1ba85eab183982c06d0e28d7932432c645de3009a4c589e,0,94194625,400.0,1741070039215866,Stellar,0.169999525,XLM,0,1,2025-03-04
cx88fd7df7ddff82f7cc735c871dc519838cb235bb,cx21e94c08c03daee80c25d8ee3ea22a20786ec231,hxd75467e3e4ce64e3424c747dfb71503017440433,0x64a708be98e3e4283,0x14e7a1129de5739871dfc29eb57581c1218c06ef0d46ac17aa65d95dc8eea491,9,94194619,116.04440543368565,1741070027141892,Balanced Dollar,0.169999525,bnUSD,0,1,2025-03-04
cx88fd7df7ddff82f7cc735c871dc519838cb235bb,cxa0af3165c08318e988cb30993b3048335b94af6c,cx5faae53c4dbd1fbe4a2eb4aab6565030f10da5c6,0x26c2f9513829cc6,0x14e7a1129de5739871dfc29eb57581c1218c06ef0d46ac17aa65d95dc8eea491,7,94194619,0.17456680288456622,1741070027141892,Balanced Dollar,0.169999525,bnUSD,0,1,2025-03-04
cx88fd7df7ddff82f7cc735c871dc519838cb235bb,cxa0af3165c08318e988cb30993b3048335b94af6c,cx21e94c08c03daee80c25d8ee3ea22a20786ec231,0x64a708be98e3e4283,0x14e7a1129de5739871dfc29eb57581c1218c06ef0d46ac17aa65d95dc8eea491,6,94194619,116.04440543368565,1741070027141892,Balanced Dollar,0.169999525,bnUSD,0,1,2025-03-04
cx2609b924e33ef00b648a409245c7ea394c467824,cx21e94c08c03daee80c25d8ee3ea22a20786ec231,cxa0af3165c08318e988cb30993b3048335b94af6c,0x2c57b259f2d21b36a1,0x14e7a1129de5739871dfc29eb57581c1218c06ef0d46ac17aa65d95dc8eea491,5,94194619,817.9759513698165,1741070027141892,Staked ICX,0.169999525,sICX,0,1,2025-03-04
cx2609b924e33ef00b648a409245c7ea394c467824,cxa0af3165c08318e988cb30993b3048335b94af6c,cx5faae53c4dbd1fbe4a2eb4aab6565030f10da5c6,0x110e4bf938850eac,0x14e7a1129de5739871dfc29eb57581c1218c06ef0d46ac17aa65d95dc8eea491,3,94194619,1.229003282085908,1741070027141892,Staked ICX,0.169999525,sICX,0,1,2025-03-04
cx2609b924e33ef00b648a409245c7ea394c467824,cxa0af3165c08318e988cb30993b3048335b94af6c,cx21e94c08c03daee80c25d8ee3ea22a20786ec231,0x2c57b259f2d21b36a1,0x14e7a1129de5739871dfc29eb57581c1218c06ef0d46ac17aa65d95dc8eea491,2,94194619,817.9759513698165,1741070027141892,Staked ICX,0.169999525,sICX,0,1,2025-03-04
cx518f64edcd35db9044a2de63fdc10abfd5f7d611,cx21e94c08c03daee80c25d8ee3ea22a20786ec231,cxa0af3165c08318e988cb30993b3048335b94af6c,0xee6b2800,0x14e7a1129de5739871dfc29eb57581c1218c06ef0d46ac17aa65d95dc8eea491,1,94194619,400.0,1741070027141892,Stellar,0.169999525,XLM,0,1,2025-03-04
cx518f64edcd35db9044a2de63fdc10abfd5f7d611,hxd75467e3e4ce64e3424c747dfb71503017440433,cx21e94c08c03daee80c25d8ee3ea22a20786ec231,0xee6b2800,0x14e7a1129de5739871dfc29eb57581c1218c06ef0d46ac17aa65d95dc8eea491,0,94194619,400.0,1741070027141892,Stellar,0.169999525,XLM,0,1,2025-03-04
cx88fd7df7ddff82f7cc735c871dc519838cb235bb,cx21e94c08c03daee80c25d8ee3ea22a20786ec231,hxd75467e3e4ce64e3424c747dfb71503017440433,0x64f35b257c3af2d81,0x43ded171de2c8902b091fecd7dec383cbc2a69acf51e05d98160efdf10c240dd,9,94194610,116.38812863503422,1741070008978229,Balanced Dollar,0.169999525,bnUSD,0,2,2025-03-04
cx88fd7df7ddff82f7cc735c871dc519838cb235bb,cxa0af3165c08318e988cb30993b3048335b94af6c,cx5faae53c4dbd1fbe4a2eb4aab6565030f10da5c6,0x26e05ca69b0e770,0x43ded171de2c8902b091fecd7dec383cbc2a69acf51e05d98160efdf10c240dd,7,94194610,0.17508380242876198,1741070008978229,Balanced Dollar,0.169999525,bnUSD,0,2,2025-03-04
cx88fd7df7ddff82f7cc735c871dc519838cb235bb,cxa0af3165c08318e988cb30993b3048335b94af6c,cx21e94c08c03daee80c25d8ee3ea22a20786ec231,0x64f35b257c3af2d81,0x43ded171de2c8902b091fecd7dec383cbc2a69acf51e05d98160efdf10c240dd,6,94194610,116.38812863503422,1741070008978229,Balanced Dollar,0.169999525,bnUSD,0,2,2025-03-04
cx2609b924e33ef00b648a409245c7ea394c467824,cx21e94c08c03daee80c25d8ee3ea22a20786ec231,cxa0af3165c08318e988cb30993b3048335b94af6c,0x2c763e5e83c68ae7f6,0x43ded171de2c8902b091fecd7dec383cbc2a69acf51e05d98160efdf10c240dd,5,94194610,820.1770907083165,1741070008978229,Staked ICX,0.169999525,sICX,0,2,2025-03-04
cx2609b924e33ef00b648a409245c7ea394c467824,cxa0af3165c08318e988cb30993b3048335b94af6c,cx5faae53c4dbd1fbe4a2eb4aab6565030f10da5c6,0x111a09d330ef236e,0x43ded171de2c8902b091fecd7dec383cbc2a69acf51e05d98160efdf10c240dd,3,94194610,1.23230825070298,1741070008978229,Staked ICX,0.169999525,sICX,0,2,2025-03-04
cx2609b924e33ef00b648a409245c7ea394c467824,cxa0af3165c08318e988cb30993b3048335b94af6c,cx21e94c08c03daee80c25d8ee3ea22a20786ec231,0x2c763e5e83c68ae7f6,0x43ded171de2c8902b091fecd7dec383cbc2a69acf51e05d98160efdf10c240dd,2,94194610,820.1770907083165,1741070008978229,Staked ICX,0.169999525,sICX,0,2,2025-03-04
cx518f64edcd35db9044a2de63fdc10abfd5f7d611,cx21e94c08c03daee80c25d8ee3ea22a20786ec231,cxa0af3165c08318e988cb30993b3048335b94af6c,0xee6b2800,0x43ded171de2c8902b091fecd7dec383cbc2a69acf51e05d98160efdf10c240dd,1,94194610,400.0,1741070008978229,Stellar,0.169999525,XLM,0,2,2025-03-04
cx518f64edcd35db9044a2de63fdc10abfd5f7d611,hxd75467e3e4ce64e3424c747dfb71503017440433,cx21e94c08c03daee80c25d8ee3ea22a20786ec231,0xee6b2800,0x43ded171de2c8902b091fecd7dec383cbc2a69acf51e05d98160efdf10c240dd,0,94194610,400.0,1741070008978229,Stellar,0.169999525,XLM,0,2,2025-03-04
cx88fd7df7ddff82f7cc735c871dc519838cb235bb,cxa0af3165c08318e988cb30993b3048335b94af6c,cx5faae53c4dbd1fbe4a2eb4aab6565030f10da5c6,0x2978151c77a96be,0x6d66a02fe374a5bc238b32a4b9baf251d9ae706e060ce8f10adcc7e47270f487,2,94194602,0.18676009779819897,1741069992973093,Balanced Dollar,0.0473825625,bnUSD,0,1,2025-03-04
cx88fd7df7ddff82f7cc735c871dc519838cb235bb,cxa0af3165c08318e988cb30993b3048335b94af6c,hxd75467e3e4ce64e3424c747dfb71503017440433,0x6bba0f72b3edafb7c,0x6d66a02fe374a5bc238b32a4b9baf251d9ae706e060ce8f10adcc7e47270f487,1,94194602,124.20054228873373,1741069992973093,Balanced Dollar,0.0473825625,bnUSD,0,1,2025-03-04
cx508002ec116fbf3ab406329c0df28e70d7e75fb3,hxd75467e3e4ce64e3424c747dfb71503017440433,cxa0af3165c08318e988cb30993b3048335b94af6c,0xba43b7400,0x6d66a02fe374a5bc238b32a4b9baf251d9ae706e060ce8f10adcc7e47270f487,0,94194602,50.0,1741069992973093,Sui,0.0473825625,SUI,0,1,2025-03-04
cx88fd7df7ddff82f7cc735c871dc519838cb235bb,cx21e94c08c03daee80c25d8ee3ea22a20786ec231,hxd75467e3e4ce64e3424c747dfb71503017440433,0x654004811d11ab2ba,0xf5d08bb0efa56ae7eb204ecd0cf286fa0c3be2eb1e3e9402f845ca2d550e1b0d,9,94194598,116.73338158280309,1741069984972779,Balanced Dollar,0.1700183375,bnUSD,0,1,2025-03-04
cx88fd7df7ddff82f7cc735c871dc519838cb235bb,cxa0af3165c08318e988cb30993b3048335b94af6c,cx5faae53c4dbd1fbe4a2eb4aab6565030f10da5c6,0x26fde1762444a77,0xf5d08bb0efa56ae7eb204ecd0cf286fa0c3be2eb1e3e9402f845ca2d550e1b0d,7,94194598,0.17560310250499545,1741069984972779,Balanced Dollar,0.1700183375,bnUSD,0,1,2025-03-04
cx88fd7df7ddff82f7cc735c871dc519838cb235bb,cxa0af3165c08318e988cb30993b3048335b94af6c,cx21e94c08c03daee80c25d8ee3ea22a20786ec231,0x654004811d11ab2ba,0xf5d08bb0efa56ae7eb204ecd0cf286fa0c3be2eb1e3e9402f845ca2d550e1b0d,6,94194598,116.73338158280309,1741069984972779,Balanced Dollar,0.1700183375,bnUSD,0,1,2025-03-04
cx2609b924e33ef00b648a409245c7ea394c467824,cx21e94c08c03daee80c25d8ee3ea22a20786ec231,cxa0af3165c08318e988cb30993b3048335b94af6c,0x2c94ea00a4f9c54394,0xf5d08bb0efa56ae7eb204ecd0cf286fa0c3be2eb1e3e9402f845ca2d550e1b0d,5,94194598,822.387129013949,1741069984972779,Staked ICX,0.1700183375,sICX,0,1,2025-03-04
cx2609b924e33ef00b648a409245c7ea394c467824,cxa0af3165c08318e988cb30993b3048335b94af6c,cx5faae53c4dbd1fbe4a2eb4aab6565030f10da5c6,0x1125d3d20f122d4d,0xf5d08bb0efa56ae7eb204ecd0cf286fa0c3be2eb1e3e9402f845ca2d550e1b0d,3,94194598,1.2356265719325115,1741069984972779,Staked ICX,0.1700183375,sICX,0,1,2025-03-04
cx2609b924e33ef00b648a409245c7ea394c467824,cxa0af3165c08318e988cb30993b3048335b94af6c,cx21e94c08c03daee80c25d8ee3ea22a20786ec231,0x2c94ea00a4f9c54394,0xf5d08bb0efa56ae7eb204ecd0cf286fa0c3be2eb1e3e9402f845ca2d550e1b0d,2,94194598,822.387129013949,1741069984972779,Staked ICX,0.1700183375,sICX,0,1,2025-03-04
cx518f64edcd35db9044a2de63fdc10abfd5f7d611,cx21e94c08c03daee80c25d8ee3ea22a20786ec231,cxa0af3165c08318e988cb30993b3048335b94af6c,0xee6b2800,0xf5d08bb0efa56ae7eb204ecd0cf286fa0c3be2eb1e3e9402f845ca2d550e1b0d,1,94194598,400.0,1741069984972779,Stellar,0.1700183375,XLM,0,1,2025-03-04
cx518f64edcd35db9044a2de63fdc10abfd5f7d611,hxd75467e3e4ce64e3424c747dfb71503017440433,cx21e94c08c03daee80c25d8ee3ea22a20786ec231,0xee6b2800,0xf5d08bb0efa56ae7eb204ecd0cf286fa0c3be2eb1e3e9402f845ca2d550e1b0d,0,94194598,400.0,1741069984972779,Stellar,0.1700183375,XLM,0,1,2025-03-04
cx88fd7df7ddff82f7cc735c871dc519838cb235bb,cx21e94c08c03daee80c25d8ee3ea22a20786ec231,hxd75467e3e4ce64e3424c747dfb71503017440433,0x658d0555c96ede373,0xebb845fb4618a5bdec11a0e9dd203936a9c33a977e40f41c12995579d08550bd,16,94194588,117.0801733689083,1741069964959706,Balanced Dollar,0.3689230875,bnUSD,0,1,2025-03-04
cx88fd7df7ddff82f7cc735c871dc519838cb235bb,cxa0af3165c08318e988cb30993b3048335b94af6c,cx5faae53c4dbd1fbe4a2eb4aab6565030f10da5c6,0x271b87f2c0c40e0,0xebb845fb4618a5bdec11a0e9dd203936a9c33a977e40f41c12995579d08550bd,14,94194588,0.17612471678351793,1741069964959706,Balanced Dollar,0.3689230875,bnUSD,0,1,2025-03-04
cx88fd7df7ddff82f7cc735c871dc519838cb235bb,cxa0af3165c08318e988cb30993b3048335b94af6c,cx21e94c08c03daee80c25d8ee3ea22a20786ec231,0x658d0555c96ede373,0xebb845fb4618a5bdec11a0e9dd203936a9c33a977e40f41c12995579d08550bd,13,94194588,117.0801733689083,1741069964959706,Balanced Dollar,0.3689230875,bnUSD,0,1,2025-03-04
cx2609b924e33ef00b648a409245c7ea394c467824,cx21e94c08c03daee80c25d8ee3ea22a20786ec231,cxa0af3165c08318e988cb30993b3048335b94af6c,0x2cb3b56c07cd86a05b,0xebb845fb4618a5bdec11a0e9dd203936a9c33a977e40f41c12995579d08550bd,12,94194588,824.6061143275628,1741069964959706,Staked ICX,0.3689230875,sICX,0,1,2025-03-04
cx2609b924e33ef00b648a409245c7ea394c467824,cx203d9cd2a669be67177e997b8948ce2c35caffae,cx835b300dcfe01f0bdb794e134a0c5628384f4367,0x604951be897e172,0xebb845fb4618a5bdec11a0e9dd203936a9c33a977e40f41c12995579d08550bd,9,94194588,0.4336354112333336,1741069964959706,Staked ICX,0.3689230875,sICX,0,1,2025-03-04
cx2609b924e33ef00b648a409245c7ea394c467824,cx5faae53c4dbd1fbe4a2eb4aab6565030f10da5c6,cx203d9cd2a669be67177e997b8948ce2c35caffae,0x898d5034c46afc8,0xebb845fb4618a5bdec11a0e9dd203936a9c33a977e40f41c12995579d08550bd,6,94194588,0.6194791589047624,1741069964959706,Staked ICX,0.3689230875,sICX,0,1,2025-03-04
cx2609b924e33ef00b648a409245c7ea394c467824,cx5faae53c4dbd1fbe4a2eb4aab6565030f10da5c6,cxdc30a0d3a1f131565c071272a20bc0b06fd4c17b,0x898d5034c46afc8,0xebb845fb4618a5bdec11a0e9dd203936a9c33a977e40f41c12995579d08550bd,4,94194588,0.6194791589047624,1741069964959706,Staked ICX,0.3689230875,sICX,0,1,2025-03-04
cx2609b924e33ef00b648a409245c7ea394c467824,cxa0af3165c08318e988cb30993b3048335b94af6c,cx5faae53c4dbd1fbe4a2eb4aab6565030f10da5c6,0x1131aa06988d5f90,0xebb845fb4618a5bdec11a0e9dd203936a9c33a977e40f41c12995579d08550bd,3,94194588,1.2389583178095247,1741069964959706,Staked ICX,0.3689230875,sICX,0,1,2025-03-04
cx2609b924e33ef00b648a409245c7ea394c467824,cxa0af3165c08318e988cb30993b3048335b94af6c,cx21e94c08c03daee80c25d8ee3ea22a20786ec231,0x2cb3b56c07cd86a05b,0xebb845fb4618a5bdec11a0e9dd203936a9c33a977e40f41c12995579d08550bd,2,94194588,824.6061143275628,1741069964959706,Staked ICX,0.3689230875,sICX,0,1,2025-03-04
cx518f64edcd35db9044a2de63fdc10abfd5f7d611,cx21e94c08c03daee80c25d8ee3ea22a20786ec231,cxa0af3165c08318e988cb30993b3048335b94af6c,0xee6b2800,0xebb845fb4618a5bdec11a0e9dd203936a9c33a977e40f41c12995579d08550bd,1,94194588,400.0,1741069964959706,Stellar,0.3689230875,XLM,0,1,2025-03-04
cx518f64edcd35db9044a2de63fdc10abfd5f7d611,hxd75467e3e4ce64e3424c747dfb71503017440433,cx21e94c08c03daee80c25d8ee3ea22a20786ec231,0xee6b2800,0xebb845fb4618a5bdec11a0e9dd203936a9c33a977e40f41c12995579d08550bd,0,94194588,400.0,1741069964959706,Stellar,0.3689230875,XLM,0,1,2025-03-04
cx518f64edcd35db9044a2de63fdc10abfd5f7d611,hx0000000000000000000000000000000000000000,hxd75467e3e4ce64e3424c747dfb71503017440433,0x6fca32b3d,0x93f715429cbfbfb0dd04cdffdaa5b095341de3a5fba1d32e7e867c6142412086,1,94194558,3000.8355645,1741069904940415,Stellar,0.0238688,XLM,0,1,2025-03-04
cx88fd7df7ddff82f7cc735c871dc519838cb235bb,cxa0af3165c08318e988cb30993b3048335b94af6c,cx5faae53c4dbd1fbe4a2eb4aab6565030f10da5c6,0x298397e9a14bc1d,0x6ec75d2c3bbf96ec257f32c75768be931794cc45b44d99531792447f852c805f,2,94194380,0.18696260044958826,1741069548819827,Balanced Dollar,0.0473865625,bnUSD,0,1,2025-03-04
cx88fd7df7ddff82f7cc735c871dc519838cb235bb,cxa0af3165c08318e988cb30993b3048335b94af6c,hxd75467e3e4ce64e3424c747dfb71503017440433,0x6bd7f89e10b64308f,0x6ec75d2c3bbf96ec257f32c75768be931794cc45b44d99531792447f852c805f,1,94194380,124.3352486371197,1741069548819827,Balanced Dollar,0.0473865625,bnUSD,0,1,2025-03-04
cx508002ec116fbf3ab406329c0df28e70d7e75fb3,hxd75467e3e4ce64e3424c747dfb71503017440433,cxa0af3165c08318e988cb30993b3048335b94af6c,0xba43b7400,0x6ec75d2c3bbf96ec257f32c75768be931794cc45b44d99531792447f852c805f,0,94194380,50.0,1741069548819827,Sui,0.0473865625,SUI,0,1,2025-03-04
cx88fd7df7ddff82f7cc735c871dc519838cb235bb,cxa0af3165c08318e988cb30993b3048335b94af6c,cx5faae53c4dbd1fbe4a2eb4aab6565030f10da5c6,0x298f1f82b898a53,0x7c8c85882d9dc76a792846b071aef95807e0613ed4b123f883ec4308398c07a2,2,94194374,0.18716543272049313,1741069536801292,Balanced Dollar,0.0473865625,bnUSD,0,1,2025-03-04
cx88fd7df7ddff82f7cc735c871dc519838cb235bb,cxa0af3165c08318e988cb30993b3048335b94af6c,hxd75467e3e4ce64e3424c747dfb71503017440433,0x6bf5ee4107141a5aa,0x7c8c85882d9dc76a792846b071aef95807e0613ed4b123f883ec4308398c07a2,1,94194374,124.47017431058309,1741069536801292,Balanced Dollar,0.0473865625,bnUSD,0,1,2025-03-04
cx508002ec116fbf3ab406329c0df28e70d7e75fb3,hxd75467e3e4ce64e3424c747dfb71503017440433,cxa0af3165c08318e988cb30993b3048335b94af6c,0xba43b7400,0x7c8c85882d9dc76a792846b071aef95807e0613ed4b123f883ec4308398c07a2,0,94194374,50.0,1741069536801292,Sui,0.0473865625,SUI,0,1,2025-03-04
cx88fd7df7ddff82f7cc735c871dc519838cb235bb,cxa0af3165c08318e988cb30993b3048335b94af6c,cx5faae53c4dbd1fbe4a2eb4aab6565030f10da5c6,0x299aabea6840efa,0xc2fb3e10185314e7918b8882128e04b1c0f527d04b662b3e5e5089db87339979,2,94194362,0.18736859532676683,1741069512915654,Balanced Dollar,0.04738925,bnUSD,0,1,2025-03-04
cx88fd7df7ddff82f7cc735c871dc519838cb235bb,cxa0af3165c08318e988cb30993b3048335b94af6c,hxd75467e3e4ce64e3424c747dfb71503017440433,0x6c13f06285f17652e,0xc2fb3e10185314e7918b8882128e04b1c0f527d04b662b3e5e5089db87339979,1,94194362,124.605319785574,1741069512915654,Balanced Dollar,0.04738925,bnUSD,0,1,2025-03-04
cx508002ec116fbf3ab406329c0df28e70d7e75fb3,hxd75467e3e4ce64e3424c747dfb71503017440433,cxa0af3165c08318e988cb30993b3048335b94af6c,0xba43b7400,0xc2fb3e10185314e7918b8882128e04b1c0f527d04b662b3e5e5089db87339979,0,94194362,50.0,1741069512915654,Sui,0.04738925,SUI,0,1,2025-03-04
cx88fd7df7ddff82f7cc735c871dc519838cb235bb,cxa0af3165c08318e988cb30993b3048335b94af6c,cx5faae53c4dbd1fbe4a2eb4aab6565030f10da5c6,0x29a63d235cd0378,0xfb1137d291ca1a59f477ea5f580bfde45af479ce9b20eb23c32f63c5fdc8d1de,2,94194356,0.1875720889862071,1741069500783940,Balanced Dollar,0.04738525,bnUSD,0,1,2025-03-04
cx88fd7df7ddff82f7cc735c871dc519838cb235bb,cxa0af3165c08318e988cb30993b3048335b94af6c,hxd75467e3e4ce64e3424c747dfb71503017440433,0x6c31ff09810b307d0,0xfb1137d291ca1a59f477ea5f580bfde45af479ce9b20eb23c32f63c5fdc8d1de,1,94194356,124.74068553983714,1741069500783940,Balanced Dollar,0.04738525,bnUSD,0,1,2025-03-04
cx508002ec116fbf3ab406329c0df28e70d7e75fb3,hxd75467e3e4ce64e3424c747dfb71503017440433,cxa0af3165c08318e988cb30993b3048335b94af6c,0xba43b7400,0xfb1137d291ca1a59f477ea5f580bfde45af479ce9b20eb23c32f63c5fdc8d1de,0,94194356,50.0,1741069500783940,Sui,0.04738525,SUI,0,1,2025-03-04
cx508002ec116fbf3ab406329c0df28e70d7e75fb3,hx0000000000000000000000000000000000000000,hxd75467e3e4ce64e3424c747dfb71503017440433,0xae9854be00,0x9a9490c26ea04e2aa684275a70923a6d3fc2ea0216799c335fda6bc9f608c194,1,94194330,749.88,1741069448764669,Sui,0.0239955375,SUI,0,1,2025-03-04
cx88fd7df7ddff82f7cc735c871dc519838cb235bb,cxa0af3165c08318e988cb30993b3048335b94af6c,hx4dc7903504bb800a462378348a42f53742759e0b,0x2171fc2a19949e8,0xdf8b1d8669a6c43c24bd7486d3b8dde30b8934a991f38eaffed0d694354bc8d6,3,94194279,0.15062403333549515,1741069346731273,Balanced Dollar,0.0347677125,bnUSD,0,3,2025-03-04
cx66a031cc3bd305c76371fb586e93801b948254f0,hx4dc7903504bb800a462378348a42f53742759e0b,cxa0af3165c08318e988cb30993b3048335b94af6c,0x2372eb5bda591400,0x77b57fc3ce9c8bafe778f2b2b70dd429a880c019bfdef332cde99adb6c98109c,0,94194279,2.5543627184103146,1741069346731273,Avalanche,0.0216072,AVAX,0,2,2025-03-04
cx88fd7df7ddff82f7cc735c871dc519838cb235bb,hx4dc7903504bb800a462378348a42f53742759e0b,cxa0af3165c08318e988cb30993b3048335b94af6c,0x2ce8003d4d2890000,0xe152d933d3afff3346f808da57d3d2049919764698690858f68adcc67bc46d10,0,94194279,51.773385528851364,1741069346731273,Balanced Dollar,0.02221895,bnUSD,0,1,2025-03-04
cx66a031cc3bd305c76371fb586e93801b948254f0,cx21e94c08c03daee80c25d8ee3ea22a20786ec231,hx4dc7903504bb800a462378348a42f53742759e0b,0x2377751c0cbc58f8,0xc918d15d42d426a235f79adf75f3bcc6f112e55b6d71f7aba1b569c02dfe1353,12,94194277,2.55564007688925,1741069342730003,Avalanche,0.2288446625,AVAX,0,2,2025-03-04
cx88fd7df7ddff82f7cc735c871dc519838cb235bb,cxa0af3165c08318e988cb30993b3048335b94af6c,cx5faae53c4dbd1fbe4a2eb4aab6565030f10da5c6,0x11402415822bfe6,0xc918d15d42d426a235f79adf75f3bcc6f112e55b6d71f7aba1b569c02dfe1353,10,94194277,0.0776895732469432,1741069342730003,Balanced Dollar,0.2288446625,bnUSD,0,2,2025-03-04
cx66a031cc3bd305c76371fb586e93801b948254f0,cxa0af3165c08318e988cb30993b3048335b94af6c,cx21e94c08c03daee80c25d8ee3ea22a20786ec231,0x2377751c0cbc58f8,0xc918d15d42d426a235f79adf75f3bcc6f112e55b6d71f7aba1b569c02dfe1353,9,94194277,2.55564007688925,1741069342730003,Avalanche,0.2288446625,AVAX,0,2,2025-03-04
cx88fd7df7ddff82f7cc735c871dc519838cb235bb,cx21e94c08c03daee80c25d8ee3ea22a20786ec231,cxa0af3165c08318e988cb30993b3048335b94af6c,0x2cec5df802fd3be76,0xc918d15d42d426a235f79adf75f3bcc6f112e55b6d71f7aba1b569c02dfe1353,8,94194277,51.79304883129547,1741069342730003,Balanced Dollar,0.2288446625,bnUSD,0,2,2025-03-04
cx88fd7df7ddff82f7cc735c871dc519838cb235bb,cxa0af3165c08318e988cb30993b3048335b94af6c,cx5faae53c4dbd1fbe4a2eb4aab6565030f10da5c6,0x114d2993292e873,0xc918d15d42d426a235f79adf75f3bcc6f112e55b6d71f7aba1b569c02dfe1353,6,94194277,0.07791864899245887,1741069342730003,Balanced Dollar,0.2288446625,bnUSD,0,2,2025-03-04
cx88fd7df7ddff82f7cc735c871dc519838cb235bb,cxa0af3165c08318e988cb30993b3048335b94af6c,cx21e94c08c03daee80c25d8ee3ea22a20786ec231,0x2cec5df802fd3be76,0xc918d15d42d426a235f79adf75f3bcc6f112e55b6d71f7aba1b569c02dfe1353,5,94194277,51.79304883129547,1741069342730003,Balanced Dollar,0.2288446625,bnUSD,0,2,2025-03-04
cx2609b924e33ef00b648a409245c7ea394c467824,cx21e94c08c03daee80c25d8ee3ea22a20786ec231,cxa0af3165c08318e988cb30993b3048335b94af6c,0x13c563a5b62a352033,0xc918d15d42d426a235f79adf75f3bcc6f112e55b6d71f7aba1b569c02dfe1353,4,94194277,364.71153165045837,1741069342730003,Staked ICX,0.2288446625,sICX,0,2,2025-03-04
cx2609b924e33ef00b648a409245c7ea394c467824,hx0000000000000000000000000000000000000000,cx21e94c08c03daee80c25d8ee3ea22a20786ec231,0x13c563a5b62a352033,0xc918d15d42d426a235f79adf75f3bcc6f112e55b6d71f7aba1b569c02dfe1353,2,94194277,364.71153165045837,1741069342730003,Staked ICX,0.2288446625,sICX,0,2,2025-03-04
cx88fd7df7ddff82f7cc735c871dc519838cb235bb,cx21e94c08c03daee80c25d8ee3ea22a20786ec231,hx4dc7903504bb800a462378348a42f53742759e0b,0x2cedc076b42f0d020,0x7df1dcf9c4d2a23aea51f059025d32b1f8208bc22d50900550b45b1c60a7f1e8,8,94194277,51.79928517137458,1741069342730003,Balanced Dollar,0.1713480375,bnUSD,0,1,2025-03-04
cx88fd7df7ddff82f7cc735c871dc519838cb235bb,cxa0af3165c08318e988cb30993b3048335b94af6c,cx5faae53c4dbd1fbe4a2eb4aab6565030f10da5c6,0x114db219206ef62,0x7df1dcf9c4d2a23aea51f059025d32b1f8208bc22d50900550b45b1c60a7f1e8,6,94194277,0.0779280308024728,1741069342730003,Balanced Dollar,0.1713480375,bnUSD,0,1,2025-03-04
cx88fd7df7ddff82f7cc735c871dc519838cb235bb,cxa0af3165c08318e988cb30993b3048335b94af6c,cx21e94c08c03daee80c25d8ee3ea22a20786ec231,0x2cedc076b42f0d020,0x7df1dcf9c4d2a23aea51f059025d32b1f8208bc22d50900550b45b1c60a7f1e8,5,94194277,51.79928517137458,1741069342730003,Balanced Dollar,0.1713480375,bnUSD,0,1,2025-03-04
cx2609b924e33ef00b648a409245c7ea394c467824,cx21e94c08c03daee80c25d8ee3ea22a20786ec231,cxa0af3165c08318e988cb30993b3048335b94af6c,0x13c563a5b62a352033,0x7df1dcf9c4d2a23aea51f059025d32b1f8208bc22d50900550b45b1c60a7f1e8,4,94194277,364.71153165045837,1741069342730003,Staked ICX,0.1713480375,sICX,0,1,2025-03-04
cx2609b924e33ef00b648a409245c7ea394c467824,hx0000000000000000000000000000000000000000,cx21e94c08c03daee80c25d8ee3ea22a20786ec231,0x13c563a5b62a352033,0x7df1dcf9c4d2a23aea51f059025d32b1f8208bc22d50900550b45b1c60a7f1e8,2,94194277,364.71153165045837,1741069342730003,Staked ICX,0.1713480375,sICX,0,1,2025-03-04
cx88fd7df7ddff82f7cc735c871dc519838cb235bb,cxa0af3165c08318e988cb30993b3048335b94af6c,cx5faae53c4dbd1fbe4a2eb4aab6565030f10da5c6,0x29b1d33044ae5c6,0x40b58be17967eae61be6216cee0d8fb5e4ce5deb264d64d0203ad5ebab5207a8,2,94194246,0.1877759144185625,1741069280712210,Balanced Dollar,0.0473839375,bnUSD,0,1,2025-03-04
cx88fd7df7ddff82f7cc735c871dc519838cb235bb,cxa0af3165c08318e988cb30993b3048335b94af6c,hxd75467e3e4ce64e3424c747dfb71503017440433,0x6c501a3cf0f4c26a1,0x40b58be17967eae61be6216cee0d8fb5e4ce5deb264d64d0203ad5ebab5207a8,1,94194246,124.87627205241603,1741069280712210,Balanced Dollar,0.0473839375,bnUSD,0,1,2025-03-04
cx508002ec116fbf3ab406329c0df28e70d7e75fb3,hxd75467e3e4ce64e3424c747dfb71503017440433,cxa0af3165c08318e988cb30993b3048335b94af6c,0xba43b7400,0x40b58be17967eae61be6216cee0d8fb5e4ce5deb264d64d0203ad5ebab5207a8,0,94194246,50.0,1741069280712210,Sui,0.0473839375,SUI,0,1,2025-03-04
cx88fd7df7ddff82f7cc735c871dc519838cb235bb,cxa0af3165c08318e988cb30993b3048335b94af6c,cx5faae53c4dbd1fbe4a2eb4aab6565030f10da5c6,0x29bd6e13d021151,0x546a8e339f18d724aa5fc77512d77654bc3ebc63d048ebcd7ac1da74e78f2c9e,2,94194241,0.1879800723455389,1741069270709514,Balanced Dollar,0.0473839375,bnUSD,0,1,2025-03-04
cx88fd7df7ddff82f7cc735c871dc519838cb235bb,cxa0af3165c08318e988cb30993b3048335b94af6c,hxd75467e3e4ce64e3424c747dfb71503017440433,0x6c6e4203d31c50be6,0x546a8e339f18d724aa5fc77512d77654bc3ebc63d048ebcd7ac1da74e78f2c9e,1,94194241,125.01207980365716,1741069270709514,Balanced Dollar,0.0473839375,bnUSD,0,1,2025-03-04
cx508002ec116fbf3ab406329c0df28e70d7e75fb3,hxd75467e3e4ce64e3424c747dfb71503017440433,cxa0af3165c08318e988cb30993b3048335b94af6c,0xba43b7400,0x546a8e339f18d724aa5fc77512d77654bc3ebc63d048ebcd7ac1da74e78f2c9e,0,94194241,50.0,1741069270709514,Sui,0.0473839375,SUI,0,1,2025-03-04
cx88fd7df7ddff82f7cc735c871dc519838cb235bb,cxa0af3165c08318e988cb30993b3048335b94af6c,cx5faae53c4dbd1fbe4a2eb4aab6565030f10da5c6,0x29c90dd0b14d7eb,0x08e17f86a9619f229d1f62b5b154b9bc5673b244be941b589b6ba8a6fc967b2b,2,94194235,0.18818456349080573,1741069258705560,Balanced Dollar,0.0473839375,bnUSD,0,1,2025-03-04
cx88fd7df7ddff82f7cc735c871dc519838cb235bb,cxa0af3165c08318e988cb30993b3048335b94af6c,hxd75467e3e4ce64e3424c747dfb71503017440433,0x6c8c766529ceba318,0x08e17f86a9619f229d1f62b5b154b9bc5673b244be941b589b6ba8a6fc967b2b,1,94194235,125.14810927521435,1741069258705560,Balanced Dollar,0.0473839375,bnUSD,0,1,2025-03-04
cx508002ec116fbf3ab406329c0df28e70d7e75fb3,hxd75467e3e4ce64e3424c747dfb71503017440433,cxa0af3165c08318e988cb30993b3048335b94af6c,0xba43b7400,0x08e17f86a9619f229d1f62b5b154b9bc5673b244be941b589b6ba8a6fc967b2b,0,94194235,50.0,1741069258705560,Sui,0.0473839375,SUI,0,1,2025-03-04
cxf61cd5a45dc9f91c15aa65831a30a90d59a09619,cx9345f80d6c98357ccbb70392b14162199c2c5f66,cxd82fb5d3effecd8c9071a4bba3856ad7222c4b91,0x299aa1d7101c2260,0x4fad06482a49dcd44c0257d0a4a5ec69750a1f3ec423e2c4700a364e82f7cecb,4,94194230,2.9978864470288062,1741069248703304,Balance Token,0.1302381125,BALN,0,1,2025-03-04
cx2609b924e33ef00b648a409245c7ea394c467824,cx9345f80d6c98357ccbb70392b14162199c2c5f66,cxd82fb5d3effecd8c9071a4bba3856ad7222c4b91,0x2dc3c98214d599e72,0x4fad06482a49dcd44c0257d0a4a5ec69750a1f3ec423e2c4700a364e82f7cecb,3,94194230,52.76321460316495,1741069248703304,Staked ICX,0.1302381125,sICX,0,1,2025-03-04
cx88fd7df7ddff82f7cc735c871dc519838cb235bb,hx0000000000000000000000000000000000000000,cx5faae53c4dbd1fbe4a2eb4aab6565030f10da5c6,0x0,0x4fad06482a49dcd44c0257d0a4a5ec69750a1f3ec423e2c4700a364e82f7cecb,2,94194230,0.0,1741069248703304,Balanced Dollar,0.1302381125,bnUSD,0,1,2025-03-04
cx88fd7df7ddff82f7cc735c871dc519838cb235bb,hx0000000000000000000000000000000000000000,cxd82fb5d3effecd8c9071a4bba3856ad7222c4b91,0x766e504318a841ca,0x4fad06482a49dcd44c0257d0a4a5ec69750a1f3ec423e2c4700a364e82f7cecb,1,94194230,8.53384659302038,1741069248703304,Balanced Dollar,0.1302381125,bnUSD,0,1,2025-03-04
cx88fd7df7ddff82f7cc735c871dc519838cb235bb,hxd75467e3e4ce64e3424c747dfb71503017440433,cxd82fb5d3effecd8c9071a4bba3856ad7222c4b91,0x418b205d86b03c0000,0x4fad06482a49dcd44c0257d0a4a5ec69750a1f3ec423e2c4700a364e82f7cecb,0,94194230,1209.0634803947114,1741069248703304,Balanced Dollar,0.1302381125,bnUSD,0,1,2025-03-04
cx88fd7df7ddff82f7cc735c871dc519838cb235bb,cxa0af3165c08318e988cb30993b3048335b94af6c,cx5faae53c4dbd1fbe4a2eb4aab6565030f10da5c6,0x29d4b2699c39ae0,0x6e5b09747d5425da057d474ea18cca09657969b1a8c77738d98c165f71f42faf,2,94194212,0.18838938858000254,1741069212817657,Balanced Dollar,0.04738525,bnUSD,0,1,2025-03-04
cx88fd7df7ddff82f7cc735c871dc519838cb235bb,cxa0af3165c08318e988cb30993b3048335b94af6c,hxd75467e3e4ce64e3424c747dfb71503017440433,0x6caab767fc3baa834,0x6e5b09747d5425da057d474ea18cca09657969b1a8c77738d98c165f71f42faf,1,94194212,125.28436095005299,1741069212817657,Balanced Dollar,0.04738525,bnUSD,0,1,2025-03-04
cx508002ec116fbf3ab406329c0df28e70d7e75fb3,hxd75467e3e4ce64e3424c747dfb71503017440433,cxa0af3165c08318e988cb30993b3048335b94af6c,0xba43b7400,0x6e5b09747d5425da057d474ea18cca09657969b1a8c77738d98c165f71f42faf,0,94194212,50.0,1741069212817657,Sui,0.04738525,SUI,0,1,2025-03-04
cx88fd7df7ddff82f7cc735c871dc519838cb235bb,cxa0af3165c08318e988cb30993b3048335b94af6c,cx5faae53c4dbd1fbe4a2eb4aab6565030f10da5c6,0x29e05be146ce41a,0x6e27d10bc210f4aa4e388909f25a52c40c585a3d6357ce35fdeec29415fbb6d4,2,94194206,0.18859454834074524,1741069200689596,Balanced Dollar,0.04738525,bnUSD,0,1,2025-03-04
cx88fd7df7ddff82f7cc735c871dc519838cb235bb,cxa0af3165c08318e988cb30993b3048335b94af6c,hxd75467e3e4ce64e3424c747dfb71503017440433,0x6cc905135679b16c6,0x6e27d10bc210f4aa4e388909f25a52c40c585a3d6357ce35fdeec29415fbb6d4,1,94194206,125.42083531245427,1741069200689596,Balanced Dollar,0.04738525,bnUSD,0,1,2025-03-04
cx508002ec116fbf3ab406329c0df28e70d7e75fb3,hxd75467e3e4ce64e3424c747dfb71503017440433,cxa0af3165c08318e988cb30993b3048335b94af6c,0xba43b7400,0x6e27d10bc210f4aa4e388909f25a52c40c585a3d6357ce35fdeec29415fbb6d4,0,94194206,50.0,1741069200689596,Sui,0.04738525,SUI,0,1,2025-03-04
cx88fd7df7ddff82f7cc735c871dc519838cb235bb,cxa0af3165c08318e988cb30993b3048335b94af6c,cx5faae53c4dbd1fbe4a2eb4aab6565030f10da5c6,0x29ec0a3a68d7f62,0x4537533189b0bf1be43e48b105e18c6acb2c9fc4936a48ecb9d866584f52ed48,2,94194194,0.1888000435026328,1741069176839187,Balanced Dollar,0.04738525,bnUSD,0,1,2025-03-04
cx88fd7df7ddff82f7cc735c871dc519838cb235bb,cxa0af3165c08318e988cb30993b3048335b94af6c,hxd75467e3e4ce64e3424c747dfb71503017440433,0x6ce75f6e498a5d8d0,0x4537533189b0bf1be43e48b105e18c6acb2c9fc4936a48ecb9d866584f52ed48,1,94194194,125.55753284801959,1741069176839187,Balanced Dollar,0.04738525,bnUSD,0,1,2025-03-04
cx508002ec116fbf3ab406329c0df28e70d7e75fb3,hxd75467e3e4ce64e3424c747dfb71503017440433,cxa0af3165c08318e988cb30993b3048335b94af6c,0xba43b7400,0x4537533189b0bf1be43e48b105e18c6acb2c9fc4936a48ecb9d866584f52ed48,0,94194194,50.0,1741069176839187,Sui,0.04738525,SUI,0,1,2025-03-04
cx88fd7df7ddff82f7cc735c871dc519838cb235bb,cxa0af3165c08318e988cb30993b3048335b94af6c,cx5faae53c4dbd1fbe4a2eb4aab6565030f10da5c6,0x29f7bd77bc093b9,0xba7f42063ef9cf46a9e89a7d3199547118b7ceae93d1c3fcf4c93eabf6aee44b,2,94194188,0.18900587479725356,1741069164680729,Balanced Dollar,0.04738525,bnUSD,0,1,2025-03-04
cx88fd7df7ddff82f7cc735c871dc519838cb235bb,cxa0af3165c08318e988cb30993b3048335b94af6c,hxd75467e3e4ce64e3424c747dfb71503017440433,0x6d05c67feb5e5b5f7,0xba7f42063ef9cf46a9e89a7d3199547118b7ceae93d1c3fcf4c93eabf6aee44b,1,94194188,125.69445404367478,1741069164680729,Balanced Dollar,0.04738525,bnUSD,0,1,2025-03-04
cx508002ec116fbf3ab406329c0df28e70d7e75fb3,hxd75467e3e4ce64e3424c747dfb71503017440433,cxa0af3165c08318e988cb30993b3048335b94af6c,0xba43b7400,0xba7f42063ef9cf46a9e89a7d3199547118b7ceae93d1c3fcf4c93eabf6aee44b,0,94194188,50.0,1741069164680729,Sui,0.04738525,SUI,0,1,2025-03-04
cx2609b924e33ef00b648a409245c7ea394c467824,hxc6b0f59918b94671a5e20a9a860c703cfec5a4b1,hx9994eeff7490131f381ba2927aa0ff4298817076,0x28ba3c210b4ee1699,0xd7e15399d8c1e57223f5aa564c2680b20d1471bb2cdffe3a394dd7f0ef6c954a,0,94194187,46.95558751690569,1741069162806180,Staked ICX,0.019154675,sICX,0,1,2025-03-04
cx88fd7df7ddff82f7cc735c871dc519838cb235bb,cxa0af3165c08318e988cb30993b3048335b94af6c,cx5faae53c4dbd1fbe4a2eb4aab6565030f10da5c6,0xde5cb8b256fd9f,0x01665e8ee29c1b62f45493d666192f518d31fa41f8b1d60e3127ecaf9f002c6f,2,94194184,0.06258939316554896,1741069156678629,Balanced Dollar,0.047366825,bnUSD,0,1,2025-03-04
cx88fd7df7ddff82f7cc735c871dc519838cb235bb,cxa0af3165c08318e988cb30993b3048335b94af6c,hxd75467e3e4ce64e3424c747dfb71503017440433,0x2417c9400ed2d4886,0x01665e8ee29c1b62f45493d666192f518d31fa41f8b1d60e3127ecaf9f002c6f,1,94194184,41.61229738869662,1741069156678629,Balanced Dollar,0.047366825,bnUSD,0,1,2025-03-04
cx65c9e3d4fea842e00add0d32a5b4c5e4e04c7a6b,hxd75467e3e4ce64e3424c747dfb71503017440433,cxa0af3165c08318e988cb30993b3048335b94af6c,0x11e1a300,0x01665e8ee29c1b62f45493d666192f518d31fa41f8b1d60e3127ecaf9f002c6f,0,94194184,0.3,1741069156678629,Solana,0.047366825,SOL,0,1,2025-03-04
cx88fd7df7ddff82f7cc735c871dc519838cb235bb,cxa0af3165c08318e988cb30993b3048335b94af6c,hx4dc7903504bb800a462378348a42f53742759e0b,0x1e3c27ce2942d34,0x478c91e228af9a71d90db2f885ff40b669a8982bd2ac76376f93e716c2e2b103,3,94194166,0.13616625538434182,1741069120667014,Balanced Dollar,0.0347563375,bnUSD,0,1,2025-03-04
cx288d13e1b63563459a2ac6179f237711f6851cb5,hx4dc7903504bb800a462378348a42f53742759e0b,cxa0af3165c08318e988cb30993b3048335b94af6c,0x4c382638913568,0x0da31459c94918da815940bde4107e9f1b50ff57604ddee5a4dc20e89a0dff15,0,94194165,0.02145383503896305,1741069118819795,Ethereum,0.0216352,ETH,0,2,2025-03-04
cx88fd7df7ddff82f7cc735c871dc519838cb235bb,hx4dc7903504bb800a462378348a42f53742759e0b,cxa0af3165c08318e988cb30993b3048335b94af6c,0x2752f83010dd1e000,0x2dcfbf9a429596e2df5d0cb7ca599d752817bb124aa19d8b3ec8a4f493735115,0,94194165,45.33760001431214,1741069118819795,Balanced Dollar,0.02221895,bnUSD,0,1,2025-03-04
cx288d13e1b63563459a2ac6179f237711f6851cb5,cx21e94c08c03daee80c25d8ee3ea22a20786ec231,hx4dc7903504bb800a462378348a42f53742759e0b,0x4c41e83c155a7b,0xcbc42abc371b7d0e3230f276ef0dd7208dac6b6a3b4888919e7f5afc591ed590,12,94194163,0.02146456392626035,1741069114665132,Ethereum,0.229034525,ETH,0,2,2025-03-04
cx88fd7df7ddff82f7cc735c871dc519838cb235bb,cxa0af3165c08318e988cb30993b3048335b94af6c,cx5faae53c4dbd1fbe4a2eb4aab6565030f10da5c6,0xf1b3e0d03aef3d,0xcbc42abc371b7d0e3230f276ef0dd7208dac6b6a3b4888919e7f5afc591ed590,10,94194163,0.06803324753483757,1741069114665132,Balanced Dollar,0.229034525,bnUSD,0,2,2025-03-04
cx288d13e1b63563459a2ac6179f237711f6851cb5,cxa0af3165c08318e988cb30993b3048335b94af6c,cx21e94c08c03daee80c25d8ee3ea22a20786ec231,0x4c41e83c155a7b,0xcbc42abc371b7d0e3230f276ef0dd7208dac6b6a3b4888919e7f5afc591ed590,9,94194163,0.02146456392626035,1741069114665132,Ethereum,0.229034525,ETH,0,2,2025-03-04
cx88fd7df7ddff82f7cc735c871dc519838cb235bb,cx21e94c08c03daee80c25d8ee3ea22a20786ec231,cxa0af3165c08318e988cb30993b3048335b94af6c,0x2756f19739979b09d,0xcbc42abc371b7d0e3230f276ef0dd7208dac6b6a3b4888919e7f5afc591ed590,8,94194163,45.35549835655838,1741069114665132,Balanced Dollar,0.229034525,bnUSD,0,2,2025-03-04
cx88fd7df7ddff82f7cc735c871dc519838cb235bb,cxa0af3165c08318e988cb30993b3048335b94af6c,cx5faae53c4dbd1fbe4a2eb4aab6565030f10da5c6,0xf26aca6a0ea770,0xcbc42abc371b7d0e3230f276ef0dd7208dac6b6a3b4888919e7f5afc591ed590,6,94194163,0.06823436195926207,1741069114665132,Balanced Dollar,0.229034525,bnUSD,0,2,2025-03-04
cx88fd7df7ddff82f7cc735c871dc519838cb235bb,cxa0af3165c08318e988cb30993b3048335b94af6c,cx21e94c08c03daee80c25d8ee3ea22a20786ec231,0x2756f19739979b09d,0xcbc42abc371b7d0e3230f276ef0dd7208dac6b6a3b4888919e7f5afc591ed590,5,94194163,45.35549835655838,1741069114665132,Balanced Dollar,0.229034525,bnUSD,0,2,2025-03-04
cx2609b924e33ef00b648a409245c7ea394c467824,cx21e94c08c03daee80c25d8ee3ea22a20786ec231,cxa0af3165c08318e988cb30993b3048335b94af6c,0x114f41a6abd2b42a95,0xcbc42abc371b7d0e3230f276ef0dd7208dac6b6a3b4888919e7f5afc591ed590,4,94194163,319.3056783124495,1741069114665132,Staked ICX,0.229034525,sICX,0,2,2025-03-04
cx2609b924e33ef00b648a409245c7ea394c467824,hx0000000000000000000000000000000000000000,cx21e94c08c03daee80c25d8ee3ea22a20786ec231,0x114f41a6abd2b42a95,0xcbc42abc371b7d0e3230f276ef0dd7208dac6b6a3b4888919e7f5afc591ed590,2,94194163,319.3056783124495,1741069114665132,Staked ICX,0.229034525,sICX,0,2,2025-03-04
cx88fd7df7ddff82f7cc735c871dc519838cb235bb,cx21e94c08c03daee80c25d8ee3ea22a20786ec231,hx4dc7903504bb800a462378348a42f53742759e0b,0x275801678b09960d6,0x5207ceca4d10c152d8f4b3d4c55eb98ba38b5165a15927bc3ce30910fff85a51,8,94194163,45.36028015449036,1741069114665132,Balanced Dollar,0.1713480375,bnUSD,0,1,2025-03-04
cx88fd7df7ddff82f7cc735c871dc519838cb235bb,cxa0af3165c08318e988cb30993b3048335b94af6c,cx5faae53c4dbd1fbe4a2eb4aab6565030f10da5c6,0xf27155549b7e20,0x5207ceca4d10c152d8f4b3d4c55eb98ba38b5165a15927bc3ce30910fff85a51,6,94194163,0.06824155566961411,1741069114665132,Balanced Dollar,0.1713480375,bnUSD,0,1,2025-03-04
cx88fd7df7ddff82f7cc735c871dc519838cb235bb,cxa0af3165c08318e988cb30993b3048335b94af6c,cx21e94c08c03daee80c25d8ee3ea22a20786ec231,0x275801678b09960d6,0x5207ceca4d10c152d8f4b3d4c55eb98ba38b5165a15927bc3ce30910fff85a51,5,94194163,45.36028015449036,1741069114665132,Balanced Dollar,0.1713480375,bnUSD,0,1,2025-03-04
cx2609b924e33ef00b648a409245c7ea394c467824,cx21e94c08c03daee80c25d8ee3ea22a20786ec231,cxa0af3165c08318e988cb30993b3048335b94af6c,0x114f41a6abd2b42a95,0x5207ceca4d10c152d8f4b3d4c55eb98ba38b5165a15927bc3ce30910fff85a51,4,94194163,319.3056783124495,1741069114665132,Staked ICX,0.1713480375,sICX,0,1,2025-03-04
cx2609b924e33ef00b648a409245c7ea394c467824,hx0000000000000000000000000000000000000000,cx21e94c08c03daee80c25d8ee3ea22a20786ec231,0x114f41a6abd2b42a95,0x5207ceca4d10c152d8f4b3d4c55eb98ba38b5165a15927bc3ce30910fff85a51,2,94194163,319.3056783124495,1741069114665132,Staked ICX,0.1713480375,sICX,0,1,2025-03-04
cx88fd7df7ddff82f7cc735c871dc519838cb235bb,cxa0af3165c08318e988cb30993b3048335b94af6c,cx5faae53c4dbd1fbe4a2eb4aab6565030f10da5c6,0xde7b645dc98777,0xe4abd45836f2d5be6df2bb514fc638f89452d6da11eedb1787d25833a4bce5d9,2,94194161,0.06262311583020018,1741069110676375,Balanced Dollar,0.0473641375,bnUSD,0,2,2025-03-04
cx88fd7df7ddff82f7cc735c871dc519838cb235bb,cxa0af3165c08318e988cb30993b3048335b94af6c,hxd75467e3e4ce64e3424c747dfb71503017440433,0x241cc3df73a511048,0xe4abd45836f2d5be6df2bb514fc638f89452d6da11eedb1787d25833a4bce5d9,1,94194161,41.634720787178,1741069110676375,Balanced Dollar,0.0473641375,bnUSD,0,2,2025-03-04
cx65c9e3d4fea842e00add0d32a5b4c5e4e04c7a6b,hxd75467e3e4ce64e3424c747dfb71503017440433,cxa0af3165c08318e988cb30993b3048335b94af6c,0x11e1a300,0xe4abd45836f2d5be6df2bb514fc638f89452d6da11eedb1787d25833a4bce5d9,0,94194161,0.3,1741069110676375,Solana,0.0473641375,SOL,0,2,2025-03-04
cxf61cd5a45dc9f91c15aa65831a30a90d59a09619,cx10d59e8103ab44635190bd4139dbfd682fa2d07e,hxc6b0f59918b94671a5e20a9a860c703cfec5a4b1,0xfd2e75f15e22c87,0x1de2da4829503c979e63d265266ef71fb520c963672b514593c083af8312a4bc,3,94194147,1.1402280512532101,1741069082866279,Balance Token,0.0723811625,BALN,0,1,2025-03-04
cx2609b924e33ef00b648a409245c7ea394c467824,cx10d59e8103ab44635190bd4139dbfd682fa2d07e,hxc6b0f59918b94671a5e20a9a860c703cfec5a4b1,0x28ba3c210b4ee1699,0x1de2da4829503c979e63d265266ef71fb520c963672b514593c083af8312a4bc,1,94194147,46.95558751690569,1741069082866279,Staked ICX,0.0723811625,sICX,0,1,2025-03-04
cx88fd7df7ddff82f7cc735c871dc519838cb235bb,cxa0af3165c08318e988cb30993b3048335b94af6c,cx5faae53c4dbd1fbe4a2eb4aab6565030f10da5c6,0x2a03759bfbfbcc9,0x00c43493672ae810be37f8b8facd75f343d555ca741ca9a2ea6b4a04527f3965,2,94194132,0.18921204295819183,1741069052766098,Balanced Dollar,0.0473879375,bnUSD,0,1,2025-03-04
cx88fd7df7ddff82f7cc735c871dc519838cb235bb,cxa0af3165c08318e988cb30993b3048335b94af6c,hxd75467e3e4ce64e3424c747dfb71503017440433,0x6d243a4f56d998325,0x00c43493672ae810be37f8b8facd75f343d555ca741ca9a2ea6b4a04527f3965,1,94194132,125.83159938767452,1741069052766098,Balanced Dollar,0.0473879375,bnUSD,0,1,2025-03-04
cx508002ec116fbf3ab406329c0df28e70d7e75fb3,hxd75467e3e4ce64e3424c747dfb71503017440433,cxa0af3165c08318e988cb30993b3048335b94af6c,0xba43b7400,0x00c43493672ae810be37f8b8facd75f343d555ca741ca9a2ea6b4a04527f3965,0,94194132,50.0,1741069052766098,Sui,0.0473879375,SUI,0,1,2025-03-04
cx88fd7df7ddff82f7cc735c871dc519838cb235bb,cxa0af3165c08318e988cb30993b3048335b94af6c,cx5faae53c4dbd1fbe4a2eb4aab6565030f10da5c6,0x2a0f32a9e63246d,0x6ec179c4e49578436f76b9c242c6c5fe0397568934ea808e4561632b7a885bdc,2,94194126,0.18941854872103434,1741069040634704,Balanced Dollar,0.0473839375,bnUSD,0,1,2025-03-04
cx88fd7df7ddff82f7cc735c871dc519838cb235bb,cxa0af3165c08318e988cb30993b3048335b94af6c,hxd75467e3e4ce64e3424c747dfb71503017440433,0x6d42bae3abd7692f8,0x6ec179c4e49578436f76b9c242c6c5fe0397568934ea808e4561632b7a885bdc,1,94194126,125.9689693696066,1741069040634704,Balanced Dollar,0.0473839375,bnUSD,0,1,2025-03-04
cx508002ec116fbf3ab406329c0df28e70d7e75fb3,hxd75467e3e4ce64e3424c747dfb71503017440433,cxa0af3165c08318e988cb30993b3048335b94af6c,0xba43b7400,0x6ec179c4e49578436f76b9c242c6c5fe0397568934ea808e4561632b7a885bdc,0,94194126,50.0,1741069040634704,Sui,0.0473839375,SUI,0,1,2025-03-04
cx88fd7df7ddff82f7cc735c871dc519838cb235bb,cxa0af3165c08318e988cb30993b3048335b94af6c,cx5faae53c4dbd1fbe4a2eb4aab6565030f10da5c6,0x2a1af4a43a19c5b,0x91c9ffdc99c711797b6fb17cfdff7b1fe184ebe2ff7e203960b54386b03d9a2b,2,94194114,0.18962539282337698,1741069016833860,Balanced Dollar,0.0473839375,bnUSD,0,1,2025-03-04
cx88fd7df7ddff82f7cc735c871dc519838cb235bb,cxa0af3165c08318e988cb30993b3048335b94af6c,hxd75467e3e4ce64e3424c747dfb71503017440433,0x6d6148440f2eb6739,0x91c9ffdc99c711797b6fb17cfdff7b1fe184ebe2ff7e203960b54386b03d9a2b,1,94194114,126.10656448039639,1741069016833860,Balanced Dollar,0.0473839375,bnUSD,0,1,2025-03-04
cx508002ec116fbf3ab406329c0df28e70d7e75fb3,hxd75467e3e4ce64e3424c747dfb71503017440433,cxa0af3165c08318e988cb30993b3048335b94af6c,0xba43b7400,0x91c9ffdc99c711797b6fb17cfdff7b1fe184ebe2ff7e203960b54386b03d9a2b,0,94194114,50.0,1741069016833860,Sui,0.0473839375,SUI,0,1,2025-03-04
cx88fd7df7ddff82f7cc735c871dc519838cb235bb,cxa0af3165c08318e988cb30993b3048335b94af6c,cx5faae53c4dbd1fbe4a2eb4aab6565030f10da5c6,0x2a26bb8db90b7da,0x4a0a4acebdba8cd6b04df9ae325dcec29e6bd95589d0d6a44335ff2ac76b6cb0,2,94194108,0.1898325760048312,1741069004619313,Balanced Dollar,0.04738125,bnUSD,0,1,2025-03-04
cx88fd7df7ddff82f7cc735c871dc519838cb235bb,cxa0af3165c08318e988cb30993b3048335b94af6c,hxd75467e3e4ce64e3424c747dfb71503017440433,0x6d7fe277aab62a3b1,0x4a0a4acebdba8cd6b04df9ae325dcec29e6bd95589d0d6a44335ff2ac76b6cb0,1,94194108,126.24438521231119,1741069004619313,Balanced Dollar,0.04738125,bnUSD,0,1,2025-03-04
cx508002ec116fbf3ab406329c0df28e70d7e75fb3,hxd75467e3e4ce64e3424c747dfb71503017440433,cxa0af3165c08318e988cb30993b3048335b94af6c,0xba43b7400,0x4a0a4acebdba8cd6b04df9ae325dcec29e6bd95589d0d6a44335ff2ac76b6cb0,0,94194108,50.0,1741069004619313,Sui,0.04738125,SUI,0,1,2025-03-04
cx88fd7df7ddff82f7cc735c871dc519838cb235bb,cxa0af3165c08318e988cb30993b3048335b94af6c,cx5faae53c4dbd1fbe4a2eb4aab6565030f10da5c6,0x2a328769264e59a,0xcaaafcf4923bc1abf7b587d47ee759e1dd6b202033c37f9523b76b60db5b8e02,2,94194091,0.19004009900703067,1741068970607791,Balanced Dollar,0.04738525,bnUSD,0,1,2025-03-04
cx88fd7df7ddff82f7cc735c871dc519838cb235bb,cxa0af3165c08318e988cb30993b3048335b94af6c,hxd75467e3e4ce64e3424c747dfb71503017440433,0x6d9e8985ad486429d,0xcaaafcf4923bc1abf7b587d47ee759e1dd6b202033c37f9523b76b60db5b8e02,1,94194091,126.3824320589646,1741068970607791,Balanced Dollar,0.04738525,bnUSD,0,1,2025-03-04
cx508002ec116fbf3ab406329c0df28e70d7e75fb3,hxd75467e3e4ce64e3424c747dfb71503017440433,cxa0af3165c08318e988cb30993b3048335b94af6c,0xba43b7400,0xcaaafcf4923bc1abf7b587d47ee759e1dd6b202033c37f9523b76b60db5b8e02,0,94194091,50.0,1741068970607791,Sui,0.04738525,SUI,0,1,2025-03-04
cx88fd7df7ddff82f7cc735c871dc519838cb235bb,cxa0af3165c08318e988cb30993b3048335b94af6c,cx5faae53c4dbd1fbe4a2eb4aab6565030f10da5c6,0x2a3e583947189a4,0x3465c948f204414a21b6a060c1973e66e54c7908140708cc02e92d15380ccd04,2,94194085,0.19024796257363805,1741068958606103,Balanced Dollar,0.04738525,bnUSD,0,1,2025-03-04
cx88fd7df7ddff82f7cc735c871dc519838cb235bb,cxa0af3165c08318e988cb30993b3048335b94af6c,hxd75467e3e4ce64e3424c747dfb71503017440433,0x6dbd3d754ac830b09,0x3465c948f204414a21b6a060c1973e66e54c7908140708cc02e92d15380ccd04,1,94194085,126.52070551532097,1741068958606103,Balanced Dollar,0.04738525,bnUSD,0,1,2025-03-04
cx508002ec116fbf3ab406329c0df28e70d7e75fb3,hxd75467e3e4ce64e3424c747dfb71503017440433,cxa0af3165c08318e988cb30993b3048335b94af6c,0xba43b7400,0x3465c948f204414a21b6a060c1973e66e54c7908140708cc02e92d15380ccd04,0,94194085,50.0,1741068958606103,Sui,0.04738525,SUI,0,1,2025-03-04
cx88fd7df7ddff82f7cc735c871dc519838cb235bb,cxa0af3165c08318e988cb30993b3048335b94af6c,cx5faae53c4dbd1fbe4a2eb4aab6565030f10da5c6,0x2a4a2e00e291760,0xc19eb00fb5d4cf8634554ea72384af38495653ccd92045f8be50b0795dd95a86,2,94194072,0.19045616745035146,1741068932813000,Balanced Dollar,0.04738525,bnUSD,0,1,2025-03-04
cx88fd7df7ddff82f7cc735c871dc519838cb235bb,cxa0af3165c08318e988cb30993b3048335b94af6c,hxd75467e3e4ce64e3424c747dfb71503017440433,0x6ddbfe4dbc24c4966,0xc19eb00fb5d4cf8634554ea72384af38495653ccd92045f8be50b0795dd95a86,1,94194072,126.65920607769986,1741068932813000,Balanced Dollar,0.04738525,bnUSD,0,1,2025-03-04
cx508002ec116fbf3ab406329c0df28e70d7e75fb3,hxd75467e3e4ce64e3424c747dfb71503017440433,cxa0af3165c08318e988cb30993b3048335b94af6c,0xba43b7400,0xc19eb00fb5d4cf8634554ea72384af38495653ccd92045f8be50b0795dd95a86,0,94194072,50.0,1741068932813000,Sui,0.04738525,SUI,0,1,2025-03-04
cx88fd7df7ddff82f7cc735c871dc519838cb235bb,cxa0af3165c08318e988cb30993b3048335b94af6c,cx5faae53c4dbd1fbe4a2eb4aab6565030f10da5c6,0x2a5608c2c1d2bbc,0xf0191dfd0f2c77833f82d6480f2524c4cc02f4ac006c113e266246a53dc94210,2,94194066,0.19066471438491128,1741068920588391,Balanced Dollar,0.04738525,bnUSD,0,1,2025-03-04
cx88fd7df7ddff82f7cc735c871dc519838cb235bb,cxa0af3165c08318e988cb30993b3048335b94af6c,hxd75467e3e4ce64e3424c747dfb71503017440433,0x6dfacc163f5dfca9b,0xf0191dfd0f2c77833f82d6480f2524c4cc02f4ac006c113e266246a53dc94210,1,94194066,126.79793424378047,1741068920588391,Balanced Dollar,0.04738525,bnUSD,0,1,2025-03-04
cx508002ec116fbf3ab406329c0df28e70d7e75fb3,hxd75467e3e4ce64e3424c747dfb71503017440433,cxa0af3165c08318e988cb30993b3048335b94af6c,0xba43b7400,0xf0191dfd0f2c77833f82d6480f2524c4cc02f4ac006c113e266246a53dc94210,0,94194066,50.0,1741068920588391,Sui,0.04738525,SUI,0,1,2025-03-04
cx508002ec116fbf3ab406329c0df28e70d7e75fb3,hx0000000000000000000000000000000000000000,hxd75467e3e4ce64e3424c747dfb71503017440433,0xae9854be00,0xf51c83cdeb39574d0460dfaf614a7d8398c31bff291dbe967a2f0d2a9cdc6f04,1,94194039,749.88,1741068866775815,Sui,0.0239955375,SUI,0,1,2025-03-04
cx88fd7df7ddff82f7cc735c871dc519838cb235bb,cxa0af3165c08318e988cb30993b3048335b94af6c,cx5faae53c4dbd1fbe4a2eb4aab6565030f10da5c6,0xde9a16628f2f6a,0x19a25d5cf37ad95aa97870e29e3fbbeea768b7e064e892298dd3cb6ee23f86f9,2,94194018,0.0626568657632746,1741068824547309,Balanced Dollar,0.047366825,bnUSD,0,1,2025-03-04
cx88fd7df7ddff82f7cc735c871dc519838cb235bb,cxa0af3165c08318e988cb30993b3048335b94af6c,hxd75467e3e4ce64e3424c747dfb71503017440433,0x2421bf86bb97cdc27,0x19a25d5cf37ad95aa97870e29e3fbbeea768b7e064e892298dd3cb6ee23f86f9,1,94194018,41.65716231985069,1741068824547309,Balanced Dollar,0.047366825,bnUSD,0,1,2025-03-04
cx65c9e3d4fea842e00add0d32a5b4c5e4e04c7a6b,hxd75467e3e4ce64e3424c747dfb71503017440433,cxa0af3165c08318e988cb30993b3048335b94af6c,0x11e1a300,0x19a25d5cf37ad95aa97870e29e3fbbeea768b7e064e892298dd3cb6ee23f86f9,0,94194018,0.3,1741068824547309,Solana,0.047366825,SOL,0,1,2025-03-04
cx88fd7df7ddff82f7cc735c871dc519838cb235bb,cxa0af3165c08318e988cb30993b3048335b94af6c,cx5faae53c4dbd1fbe4a2eb4aab6565030f10da5c6,0x2a61e881afea760,0xafd644267ba52dad0335d042696cca4fc0e3450dc144a9ee54e8e29bd7cdb4de,2,94193957,0.1908736041271069,1741068702624492,Balanced Dollar,0.0473839375,bnUSD,0,1,2025-03-04
cx88fd7df7ddff82f7cc735c871dc519838cb235bb,cxa0af3165c08318e988cb30993b3048335b94af6c,hxd75467e3e4ce64e3424c747dfb71503017440433,0x6e19a6d61788a19df,0xafd644267ba52dad0335d042696cca4fc0e3450dc144a9ee54e8e29bd7cdb4de,1,94193957,126.93689051260611,1741068702624492,Balanced Dollar,0.0473839375,bnUSD,0,1,2025-03-04
cx508002ec116fbf3ab406329c0df28e70d7e75fb3,hxd75467e3e4ce64e3424c747dfb71503017440433,cxa0af3165c08318e988cb30993b3048335b94af6c,0xba43b7400,0xafd644267ba52dad0335d042696cca4fc0e3450dc144a9ee54e8e29bd7cdb4de,0,94193957,50.0,1741068702624492,Sui,0.0473839375,SUI,0,1,2025-03-04
cx88fd7df7ddff82f7cc735c871dc519838cb235bb,cxa0af3165c08318e988cb30993b3048335b94af6c,cx5faae53c4dbd1fbe4a2eb4aab6565030f10da5c6,0x2a6dcd4079dc90b,0x50eb08134161f1021fd3174062d85f3334470bfb05c18a468d6ccc54b94f611b,2,94193951,0.19108283742878338,1741068690495318,Balanced Dollar,0.04740275,bnUSD,0,1,2025-03-04
cx88fd7df7ddff82f7cc735c871dc519838cb235bb,cxa0af3165c08318e988cb30993b3048335b94af6c,hxd75467e3e4ce64e3424c747dfb71503017440433,0x6e388e948cd2b01a9,0x50eb08134161f1021fd3174062d85f3334470bfb05c18a468d6ccc54b94f611b,1,94193951,127.07607538458866,1741068690495318,Balanced Dollar,0.04740275,bnUSD,0,1,2025-03-04
cx508002ec116fbf3ab406329c0df28e70d7e75fb3,hxd75467e3e4ce64e3424c747dfb71503017440433,cxa0af3165c08318e988cb30993b3048335b94af6c,0xba43b7400,0x50eb08134161f1021fd3174062d85f3334470bfb05c18a468d6ccc54b94f611b,0,94193951,50.0,1741068690495318,Sui,0.04740275,SUI,0,1,2025-03-04
cx88fd7df7ddff82f7cc735c871dc519838cb235bb,cx203d9cd2a669be67177e997b8948ce2c35caffae,cx835b300dcfe01f0bdb794e134a0c5628384f4367,0x7326b41100d57d5,0x9be29c83062684ab521a94a06d1faa1e9379cc93c600a320668e1099e92ebb5c,6,94193943,0.5185948342873845,1741068674489188,Balanced Dollar,0.08949965,bnUSD,0,1,2025-03-04
cx88fd7df7ddff82f7cc735c871dc519838cb235bb,cx5faae53c4dbd1fbe4a2eb4aab6565030f10da5c6,cx203d9cd2a669be67177e997b8948ce2c35caffae,0xa4806ef3b80c69e,0x9be29c83062684ab521a94a06d1faa1e9379cc93c600a320668e1099e92ebb5c,4,94193943,0.7408497632676921,1741068674489188,Balanced Dollar,0.08949965,bnUSD,0,1,2025-03-04
cx88fd7df7ddff82f7cc735c871dc519838cb235bb,cx5faae53c4dbd1fbe4a2eb4aab6565030f10da5c6,cxdc30a0d3a1f131565c071272a20bc0b06fd4c17b,0xa4806ef3b80c69e,0x9be29c83062684ab521a94a06d1faa1e9379cc93c600a320668e1099e92ebb5c,3,94193943,0.7408497632676921,1741068674489188,Balanced Dollar,0.08949965,bnUSD,0,1,2025-03-04
cx88fd7df7ddff82f7cc735c871dc519838cb235bb,cxa0af3165c08318e988cb30993b3048335b94af6c,cx5faae53c4dbd1fbe4a2eb4aab6565030f10da5c6,0x2a79b701eea47ff,0x9be29c83062684ab521a94a06d1faa1e9379cc93c600a320668e1099e92ebb5c,2,94193943,0.1912924150438482,1741068674489188,Balanced Dollar,0.08949965,bnUSD,0,1,2025-03-04
cx88fd7df7ddff82f7cc735c871dc519838cb235bb,cxa0af3165c08318e988cb30993b3048335b94af6c,hxd75467e3e4ce64e3424c747dfb71503017440433,0x6e578358ec87a4fff,0x9be29c83062684ab521a94a06d1faa1e9379cc93c600a320668e1099e92ebb5c,1,94193943,127.21548936151318,1741068674489188,Balanced Dollar,0.08949965,bnUSD,0,1,2025-03-04
cx508002ec116fbf3ab406329c0df28e70d7e75fb3,hxd75467e3e4ce64e3424c747dfb71503017440433,cxa0af3165c08318e988cb30993b3048335b94af6c,0xba43b7400,0x9be29c83062684ab521a94a06d1faa1e9379cc93c600a320668e1099e92ebb5c,0,94193943,50.0,1741068674489188,Sui,0.08949965,SUI,0,1,2025-03-04
cx508002ec116fbf3ab406329c0df28e70d7e75fb3,hx0000000000000000000000000000000000000000,hxd75467e3e4ce64e3424c747dfb71503017440433,0x2bfec7c7fc,0xe4cba1c355a727963a98d4beb39cd2d01a53ce45bfc4f5e2ffb0a455ef6ffd00,1,94193909,188.958099452,1741068606468849,Sui,0.02398075,SUI,0,1,2025-03-04
cxd17316e24ee40f2ef8ed6f3a497311db1b35206d,hxb3fd11e1efdf774cef1eb4de7ae02982e3f2f692,hx0000000000000000000000000000000000000000,0x0,0xa4d7e69cff4b74196e160b0d74404eb61d1e8a22f82128f8f380e628206ca141,7,94193725,0.0,1741068238554114,unknown_token,0.0418818125,$unknown,7,1,2025-03-04
cxd17316e24ee40f2ef8ed6f3a497311db1b35206d,hxb3fd11e1efdf774cef1eb4de7ae02982e3f2f692,hx0000000000000000000000000000000000000000,0x0,0xa4d7e69cff4b74196e160b0d74404eb61d1e8a22f82128f8f380e628206ca141,6,94193725,0.0,1741068238554114,unknown_token,0.0418818125,$unknown,34,1,2025-03-04
cxd17316e24ee40f2ef8ed6f3a497311db1b35206d,hx3c72c692480ee86cef5aa9dcf48fdb3d6dd05e14,hx0000000000000000000000000000000000000000,0x0,0xa4d7e69cff4b74196e160b0d74404eb61d1e8a22f82128f8f380e628206ca141,5,94193725,0.0,1741068238554114,unknown_token,0.0418818125,$unknown,34,1,2025-03-04
cx2d552c485ec8bcaa75aac02424e2aca6ffdb2f1b,cx21e94c08c03daee80c25d8ee3ea22a20786ec231,hx2debd9ec927cca1639da8d3518dd9dbf1cdfb357,0x9b6e092771b7b47,0x3affdbd6ab88477d61954cc5a2da942d2058015983701f3da1a1adeceb230311,5,94193540,0.6999937117708276,1741067868364407,Binance Coin,0.0882717125,BNB,0,1,2025-03-04
cx88fd7df7ddff82f7cc735c871dc519838cb235bb,cxa0af3165c08318e988cb30993b3048335b94af6c,cx5faae53c4dbd1fbe4a2eb4aab6565030f10da5c6,0x84277a6bb609fea,0x3affdbd6ab88477d61954cc5a2da942d2058015983701f3da1a1adeceb230311,3,94193540,0.5951696587582751,1741067868364407,Balanced Dollar,0.0882717125,bnUSD,0,1,2025-03-04
cx2d552c485ec8bcaa75aac02424e2aca6ffdb2f1b,cxa0af3165c08318e988cb30993b3048335b94af6c,cx21e94c08c03daee80c25d8ee3ea22a20786ec231,0x9b6e092771b7b47,0x3affdbd6ab88477d61954cc5a2da942d2058015983701f3da1a1adeceb230311,2,94193540,0.6999937117708276,1741067868364407,Binance Coin,0.0882717125,BNB,0,1,2025-03-04
cx88fd7df7ddff82f7cc735c871dc519838cb235bb,cx21e94c08c03daee80c25d8ee3ea22a20786ec231,cxa0af3165c08318e988cb30993b3048335b94af6c,0x15826cecdd4ba07160,0x3affdbd6ab88477d61954cc5a2da942d2058015983701f3da1a1adeceb230311,1,94193540,396.7797725055167,1741067868364407,Balanced Dollar,0.0882717125,bnUSD,0,1,2025-03-04
cx88fd7df7ddff82f7cc735c871dc519838cb235bb,hx2debd9ec927cca1639da8d3518dd9dbf1cdfb357,cx21e94c08c03daee80c25d8ee3ea22a20786ec231,0x15826cecdd4ba07160,0x3affdbd6ab88477d61954cc5a2da942d2058015983701f3da1a1adeceb230311,0,94193540,396.7797725055167,1741067868364407,Balanced Dollar,0.0882717125,bnUSD,0,1,2025-03-04
cx88fd7df7ddff82f7cc735c871dc519838cb235bb,cxa0af3165c08318e988cb30993b3048335b94af6c,cx5faae53c4dbd1fbe4a2eb4aab6565030f10da5c6,0xdeb8cec268bbce,0x40237c5832fdde72ba76aa3e418dfa022533ea2fe5a3b62cf7cc3aa92054753a,2,94193333,0.06269064299418312,1741067454061916,Balanced Dollar,0.047366825,bnUSD,0,1,2025-03-04
cx88fd7df7ddff82f7cc735c871dc519838cb235bb,cxa0af3165c08318e988cb30993b3048335b94af6c,hxd75467e3e4ce64e3424c747dfb71503017440433,0x2426bc362f8a78817,0x40237c5832fdde72ba76aa3e418dfa022533ea2fe5a3b62cf7cc3aa92054753a,1,94193333,41.679622006276325,1741067454061916,Balanced Dollar,0.047366825,bnUSD,0,1,2025-03-04
cx65c9e3d4fea842e00add0d32a5b4c5e4e04c7a6b,hxd75467e3e4ce64e3424c747dfb71503017440433,cxa0af3165c08318e988cb30993b3048335b94af6c,0x11e1a300,0x40237c5832fdde72ba76aa3e418dfa022533ea2fe5a3b62cf7cc3aa92054753a,0,94193333,0.3,1741067454061916,Solana,0.047366825,SOL,0,1,2025-03-04
cx88fd7df7ddff82f7cc735c871dc519838cb235bb,cxa0af3165c08318e988cb30993b3048335b94af6c,cx5faae53c4dbd1fbe4a2eb4aab6565030f10da5c6,0xded78d7f178dea,0xcbd3593585c40c54c3d1e2a9978fcabf289eb224eabcf22c5ab99f1619f1a995,2,94193306,0.0627244475523763,1741067400047476,Balanced Dollar,0.047366825,bnUSD,0,1,2025-03-04
cx88fd7df7ddff82f7cc735c871dc519838cb235bb,cxa0af3165c08318e988cb30993b3048335b94af6c,hxd75467e3e4ce64e3424c747dfb71503017440433,0x242bb9ee1875a8df4,0xcbd3593585c40c54c3d1e2a9978fcabf289eb224eabcf22c5ab99f1619f1a995,1,94193306,41.70209986604293,1741067400047476,Balanced Dollar,0.047366825,bnUSD,0,1,2025-03-04
cx65c9e3d4fea842e00add0d32a5b4c5e4e04c7a6b,hxd75467e3e4ce64e3424c747dfb71503017440433,cxa0af3165c08318e988cb30993b3048335b94af6c,0x11e1a300,0xcbd3593585c40c54c3d1e2a9978fcabf289eb224eabcf22c5ab99f1619f1a995,0,94193306,0.3,1741067400047476,Solana,0.047366825,SOL,0,1,2025-03-04
cx88fd7df7ddff82f7cc735c871dc519838cb235bb,cxa0af3165c08318e988cb30993b3048335b94af6c,cx5faae53c4dbd1fbe4a2eb4aab6565030f10da5c6,0xed582f10c33fb3,0xd4d2b8fac7692563ae763ee04d9758bc273c1d70916af6c62077ac793e46a1f9,2,94193297,0.06680652864836395,1741067382246604,Balanced Dollar,0.056943025,bnUSD,0,1,2025-03-04
cx88fd7df7ddff82f7cc735c871dc519838cb235bb,cxa0af3165c08318e988cb30993b3048335b94af6c,hxd75467e3e4ce64e3424c747dfb71503017440433,0x26860c54196f4c836,0xd4d2b8fac7692563ae763ee04d9758bc273c1d70916af6c62077ac793e46a1f9,1,94193297,44.414716410624,1741067382246604,Balanced Dollar,0.056943025,bnUSD,0,1,2025-03-04
cx4297f4b63262507623b6ad575d0d8dd2db980e4e,hxd75467e3e4ce64e3424c747dfb71503017440433,cxa0af3165c08318e988cb30993b3048335b94af6c,0x3782dace9d900000,0xd4d2b8fac7692563ae763ee04d9758bc273c1d70916af6c62077ac793e46a1f9,0,94193297,4.0,1741067382246604,Injective,0.056943025,INJ,0,1,2025-03-04
cx65c9e3d4fea842e00add0d32a5b4c5e4e04c7a6b,hx0000000000000000000000000000000000000000,hxd75467e3e4ce64e3424c747dfb71503017440433,0xb263b188,0x65b2237968c38b442bb3efdba6cf0a98d5bd75a9dd292478bcb799fb7359b974,1,94193279,2.99287796,1741067346029950,Solana,0.022660075,SOL,0,1,2025-03-04
cx88fd7df7ddff82f7cc735c871dc519838cb235bb,cxa0af3165c08318e988cb30993b3048335b94af6c,cx5faae53c4dbd1fbe4a2eb4aab6565030f10da5c6,0xdef6529a5da239,0x8f4a8fab08e4152e84a93560307fb4d8b44ced92a4669cb98410e61b838c9df5,2,94193050,0.06275827946734444,1741066888071861,Balanced Dollar,0.0473655125,bnUSD,0,1,2025-03-04
cx88fd7df7ddff82f7cc735c871dc519838cb235bb,cxa0af3165c08318e988cb30993b3048335b94af6c,hxd75467e3e4ce64e3424c747dfb71503017440433,0x2430b8aebf6b2ac68,0x8f4a8fab08e4152e84a93560307fb4d8b44ced92a4669cb98410e61b838c9df5,1,94193050,41.72459591876495,1741066888071861,Balanced Dollar,0.0473655125,bnUSD,0,1,2025-03-04
cx65c9e3d4fea842e00add0d32a5b4c5e4e04c7a6b,hxd75467e3e4ce64e3424c747dfb71503017440433,cxa0af3165c08318e988cb30993b3048335b94af6c,0x11e1a300,0x8f4a8fab08e4152e84a93560307fb4d8b44ced92a4669cb98410e61b838c9df5,0,94193050,0.3,1741066888071861,Solana,0.0473655125,SOL,0,1,2025-03-04
cx88fd7df7ddff82f7cc735c871dc519838cb235bb,cxa0af3165c08318e988cb30993b3048335b94af6c,cx5faae53c4dbd1fbe4a2eb4aab6565030f10da5c6,0xdf151e15fd90a7,0x10b7694b0bbeb3a6bb810818fd31cb8e39e6953eb3b6c137d34b41519ebf8f6b,2,94193043,0.06279213876861764,1741066873870547,Balanced Dollar,0.0473655125,bnUSD,0,1,2025-03-04
cx88fd7df7ddff82f7cc735c871dc519838cb235bb,cxa0af3165c08318e988cb30993b3048335b94af6c,hxd75467e3e4ce64e3424c747dfb71503017440433,0x2435b8786d9608e1d,0x10b7694b0bbeb3a6bb810818fd31cb8e39e6953eb3b6c137d34b41519ebf8f6b,1,94193043,41.7471101840833,1741066873870547,Balanced Dollar,0.0473655125,bnUSD,0,1,2025-03-04
cx65c9e3d4fea842e00add0d32a5b4c5e4e04c7a6b,hxd75467e3e4ce64e3424c747dfb71503017440433,cxa0af3165c08318e988cb30993b3048335b94af6c,0x11e1a300,0x10b7694b0bbeb3a6bb810818fd31cb8e39e6953eb3b6c137d34b41519ebf8f6b,0,94193043,0.3,1741066873870547,Solana,0.0473655125,SOL,0,1,2025-03-04
cx88fd7df7ddff82f7cc735c871dc519838cb235bb,cxa0af3165c08318e988cb30993b3048335b94af6c,cx5faae53c4dbd1fbe4a2eb4aab6565030f10da5c6,0xdf33eff3ba8cd3,0xe827f946d30ef45c20ef5562a42a4b164196cd7a1db8c0ea79375fe8142e3964,2,94193024,0.06282602548576584,1741066835853801,Balanced Dollar,0.0473655125,bnUSD,0,1,2025-03-04
cx88fd7df7ddff82f7cc735c871dc519838cb235bb,cxa0af3165c08318e988cb30993b3048335b94af6c,hxd75467e3e4ce64e3424c747dfb71503017440433,0x243ab94b6c3a9713f,0xe827f946d30ef45c20ef5562a42a4b164196cd7a1db8c0ea79375fe8142e3964,1,94193024,41.76964268166542,1741066835853801,Balanced Dollar,0.0473655125,bnUSD,0,1,2025-03-04
cx65c9e3d4fea842e00add0d32a5b4c5e4e04c7a6b,hxd75467e3e4ce64e3424c747dfb71503017440433,cxa0af3165c08318e988cb30993b3048335b94af6c,0x11e1a300,0xe827f946d30ef45c20ef5562a42a4b164196cd7a1db8c0ea79375fe8142e3964,0,94193024,0.3,1741066835853801,Solana,0.0473655125,SOL,0,1,2025-03-04
cx88fd7df7ddff82f7cc735c871dc519838cb235bb,cxa0af3165c08318e988cb30993b3048335b94af6c,cx5faae53c4dbd1fbe4a2eb4aab6565030f10da5c6,0xdf52c835586650,0xd694540f75c7907f00793e2d2858a4744919ece6b6a24159093977873ecfea8d,2,94192978,0.06285993964839892,1741066743824002,Balanced Dollar,0.0473655125,bnUSD,0,1,2025-03-04
cx88fd7df7ddff82f7cc735c871dc519838cb235bb,cxa0af3165c08318e988cb30993b3048335b94af6c,hxd75467e3e4ce64e3424c747dfb71503017440433,0x243fbb2804b67cf57,0xd694540f75c7907f00793e2d2858a4744919ece6b6a24159093977873ecfea8d,1,94192978,41.792193431205305,1741066743824002,Balanced Dollar,0.0473655125,bnUSD,0,1,2025-03-04
cx65c9e3d4fea842e00add0d32a5b4c5e4e04c7a6b,hxd75467e3e4ce64e3424c747dfb71503017440433,cxa0af3165c08318e988cb30993b3048335b94af6c,0x11e1a300,0xd694540f75c7907f00793e2d2858a4744919ece6b6a24159093977873ecfea8d,0,94192978,0.3,1741066743824002,Solana,0.0473655125,SOL,0,1,2025-03-04
cx7baf94bd53b505353285ee4c4c050f9703581703,hxf662476d85bc58ee7aa203810238e0b791afc1c8,hx0000000000000000000000000000000000000000,0x0,0x7b651546c893daeec7de58b08282af6a949797aa3c0fdc59868d06215d7aae56,6,94192976,0.0,1741066739823680,unknown_token,0.0641968625,$unknown,22,1,2025-03-04
cx7baf94bd53b505353285ee4c4c050f9703581703,hxf662476d85bc58ee7aa203810238e0b791afc1c8,hx0000000000000000000000000000000000000000,0x0,0x7b651546c893daeec7de58b08282af6a949797aa3c0fdc59868d06215d7aae56,5,94192976,0.0,1741066739823680,unknown_token,0.0641968625,$unknown,25,1,2025-03-04
cx7baf94bd53b505353285ee4c4c050f9703581703,hxf662476d85bc58ee7aa203810238e0b791afc1c8,hx0000000000000000000000000000000000000000,0x0,0x7b651546c893daeec7de58b08282af6a949797aa3c0fdc59868d06215d7aae56,4,94192976,0.0,1741066739823680,unknown_token,0.0641968625,$unknown,25,1,2025-03-04
cx53f8ccd5426534f82cf10cb742de033e51da72fc,hxf662476d85bc58ee7aa203810238e0b791afc1c8,hx0000000000000000000000000000000000000000,0x0,0x7b651546c893daeec7de58b08282af6a949797aa3c0fdc59868d06215d7aae56,0,94192976,0.0,1741066739823680,unknown_token,0.0641968625,$unknown,3,1,2025-03-04
cx88fd7df7ddff82f7cc735c871dc519838cb235bb,cxa0af3165c08318e988cb30993b3048335b94af6c,cx5faae53c4dbd1fbe4a2eb4aab6565030f10da5c6,0xdf71a6dc9b88e3,0x571672d16700b0da58453583927d7a17c842203da003d93e97a7aeb6f5e3c31b,2,94192959,0.06289388128616676,1741066705811174,Balanced Dollar,0.0473655125,bnUSD,0,1,2025-03-04
cx88fd7df7ddff82f7cc735c871dc519838cb235bb,cxa0af3165c08318e988cb30993b3048335b94af6c,hxd75467e3e4ce64e3424c747dfb71503017440433,0x2444be0e8080c056c,0x571672d16700b0da58453583927d7a17c842203da003d93e97a7aeb6f5e3c31b,1,94192959,41.814762452423544,1741066705811174,Balanced Dollar,0.0473655125,bnUSD,0,1,2025-03-04
cx65c9e3d4fea842e00add0d32a5b4c5e4e04c7a6b,hxd75467e3e4ce64e3424c747dfb71503017440433,cxa0af3165c08318e988cb30993b3048335b94af6c,0x11e1a300,0x571672d16700b0da58453583927d7a17c842203da003d93e97a7aeb6f5e3c31b,0,94192959,0.3,1741066705811174,Solana,0.0473655125,SOL,0,1,2025-03-04
cx7baf94bd53b505353285ee4c4c050f9703581703,hx7b6a87e98802c2270c2f579b44daf782f625fb57,hx0000000000000000000000000000000000000000,0x0,0x09d8a49de1b19d98072e6679ed1833058c25f823d0a9fe24b98ee7875f94fc74,6,94192947,0.0,1741066682006775,unknown_token,0.0631493,$unknown,11,1,2025-03-04
cx7baf94bd53b505353285ee4c4c050f9703581703,hx7b6a87e98802c2270c2f579b44daf782f625fb57,hx0000000000000000000000000000000000000000,0x0,0x09d8a49de1b19d98072e6679ed1833058c25f823d0a9fe24b98ee7875f94fc74,5,94192947,0.0,1741066682006775,unknown_token,0.0631493,$unknown,17,1,2025-03-04
cx7baf94bd53b505353285ee4c4c050f9703581703,hx7b6a87e98802c2270c2f579b44daf782f625fb57,hx0000000000000000000000000000000000000000,0x0,0x09d8a49de1b19d98072e6679ed1833058c25f823d0a9fe24b98ee7875f94fc74,4,94192947,0.0,1741066682006775,unknown_token,0.0631493,$unknown,21,1,2025-03-04
cx53f8ccd5426534f82cf10cb742de033e51da72fc,hx7b6a87e98802c2270c2f579b44daf782f625fb57,hx0000000000000000000000000000000000000000,0x0,0x09d8a49de1b19d98072e6679ed1833058c25f823d0a9fe24b98ee7875f94fc74,0,94192947,0.0,1741066682006775,unknown_token,0.0631493,$unknown,2,1,2025-03-04
cx88fd7df7ddff82f7cc735c871dc519838cb235bb,cxa0af3165c08318e988cb30993b3048335b94af6c,cx5faae53c4dbd1fbe4a2eb4aab6565030f10da5c6,0xdf908beb48fcc8,0xe46676c74e6735f33d3dba76ad068e545a1934eb8125fe37dca2092782df887c,2,94192945,0.06292785042875924,1741066677915497,Balanced Dollar,0.0473655125,bnUSD,0,1,2025-03-04
cx88fd7df7ddff82f7cc735c871dc519838cb235bb,cxa0af3165c08318e988cb30993b3048335b94af6c,hxd75467e3e4ce64e3424c747dfb71503017440433,0x2449c1ff2929cfc7f,0xe46676c74e6735f33d3dba76ad068e545a1934eb8125fe37dca2092782df887c,1,94192945,41.83734976506737,1741066677915497,Balanced Dollar,0.0473655125,bnUSD,0,1,2025-03-04
cx65c9e3d4fea842e00add0d32a5b4c5e4e04c7a6b,hxd75467e3e4ce64e3424c747dfb71503017440433,cxa0af3165c08318e988cb30993b3048335b94af6c,0x11e1a300,0xe46676c74e6735f33d3dba76ad068e545a1934eb8125fe37dca2092782df887c,0,94192945,0.3,1741066677915497,Solana,0.0473655125,SOL,0,1,2025-03-04
cx88fd7df7ddff82f7cc735c871dc519838cb235bb,cxa0af3165c08318e988cb30993b3048335b94af6c,cx5faae53c4dbd1fbe4a2eb4aab6565030f10da5c6,0xdfaf77632666f2,0xd50a773ba3a13f34dd7427c4c0b37522b55cb5d7ca72c5c7a810494e1e3c7d75,2,94192928,0.06296184710590642,1741066643781258,Balanced Dollar,0.047362825,bnUSD,0,1,2025-03-04
cx88fd7df7ddff82f7cc735c871dc519838cb235bb,cxa0af3165c08318e988cb30993b3048335b94af6c,hxd75467e3e4ce64e3424c747dfb71503017440433,0x244ec6fa485b8d252,0xd50a773ba3a13f34dd7427c4c0b37522b55cb5d7ca72c5c7a810494e1e3c7d75,1,94192928,41.85995538891072,1741066643781258,Balanced Dollar,0.047362825,bnUSD,0,1,2025-03-04
cx65c9e3d4fea842e00add0d32a5b4c5e4e04c7a6b,hxd75467e3e4ce64e3424c747dfb71503017440433,cxa0af3165c08318e988cb30993b3048335b94af6c,0x11e1a300,0xd50a773ba3a13f34dd7427c4c0b37522b55cb5d7ca72c5c7a810494e1e3c7d75,0,94192928,0.3,1741066643781258,Solana,0.047362825,SOL,0,1,2025-03-04
cx88fd7df7ddff82f7cc735c871dc519838cb235bb,cxa0af3165c08318e988cb30993b3048335b94af6c,cx5faae53c4dbd1fbe4a2eb4aab6565030f10da5c6,0xdfce6945fa0948,0x4d8341fa884737c720a09ceb611514f201656455d9a670d70087dbd1ec7b3bb6,2,94192917,0.06299587134737851,1741066621957956,Balanced Dollar,0.0473856375,bnUSD,0,1,2025-03-04
cx88fd7df7ddff82f7cc735c871dc519838cb235bb,cxa0af3165c08318e988cb30993b3048335b94af6c,hxd75467e3e4ce64e3424c747dfb71503017440433,0x2453cd0027d958286,0x4d8341fa884737c720a09ceb611514f201656455d9a670d70087dbd1ec7b3bb6,1,94192917,41.88257934375423,1741066621957956,Balanced Dollar,0.0473856375,bnUSD,0,1,2025-03-04
cx65c9e3d4fea842e00add0d32a5b4c5e4e04c7a6b,hxd75467e3e4ce64e3424c747dfb71503017440433,cxa0af3165c08318e988cb30993b3048335b94af6c,0x11e1a300,0x4d8341fa884737c720a09ceb611514f201656455d9a670d70087dbd1ec7b3bb6,0,94192917,0.3,1741066621957956,Solana,0.0473856375,SOL,0,1,2025-03-04
cx7baf94bd53b505353285ee4c4c050f9703581703,hxb2725fe673d1dff9b0560e7de0becf32b2c54850,hx0000000000000000000000000000000000000000,0x0,0xb05eb6859640acd42579f64c2d3c815e23a1648905f896d041a34e3f58191140,6,94192904,0.0,1741066595766025,unknown_token,0.0625328,$unknown,25,1,2025-03-04
cx7baf94bd53b505353285ee4c4c050f9703581703,hxb2725fe673d1dff9b0560e7de0becf32b2c54850,hx0000000000000000000000000000000000000000,0x0,0xb05eb6859640acd42579f64c2d3c815e23a1648905f896d041a34e3f58191140,5,94192904,0.0,1741066595766025,unknown_token,0.0625328,$unknown,32,1,2025-03-04
cx7baf94bd53b505353285ee4c4c050f9703581703,hxb2725fe673d1dff9b0560e7de0becf32b2c54850,hx0000000000000000000000000000000000000000,0x0,0xb05eb6859640acd42579f64c2d3c815e23a1648905f896d041a34e3f58191140,4,94192904,0.0,1741066595766025,unknown_token,0.0625328,$unknown,20,1,2025-03-04
cx53f8ccd5426534f82cf10cb742de033e51da72fc,hxb2725fe673d1dff9b0560e7de0becf32b2c54850,hx0000000000000000000000000000000000000000,0x0,0xb05eb6859640acd42579f64c2d3c815e23a1648905f896d041a34e3f58191140,0,94192904,0.0,1741066595766025,unknown_token,0.0625328,$unknown,6,1,2025-03-04
cx22319ac7f412f53eabe3c9827acf5e27e9c6a95f,cx21e94c08c03daee80c25d8ee3ea22a20786ec231,hx0000000000000000000000000000000000000000,0x474f9d80,0xcb4d14eaa3c52c6012a5c20f6eec70054cb6910db818a1cacd306b2ab6b478f4,12,94192900,1196.4,1741066587931877,USDC,0.1490364875,USDC,0,1,2025-03-04
cx22319ac7f412f53eabe3c9827acf5e27e9c6a95f,cxa09dbb60dcb62fffbd232b6eae132d730a2aafa6,cx21e94c08c03daee80c25d8ee3ea22a20786ec231,0x474f9d80,0xcb4d14eaa3c52c6012a5c20f6eec70054cb6910db818a1cacd306b2ab6b478f4,9,94192900,1196.4,1741066587931877,USDC,0.1490364875,USDC,0,1,2025-03-04
cx88fd7df7ddff82f7cc735c871dc519838cb235bb,cx203d9cd2a669be67177e997b8948ce2c35caffae,cx835b300dcfe01f0bdb794e134a0c5628384f4367,0x163edcae21a5e996e,0xcb4d14eaa3c52c6012a5c20f6eec70054cb6910db818a1cacd306b2ab6b478f4,7,94192900,25.64737852539867,1741066587931877,Balanced Dollar,0.1490364875,bnUSD,0,1,2025-03-04
cx88fd7df7ddff82f7cc735c871dc519838cb235bb,cx5faae53c4dbd1fbe4a2eb4aab6565030f10da5c6,cx203d9cd2a669be67177e997b8948ce2c35caffae,0x1fc7846679362920b,0xcb4d14eaa3c52c6012a5c20f6eec70054cb6910db818a1cacd306b2ab6b478f4,5,94192900,36.63911217914096,1741066587931877,Balanced Dollar,0.1490364875,bnUSD,0,1,2025-03-04
cx88fd7df7ddff82f7cc735c871dc519838cb235bb,cx5faae53c4dbd1fbe4a2eb4aab6565030f10da5c6,cxdc30a0d3a1f131565c071272a20bc0b06fd4c17b,0x1fc7846679362920b,0xcb4d14eaa3c52c6012a5c20f6eec70054cb6910db818a1cacd306b2ab6b478f4,4,94192900,36.63911217914096,1741066587931877,Balanced Dollar,0.1490364875,bnUSD,0,1,2025-03-04
cx88fd7df7ddff82f7cc735c871dc519838cb235bb,cxa09dbb60dcb62fffbd232b6eae132d730a2aafa6,cx5faae53c4dbd1fbe4a2eb4aab6565030f10da5c6,0x31f5c4ed27680000,0xcb4d14eaa3c52c6012a5c20f6eec70054cb6910db818a1cacd306b2ab6b478f4,3,94192900,3.6,1741066587931877,Balanced Dollar,0.1490364875,bnUSD,0,1,2025-03-04
cx88fd7df7ddff82f7cc735c871dc519838cb235bb,cxa09dbb60dcb62fffbd232b6eae132d730a2aafa6,hx0000000000000000000000000000000000000000,0x40db62a5337d580000,0xcb4d14eaa3c52c6012a5c20f6eec70054cb6910db818a1cacd306b2ab6b478f4,2,94192900,1196.4,1741066587931877,Balanced Dollar,0.1490364875,bnUSD,0,1,2025-03-04
cx88fd7df7ddff82f7cc735c871dc519838cb235bb,cx21e94c08c03daee80c25d8ee3ea22a20786ec231,cxa09dbb60dcb62fffbd232b6eae132d730a2aafa6,0x410d586a20a4c00000,0xcb4d14eaa3c52c6012a5c20f6eec70054cb6910db818a1cacd306b2ab6b478f4,1,94192900,1200.0,1741066587931877,Balanced Dollar,0.1490364875,bnUSD,0,1,2025-03-04
cx88fd7df7ddff82f7cc735c871dc519838cb235bb,hxd75467e3e4ce64e3424c747dfb71503017440433,cx21e94c08c03daee80c25d8ee3ea22a20786ec231,0x410d586a20a4c00000,0xcb4d14eaa3c52c6012a5c20f6eec70054cb6910db818a1cacd306b2ab6b478f4,0,94192900,1200.0,1741066587931877,Balanced Dollar,0.1490364875,bnUSD,0,1,2025-03-04
cx7baf94bd53b505353285ee4c4c050f9703581703,hx9645117f1b0c7181a126c7f4f222caefc6ee7a61,hx9645117f1b0c7181a126c7f4f222caefc6ee7a61,0x0,0x6148082b680860e08055f5b119a22379159b0d01f7d81183e1c62af4ec601cd8,1,94192889,0.0,1741066565948630,unknown_token,0.0206365625,$unknown,16,1,2025-03-04
cx7baf94bd53b505353285ee4c4c050f9703581703,hx9645117f1b0c7181a126c7f4f222caefc6ee7a61,hx9645117f1b0c7181a126c7f4f222caefc6ee7a61,0x0,0x6148082b680860e08055f5b119a22379159b0d01f7d81183e1c62af4ec601cd8,0,94192889,0.0,1741066565948630,unknown_token,0.0206365625,$unknown,4,1,2025-03-04
cx88fd7df7ddff82f7cc735c871dc519838cb235bb,cxa0af3165c08318e988cb30993b3048335b94af6c,cx5faae53c4dbd1fbe4a2eb4aab6565030f10da5c6,0xdfed61958ac2eb,0x05d1e92d330481b478afdebcb6df20dc10ec9b1ea2929087f7eaa15ce0c52726,2,94192777,0.06302992318298596,1741066341681976,Balanced Dollar,0.0473681375,bnUSD,0,1,2025-03-04
cx88fd7df7ddff82f7cc735c871dc519838cb235bb,cxa0af3165c08318e988cb30993b3048335b94af6c,hxd75467e3e4ce64e3424c747dfb71503017440433,0x2458d411118019005,0x05d1e92d330481b478afdebcb6df20dc10ec9b1ea2929087f7eaa15ce0c52726,1,94192777,41.905221649425336,1741066341681976,Balanced Dollar,0.0473681375,bnUSD,0,1,2025-03-04
cx65c9e3d4fea842e00add0d32a5b4c5e4e04c7a6b,hxd75467e3e4ce64e3424c747dfb71503017440433,cxa0af3165c08318e988cb30993b3048335b94af6c,0x11e1a300,0x05d1e92d330481b478afdebcb6df20dc10ec9b1ea2929087f7eaa15ce0c52726,0,94192777,0.3,1741066341681976,Solana,0.0473681375,SOL,0,1,2025-03-04
cx88fd7df7ddff82f7cc735c871dc519838cb235bb,cxa0af3165c08318e988cb30993b3048335b94af6c,cx5faae53c4dbd1fbe4a2eb4aab6565030f10da5c6,0xe00c6053a01074,0xcab7eb1dfa9828ebfff8990820dd3cb1895f2a7af4b438e8d2601f78cacc36d2,2,94192765,0.06306400264257957,1741066317817347,Balanced Dollar,0.0473681375,bnUSD,0,1,2025-03-04
cx88fd7df7ddff82f7cc735c871dc519838cb235bb,cxa0af3165c08318e988cb30993b3048335b94af6c,hxd75467e3e4ce64e3424c747dfb71503017440433,0x245ddc2d4f464aec6,0xcab7eb1dfa9828ebfff8990820dd3cb1895f2a7af4b438e8d2601f78cacc36d2,1,94192765,41.92788232577828,1741066317817347,Balanced Dollar,0.0473681375,bnUSD,0,1,2025-03-04
cx65c9e3d4fea842e00add0d32a5b4c5e4e04c7a6b,hxd75467e3e4ce64e3424c747dfb71503017440433,cxa0af3165c08318e988cb30993b3048335b94af6c,0x11e1a300,0xcab7eb1dfa9828ebfff8990820dd3cb1895f2a7af4b438e8d2601f78cacc36d2,0,94192765,0.3,1741066317817347,Solana,0.0473681375,SOL,0,1,2025-03-04
cx65c9e3d4fea842e00add0d32a5b4c5e4e04c7a6b,hx0000000000000000000000000000000000000000,hxd75467e3e4ce64e3424c747dfb71503017440433,0xb263b188,0xddb9aa8d7a0d43bd3cc91525a295c9e1eebdaeaf0878d6368a5911b8dea8f083,1,94192736,2.99287796,1741066259748637,Solana,0.022660075,SOL,0,1,2025-03-04
cx88fd7df7ddff82f7cc735c871dc519838cb235bb,cxa0af3165c08318e988cb30993b3048335b94af6c,cx5faae53c4dbd1fbe4a2eb4aab6565030f10da5c6,0xeeb770e72f6800,0xa0d04125d94643795f927feb7f5b7ca72d2fa5cc2b4747d487ddcd08eb6bbf5c,2,94192690,0.06719274,1741066167761709,Balanced Dollar,0.0563627125,bnUSD,0,1,2025-03-04
cx4297f4b63262507623b6ad575d0d8dd2db980e4e,cxa0af3165c08318e988cb30993b3048335b94af6c,hxd75467e3e4ce64e3424c747dfb71503017440433,0x37a6bd01390f0b11,0xa0d04125d94643795f927feb7f5b7ca72d2fa5cc2b4747d487ddcd08eb6bbf5c,1,94192690,4.01010033116991,1741066167761709,Injective,0.0563627125,INJ,0,1,2025-03-04
cx88fd7df7ddff82f7cc735c871dc519838cb235bb,hxd75467e3e4ce64e3424c747dfb71503017440433,cxa0af3165c08318e988cb30993b3048335b94af6c,0x26da860af60c98000,0xa0d04125d94643795f927feb7f5b7ca72d2fa5cc2b4747d487ddcd08eb6bbf5c,0,94192690,44.79516,1741066167761709,Balanced Dollar,0.0563627125,bnUSD,0,1,2025-03-04
cxb8cf9a4700e0c804b780978bf9d9de759c62e787,hx0000000000000000000000000000000000000000,cx66d4d90f5f113eba575bf793570135f9b10cece1,0x4557748f00,0x8b43dfae36bf28544e22baed8c2b7e969c3f81763d8ac7fb0367d20f4d67edfd,1,94192679,297.82,1741066145619728,Mirai Staked SUI,0.0366572375,mSUI,0,1,2025-03-04
cx88fd7df7ddff82f7cc735c871dc519838cb235bb,cxa0af3165c08318e988cb30993b3048335b94af6c,cx5faae53c4dbd1fbe4a2eb4aab6565030f10da5c6,0xe02b6582020c39,0xeb599130411dc3e570bc0c01941341d3e75a63afca59ebbfd7fc1a36200b57f6,2,94192666,0.06309810975605049,1741066119608656,Balanced Dollar,0.047366825,bnUSD,0,1,2025-03-04
cx88fd7df7ddff82f7cc735c871dc519838cb235bb,cxa0af3165c08318e988cb30993b3048335b94af6c,hxd75467e3e4ce64e3424c747dfb71503017440433,0x2462e5552b3c06ddb,0xeb599130411dc3e570bc0c01941341d3e75a63afca59ebbfd7fc1a36200b57f6,1,94192666,41.95056139269416,1741066119608656,Balanced Dollar,0.047366825,bnUSD,0,1,2025-03-04
cx65c9e3d4fea842e00add0d32a5b4c5e4e04c7a6b,hxd75467e3e4ce64e3424c747dfb71503017440433,cxa0af3165c08318e988cb30993b3048335b94af6c,0x11e1a300,0xeb599130411dc3e570bc0c01941341d3e75a63afca59ebbfd7fc1a36200b57f6,0,94192666,0.3,1741066119608656,Solana,0.047366825,SOL,0,1,2025-03-04
cx88fd7df7ddff82f7cc735c871dc519838cb235bb,cxa0af3165c08318e988cb30993b3048335b94af6c,cx5faae53c4dbd1fbe4a2eb4aab6565030f10da5c6,0xee80ed08c6fff3,0x490e96746a097e802c87bb7b5e8a594bba6274351f6f381a08585e9b9a325493,2,94192650,0.06713279999999999,1741066087690346,Balanced Dollar,0.0563627125,bnUSD,0,1,2025-03-04
cx4297f4b63262507623b6ad575d0d8dd2db980e4e,cxa0af3165c08318e988cb30993b3048335b94af6c,hxd75467e3e4ce64e3424c747dfb71503017440433,0x37a0dfc7541b815a,0x490e96746a097e802c87bb7b5e8a594bba6274351f6f381a08585e9b9a325493,1,94192650,4.008449715562316,1741066087690346,Injective,0.0563627125,INJ,0,1,2025-03-04
cx88fd7df7ddff82f7cc735c871dc519838cb235bb,hxd75467e3e4ce64e3424c747dfb71503017440433,cxa0af3165c08318e988cb30993b3048335b94af6c,0x26d1a6946db8fe000,0x490e96746a097e802c87bb7b5e8a594bba6274351f6f381a08585e9b9a325493,0,94192650,44.755199999999995,1741066087690346,Balanced Dollar,0.0563627125,bnUSD,0,1,2025-03-04
cx88fd7df7ddff82f7cc735c871dc519838cb235bb,cxa0af3165c08318e988cb30993b3048335b94af6c,cx5faae53c4dbd1fbe4a2eb4aab6565030f10da5c6,0xee80ed08c6fff3,0x53bb3f2855d5ed88ad8c365b3661c0d6552fc68428ac6d4f670c2141793b7818,2,94192641,0.06713279999999999,1741066069585684,Balanced Dollar,0.0563627125,bnUSD,0,1,2025-03-04
cx4297f4b63262507623b6ad575d0d8dd2db980e4e,cxa0af3165c08318e988cb30993b3048335b94af6c,hxd75467e3e4ce64e3424c747dfb71503017440433,0x37a7b887020822e4,0x53bb3f2855d5ed88ad8c365b3661c0d6552fc68428ac6d4f670c2141793b7818,1,94192641,4.010376883190899,1741066069585684,Injective,0.0563627125,INJ,0,1,2025-03-04
cx88fd7df7ddff82f7cc735c871dc519838cb235bb,hxd75467e3e4ce64e3424c747dfb71503017440433,cxa0af3165c08318e988cb30993b3048335b94af6c,0x26d1a6946db8fe000,0x53bb3f2855d5ed88ad8c365b3661c0d6552fc68428ac6d4f670c2141793b7818,0,94192641,44.755199999999995,1741066069585684,Balanced Dollar,0.0563627125,bnUSD,0,1,2025-03-04
cxf61cd5a45dc9f91c15aa65831a30a90d59a09619,cx9345f80d6c98357ccbb70392b14162199c2c5f66,cxd82fb5d3effecd8c9071a4bba3856ad7222c4b91,0x105cda1bf2e2bc0,0xd02c3ce1589bd2d60ede66734bb3578ac04c17d90aefb800470e182c2506b8c2,4,94192440,0.07369106350238407,1741065667588844,Balance Token,0.1304158625,BALN,0,1,2025-03-04
cx2609b924e33ef00b648a409245c7ea394c467824,cx9345f80d6c98357ccbb70392b14162199c2c5f66,cxd82fb5d3effecd8c9071a4bba3856ad7222c4b91,0x11ffc5f4ce211834,0xd02c3ce1589bd2d60ede66734bb3578ac04c17d90aefb800470e182c2506b8c2,3,94192440,1.2969728729269596,1741065667588844,Staked ICX,0.1304158625,sICX,0,1,2025-03-04
cx88fd7df7ddff82f7cc735c871dc519838cb235bb,hx0000000000000000000000000000000000000000,cx5faae53c4dbd1fbe4a2eb4aab6565030f10da5c6,0x0,0xd02c3ce1589bd2d60ede66734bb3578ac04c17d90aefb800470e182c2506b8c2,2,94192440,0.0,1741065667588844,Balanced Dollar,0.1304158625,bnUSD,0,1,2025-03-04
cx88fd7df7ddff82f7cc735c871dc519838cb235bb,hx0000000000000000000000000000000000000000,cxd82fb5d3effecd8c9071a4bba3856ad7222c4b91,0x2e9ec6082dccdd6,0xd02c3ce1589bd2d60ede66734bb3578ac04c17d90aefb800470e182c2506b8c2,1,94192440,0.20995875690596297,1741065667588844,Balanced Dollar,0.1304158625,bnUSD,0,1,2025-03-04
cx88fd7df7ddff82f7cc735c871dc519838cb235bb,hxc0a2c4b422657ff499640f07606b1516e9935b9b,cxd82fb5d3effecd8c9071a4bba3856ad7222c4b91,0x3e1052d783661e65f0e,0xd02c3ce1589bd2d60ede66734bb3578ac04c17d90aefb800470e182c2506b8c2,0,94192440,18317.989951712694,1741065667588844,Balanced Dollar,0.1304158625,bnUSD,0,1,2025-03-04
cxf61cd5a45dc9f91c15aa65831a30a90d59a09619,cxd82fb5d3effecd8c9071a4bba3856ad7222c4b91,hxc0a2c4b422657ff499640f07606b1516e9935b9b,0x56f8d239d2eb4bbe,0x04d44df796e5ebddc001bb1124299e38d5ab5743c947f209a29dc03ecabc22ac,7,94192396,6.2669900272796495,1741065579482457,Balance Token,0.2229741625,BALN,0,2,2025-03-04
cx88fd7df7ddff82f7cc735c871dc519838cb235bb,cxd82fb5d3effecd8c9071a4bba3856ad7222c4b91,hxc0a2c4b422657ff499640f07606b1516e9935b9b,0xf896e2fcfcea4932,0x04d44df796e5ebddc001bb1124299e38d5ab5743c947f209a29dc03ecabc22ac,6,94192396,17.912754144115574,1741065579482457,Balanced Dollar,0.2229741625,bnUSD,0,2,2025-03-04
cx2609b924e33ef00b648a409245c7ea394c467824,cxd82fb5d3effecd8c9071a4bba3856ad7222c4b91,hxc0a2c4b422657ff499640f07606b1516e9935b9b,0x5fdbb4b747ca0ebbd,0x04d44df796e5ebddc001bb1124299e38d5ab5743c947f209a29dc03ecabc22ac,5,94192396,110.51701044446763,1741065579482457,Staked ICX,0.2229741625,sICX,0,2,2025-03-04
cxf61cd5a45dc9f91c15aa65831a30a90d59a09619,cx9345f80d6c98357ccbb70392b14162199c2c5f66,cxd82fb5d3effecd8c9071a4bba3856ad7222c4b91,0x64fd12247f0f6050,0x04d44df796e5ebddc001bb1124299e38d5ab5743c947f209a29dc03ecabc22ac,3,94192396,7.276992520860427,1741065579482457,Balance Token,0.2229741625,BALN,0,2,2025-03-04
cx2609b924e33ef00b648a409245c7ea394c467824,cx9345f80d6c98357ccbb70392b14162199c2c5f66,cxd82fb5d3effecd8c9071a4bba3856ad7222c4b91,0x6f1699c2e8344160f,0x04d44df796e5ebddc001bb1124299e38d5ab5743c947f209a29dc03ecabc22ac,2,94192396,128.07607120153727,1741065579482457,Staked ICX,0.2229741625,sICX,0,2,2025-03-04
cx88fd7df7ddff82f7cc735c871dc519838cb235bb,hx0000000000000000000000000000000000000000,cx5faae53c4dbd1fbe4a2eb4aab6565030f10da5c6,0x0,0x04d44df796e5ebddc001bb1124299e38d5ab5743c947f209a29dc03ecabc22ac,1,94192396,0.0,1741065579482457,Balanced Dollar,0.2229741625,bnUSD,0,2,2025-03-04
cx88fd7df7ddff82f7cc735c871dc519838cb235bb,hx0000000000000000000000000000000000000000,cxd82fb5d3effecd8c9071a4bba3856ad7222c4b91,0x11f8b29adfbbe3e2e,0x04d44df796e5ebddc001bb1124299e38d5ab5743c947f209a29dc03ecabc22ac,0,94192396,20.71970033787773,1741065579482457,Balanced Dollar,0.2229741625,bnUSD,0,2,2025-03-04
cxf61cd5a45dc9f91c15aa65831a30a90d59a09619,cx10d59e8103ab44635190bd4139dbfd682fa2d07e,hxc0a2c4b422657ff499640f07606b1516e9935b9b,0xe47403cab72868b8,0x6973ef2a2ad9a8ed0e6a431a4e5e42ba22f3560c72d47245744d767ef831f1e4,5,94192396,16.46178670713716,1741065579482457,Balance Token,0.16259615,BALN,0,1,2025-03-04
cx2609b924e33ef00b648a409245c7ea394c467824,cx10d59e8103ab44635190bd4139dbfd682fa2d07e,hxc0a2c4b422657ff499640f07606b1516e9935b9b,0x100a94bd08af3596a1,0x6973ef2a2ad9a8ed0e6a431a4e5e42ba22f3560c72d47245744d767ef831f1e4,3,94192396,295.9103472612822,1741065579482457,Staked ICX,0.16259615,sICX,0,1,2025-03-04
cx2609b924e33ef00b648a409245c7ea394c467824,hx247e7c6b63c63d5b04c539373a0fbcffbdedd358,cx66d4d90f5f113eba575bf793570135f9b10cece1,0x165a3929baeed71bf,0x2a29bba905daf440f27d34cc88b6c454b0484ee8eee71a1bf3d7c8fe94089315,1,94192369,25.770602690096492,1741065525560991,Staked ICX,0.0952577,sICX,0,1,2025-03-04
cx2609b924e33ef00b648a409245c7ea394c467824,hx247e7c6b63c63d5b04c539373a0fbcffbdedd358,cxa0af3165c08318e988cb30993b3048335b94af6c,0x411b7b0e75b5f0a6a,0x656d3063bcb48ee45aa4b241a04b616114f4658afe97bd252896cfdfa3114ecb,0,94192345,75.06365982193792,1741065477505252,Staked ICX,0.03123405,sICX,0,1,2025-03-04
cx3975b43d260fb8ec802cef6e60c2f4d07486f11d,hx247e7c6b63c63d5b04c539373a0fbcffbdedd358,cxa0af3165c08318e988cb30993b3048335b94af6c,0x55de6a779bbac0000,0x68f1ae60e6ec62a9820786ec0e8e633b306c497e6e6cd7fbfe8533a43dc3cfe4,1,94192343,99.0,1741065473385126,Wrapped ICX,0.0165668375,wICX,0,2,2025-03-04
cx3975b43d260fb8ec802cef6e60c2f4d07486f11d,hx0000000000000000000000000000000000000000,hx247e7c6b63c63d5b04c539373a0fbcffbdedd358,0x55de6a779bbac0000,0x68f1ae60e6ec62a9820786ec0e8e633b306c497e6e6cd7fbfe8533a43dc3cfe4,0,94192343,99.0,1741065473385126,Wrapped ICX,0.0165668375,wICX,0,2,2025-03-04
cxf61cd5a45dc9f91c15aa65831a30a90d59a09619,cx10d59e8103ab44635190bd4139dbfd682fa2d07e,hx247e7c6b63c63d5b04c539373a0fbcffbdedd358,0x22265fcf7f163af4,0xfc8b20dc573bdf460171a2fc8c6ea90913a70b6f19257ffa4b0e134465bb56c7,3,94192332,2.460759591199587,1741065451509346,Balance Token,0.090885975,BALN,0,1,2025-03-04
cx2609b924e33ef00b648a409245c7ea394c467824,cx10d59e8103ab44635190bd4139dbfd682fa2d07e,hx247e7c6b63c63d5b04c539373a0fbcffbdedd358,0x5775b43830a4c7c28,0xfc8b20dc573bdf460171a2fc8c6ea90913a70b6f19257ffa4b0e134465bb56c7,1,94192332,100.83426251203441,1741065451509346,Staked ICX,0.090885975,sICX,0,1,2025-03-04
cxf0a30d09ade391d7b570908b9b46cfa5b3cbc8f8,hxd75467e3e4ce64e3424c747dfb71503017440433,hx0000000000000000000000000000000000000000,0x40727b3c52abcd93857,0xde1474e7d651af27484ffd7289bf3ccd38d0df79d69e414b9e0bfa8bc4d71552,0,94192316,19021.453986970206,1741065419365674,HiYield Treasury Bill Vault,0.0247838625,hyTB,0,1,2025-03-04
cxf0a30d09ade391d7b570908b9b46cfa5b3cbc8f8,cxa09dbb60dcb62fffbd232b6eae132d730a2aafa6,hxd75467e3e4ce64e3424c747dfb71503017440433,0x40727b3c52a8429009c,0xa5cdd3cd079408fad547ff434d5a6ef57e7e4e59abaf7a0995ace0518768188c,3,94192282,19021.453986969256,1741065351475691,HiYield Treasury Bill Vault,0.050962525,hyTB,0,1,2025-03-04
cx88fd7df7ddff82f7cc735c871dc519838cb235bb,cxa09dbb60dcb62fffbd232b6eae132d730a2aafa6,cx5faae53c4dbd1fbe4a2eb4aab6565030f10da5c6,0x340aad21b3b700000,0xa5cdd3cd079408fad547ff434d5a6ef57e7e4e59abaf7a0995ace0518768188c,2,94192282,60.0,1741065351475691,Balanced Dollar,0.050962525,bnUSD,0,1,2025-03-04
cx88fd7df7ddff82f7cc735c871dc519838cb235bb,cxa09dbb60dcb62fffbd232b6eae132d730a2aafa6,hx0000000000000000000000000000000000000000,0x438f316c15a29100000,0xa5cdd3cd079408fad547ff434d5a6ef57e7e4e59abaf7a0995ace0518768188c,1,94192282,19940.0,1741065351475691,Balanced Dollar,0.050962525,bnUSD,0,1,2025-03-04
cx88fd7df7ddff82f7cc735c871dc519838cb235bb,hxd75467e3e4ce64e3424c747dfb71503017440433,cxa09dbb60dcb62fffbd232b6eae132d730a2aafa6,0x43c33c1937564800000,0xa5cdd3cd079408fad547ff434d5a6ef57e7e4e59abaf7a0995ace0518768188c,0,94192282,20000.0,1741065351475691,Balanced Dollar,0.050962525,bnUSD,0,1,2025-03-04
cx88fd7df7ddff82f7cc735c871dc519838cb235bb,cxd82fb5d3effecd8c9071a4bba3856ad7222c4b91,hxd75467e3e4ce64e3424c747dfb71503017440433,0x42a88a161f403350000,0x9a943c785ff3d710cab1935dc6863111d5a194361e95a2973f3baeaba6eb3664,0,94192254,19674.074440535445,1741065295341207,Balanced Dollar,0.0206999375,bnUSD,0,1,2025-03-04
cx88fd7df7ddff82f7cc735c871dc519838cb235bb,cx21e94c08c03daee80c25d8ee3ea22a20786ec231,hx2debd9ec927cca1639da8d3518dd9dbf1cdfb357,0x1912c08a7f51f31250,0x55d1425ca7121885fe6c5a2fd14321b6ab06bd95e55ef9edb61c6575e25a4072,5,94192249,462.5198340103903,1741065285318378,Balanced Dollar,0.0885141125,bnUSD,0,1,2025-03-04
cx88fd7df7ddff82f7cc735c871dc519838cb235bb,cxa0af3165c08318e988cb30993b3048335b94af6c,cx5faae53c4dbd1fbe4a2eb4aab6565030f10da5c6,0x9a5a3e349775f4f,0x55d1425ca7121885fe6c5a2fd14321b6ab06bd95e55ef9edb61c6575e25a4072,3,94192249,0.6951419140840733,1741065285318378,Balanced Dollar,0.0885141125,bnUSD,0,1,2025-03-04
cx88fd7df7ddff82f7cc735c871dc519838cb235bb,cxa0af3165c08318e988cb30993b3048335b94af6c,cx21e94c08c03daee80c25d8ee3ea22a20786ec231,0x1912c08a7f51f31250,0x55d1425ca7121885fe6c5a2fd14321b6ab06bd95e55ef9edb61c6575e25a4072,2,94192249,462.5198340103903,1741065285318378,Balanced Dollar,0.0885141125,bnUSD,0,1,2025-03-04
cx288d13e1b63563459a2ac6179f237711f6851cb5,cx21e94c08c03daee80c25d8ee3ea22a20786ec231,cxa0af3165c08318e988cb30993b3048335b94af6c,0x30d98d59a960000,0x55d1425ca7121885fe6c5a2fd14321b6ab06bd95e55ef9edb61c6575e25a4072,1,94192249,0.22,1741065285318378,Ethereum,0.0885141125,ETH,0,1,2025-03-04
cx288d13e1b63563459a2ac6179f237711f6851cb5,hx2debd9ec927cca1639da8d3518dd9dbf1cdfb357,cx21e94c08c03daee80c25d8ee3ea22a20786ec231,0x30d98d59a960000,0x55d1425ca7121885fe6c5a2fd14321b6ab06bd95e55ef9edb61c6575e25a4072,0,94192249,0.22,1741065285318378,Ethereum,0.0885141125,ETH,0,1,2025-03-04
cxf0a30d09ade391d7b570908b9b46cfa5b3cbc8f8,cxa09dbb60dcb62fffbd232b6eae132d730a2aafa6,hxd75467e3e4ce64e3424c747dfb71503017440433,0x38b037bb,0xe5b63788f85822a779e0f37caadf2e6404688c7880299916d14f4b890a06ba95,3,94192225,9.51072699e-10,1741065237304920,HiYield Treasury Bill Vault,0.0508697125,hyTB,0,1,2025-03-04
cx88fd7df7ddff82f7cc735c871dc519838cb235bb,cxa09dbb60dcb62fffbd232b6eae132d730a2aafa6,cx5faae53c4dbd1fbe4a2eb4aab6565030f10da5c6,0x2dc6c0,0xe5b63788f85822a779e0f37caadf2e6404688c7880299916d14f4b890a06ba95,2,94192225,3e-12,1741065237304920,Balanced Dollar,0.0508697125,bnUSD,0,1,2025-03-04
cx88fd7df7ddff82f7cc735c871dc519838cb235bb,cxa09dbb60dcb62fffbd232b6eae132d730a2aafa6,hx0000000000000000000000000000000000000000,0x3b6d0340,0xe5b63788f85822a779e0f37caadf2e6404688c7880299916d14f4b890a06ba95,1,94192225,9.97e-10,1741065237304920,Balanced Dollar,0.0508697125,bnUSD,0,1,2025-03-04
cx88fd7df7ddff82f7cc735c871dc519838cb235bb,hxd75467e3e4ce64e3424c747dfb71503017440433,cxa09dbb60dcb62fffbd232b6eae132d730a2aafa6,0x3b9aca00,0xe5b63788f85822a779e0f37caadf2e6404688c7880299916d14f4b890a06ba95,0,94192225,1e-09,1741065237304920,Balanced Dollar,0.0508697125,bnUSD,0,1,2025-03-04
cx88fd7df7ddff82f7cc735c871dc519838cb235bb,cx21e94c08c03daee80c25d8ee3ea22a20786ec231,hx2debd9ec927cca1639da8d3518dd9dbf1cdfb357,0x12119915f5662a70b7,0x83689319604b912a1ae9cb634202c8a0d5b828fccded26068d5e362efefc67a3,5,94192181,333.3094622405787,1741065149279447,Balanced Dollar,0.088410925,bnUSD,0,2,2025-03-04
cx88fd7df7ddff82f7cc735c871dc519838cb235bb,cxa0af3165c08318e988cb30993b3048335b94af6c,cx5faae53c4dbd1fbe4a2eb4aab6565030f10da5c6,0x6f25fb2a45dadaf,0x83689319604b912a1ae9cb634202c8a0d5b828fccded26068d5e362efefc67a3,3,94192181,0.5005677294579665,1741065149279447,Balanced Dollar,0.088410925,bnUSD,0,2,2025-03-04
cx88fd7df7ddff82f7cc735c871dc519838cb235bb,cxa0af3165c08318e988cb30993b3048335b94af6c,cx21e94c08c03daee80c25d8ee3ea22a20786ec231,0x12119915f5662a70b7,0x83689319604b912a1ae9cb634202c8a0d5b828fccded26068d5e362efefc67a3,2,94192181,333.3094622405787,1741065149279447,Balanced Dollar,0.088410925,bnUSD,0,2,2025-03-04
cx4297f4b63262507623b6ad575d0d8dd2db980e4e,cx21e94c08c03daee80c25d8ee3ea22a20786ec231,cxa0af3165c08318e988cb30993b3048335b94af6c,0x1a055690d9db80000,0x83689319604b912a1ae9cb634202c8a0d5b828fccded26068d5e362efefc67a3,1,94192181,30.0,1741065149279447,Injective,0.088410925,INJ,0,2,2025-03-04
cx4297f4b63262507623b6ad575d0d8dd2db980e4e,hx2debd9ec927cca1639da8d3518dd9dbf1cdfb357,cx21e94c08c03daee80c25d8ee3ea22a20786ec231,0x1a055690d9db80000,0x83689319604b912a1ae9cb634202c8a0d5b828fccded26068d5e362efefc67a3,0,94192181,30.0,1741065149279447,Injective,0.088410925,INJ,0,2,2025-03-04
cx2609b924e33ef00b648a409245c7ea394c467824,cxa0af3165c08318e988cb30993b3048335b94af6c,hx14125b7587333c8d62bb9e11a875021e38d5b73b,0x1,0x4907f8616066fe62df7f3b14f5c628ab5b48b481bb3a750d0ba5c0e1f4983446,3,94192172,1e-18,1741065131494477,Staked ICX,0.043754125,sICX,0,1,2025-03-04
cx2609b924e33ef00b648a409245c7ea394c467824,hx14125b7587333c8d62bb9e11a875021e38d5b73b,cxa0af3165c08318e988cb30993b3048335b94af6c,0x18afd3c52ce284cbd3,0xf5100c14c4bed35d232984f60812118408dafc8a486ac8e6314491a2e5ebd34c,0,94192168,455.39154474232214,1741065123267017,Staked ICX,0.03120455,sICX,0,1,2025-03-04
cx3975b43d260fb8ec802cef6e60c2f4d07486f11d,hx14125b7587333c8d62bb9e11a875021e38d5b73b,cxa0af3165c08318e988cb30993b3048335b94af6c,0x208f18dd7af9b37d5b,0xaf7474b58479a2e2537ca0263e2355c3c735d2dc5e2afc3701c70b2b83166211,1,94192164,600.6070452258155,1741065115459518,Wrapped ICX,0.0165693375,wICX,0,1,2025-03-04
cx3975b43d260fb8ec802cef6e60c2f4d07486f11d,hx0000000000000000000000000000000000000000,hx14125b7587333c8d62bb9e11a875021e38d5b73b,0x208f18dd7af9b37d5b,0xaf7474b58479a2e2537ca0263e2355c3c735d2dc5e2afc3701c70b2b83166211,0,94192164,600.6070452258155,1741065115459518,Wrapped ICX,0.0165693375,wICX,0,1,2025-03-04
cxf61cd5a45dc9f91c15aa65831a30a90d59a09619,cx10d59e8103ab44635190bd4139dbfd682fa2d07e,hx14125b7587333c8d62bb9e11a875021e38d5b73b,0x99ce3a66fb7d9ec5,0xa685c7d8ac06a81b1d35626b96af5ff01d5a0ca9a9273b4fd4941f94a7bc69b5,3,94192150,11.082859946985758,1741065087257726,Balance Token,0.071946125,BALN,0,1,2025-03-04
cx2609b924e33ef00b648a409245c7ea394c467824,cx10d59e8103ab44635190bd4139dbfd682fa2d07e,hx14125b7587333c8d62bb9e11a875021e38d5b73b,0x18afd3c52ce284cbd3,0xa685c7d8ac06a81b1d35626b96af5ff01d5a0ca9a9273b4fd4941f94a7bc69b5,1,94192150,455.39154474232214,1741065087257726,Staked ICX,0.071946125,sICX,0,1,2025-03-04
cxf61cd5a45dc9f91c15aa65831a30a90d59a09619,cx10d59e8103ab44635190bd4139dbfd682fa2d07e,hx4f56b2b11cf299e00b640a10dddc2fac260004b7,0x712518b482968c6b,0xb2781cd3ae90c96d04c83a530eb770ccfe23932bfc67ba9e42cdd713f23c8655,3,94192133,8.152949863988235,1741065053241465,Balance Token,0.09089485,BALN,0,1,2025-03-04
cx2609b924e33ef00b648a409245c7ea394c467824,cx10d59e8103ab44635190bd4139dbfd682fa2d07e,hx4f56b2b11cf299e00b640a10dddc2fac260004b7,0x1231c0bab89bff2bde,0xb2781cd3ae90c96d04c83a530eb770ccfe23932bfc67ba9e42cdd713f23c8655,1,94192133,335.6264639322128,1741065053241465,Staked ICX,0.09089485,sICX,0,1,2025-03-04
cx88fd7df7ddff82f7cc735c871dc519838cb235bb,cx21e94c08c03daee80c25d8ee3ea22a20786ec231,hx2debd9ec927cca1639da8d3518dd9dbf1cdfb357,0x122243cdfa1bbc6d0e,0xe7531201ec135b7f2b74644bf1f7f0bda95802a7132c6654ce411cb3e8dde7c7,5,94192119,334.51043682159195,1741065025370633,Balanced Dollar,0.088410925,bnUSD,0,2,2025-03-04
cx88fd7df7ddff82f7cc735c871dc519838cb235bb,cxa0af3165c08318e988cb30993b3048335b94af6c,cx5faae53c4dbd1fbe4a2eb4aab6565030f10da5c6,0x6f8c69da5d8c3fc,0xe7531201ec135b7f2b74644bf1f7f0bda95802a7132c6654ce411cb3e8dde7c7,3,94192119,0.502369738846422,1741065025370633,Balanced Dollar,0.088410925,bnUSD,0,2,2025-03-04
cx88fd7df7ddff82f7cc735c871dc519838cb235bb,cxa0af3165c08318e988cb30993b3048335b94af6c,cx21e94c08c03daee80c25d8ee3ea22a20786ec231,0x122243cdfa1bbc6d0e,0xe7531201ec135b7f2b74644bf1f7f0bda95802a7132c6654ce411cb3e8dde7c7,2,94192119,334.51043682159195,1741065025370633,Balanced Dollar,0.088410925,bnUSD,0,2,2025-03-04
cx4297f4b63262507623b6ad575d0d8dd2db980e4e,cx21e94c08c03daee80c25d8ee3ea22a20786ec231,cxa0af3165c08318e988cb30993b3048335b94af6c,0x1a055690d9db80000,0xe7531201ec135b7f2b74644bf1f7f0bda95802a7132c6654ce411cb3e8dde7c7,1,94192119,30.0,1741065025370633,Injective,0.088410925,INJ,0,2,2025-03-04
cx4297f4b63262507623b6ad575d0d8dd2db980e4e,hx2debd9ec927cca1639da8d3518dd9dbf1cdfb357,cx21e94c08c03daee80c25d8ee3ea22a20786ec231,0x1a055690d9db80000,0xe7531201ec135b7f2b74644bf1f7f0bda95802a7132c6654ce411cb3e8dde7c7,0,94192119,30.0,1741065025370633,Injective,0.088410925,INJ,0,2,2025-03-04
cx88fd7df7ddff82f7cc735c871dc519838cb235bb,cxa0af3165c08318e988cb30993b3048335b94af6c,cx5faae53c4dbd1fbe4a2eb4aab6565030f10da5c6,0xe04a7122796e8c,0x9da1920472d33df11a058c6b3864fc82fbd94dd6332cd5a68f1bb19e69bc568f,2,94192065,0.06313224455333032,1741064917334303,Balanced Dollar,0.0473655125,bnUSD,0,1,2025-03-04
cx88fd7df7ddff82f7cc735c871dc519838cb235bb,cxa0af3165c08318e988cb30993b3048335b94af6c,hxd75467e3e4ce64e3424c747dfb71503017440433,0x2467ef88ef8b0e1d9,0x9da1920472d33df11a058c6b3864fc82fbd94dd6332cd5a68f1bb19e69bc568f,1,94192065,41.97325887008099,1741064917334303,Balanced Dollar,0.0473655125,bnUSD,0,1,2025-03-04
cx65c9e3d4fea842e00add0d32a5b4c5e4e04c7a6b,hxd75467e3e4ce64e3424c747dfb71503017440433,cxa0af3165c08318e988cb30993b3048335b94af6c,0x11e1a300,0x9da1920472d33df11a058c6b3864fc82fbd94dd6332cd5a68f1bb19e69bc568f,0,94192065,0.3,1741064917334303,Solana,0.0473655125,SOL,0,1,2025-03-04
cx88fd7df7ddff82f7cc735c871dc519838cb235bb,cxa0af3165c08318e988cb30993b3048335b94af6c,cx5faae53c4dbd1fbe4a2eb4aab6565030f10da5c6,0xe0698336cf8dfb,0xd2fb699cd0bb013d23b0b689df2c3e05b7f27daed71dc08eaf0e427537e1c21f,2,94192030,0.06316640706439117,1741064847175402,Balanced Dollar,0.0473655125,bnUSD,0,1,2025-03-04
cx88fd7df7ddff82f7cc735c871dc519838cb235bb,cxa0af3165c08318e988cb30993b3048335b94af6c,hxd75467e3e4ce64e3424c747dfb71503017440433,0x246cfac8e676d4f8a,0xd2fb699cd0bb013d23b0b689df2c3e05b7f27daed71dc08eaf0e427537e1c21f,1,94192030,41.99597477787371,1741064847175402,Balanced Dollar,0.0473655125,bnUSD,0,1,2025-03-04
cx65c9e3d4fea842e00add0d32a5b4c5e4e04c7a6b,hxd75467e3e4ce64e3424c747dfb71503017440433,cxa0af3165c08318e988cb30993b3048335b94af6c,0x11e1a300,0xd2fb699cd0bb013d23b0b689df2c3e05b7f27daed71dc08eaf0e427537e1c21f,0,94192030,0.3,1741064847175402,Solana,0.0473655125,SOL,0,1,2025-03-04
cx88fd7df7ddff82f7cc735c871dc519838cb235bb,cxa0af3165c08318e988cb30993b3048335b94af6c,cx5faae53c4dbd1fbe4a2eb4aab6565030f10da5c6,0xeffe881da1d800,0x5d1f5bedbc70194cb52b9b4e2801b0260abe880ffd5b7e7c365009eb1cb1256d,2,94192025,0.06755238,1741064837169087,Balanced Dollar,0.0563614,bnUSD,0,1,2025-03-04
cx4297f4b63262507623b6ad575d0d8dd2db980e4e,cxa0af3165c08318e988cb30993b3048335b94af6c,hxd75467e3e4ce64e3424c747dfb71503017440433,0x37a0dcf403619667,0x5d1f5bedbc70194cb52b9b4e2801b0260abe880ffd5b7e7c365009eb1cb1256d,1,94192025,4.008446608946599,1741064837169087,Injective,0.0563614,INJ,0,1,2025-03-04
cx88fd7df7ddff82f7cc735c871dc519838cb235bb,hxd75467e3e4ce64e3424c747dfb71503017440433,cxa0af3165c08318e988cb30993b3048335b94af6c,0x270fc2d2280228000,0x5d1f5bedbc70194cb52b9b4e2801b0260abe880ffd5b7e7c365009eb1cb1256d,0,94192025,45.03492,1741064837169087,Balanced Dollar,0.0563614,bnUSD,0,1,2025-03-04
cx88fd7df7ddff82f7cc735c871dc519838cb235bb,cxa0af3165c08318e988cb30993b3048335b94af6c,hx4dc7903504bb800a462378348a42f53742759e0b,0x364c2eff76e3f80,0x33b2b9207a768901fa807fb8c310c108001a46a8004a6663027b495287ea1751,3,94192019,0.24453461568901927,1741064825298735,Balanced Dollar,0.0347549,bnUSD,0,3,2025-03-04
cx288d13e1b63563459a2ac6179f237711f6851cb5,hx4dc7903504bb800a462378348a42f53742759e0b,cxa0af3165c08318e988cb30993b3048335b94af6c,0x887e7453dc3f90,0x911b48533fea11f736be9163ddd3fb6934d80fe9f7cf1d745d6b1879ddec567b,0,94192019,0.03841963492089845,1741064825298735,Ethereum,0.0216417,ETH,0,2,2025-03-04
cx88fd7df7ddff82f7cc735c871dc519838cb235bb,hx4dc7903504bb800a462378348a42f53742759e0b,cxa0af3165c08318e988cb30993b3048335b94af6c,0x468df89db6dae8000,0x7c80803cb3a9fdb987a662fa2f47a2a2948f010cede4709982f197dc1b970e16,0,94192019,81.34388657012019,1741064825298735,Balanced Dollar,0.02221895,bnUSD,0,1,2025-03-04
cx288d13e1b63563459a2ac6179f237711f6851cb5,cx21e94c08c03daee80c25d8ee3ea22a20786ec231,hx4dc7903504bb800a462378348a42f53742759e0b,0x888feca8b918d7,0x5893b7408f2e240904cbe6854087124573c64b654097eefcf82a1058c35966aa,12,94192017,0.03843884343840585,1741064821372664,Ethereum,0.22904115,ETH,0,2,2025-03-04
cx88fd7df7ddff82f7cc735c871dc519838cb235bb,cxa0af3165c08318e988cb30993b3048335b94af6c,cx5faae53c4dbd1fbe4a2eb4aab6565030f10da5c6,0x1b19f451b98d14e,0x5893b7408f2e240904cbe6854087124573c64b654097eefcf82a1058c35966aa,10,94192017,0.12205378408027374,1741064821372664,Balanced Dollar,0.22904115,bnUSD,0,2,2025-03-04
cx288d13e1b63563459a2ac6179f237711f6851cb5,cxa0af3165c08318e988cb30993b3048335b94af6c,cx21e94c08c03daee80c25d8ee3ea22a20786ec231,0x888feca8b918d7,0x5893b7408f2e240904cbe6854087124573c64b654097eefcf82a1058c35966aa,9,94192017,0.03843884343840585,1741064821372664,Ethereum,0.22904115,ETH,0,2,2025-03-04
cx88fd7df7ddff82f7cc735c871dc519838cb235bb,cx21e94c08c03daee80c25d8ee3ea22a20786ec231,cxa0af3165c08318e988cb30993b3048335b94af6c,0x469396ea288a1129b,0x5893b7408f2e240904cbe6854087124573c64b654097eefcf82a1058c35966aa,8,94192017,81.36918938684916,1741064821372664,Balanced Dollar,0.22904115,bnUSD,0,2,2025-03-04
cx88fd7df7ddff82f7cc735c871dc519838cb235bb,cxa0af3165c08318e988cb30993b3048335b94af6c,cx5faae53c4dbd1fbe4a2eb4aab6565030f10da5c6,0x1b2e2c2445fedec,0x5893b7408f2e240904cbe6854087124573c64b654097eefcf82a1058c35966aa,6,94192017,0.12240946389109501,1741064821372664,Balanced Dollar,0.22904115,bnUSD,0,2,2025-03-04
cx88fd7df7ddff82f7cc735c871dc519838cb235bb,cxa0af3165c08318e988cb30993b3048335b94af6c,cx21e94c08c03daee80c25d8ee3ea22a20786ec231,0x469396ea288a1129b,0x5893b7408f2e240904cbe6854087124573c64b654097eefcf82a1058c35966aa,5,94192017,81.36918938684916,1741064821372664,Balanced Dollar,0.22904115,bnUSD,0,2,2025-03-04
cx2609b924e33ef00b648a409245c7ea394c467824,cx21e94c08c03daee80c25d8ee3ea22a20786ec231,cxa0af3165c08318e988cb30993b3048335b94af6c,0x1f0bcdd2dd476b11aa,0x5893b7408f2e240904cbe6854087124573c64b654097eefcf82a1058c35966aa,4,94192017,572.6996340374668,1741064821372664,Staked ICX,0.22904115,sICX,0,2,2025-03-04
cx2609b924e33ef00b648a409245c7ea394c467824,hx0000000000000000000000000000000000000000,cx21e94c08c03daee80c25d8ee3ea22a20786ec231,0x1f0bcdd2dd476b11aa,0x5893b7408f2e240904cbe6854087124573c64b654097eefcf82a1058c35966aa,2,94192017,572.6996340374668,1741064821372664,Staked ICX,0.22904115,sICX,0,2,2025-03-04
cx88fd7df7ddff82f7cc735c871dc519838cb235bb,cx21e94c08c03daee80c25d8ee3ea22a20786ec231,hx4dc7903504bb800a462378348a42f53742759e0b,0x469701b475701972d,0xa90121b408c8e326ec8aba8a892949795388386ed3fbf9afdc79b5ed43d83745,8,94192017,81.38457885942859,1741064821372664,Balanced Dollar,0.1713480375,bnUSD,0,1,2025-03-04
cx88fd7df7ddff82f7cc735c871dc519838cb235bb,cxa0af3165c08318e988cb30993b3048335b94af6c,cx5faae53c4dbd1fbe4a2eb4aab6565030f10da5c6,0x1b2f7d062b7b692,0xa90121b408c8e326ec8aba8a892949795388386ed3fbf9afdc79b5ed43d83745,6,94192017,0.12243261427388993,1741064821372664,Balanced Dollar,0.1713480375,bnUSD,0,1,2025-03-04
cx88fd7df7ddff82f7cc735c871dc519838cb235bb,cxa0af3165c08318e988cb30993b3048335b94af6c,cx21e94c08c03daee80c25d8ee3ea22a20786ec231,0x469701b475701972d,0xa90121b408c8e326ec8aba8a892949795388386ed3fbf9afdc79b5ed43d83745,5,94192017,81.38457885942859,1741064821372664,Balanced Dollar,0.1713480375,bnUSD,0,1,2025-03-04
cx2609b924e33ef00b648a409245c7ea394c467824,cx21e94c08c03daee80c25d8ee3ea22a20786ec231,cxa0af3165c08318e988cb30993b3048335b94af6c,0x1f0bcdd2dd476b11aa,0xa90121b408c8e326ec8aba8a892949795388386ed3fbf9afdc79b5ed43d83745,4,94192017,572.6996340374668,1741064821372664,Staked ICX,0.1713480375,sICX,0,1,2025-03-04
cx2609b924e33ef00b648a409245c7ea394c467824,hx0000000000000000000000000000000000000000,cx21e94c08c03daee80c25d8ee3ea22a20786ec231,0x1f0bcdd2dd476b11aa,0xa90121b408c8e326ec8aba8a892949795388386ed3fbf9afdc79b5ed43d83745,2,94192017,572.6996340374668,1741064821372664,Staked ICX,0.1713480375,sICX,0,1,2025-03-04
cx88fd7df7ddff82f7cc735c871dc519838cb235bb,cxa0af3165c08318e988cb30993b3048335b94af6c,cx5faae53c4dbd1fbe4a2eb4aab6565030f10da5c6,0xb3ad82ba9a00687,0x092262cdffe3d2e9dd975d01bead2b80fec688f7c6469a1b92128d41b247bb49,2,94192015,0.8091967651074556,1741064817305368,Balanced Dollar,0.0705547125,bnUSD,0,2,2025-03-04
cx2609b924e33ef00b648a409245c7ea394c467824,cxa0af3165c08318e988cb30993b3048335b94af6c,hxc1718c79947e0f673296218b5b23adbd9a3b38a8,0xccaad70df0aa5b2b41,0x092262cdffe3d2e9dd975d01bead2b80fec688f7c6469a1b92128d41b247bb49,1,94192015,3775.4461144704906,1741064817305368,Staked ICX,0.0705547125,sICX,0,2,2025-03-04
cx88fd7df7ddff82f7cc735c871dc519838cb235bb,hxc1718c79947e0f673296218b5b23adbd9a3b38a8,cxa0af3165c08318e988cb30993b3048335b94af6c,0x1d3e92f1b466110000,0x092262cdffe3d2e9dd975d01bead2b80fec688f7c6469a1b92128d41b247bb49,0,94192015,539.464510071637,1741064817305368,Balanced Dollar,0.0705547125,bnUSD,0,2,2025-03-04
cx88fd7df7ddff82f7cc735c871dc519838cb235bb,cxd82fb5d3effecd8c9071a4bba3856ad7222c4b91,hxc1718c79947e0f673296218b5b23adbd9a3b38a8,0x1d3e92f1b466110000,0x0e06568cb565a74c9cefc2425b2277f2d2c06a6d8b09411fb6004e68e91678e3,0,94192015,539.464510071637,1741064817305368,Balanced Dollar,0.02068825,bnUSD,0,1,2025-03-04
cx88fd7df7ddff82f7cc735c871dc519838cb235bb,cxa0af3165c08318e988cb30993b3048335b94af6c,hx4dc7903504bb800a462378348a42f53742759e0b,0x46dacc4a52dc4ea,0xac43563ab141a42d0e738487dd0cb9df66b22759fc36db8a588c93937a3e287a,3,94192014,0.3191011091979809,1741064815351831,Balanced Dollar,0.0347549,bnUSD,0,4,2025-03-04
cx288d13e1b63563459a2ac6179f237711f6851cb5,hx4dc7903504bb800a462378348a42f53742759e0b,cxa0af3165c08318e988cb30993b3048335b94af6c,0xb2119488bde9d0,0x8b3fe511388aaab78070077f926c641bd59f778a5b262c8027a553b318a845b7,0,94192014,0.0501218755014763,1741064815351831,Ethereum,0.0216417,ETH,0,3,2025-03-04
cx4297f4b63262507623b6ad575d0d8dd2db980e4e,cx21e94c08c03daee80c25d8ee3ea22a20786ec231,hx2debd9ec927cca1639da8d3518dd9dbf1cdfb357,0x1a05473ee734c441f,0x6b8fc6bff0432a1871184dad4aeb100417ec4421457826551d8618f5cffc640d,5,94192014,29.999730485795506,1741064815351831,Injective,0.088385925,INJ,0,2,2025-03-04
cx88fd7df7ddff82f7cc735c871dc519838cb235bb,cxa0af3165c08318e988cb30993b3048335b94af6c,cx5faae53c4dbd1fbe4a2eb4aab6565030f10da5c6,0x7007ac6ec3ba7d8,0x6b8fc6bff0432a1871184dad4aeb100417ec4421457826551d8618f5cffc640d,3,94192014,0.5045381530509414,1741064815351831,Balanced Dollar,0.088385925,bnUSD,0,2,2025-03-04
cx4297f4b63262507623b6ad575d0d8dd2db980e4e,cxa0af3165c08318e988cb30993b3048335b94af6c,cx21e94c08c03daee80c25d8ee3ea22a20786ec231,0x1a05473ee734c441f,0x6b8fc6bff0432a1871184dad4aeb100417ec4421457826551d8618f5cffc640d,2,94192014,29.999730485795506,1741064815351831,Injective,0.088385925,INJ,0,2,2025-03-04
cx88fd7df7ddff82f7cc735c871dc519838cb235bb,cx21e94c08c03daee80c25d8ee3ea22a20786ec231,cxa0af3165c08318e988cb30993b3048335b94af6c,0x123bea660730afc280,0x6b8fc6bff0432a1871184dad4aeb100417ec4421457826551d8618f5cffc640d,1,94192014,336.3587687006276,1741064815351831,Balanced Dollar,0.088385925,bnUSD,0,2,2025-03-04
cx88fd7df7ddff82f7cc735c871dc519838cb235bb,hx2debd9ec927cca1639da8d3518dd9dbf1cdfb357,cx21e94c08c03daee80c25d8ee3ea22a20786ec231,0x123bea660730afc280,0x6b8fc6bff0432a1871184dad4aeb100417ec4421457826551d8618f5cffc640d,0,94192014,336.3587687006276,1741064815351831,Balanced Dollar,0.088385925,bnUSD,0,2,2025-03-04
cx88fd7df7ddff82f7cc735c871dc519838cb235bb,hx4dc7903504bb800a462378348a42f53742759e0b,cxa0af3165c08318e988cb30993b3048335b94af6c,0x5c02ea221aa2b8000,0x0388e95c8bf86326723a09229f6566fb36653d5023c1b054f059b380f39a9914,0,94192014,106.08190453823121,1741064815351831,Balanced Dollar,0.02221895,bnUSD,0,1,2025-03-04
cx288d13e1b63563459a2ac6179f237711f6851cb5,cx21e94c08c03daee80c25d8ee3ea22a20786ec231,hx4dc7903504bb800a462378348a42f53742759e0b,0xb2285e159eeecb,0x53b345839d3308a96596c8c3cd1537640a930da6a3988f2d18912d3901d9a23c,12,94192012,0.050146930409270984,1741064811301218,Ethereum,0.2290427125,ETH,0,2,2025-03-04
cx88fd7df7ddff82f7cc735c871dc519838cb235bb,cxa0af3165c08318e988cb30993b3048335b94af6c,cx5faae53c4dbd1fbe4a2eb4aab6565030f10da5c6,0x2357612b475f5e0,0x53b345839d3308a96596c8c3cd1537640a930da6a3988f2d18912d3901d9a23c,10,94192012,0.15916318455063908,1741064811301218,Balanced Dollar,0.2290427125,bnUSD,0,2,2025-03-04
cx288d13e1b63563459a2ac6179f237711f6851cb5,cxa0af3165c08318e988cb30993b3048335b94af6c,cx21e94c08c03daee80c25d8ee3ea22a20786ec231,0xb2285e159eeecb,0x53b345839d3308a96596c8c3cd1537640a930da6a3988f2d18912d3901d9a23c,9,94192012,0.050146930409270984,1741064811301218,Ethereum,0.2290427125,ETH,0,2,2025-03-04
cx88fd7df7ddff82f7cc735c871dc519838cb235bb,cx21e94c08c03daee80c25d8ee3ea22a20786ec231,cxa0af3165c08318e988cb30993b3048335b94af6c,0x5c08e260b4885a251,0x53b345839d3308a96596c8c3cd1537640a930da6a3988f2d18912d3901d9a23c,8,94192012,106.10878970042604,1741064811301218,Balanced Dollar,0.2290427125,bnUSD,0,2,2025-03-04
cx88fd7df7ddff82f7cc735c871dc519838cb235bb,cxa0af3165c08318e988cb30993b3048335b94af6c,cx5faae53c4dbd1fbe4a2eb4aab6565030f10da5c6,0x23717bb546ec30e,0x53b345839d3308a96596c8c3cd1537640a930da6a3988f2d18912d3901d9a23c,6,94192012,0.1596224051378102,1741064811301218,Balanced Dollar,0.2290427125,bnUSD,0,2,2025-03-04
cx88fd7df7ddff82f7cc735c871dc519838cb235bb,cxa0af3165c08318e988cb30993b3048335b94af6c,cx21e94c08c03daee80c25d8ee3ea22a20786ec231,0x5c08e260b4885a251,0x53b345839d3308a96596c8c3cd1537640a930da6a3988f2d18912d3901d9a23c,5,94192012,106.10878970042604,1741064811301218,Balanced Dollar,0.2290427125,bnUSD,0,2,2025-03-04
cx2609b924e33ef00b648a409245c7ea394c467824,cx21e94c08c03daee80c25d8ee3ea22a20786ec231,cxa0af3165c08318e988cb30993b3048335b94af6c,0x2884fcce93419c59e7,0x53b345839d3308a96596c8c3cd1537640a930da6a3988f2d18912d3901d9a23c,4,94192012,747.452524187376,1741064811301218,Staked ICX,0.2290427125,sICX,0,2,2025-03-04
cx2609b924e33ef00b648a409245c7ea394c467824,hx0000000000000000000000000000000000000000,cx21e94c08c03daee80c25d8ee3ea22a20786ec231,0x2884fcce93419c59e7,0x53b345839d3308a96596c8c3cd1537640a930da6a3988f2d18912d3901d9a23c,2,94192012,747.452524187376,1741064811301218,Staked ICX,0.2290427125,sICX,0,2,2025-03-04
cx88fd7df7ddff82f7cc735c871dc519838cb235bb,cx21e94c08c03daee80c25d8ee3ea22a20786ec231,hx4dc7903504bb800a462378348a42f53742759e0b,0x5c0eb2aba99231f34,0xf81817b25fa31aa4f087bcad00960a5d8614bea8cda6e8aa35def1bad27540d4,8,94192012,106.13497202427843,1741064811301218,Balanced Dollar,0.171349725,bnUSD,0,1,2025-03-04
cx88fd7df7ddff82f7cc735c871dc519838cb235bb,cxa0af3165c08318e988cb30993b3048335b94af6c,cx5faae53c4dbd1fbe4a2eb4aab6565030f10da5c6,0x2373b8d3785770c,0xf81817b25fa31aa4f087bcad00960a5d8614bea8cda6e8aa35def1bad27540d4,6,94192012,0.1596617895028631,1741064811301218,Balanced Dollar,0.171349725,bnUSD,0,1,2025-03-04
cx88fd7df7ddff82f7cc735c871dc519838cb235bb,cxa0af3165c08318e988cb30993b3048335b94af6c,cx21e94c08c03daee80c25d8ee3ea22a20786ec231,0x5c0eb2aba99231f34,0xf81817b25fa31aa4f087bcad00960a5d8614bea8cda6e8aa35def1bad27540d4,5,94192012,106.13497202427843,1741064811301218,Balanced Dollar,0.171349725,bnUSD,0,1,2025-03-04
cx2609b924e33ef00b648a409245c7ea394c467824,cx21e94c08c03daee80c25d8ee3ea22a20786ec231,cxa0af3165c08318e988cb30993b3048335b94af6c,0x2884fcce93419c59e7,0xf81817b25fa31aa4f087bcad00960a5d8614bea8cda6e8aa35def1bad27540d4,4,94192012,747.452524187376,1741064811301218,Staked ICX,0.171349725,sICX,0,1,2025-03-04
cx2609b924e33ef00b648a409245c7ea394c467824,hx0000000000000000000000000000000000000000,cx21e94c08c03daee80c25d8ee3ea22a20786ec231,0x2884fcce93419c59e7,0xf81817b25fa31aa4f087bcad00960a5d8614bea8cda6e8aa35def1bad27540d4,2,94192012,747.452524187376,1741064811301218,Staked ICX,0.171349725,sICX,0,1,2025-03-04
cx88fd7df7ddff82f7cc735c871dc519838cb235bb,cxa0af3165c08318e988cb30993b3048335b94af6c,cx5faae53c4dbd1fbe4a2eb4aab6565030f10da5c6,0xb36c80c9bc0f000,0x5483bc87c343cd26f3e071989ef69831c28e9a9debfba44bef4b608eab28d052,2,94192010,0.8080531396378583,1741064807166329,Balanced Dollar,0.0705547125,bnUSD,0,1,2025-03-04
cx2609b924e33ef00b648a409245c7ea394c467824,cxa0af3165c08318e988cb30993b3048335b94af6c,hxc1718c79947e0f673296218b5b23adbd9a3b38a8,0xcc8844848873f4c0e0,0x5483bc87c343cd26f3e071989ef69831c28e9a9debfba44bef4b608eab28d052,1,94192010,3772.954909845919,1741064807166329,Staked ICX,0.0705547125,sICX,0,1,2025-03-04
cx88fd7df7ddff82f7cc735c871dc519838cb235bb,hxc1718c79947e0f673296218b5b23adbd9a3b38a8,cxa0af3165c08318e988cb30993b3048335b94af6c,0x1d33fe4b8046710000,0x5483bc87c343cd26f3e071989ef69831c28e9a9debfba44bef4b608eab28d052,0,94192010,538.7020930919056,1741064807166329,Balanced Dollar,0.0705547125,bnUSD,0,1,2025-03-04
cx88fd7df7ddff82f7cc735c871dc519838cb235bb,cxd82fb5d3effecd8c9071a4bba3856ad7222c4b91,hxc1718c79947e0f673296218b5b23adbd9a3b38a8,0x1d33fe4b8046710000,0x91c9d164766272bed5bab439e9fe7d40564ddbd9b45271664a96c76f464dfc3f,0,94192009,538.7020930919056,1741064805159811,Balanced Dollar,0.02068825,bnUSD,0,2,2025-03-04
cx2609b924e33ef00b648a409245c7ea394c467824,cx21e94c08c03daee80c25d8ee3ea22a20786ec231,hx2debd9ec927cca1639da8d3518dd9dbf1cdfb357,0x6c6b536e0b8ad10bb1,0xbd2c180240a6309e0394174be1993c738c061c43285800f693b859469ae0c919,5,94192009,1999.9820059416095,1741064805159811,Staked ICX,0.1127006875,sICX,0,1,2025-03-04
cx88fd7df7ddff82f7cc735c871dc519838cb235bb,cxa0af3165c08318e988cb30993b3048335b94af6c,cx5faae53c4dbd1fbe4a2eb4aab6565030f10da5c6,0x5f04dd3e30e43c2,0xbd2c180240a6309e0394174be1993c738c061c43285800f693b859469ae0c919,3,94192009,0.4279275370429982,1741064805159811,Balanced Dollar,0.1127006875,bnUSD,0,1,2025-03-04
cx2609b924e33ef00b648a409245c7ea394c467824,cxa0af3165c08318e988cb30993b3048335b94af6c,cx21e94c08c03daee80c25d8ee3ea22a20786ec231,0x6c6b536e0b8ad10bb1,0xbd2c180240a6309e0394174be1993c738c061c43285800f693b859469ae0c919,2,94192009,1999.9820059416095,1741064805159811,Staked ICX,0.1127006875,sICX,0,1,2025-03-04
cx88fd7df7ddff82f7cc735c871dc519838cb235bb,cx21e94c08c03daee80c25d8ee3ea22a20786ec231,cxa0af3165c08318e988cb30993b3048335b94af6c,0xf772002749fd073e0,0xbd2c180240a6309e0394174be1993c738c061c43285800f693b859469ae0c919,1,94192009,285.28502469533214,1741064805159811,Balanced Dollar,0.1127006875,bnUSD,0,1,2025-03-04
cx88fd7df7ddff82f7cc735c871dc519838cb235bb,hx2debd9ec927cca1639da8d3518dd9dbf1cdfb357,cx21e94c08c03daee80c25d8ee3ea22a20786ec231,0xf772002749fd073e0,0xbd2c180240a6309e0394174be1993c738c061c43285800f693b859469ae0c919,0,94192009,285.28502469533214,1741064805159811,Balanced Dollar,0.1127006875,bnUSD,0,1,2025-03-04
cx288d13e1b63563459a2ac6179f237711f6851cb5,cx21e94c08c03daee80c25d8ee3ea22a20786ec231,hx2debd9ec927cca1639da8d3518dd9dbf1cdfb357,0x30d9709146b68ef,0x4ac6abd428f5391d8a772952036da956a250cfff46dbfd8580e1953dfe05a120,5,94192005,0.2199980220641057,1741064797190322,Ethereum,0.0884685,ETH,0,1,2025-03-04
cx88fd7df7ddff82f7cc735c871dc519838cb235bb,cxa0af3165c08318e988cb30993b3048335b94af6c,cx5faae53c4dbd1fbe4a2eb4aab6565030f10da5c6,0x9ad89a4c5725542,0x4ac6abd428f5391d8a772952036da956a250cfff46dbfd8580e1953dfe05a120,3,94192005,0.6973648580925412,1741064797190322,Balanced Dollar,0.0884685,bnUSD,0,1,2025-03-04
cx288d13e1b63563459a2ac6179f237711f6851cb5,cxa0af3165c08318e988cb30993b3048335b94af6c,cx21e94c08c03daee80c25d8ee3ea22a20786ec231,0x30d9709146b68ef,0x4ac6abd428f5391d8a772952036da956a250cfff46dbfd8580e1953dfe05a120,2,94192005,0.2199980220641057,1741064797190322,Ethereum,0.0884685,ETH,0,1,2025-03-04
cx88fd7df7ddff82f7cc735c871dc519838cb235bb,cx21e94c08c03daee80c25d8ee3ea22a20786ec231,cxa0af3165c08318e988cb30993b3048335b94af6c,0x1933ebc7c22f135be0,0x4ac6abd428f5391d8a772952036da956a250cfff46dbfd8580e1953dfe05a120,1,94192005,464.9099053950275,1741064797190322,Balanced Dollar,0.0884685,bnUSD,0,1,2025-03-04
cx88fd7df7ddff82f7cc735c871dc519838cb235bb,hx2debd9ec927cca1639da8d3518dd9dbf1cdfb357,cx21e94c08c03daee80c25d8ee3ea22a20786ec231,0x1933ebc7c22f135be0,0x4ac6abd428f5391d8a772952036da956a250cfff46dbfd8580e1953dfe05a120,0,94192005,464.9099053950275,1741064797190322,Balanced Dollar,0.0884685,bnUSD,0,1,2025-03-04
cx4297f4b63262507623b6ad575d0d8dd2db980e4e,cx21e94c08c03daee80c25d8ee3ea22a20786ec231,hx2debd9ec927cca1639da8d3518dd9dbf1cdfb357,0x1a05473ee3f70d4c3,0xb14e3b62b340a1bd5a47a25f8d67313cd51c414b242ce8f874e18a086c5319f4,5,94192001,29.999730484925486,1741064789153287,Injective,0.088385925,INJ,0,1,2025-03-04
cx88fd7df7ddff82f7cc735c871dc519838cb235bb,cxa0af3165c08318e988cb30993b3048335b94af6c,cx5faae53c4dbd1fbe4a2eb4aab6565030f10da5c6,0x6fa093fbdaa8415,0xb14e3b62b340a1bd5a47a25f8d67313cd51c414b242ce8f874e18a086c5319f4,3,94192001,0.50272447777489,1741064789153287,Balanced Dollar,0.088385925,bnUSD,0,1,2025-03-04
cx4297f4b63262507623b6ad575d0d8dd2db980e4e,cxa0af3165c08318e988cb30993b3048335b94af6c,cx21e94c08c03daee80c25d8ee3ea22a20786ec231,0x1a05473ee3f70d4c3,0xb14e3b62b340a1bd5a47a25f8d67313cd51c414b242ce8f874e18a086c5319f4,2,94192001,29.999730484925486,1741064789153287,Injective,0.088385925,INJ,0,1,2025-03-04
cx88fd7df7ddff82f7cc735c871dc519838cb235bb,cx21e94c08c03daee80c25d8ee3ea22a20786ec231,cxa0af3165c08318e988cb30993b3048335b94af6c,0x122b22c0a896b7f6b0,0xb14e3b62b340a1bd5a47a25f8d67313cd51c414b242ce8f874e18a086c5319f4,1,94192001,335.14965184992667,1741064789153287,Balanced Dollar,0.088385925,bnUSD,0,1,2025-03-04
cx88fd7df7ddff82f7cc735c871dc519838cb235bb,hx2debd9ec927cca1639da8d3518dd9dbf1cdfb357,cx21e94c08c03daee80c25d8ee3ea22a20786ec231,0x122b22c0a896b7f6b0,0xb14e3b62b340a1bd5a47a25f8d67313cd51c414b242ce8f874e18a086c5319f4,0,94192001,335.14965184992667,1741064789153287,Balanced Dollar,0.088385925,bnUSD,0,1,2025-03-04
cx88fd7df7ddff82f7cc735c871dc519838cb235bb,cxa0af3165c08318e988cb30993b3048335b94af6c,cx5faae53c4dbd1fbe4a2eb4aab6565030f10da5c6,0xb3150b1753d4020,0x6e0e5ff8fab6d04644e2a7eed5468b8b1e3508fbd36d2a12b38e20f94a53823b,2,94191998,0.8065145313824112,1741064783153702,Balanced Dollar,0.0705547125,bnUSD,0,2,2025-03-04
cx2609b924e33ef00b648a409245c7ea394c467824,cxa0af3165c08318e988cb30993b3048335b94af6c,hxc1718c79947e0f673296218b5b23adbd9a3b38a8,0xcc8854e4583d9e79ab,0x6e0e5ff8fab6d04644e2a7eed5468b8b1e3508fbd36d2a12b38e20f94a53823b,1,94191998,3772.9595187915925,1741064783153702,Staked ICX,0.0705547125,sICX,0,2,2025-03-04
cx88fd7df7ddff82f7cc735c871dc519838cb235bb,hxc1718c79947e0f673296218b5b23adbd9a3b38a8,cxa0af3165c08318e988cb30993b3048335b94af6c,0x1d25c22376a4d70000,0x6e0e5ff8fab6d04644e2a7eed5468b8b1e3508fbd36d2a12b38e20f94a53823b,0,94191998,537.6763542549409,1741064783153702,Balanced Dollar,0.0705547125,bnUSD,0,2,2025-03-04
cx88fd7df7ddff82f7cc735c871dc519838cb235bb,cxd82fb5d3effecd8c9071a4bba3856ad7222c4b91,hxc1718c79947e0f673296218b5b23adbd9a3b38a8,0x1d25c22376a4d70000,0xbf61356fb6b889bd934841d1712825132fe21c09d6602ff9e1f89418827d4a3d,0,94191998,537.6763542549409,1741064783153702,Balanced Dollar,0.02068825,bnUSD,0,1,2025-03-04
cx2609b924e33ef00b648a409245c7ea394c467824,cx21e94c08c03daee80c25d8ee3ea22a20786ec231,hx2debd9ec927cca1639da8d3518dd9dbf1cdfb357,0x6c6b536e0a3e67c27f,0x950c5c310444339c8c966d9382b614ca539f2314c58e29fe485a3b263bd1c372,5,94191997,1999.9820059360325,1741064781371199,Staked ICX,0.1127006875,sICX,0,1,2025-03-04
cx88fd7df7ddff82f7cc735c871dc519838cb235bb,cxa0af3165c08318e988cb30993b3048335b94af6c,cx5faae53c4dbd1fbe4a2eb4aab6565030f10da5c6,0x5ed68a3048d8f2b,0x950c5c310444339c8c966d9382b614ca539f2314c58e29fe485a3b263bd1c372,3,94191997,0.4271125890354092,1741064781371199,Balanced Dollar,0.1127006875,bnUSD,0,1,2025-03-04
cx2609b924e33ef00b648a409245c7ea394c467824,cxa0af3165c08318e988cb30993b3048335b94af6c,cx21e94c08c03daee80c25d8ee3ea22a20786ec231,0x6c6b536e0a3e67c27f,0x950c5c310444339c8c966d9382b614ca539f2314c58e29fe485a3b263bd1c372,2,94191997,1999.9820059360325,1741064781371199,Staked ICX,0.1127006875,sICX,0,1,2025-03-04
cx88fd7df7ddff82f7cc735c871dc519838cb235bb,cx21e94c08c03daee80c25d8ee3ea22a20786ec231,cxa0af3165c08318e988cb30993b3048335b94af6c,0xf6f95d33130a4d550,0x950c5c310444339c8c966d9382b614ca539f2314c58e29fe485a3b263bd1c372,1,94191997,284.74172602360613,1741064781371199,Balanced Dollar,0.1127006875,bnUSD,0,1,2025-03-04
cx88fd7df7ddff82f7cc735c871dc519838cb235bb,hx2debd9ec927cca1639da8d3518dd9dbf1cdfb357,cx21e94c08c03daee80c25d8ee3ea22a20786ec231,0xf6f95d33130a4d550,0x950c5c310444339c8c966d9382b614ca539f2314c58e29fe485a3b263bd1c372,0,94191997,284.74172602360613,1741064781371199,Balanced Dollar,0.1127006875,bnUSD,0,1,2025-03-04
cx88fd7df7ddff82f7cc735c871dc519838cb235bb,cxa0af3165c08318e988cb30993b3048335b94af6c,hx4dc7903504bb800a462378348a42f53742759e0b,0x1ee216a4210f12c,0x52b8e63d20f42ee33aca39c67d8dc7296a725c19f03e46b242e142d90b193741,3,94191995,0.13908537875372062,1741064777298342,Balanced Dollar,0.0347677125,bnUSD,0,4,2025-03-04
cx4297f4b63262507623b6ad575d0d8dd2db980e4e,hx4dc7903504bb800a462378348a42f53742759e0b,cxa0af3165c08318e988cb30993b3048335b94af6c,0x4a09481657be8000,0x296da9bbe578247ae8539a72a6ca021f05a314a61460cd6dcb7027e6b0d058a9,0,94191995,5.334874494395646,1741064777298342,Injective,0.021618575,INJ,0,3,2025-03-04
cx88fd7df7ddff82f7cc735c871dc519838cb235bb,hx4dc7903504bb800a462378348a42f53742759e0b,cxa0af3165c08318e988cb30993b3048335b94af6c,0x339152ec3e379e000,0x3431f9c9315ef981288d6f12e0f95c3af198fea4c604ca8b314bebd24b8cb1b6,0,94191995,59.45347747467139,1741064777298342,Balanced Dollar,0.02221895,bnUSD,0,2,2025-03-04
cx4297f4b63262507623b6ad575d0d8dd2db980e4e,cx21e94c08c03daee80c25d8ee3ea22a20786ec231,hx4dc7903504bb800a462378348a42f53742759e0b,0x4a09a50f1837e63a,0x3e5fc14f2a58ecde498fa536a830d8a1844b8c43add29a5ffc46025b8faac8ca,12,94191993,5.334976717846472,1741064773165942,Injective,0.2289539375,INJ,0,2,2025-03-04
cx88fd7df7ddff82f7cc735c871dc519838cb235bb,cxa0af3165c08318e988cb30993b3048335b94af6c,cx5faae53c4dbd1fbe4a2eb4aab6565030f10da5c6,0x13cf244db397e69,0x3e5fc14f2a58ecde498fa536a830d8a1844b8c43add29a5ffc46025b8faac8ca,10,94191993,0.08921247019024343,1741064773165942,Balanced Dollar,0.2289539375,bnUSD,0,2,2025-03-04
cx4297f4b63262507623b6ad575d0d8dd2db980e4e,cxa0af3165c08318e988cb30993b3048335b94af6c,cx21e94c08c03daee80c25d8ee3ea22a20786ec231,0x4a09a50f1837e63a,0x3e5fc14f2a58ecde498fa536a830d8a1844b8c43add29a5ffc46025b8faac8ca,9,94191993,5.334976717846472,1741064773165942,Injective,0.2289539375,INJ,0,2,2025-03-04
cx88fd7df7ddff82f7cc735c871dc519838cb235bb,cx21e94c08c03daee80c25d8ee3ea22a20786ec231,cxa0af3165c08318e988cb30993b3048335b94af6c,0x3396193503b0e87d4,0x3e5fc14f2a58ecde498fa536a830d8a1844b8c43add29a5ffc46025b8faac8ca,8,94191993,59.47498012682895,1741064773165942,Balanced Dollar,0.2289539375,bnUSD,0,2,2025-03-04
cx88fd7df7ddff82f7cc735c871dc519838cb235bb,cxa0af3165c08318e988cb30993b3048335b94af6c,cx5faae53c4dbd1fbe4a2eb4aab6565030f10da5c6,0x13de0c6a0f44e86,0x3e5fc14f2a58ecde498fa536a830d8a1844b8c43add29a5ffc46025b8faac8ca,6,94191993,0.08947471132578982,1741064773165942,Balanced Dollar,0.2289539375,bnUSD,0,2,2025-03-04
cx88fd7df7ddff82f7cc735c871dc519838cb235bb,cxa0af3165c08318e988cb30993b3048335b94af6c,cx21e94c08c03daee80c25d8ee3ea22a20786ec231,0x3396193503b0e87d4,0x3e5fc14f2a58ecde498fa536a830d8a1844b8c43add29a5ffc46025b8faac8ca,5,94191993,59.47498012682895,1741064773165942,Balanced Dollar,0.2289539375,bnUSD,0,2,2025-03-04
cx2609b924e33ef00b648a409245c7ea394c467824,cx21e94c08c03daee80c25d8ee3ea22a20786ec231,cxa0af3165c08318e988cb30993b3048335b94af6c,0x16c9cf627884f43cc2,0x3e5fc14f2a58ecde498fa536a830d8a1844b8c43add29a5ffc46025b8faac8ca,4,94191993,420.37031961317894,1741064773165942,Staked ICX,0.2289539375,sICX,0,2,2025-03-04
cx2609b924e33ef00b648a409245c7ea394c467824,hx0000000000000000000000000000000000000000,cx21e94c08c03daee80c25d8ee3ea22a20786ec231,0x16c9cf627884f43cc2,0x3e5fc14f2a58ecde498fa536a830d8a1844b8c43add29a5ffc46025b8faac8ca,2,94191993,420.37031961317894,1741064773165942,Staked ICX,0.2289539375,sICX,0,2,2025-03-04
cx88fd7df7ddff82f7cc735c871dc519838cb235bb,cx21e94c08c03daee80c25d8ee3ea22a20786ec231,hx4dc7903504bb800a462378348a42f53742759e0b,0x3397ed899f9ff760a,0xeacb3cf2c98b0afbe1d211b6b8b46365f3634dc149d9ef105d69662be1e6e524,8,94191993,59.48321908419195,1741064773165942,Balanced Dollar,0.1713480375,bnUSD,0,1,2025-03-04
cx88fd7df7ddff82f7cc735c871dc519838cb235bb,cxa0af3165c08318e988cb30993b3048335b94af6c,cx5faae53c4dbd1fbe4a2eb4aab6565030f10da5c6,0x13dec0c68d31b8c,0xeacb3cf2c98b0afbe1d211b6b8b46365f3634dc149d9ef105d69662be1e6e524,6,94191993,0.08948710565970625,1741064773165942,Balanced Dollar,0.1713480375,bnUSD,0,1,2025-03-04
cx88fd7df7ddff82f7cc735c871dc519838cb235bb,cxa0af3165c08318e988cb30993b3048335b94af6c,cx21e94c08c03daee80c25d8ee3ea22a20786ec231,0x3397ed899f9ff760a,0xeacb3cf2c98b0afbe1d211b6b8b46365f3634dc149d9ef105d69662be1e6e524,5,94191993,59.48321908419195,1741064773165942,Balanced Dollar,0.1713480375,bnUSD,0,1,2025-03-04
cx2609b924e33ef00b648a409245c7ea394c467824,cx21e94c08c03daee80c25d8ee3ea22a20786ec231,cxa0af3165c08318e988cb30993b3048335b94af6c,0x16c9cf627884f43cc2,0xeacb3cf2c98b0afbe1d211b6b8b46365f3634dc149d9ef105d69662be1e6e524,4,94191993,420.37031961317894,1741064773165942,Staked ICX,0.1713480375,sICX,0,1,2025-03-04
cx2609b924e33ef00b648a409245c7ea394c467824,hx0000000000000000000000000000000000000000,cx21e94c08c03daee80c25d8ee3ea22a20786ec231,0x16c9cf627884f43cc2,0xeacb3cf2c98b0afbe1d211b6b8b46365f3634dc149d9ef105d69662be1e6e524,2,94191993,420.37031961317894,1741064773165942,Staked ICX,0.1713480375,sICX,0,1,2025-03-04
cx88fd7df7ddff82f7cc735c871dc519838cb235bb,cxa0af3165c08318e988cb30993b3048335b94af6c,cx5faae53c4dbd1fbe4a2eb4aab6565030f10da5c6,0xee4a692a5e9800,0x589d1811d9e114d5c48410f4649608d5a35e093fc45a4639de52c9a27bff8271,2,94191992,0.06707286,1741064771348758,Balanced Dollar,0.0563614,bnUSD,0,1,2025-03-04
cx4297f4b63262507623b6ad575d0d8dd2db980e4e,cxa0af3165c08318e988cb30993b3048335b94af6c,hxd75467e3e4ce64e3424c747dfb71503017440433,0x37b1f4502d9cdcff,0x589d1811d9e114d5c48410f4649608d5a35e093fc45a4639de52c9a27bff8271,1,94191992,4.0132573681636385,1741064771348758,Injective,0.0563614,INJ,0,1,2025-03-04
cx88fd7df7ddff82f7cc735c871dc519838cb235bb,hxd75467e3e4ce64e3424c747dfb71503017440433,cxa0af3165c08318e988cb30993b3048335b94af6c,0x26c8c71de56568000,0x589d1811d9e114d5c48410f4649608d5a35e093fc45a4639de52c9a27bff8271,0,94191992,44.71524,1741064771348758,Balanced Dollar,0.0563614,bnUSD,0,1,2025-03-04
cx88fd7df7ddff82f7cc735c871dc519838cb235bb,cxa0af3165c08318e988cb30993b3048335b94af6c,cx5faae53c4dbd1fbe4a2eb4aab6565030f10da5c6,0xb2ca7fd25a0d645,0xe1fed7a9b9e42119e3208bdb030da942be677a92af7fc07b9645bc177a1a89e1,2,94191991,0.8052031390923382,1741064769147897,Balanced Dollar,0.0705547125,bnUSD,0,3,2025-03-04
cx2609b924e33ef00b648a409245c7ea394c467824,cxa0af3165c08318e988cb30993b3048335b94af6c,hxc1718c79947e0f673296218b5b23adbd9a3b38a8,0xcc8862db602ad2f22f,0xe1fed7a9b9e42119e3208bdb030da942be677a92af7fc07b9645bc177a1a89e1,1,94191991,3772.9634495797063,1741064769147897,Staked ICX,0.0705547125,sICX,0,3,2025-03-04
cx88fd7df7ddff82f7cc735c871dc519838cb235bb,hxc1718c79947e0f673296218b5b23adbd9a3b38a8,cxa0af3165c08318e988cb30993b3048335b94af6c,0x1d19a0233ca82e0000,0xe1fed7a9b9e42119e3208bdb030da942be677a92af7fc07b9645bc177a1a89e1,0,94191991,536.8020927282255,1741064769147897,Balanced Dollar,0.0705547125,bnUSD,0,3,2025-03-04
cx88fd7df7ddff82f7cc735c871dc519838cb235bb,cxd82fb5d3effecd8c9071a4bba3856ad7222c4b91,hxc1718c79947e0f673296218b5b23adbd9a3b38a8,0x1d19a0233ca82e0000,0xe04dc984948ed7b29bf977c225f17a4b9cb56bcfea315711a3418727e27a660e,0,94191991,536.8020927282255,1741064769147897,Balanced Dollar,0.02068825,bnUSD,0,2,2025-03-04
cx2609b924e33ef00b648a409245c7ea394c467824,cx21e94c08c03daee80c25d8ee3ea22a20786ec231,hx2debd9ec927cca1639da8d3518dd9dbf1cdfb357,0x6c6b536e08fff96acc,0xf5300b0fb799c6c667dada60eb6ee570cc5a0612f94168787a0a7529fce8985a,5,94191991,1999.98200593069,1741064769147897,Staked ICX,0.1127195,sICX,0,1,2025-03-04
cx88fd7df7ddff82f7cc735c871dc519838cb235bb,cxa0af3165c08318e988cb30993b3048335b94af6c,cx5faae53c4dbd1fbe4a2eb4aab6565030f10da5c6,0x5eaf0e70b8ee90e,0xf5300b0fb799c6c667dada60eb6ee570cc5a0612f94168787a0a7529fce8985a,3,94191991,0.42641798986195995,1741064769147897,Balanced Dollar,0.1127195,bnUSD,0,1,2025-03-04
cx2609b924e33ef00b648a409245c7ea394c467824,cxa0af3165c08318e988cb30993b3048335b94af6c,cx21e94c08c03daee80c25d8ee3ea22a20786ec231,0x6c6b536e08fff96acc,0xf5300b0fb799c6c667dada60eb6ee570cc5a0612f94168787a0a7529fce8985a,2,94191991,1999.98200593069,1741064769147897,Staked ICX,0.1127195,sICX,0,1,2025-03-04
cx88fd7df7ddff82f7cc735c871dc519838cb235bb,cx21e94c08c03daee80c25d8ee3ea22a20786ec231,cxa0af3165c08318e988cb30993b3048335b94af6c,0xf6928af036ed43f20,0xf5300b0fb799c6c667dada60eb6ee570cc5a0612f94168787a0a7529fce8985a,1,94191991,284.2786599079733,1741064769147897,Balanced Dollar,0.1127195,bnUSD,0,1,2025-03-04
cx88fd7df7ddff82f7cc735c871dc519838cb235bb,hx2debd9ec927cca1639da8d3518dd9dbf1cdfb357,cx21e94c08c03daee80c25d8ee3ea22a20786ec231,0xf6928af036ed43f20,0xf5300b0fb799c6c667dada60eb6ee570cc5a0612f94168787a0a7529fce8985a,0,94191991,284.2786599079733,1741064769147897,Balanced Dollar,0.1127195,bnUSD,0,1,2025-03-04
cx88fd7df7ddff82f7cc735c871dc519838cb235bb,cx203d9cd2a669be67177e997b8948ce2c35caffae,cx835b300dcfe01f0bdb794e134a0c5628384f4367,0x3e7fc05b8994df8,0x7b0b292ea3cc0a7332591d714acca53d070063abfe55cc4c72897dbd4cc3450e,6,94191982,0.28147060323603607,1741064751287502,Balanced Dollar,0.1126892375,bnUSD,0,1,2025-03-04
cx88fd7df7ddff82f7cc735c871dc519838cb235bb,cx5faae53c4dbd1fbe4a2eb4aab6565030f10da5c6,cx203d9cd2a669be67177e997b8948ce2c35caffae,0x5948c9a756d4ad1,0x7b0b292ea3cc0a7332591d714acca53d070063abfe55cc4c72897dbd4cc3450e,4,94191982,0.4021008617657658,1741064751287502,Balanced Dollar,0.1126892375,bnUSD,0,1,2025-03-04
cx88fd7df7ddff82f7cc735c871dc519838cb235bb,cx5faae53c4dbd1fbe4a2eb4aab6565030f10da5c6,cxdc30a0d3a1f131565c071272a20bc0b06fd4c17b,0x5948c9a756d4ad0,0x7b0b292ea3cc0a7332591d714acca53d070063abfe55cc4c72897dbd4cc3450e,3,94191982,0.4021008617657658,1741064751287502,Balanced Dollar,0.1126892375,bnUSD,0,1,2025-03-04
cx88fd7df7ddff82f7cc735c871dc519838cb235bb,cxa0af3165c08318e988cb30993b3048335b94af6c,cx5faae53c4dbd1fbe4a2eb4aab6565030f10da5c6,0xb291934eada95a1,0x7b0b292ea3cc0a7332591d714acca53d070063abfe55cc4c72897dbd4cc3450e,2,94191982,0.8042017235315316,1741064751287502,Balanced Dollar,0.1126892375,bnUSD,0,1,2025-03-04
cx2609b924e33ef00b648a409245c7ea394c467824,cxa0af3165c08318e988cb30993b3048335b94af6c,hxc1718c79947e0f673296218b5b23adbd9a3b38a8,0xccaaf0e1bab2755f34,0x7b0b292ea3cc0a7332591d714acca53d070063abfe55cc4c72897dbd4cc3450e,1,94191982,3775.453384209581,1741064751287502,Staked ICX,0.1126892375,sICX,0,1,2025-03-04
cx88fd7df7ddff82f7cc735c871dc519838cb235bb,hxc1718c79947e0f673296218b5b23adbd9a3b38a8,cxa0af3165c08318e988cb30993b3048335b94af6c,0x1d105c4f23993b0000,0x7b0b292ea3cc0a7332591d714acca53d070063abfe55cc4c72897dbd4cc3450e,0,94191982,536.1344823543544,1741064751287502,Balanced Dollar,0.1126892375,bnUSD,0,1,2025-03-04
cx88fd7df7ddff82f7cc735c871dc519838cb235bb,cxd82fb5d3effecd8c9071a4bba3856ad7222c4b91,hxc1718c79947e0f673296218b5b23adbd9a3b38a8,0x1d105c4f23993b0000,0xf1d9fe5191dd771e23aefc908c40f48708684fb70d890ff6930c3bdb6524981a,0,94191981,536.1344823543544,1741064749146858,Balanced Dollar,0.02068825,bnUSD,0,1,2025-03-04
cx4297f4b63262507623b6ad575d0d8dd2db980e4e,cx21e94c08c03daee80c25d8ee3ea22a20786ec231,hx2debd9ec927cca1639da8d3518dd9dbf1cdfb357,0x1a05473ee048c0c8d,0xa12619d5a28738e1bcbc5836feaf1be1e1fac18489ebc869dced907f47bf4a31,10,94190725,29.999730483937416,1741062236278868,Injective,0.1305077,INJ,0,1,2025-03-04
cx88fd7df7ddff82f7cc735c871dc519838cb235bb,cx203d9cd2a669be67177e997b8948ce2c35caffae,cx835b300dcfe01f0bdb794e134a0c5628384f4367,0x27072f869dafc3d3,0xa12619d5a28738e1bcbc5836feaf1be1e1fac18489ebc869dced907f47bf4a31,7,94190725,2.812268747533829,1741062236278868,Balanced Dollar,0.1305077,bnUSD,0,1,2025-03-04
cx88fd7df7ddff82f7cc735c871dc519838cb235bb,cx5faae53c4dbd1fbe4a2eb4aab6565030f10da5c6,cx203d9cd2a669be67177e997b8948ce2c35caffae,0x37c11f52981faa0a,0xa12619d5a28738e1bcbc5836feaf1be1e1fac18489ebc869dced907f47bf4a31,5,94190725,4.017526782191184,1741062236278868,Balanced Dollar,0.1305077,bnUSD,0,1,2025-03-04
cx88fd7df7ddff82f7cc735c871dc519838cb235bb,cx5faae53c4dbd1fbe4a2eb4aab6565030f10da5c6,cxdc30a0d3a1f131565c071272a20bc0b06fd4c17b,0x37c11f52981faa09,0xa12619d5a28738e1bcbc5836feaf1be1e1fac18489ebc869dced907f47bf4a31,4,94190725,4.017526782191184,1741062236278868,Balanced Dollar,0.1305077,bnUSD,0,1,2025-03-04
cx88fd7df7ddff82f7cc735c871dc519838cb235bb,cxa0af3165c08318e988cb30993b3048335b94af6c,cx5faae53c4dbd1fbe4a2eb4aab6565030f10da5c6,0x6f1a2bb93ef52e2,0xa12619d5a28738e1bcbc5836feaf1be1e1fac18489ebc869dced907f47bf4a31,3,94190725,0.5003599601393548,1741062236278868,Balanced Dollar,0.1305077,bnUSD,0,1,2025-03-04
cx4297f4b63262507623b6ad575d0d8dd2db980e4e,cxa0af3165c08318e988cb30993b3048335b94af6c,cx21e94c08c03daee80c25d8ee3ea22a20786ec231,0x1a05473ee048c0c8d,0xa12619d5a28738e1bcbc5836feaf1be1e1fac18489ebc869dced907f47bf4a31,2,94190725,29.999730483937416,1741062236278868,Injective,0.1305077,INJ,0,1,2025-03-04
cx88fd7df7ddff82f7cc735c871dc519838cb235bb,cx21e94c08c03daee80c25d8ee3ea22a20786ec231,cxa0af3165c08318e988cb30993b3048335b94af6c,0x1215427326949281e0,0xa12619d5a28738e1bcbc5836feaf1be1e1fac18489ebc869dced907f47bf4a31,1,94190725,333.5733067595699,1741062236278868,Balanced Dollar,0.1305077,bnUSD,0,1,2025-03-04
cx88fd7df7ddff82f7cc735c871dc519838cb235bb,hx2debd9ec927cca1639da8d3518dd9dbf1cdfb357,cx21e94c08c03daee80c25d8ee3ea22a20786ec231,0x1215427326949281e0,0xa12619d5a28738e1bcbc5836feaf1be1e1fac18489ebc869dced907f47bf4a31,0,94190725,333.5733067595699,1741062236278868,Balanced Dollar,0.1305077,bnUSD,0,1,2025-03-04
cx7baf94bd53b505353285ee4c4c050f9703581703,hxf59d7f397fe565afe4d2f5ca9870b7d56f9adffd,hx0000000000000000000000000000000000000000,0x0,0xb8e28626ce4fbae410433c55299e5ce1c3b2243ff317ad4d1e3c27171d84bed7,6,94190723,0.0,1741062232285986,unknown_token,0.0626187875,$unknown,15,1,2025-03-04
cx7baf94bd53b505353285ee4c4c050f9703581703,hxf59d7f397fe565afe4d2f5ca9870b7d56f9adffd,hx0000000000000000000000000000000000000000,0x0,0xb8e28626ce4fbae410433c55299e5ce1c3b2243ff317ad4d1e3c27171d84bed7,5,94190723,0.0,1741062232285986,unknown_token,0.0626187875,$unknown,27,1,2025-03-04
cx7baf94bd53b505353285ee4c4c050f9703581703,hxf59d7f397fe565afe4d2f5ca9870b7d56f9adffd,hx0000000000000000000000000000000000000000,0x0,0xb8e28626ce4fbae410433c55299e5ce1c3b2243ff317ad4d1e3c27171d84bed7,4,94190723,0.0,1741062232285986,unknown_token,0.0626187875,$unknown,30,1,2025-03-04
cx53f8ccd5426534f82cf10cb742de033e51da72fc,hxf59d7f397fe565afe4d2f5ca9870b7d56f9adffd,hx0000000000000000000000000000000000000000,0x0,0xb8e28626ce4fbae410433c55299e5ce1c3b2243ff317ad4d1e3c27171d84bed7,0,94190723,0.0,1741062232285986,unknown_token,0.0626187875,$unknown,2,1,2025-03-04
cx2609b924e33ef00b648a409245c7ea394c467824,cxa0af3165c08318e988cb30993b3048335b94af6c,hx4dc7903504bb800a462378348a42f53742759e0b,0x102107a0ba11ad73,0xf485e41a4e3b88409216058bdf08fa405805752b5049491cb43933a5e16e5702,3,94190595,1.1622185657361812,1741061976422830,Staked ICX,0.0437684125,sICX,0,3,2025-03-04
cx2609b924e33ef00b648a409245c7ea394c467824,hx4dc7903504bb800a462378348a42f53742759e0b,cxa0af3165c08318e988cb30993b3048335b94af6c,0x1577aae9707c710000,0xc584064f80bb0f40c32fb1cb976ac6064aa7aa3efbf5ac5bab280ae2371af0b2,0,94190595,396.00458665378824,1741061976422830,Staked ICX,0.03123255,sICX,0,2,2025-03-04
cx88fd7df7ddff82f7cc735c871dc519838cb235bb,hx4dc7903504bb800a462378348a42f53742759e0b,cxa0af3165c08318e988cb30993b3048335b94af6c,0x3074e9cd8bcf2a000,0x76f58ea2cb3e00207242177d50aa5adbae08957d6b038ce7417404eb4b274e8f,0,94190595,55.866762882274465,1741061976422830,Balanced Dollar,0.02221895,bnUSD,0,1,2025-03-04
cx2609b924e33ef00b648a409245c7ea394c467824,cx21e94c08c03daee80c25d8ee3ea22a20786ec231,hx4dc7903504bb800a462378348a42f53742759e0b,0x157a6ab58feb064ead,0x365d3c07bf13003a7c512f3e8da778662356336dadf214a5e0b1de20a34992c6,4,94190593,396.2026879977871,1741061972265913,Staked ICX,0.1073980875,sICX,0,2,2025-03-04
cx2609b924e33ef00b648a409245c7ea394c467824,hx0000000000000000000000000000000000000000,cx21e94c08c03daee80c25d8ee3ea22a20786ec231,0x157a6ab58feb064ead,0x365d3c07bf13003a7c512f3e8da778662356336dadf214a5e0b1de20a34992c6,2,94190593,396.2026879977871,1741061972265913,Staked ICX,0.1073980875,sICX,0,2,2025-03-04
cx88fd7df7ddff82f7cc735c871dc519838cb235bb,cx21e94c08c03daee80c25d8ee3ea22a20786ec231,hx4dc7903504bb800a462378348a42f53742759e0b,0x307b1e6d167fe188b,0x28c732f734ea836d822fc2c34a0f9d098b195fd9e3bbbaeed16a1ddb4cdf6aa4,8,94190593,55.8947102373392,1741061972265913,Balanced Dollar,0.1713480375,bnUSD,0,1,2025-03-04
cx88fd7df7ddff82f7cc735c871dc519838cb235bb,cxa0af3165c08318e988cb30993b3048335b94af6c,cx5faae53c4dbd1fbe4a2eb4aab6565030f10da5c6,0x12abe6007b4a938,0x28c732f734ea836d822fc2c34a0f9d098b195fd9e3bbbaeed16a1ddb4cdf6aa4,6,94190593,0.08408886271519365,1741061972265913,Balanced Dollar,0.1713480375,bnUSD,0,1,2025-03-04
cx88fd7df7ddff82f7cc735c871dc519838cb235bb,cxa0af3165c08318e988cb30993b3048335b94af6c,cx21e94c08c03daee80c25d8ee3ea22a20786ec231,0x307b1e6d167fe188b,0x28c732f734ea836d822fc2c34a0f9d098b195fd9e3bbbaeed16a1ddb4cdf6aa4,5,94190593,55.8947102373392,1741061972265913,Balanced Dollar,0.1713480375,bnUSD,0,1,2025-03-04
cx2609b924e33ef00b648a409245c7ea394c467824,cx21e94c08c03daee80c25d8ee3ea22a20786ec231,cxa0af3165c08318e988cb30993b3048335b94af6c,0x157a6ab58feb064ead,0x28c732f734ea836d822fc2c34a0f9d098b195fd9e3bbbaeed16a1ddb4cdf6aa4,4,94190593,396.2026879977871,1741061972265913,Staked ICX,0.1713480375,sICX,0,1,2025-03-04
cx2609b924e33ef00b648a409245c7ea394c467824,hx0000000000000000000000000000000000000000,cx21e94c08c03daee80c25d8ee3ea22a20786ec231,0x157a6ab58feb064ead,0x28c732f734ea836d822fc2c34a0f9d098b195fd9e3bbbaeed16a1ddb4cdf6aa4,2,94190593,396.2026879977871,1741061972265913,Staked ICX,0.1713480375,sICX,0,1,2025-03-04
cx4297f4b63262507623b6ad575d0d8dd2db980e4e,cx21e94c08c03daee80c25d8ee3ea22a20786ec231,hx2debd9ec927cca1639da8d3518dd9dbf1cdfb357,0x1a05473edd10aa2f1,0xed30c8527d2ac92879a951759c7ab1c420c857f6ca67a053613cf8ae236e9a3d,5,94190499,29.999730483073296,1741061784186689,Injective,0.0883886125,INJ,0,1,2025-03-04
cx88fd7df7ddff82f7cc735c871dc519838cb235bb,cxa0af3165c08318e988cb30993b3048335b94af6c,cx5faae53c4dbd1fbe4a2eb4aab6565030f10da5c6,0x6eb451c27109918,0xed30c8527d2ac92879a951759c7ab1c420c857f6ca67a053613cf8ae236e9a3d,3,94190499,0.4985681709713718,1741061784186689,Balanced Dollar,0.0883886125,bnUSD,0,1,2025-03-04
cx4297f4b63262507623b6ad575d0d8dd2db980e4e,cxa0af3165c08318e988cb30993b3048335b94af6c,cx21e94c08c03daee80c25d8ee3ea22a20786ec231,0x1a05473edd10aa2f1,0xed30c8527d2ac92879a951759c7ab1c420c857f6ca67a053613cf8ae236e9a3d,2,94190499,29.999730483073296,1741061784186689,Injective,0.0883886125,INJ,0,1,2025-03-04
cx88fd7df7ddff82f7cc735c871dc519838cb235bb,cx21e94c08c03daee80c25d8ee3ea22a20786ec231,cxa0af3165c08318e988cb30993b3048335b94af6c,0x1204aea3fb108eae80,0xed30c8527d2ac92879a951759c7ab1c420c857f6ca67a053613cf8ae236e9a3d,1,94190499,332.3787806475812,1741061784186689,Balanced Dollar,0.0883886125,bnUSD,0,1,2025-03-04
cx88fd7df7ddff82f7cc735c871dc519838cb235bb,hx2debd9ec927cca1639da8d3518dd9dbf1cdfb357,cx21e94c08c03daee80c25d8ee3ea22a20786ec231,0x1204aea3fb108eae80,0xed30c8527d2ac92879a951759c7ab1c420c857f6ca67a053613cf8ae236e9a3d,0,94190499,332.3787806475812,1741061784186689,Balanced Dollar,0.0883886125,bnUSD,0,1,2025-03-04
cxce7b23917ddf57656010decd6017fe5016de681b,cx66d4d90f5f113eba575bf793570135f9b10cece1,hx0000000000000000000000000000000000000000,0x3485f83c5c000,0x80a242464b31be460fea3cdc55cadb981952e7e1d15498c1d7783de1e9ef145b,2,94190478,0.000924,1741061742178601,Wrapped eETH,0.0656893125,weETH,0,1,2025-03-04
cxce7b23917ddf57656010decd6017fe5016de681b,hx0000000000000000000000000000000000000000,cx66d4d90f5f113eba575bf793570135f9b10cece1,0x3485f83c5c000,0xffd7fccd38c8c23a6f0c243550b0e97e663494d49e48f6cea72fa12be353ad51,1,94190457,0.000924,1741061700322515,Wrapped eETH,0.035465775,weETH,0,1,2025-03-04
cxce7b23917ddf57656010decd6017fe5016de681b,cx66d4d90f5f113eba575bf793570135f9b10cece1,hx0000000000000000000000000000000000000000,0x3485f83c5c000,0x53c2298c28fd72d114544084fedab3da36bae47bd8456a1aff4b7bc451386d1d,2,94190427,0.000924,1741061640151899,Wrapped eETH,0.0656893125,weETH,0,1,2025-03-04
cxce7b23917ddf57656010decd6017fe5016de681b,hx0000000000000000000000000000000000000000,cx66d4d90f5f113eba575bf793570135f9b10cece1,0x3485f83c5c000,0xe2392b946fac6309d66da4d7118a6136c89f1abedcc4123d9b857e81be8e0686,1,94190283,0.000924,1741061352144840,Wrapped eETH,0.035465775,weETH,0,1,2025-03-04
cxce7b23917ddf57656010decd6017fe5016de681b,cx66d4d90f5f113eba575bf793570135f9b10cece1,hx0000000000000000000000000000000000000000,0x3485f83c5c000,0xd8cffd53209ddb2dbcb4d2b2875acaf6843aeba8e45994f03265bd59e8b7279f,2,94190250,0.000924,1741061286225450,Wrapped eETH,0.0656893125,weETH,0,1,2025-03-04
cx88fd7df7ddff82f7cc735c871dc519838cb235bb,cx21e94c08c03daee80c25d8ee3ea22a20786ec231,hx2debd9ec927cca1639da8d3518dd9dbf1cdfb357,0xf4d318d03676e8081,0x16292144efdbf8e984e428362be07fc11609d9e982a3fb018fad3ab37d58f543,5,94190219,282.2635431661823,1741061224176570,Balanced Dollar,0.1127019125,bnUSD,0,1,2025-03-04
cx88fd7df7ddff82f7cc735c871dc519838cb235bb,cxa0af3165c08318e988cb30993b3048335b94af6c,cx5faae53c4dbd1fbe4a2eb4aab6565030f10da5c6,0x5e43b4edf719daf,0x16292144efdbf8e984e428362be07fc11609d9e982a3fb018fad3ab37d58f543,3,94190219,0.4245294748219222,1741061224176570,Balanced Dollar,0.1127019125,bnUSD,0,1,2025-03-04
cx88fd7df7ddff82f7cc735c871dc519838cb235bb,cxa0af3165c08318e988cb30993b3048335b94af6c,cx21e94c08c03daee80c25d8ee3ea22a20786ec231,0xf4d318d03676e8081,0x16292144efdbf8e984e428362be07fc11609d9e982a3fb018fad3ab37d58f543,2,94190219,282.2635431661823,1741061224176570,Balanced Dollar,0.1127019125,bnUSD,0,1,2025-03-04
cx2609b924e33ef00b648a409245c7ea394c467824,cx21e94c08c03daee80c25d8ee3ea22a20786ec231,cxa0af3165c08318e988cb30993b3048335b94af6c,0x6c6b935b8bbd400000,0x16292144efdbf8e984e428362be07fc11609d9e982a3fb018fad3ab37d58f543,1,94190219,2000.0,1741061224176570,Staked ICX,0.1127019125,sICX,0,1,2025-03-04
cx2609b924e33ef00b648a409245c7ea394c467824,hx2debd9ec927cca1639da8d3518dd9dbf1cdfb357,cx21e94c08c03daee80c25d8ee3ea22a20786ec231,0x6c6b935b8bbd400000,0x16292144efdbf8e984e428362be07fc11609d9e982a3fb018fad3ab37d58f543,0,94190219,2000.0,1741061224176570,Staked ICX,0.1127019125,sICX,0,1,2025-03-04
cx88fd7df7ddff82f7cc735c871dc519838cb235bb,cx21e94c08c03daee80c25d8ee3ea22a20786ec231,hx2debd9ec927cca1639da8d3518dd9dbf1cdfb357,0x11e919e70c73319b9d,0x16805cbcc4e38391642a0496e797402404a4fd4766d2727e9c0c2d86b3a9a649,5,94190204,330.3913595789756,1741061194016420,Balanced Dollar,0.088406925,bnUSD,0,1,2025-03-04
cx88fd7df7ddff82f7cc735c871dc519838cb235bb,cxa0af3165c08318e988cb30993b3048335b94af6c,cx5faae53c4dbd1fbe4a2eb4aab6565030f10da5c6,0x6e2d1303ef178de,0x16805cbcc4e38391642a0496e797402404a4fd4766d2727e9c0c2d86b3a9a649,3,94190204,0.49618891410882376,1741061194016420,Balanced Dollar,0.088406925,bnUSD,0,1,2025-03-04
cx88fd7df7ddff82f7cc735c871dc519838cb235bb,cxa0af3165c08318e988cb30993b3048335b94af6c,cx21e94c08c03daee80c25d8ee3ea22a20786ec231,0x11e919e70c73319b9d,0x16805cbcc4e38391642a0496e797402404a4fd4766d2727e9c0c2d86b3a9a649,2,94190204,330.3913595789756,1741061194016420,Balanced Dollar,0.088406925,bnUSD,0,1,2025-03-04
cx4297f4b63262507623b6ad575d0d8dd2db980e4e,cx21e94c08c03daee80c25d8ee3ea22a20786ec231,cxa0af3165c08318e988cb30993b3048335b94af6c,0x1a055690d9db80000,0x16805cbcc4e38391642a0496e797402404a4fd4766d2727e9c0c2d86b3a9a649,1,94190204,30.0,1741061194016420,Injective,0.088406925,INJ,0,1,2025-03-04
cx4297f4b63262507623b6ad575d0d8dd2db980e4e,hx2debd9ec927cca1639da8d3518dd9dbf1cdfb357,cx21e94c08c03daee80c25d8ee3ea22a20786ec231,0x1a055690d9db80000,0x16805cbcc4e38391642a0496e797402404a4fd4766d2727e9c0c2d86b3a9a649,0,94190204,30.0,1741061194016420,Injective,0.088406925,INJ,0,1,2025-03-04
cx88fd7df7ddff82f7cc735c871dc519838cb235bb,cx21e94c08c03daee80c25d8ee3ea22a20786ec231,hx2debd9ec927cca1639da8d3518dd9dbf1cdfb357,0xf4fc5f4b95f0f8fab,0xaed4904f0864154801077fd6b5a95a6dd52f2870a78ef9b09aba34d50256db29,5,94190176,282.44943068205254,1741061138003440,Balanced Dollar,0.1127019125,bnUSD,0,1,2025-03-04
cx88fd7df7ddff82f7cc735c871dc519838cb235bb,cxa0af3165c08318e988cb30993b3048335b94af6c,cx5faae53c4dbd1fbe4a2eb4aab6565030f10da5c6,0x5e5398a823a293b,0xaed4904f0864154801077fd6b5a95a6dd52f2870a78ef9b09aba34d50256db29,3,94190176,0.4248090069094997,1741061138003440,Balanced Dollar,0.1127019125,bnUSD,0,1,2025-03-04
cx88fd7df7ddff82f7cc735c871dc519838cb235bb,cxa0af3165c08318e988cb30993b3048335b94af6c,cx21e94c08c03daee80c25d8ee3ea22a20786ec231,0xf4fc5f4b95f0f8fab,0xaed4904f0864154801077fd6b5a95a6dd52f2870a78ef9b09aba34d50256db29,2,94190176,282.44943068205254,1741061138003440,Balanced Dollar,0.1127019125,bnUSD,0,1,2025-03-04
cx2609b924e33ef00b648a409245c7ea394c467824,cx21e94c08c03daee80c25d8ee3ea22a20786ec231,cxa0af3165c08318e988cb30993b3048335b94af6c,0x6c6b935b8bbd400000,0xaed4904f0864154801077fd6b5a95a6dd52f2870a78ef9b09aba34d50256db29,1,94190176,2000.0,1741061138003440,Staked ICX,0.1127019125,sICX,0,1,2025-03-04
cx2609b924e33ef00b648a409245c7ea394c467824,hx2debd9ec927cca1639da8d3518dd9dbf1cdfb357,cx21e94c08c03daee80c25d8ee3ea22a20786ec231,0x6c6b935b8bbd400000,0xaed4904f0864154801077fd6b5a95a6dd52f2870a78ef9b09aba34d50256db29,0,94190176,2000.0,1741061138003440,Staked ICX,0.1127019125,sICX,0,1,2025-03-04
cxb8cf9a4700e0c804b780978bf9d9de759c62e787,hx0000000000000000000000000000000000000000,cx66d4d90f5f113eba575bf793570135f9b10cece1,0xa9c2f0480,0x2cb2a726f49dadf7829a8449aa5e8c8557e279906928b1018d1081b74c832c41,1,94190175,45.57,1741061136168732,Mirai Staked SUI,0.0381878875,mSUI,0,2,2025-03-04
cxce7b23917ddf57656010decd6017fe5016de681b,hx0000000000000000000000000000000000000000,cx66d4d90f5f113eba575bf793570135f9b10cece1,0x3485f83c5c000,0x7e184dda8b344d2cd2e3221a4be7c6c2b4406583438f596d9c9d4eddcaece750,1,94190172,0.000924,1741061130174190,Wrapped eETH,0.035465775,weETH,0,1,2025-03-04
cxb8cf9a4700e0c804b780978bf9d9de759c62e787,hx0000000000000000000000000000000000000000,cx66d4d90f5f113eba575bf793570135f9b10cece1,0xa7e619f80,0xe690a2ecd98609be0276cd8b17baafc8e1ea3a917f2a89312090524274198ef1,1,94190136,45.07,1741061058037654,Mirai Staked SUI,0.0381878875,mSUI,0,1,2025-03-04
cx88fd7df7ddff82f7cc735c871dc519838cb235bb,cx21e94c08c03daee80c25d8ee3ea22a20786ec231,hx2debd9ec927cca1639da8d3518dd9dbf1cdfb357,0x11f98e0c3044382d7c,0x4e195a7f94dcb0110379cfe560ef7c4ea24b5ad26617116bc3184fd0f3ce7740,5,94190115,331.57697301664183,1741061015989991,Balanced Dollar,0.088410925,bnUSD,0,1,2025-03-04
cx88fd7df7ddff82f7cc735c871dc519838cb235bb,cxa0af3165c08318e988cb30993b3048335b94af6c,cx5faae53c4dbd1fbe4a2eb4aab6565030f10da5c6,0x6e9232959b54a6c,0x4e195a7f94dcb0110379cfe560ef7c4ea24b5ad26617116bc3184fd0f3ce7740,3,94190115,0.4979678943068351,1741061015989991,Balanced Dollar,0.088410925,bnUSD,0,1,2025-03-04
cx88fd7df7ddff82f7cc735c871dc519838cb235bb,cxa0af3165c08318e988cb30993b3048335b94af6c,cx21e94c08c03daee80c25d8ee3ea22a20786ec231,0x11f98e0c3044382d7c,0x4e195a7f94dcb0110379cfe560ef7c4ea24b5ad26617116bc3184fd0f3ce7740,2,94190115,331.57697301664183,1741061015989991,Balanced Dollar,0.088410925,bnUSD,0,1,2025-03-04
cx4297f4b63262507623b6ad575d0d8dd2db980e4e,cx21e94c08c03daee80c25d8ee3ea22a20786ec231,cxa0af3165c08318e988cb30993b3048335b94af6c,0x1a055690d9db80000,0x4e195a7f94dcb0110379cfe560ef7c4ea24b5ad26617116bc3184fd0f3ce7740,1,94190115,30.0,1741061015989991,Injective,0.088410925,INJ,0,1,2025-03-04
cx4297f4b63262507623b6ad575d0d8dd2db980e4e,hx2debd9ec927cca1639da8d3518dd9dbf1cdfb357,cx21e94c08c03daee80c25d8ee3ea22a20786ec231,0x1a055690d9db80000,0x4e195a7f94dcb0110379cfe560ef7c4ea24b5ad26617116bc3184fd0f3ce7740,0,94190115,30.0,1741061015989991,Injective,0.088410925,INJ,0,1,2025-03-04
cxb8cf9a4700e0c804b780978bf9d9de759c62e787,hx0000000000000000000000000000000000000000,cx66d4d90f5f113eba575bf793570135f9b10cece1,0xa9c2f0480,0xaf24d42ac9b5ede87d7fb6a15de1b31da94a990e5ca38e7069a55c884f4c04bb,1,94190088,45.57,1741060961914878,Mirai Staked SUI,0.0381878875,mSUI,0,1,2025-03-04
cx88fd7df7ddff82f7cc735c871dc519838cb235bb,cx21e94c08c03daee80c25d8ee3ea22a20786ec231,hx2debd9ec927cca1639da8d3518dd9dbf1cdfb357,0xf525b038a296d99d4,0x26422dd4e103bcd294a27a2bde71f5b89b88ee1932485e227199c5156ea194ca,5,94190077,282.6355019315695,1741060939925161,Balanced Dollar,0.1127019125,bnUSD,0,1,2025-03-04
cx88fd7df7ddff82f7cc735c871dc519838cb235bb,cxa0af3165c08318e988cb30993b3048335b94af6c,cx5faae53c4dbd1fbe4a2eb4aab6565030f10da5c6,0x5e6380676a6640e,0x26422dd4e103bcd294a27a2bde71f5b89b88ee1932485e227199c5156ea194ca,3,94190077,0.42508881524466585,1741060939925161,Balanced Dollar,0.1127019125,bnUSD,0,1,2025-03-04
cx88fd7df7ddff82f7cc735c871dc519838cb235bb,cxa0af3165c08318e988cb30993b3048335b94af6c,cx21e94c08c03daee80c25d8ee3ea22a20786ec231,0xf525b038a296d99d4,0x26422dd4e103bcd294a27a2bde71f5b89b88ee1932485e227199c5156ea194ca,2,94190077,282.6355019315695,1741060939925161,Balanced Dollar,0.1127019125,bnUSD,0,1,2025-03-04
cx2609b924e33ef00b648a409245c7ea394c467824,cx21e94c08c03daee80c25d8ee3ea22a20786ec231,cxa0af3165c08318e988cb30993b3048335b94af6c,0x6c6b935b8bbd400000,0x26422dd4e103bcd294a27a2bde71f5b89b88ee1932485e227199c5156ea194ca,1,94190077,2000.0,1741060939925161,Staked ICX,0.1127019125,sICX,0,1,2025-03-04
cx2609b924e33ef00b648a409245c7ea394c467824,hx2debd9ec927cca1639da8d3518dd9dbf1cdfb357,cx21e94c08c03daee80c25d8ee3ea22a20786ec231,0x6c6b935b8bbd400000,0x26422dd4e103bcd294a27a2bde71f5b89b88ee1932485e227199c5156ea194ca,0,94190077,2000.0,1741060939925161,Staked ICX,0.1127019125,sICX,0,1,2025-03-04
cxb8cf9a4700e0c804b780978bf9d9de759c62e787,hx0000000000000000000000000000000000000000,cx66d4d90f5f113eba575bf793570135f9b10cece1,0xa612cd100,0x15314742ce48091d17622aa8d0b97d04f8cd212b60e283111301fd88bc117c81,1,94190031,44.58,1741060847911815,Mirai Staked SUI,0.0381878875,mSUI,0,1,2025-03-04
cx88fd7df7ddff82f7cc735c871dc519838cb235bb,cxa0af3165c08318e988cb30993b3048335b94af6c,cx5faae53c4dbd1fbe4a2eb4aab6565030f10da5c6,0xb29ad22f96e73f7,0xc96c19ed61f5f13f1e383b55ba6b8a51770e4c48e37743a50ecb58026127f8ed,2,94189784,0.804364374187603,1741060353719507,Balanced Dollar,0.0705547125,bnUSD,0,2,2025-03-04
cx2609b924e33ef00b648a409245c7ea394c467824,cxa0af3165c08318e988cb30993b3048335b94af6c,hxc1718c79947e0f673296218b5b23adbd9a3b38a8,0xcc886aa7792941e38e,0xc96c19ed61f5f13f1e383b55ba6b8a51770e4c48e37743a50ecb58026127f8ed,1,94189784,3772.965644312263,1741060353719507,Staked ICX,0.0705547125,sICX,0,2,2025-03-04
cx88fd7df7ddff82f7cc735c871dc519838cb235bb,hxc1718c79947e0f673296218b5b23adbd9a3b38a8,cxa0af3165c08318e988cb30993b3048335b94af6c,0x1d11dd8b143a4e0000,0xc96c19ed61f5f13f1e383b55ba6b8a51770e4c48e37743a50ecb58026127f8ed,0,94189784,536.2429161250686,1741060353719507,Balanced Dollar,0.0705547125,bnUSD,0,2,2025-03-04
cx88fd7df7ddff82f7cc735c871dc519838cb235bb,cxd82fb5d3effecd8c9071a4bba3856ad7222c4b91,hxc1718c79947e0f673296218b5b23adbd9a3b38a8,0x1d11dd8b143a4e0000,0x6e5125d04b60a1be17002250826e3dabc9efc6ea692d602371279f2c1e18d567,0,94189784,536.2429161250686,1741060353719507,Balanced Dollar,0.02068825,bnUSD,0,1,2025-03-04
cx2609b924e33ef00b648a409245c7ea394c467824,cx21e94c08c03daee80c25d8ee3ea22a20786ec231,hx2debd9ec927cca1639da8d3518dd9dbf1cdfb357,0x6c6b536e084e065bd5,0x8fda531705256d6746008873827d59944f08f43ad5172479c3a6d57d9f38b839,5,94189782,1999.9820059277047,1741060349861880,Staked ICX,0.1127006875,sICX,0,1,2025-03-04
cx88fd7df7ddff82f7cc735c871dc519838cb235bb,cxa0af3165c08318e988cb30993b3048335b94af6c,cx5faae53c4dbd1fbe4a2eb4aab6565030f10da5c6,0x5e95cdacb9b65b2,0x8fda531705256d6746008873827d59944f08f43ad5172479c3a6d57d9f38b839,3,94189782,0.4259737345518074,1741060349861880,Balanced Dollar,0.1127006875,bnUSD,0,1,2025-03-04
cx2609b924e33ef00b648a409245c7ea394c467824,cxa0af3165c08318e988cb30993b3048335b94af6c,cx21e94c08c03daee80c25d8ee3ea22a20786ec231,0x6c6b536e084e065bd5,0x8fda531705256d6746008873827d59944f08f43ad5172479c3a6d57d9f38b839,2,94189782,1999.9820059277047,1741060349861880,Staked ICX,0.1127006875,sICX,0,1,2025-03-04
cx88fd7df7ddff82f7cc735c871dc519838cb235bb,cx21e94c08c03daee80c25d8ee3ea22a20786ec231,cxa0af3165c08318e988cb30993b3048335b94af6c,0xf650c79c78f58d4e0,0x8fda531705256d6746008873827d59944f08f43ad5172479c3a6d57d9f38b839,1,94189782,283.98248970120494,1741060349861880,Balanced Dollar,0.1127006875,bnUSD,0,1,2025-03-04
cx88fd7df7ddff82f7cc735c871dc519838cb235bb,hx2debd9ec927cca1639da8d3518dd9dbf1cdfb357,cx21e94c08c03daee80c25d8ee3ea22a20786ec231,0xf650c79c78f58d4e0,0x8fda531705256d6746008873827d59944f08f43ad5172479c3a6d57d9f38b839,0,94189782,283.98248970120494,1741060349861880,Balanced Dollar,0.1127006875,bnUSD,0,1,2025-03-04
cx2609b924e33ef00b648a409245c7ea394c467824,cx21e94c08c03daee80c25d8ee3ea22a20786ec231,hx2debd9ec927cca1639da8d3518dd9dbf1cdfb357,0x6c6b536e07d50e2db7,0x471ce19e0db89258c09582a9ac1577e29098ecf5130d23cfabd497907d179797,5,94189773,1999.9820059256751,1741060331709871,Staked ICX,0.1127006875,sICX,0,1,2025-03-04
cx88fd7df7ddff82f7cc735c871dc519838cb235bb,cxa0af3165c08318e988cb30993b3048335b94af6c,cx5faae53c4dbd1fbe4a2eb4aab6565030f10da5c6,0x5e85d939368c47e,0x471ce19e0db89258c09582a9ac1577e29098ecf5130d23cfabd497907d179797,3,94189773,0.4256930532012044,1741060331709871,Balanced Dollar,0.1127006875,bnUSD,0,1,2025-03-04
cx2609b924e33ef00b648a409245c7ea394c467824,cxa0af3165c08318e988cb30993b3048335b94af6c,cx21e94c08c03daee80c25d8ee3ea22a20786ec231,0x6c6b536e07d50e2db7,0x471ce19e0db89258c09582a9ac1577e29098ecf5130d23cfabd497907d179797,2,94189773,1999.9820059256751,1741060331709871,Staked ICX,0.1127006875,sICX,0,1,2025-03-04
cx88fd7df7ddff82f7cc735c871dc519838cb235bb,cx21e94c08c03daee80c25d8ee3ea22a20786ec231,cxa0af3165c08318e988cb30993b3048335b94af6c,0xf6273b04fe0d50820,0x471ce19e0db89258c09582a9ac1577e29098ecf5130d23cfabd497907d179797,1,94189773,283.7953688008029,1741060331709871,Balanced Dollar,0.1127006875,bnUSD,0,1,2025-03-04
cx88fd7df7ddff82f7cc735c871dc519838cb235bb,hx2debd9ec927cca1639da8d3518dd9dbf1cdfb357,cx21e94c08c03daee80c25d8ee3ea22a20786ec231,0xf6273b04fe0d50820,0x471ce19e0db89258c09582a9ac1577e29098ecf5130d23cfabd497907d179797,0,94189773,283.7953688008029,1741060331709871,Balanced Dollar,0.1127006875,bnUSD,0,1,2025-03-04
cx4297f4b63262507623b6ad575d0d8dd2db980e4e,cx21e94c08c03daee80c25d8ee3ea22a20786ec231,hx2debd9ec927cca1639da8d3518dd9dbf1cdfb357,0x1a05473ee04b89500,0xf9ab3e6a1cc5cb71ca4bb89f07de08933c755b40deac1875fb5319b9003993aa,5,94189766,29.999730483940333,1741060317770140,Injective,0.088385925,INJ,0,1,2025-03-04
cx88fd7df7ddff82f7cc735c871dc519838cb235bb,cxa0af3165c08318e988cb30993b3048335b94af6c,cx5faae53c4dbd1fbe4a2eb4aab6565030f10da5c6,0x6f19ddd7887b513,0xf9ab3e6a1cc5cb71ca4bb89f07de08933c755b40deac1875fb5319b9003993aa,3,94189766,0.5003546081503286,1741060317770140,Balanced Dollar,0.088385925,bnUSD,0,1,2025-03-04
cx4297f4b63262507623b6ad575d0d8dd2db980e4e,cxa0af3165c08318e988cb30993b3048335b94af6c,cx21e94c08c03daee80c25d8ee3ea22a20786ec231,0x1a05473ee04b89500,0xf9ab3e6a1cc5cb71ca4bb89f07de08933c755b40deac1875fb5319b9003993aa,2,94189766,29.999730483940333,1741060317770140,Injective,0.088385925,INJ,0,1,2025-03-04
cx88fd7df7ddff82f7cc735c871dc519838cb235bb,cx21e94c08c03daee80c25d8ee3ea22a20786ec231,cxa0af3165c08318e988cb30993b3048335b94af6c,0x121535c6148c1236d0,0xf9ab3e6a1cc5cb71ca4bb89f07de08933c755b40deac1875fb5319b9003993aa,1,94189766,333.56973876688573,1741060317770140,Balanced Dollar,0.088385925,bnUSD,0,1,2025-03-04
cx88fd7df7ddff82f7cc735c871dc519838cb235bb,hx2debd9ec927cca1639da8d3518dd9dbf1cdfb357,cx21e94c08c03daee80c25d8ee3ea22a20786ec231,0x121535c6148c1236d0,0xf9ab3e6a1cc5cb71ca4bb89f07de08933c755b40deac1875fb5319b9003993aa,0,94189766,333.56973876688573,1741060317770140,Balanced Dollar,0.088385925,bnUSD,0,1,2025-03-04
cx88fd7df7ddff82f7cc735c871dc519838cb235bb,cxa0af3165c08318e988cb30993b3048335b94af6c,cx5faae53c4dbd1fbe4a2eb4aab6565030f10da5c6,0xb225ea8f3fbf126,0xfc9cbc7ce97539ef3ebd17684caa52e3209525e2f5e6d16b418584af786565a4,2,94189763,0.8023077633662611,1741060311698577,Balanced Dollar,0.0705547125,bnUSD,0,2,2025-03-04
cx2609b924e33ef00b648a409245c7ea394c467824,cxa0af3165c08318e988cb30993b3048335b94af6c,hxc1718c79947e0f673296218b5b23adbd9a3b38a8,0xcc888098b331125b4e,0xfc9cbc7ce97539ef3ebd17684caa52e3209525e2f5e6d16b418584af786565a4,1,94189763,3772.9718205183153,1741060311698577,Staked ICX,0.0705547125,sICX,0,2,2025-03-04
cx88fd7df7ddff82f7cc735c871dc519838cb235bb,hxc1718c79947e0f673296218b5b23adbd9a3b38a8,cxa0af3165c08318e988cb30993b3048335b94af6c,0x1cfed682a60ac40000,0xfc9cbc7ce97539ef3ebd17684caa52e3209525e2f5e6d16b418584af786565a4,0,94189763,534.871842244174,1741060311698577,Balanced Dollar,0.0705547125,bnUSD,0,2,2025-03-04
cx88fd7df7ddff82f7cc735c871dc519838cb235bb,cxd82fb5d3effecd8c9071a4bba3856ad7222c4b91,hxc1718c79947e0f673296218b5b23adbd9a3b38a8,0x1cfed682a60ac40000,0xa23e4bdce3e8efdc51d3465ea87726898920af404fd4a462e680494ab59d151c,0,94189763,534.871842244174,1741060311698577,Balanced Dollar,0.02068825,bnUSD,0,1,2025-03-04
cx2609b924e33ef00b648a409245c7ea394c467824,cx21e94c08c03daee80c25d8ee3ea22a20786ec231,hx2debd9ec927cca1639da8d3518dd9dbf1cdfb357,0x6c6b536e069839fae0,0x96909a98324f29e54327bb2d29b205f9417e85b61671050e59b289635ec0355f,5,94189762,1999.9820059203596,1741060309845291,Staked ICX,0.1127006875,sICX,0,1,2025-03-04
cx88fd7df7ddff82f7cc735c871dc519838cb235bb,cxa0af3165c08318e988cb30993b3048335b94af6c,cx5faae53c4dbd1fbe4a2eb4aab6565030f10da5c6,0x5e57e20e7316e1c,0x96909a98324f29e54327bb2d29b205f9417e85b61671050e59b289635ec0355f,3,94189762,0.4248844196392095,1741060309845291,Balanced Dollar,0.1127006875,bnUSD,0,1,2025-03-04
cx2609b924e33ef00b648a409245c7ea394c467824,cxa0af3165c08318e988cb30993b3048335b94af6c,cx21e94c08c03daee80c25d8ee3ea22a20786ec231,0x6c6b536e069839fae0,0x96909a98324f29e54327bb2d29b205f9417e85b61671050e59b289635ec0355f,2,94189762,1999.9820059203596,1741060309845291,Staked ICX,0.1127006875,sICX,0,1,2025-03-04
cx88fd7df7ddff82f7cc735c871dc519838cb235bb,cx21e94c08c03daee80c25d8ee3ea22a20786ec231,cxa0af3165c08318e988cb30993b3048335b94af6c,0xf5af875af660ebe40,0x96909a98324f29e54327bb2d29b205f9417e85b61671050e59b289635ec0355f,1,94189762,283.256279759473,1741060309845291,Balanced Dollar,0.1127006875,bnUSD,0,1,2025-03-04
cx88fd7df7ddff82f7cc735c871dc519838cb235bb,hx2debd9ec927cca1639da8d3518dd9dbf1cdfb357,cx21e94c08c03daee80c25d8ee3ea22a20786ec231,0xf5af875af660ebe40,0x96909a98324f29e54327bb2d29b205f9417e85b61671050e59b289635ec0355f,0,94189762,283.256279759473,1741060309845291,Balanced Dollar,0.1127006875,bnUSD,0,1,2025-03-04
cx88fd7df7ddff82f7cc735c871dc519838cb235bb,cxa0af3165c08318e988cb30993b3048335b94af6c,cx5faae53c4dbd1fbe4a2eb4aab6565030f10da5c6,0xb1ed4b8d1d69a3d,0xd14379a3a590b73ded0026faac4c40b186b104754f1eae95f9f0d00098676862,2,94189754,0.8013116739781003,1741060293708404,Balanced Dollar,0.0705547125,bnUSD,0,2,2025-03-04
cx2609b924e33ef00b648a409245c7ea394c467824,cxa0af3165c08318e988cb30993b3048335b94af6c,hxc1718c79947e0f673296218b5b23adbd9a3b38a8,0xccaaff4f736adec75e,0xd14379a3a590b73ded0026faac4c40b186b104754f1eae95f9f0d00098676862,1,94189754,3775.4574454993904,1741060293708404,Staked ICX,0.0705547125,sICX,0,2,2025-03-04
cx88fd7df7ddff82f7cc735c871dc519838cb235bb,hxc1718c79947e0f673296218b5b23adbd9a3b38a8,cxa0af3165c08318e988cb30993b3048335b94af6c,0x1cf59f4bf7c9870000,0xd14379a3a590b73ded0026faac4c40b186b104754f1eae95f9f0d00098676862,0,94189754,534.2077826520668,1741060293708404,Balanced Dollar,0.0705547125,bnUSD,0,2,2025-03-04
cx88fd7df7ddff82f7cc735c871dc519838cb235bb,cxd82fb5d3effecd8c9071a4bba3856ad7222c4b91,hxc1718c79947e0f673296218b5b23adbd9a3b38a8,0x1cf59f4bf7c9870000,0x7445ad67c1af4a63cb9eb36fb096e19707a84eb2e8ee74b6c5320d334c4ceba8,0,94189754,534.2077826520668,1741060293708404,Balanced Dollar,0.02068825,bnUSD,0,1,2025-03-04
cx4297f4b63262507623b6ad575d0d8dd2db980e4e,cx21e94c08c03daee80c25d8ee3ea22a20786ec231,hx2debd9ec927cca1639da8d3518dd9dbf1cdfb357,0x1a05473edd11a78f5,0x181e2cdfb1ca0ec72f3d48d8bd3f996b43c192fe6cb01ab1b59d723a78ab1bcc,5,94189751,29.999730483074334,1741060287736618,Injective,0.088407425,INJ,0,1,2025-03-04
cx88fd7df7ddff82f7cc735c871dc519838cb235bb,cxa0af3165c08318e988cb30993b3048335b94af6c,cx5faae53c4dbd1fbe4a2eb4aab6565030f10da5c6,0x6eb40427e9383e6,0x181e2cdfb1ca0ec72f3d48d8bd3f996b43c192fe6cb01ab1b59d723a78ab1bcc,3,94189751,0.49856283809018775,1741060287736618,Balanced Dollar,0.088407425,bnUSD,0,1,2025-03-04
cx4297f4b63262507623b6ad575d0d8dd2db980e4e,cxa0af3165c08318e988cb30993b3048335b94af6c,cx21e94c08c03daee80c25d8ee3ea22a20786ec231,0x1a05473edd11a78f5,0x181e2cdfb1ca0ec72f3d48d8bd3f996b43c192fe6cb01ab1b59d723a78ab1bcc,2,94189751,29.999730483074334,1741060287736618,Injective,0.088407425,INJ,0,1,2025-03-04
cx88fd7df7ddff82f7cc735c871dc519838cb235bb,cx21e94c08c03daee80c25d8ee3ea22a20786ec231,cxa0af3165c08318e988cb30993b3048335b94af6c,0x1204a2027ef57cd1a0,0x181e2cdfb1ca0ec72f3d48d8bd3f996b43c192fe6cb01ab1b59d723a78ab1bcc,1,94189751,332.3752253934585,1741060287736618,Balanced Dollar,0.088407425,bnUSD,0,1,2025-03-04
cx88fd7df7ddff82f7cc735c871dc519838cb235bb,hx2debd9ec927cca1639da8d3518dd9dbf1cdfb357,cx21e94c08c03daee80c25d8ee3ea22a20786ec231,0x1204a2027ef57cd1a0,0x181e2cdfb1ca0ec72f3d48d8bd3f996b43c192fe6cb01ab1b59d723a78ab1bcc,0,94189751,332.3752253934585,1741060287736618,Balanced Dollar,0.088407425,bnUSD,0,1,2025-03-04
cx88fd7df7ddff82f7cc735c871dc519838cb235bb,hx6e259405b2b543be012d67b32137dba5dc11b9bb,hx0000000000000000000000000000000000000000,0x368dd486be445ee7d,0x13ebe215850264deeca0b1607584c4366a2798c14b12fac62f1d4c0acad5ccdd,0,94189742,62.8965075991547,1741060269860667,Balanced Dollar,0.058272225,bnUSD,0,1,2025-03-04
cx88fd7df7ddff82f7cc735c871dc519838cb235bb,cx203d9cd2a669be67177e997b8948ce2c35caffae,cx835b300dcfe01f0bdb794e134a0c5628384f4367,0xb3f18c1e3f535c1,0x441268ed39871fc6d0938604ce3e46ef1a8d2d34bd6f470ff304e3d343dae0b1,6,94189734,0.8103936789822315,1741060253686004,Balanced Dollar,0.112674175,bnUSD,0,2,2025-03-04
cx88fd7df7ddff82f7cc735c871dc519838cb235bb,cx5faae53c4dbd1fbe4a2eb4aab6565030f10da5c6,cx203d9cd2a669be67177e997b8948ce2c35caffae,0x1010fecbd7f095f0,0x441268ed39871fc6d0938604ce3e46ef1a8d2d34bd6f470ff304e3d343dae0b1,4,94189734,1.157705255688902,1741060253686004,Balanced Dollar,0.112674175,bnUSD,0,2,2025-03-04
cx88fd7df7ddff82f7cc735c871dc519838cb235bb,cx5faae53c4dbd1fbe4a2eb4aab6565030f10da5c6,cxdc30a0d3a1f131565c071272a20bc0b06fd4c17b,0x1010fecbd7f095ef,0x441268ed39871fc6d0938604ce3e46ef1a8d2d34bd6f470ff304e3d343dae0b1,3,94189734,1.157705255688902,1741060253686004,Balanced Dollar,0.112674175,bnUSD,0,2,2025-03-04
cx88fd7df7ddff82f7cc735c871dc519838cb235bb,cxa0af3165c08318e988cb30993b3048335b94af6c,cx5faae53c4dbd1fbe4a2eb4aab6565030f10da5c6,0xb1b4c78200d8ced,0x441268ed39871fc6d0938604ce3e46ef1a8d2d34bd6f470ff304e3d343dae0b1,2,94189734,0.8003174376059404,1741060253686004,Balanced Dollar,0.112674175,bnUSD,0,2,2025-03-04
cx2609b924e33ef00b648a409245c7ea394c467824,cxa0af3165c08318e988cb30993b3048335b94af6c,hxc1718c79947e0f673296218b5b23adbd9a3b38a8,0xccab0478a988d9203e,0x441268ed39871fc6d0938604ce3e46ef1a8d2d34bd6f470ff304e3d343dae0b1,1,94189734,3775.458898186682,1741060253686004,Staked ICX,0.112674175,sICX,0,2,2025-03-04
cx88fd7df7ddff82f7cc735c871dc519838cb235bb,hxc1718c79947e0f673296218b5b23adbd9a3b38a8,cxa0af3165c08318e988cb30993b3048335b94af6c,0x1cec6c78d3789f0000,0x441268ed39871fc6d0938604ce3e46ef1a8d2d34bd6f470ff304e3d343dae0b1,0,94189734,533.5449584039603,1741060253686004,Balanced Dollar,0.112674175,bnUSD,0,2,2025-03-04
cx88fd7df7ddff82f7cc735c871dc519838cb235bb,cxd82fb5d3effecd8c9071a4bba3856ad7222c4b91,hxc1718c79947e0f673296218b5b23adbd9a3b38a8,0x1cec6c78d3789f0000,0x1600241857b065c85e1f9fa7da93fdb6b30be154b47a18a99c8e7d7e3807d920,0,94189734,533.5449584039603,1741060253686004,Balanced Dollar,0.020914,bnUSD,0,1,2025-03-04
cx88fd7df7ddff82f7cc735c871dc519838cb235bb,cxd82fb5d3effecd8c9071a4bba3856ad7222c4b91,hx6e259405b2b543be012d67b32137dba5dc11b9bb,0x36a37d8dec6df96dd,0x4212548ac86730bf67b056c1d6a723a1ed71fafecdc71e35018a7075d08c340d,0,94189722,62.99405676419898,1741060229856633,Balanced Dollar,0.0207059375,bnUSD,0,1,2025-03-04
cx7baf94bd53b505353285ee4c4c050f9703581703,hxdde335c24080988492b801ac18243f121066f7aa,hx0000000000000000000000000000000000000000,0x0,0x8790d845834f22721ad21b0eb16670187c0adacb510b4ccb556d0c723ed57a45,6,94189172,0.0,1741059129477912,unknown_token,0.062837975,$unknown,15,1,2025-03-04
cx7baf94bd53b505353285ee4c4c050f9703581703,hxdde335c24080988492b801ac18243f121066f7aa,hx0000000000000000000000000000000000000000,0x0,0x8790d845834f22721ad21b0eb16670187c0adacb510b4ccb556d0c723ed57a45,5,94189172,0.0,1741059129477912,unknown_token,0.062837975,$unknown,31,1,2025-03-04
cx7baf94bd53b505353285ee4c4c050f9703581703,hxdde335c24080988492b801ac18243f121066f7aa,hx0000000000000000000000000000000000000000,0x0,0x8790d845834f22721ad21b0eb16670187c0adacb510b4ccb556d0c723ed57a45,4,94189172,0.0,1741059129477912,unknown_token,0.062837975,$unknown,17,1,2025-03-04
cx53f8ccd5426534f82cf10cb742de033e51da72fc,hxdde335c24080988492b801ac18243f121066f7aa,hx0000000000000000000000000000000000000000,0x0,0x8790d845834f22721ad21b0eb16670187c0adacb510b4ccb556d0c723ed57a45,0,94189172,0.0,1741059129477912,unknown_token,0.062837975,$unknown,2,1,2025-03-04
cx7baf94bd53b505353285ee4c4c050f9703581703,hx3c72c692480ee86cef5aa9dcf48fdb3d6dd05e14,hx0000000000000000000000000000000000000000,0x0,0x9fd0f53eaa24173dd3807ff85373c809a41d4ae963ac1c304612b3d732cec4c9,6,94189103,0.0,1741058991294901,unknown_token,0.0620658375,$unknown,11,1,2025-03-04
cx7baf94bd53b505353285ee4c4c050f9703581703,hx3c72c692480ee86cef5aa9dcf48fdb3d6dd05e14,hx0000000000000000000000000000000000000000,0x0,0x9fd0f53eaa24173dd3807ff85373c809a41d4ae963ac1c304612b3d732cec4c9,5,94189103,0.0,1741058991294901,unknown_token,0.0620658375,$unknown,25,1,2025-03-04
cx7baf94bd53b505353285ee4c4c050f9703581703,hx3c72c692480ee86cef5aa9dcf48fdb3d6dd05e14,hx0000000000000000000000000000000000000000,0x0,0x9fd0f53eaa24173dd3807ff85373c809a41d4ae963ac1c304612b3d732cec4c9,4,94189103,0.0,1741058991294901,unknown_token,0.0620658375,$unknown,26,1,2025-03-04
cx53f8ccd5426534f82cf10cb742de033e51da72fc,hx3c72c692480ee86cef5aa9dcf48fdb3d6dd05e14,hx0000000000000000000000000000000000000000,0x0,0x9fd0f53eaa24173dd3807ff85373c809a41d4ae963ac1c304612b3d732cec4c9,0,94189103,0.0,1741058991294901,unknown_token,0.0620658375,$unknown,5,1,2025-03-04
cxce7b23917ddf57656010decd6017fe5016de681b,cx66d4d90f5f113eba575bf793570135f9b10cece1,hx0000000000000000000000000000000000000000,0x3485f83c5c000,0xa4f6f45c09da5b3076f1e39940d276b31a0841b899b6852099d21cedbda685ad,2,94189034,0.000924,1741058853233617,Wrapped eETH,0.0656893125,weETH,0,1,2025-03-04
cxce7b23917ddf57656010decd6017fe5016de681b,hx0000000000000000000000000000000000000000,cx66d4d90f5f113eba575bf793570135f9b10cece1,0x3485f83c5c000,0xe0b8489586ce9c36c15f6ba1cafc1a7dd390efc080ee5a7e1378980f45f13dad,1,94188953,0.000924,1741058691213048,Wrapped eETH,0.035465775,weETH,0,1,2025-03-04
cxce7b23917ddf57656010decd6017fe5016de681b,cx66d4d90f5f113eba575bf793570135f9b10cece1,hx0000000000000000000000000000000000000000,0x3485f83c5c000,0xc12d4ccfa8ed1f4dece991d9621aa3df02aa886b8043f64503edf9a99ea6b0ad,2,94188869,0.000924,1741058523257894,Wrapped eETH,0.0656893125,weETH,0,1,2025-03-04
cxce7b23917ddf57656010decd6017fe5016de681b,hx0000000000000000000000000000000000000000,cx66d4d90f5f113eba575bf793570135f9b10cece1,0x3485f83c5c000,0x9d17d4994479803947605fcafa8b20d0e69a1ed4edfc1dbcaa41631c76bd3b4c,1,94188791,0.000924,1741058367180066,Wrapped eETH,0.0369239875,weETH,0,1,2025-03-04
cx88fd7df7ddff82f7cc735c871dc519838cb235bb,cx21e94c08c03daee80c25d8ee3ea22a20786ec231,hxc1718c79947e0f673296218b5b23adbd9a3b38a8,0x36d144137414207db9,0x72af1b5e108357b2be65b1dcb074ee985012ccaa19db34133732ac12571e6cef,7,94188758,1011.2033788219338,1741058301166035,Balanced Dollar,0.1005987625,bnUSD,0,1,2025-03-04
cx88fd7df7ddff82f7cc735c871dc519838cb235bb,cxa0af3165c08318e988cb30993b3048335b94af6c,cx5faae53c4dbd1fbe4a2eb4aab6565030f10da5c6,0x1506b11f8fd39ef2,0x72af1b5e108357b2be65b1dcb074ee985012ccaa19db34133732ac12571e6cef,5,94188758,1.5150930737718638,1741058301166035,Balanced Dollar,0.1005987625,bnUSD,0,1,2025-03-04
cx88fd7df7ddff82f7cc735c871dc519838cb235bb,cxa0af3165c08318e988cb30993b3048335b94af6c,cx21e94c08c03daee80c25d8ee3ea22a20786ec231,0x36d144137414207db9,0x72af1b5e108357b2be65b1dcb074ee985012ccaa19db34133732ac12571e6cef,4,94188758,1011.2033788219338,1741058301166035,Balanced Dollar,0.1005987625,bnUSD,0,1,2025-03-04
cx66a031cc3bd305c76371fb586e93801b948254f0,cx21e94c08c03daee80c25d8ee3ea22a20786ec231,cxa0af3165c08318e988cb30993b3048335b94af6c,0x2b5e3af16b1880000,0x72af1b5e108357b2be65b1dcb074ee985012ccaa19db34133732ac12571e6cef,3,94188758,50.0,1741058301166035,Avalanche,0.1005987625,AVAX,0,1,2025-03-04
cx66a031cc3bd305c76371fb586e93801b948254f0,hx0000000000000000000000000000000000000000,cx21e94c08c03daee80c25d8ee3ea22a20786ec231,0x2b5e3af16b1880000,0x72af1b5e108357b2be65b1dcb074ee985012ccaa19db34133732ac12571e6cef,1,94188758,50.0,1741058301166035,Avalanche,0.1005987625,AVAX,0,1,2025-03-04
cx88fd7df7ddff82f7cc735c871dc519838cb235bb,cx203d9cd2a669be67177e997b8948ce2c35caffae,cx835b300dcfe01f0bdb794e134a0c5628384f4367,0x2f22c11cc0465937,0x7ff0ede290ffbd32653b9bec301744a9d3d69d1cf05e4437ce1379b29720774a,14,94188752,3.396489398219856,1741058289151507,Balanced Dollar,0.1667389625,bnUSD,0,1,2025-03-04
cx88fd7df7ddff82f7cc735c871dc519838cb235bb,cx5faae53c4dbd1fbe4a2eb4aab6565030f10da5c6,cx203d9cd2a669be67177e997b8948ce2c35caffae,0x43563872373fed2a,0x7ff0ede290ffbd32653b9bec301744a9d3d69d1cf05e4437ce1379b29720774a,12,94188752,4.852127711742652,1741058289151507,Balanced Dollar,0.1667389625,bnUSD,0,1,2025-03-04
cx88fd7df7ddff82f7cc735c871dc519838cb235bb,cx5faae53c4dbd1fbe4a2eb4aab6565030f10da5c6,cxdc30a0d3a1f131565c071272a20bc0b06fd4c17b,0x43563872373fed2a,0x7ff0ede290ffbd32653b9bec301744a9d3d69d1cf05e4437ce1379b29720774a,11,94188752,4.852127711742652,1741058289151507,Balanced Dollar,0.1667389625,bnUSD,0,1,2025-03-04
cx88fd7df7ddff82f7cc735c871dc519838cb235bb,hx0000000000000000000000000000000000000000,cx5faae53c4dbd1fbe4a2eb4aab6565030f10da5c6,0x58d15e176280000,0x7ff0ede290ffbd32653b9bec301744a9d3d69d1cf05e4437ce1379b29720774a,10,94188752,0.4,1741058289151507,Balanced Dollar,0.1667389625,bnUSD,0,1,2025-03-04
cx88fd7df7ddff82f7cc735c871dc519838cb235bb,hx0000000000000000000000000000000000000000,cx66d4d90f5f113eba575bf793570135f9b10cece1,0xad78ebc5ac6200000,0x7ff0ede290ffbd32653b9bec301744a9d3d69d1cf05e4437ce1379b29720774a,0,94188752,200.0,1741058289151507,Balanced Dollar,0.1667389625,bnUSD,0,1,2025-03-04
cx508002ec116fbf3ab406329c0df28e70d7e75fb3,hx0000000000000000000000000000000000000000,cx66d4d90f5f113eba575bf793570135f9b10cece1,0x35c8ac4600,0x4c96f061642c03ada80a785416664b7851f77962f23a56467b457d766e7b1ab6,1,94188662,231.0,1741058109111057,Sui,0.038045,SUI,0,1,2025-03-04
cx634fd850e16d2fa6d1d9195f3602d4bafda2f963,hx592e7959a5c0070cf51f18b82390c2553f0f767a,hx0000000000000000000000000000000000000000,0x0,0xb12c9436188e8c61eeabd5536041aa9aa664712365f6b202b8043ed02da44839,0,94188601,0.0,1741057987054664,unknown_token,0.004912325,$unknown,2,1,2025-03-04
cx634fd850e16d2fa6d1d9195f3602d4bafda2f963,hxbfc63154bd013b103e8073f6fd50b5bbdfc5246d,hx0000000000000000000000000000000000000000,0x0,0x2570b6b7a80104fc6369d65e3480cdda5fd4410a5a7f4feab33d108bf59b484a,0,94188599,0.0,1741057982976290,unknown_token,0.004912325,$unknown,2,1,2025-03-04
cx634fd850e16d2fa6d1d9195f3602d4bafda2f963,hx9645117f1b0c7181a126c7f4f222caefc6ee7a61,hx0000000000000000000000000000000000000000,0x0,0x59d9362cb8cdd6205623a4c545ce159463667a09aa00bbf5be91bfdf0e05f709,0,94188597,0.0,1741057979177068,unknown_token,0.0048558875,$unknown,2,1,2025-03-04
cx634fd850e16d2fa6d1d9195f3602d4bafda2f963,hxf662476d85bc58ee7aa203810238e0b791afc1c8,hx0000000000000000000000000000000000000000,0x0,0xca1f051199a2f6599a7a0983b34f7608ff6eb4b3a14c3e5dcf1c9fa74af422eb,0,94188595,0.0,1741057975076902,unknown_token,0.004912325,$unknown,2,1,2025-03-04
cx634fd850e16d2fa6d1d9195f3602d4bafda2f963,hxe25c372e174c9ca2d13281cc7f112c9ceaf316b1,hx0000000000000000000000000000000000000000,0x0,0x4ff079a1c78db9e54d12acf262e5fb6c37fcebb0e3bc818da232f2f142a9167e,0,94188592,0.0,1741057969145915,unknown_token,0.004912325,$unknown,2,1,2025-03-04
cx634fd850e16d2fa6d1d9195f3602d4bafda2f963,hx27ab991fad3ad5de5015d81ffde9994883daca91,hx0000000000000000000000000000000000000000,0x0,0x33603a1591041027ee63413276e45de803dcfb882a917021442d6871e42716a0,0,94188590,0.0,1741057964979463,unknown_token,0.004912325,$unknown,2,1,2025-03-04
cx7baf94bd53b505353285ee4c4c050f9703581703,hx7846c1e4d7404afa2e5787671dfe4922a1f90f9e,hx0000000000000000000000000000000000000000,0x0,0xb8054c02ff3c31726a558dfda4409c42528a33ba22e7b531bac995af13d2f9dd,7,94188538,0.0,1741057860950536,unknown_token,0.0360070625,$unknown,1,1,2025-03-04
cx7baf94bd53b505353285ee4c4c050f9703581703,hx7846c1e4d7404afa2e5787671dfe4922a1f90f9e,hx0000000000000000000000000000000000000000,0x0,0xb8054c02ff3c31726a558dfda4409c42528a33ba22e7b531bac995af13d2f9dd,6,94188538,0.0,1741057860950536,unknown_token,0.0360070625,$unknown,32,1,2025-03-04
cx7baf94bd53b505353285ee4c4c050f9703581703,hx7846c1e4d7404afa2e5787671dfe4922a1f90f9e,hx0000000000000000000000000000000000000000,0x0,0xb8054c02ff3c31726a558dfda4409c42528a33ba22e7b531bac995af13d2f9dd,5,94188538,0.0,1741057860950536,unknown_token,0.0360070625,$unknown,1,1,2025-03-04
cx53f8ccd5426534f82cf10cb742de033e51da72fc,hx7846c1e4d7404afa2e5787671dfe4922a1f90f9e,hx0000000000000000000000000000000000000000,0x0,0xb8054c02ff3c31726a558dfda4409c42528a33ba22e7b531bac995af13d2f9dd,1,94188538,0.0,1741057860950536,unknown_token,0.0360070625,$unknown,3,1,2025-03-04
cx634fd850e16d2fa6d1d9195f3602d4bafda2f963,hx7846c1e4d7404afa2e5787671dfe4922a1f90f9e,hx7846c1e4d7404afa2e5787671dfe4922a1f90f9e,0x0,0xb8054c02ff3c31726a558dfda4409c42528a33ba22e7b531bac995af13d2f9dd,0,94188538,0.0,1741057860950536,unknown_token,0.0360070625,$unknown,2,1,2025-03-04
cx7baf94bd53b505353285ee4c4c050f9703581703,hx8c5c49759e78ecd4c32cad296900dbe68956bed6,hx0000000000000000000000000000000000000000,0x0,0xa79f533174597db72ac5c477130ca95edcb6362862fa7335431968725eaf886b,6,94188483,0.0,1741057750979077,unknown_token,0.0627903375,$unknown,10,1,2025-03-04
cx7baf94bd53b505353285ee4c4c050f9703581703,hx8c5c49759e78ecd4c32cad296900dbe68956bed6,hx0000000000000000000000000000000000000000,0x0,0xa79f533174597db72ac5c477130ca95edcb6362862fa7335431968725eaf886b,5,94188483,0.0,1741057750979077,unknown_token,0.0627903375,$unknown,31,1,2025-03-04
cx7baf94bd53b505353285ee4c4c050f9703581703,hx8c5c49759e78ecd4c32cad296900dbe68956bed6,hx0000000000000000000000000000000000000000,0x0,0xa79f533174597db72ac5c477130ca95edcb6362862fa7335431968725eaf886b,4,94188483,0.0,1741057750979077,unknown_token,0.0627903375,$unknown,15,1,2025-03-04
cx53f8ccd5426534f82cf10cb742de033e51da72fc,hx8c5c49759e78ecd4c32cad296900dbe68956bed6,hx0000000000000000000000000000000000000000,0x0,0xa79f533174597db72ac5c477130ca95edcb6362862fa7335431968725eaf886b,0,94188483,0.0,1741057750979077,unknown_token,0.0627903375,$unknown,5,1,2025-03-04
cxd17316e24ee40f2ef8ed6f3a497311db1b35206d,hxb3fd11e1efdf774cef1eb4de7ae02982e3f2f692,hx0000000000000000000000000000000000000000,0x0,0x053247612f3743677b93828dee9b74e8e534e775a66b4893fe501c64db42145a,7,94188408,0.0,1741057600912777,unknown_token,0.041179425,$unknown,7,1,2025-03-04
cxd17316e24ee40f2ef8ed6f3a497311db1b35206d,hx8a83082b8f0fd30f1c93bcb993e796de45db2e2b,hx0000000000000000000000000000000000000000,0x0,0x053247612f3743677b93828dee9b74e8e534e775a66b4893fe501c64db42145a,6,94188408,0.0,1741057600912777,unknown_token,0.041179425,$unknown,34,1,2025-03-04
cxd17316e24ee40f2ef8ed6f3a497311db1b35206d,hxb3fd11e1efdf774cef1eb4de7ae02982e3f2f692,hx0000000000000000000000000000000000000000,0x0,0x053247612f3743677b93828dee9b74e8e534e775a66b4893fe501c64db42145a,5,94188408,0.0,1741057600912777,unknown_token,0.041179425,$unknown,34,1,2025-03-04
cx2609b924e33ef00b648a409245c7ea394c467824,cxfa09b71b9a82abc56678707ac4cbc0437635ff1d,cx10d59e8103ab44635190bd4139dbfd682fa2d07e,0x2239c4f4d7bd7f6de92,0xffe21ae3278bbe914ad11c16ef992f50e45c8f2d7c63acd3e542680ca0866282,6,94188213,10101.632314706501,1741057208724526,Staked ICX,0.14375185,sICX,0,1,2025-03-04
cx2609b924e33ef00b648a409245c7ea394c467824,hx0000000000000000000000000000000000000000,cxfa09b71b9a82abc56678707ac4cbc0437635ff1d,0x2239c4f4d7bd7f6de92,0xffe21ae3278bbe914ad11c16ef992f50e45c8f2d7c63acd3e542680ca0866282,4,94188213,10101.632314706501,1741057208724526,Staked ICX,0.14375185,sICX,0,1,2025-03-04
cx2609b924e33ef00b648a409245c7ea394c467824,hx0000000000000000000000000000000000000000,cx553b05df18e9d7c00d8bf4675e579cbbb23c4b30,0x3b05d69a3a0d677a6c,0xffe21ae3278bbe914ad11c16ef992f50e45c8f2d7c63acd3e542680ca0866282,1,94188213,1088.778593538193,1741057208724526,Staked ICX,0.14375185,sICX,0,1,2025-03-04
cx88fd7df7ddff82f7cc735c871dc519838cb235bb,cx21e94c08c03daee80c25d8ee3ea22a20786ec231,hx2debd9ec927cca1639da8d3518dd9dbf1cdfb357,0x11e90d58e5ead3562c,0x2a8740f2929d1c152c9997ef97b70c8c3ea4a8a4ee2f6cf3a0658faa8ab1ade3,5,94188187,330.3878255831073,1741057156821272,Balanced Dollar,0.088410925,bnUSD,0,1,2025-03-04
cx88fd7df7ddff82f7cc735c871dc519838cb235bb,cxa0af3165c08318e988cb30993b3048335b94af6c,cx5faae53c4dbd1fbe4a2eb4aab6565030f10da5c6,0x6e2cc5c81a8938d,0x2a8740f2929d1c152c9997ef97b70c8c3ea4a8a4ee2f6cf3a0658faa8ab1ade3,3,94188187,0.4961836066485421,1741057156821272,Balanced Dollar,0.088410925,bnUSD,0,1,2025-03-04
cx88fd7df7ddff82f7cc735c871dc519838cb235bb,cxa0af3165c08318e988cb30993b3048335b94af6c,cx21e94c08c03daee80c25d8ee3ea22a20786ec231,0x11e90d58e5ead3562c,0x2a8740f2929d1c152c9997ef97b70c8c3ea4a8a4ee2f6cf3a0658faa8ab1ade3,2,94188187,330.3878255831073,1741057156821272,Balanced Dollar,0.088410925,bnUSD,0,1,2025-03-04
cx4297f4b63262507623b6ad575d0d8dd2db980e4e,cx21e94c08c03daee80c25d8ee3ea22a20786ec231,cxa0af3165c08318e988cb30993b3048335b94af6c,0x1a055690d9db80000,0x2a8740f2929d1c152c9997ef97b70c8c3ea4a8a4ee2f6cf3a0658faa8ab1ade3,1,94188187,30.0,1741057156821272,Injective,0.088410925,INJ,0,1,2025-03-04
cx4297f4b63262507623b6ad575d0d8dd2db980e4e,hx2debd9ec927cca1639da8d3518dd9dbf1cdfb357,cx21e94c08c03daee80c25d8ee3ea22a20786ec231,0x1a055690d9db80000,0x2a8740f2929d1c152c9997ef97b70c8c3ea4a8a4ee2f6cf3a0658faa8ab1ade3,0,94188187,30.0,1741057156821272,Injective,0.088410925,INJ,0,1,2025-03-04
cxf61cd5a45dc9f91c15aa65831a30a90d59a09619,cx21e94c08c03daee80c25d8ee3ea22a20786ec231,hx5d8a28197b7c0fd9a38070a8303f8373c52456c1,0x2da8f729547012c0aa,0x38f8ea21605fa5bc11e16a76d8d74f4fcf6f5b965e4bcfd94b8ac7e66f29b2e7,5,94188093,842.2787288771835,1741056968632914,Balance Token,0.078297025,BALN,0,1,2025-03-04
cx88fd7df7ddff82f7cc735c871dc519838cb235bb,cxa0af3165c08318e988cb30993b3048335b94af6c,cx5faae53c4dbd1fbe4a2eb4aab6565030f10da5c6,0x214e8348c4f0000,0x38f8ea21605fa5bc11e16a76d8d74f4fcf6f5b965e4bcfd94b8ac7e66f29b2e7,3,94188093,0.15,1741056968632914,Balanced Dollar,0.078297025,bnUSD,0,1,2025-03-04
cxf61cd5a45dc9f91c15aa65831a30a90d59a09619,cxa0af3165c08318e988cb30993b3048335b94af6c,cx21e94c08c03daee80c25d8ee3ea22a20786ec231,0x2da8f729547012c0aa,0x38f8ea21605fa5bc11e16a76d8d74f4fcf6f5b965e4bcfd94b8ac7e66f29b2e7,2,94188093,842.2787288771835,1741056968632914,Balance Token,0.078297025,BALN,0,1,2025-03-04
cx88fd7df7ddff82f7cc735c871dc519838cb235bb,cx21e94c08c03daee80c25d8ee3ea22a20786ec231,cxa0af3165c08318e988cb30993b3048335b94af6c,0x56bc75e2d63100000,0x38f8ea21605fa5bc11e16a76d8d74f4fcf6f5b965e4bcfd94b8ac7e66f29b2e7,1,94188093,100.0,1741056968632914,Balanced Dollar,0.078297025,bnUSD,0,1,2025-03-04
cx88fd7df7ddff82f7cc735c871dc519838cb235bb,hx5d8a28197b7c0fd9a38070a8303f8373c52456c1,cx21e94c08c03daee80c25d8ee3ea22a20786ec231,0x56bc75e2d63100000,0x38f8ea21605fa5bc11e16a76d8d74f4fcf6f5b965e4bcfd94b8ac7e66f29b2e7,0,94188093,100.0,1741056968632914,Balanced Dollar,0.078297025,bnUSD,0,1,2025-03-04
cx88fd7df7ddff82f7cc735c871dc519838cb235bb,cxd82fb5d3effecd8c9071a4bba3856ad7222c4b91,hx5d8a28197b7c0fd9a38070a8303f8373c52456c1,0x56bd598f15e926efe,0x86e23c630731e8dd163f72fdc0229b5fc7e2c4722991b50b41d9447270a16d9d,0,94188081,100.00400526308661,1741056944627897,Balanced Dollar,0.0207085625,bnUSD,0,1,2025-03-04
cx4297f4b63262507623b6ad575d0d8dd2db980e4e,cx21e94c08c03daee80c25d8ee3ea22a20786ec231,hx2debd9ec927cca1639da8d3518dd9dbf1cdfb357,0x1a05473edd100daec,0x81e4d6169f2d207e0539ad911fa209ae0ca996bc71f9ed39309f279a889ce52b,5,94188064,29.999730483072653,1741056910808259,Injective,0.0883886125,INJ,0,1,2025-03-04
cx88fd7df7ddff82f7cc735c871dc519838cb235bb,cxa0af3165c08318e988cb30993b3048335b94af6c,cx5faae53c4dbd1fbe4a2eb4aab6565030f10da5c6,0x6eb3dd63ac343a9,0x81e4d6169f2d207e0539ad911fa209ae0ca996bc71f9ed39309f279a889ce52b,3,94188064,0.49856017407274283,1741056910808259,Balanced Dollar,0.0883886125,bnUSD,0,1,2025-03-04
cx4297f4b63262507623b6ad575d0d8dd2db980e4e,cxa0af3165c08318e988cb30993b3048335b94af6c,cx21e94c08c03daee80c25d8ee3ea22a20786ec231,0x1a05473edd100daec,0x81e4d6169f2d207e0539ad911fa209ae0ca996bc71f9ed39309f279a889ce52b,2,94188064,29.999730483072653,1741056910808259,Injective,0.0883886125,INJ,0,1,2025-03-04
cx88fd7df7ddff82f7cc735c871dc519838cb235bb,cx21e94c08c03daee80c25d8ee3ea22a20786ec231,cxa0af3165c08318e988cb30993b3048335b94af6c,0x12049bb339072add70,0x81e4d6169f2d207e0539ad911fa209ae0ca996bc71f9ed39309f279a889ce52b,1,94188064,332.37344938182855,1741056910808259,Balanced Dollar,0.0883886125,bnUSD,0,1,2025-03-04
cx88fd7df7ddff82f7cc735c871dc519838cb235bb,hx2debd9ec927cca1639da8d3518dd9dbf1cdfb357,cx21e94c08c03daee80c25d8ee3ea22a20786ec231,0x12049bb339072add70,0x81e4d6169f2d207e0539ad911fa209ae0ca996bc71f9ed39309f279a889ce52b,0,94188064,332.37344938182855,1741056910808259,Balanced Dollar,0.0883886125,bnUSD,0,1,2025-03-04
cx2609b924e33ef00b648a409245c7ea394c467824,cx21e94c08c03daee80c25d8ee3ea22a20786ec231,hx2debd9ec927cca1639da8d3518dd9dbf1cdfb357,0x6c6b536e0464fb3a7f,0xb054aba89145497922b8f6e206dd30fc7e61030b7780a811fd49dd1c5360c6f6,5,94188058,1999.98200591091,1741056898608722,Staked ICX,0.1127006875,sICX,0,2,2025-03-04
cx88fd7df7ddff82f7cc735c871dc519838cb235bb,cxa0af3165c08318e988cb30993b3048335b94af6c,cx5faae53c4dbd1fbe4a2eb4aab6565030f10da5c6,0x5e0c1fad1824a28,0xb054aba89145497922b8f6e206dd30fc7e61030b7780a811fd49dd1c5360c6f6,3,94188058,0.4235516479737882,1741056898608722,Balanced Dollar,0.1127006875,bnUSD,0,2,2025-03-04
cx2609b924e33ef00b648a409245c7ea394c467824,cxa0af3165c08318e988cb30993b3048335b94af6c,cx21e94c08c03daee80c25d8ee3ea22a20786ec231,0x6c6b536e0464fb3a7f,0xb054aba89145497922b8f6e206dd30fc7e61030b7780a811fd49dd1c5360c6f6,2,94188058,1999.98200591091,1741056898608722,Staked ICX,0.1127006875,sICX,0,2,2025-03-04
cx88fd7df7ddff82f7cc735c871dc519838cb235bb,cx21e94c08c03daee80c25d8ee3ea22a20786ec231,cxa0af3165c08318e988cb30993b3048335b94af6c,0xf4ea3d28198a11d80,0xb054aba89145497922b8f6e206dd30fc7e61030b7780a811fd49dd1c5360c6f6,1,94188058,282.3677653158588,1741056898608722,Balanced Dollar,0.1127006875,bnUSD,0,2,2025-03-04
cx88fd7df7ddff82f7cc735c871dc519838cb235bb,hx2debd9ec927cca1639da8d3518dd9dbf1cdfb357,cx21e94c08c03daee80c25d8ee3ea22a20786ec231,0xf4ea3d28198a11d80,0xb054aba89145497922b8f6e206dd30fc7e61030b7780a811fd49dd1c5360c6f6,0,94188058,282.3677653158588,1741056898608722,Balanced Dollar,0.1127006875,bnUSD,0,2,2025-03-04
cx2609b924e33ef00b648a409245c7ea394c467824,cx21e94c08c03daee80c25d8ee3ea22a20786ec231,hx2debd9ec927cca1639da8d3518dd9dbf1cdfb357,0x6c6b536e040f7792bc,0xc27328f0100e756798277a657e80ff7a7d56f0d000e55ab84c13a6a42f8c2e7a,5,94188054,1999.9820059094752,1741056890603999,Staked ICX,0.1127006875,sICX,0,1,2025-03-04
cx88fd7df7ddff82f7cc735c871dc519838cb235bb,cxa0af3165c08318e988cb30993b3048335b94af6c,cx5faae53c4dbd1fbe4a2eb4aab6565030f10da5c6,0x5dfc4dff4d8ef04,0xc27328f0100e756798277a657e80ff7a7d56f0d000e55ab84c13a6a42f8c2e7a,3,94188054,0.42327335616072476,1741056890603999,Balanced Dollar,0.1127006875,bnUSD,0,1,2025-03-04
cx2609b924e33ef00b648a409245c7ea394c467824,cxa0af3165c08318e988cb30993b3048335b94af6c,cx21e94c08c03daee80c25d8ee3ea22a20786ec231,0x6c6b536e040f7792bc,0xc27328f0100e756798277a657e80ff7a7d56f0d000e55ab84c13a6a42f8c2e7a,2,94188054,1999.9820059094752,1741056890603999,Staked ICX,0.1127006875,sICX,0,1,2025-03-04
cx88fd7df7ddff82f7cc735c871dc519838cb235bb,cx21e94c08c03daee80c25d8ee3ea22a20786ec231,cxa0af3165c08318e988cb30993b3048335b94af6c,0xf4c10b1e2f4ee6fc0,0xc27328f0100e756798277a657e80ff7a7d56f0d000e55ab84c13a6a42f8c2e7a,1,94188054,282.18223744048316,1741056890603999,Balanced Dollar,0.1127006875,bnUSD,0,1,2025-03-04
cx88fd7df7ddff82f7cc735c871dc519838cb235bb,hx2debd9ec927cca1639da8d3518dd9dbf1cdfb357,cx21e94c08c03daee80c25d8ee3ea22a20786ec231,0xf4c10b1e2f4ee6fc0,0xc27328f0100e756798277a657e80ff7a7d56f0d000e55ab84c13a6a42f8c2e7a,0,94188054,282.18223744048316,1741056890603999,Balanced Dollar,0.1127006875,bnUSD,0,1,2025-03-04
cxf61cd5a45dc9f91c15aa65831a30a90d59a09619,cx9345f80d6c98357ccbb70392b14162199c2c5f66,cxd82fb5d3effecd8c9071a4bba3856ad7222c4b91,0x446d0474e06e580,0x8b37e332a66ac19cfe5655345a16ca396d9fcc74e7ab5e328094b96a1e4337fe,4,94188051,0.3081626291917879,1741056884604939,Balance Token,0.1301876125,BALN,0,1,2025-03-04
cx2609b924e33ef00b648a409245c7ea394c467824,cx9345f80d6c98357ccbb70392b14162199c2c5f66,cxd82fb5d3effecd8c9071a4bba3856ad7222c4b91,0x4b44deb9e9a1ab08,0x8b37e332a66ac19cfe5655345a16ca396d9fcc74e7ab5e328094b96a1e4337fe,3,94188051,5.423704741330922,1741056884604939,Staked ICX,0.1301876125,sICX,0,1,2025-03-04
cx88fd7df7ddff82f7cc735c871dc519838cb235bb,hx0000000000000000000000000000000000000000,cx5faae53c4dbd1fbe4a2eb4aab6565030f10da5c6,0x0,0x8b37e332a66ac19cfe5655345a16ca396d9fcc74e7ab5e328094b96a1e4337fe,2,94188051,0.0,1741056884604939,Balanced Dollar,0.1301876125,bnUSD,0,1,2025-03-04
cx88fd7df7ddff82f7cc735c871dc519838cb235bb,hx0000000000000000000000000000000000000000,cxd82fb5d3effecd8c9071a4bba3856ad7222c4b91,0xc2af487586e3bb5,0x8b37e332a66ac19cfe5655345a16ca396d9fcc74e7ab5e328094b96a1e4337fe,1,94188051,0.8767819396183644,1741056884604939,Balanced Dollar,0.1301876125,bnUSD,0,1,2025-03-04
cx88fd7df7ddff82f7cc735c871dc519838cb235bb,hx5d8a28197b7c0fd9a38070a8303f8373c52456c1,cxd82fb5d3effecd8c9071a4bba3856ad7222c4b91,0x15b00124f54466efe,0x8b37e332a66ac19cfe5655345a16ca396d9fcc74e7ab5e328094b96a1e4337fe,0,94188051,25.00400526308661,1741056884604939,Balanced Dollar,0.1301876125,bnUSD,0,1,2025-03-04
cx288d13e1b63563459a2ac6179f237711f6851cb5,cx21e94c08c03daee80c25d8ee3ea22a20786ec231,hx0000000000000000000000000000000000000000,0x1a4f75f0ff9ec97,0x497e087ed68ccd7a324a41738d633e9bfaaec730be5c3f5d50a2eb151f0ac490,5,94188036,0.11849147788046659,1741056854600802,Ethereum,0.11786585,ETH,0,1,2025-03-04
cx88fd7df7ddff82f7cc735c871dc519838cb235bb,cxa0af3165c08318e988cb30993b3048335b94af6c,cx5faae53c4dbd1fbe4a2eb4aab6565030f10da5c6,0x53444835ec58000,0x497e087ed68ccd7a324a41738d633e9bfaaec730be5c3f5d50a2eb151f0ac490,3,94188036,0.375,1741056854600802,Balanced Dollar,0.11786585,bnUSD,0,1,2025-03-04
cx288d13e1b63563459a2ac6179f237711f6851cb5,cxa0af3165c08318e988cb30993b3048335b94af6c,cx21e94c08c03daee80c25d8ee3ea22a20786ec231,0x1a4f75f0ff9ec97,0x497e087ed68ccd7a324a41738d633e9bfaaec730be5c3f5d50a2eb151f0ac490,2,94188036,0.11849147788046659,1741056854600802,Ethereum,0.11786585,ETH,0,1,2025-03-04
cx88fd7df7ddff82f7cc735c871dc519838cb235bb,cx21e94c08c03daee80c25d8ee3ea22a20786ec231,cxa0af3165c08318e988cb30993b3048335b94af6c,0xd8d726b7177a80000,0x497e087ed68ccd7a324a41738d633e9bfaaec730be5c3f5d50a2eb151f0ac490,1,94188036,250.0,1741056854600802,Balanced Dollar,0.11786585,bnUSD,0,1,2025-03-04
cx88fd7df7ddff82f7cc735c871dc519838cb235bb,hx0000000000000000000000000000000000000000,cx5faae53c4dbd1fbe4a2eb4aab6565030f10da5c6,0xb1a2bc2ec50000,0x93f2ae5054741fb93cdbcc4535dba99f0596c75880af0e4889710cba05644cb0,3,94188032,0.05,1741056846713950,Balanced Dollar,0.104869875,bnUSD,0,1,2025-03-04
cx88fd7df7ddff82f7cc735c871dc519838cb235bb,cx66d4d90f5f113eba575bf793570135f9b10cece1,hx5d8a28197b7c0fd9a38070a8303f8373c52456c1,0x15af1d78b58c40000,0x93f2ae5054741fb93cdbcc4535dba99f0596c75880af0e4889710cba05644cb0,1,94188032,25.0,1741056846713950,Balanced Dollar,0.104869875,bnUSD,0,1,2025-03-04
cx88fd7df7ddff82f7cc735c871dc519838cb235bb,hx0000000000000000000000000000000000000000,cx66d4d90f5f113eba575bf793570135f9b10cece1,0x15af1d78b58c40000,0x93f2ae5054741fb93cdbcc4535dba99f0596c75880af0e4889710cba05644cb0,0,94188032,25.0,1741056846713950,Balanced Dollar,0.104869875,bnUSD,0,1,2025-03-04
cx07b184a37f03c6ab681fcbd0b45aec6dc3eafbeb,hx5d8a28197b7c0fd9a38070a8303f8373c52456c1,cx66d4d90f5f113eba575bf793570135f9b10cece1,0x4176607afb8c3,0x1488569f36835184152f952e0d5865a0f0a1911c0b6baa4c07c8d05541269217,0,94188001,0.001151626889902275,1741056784564762,Bitcoin,0.0225349375,BTC,0,1,2025-03-04
cx508002ec116fbf3ab406329c0df28e70d7e75fb3,cx21e94c08c03daee80c25d8ee3ea22a20786ec231,hx0000000000000000000000000000000000000000,0xda5489998,0x77a3c900b2225e811afc01f8f8389dac3d881f362a0fb2acd70024a553e17394,7,94187871,58.6075734,1741056524473359,Sui,0.1129051,SUI,0,1,2025-03-04
cx88fd7df7ddff82f7cc735c871dc519838cb235bb,cxa0af3165c08318e988cb30993b3048335b94af6c,cx5faae53c4dbd1fbe4a2eb4aab6565030f10da5c6,0x31f5c4ed2768000,0x77a3c900b2225e811afc01f8f8389dac3d881f362a0fb2acd70024a553e17394,3,94187871,0.225,1741056524473359,Balanced Dollar,0.1129051,bnUSD,0,1,2025-03-04
cx508002ec116fbf3ab406329c0df28e70d7e75fb3,cxa0af3165c08318e988cb30993b3048335b94af6c,cx21e94c08c03daee80c25d8ee3ea22a20786ec231,0xda5489998,0x77a3c900b2225e811afc01f8f8389dac3d881f362a0fb2acd70024a553e17394,2,94187871,58.6075734,1741056524473359,Sui,0.1129051,SUI,0,1,2025-03-04
cx88fd7df7ddff82f7cc735c871dc519838cb235bb,cx21e94c08c03daee80c25d8ee3ea22a20786ec231,cxa0af3165c08318e988cb30993b3048335b94af6c,0x821ab0d4414980000,0x77a3c900b2225e811afc01f8f8389dac3d881f362a0fb2acd70024a553e17394,1,94187871,150.0,1741056524473359,Balanced Dollar,0.1129051,bnUSD,0,1,2025-03-04
cxf61cd5a45dc9f91c15aa65831a30a90d59a09619,cxd82fb5d3effecd8c9071a4bba3856ad7222c4b91,hxc1718c79947e0f673296218b5b23adbd9a3b38a8,0x42875c0eef4937db,0x3a1b3fd2f3b5c7e07da117938a884ed59a470a78320c1aa1d2b80ce1d66245dd,6,94187867,4.793901547573033,1741056516656924,Balance Token,0.1606592875,BALN,0,1,2025-03-04
cx88fd7df7ddff82f7cc735c871dc519838cb235bb,cxd82fb5d3effecd8c9071a4bba3856ad7222c4b91,hxc1718c79947e0f673296218b5b23adbd9a3b38a8,0xbdcb7fc11ccb53e4,0x3a1b3fd2f3b5c7e07da117938a884ed59a470a78320c1aa1d2b80ce1d66245dd,5,94187867,13.676165160829147,1741056516656924,Balanced Dollar,0.1606592875,bnUSD,0,1,2025-03-04
cx2609b924e33ef00b648a409245c7ea394c467824,cxd82fb5d3effecd8c9071a4bba3856ad7222c4b91,hxc1718c79947e0f673296218b5b23adbd9a3b38a8,0x49352138ac2d1600a,0x3a1b3fd2f3b5c7e07da117938a884ed59a470a78320c1aa1d2b80ce1d66245dd,4,94187867,84.4025450531988,1741056516656924,Staked ICX,0.1606592875,sICX,0,1,2025-03-04
cxf61cd5a45dc9f91c15aa65831a30a90d59a09619,cx9345f80d6c98357ccbb70392b14162199c2c5f66,cxd82fb5d3effecd8c9071a4bba3856ad7222c4b91,0x2e1cf24ec3c4cc0,0x3a1b3fd2f3b5c7e07da117938a884ed59a470a78320c1aa1d2b80ce1d66245dd,3,94187867,0.20767481532490054,1741056516656924,Balance Token,0.1606592875,BALN,0,1,2025-03-04
cx2609b924e33ef00b648a409245c7ea394c467824,cx9345f80d6c98357ccbb70392b14162199c2c5f66,cxd82fb5d3effecd8c9071a4bba3856ad7222c4b91,0x32b98af7b945fe64,0x3a1b3fd2f3b5c7e07da117938a884ed59a470a78320c1aa1d2b80ce1d66245dd,2,94187867,3.6551053691577953,1741056516656924,Staked ICX,0.1606592875,sICX,0,1,2025-03-04
cx88fd7df7ddff82f7cc735c871dc519838cb235bb,hx0000000000000000000000000000000000000000,cx5faae53c4dbd1fbe4a2eb4aab6565030f10da5c6,0x0,0x3a1b3fd2f3b5c7e07da117938a884ed59a470a78320c1aa1d2b80ce1d66245dd,1,94187867,0.0,1741056516656924,Balanced Dollar,0.1606592875,bnUSD,0,1,2025-03-04
cx88fd7df7ddff82f7cc735c871dc519838cb235bb,hx0000000000000000000000000000000000000000,cxd82fb5d3effecd8c9071a4bba3856ad7222c4b91,0x835dd32e43659bd,0x3a1b3fd2f3b5c7e07da117938a884ed59a470a78320c1aa1d2b80ce1d66245dd,0,94187867,0.5916221367159588,1741056516656924,Balanced Dollar,0.1606592875,bnUSD,0,1,2025-03-04
cx88fd7df7ddff82f7cc735c871dc519838cb235bb,hx2904ebd67d6e1d93d1d6afc40e52e7cf94bdad6d,hx0000000000000000000000000000000000000000,0x262281ccea58b650c2,0x2bc9f56b4925c14e47105b8b2198cf23ba6fb2b0f894dea8bc0d86ce1d9a290e,0,94187840,703.462768577131,1741056462701396,Balanced Dollar,0.0606701125,bnUSD,0,1,2025-03-04
cx88fd7df7ddff82f7cc735c871dc519838cb235bb,cx21e94c08c03daee80c25d8ee3ea22a20786ec231,hx2904ebd67d6e1d93d1d6afc40e52e7cf94bdad6d,0x26280581db73670ab5,0xd12237f48286fa95254c56cf3f78c80c74838ec86929176f9cd3a598cf633f75,5,94187823,703.8601287168976,1741056428436507,Balanced Dollar,0.11035065,bnUSD,0,1,2025-03-04
cx88fd7df7ddff82f7cc735c871dc519838cb235bb,cxa0af3165c08318e988cb30993b3048335b94af6c,cx5faae53c4dbd1fbe4a2eb4aab6565030f10da5c6,0xeaf1bf73167afc2,0xd12237f48286fa95254c56cf3f78c80c74838ec86929176f9cd3a598cf633f75,3,94187823,1.0580951859551067,1741056428436507,Balanced Dollar,0.11035065,bnUSD,0,1,2025-03-04
cx88fd7df7ddff82f7cc735c871dc519838cb235bb,cxa0af3165c08318e988cb30993b3048335b94af6c,cx21e94c08c03daee80c25d8ee3ea22a20786ec231,0x26280581db73670ab5,0xd12237f48286fa95254c56cf3f78c80c74838ec86929176f9cd3a598cf633f75,2,94187823,703.8601287168976,1741056428436507,Balanced Dollar,0.11035065,bnUSD,0,1,2025-03-04
cx2609b924e33ef00b648a409245c7ea394c467824,cx21e94c08c03daee80c25d8ee3ea22a20786ec231,cxa0af3165c08318e988cb30993b3048335b94af6c,0x10fee124927fb75f228,0xd12237f48286fa95254c56cf3f78c80c74838ec86929176f9cd3a598cf633f75,1,94187823,5016.222498341967,1741056428436507,Staked ICX,0.11035065,sICX,0,1,2025-03-04
cx2609b924e33ef00b648a409245c7ea394c467824,hx2904ebd67d6e1d93d1d6afc40e52e7cf94bdad6d,cx21e94c08c03daee80c25d8ee3ea22a20786ec231,0x10fee124927fb75f228,0xd12237f48286fa95254c56cf3f78c80c74838ec86929176f9cd3a598cf633f75,0,94187823,5016.222498341967,1741056428436507,Staked ICX,0.11035065,sICX,0,1,2025-03-04
cx2609b924e33ef00b648a409245c7ea394c467824,cx21e94c08c03daee80c25d8ee3ea22a20786ec231,hx2904ebd67d6e1d93d1d6afc40e52e7cf94bdad6d,0x10fee124927fb75f228,0x45b4554c47b60304557367f3f10928b3ed957b45c1ea4bc1a734c451d05cf17e,13,94187808,5016.222498341967,1741056398422594,Staked ICX,0.2908262,sICX,0,1,2025-03-04
cx2609b924e33ef00b648a409245c7ea394c467824,cx203d9cd2a669be67177e997b8948ce2c35caffae,cx835b300dcfe01f0bdb794e134a0c5628384f4367,0x30ffce87222aed50,0x45b4554c47b60304557367f3f10928b3ed957b45c1ea4bc1a734c451d05cf17e,10,94187808,3.5307677126709036,1741056398422594,Staked ICX,0.2908262,sICX,0,1,2025-03-04
cx2609b924e33ef00b648a409245c7ea394c467824,cx5faae53c4dbd1fbe4a2eb4aab6565030f10da5c6,cx203d9cd2a669be67177e997b8948ce2c35caffae,0x45ffb9535561e54f,0x45b4554c47b60304557367f3f10928b3ed957b45c1ea4bc1a734c451d05cf17e,7,94187808,5.043953875244148,1741056398422594,Staked ICX,0.2908262,sICX,0,1,2025-03-04
cx2609b924e33ef00b648a409245c7ea394c467824,cx5faae53c4dbd1fbe4a2eb4aab6565030f10da5c6,cxdc30a0d3a1f131565c071272a20bc0b06fd4c17b,0x45ffb9535561e54f,0x45b4554c47b60304557367f3f10928b3ed957b45c1ea4bc1a734c451d05cf17e,5,94187808,5.043953875244148,1741056398422594,Staked ICX,0.2908262,sICX,0,1,2025-03-04
cx2609b924e33ef00b648a409245c7ea394c467824,cxa0af3165c08318e988cb30993b3048335b94af6c,cx5faae53c4dbd1fbe4a2eb4aab6565030f10da5c6,0x688f4b2ad0953233,0x45b4554c47b60304557367f3f10928b3ed957b45c1ea4bc1a734c451d05cf17e,4,94187808,7.534323348874278,1741056398422594,Staked ICX,0.2908262,sICX,0,1,2025-03-04
cx2609b924e33ef00b648a409245c7ea394c467824,cxa0af3165c08318e988cb30993b3048335b94af6c,cx21e94c08c03daee80c25d8ee3ea22a20786ec231,0x10fee124927fb75f228,0x45b4554c47b60304557367f3f10928b3ed957b45c1ea4bc1a734c451d05cf17e,3,94187808,5016.222498341967,1741056398422594,Staked ICX,0.2908262,sICX,0,1,2025-03-04
cx3975b43d260fb8ec802cef6e60c2f4d07486f11d,cx21e94c08c03daee80c25d8ee3ea22a20786ec231,cxa0af3165c08318e988cb30993b3048335b94af6c,0x1671e4e8ce54bf44b00,0x45b4554c47b60304557367f3f10928b3ed957b45c1ea4bc1a734c451d05cf17e,2,94187808,6624.5649602475,1741056398422594,Wrapped ICX,0.2908262,wICX,0,1,2025-03-04
cx3975b43d260fb8ec802cef6e60c2f4d07486f11d,hx2904ebd67d6e1d93d1d6afc40e52e7cf94bdad6d,cx21e94c08c03daee80c25d8ee3ea22a20786ec231,0x1671e4e8ce54bf44b00,0x45b4554c47b60304557367f3f10928b3ed957b45c1ea4bc1a734c451d05cf17e,1,94187808,6624.5649602475,1741056398422594,Wrapped ICX,0.2908262,wICX,0,1,2025-03-04
cx3975b43d260fb8ec802cef6e60c2f4d07486f11d,hx0000000000000000000000000000000000000000,hx2904ebd67d6e1d93d1d6afc40e52e7cf94bdad6d,0x1671e4e8ce54bf44b00,0x45b4554c47b60304557367f3f10928b3ed957b45c1ea4bc1a734c451d05cf17e,0,94187808,6624.5649602475,1741056398422594,Wrapped ICX,0.2908262,wICX,0,1,2025-03-04
cx22319ac7f412f53eabe3c9827acf5e27e9c6a95f,cx21e94c08c03daee80c25d8ee3ea22a20786ec231,hx0000000000000000000000000000000000000000,0xc471197,0xa18876f6610963ddecb03855e47363e3593818ab02b84d5a7d1ff7d239992c4e,11,94187753,205.984151,1741056288385945,USDC,0.1657058875,USDC,0,1,2025-03-04
cx22319ac7f412f53eabe3c9827acf5e27e9c6a95f,cxa09dbb60dcb62fffbd232b6eae132d730a2aafa6,cx21e94c08c03daee80c25d8ee3ea22a20786ec231,0xc471197,0xa18876f6610963ddecb03855e47363e3593818ab02b84d5a7d1ff7d239992c4e,10,94187753,205.984151,1741056288385945,USDC,0.1657058875,USDC,0,1,2025-03-04
cx88fd7df7ddff82f7cc735c871dc519838cb235bb,cxa09dbb60dcb62fffbd232b6eae132d730a2aafa6,cx5faae53c4dbd1fbe4a2eb4aab6565030f10da5c6,0x89a03a108ca39d5,0xa18876f6610963ddecb03855e47363e3593818ab02b84d5a7d1ff7d239992c4e,9,94187753,0.6198118888889533,1741056288385945,Balanced Dollar,0.1657058875,bnUSD,0,1,2025-03-04
cx88fd7df7ddff82f7cc735c871dc519838cb235bb,cxa09dbb60dcb62fffbd232b6eae132d730a2aafa6,hx0000000000000000000000000000000000000000,0xb2a9ab60d13dbbf05,0xa18876f6610963ddecb03855e47363e3593818ab02b84d5a7d1ff7d239992c4e,8,94187753,205.98415107409548,1741056288385945,Balanced Dollar,0.1657058875,bnUSD,0,1,2025-03-04
cx88fd7df7ddff82f7cc735c871dc519838cb235bb,cx21e94c08c03daee80c25d8ee3ea22a20786ec231,cxa09dbb60dcb62fffbd232b6eae132d730a2aafa6,0xb3334b9ae1ca5f8da,0xa18876f6610963ddecb03855e47363e3593818ab02b84d5a7d1ff7d239992c4e,7,94187753,206.60396296298444,1741056288385945,Balanced Dollar,0.1657058875,bnUSD,0,1,2025-03-04
cx88fd7df7ddff82f7cc735c871dc519838cb235bb,cxa0af3165c08318e988cb30993b3048335b94af6c,cx5faae53c4dbd1fbe4a2eb4aab6565030f10da5c6,0x44f5617662056f1,0xa18876f6610963ddecb03855e47363e3593818ab02b84d5a7d1ff7d239992c4e,5,94187753,0.3105615578094856,1741056288385945,Balanced Dollar,0.1657058875,bnUSD,0,1,2025-03-04
cx88fd7df7ddff82f7cc735c871dc519838cb235bb,cxa0af3165c08318e988cb30993b3048335b94af6c,cx21e94c08c03daee80c25d8ee3ea22a20786ec231,0xb3334b9ae1ca5f8da,0xa18876f6610963ddecb03855e47363e3593818ab02b84d5a7d1ff7d239992c4e,4,94187753,206.60396296298444,1741056288385945,Balanced Dollar,0.1657058875,bnUSD,0,1,2025-03-04
cx508002ec116fbf3ab406329c0df28e70d7e75fb3,cx21e94c08c03daee80c25d8ee3ea22a20786ec231,cxa0af3165c08318e988cb30993b3048335b94af6c,0x12e74d1580,0xa18876f6610963ddecb03855e47363e3593818ab02b84d5a7d1ff7d239992c4e,3,94187753,81.19,1741056288385945,Sui,0.1657058875,SUI,0,1,2025-03-04
cx508002ec116fbf3ab406329c0df28e70d7e75fb3,hx0000000000000000000000000000000000000000,cx21e94c08c03daee80c25d8ee3ea22a20786ec231,0x12e74d1580,0xa18876f6610963ddecb03855e47363e3593818ab02b84d5a7d1ff7d239992c4e,1,94187753,81.19,1741056288385945,Sui,0.1657058875,SUI,0,1,2025-03-04
cxf61cd5a45dc9f91c15aa65831a30a90d59a09619,cx9345f80d6c98357ccbb70392b14162199c2c5f66,cxd82fb5d3effecd8c9071a4bba3856ad7222c4b91,0x10450d3bca3ba0c0,0x183434ac244c3168fb60fa962434116500e8888eced0cf91bd213538a842bafe,4,94187743,1.1723578284470193,1741056268378108,Balance Token,0.1302047375,BALN,0,1,2025-03-04
cx2609b924e33ef00b648a409245c7ea394c467824,cx9345f80d6c98357ccbb70392b14162199c2c5f66,cxd82fb5d3effecd8c9071a4bba3856ad7222c4b91,0x11e597bd98982de24,0x183434ac244c3168fb60fa962434116500e8888eced0cf91bd213538a842bafe,3,94187743,20.63365934201981,1741056268378108,Staked ICX,0.1302047375,sICX,0,1,2025-03-04
cx88fd7df7ddff82f7cc735c871dc519838cb235bb,hx0000000000000000000000000000000000000000,cx5faae53c4dbd1fbe4a2eb4aab6565030f10da5c6,0x0,0x183434ac244c3168fb60fa962434116500e8888eced0cf91bd213538a842bafe,2,94187743,0.0,1741056268378108,Balanced Dollar,0.1302047375,bnUSD,0,1,2025-03-04
cx88fd7df7ddff82f7cc735c871dc519838cb235bb,hx0000000000000000000000000000000000000000,cxd82fb5d3effecd8c9071a4bba3856ad7222c4b91,0x2e521f06aa0fc900,0x183434ac244c3168fb60fa962434116500e8888eced0cf91bd213538a842bafe,1,94187743,3.337764387318385,1741056268378108,Balanced Dollar,0.1302047375,bnUSD,0,1,2025-03-04
cx88fd7df7ddff82f7cc735c871dc519838cb235bb,hxc1718c79947e0f673296218b5b23adbd9a3b38a8,cxd82fb5d3effecd8c9071a4bba3856ad7222c4b91,0xc0bd7ae9cad2bbb723,0x183434ac244c3168fb60fa962434116500e8888eced0cf91bd213538a842bafe,0,94187743,3555.428344429889,1741056268378108,Balanced Dollar,0.1302047375,bnUSD,0,1,2025-03-04
cx2609b924e33ef00b648a409245c7ea394c467824,hx0000000000000000000000000000000000000000,cx66d4d90f5f113eba575bf793570135f9b10cece1,0x147856994d75a93c84,0xaf343472f81d657a44ca87bf8a195aa772f7ae14ed9d01b17355c70ad36506b8,5,94187668,377.6061681647051,1741056118322416,Staked ICX,0.2103464875,sICX,0,1,2025-03-04
cx88fd7df7ddff82f7cc735c871dc519838cb235bb,cx66d4d90f5f113eba575bf793570135f9b10cece1,hx0000000000000000000000000000000000000000,0x380cb5b9a3ea041e23,0x002b16daf4bc47eb1ac01113f194a17781f24c5d4ab8b37929aabf8c5e746f34,1,94187567,1033.9335103406315,1741055916499888,Balanced Dollar,0.077848375,bnUSD,0,1,2025-03-04
cx88fd7df7ddff82f7cc735c871dc519838cb235bb,cx21e94c08c03daee80c25d8ee3ea22a20786ec231,hxc1718c79947e0f673296218b5b23adbd9a3b38a8,0x8a879cc89fa4069477,0x5baabb0014f03578c5bd3174bd1581f333c154d20a6ca8f720aeebb44786b4f0,7,94187540,2555.4225880513827,1741055862455864,Balanced Dollar,0.0997414,bnUSD,0,1,2025-03-04
cx88fd7df7ddff82f7cc735c871dc519838cb235bb,cxa0af3165c08318e988cb30993b3048335b94af6c,cx5faae53c4dbd1fbe4a2eb4aab6565030f10da5c6,0x351ca246af979830,0x5baabb0014f03578c5bd3174bd1581f333c154d20a6ca8f720aeebb44786b4f0,5,94187540,3.827112207835437,1741055862455864,Balanced Dollar,0.0997414,bnUSD,0,1,2025-03-04
cx88fd7df7ddff82f7cc735c871dc519838cb235bb,cxa0af3165c08318e988cb30993b3048335b94af6c,cx21e94c08c03daee80c25d8ee3ea22a20786ec231,0x8a879cc89fa4069477,0x5baabb0014f03578c5bd3174bd1581f333c154d20a6ca8f720aeebb44786b4f0,4,94187540,2555.4225880513827,1741055862455864,Balanced Dollar,0.0997414,bnUSD,0,1,2025-03-04
cx07b184a37f03c6ab681fcbd0b45aec6dc3eafbeb,cx21e94c08c03daee80c25d8ee3ea22a20786ec231,cxa0af3165c08318e988cb30993b3048335b94af6c,0x6a738db5435000,0x5baabb0014f03578c5bd3174bd1581f333c154d20a6ca8f720aeebb44786b4f0,3,94187540,0.0299634,1741055862455864,Bitcoin,0.0997414,BTC,0,1,2025-03-04
cx07b184a37f03c6ab681fcbd0b45aec6dc3eafbeb,hx0000000000000000000000000000000000000000,cx21e94c08c03daee80c25d8ee3ea22a20786ec231,0x6a738db5435000,0x5baabb0014f03578c5bd3174bd1581f333c154d20a6ca8f720aeebb44786b4f0,1,94187540,0.0299634,1741055862455864,Bitcoin,0.0997414,BTC,0,1,2025-03-04
cx2609b924e33ef00b648a409245c7ea394c467824,cx21e94c08c03daee80c25d8ee3ea22a20786ec231,hx2debd9ec927cca1639da8d3518dd9dbf1cdfb357,0x6c6b536e04af333abc,0x1ff7e5db639a2801949b6f8e4f5024f3e134b6d47acee7786767752b63bbbd36,5,94187539,1999.982005912155,1741055860417163,Staked ICX,0.1127006875,sICX,0,1,2025-03-04
cx88fd7df7ddff82f7cc735c871dc519838cb235bb,cxa0af3165c08318e988cb30993b3048335b94af6c,cx5faae53c4dbd1fbe4a2eb4aab6565030f10da5c6,0x5e141bbb1b08b4c,0x1ff7e5db639a2801949b6f8e4f5024f3e134b6d47acee7786767752b63bbbd36,3,94187539,0.4236921143453643,1741055860417163,Balanced Dollar,0.1127006875,bnUSD,0,1,2025-03-04
cx2609b924e33ef00b648a409245c7ea394c467824,cxa0af3165c08318e988cb30993b3048335b94af6c,cx21e94c08c03daee80c25d8ee3ea22a20786ec231,0x6c6b536e04af333abc,0x1ff7e5db639a2801949b6f8e4f5024f3e134b6d47acee7786767752b63bbbd36,2,94187539,1999.982005912155,1741055860417163,Staked ICX,0.1127006875,sICX,0,1,2025-03-04
cx88fd7df7ddff82f7cc735c871dc519838cb235bb,cx21e94c08c03daee80c25d8ee3ea22a20786ec231,cxa0af3165c08318e988cb30993b3048335b94af6c,0xf4ff0837411156b40,0x1ff7e5db639a2801949b6f8e4f5024f3e134b6d47acee7786767752b63bbbd36,1,94187539,282.4614095635762,1741055860417163,Balanced Dollar,0.1127006875,bnUSD,0,1,2025-03-04
cx88fd7df7ddff82f7cc735c871dc519838cb235bb,hx2debd9ec927cca1639da8d3518dd9dbf1cdfb357,cx21e94c08c03daee80c25d8ee3ea22a20786ec231,0xf4ff0837411156b40,0x1ff7e5db639a2801949b6f8e4f5024f3e134b6d47acee7786767752b63bbbd36,0,94187539,282.4614095635762,1741055860417163,Balanced Dollar,0.1127006875,bnUSD,0,1,2025-03-04
cx2609b924e33ef00b648a409245c7ea394c467824,cx21e94c08c03daee80c25d8ee3ea22a20786ec231,hx2debd9ec927cca1639da8d3518dd9dbf1cdfb357,0x6c6b536e03fb071d69,0xb876e832ed942793194f89b4e33922698d58d728df6db89dba54fe36003d6fcf,5,94187535,1999.9820059091323,1741055852232460,Staked ICX,0.1127195,sICX,0,1,2025-03-04
cx88fd7df7ddff82f7cc735c871dc519838cb235bb,cxa0af3165c08318e988cb30993b3048335b94af6c,cx5faae53c4dbd1fbe4a2eb4aab6565030f10da5c6,0x5e0448087a665ee,0xb876e832ed942793194f89b4e33922698d58d728df6db89dba54fe36003d6fcf,3,94187535,0.42341368379515854,1741055852232460,Balanced Dollar,0.1127195,bnUSD,0,1,2025-03-04
cx2609b924e33ef00b648a409245c7ea394c467824,cxa0af3165c08318e988cb30993b3048335b94af6c,cx21e94c08c03daee80c25d8ee3ea22a20786ec231,0x6c6b536e03fb071d69,0xb876e832ed942793194f89b4e33922698d58d728df6db89dba54fe36003d6fcf,2,94187535,1999.9820059091323,1741055852232460,Staked ICX,0.1127195,sICX,0,1,2025-03-04
cx88fd7df7ddff82f7cc735c871dc519838cb235bb,cx21e94c08c03daee80c25d8ee3ea22a20786ec231,cxa0af3165c08318e988cb30993b3048335b94af6c,0xf4d5d0eb696a97120,0xb876e832ed942793194f89b4e33922698d58d728df6db89dba54fe36003d6fcf,1,94187535,282.27578919677234,1741055852232460,Balanced Dollar,0.1127195,bnUSD,0,1,2025-03-04
cx88fd7df7ddff82f7cc735c871dc519838cb235bb,hx2debd9ec927cca1639da8d3518dd9dbf1cdfb357,cx21e94c08c03daee80c25d8ee3ea22a20786ec231,0xf4d5d0eb696a97120,0xb876e832ed942793194f89b4e33922698d58d728df6db89dba54fe36003d6fcf,0,94187535,282.27578919677234,1741055852232460,Balanced Dollar,0.1127195,bnUSD,0,1,2025-03-04
cx2609b924e33ef00b648a409245c7ea394c467824,cx21e94c08c03daee80c25d8ee3ea22a20786ec231,hx2debd9ec927cca1639da8d3518dd9dbf1cdfb357,0x6c6b536e03b7d303a1,0x71f85546ff8d52a5394bf43feb41a32761c237946b1b29ff02c86bbc22cc4d7c,10,94187525,1999.9820059080048,1741055832419476,Staked ICX,0.154835025,sICX,0,1,2025-03-04
cx88fd7df7ddff82f7cc735c871dc519838cb235bb,cx203d9cd2a669be67177e997b8948ce2c35caffae,cx835b300dcfe01f0bdb794e134a0c5628384f4367,0xc2a989bf6df7b707,0x71f85546ff8d52a5394bf43feb41a32761c237946b1b29ff02c86bbc22cc4d7c,7,94187525,14.02689396969883,1741055832419476,Balanced Dollar,0.154835025,bnUSD,0,1,2025-03-04
cx88fd7df7ddff82f7cc735c871dc519838cb235bb,cx5faae53c4dbd1fbe4a2eb4aab6565030f10da5c6,cx203d9cd2a669be67177e997b8948ce2c35caffae,0x11616c4c853f42a0b,0x71f85546ff8d52a5394bf43feb41a32761c237946b1b29ff02c86bbc22cc4d7c,5,94187525,20.038419956712616,1741055832419476,Balanced Dollar,0.154835025,bnUSD,0,1,2025-03-04
cx88fd7df7ddff82f7cc735c871dc519838cb235bb,cx5faae53c4dbd1fbe4a2eb4aab6565030f10da5c6,cxdc30a0d3a1f131565c071272a20bc0b06fd4c17b,0x11616c4c853f42a0a,0x71f85546ff8d52a5394bf43feb41a32761c237946b1b29ff02c86bbc22cc4d7c,4,94187525,20.038419956712616,1741055832419476,Balanced Dollar,0.154835025,bnUSD,0,1,2025-03-04
cx88fd7df7ddff82f7cc735c871dc519838cb235bb,cxa0af3165c08318e988cb30993b3048335b94af6c,cx5faae53c4dbd1fbe4a2eb4aab6565030f10da5c6,0x5df47853b178c51,0x71f85546ff8d52a5394bf43feb41a32761c237946b1b29ff02c86bbc22cc4d7c,3,94187525,0.4231355275437374,1741055832419476,Balanced Dollar,0.154835025,bnUSD,0,1,2025-03-04
cx2609b924e33ef00b648a409245c7ea394c467824,cxa0af3165c08318e988cb30993b3048335b94af6c,cx21e94c08c03daee80c25d8ee3ea22a20786ec231,0x6c6b536e03b7d303a1,0x71f85546ff8d52a5394bf43feb41a32761c237946b1b29ff02c86bbc22cc4d7c,2,94187525,1999.9820059080048,1741055832419476,Staked ICX,0.154835025,sICX,0,1,2025-03-04
cx88fd7df7ddff82f7cc735c871dc519838cb235bb,cx21e94c08c03daee80c25d8ee3ea22a20786ec231,cxa0af3165c08318e988cb30993b3048335b94af6c,0xf4aca4049e2a812f0,0x71f85546ff8d52a5394bf43feb41a32761c237946b1b29ff02c86bbc22cc4d7c,1,94187525,282.09035169582495,1741055832419476,Balanced Dollar,0.154835025,bnUSD,0,1,2025-03-04
cx88fd7df7ddff82f7cc735c871dc519838cb235bb,hx2debd9ec927cca1639da8d3518dd9dbf1cdfb357,cx21e94c08c03daee80c25d8ee3ea22a20786ec231,0xf4aca4049e2a812f0,0x71f85546ff8d52a5394bf43feb41a32761c237946b1b29ff02c86bbc22cc4d7c,0,94187525,282.09035169582495,1741055832419476,Balanced Dollar,0.154835025,bnUSD,0,1,2025-03-04
cx2609b924e33ef00b648a409245c7ea394c467824,cx21e94c08c03daee80c25d8ee3ea22a20786ec231,hx2debd9ec927cca1639da8d3518dd9dbf1cdfb357,0x6c6b536e0338c2de54,0x9fc939a00c78118d68d589ddb00ad8cc10d4406703123bcb1ce03577004cf016,5,94187406,1999.9820059058732,1741055594138451,Staked ICX,0.112702,sICX,0,1,2025-03-04
cx88fd7df7ddff82f7cc735c871dc519838cb235bb,cxa0af3165c08318e988cb30993b3048335b94af6c,cx5faae53c4dbd1fbe4a2eb4aab6565030f10da5c6,0x5de4ac9b683535c,0x9fc939a00c78118d68d589ddb00ad8cc10d4406703123bcb1ce03577004cf016,3,94187406,0.4228576452303471,1741055594138451,Balanced Dollar,0.112702,bnUSD,0,1,2025-03-04
cx2609b924e33ef00b648a409245c7ea394c467824,cxa0af3165c08318e988cb30993b3048335b94af6c,cx21e94c08c03daee80c25d8ee3ea22a20786ec231,0x6c6b536e0338c2de54,0x9fc939a00c78118d68d589ddb00ad8cc10d4406703123bcb1ce03577004cf016,2,94187406,1999.9820059058732,1741055594138451,Staked ICX,0.112702,sICX,0,1,2025-03-04
cx88fd7df7ddff82f7cc735c871dc519838cb235bb,cx21e94c08c03daee80c25d8ee3ea22a20786ec231,cxa0af3165c08318e988cb30993b3048335b94af6c,0xf483817f5f5fe6a40,0x9fc939a00c78118d68d589ddb00ad8cc10d4406703123bcb1ce03577004cf016,1,94187406,281.9050968202314,1741055594138451,Balanced Dollar,0.112702,bnUSD,0,1,2025-03-04
cx88fd7df7ddff82f7cc735c871dc519838cb235bb,hx2debd9ec927cca1639da8d3518dd9dbf1cdfb357,cx21e94c08c03daee80c25d8ee3ea22a20786ec231,0xf483817f5f5fe6a40,0x9fc939a00c78118d68d589ddb00ad8cc10d4406703123bcb1ce03577004cf016,0,94187406,281.9050968202314,1741055594138451,Balanced Dollar,0.112702,bnUSD,0,1,2025-03-04
cx2609b924e33ef00b648a409245c7ea394c467824,cx21e94c08c03daee80c25d8ee3ea22a20786ec231,hx2debd9ec927cca1639da8d3518dd9dbf1cdfb357,0x6c6b536e02bf6c7997,0x444ebf6c8da8f3b76b09b26e5ec0ba7e8e6ef91fa68586efe9d1dce4fbd0173e,5,94187402,1999.9820059038375,1741055586129329,Staked ICX,0.1127046875,sICX,0,1,2025-03-04
cx88fd7df7ddff82f7cc735c871dc519838cb235bb,cxa0af3165c08318e988cb30993b3048335b94af6c,cx5faae53c4dbd1fbe4a2eb4aab6565030f10da5c6,0x5dd4e4de47effff,0x444ebf6c8da8f3b76b09b26e5ec0ba7e8e6ef91fa68586efe9d1dce4fbd0173e,3,94187402,0.4225800364956713,1741055586129329,Balanced Dollar,0.1127046875,bnUSD,0,1,2025-03-04
cx2609b924e33ef00b648a409245c7ea394c467824,cxa0af3165c08318e988cb30993b3048335b94af6c,cx21e94c08c03daee80c25d8ee3ea22a20786ec231,0x6c6b536e02bf6c7997,0x444ebf6c8da8f3b76b09b26e5ec0ba7e8e6ef91fa68586efe9d1dce4fbd0173e,2,94187402,1999.9820059038375,1741055586129329,Staked ICX,0.1127046875,sICX,0,1,2025-03-04
cx88fd7df7ddff82f7cc735c871dc519838cb235bb,cx21e94c08c03daee80c25d8ee3ea22a20786ec231,cxa0af3165c08318e988cb30993b3048335b94af6c,0xf45a695830abaa810,0x444ebf6c8da8f3b76b09b26e5ec0ba7e8e6ef91fa68586efe9d1dce4fbd0173e,1,94187402,281.72002433044753,1741055586129329,Balanced Dollar,0.1127046875,bnUSD,0,1,2025-03-04
cx88fd7df7ddff82f7cc735c871dc519838cb235bb,hx2debd9ec927cca1639da8d3518dd9dbf1cdfb357,cx21e94c08c03daee80c25d8ee3ea22a20786ec231,0xf45a695830abaa810,0x444ebf6c8da8f3b76b09b26e5ec0ba7e8e6ef91fa68586efe9d1dce4fbd0173e,0,94187402,281.72002433044753,1741055586129329,Balanced Dollar,0.1127046875,bnUSD,0,1,2025-03-04
cx2609b924e33ef00b648a409245c7ea394c467824,cxa0af3165c08318e988cb30993b3048335b94af6c,hx247e7c6b63c63d5b04c539373a0fbcffbdedd358,0x1,0xd6f2a644a25b72c583195504f22e54a40cdf391c9ed093fb196209a1026bb76e,3,94187365,1e-18,1741055512417389,Staked ICX,0.0437385625,sICX,0,1,2025-03-04
cx2609b924e33ef00b648a409245c7ea394c467824,hx247e7c6b63c63d5b04c539373a0fbcffbdedd358,cxa0af3165c08318e988cb30993b3048335b94af6c,0xb2c8039dd86aebf67b2,0x8ff1814be617fadcaa57293c50dc3d814dd0eb1b17586927fb57c940fc570ee3,0,94187361,52766.927710490374,1741055504146939,Staked ICX,0.0312108625,sICX,0,1,2025-03-04
cx3975b43d260fb8ec802cef6e60c2f4d07486f11d,hx247e7c6b63c63d5b04c539373a0fbcffbdedd358,cxa0af3165c08318e988cb30993b3048335b94af6c,0xeb007cbbd671a389c35,0xda1d4df3cbb66d556f5dda1e9012dd9643c8a15ffdcd843225790d109a7a12a0,1,94187360,69360.31946797697,1741055502141346,Wrapped ICX,0.0165812125,wICX,0,1,2025-03-04
cx3975b43d260fb8ec802cef6e60c2f4d07486f11d,hx0000000000000000000000000000000000000000,hx247e7c6b63c63d5b04c539373a0fbcffbdedd358,0xeb007cbbd671a389c35,0xda1d4df3cbb66d556f5dda1e9012dd9643c8a15ffdcd843225790d109a7a12a0,0,94187360,69360.31946797697,1741055502141346,Wrapped ICX,0.0165812125,wICX,0,1,2025-03-04
cx66a031cc3bd305c76371fb586e93801b948254f0,cx21e94c08c03daee80c25d8ee3ea22a20786ec231,hx0000000000000000000000000000000000000000,0x2c10bfcd8e9320b9a,0xea99d20343448c58c5aa95842891f20f64cfe7484128baedfe1d29d40a2cdd8f,13,94187291,50.80397803003852,1741055364086225,Avalanche,0.1883208375,AVAX,0,1,2025-03-04
cx88fd7df7ddff82f7cc735c871dc519838cb235bb,cxa0af3165c08318e988cb30993b3048335b94af6c,cx5faae53c4dbd1fbe4a2eb4aab6565030f10da5c6,0x1583f4b84e250eb4,0xea99d20343448c58c5aa95842891f20f64cfe7484128baedfe1d29d40a2cdd8f,9,94187291,1.550351769167794,1741055364086225,Balanced Dollar,0.1883208375,bnUSD,0,1,2025-03-04
cx66a031cc3bd305c76371fb586e93801b948254f0,cxa0af3165c08318e988cb30993b3048335b94af6c,cx21e94c08c03daee80c25d8ee3ea22a20786ec231,0x2c10bfcd8e9320b9a,0xea99d20343448c58c5aa95842891f20f64cfe7484128baedfe1d29d40a2cdd8f,8,94187291,50.80397803003852,1741055364086225,Avalanche,0.1883208375,AVAX,0,1,2025-03-04
cx88fd7df7ddff82f7cc735c871dc519838cb235bb,cx21e94c08c03daee80c25d8ee3ea22a20786ec231,cxa0af3165c08318e988cb30993b3048335b94af6c,0x3807a29ff62b2ba1ee,0xea99d20343448c58c5aa95842891f20f64cfe7484128baedfe1d29d40a2cdd8f,7,94187291,1033.5678461118625,1741055364086225,Balanced Dollar,0.1883208375,bnUSD,0,1,2025-03-04
cx88fd7df7ddff82f7cc735c871dc519838cb235bb,cxa0af3165c08318e988cb30993b3048335b94af6c,cx5faae53c4dbd1fbe4a2eb4aab6565030f10da5c6,0x158a585cceea5f29,0xea99d20343448c58c5aa95842891f20f64cfe7484128baedfe1d29d40a2cdd8f,5,94187291,1.552150177214259,1741055364086225,Balanced Dollar,0.1883208375,bnUSD,0,1,2025-03-04
cx88fd7df7ddff82f7cc735c871dc519838cb235bb,cxa0af3165c08318e988cb30993b3048335b94af6c,cx21e94c08c03daee80c25d8ee3ea22a20786ec231,0x3807a29ff62b2ba1ee,0xea99d20343448c58c5aa95842891f20f64cfe7484128baedfe1d29d40a2cdd8f,4,94187291,1033.5678461118625,1741055364086225,Balanced Dollar,0.1883208375,bnUSD,0,1,2025-03-04
cx07b184a37f03c6ab681fcbd0b45aec6dc3eafbeb,cx21e94c08c03daee80c25d8ee3ea22a20786ec231,cxa0af3165c08318e988cb30993b3048335b94af6c,0x2ac7be7e635400,0xea99d20343448c58c5aa95842891f20f64cfe7484128baedfe1d29d40a2cdd8f,3,94187291,0.01204157,1741055364086225,Bitcoin,0.1883208375,BTC,0,1,2025-03-04
cx07b184a37f03c6ab681fcbd0b45aec6dc3eafbeb,hx0000000000000000000000000000000000000000,cx21e94c08c03daee80c25d8ee3ea22a20786ec231,0x2ac7be7e635400,0xea99d20343448c58c5aa95842891f20f64cfe7484128baedfe1d29d40a2cdd8f,1,94187291,0.01204157,1741055364086225,Bitcoin,0.1883208375,BTC,0,1,2025-03-04
cxf61cd5a45dc9f91c15aa65831a30a90d59a09619,cx10d59e8103ab44635190bd4139dbfd682fa2d07e,hx247e7c6b63c63d5b04c539373a0fbcffbdedd358,0x9bb50621139b66e,0x766c8d0e8a7319846a509361f3c82cbc7a9e957971663e2dffe4a961fd19b1fa,3,94187232,0.7012425491122561,1741055246181114,Balance Token,0.0910162875,BALN,0,1,2025-03-04
cx2609b924e33ef00b648a409245c7ea394c467824,cx10d59e8103ab44635190bd4139dbfd682fa2d07e,hx247e7c6b63c63d5b04c539373a0fbcffbdedd358,0x1967f8f26359caf00,0x766c8d0e8a7319846a509361f3c82cbc7a9e957971663e2dffe4a961fd19b1fa,1,94187232,29.291287895711985,1741055246181114,Staked ICX,0.0910162875,sICX,0,1,2025-03-04
cx2609b924e33ef00b648a409245c7ea394c467824,cx21e94c08c03daee80c25d8ee3ea22a20786ec231,hx2debd9ec927cca1639da8d3518dd9dbf1cdfb357,0x6c6b536e022842dcfc,0x5b7c56a4cbf3d11ff020f62ae11e178139c13094127f924a5989cad986a1a30f,5,94187196,1999.9820059013014,1741055174029727,Staked ICX,0.112703375,sICX,0,1,2025-03-04
cx88fd7df7ddff82f7cc735c871dc519838cb235bb,cxa0af3165c08318e988cb30993b3048335b94af6c,cx5faae53c4dbd1fbe4a2eb4aab6565030f10da5c6,0x5dc5211afa35c74,0x5b7c56a4cbf3d11ff020f62ae11e178139c13094127f924a5989cad986a1a30f,3,94187196,0.4223027009806245,1741055174029727,Balanced Dollar,0.112703375,bnUSD,0,1,2025-03-04
cx2609b924e33ef00b648a409245c7ea394c467824,cxa0af3165c08318e988cb30993b3048335b94af6c,cx21e94c08c03daee80c25d8ee3ea22a20786ec231,0x6c6b536e022842dcfc,0x5b7c56a4cbf3d11ff020f62ae11e178139c13094127f924a5989cad986a1a30f,2,94187196,1999.9820059013014,1741055174029727,Staked ICX,0.112703375,sICX,0,1,2025-03-04
cx88fd7df7ddff82f7cc735c871dc519838cb235bb,cx21e94c08c03daee80c25d8ee3ea22a20786ec231,cxa0af3165c08318e988cb30993b3048335b94af6c,0xf4315b8b9641618c0,0x5b7c56a4cbf3d11ff020f62ae11e178139c13094127f924a5989cad986a1a30f,1,94187196,281.535133987083,1741055174029727,Balanced Dollar,0.112703375,bnUSD,0,1,2025-03-04
cx88fd7df7ddff82f7cc735c871dc519838cb235bb,hx2debd9ec927cca1639da8d3518dd9dbf1cdfb357,cx21e94c08c03daee80c25d8ee3ea22a20786ec231,0xf4315b8b9641618c0,0x5b7c56a4cbf3d11ff020f62ae11e178139c13094127f924a5989cad986a1a30f,0,94187196,281.535133987083,1741055174029727,Balanced Dollar,0.112703375,bnUSD,0,1,2025-03-04
cx07b184a37f03c6ab681fcbd0b45aec6dc3eafbeb,cx21e94c08c03daee80c25d8ee3ea22a20786ec231,hx0000000000000000000000000000000000000000,0xa6ddc7ec28b5df,0xaa050ee58301e16c28b686caad0cbd6c5b7c640429839d0d62d031806e2dbba2,7,94187111,0.04696869686429027,1741055003973998,Bitcoin,0.114108875,BTC,0,1,2025-03-04
cx88fd7df7ddff82f7cc735c871dc519838cb235bb,cxa0af3165c08318e988cb30993b3048335b94af6c,cx5faae53c4dbd1fbe4a2eb4aab6565030f10da5c6,0x53fa376f2f4aa000,0xaa050ee58301e16c28b686caad0cbd6c5b7c640429839d0d62d031806e2dbba2,3,94187111,6.05121,1741055003973998,Balanced Dollar,0.114108875,bnUSD,0,1,2025-03-04
cx07b184a37f03c6ab681fcbd0b45aec6dc3eafbeb,cxa0af3165c08318e988cb30993b3048335b94af6c,cx21e94c08c03daee80c25d8ee3ea22a20786ec231,0xa6ddc7ec28b5df,0xaa050ee58301e16c28b686caad0cbd6c5b7c640429839d0d62d031806e2dbba2,2,94187111,0.04696869686429027,1741055003973998,Bitcoin,0.114108875,BTC,0,1,2025-03-04
cx88fd7df7ddff82f7cc735c871dc519838cb235bb,cx21e94c08c03daee80c25d8ee3ea22a20786ec231,cxa0af3165c08318e988cb30993b3048335b94af6c,0xdab0f05c35d2560000,0xaa050ee58301e16c28b686caad0cbd6c5b7c640429839d0d62d031806e2dbba2,1,94187111,4034.14,1741055003973998,Balanced Dollar,0.114108875,bnUSD,0,1,2025-03-04
cx88fd7df7ddff82f7cc735c871dc519838cb235bb,hx4a5258776c63f7c2319e9016a421512f35992568,cx21e94c08c03daee80c25d8ee3ea22a20786ec231,0xdab0f05c35d2560000,0xaa050ee58301e16c28b686caad0cbd6c5b7c640429839d0d62d031806e2dbba2,0,94187111,4034.14,1741055003973998,Balanced Dollar,0.114108875,bnUSD,0,1,2025-03-04
cxb8cf9a4700e0c804b780978bf9d9de759c62e787,hx0000000000000000000000000000000000000000,cx66d4d90f5f113eba575bf793570135f9b10cece1,0x255d5a780,0x0521c76c0e53c05ecfb5b3f7c5700b57db9e108c26c7b3d2ce5f5a303b47e185,1,94187105,10.03,1741054991963030,Mirai Staked SUI,0.036655925,mSUI,0,1,2025-03-04
cx88fd7df7ddff82f7cc735c871dc519838cb235bb,cxa0af3165c08318e988cb30993b3048335b94af6c,cx5faae53c4dbd1fbe4a2eb4aab6565030f10da5c6,0xe0889bc0ce5f96,0x86142ee0bb69dde238ab4ce1131a89c6989cb4576fbc1099b7a2c7a528255833,2,94187081,0.06320059731924572,1741054943951385,Balanced Dollar,0.047366825,bnUSD,0,1,2025-03-04
cx88fd7df7ddff82f7cc735c871dc519838cb235bb,cxa0af3165c08318e988cb30993b3048335b94af6c,hxd75467e3e4ce64e3424c747dfb71503017440433,0x247207155a5c8d6fc,0x86142ee0bb69dde238ab4ce1131a89c6989cb4576fbc1099b7a2c7a528255833,1,94187081,42.01870913603429,1741054943951385,Balanced Dollar,0.047366825,bnUSD,0,1,2025-03-04
cx65c9e3d4fea842e00add0d32a5b4c5e4e04c7a6b,hxd75467e3e4ce64e3424c747dfb71503017440433,cxa0af3165c08318e988cb30993b3048335b94af6c,0x11e1a300,0x86142ee0bb69dde238ab4ce1131a89c6989cb4576fbc1099b7a2c7a528255833,0,94187081,0.3,1741054943951385,Solana,0.047366825,SOL,0,1,2025-03-04
cxf61cd5a45dc9f91c15aa65831a30a90d59a09619,cx9345f80d6c98357ccbb70392b14162199c2c5f66,cxd82fb5d3effecd8c9071a4bba3856ad7222c4b91,0x928543fa44bfc20,0xb69873d50a3412e4e03128da33e8b6d97dcd87470b4f1d7e0ba4b117dda13ed2,4,94187043,0.6598699777258936,1741054867920121,Balance Token,0.13024055,BALN,0,1,2025-03-04
cx2609b924e33ef00b648a409245c7ea394c467824,cx9345f80d6c98357ccbb70392b14162199c2c5f66,cxd82fb5d3effecd8c9071a4bba3856ad7222c4b91,0xa12c83e192e28746,0xb69873d50a3412e4e03128da33e8b6d97dcd87470b4f1d7e0ba4b117dda13ed2,3,94187043,11.613802543936867,1741054867920121,Staked ICX,0.13024055,sICX,0,1,2025-03-04
cx88fd7df7ddff82f7cc735c871dc519838cb235bb,hx0000000000000000000000000000000000000000,cx5faae53c4dbd1fbe4a2eb4aab6565030f10da5c6,0x0,0xb69873d50a3412e4e03128da33e8b6d97dcd87470b4f1d7e0ba4b117dda13ed2,2,94187043,0.0,1741054867920121,Balanced Dollar,0.13024055,bnUSD,0,1,2025-03-04
cx88fd7df7ddff82f7cc735c871dc519838cb235bb,hx0000000000000000000000000000000000000000,cxd82fb5d3effecd8c9071a4bba3856ad7222c4b91,0x1a146b4a3264e999,0xb69873d50a3412e4e03128da33e8b6d97dcd87470b4f1d7e0ba4b117dda13ed2,1,94187043,1.8792449109375655,1741054867920121,Balanced Dollar,0.13024055,bnUSD,0,1,2025-03-04
cx88fd7df7ddff82f7cc735c871dc519838cb235bb,hxc1718c79947e0f673296218b5b23adbd9a3b38a8,cxd82fb5d3effecd8c9071a4bba3856ad7222c4b91,0x49f2073e252a8850000,0xb69873d50a3412e4e03128da33e8b6d97dcd87470b4f1d7e0ba4b117dda13ed2,0,94187043,21824.836700674576,1741054867920121,Balanced Dollar,0.13024055,bnUSD,0,1,2025-03-04
cx22319ac7f412f53eabe3c9827acf5e27e9c6a95f,cx21e94c08c03daee80c25d8ee3ea22a20786ec231,hx0000000000000000000000000000000000000000,0x15d4685c,0xef063aca30ad16afeabbf1fc4e88be7f730d7f8926178f150fd9a7a71c068a0c,11,94187039,366.241884,1741054860057600,USDC,0.1657085125,USDC,0,1,2025-03-04
cx22319ac7f412f53eabe3c9827acf5e27e9c6a95f,cxa09dbb60dcb62fffbd232b6eae132d730a2aafa6,cx21e94c08c03daee80c25d8ee3ea22a20786ec231,0x15d4685c,0xef063aca30ad16afeabbf1fc4e88be7f730d7f8926178f150fd9a7a71c068a0c,10,94187039,366.241884,1741054860057600,USDC,0.1657085125,USDC,0,1,2025-03-04
cx88fd7df7ddff82f7cc735c871dc519838cb235bb,cxa09dbb60dcb62fffbd232b6eae132d730a2aafa6,cx5faae53c4dbd1fbe4a2eb4aab6565030f10da5c6,0xf4b34093225e8e3,0xef063aca30ad16afeabbf1fc4e88be7f730d7f8926178f150fd9a7a71c068a0c,9,94187039,1.1020317479229136,1741054860057600,Balanced Dollar,0.1657085125,bnUSD,0,1,2025-03-04
cx88fd7df7ddff82f7cc735c871dc519838cb235bb,cxa09dbb60dcb62fffbd232b6eae132d730a2aafa6,hx0000000000000000000000000000000000000000,0x13daa08d456f36a9a1,0xef063aca30ad16afeabbf1fc4e88be7f730d7f8926178f150fd9a7a71c068a0c,8,94187039,366.2418842263816,1741054860057600,Balanced Dollar,0.1657085125,bnUSD,0,1,2025-03-04
cx88fd7df7ddff82f7cc735c871dc519838cb235bb,cx21e94c08c03daee80c25d8ee3ea22a20786ec231,cxa09dbb60dcb62fffbd232b6eae132d730a2aafa6,0x13e9ebc14ea15c9284,0xef063aca30ad16afeabbf1fc4e88be7f730d7f8926178f150fd9a7a71c068a0c,7,94187039,367.3439159743045,1741054860057600,Balanced Dollar,0.1657085125,bnUSD,0,1,2025-03-04
cx88fd7df7ddff82f7cc735c871dc519838cb235bb,cxa0af3165c08318e988cb30993b3048335b94af6c,cx5faae53c4dbd1fbe4a2eb4aab6565030f10da5c6,0x7a86316cc5a5124,0xef063aca30ad16afeabbf1fc4e88be7f730d7f8926178f150fd9a7a71c068a0c,5,94187039,0.5517999039217871,1741054860057600,Balanced Dollar,0.1657085125,bnUSD,0,1,2025-03-04
cx88fd7df7ddff82f7cc735c871dc519838cb235bb,cxa0af3165c08318e988cb30993b3048335b94af6c,cx21e94c08c03daee80c25d8ee3ea22a20786ec231,0x13e9ebc14ea15c9284,0xef063aca30ad16afeabbf1fc4e88be7f730d7f8926178f150fd9a7a71c068a0c,4,94187039,367.3439159743045,1741054860057600,Balanced Dollar,0.1657085125,bnUSD,0,1,2025-03-04
cx508002ec116fbf3ab406329c0df28e70d7e75fb3,cx21e94c08c03daee80c25d8ee3ea22a20786ec231,cxa0af3165c08318e988cb30993b3048335b94af6c,0x218711a000,0xef063aca30ad16afeabbf1fc4e88be7f730d7f8926178f150fd9a7a71c068a0c,3,94187039,144.0,1741054860057600,Sui,0.1657085125,SUI,0,1,2025-03-04
cx508002ec116fbf3ab406329c0df28e70d7e75fb3,hx0000000000000000000000000000000000000000,cx21e94c08c03daee80c25d8ee3ea22a20786ec231,0x218711a000,0xef063aca30ad16afeabbf1fc4e88be7f730d7f8926178f150fd9a7a71c068a0c,1,94187039,144.0,1741054860057600,Sui,0.1657085125,SUI,0,1,2025-03-04
cx88fd7df7ddff82f7cc735c871dc519838cb235bb,cxa0ffa71e76299fbc9005ba7000ccad86f7f22971,hxd75467e3e4ce64e3424c747dfb71503017440433,0x5d97438ca1e87496e9,0xf7acded7c0a3ebf0116ac0ef5b82257157b47bc15cc749d31d3a35cbbcf57ea2,8,94187026,1726.4469090051725,1741054833907591,Balanced Dollar,0.153506225,bnUSD,0,1,2025-03-04
cx65c9e3d4fea842e00add0d32a5b4c5e4e04c7a6b,cx66d4d90f5f113eba575bf793570135f9b10cece1,cx835b300dcfe01f0bdb794e134a0c5628384f4367,0x1e9ba9,0xf7acded7c0a3ebf0116ac0ef5b82257157b47bc15cc749d31d3a35cbbcf57ea2,5,94187026,0.002005929,1741054833907591,Solana,0.153506225,SOL,0,1,2025-03-04
cx65c9e3d4fea842e00add0d32a5b4c5e4e04c7a6b,cxa0ffa71e76299fbc9005ba7000ccad86f7f22971,hxd75467e3e4ce64e3424c747dfb71503017440433,0xbd63280,0xf7acded7c0a3ebf0116ac0ef5b82257157b47bc15cc749d31d3a35cbbcf57ea2,3,94187026,0.198587008,1741054833907591,Solana,0.153506225,SOL,0,1,2025-03-04
cx65c9e3d4fea842e00add0d32a5b4c5e4e04c7a6b,cx66d4d90f5f113eba575bf793570135f9b10cece1,cxa0ffa71e76299fbc9005ba7000ccad86f7f22971,0xbd63280,0xf7acded7c0a3ebf0116ac0ef5b82257157b47bc15cc749d31d3a35cbbcf57ea2,2,94187026,0.198587008,1741054833907591,Solana,0.153506225,SOL,0,1,2025-03-04
cx88fd7df7ddff82f7cc735c871dc519838cb235bb,cxa0ffa71e76299fbc9005ba7000ccad86f7f22971,hx0000000000000000000000000000000000000000,0x164b31c30ea036917,0xf7acded7c0a3ebf0116ac0ef5b82257157b47bc15cc749d31d3a35cbbcf57ea2,1,94187026,25.702918494743653,1741054833907591,Balanced Dollar,0.153506225,bnUSD,0,1,2025-03-04
cx88fd7df7ddff82f7cc735c871dc519838cb235bb,hxd75467e3e4ce64e3424c747dfb71503017440433,cxa0ffa71e76299fbc9005ba7000ccad86f7f22971,0x5efbf6a8d2d2780000,0xf7acded7c0a3ebf0116ac0ef5b82257157b47bc15cc749d31d3a35cbbcf57ea2,0,94187026,1752.1498274999162,1741054833907591,Balanced Dollar,0.153506225,bnUSD,0,1,2025-03-04
cxf61cd5a45dc9f91c15aa65831a30a90d59a09619,cx10d59e8103ab44635190bd4139dbfd682fa2d07e,hx29eb841f8c659af8e4788eac63e343fb22006aaa,0x1c92716d10b1ef556,0xb924e287359cd939d131858fafebe07dd205eb1f61ce7945657457098a73535c,4,94187010,32.94132308651534,1741054801895571,Balance Token,0.1761698875,BALN,0,1,2025-03-04
cx2609b924e33ef00b648a409245c7ea394c467824,cx10d59e8103ab44635190bd4139dbfd682fa2d07e,hx29eb841f8c659af8e4788eac63e343fb22006aaa,0x493f0477a6ed9cd197,0xb924e287359cd939d131858fafebe07dd205eb1f61ce7945657457098a73535c,2,94187010,1351.1532032639284,1741054801895571,Staked ICX,0.1761698875,sICX,0,1,2025-03-04
cx07b184a37f03c6ab681fcbd0b45aec6dc3eafbeb,cx21e94c08c03daee80c25d8ee3ea22a20786ec231,hx0000000000000000000000000000000000000000,0x1e267f627c03c9,0xdf19d8f1570f1d0551fc0f91e81764e3910b7fded2f4720e41688de9f88521ab,13,94186922,0.00848657785631636,1741054626013461,Bitcoin,0.1774798,BTC,0,1,2025-03-04
cx88fd7df7ddff82f7cc735c871dc519838cb235bb,cxa0af3165c08318e988cb30993b3048335b94af6c,cx5faae53c4dbd1fbe4a2eb4aab6565030f10da5c6,0xf0ba7bfdb781205,0xdf19d8f1570f1d0551fc0f91e81764e3910b7fded2f4720e41688de9f88521ab,9,94186922,1.0841445777754075,1741054626013461,Balanced Dollar,0.1774798,bnUSD,0,1,2025-03-04
cx07b184a37f03c6ab681fcbd0b45aec6dc3eafbeb,cxa0af3165c08318e988cb30993b3048335b94af6c,cx21e94c08c03daee80c25d8ee3ea22a20786ec231,0x1e267f627c03c9,0xdf19d8f1570f1d0551fc0f91e81764e3910b7fded2f4720e41688de9f88521ab,8,94186922,0.00848657785631636,1741054626013461,Bitcoin,0.1774798,BTC,0,1,2025-03-04
cx88fd7df7ddff82f7cc735c871dc519838cb235bb,cx21e94c08c03daee80c25d8ee3ea22a20786ec231,cxa0af3165c08318e988cb30993b3048335b94af6c,0x272e5a2e4b88aeed46,0xdf19d8f1570f1d0551fc0f91e81764e3910b7fded2f4720e41688de9f88521ab,7,94186922,722.7630518502717,1741054626013461,Balanced Dollar,0.1774798,bnUSD,0,1,2025-03-04
cx88fd7df7ddff82f7cc735c871dc519838cb235bb,cxa0af3165c08318e988cb30993b3048335b94af6c,cx5faae53c4dbd1fbe4a2eb4aab6565030f10da5c6,0xf0b4314a24efdf1,0xdf19d8f1570f1d0551fc0f91e81764e3910b7fded2f4720e41688de9f88521ab,5,94186922,1.0840338912142289,1741054626013461,Balanced Dollar,0.1774798,bnUSD,0,1,2025-03-04
cx88fd7df7ddff82f7cc735c871dc519838cb235bb,cxa0af3165c08318e988cb30993b3048335b94af6c,cx21e94c08c03daee80c25d8ee3ea22a20786ec231,0x272e5a2e4b88aeed46,0xdf19d8f1570f1d0551fc0f91e81764e3910b7fded2f4720e41688de9f88521ab,4,94186922,722.7630518502717,1741054626013461,Balanced Dollar,0.1774798,bnUSD,0,1,2025-03-04
cx508002ec116fbf3ab406329c0df28e70d7e75fb3,cx21e94c08c03daee80c25d8ee3ea22a20786ec231,cxa0af3165c08318e988cb30993b3048335b94af6c,0x41a8828400,0xdf19d8f1570f1d0551fc0f91e81764e3910b7fded2f4720e41688de9f88521ab,3,94186922,282.0,1741054626013461,Sui,0.1774798,SUI,0,1,2025-03-04
cx508002ec116fbf3ab406329c0df28e70d7e75fb3,hx0000000000000000000000000000000000000000,cx21e94c08c03daee80c25d8ee3ea22a20786ec231,0x41a8828400,0xdf19d8f1570f1d0551fc0f91e81764e3910b7fded2f4720e41688de9f88521ab,1,94186922,282.0,1741054626013461,Sui,0.1774798,SUI,0,1,2025-03-04
cx88fd7df7ddff82f7cc735c871dc519838cb235bb,cx21e94c08c03daee80c25d8ee3ea22a20786ec231,hxc1718c79947e0f673296218b5b23adbd9a3b38a8,0x788a4f360231b12803,0x7ba9747a58297fd7107c266e292842fea6d5b5ea71fc9e8f90fca14b43befde5,7,94186826,2223.575532728592,1741054433770659,Balanced Dollar,0.0994641625,bnUSD,0,1,2025-03-04
cx88fd7df7ddff82f7cc735c871dc519838cb235bb,cxa0af3165c08318e988cb30993b3048335b94af6c,cx5faae53c4dbd1fbe4a2eb4aab6565030f10da5c6,0x2ddf9586391a5fe0,0x7ba9747a58297fd7107c266e292842fea6d5b5ea71fc9e8f90fca14b43befde5,5,94186826,3.3055250552294195,1741054433770659,Balanced Dollar,0.0994641625,bnUSD,0,1,2025-03-04
cx88fd7df7ddff82f7cc735c871dc519838cb235bb,cxa0af3165c08318e988cb30993b3048335b94af6c,cx21e94c08c03daee80c25d8ee3ea22a20786ec231,0x788a4f360231b12803,0x7ba9747a58297fd7107c266e292842fea6d5b5ea71fc9e8f90fca14b43befde5,4,94186826,2223.575532728592,1741054433770659,Balanced Dollar,0.0994641625,bnUSD,0,1,2025-03-04
cx4297f4b63262507623b6ad575d0d8dd2db980e4e,cx21e94c08c03daee80c25d8ee3ea22a20786ec231,cxa0af3165c08318e988cb30993b3048335b94af6c,0xad58b979f71b18000,0x7ba9747a58297fd7107c266e292842fea6d5b5ea71fc9e8f90fca14b43befde5,3,94186826,199.855,1741054433770659,Injective,0.0994641625,INJ,0,1,2025-03-04
cx4297f4b63262507623b6ad575d0d8dd2db980e4e,hx0000000000000000000000000000000000000000,cx21e94c08c03daee80c25d8ee3ea22a20786ec231,0xad58b979f71b18000,0x7ba9747a58297fd7107c266e292842fea6d5b5ea71fc9e8f90fca14b43befde5,1,94186826,199.855,1741054433770659,Injective,0.0994641625,INJ,0,1,2025-03-04
cx288d13e1b63563459a2ac6179f237711f6851cb5,hx94d6004004ce7965127c2063ce1668394e9d09d4,cx66d4d90f5f113eba575bf793570135f9b10cece1,0x85d47eb0d16d000,0x697f3662c2a27f9b3a31b885cfd17830d0cf3111de6a56a69b39fc8bf35a339f,0,94186787,0.602717,1741054355828764,Ethereum,0.0225721875,ETH,0,1,2025-03-04
cxb8cf9a4700e0c804b780978bf9d9de759c62e787,hx0000000000000000000000000000000000000000,cx66d4d90f5f113eba575bf793570135f9b10cece1,0x25d954c00,0x42a90721149e3b203e0ae04f70062b2fdae855dfdd890e8001c0f7d66c1c8d0d,1,94186730,10.16,1741054241703859,Mirai Staked SUI,0.036655925,mSUI,0,4,2025-03-04
cx88fd7df7ddff82f7cc735c871dc519838cb235bb,cx21e94c08c03daee80c25d8ee3ea22a20786ec231,hxc1718c79947e0f673296218b5b23adbd9a3b38a8,0xc743506c8360a26b0b,0xb8c4520b04448abefce3baf54c7cb3ba78cd37a3824c8e6c7141fd5bf9e68db4,7,94186728,3675.7525667783966,1741054237703487,Balanced Dollar,0.1005963375,bnUSD,0,2,2025-03-04
cx88fd7df7ddff82f7cc735c871dc519838cb235bb,cxa0af3165c08318e988cb30993b3048335b94af6c,cx5faae53c4dbd1fbe4a2eb4aab6565030f10da5c6,0x4b9bd075a29540cc,0xb8c4520b04448abefce3baf54c7cb3ba78cd37a3824c8e6c7141fd5bf9e68db4,5,94186728,5.448177377892188,1741054237703487,Balanced Dollar,0.1005963375,bnUSD,0,2,2025-03-04
cx88fd7df7ddff82f7cc735c871dc519838cb235bb,cxa0af3165c08318e988cb30993b3048335b94af6c,cx21e94c08c03daee80c25d8ee3ea22a20786ec231,0xc743506c8360a26b0b,0xb8c4520b04448abefce3baf54c7cb3ba78cd37a3824c8e6c7141fd5bf9e68db4,4,94186728,3675.7525667783966,1741054237703487,Balanced Dollar,0.1005963375,bnUSD,0,2,2025-03-04
cx66a031cc3bd305c76371fb586e93801b948254f0,cx21e94c08c03daee80c25d8ee3ea22a20786ec231,cxa0af3165c08318e988cb30993b3048335b94af6c,0x9bf80f945d6be0000,0xb8c4520b04448abefce3baf54c7cb3ba78cd37a3824c8e6c7141fd5bf9e68db4,3,94186728,179.82,1741054237703487,Avalanche,0.1005963375,AVAX,0,2,2025-03-04
cx66a031cc3bd305c76371fb586e93801b948254f0,hx0000000000000000000000000000000000000000,cx21e94c08c03daee80c25d8ee3ea22a20786ec231,0x9bf80f945d6be0000,0xb8c4520b04448abefce3baf54c7cb3ba78cd37a3824c8e6c7141fd5bf9e68db4,1,94186728,179.82,1741054237703487,Avalanche,0.1005963375,AVAX,0,2,2025-03-04
cx288d13e1b63563459a2ac6179f237711f6851cb5,cx21e94c08c03daee80c25d8ee3ea22a20786ec231,hx94d6004004ce7965127c2063ce1668394e9d09d4,0x6989bded7ffc426,0xf7047590ff01d17570c99c77ff3da49a55fe057bdc5d126f0a1a925a75f1b322,5,94186727,0.47530114209649565,1741054235699606,Ethereum,0.0922627875,ETH,0,1,2025-03-04
cx88fd7df7ddff82f7cc735c871dc519838cb235bb,cxa0af3165c08318e988cb30993b3048335b94af6c,cx5faae53c4dbd1fbe4a2eb4aab6565030f10da5c6,0x14d1120d7b160000,0xf7047590ff01d17570c99c77ff3da49a55fe057bdc5d126f0a1a925a75f1b322,3,94186727,1.5,1741054235699606,Balanced Dollar,0.0922627875,bnUSD,0,1,2025-03-04
cx288d13e1b63563459a2ac6179f237711f6851cb5,cxa0af3165c08318e988cb30993b3048335b94af6c,cx21e94c08c03daee80c25d8ee3ea22a20786ec231,0x6989bded7ffc426,0xf7047590ff01d17570c99c77ff3da49a55fe057bdc5d126f0a1a925a75f1b322,2,94186727,0.47530114209649565,1741054235699606,Ethereum,0.0922627875,ETH,0,1,2025-03-04
cx88fd7df7ddff82f7cc735c871dc519838cb235bb,cx21e94c08c03daee80c25d8ee3ea22a20786ec231,cxa0af3165c08318e988cb30993b3048335b94af6c,0x3635c9adc5dea00000,0xf7047590ff01d17570c99c77ff3da49a55fe057bdc5d126f0a1a925a75f1b322,1,94186727,1000.0,1741054235699606,Balanced Dollar,0.0922627875,bnUSD,0,1,2025-03-04
cx88fd7df7ddff82f7cc735c871dc519838cb235bb,cx66d4d90f5f113eba575bf793570135f9b10cece1,hx0000000000000000000000000000000000000000,0x5efecb9a5f05ab8626,0x436176d3588529f867fccf22023dc05d2a6be6b039bfb9528dc7b1a2fac1405f,1,94186670,1752.3538809675115,1741054121730884,Balanced Dollar,0.0777818875,bnUSD,0,1,2025-03-04
cxf61cd5a45dc9f91c15aa65831a30a90d59a09619,cx9345f80d6c98357ccbb70392b14162199c2c5f66,cxd82fb5d3effecd8c9071a4bba3856ad7222c4b91,0x17cce028a71b40,0x82cf66905007d118d06ddeda7c0a1a78d603f19b2dad91fc301e551265bdbeea,4,94186649,0.006699187591125824,1741054079643618,Balance Token,0.130218675,BALN,0,1,2025-03-04
cx2609b924e33ef00b648a409245c7ea394c467824,cx9345f80d6c98357ccbb70392b14162199c2c5f66,cxd82fb5d3effecd8c9071a4bba3856ad7222c4b91,0x1a2e373588ea51c,0x82cf66905007d118d06ddeda7c0a1a78d603f19b2dad91fc301e551265bdbeea,3,94186649,0.1179066248115418,1741054079643618,Staked ICX,0.130218675,sICX,0,1,2025-03-04
cx88fd7df7ddff82f7cc735c871dc519838cb235bb,hx0000000000000000000000000000000000000000,cx5faae53c4dbd1fbe4a2eb4aab6565030f10da5c6,0x0,0x82cf66905007d118d06ddeda7c0a1a78d603f19b2dad91fc301e551265bdbeea,2,94186649,0.0,1741054079643618,Balanced Dollar,0.130218675,bnUSD,0,1,2025-03-04
cx88fd7df7ddff82f7cc735c871dc519838cb235bb,hx0000000000000000000000000000000000000000,cxd82fb5d3effecd8c9071a4bba3856ad7222c4b91,0x4348f69cd9d181,0x82cf66905007d118d06ddeda7c0a1a78d603f19b2dad91fc301e551265bdbeea,1,94186649,0.01893904747028928,1741054079643618,Balanced Dollar,0.130218675,bnUSD,0,1,2025-03-04
cx88fd7df7ddff82f7cc735c871dc519838cb235bb,hxc1718c79947e0f673296218b5b23adbd9a3b38a8,cxd82fb5d3effecd8c9071a4bba3856ad7222c4b91,0x1c8f6c6c5e18350000,0x82cf66905007d118d06ddeda7c0a1a78d603f19b2dad91fc301e551265bdbeea,0,94186649,526.8435884601647,1741054079643618,Balanced Dollar,0.130218675,bnUSD,0,1,2025-03-04
cx88fd7df7ddff82f7cc735c871dc519838cb235bb,cxa0af3165c08318e988cb30993b3048335b94af6c,cx5faae53c4dbd1fbe4a2eb4aab6565030f10da5c6,0xb06f2756711093d,0x275645ca4fede40d69355d4e6344eb8c17c1214b4a12d0a23d738be6b676dda5,2,94186646,0.7945889703317364,1741054073639690,Balanced Dollar,0.0705823,bnUSD,0,2,2025-03-04
cx88fd7df7ddff82f7cc735c871dc519838cb235bb,cxa0af3165c08318e988cb30993b3048335b94af6c,hxc1718c79947e0f673296218b5b23adbd9a3b38a8,0x1ca5e90af234fb9437,0x275645ca4fede40d69355d4e6344eb8c17c1214b4a12d0a23d738be6b676dda5,1,94186646,528.4639327850864,1741054073639690,Balanced Dollar,0.0705823,bnUSD,0,2,2025-03-04
cx2609b924e33ef00b648a409245c7ea394c467824,hxc1718c79947e0f673296218b5b23adbd9a3b38a8,cxa0af3165c08318e988cb30993b3048335b94af6c,0xccada84aa63c400000,0x275645ca4fede40d69355d4e6344eb8c17c1214b4a12d0a23d738be6b676dda5,0,94186646,3775.6491246792334,1741054073639690,Staked ICX,0.0705823,sICX,0,2,2025-03-04
cxf61cd5a45dc9f91c15aa65831a30a90d59a09619,cx9345f80d6c98357ccbb70392b14162199c2c5f66,cxd82fb5d3effecd8c9071a4bba3856ad7222c4b91,0xbe67014538da0,0xd1e2bdc4e8522c9f862f52342c14c50ba8adc26add3553bf2c71b32c65387dd2,4,94186645,0.003349593795562912,1741054071703116,Balance Token,0.130218675,BALN,0,1,2025-03-04
cx2609b924e33ef00b648a409245c7ea394c467824,cx9345f80d6c98357ccbb70392b14162199c2c5f66,cxd82fb5d3effecd8c9071a4bba3856ad7222c4b91,0xd171b9ac47528e,0xd1e2bdc4e8522c9f862f52342c14c50ba8adc26add3553bf2c71b32c65387dd2,3,94186645,0.0589533124057709,1741054071703116,Staked ICX,0.130218675,sICX,0,1,2025-03-04
cx88fd7df7ddff82f7cc735c871dc519838cb235bb,hx0000000000000000000000000000000000000000,cx5faae53c4dbd1fbe4a2eb4aab6565030f10da5c6,0x0,0xd1e2bdc4e8522c9f862f52342c14c50ba8adc26add3553bf2c71b32c65387dd2,2,94186645,0.0,1741054071703116,Balanced Dollar,0.130218675,bnUSD,0,1,2025-03-04
cx88fd7df7ddff82f7cc735c871dc519838cb235bb,hx0000000000000000000000000000000000000000,cxd82fb5d3effecd8c9071a4bba3856ad7222c4b91,0x2274def9840ddd,0xd1e2bdc4e8522c9f862f52342c14c50ba8adc26add3553bf2c71b32c65387dd2,1,94186645,0.009698650225905117,1741054071703116,Balanced Dollar,0.130218675,bnUSD,0,1,2025-03-04
cx88fd7df7ddff82f7cc735c871dc519838cb235bb,hxc1718c79947e0f673296218b5b23adbd9a3b38a8,cxd82fb5d3effecd8c9071a4bba3856ad7222c4b91,0x1ca4d90ae731ed0000,0xd1e2bdc4e8522c9f862f52342c14c50ba8adc26add3553bf2c71b32c65387dd2,0,94186645,528.3873715441251,1741054071703116,Balanced Dollar,0.130218675,bnUSD,0,1,2025-03-04
cx88fd7df7ddff82f7cc735c871dc519838cb235bb,cx21e94c08c03daee80c25d8ee3ea22a20786ec231,hx7497c286aa521b09b2b54d78cde3fa4573c0e157,0x3de902f595b0ad708,0x37f01c3596cad6432abdbb173db5489c93e0c25dc66dfc4598e9484514b3e212,13,94186644,71.37760255502103,1741054069747465,Balanced Dollar,0.223501875,bnUSD,0,1,2025-03-04
cx88fd7df7ddff82f7cc735c871dc519838cb235bb,cxa0af3165c08318e988cb30993b3048335b94af6c,cx5faae53c4dbd1fbe4a2eb4aab6565030f10da5c6,0x17d3c7a1a25b81b,0x37f01c3596cad6432abdbb173db5489c93e0c25dc66dfc4598e9484514b3e212,11,94186644,0.1073084612491162,1741054069747465,Balanced Dollar,0.223501875,bnUSD,0,1,2025-03-04
cx88fd7df7ddff82f7cc735c871dc519838cb235bb,cxa0af3165c08318e988cb30993b3048335b94af6c,cx21e94c08c03daee80c25d8ee3ea22a20786ec231,0x3de902f595b0ad708,0x37f01c3596cad6432abdbb173db5489c93e0c25dc66dfc4598e9484514b3e212,10,94186644,71.37760255502103,1741054069747465,Balanced Dollar,0.223501875,bnUSD,0,1,2025-03-04
cxf61cd5a45dc9f91c15aa65831a30a90d59a09619,cx21e94c08c03daee80c25d8ee3ea22a20786ec231,cxa0af3165c08318e988cb30993b3048335b94af6c,0x20cc09c567ad85f058,0x37f01c3596cad6432abdbb173db5489c93e0c25dc66dfc4598e9484514b3e212,9,94186644,604.9983098663168,1741054069747465,Balance Token,0.223501875,BALN,0,1,2025-03-04
cx2609b924e33ef00b648a409245c7ea394c467824,cxa0af3165c08318e988cb30993b3048335b94af6c,cx5faae53c4dbd1fbe4a2eb4aab6565030f10da5c6,0xa87e64e4ff45e9a,0x37f01c3596cad6432abdbb173db5489c93e0c25dc66dfc4598e9484514b3e212,7,94186644,0.7588282862584705,1741054069747465,Staked ICX,0.223501875,sICX,0,1,2025-03-04
cxf61cd5a45dc9f91c15aa65831a30a90d59a09619,cxa0af3165c08318e988cb30993b3048335b94af6c,cx21e94c08c03daee80c25d8ee3ea22a20786ec231,0x20cc09c567ad85f058,0x37f01c3596cad6432abdbb173db5489c93e0c25dc66dfc4598e9484514b3e212,6,94186644,604.9983098663168,1741054069747465,Balance Token,0.223501875,BALN,0,1,2025-03-04
cx2609b924e33ef00b648a409245c7ea394c467824,cx21e94c08c03daee80c25d8ee3ea22a20786ec231,cxa0af3165c08318e988cb30993b3048335b94af6c,0x1b6c926bf0370bb378,0x37f01c3596cad6432abdbb173db5489c93e0c25dc66dfc4598e9484514b3e212,5,94186644,505.8855241723137,1741054069747465,Staked ICX,0.223501875,sICX,0,1,2025-03-04
cx88fd7df7ddff82f7cc735c871dc519838cb235bb,cxa0af3165c08318e988cb30993b3048335b94af6c,cx5faae53c4dbd1fbe4a2eb4aab6565030f10da5c6,0x17bcff9d3d78f74,0x37f01c3596cad6432abdbb173db5489c93e0c25dc66dfc4598e9484514b3e212,3,94186644,0.1069076880812645,1741054069747465,Balanced Dollar,0.223501875,bnUSD,0,1,2025-03-04
cx2609b924e33ef00b648a409245c7ea394c467824,cxa0af3165c08318e988cb30993b3048335b94af6c,cx21e94c08c03daee80c25d8ee3ea22a20786ec231,0x1b6c926bf0370bb378,0x37f01c3596cad6432abdbb173db5489c93e0c25dc66dfc4598e9484514b3e212,2,94186644,505.8855241723137,1741054069747465,Staked ICX,0.223501875,sICX,0,1,2025-03-04
cx88fd7df7ddff82f7cc735c871dc519838cb235bb,cx21e94c08c03daee80c25d8ee3ea22a20786ec231,cxa0af3165c08318e988cb30993b3048335b94af6c,0x3dd18454256b04000,0x37f01c3596cad6432abdbb173db5489c93e0c25dc66dfc4598e9484514b3e212,1,94186644,71.27179205417633,1741054069747465,Balanced Dollar,0.223501875,bnUSD,0,1,2025-03-04
cx88fd7df7ddff82f7cc735c871dc519838cb235bb,hx7497c286aa521b09b2b54d78cde3fa4573c0e157,cx21e94c08c03daee80c25d8ee3ea22a20786ec231,0x3dd18454256b04000,0x37f01c3596cad6432abdbb173db5489c93e0c25dc66dfc4598e9484514b3e212,0,94186644,71.27179205417633,1741054069747465,Balanced Dollar,0.223501875,bnUSD,0,1,2025-03-04
cx88fd7df7ddff82f7cc735c871dc519838cb235bb,cxa0af3165c08318e988cb30993b3048335b94af6c,cx5faae53c4dbd1fbe4a2eb4aab6565030f10da5c6,0xb09f924fd43fd87,0x1fc46e409c9032cf20b1a1513850783744d7334aaae83c306db72196d44184b2,2,94186643,0.7954407464708335,1741054067636800,Balanced Dollar,0.0705823,bnUSD,0,2,2025-03-04
cx88fd7df7ddff82f7cc735c871dc519838cb235bb,cxa0af3165c08318e988cb30993b3048335b94af6c,hxc1718c79947e0f673296218b5b23adbd9a3b38a8,0x1cadc6459ec3344750,0x1fc46e409c9032cf20b1a1513850783744d7334aaae83c306db72196d44184b2,1,94186643,529.0306064259998,1741054067636800,Balanced Dollar,0.0705823,bnUSD,0,2,2025-03-04
cx2609b924e33ef00b648a409245c7ea394c467824,hxc1718c79947e0f673296218b5b23adbd9a3b38a8,cxa0af3165c08318e988cb30993b3048335b94af6c,0xccada84aa63c400000,0x1fc46e409c9032cf20b1a1513850783744d7334aaae83c306db72196d44184b2,0,94186643,3775.6491246792334,1741054067636800,Staked ICX,0.0705823,sICX,0,2,2025-03-04
cxf61cd5a45dc9f91c15aa65831a30a90d59a09619,cx9345f80d6c98357ccbb70392b14162199c2c5f66,cxd82fb5d3effecd8c9071a4bba3856ad7222c4b91,0x107a9a3425b39e10,0xaa2eb696bf268d590e3c5ef406f4e720d087214695e043929113eca99d2939a9,4,94186643,1.1874310005270523,1741054067636800,Balance Token,0.1302246125,BALN,0,1,2025-03-04
cx2609b924e33ef00b648a409245c7ea394c467824,cx9345f80d6c98357ccbb70392b14162199c2c5f66,cxd82fb5d3effecd8c9071a4bba3856ad7222c4b91,0x12207fb9d10c3d1a3,0xaa2eb696bf268d590e3c5ef406f4e720d087214695e043929113eca99d2939a9,3,94186643,20.89894924784578,1741054067636800,Staked ICX,0.1302246125,sICX,0,1,2025-03-04
cx88fd7df7ddff82f7cc735c871dc519838cb235bb,hx0000000000000000000000000000000000000000,cx5faae53c4dbd1fbe4a2eb4aab6565030f10da5c6,0x0,0xaa2eb696bf268d590e3c5ef406f4e720d087214695e043929113eca99d2939a9,2,94186643,0.0,1741054067636800,Balanced Dollar,0.1302246125,bnUSD,0,1,2025-03-04
cx88fd7df7ddff82f7cc735c871dc519838cb235bb,hx0000000000000000000000000000000000000000,cxd82fb5d3effecd8c9071a4bba3856ad7222c4b91,0x2edf5f4e1eb36c28,0xaa2eb696bf268d590e3c5ef406f4e720d087214695e043929113eca99d2939a9,1,94186643,3.3775230346783243,1741054067636800,Balanced Dollar,0.1302246125,bnUSD,0,1,2025-03-04
cx88fd7df7ddff82f7cc735c871dc519838cb235bb,hxc1718c79947e0f673296218b5b23adbd9a3b38a8,cxd82fb5d3effecd8c9071a4bba3856ad7222c4b91,0x1cabd99bc1e62e0000,0xaa2eb696bf268d590e3c5ef406f4e720d087214695e043929113eca99d2939a9,0,94186643,528.8919339713921,1741054067636800,Balanced Dollar,0.1302246125,bnUSD,0,1,2025-03-04
cx88fd7df7ddff82f7cc735c871dc519838cb235bb,cxa0af3165c08318e988cb30993b3048335b94af6c,cx5faae53c4dbd1fbe4a2eb4aab6565030f10da5c6,0xb0d7972588cd9ac,0x9820aa3fad98e9aa4da9fcd38fa769bc92e47fe70222449788bfc9d9fd90d54f,2,94186640,0.7964262411333043,1741054061896820,Balanced Dollar,0.0705823,bnUSD,0,1,2025-03-04
cx88fd7df7ddff82f7cc735c871dc519838cb235bb,cxa0af3165c08318e988cb30993b3048335b94af6c,hxc1718c79947e0f673296218b5b23adbd9a3b38a8,0x1cb6df8e07606f8a78,0x9820aa3fad98e9aa4da9fcd38fa769bc92e47fe70222449788bfc9d9fd90d54f,1,94186640,529.6862412609106,1741054061896820,Balanced Dollar,0.0705823,bnUSD,0,1,2025-03-04
cx2609b924e33ef00b648a409245c7ea394c467824,hxc1718c79947e0f673296218b5b23adbd9a3b38a8,cxa0af3165c08318e988cb30993b3048335b94af6c,0xccada84aa63c400000,0x9820aa3fad98e9aa4da9fcd38fa769bc92e47fe70222449788bfc9d9fd90d54f,0,94186640,3775.6491246792334,1741054061896820,Staked ICX,0.0705823,sICX,0,1,2025-03-04
cx88fd7df7ddff82f7cc735c871dc519838cb235bb,cx21e94c08c03daee80c25d8ee3ea22a20786ec231,hx7497c286aa521b09b2b54d78cde3fa4573c0e157,0x92ffef5da9f55d58a,0xac737c936b396f4993ea57752552a60f738edefada9983b3f33710c2c926ae96,13,94186635,169.47916854657797,1741054051633331,Balanced Dollar,0.2235363,bnUSD,0,1,2025-03-04
cx88fd7df7ddff82f7cc735c871dc519838cb235bb,cxa0af3165c08318e988cb30993b3048335b94af6c,cx5faae53c4dbd1fbe4a2eb4aab6565030f10da5c6,0x388484bbd876e82,0xac737c936b396f4993ea57752552a60f738edefada9983b3f33710c2c926ae96,11,94186635,0.2545328690859496,1741054051633331,Balanced Dollar,0.2235363,bnUSD,0,1,2025-03-04
cx88fd7df7ddff82f7cc735c871dc519838cb235bb,cxa0af3165c08318e988cb30993b3048335b94af6c,cx21e94c08c03daee80c25d8ee3ea22a20786ec231,0x92ffef5da9f55d58a,0xac737c936b396f4993ea57752552a60f738edefada9983b3f33710c2c926ae96,10,94186635,169.47916854657797,1741054051633331,Balanced Dollar,0.2235363,bnUSD,0,1,2025-03-04
cxf61cd5a45dc9f91c15aa65831a30a90d59a09619,cx21e94c08c03daee80c25d8ee3ea22a20786ec231,cxa0af3165c08318e988cb30993b3048335b94af6c,0x4dad795e8bd198e94e,0xac737c936b396f4993ea57752552a60f738edefada9983b3f33710c2c926ae96,9,94186635,1432.8994198709888,1741054051633331,Balance Token,0.2235363,BALN,0,1,2025-03-04
cx2609b924e33ef00b648a409245c7ea394c467824,cxa0af3165c08318e988cb30993b3048335b94af6c,cx5faae53c4dbd1fbe4a2eb4aab6565030f10da5c6,0x18e8412d8a3a39d1,0xac737c936b396f4993ea57752552a60f738edefada9983b3f33710c2c926ae96,7,94186635,1.794756115355548,1741054051633331,Staked ICX,0.2235363,sICX,0,1,2025-03-04
cxf61cd5a45dc9f91c15aa65831a30a90d59a09619,cxa0af3165c08318e988cb30993b3048335b94af6c,cx21e94c08c03daee80c25d8ee3ea22a20786ec231,0x4dad795e8bd198e94e,0xac737c936b396f4993ea57752552a60f738edefada9983b3f33710c2c926ae96,6,94186635,1432.8994198709888,1741054051633331,Balance Token,0.2235363,BALN,0,1,2025-03-04
cx2609b924e33ef00b648a409245c7ea394c467824,cx21e94c08c03daee80c25d8ee3ea22a20786ec231,cxa0af3165c08318e988cb30993b3048335b94af6c,0x40dcd46697f7a13d82,0xac737c936b396f4993ea57752552a60f738edefada9983b3f33710c2c926ae96,5,94186635,1196.5040769036987,1741054051633331,Staked ICX,0.2235363,sICX,0,1,2025-03-04
cx88fd7df7ddff82f7cc735c871dc519838cb235bb,cxa0af3165c08318e988cb30993b3048335b94af6c,cx5faae53c4dbd1fbe4a2eb4aab6565030f10da5c6,0x3844bcb716740f5,0xac737c936b396f4993ea57752552a60f738edefada9983b3f33710c2c926ae96,3,94186635,0.25341081619262695,1741054051633331,Balanced Dollar,0.2235363,bnUSD,0,1,2025-03-04
cx2609b924e33ef00b648a409245c7ea394c467824,cxa0af3165c08318e988cb30993b3048335b94af6c,cx21e94c08c03daee80c25d8ee3ea22a20786ec231,0x40dcd46697f7a13d82,0xac737c936b396f4993ea57752552a60f738edefada9983b3f33710c2c926ae96,2,94186635,1196.5040769036987,1741054051633331,Staked ICX,0.2235363,sICX,0,1,2025-03-04
cx88fd7df7ddff82f7cc735c871dc519838cb235bb,cx21e94c08c03daee80c25d8ee3ea22a20786ec231,cxa0af3165c08318e988cb30993b3048335b94af6c,0x9288561cca78e8000,0xac737c936b396f4993ea57752552a60f738edefada9983b3f33710c2c926ae96,1,94186635,168.94054412841797,1741054051633331,Balanced Dollar,0.2235363,bnUSD,0,1,2025-03-04
cx88fd7df7ddff82f7cc735c871dc519838cb235bb,hx7497c286aa521b09b2b54d78cde3fa4573c0e157,cx21e94c08c03daee80c25d8ee3ea22a20786ec231,0x9288561cca78e8000,0xac737c936b396f4993ea57752552a60f738edefada9983b3f33710c2c926ae96,0,94186635,168.94054412841797,1741054051633331,Balanced Dollar,0.2235363,bnUSD,0,1,2025-03-04
cx88fd7df7ddff82f7cc735c871dc519838cb235bb,cxa0af3165c08318e988cb30993b3048335b94af6c,cx5faae53c4dbd1fbe4a2eb4aab6565030f10da5c6,0xda9197d509808d5,0x0106bcf183d2f9568876d0b0722c1f5834b01b045388d19f28b4f9a2a2efae40,2,94186634,0.9843460195709114,1741054049632162,Balanced Dollar,0.0705769875,bnUSD,0,1,2025-03-04
cx88fd7df7ddff82f7cc735c871dc519838cb235bb,cxa0af3165c08318e988cb30993b3048335b94af6c,hx06efa9167ece33af37f7153dc53bce2775f812f2,0x237eaa8abcfafbb9b9,0x0106bcf183d2f9568876d0b0722c1f5834b01b045388d19f28b4f9a2a2efae40,1,94186634,654.7633027189233,1741054049632162,Balanced Dollar,0.0705769875,bnUSD,0,1,2025-03-04
cx2609b924e33ef00b648a409245c7ea394c467824,hx06efa9167ece33af37f7153dc53bce2775f812f2,cxa0af3165c08318e988cb30993b3048335b94af6c,0xfcc253b46b95ef96eb,0x0106bcf183d2f9568876d0b0722c1f5834b01b045388d19f28b4f9a2a2efae40,0,94186634,4662.582240615402,1741054049632162,Staked ICX,0.0705769875,sICX,0,1,2025-03-04
cx88fd7df7ddff82f7cc735c871dc519838cb235bb,cxbf469921730ed3c3c8c1924fc482d369f8795fe2,hx385a695da4288bf7d70df14d1201e832c2bcf2a6,0xf5ad7c24be964b5ee,0x512ad10e2193578d42af4ba6adcfd1a5cbe06002bde627eff084ab6d89d83f09,11,94186632,283.2470753203436,1741054045759038,Balanced Dollar,0.170150575,bnUSD,0,6,2025-03-04
cx4297f4b63262507623b6ad575d0d8dd2db980e4e,cx66d4d90f5f113eba575bf793570135f9b10cece1,cx835b300dcfe01f0bdb794e134a0c5628384f4367,0x94bfdc47816496,0x512ad10e2193578d42af4ba6adcfd1a5cbe06002bde627eff084ab6d89d83f09,8,94186632,0.041869249366549656,1741054045759038,Injective,0.170150575,INJ,0,6,2025-03-04
cx88fd7df7ddff82f7cc735c871dc519838cb235bb,cxa0af3165c08318e988cb30993b3048335b94af6c,cx5faae53c4dbd1fbe4a2eb4aab6565030f10da5c6,0xf977ef90ad1ea1,0x512ad10e2193578d42af4ba6adcfd1a5cbe06002bde627eff084ab6d89d83f09,5,94186632,0.0702191400091071,1741054045759038,Balanced Dollar,0.170150575,bnUSD,0,6,2025-03-04
cx88fd7df7ddff82f7cc735c871dc519838cb235bb,cxa0af3165c08318e988cb30993b3048335b94af6c,cxbf469921730ed3c3c8c1924fc482d369f8795fe2,0x287dee4195c2b4b47,0x512ad10e2193578d42af4ba6adcfd1a5cbe06002bde627eff084ab6d89d83f09,4,94186632,46.684001584940795,1741054045759038,Balanced Dollar,0.170150575,bnUSD,0,6,2025-03-04
cx4297f4b63262507623b6ad575d0d8dd2db980e4e,cxbf469921730ed3c3c8c1924fc482d369f8795fe2,cxa0af3165c08318e988cb30993b3048335b94af6c,0x3986322fa709e613,0x512ad10e2193578d42af4ba6adcfd1a5cbe06002bde627eff084ab6d89d83f09,3,94186632,4.145055687288416,1741054045759038,Injective,0.170150575,INJ,0,6,2025-03-04
cx4297f4b63262507623b6ad575d0d8dd2db980e4e,cx66d4d90f5f113eba575bf793570135f9b10cece1,cxbf469921730ed3c3c8c1924fc482d369f8795fe2,0x3986322fa709e613,0x512ad10e2193578d42af4ba6adcfd1a5cbe06002bde627eff084ab6d89d83f09,2,94186632,4.145055687288416,1741054045759038,Injective,0.170150575,INJ,0,6,2025-03-04
cx88fd7df7ddff82f7cc735c871dc519838cb235bb,cxbf469921730ed3c3c8c1924fc482d369f8795fe2,hx0000000000000000000000000000000000000000,0x253202c7780c39559,0x512ad10e2193578d42af4ba6adcfd1a5cbe06002bde627eff084ab6d89d83f09,1,94186632,42.883324543594895,1741054045759038,Balanced Dollar,0.170150575,bnUSD,0,6,2025-03-04
cx88fd7df7ddff82f7cc735c871dc519838cb235bb,hx385a695da4288bf7d70df14d1201e832c2bcf2a6,cxbf469921730ed3c3c8c1924fc482d369f8795fe2,0xf26190aaa0dfd0000,0x512ad10e2193578d42af4ba6adcfd1a5cbe06002bde627eff084ab6d89d83f09,0,94186632,279.4463982789977,1741054045759038,Balanced Dollar,0.170150575,bnUSD,0,6,2025-03-04
cx88fd7df7ddff82f7cc735c871dc519838cb235bb,cxbf469921730ed3c3c8c1924fc482d369f8795fe2,hx385a695da4288bf7d70df14d1201e832c2bcf2a6,0x116af418a98641f23,0xc40c7c692b38423aabb890b0237b0946870fffd1531fd02a713f623acf1d19bf,13,94186632,20.081341326986323,1741054045759038,Balanced Dollar,0.3907199625,bnUSD,0,5,2025-03-04
cx2609b924e33ef00b648a409245c7ea394c467824,cx66d4d90f5f113eba575bf793570135f9b10cece1,cx835b300dcfe01f0bdb794e134a0c5628384f4367,0x1407a56a9bd07aef,0xc40c7c692b38423aabb890b0237b0946870fffd1531fd02a713f623acf1d19bf,10,94186632,1.4433040828947812,1741054045759038,Staked ICX,0.3907199625,sICX,0,5,2025-03-04
cx88fd7df7ddff82f7cc735c871dc519838cb235bb,cxa0af3165c08318e988cb30993b3048335b94af6c,cx5faae53c4dbd1fbe4a2eb4aab6565030f10da5c6,0x6b55998d9ea461,0xc40c7c692b38423aabb890b0237b0946870fffd1531fd02a713f623acf1d19bf,6,94186632,0.030211940502381664,1741054045759038,Balanced Dollar,0.3907199625,bnUSD,0,5,2025-03-04
cx88fd7df7ddff82f7cc735c871dc519838cb235bb,cxa0af3165c08318e988cb30993b3048335b94af6c,cxbf469921730ed3c3c8c1924fc482d369f8795fe2,0x116af418a98641f23,0xc40c7c692b38423aabb890b0237b0946870fffd1531fd02a713f623acf1d19bf,5,94186632,20.081341326986323,1741054045759038,Balanced Dollar,0.3907199625,bnUSD,0,5,2025-03-04
cx2609b924e33ef00b648a409245c7ea394c467824,cxbf469921730ed3c3c8c1924fc482d369f8795fe2,cxa0af3165c08318e988cb30993b3048335b94af6c,0x7bef4f83a419f8ab0,0xc40c7c692b38423aabb890b0237b0946870fffd1531fd02a713f623acf1d19bf,4,94186632,142.88710420658333,1741054045759038,Staked ICX,0.3907199625,sICX,0,5,2025-03-04
cx2609b924e33ef00b648a409245c7ea394c467824,cx66d4d90f5f113eba575bf793570135f9b10cece1,cxbf469921730ed3c3c8c1924fc482d369f8795fe2,0x7bef4f83a419f8ab0,0xc40c7c692b38423aabb890b0237b0946870fffd1531fd02a713f623acf1d19bf,3,94186632,142.88710420658333,1741054045759038,Staked ICX,0.3907199625,sICX,0,5,2025-03-04
cx88fd7df7ddff82f7cc735c871dc519838cb235bb,cxbf469921730ed3c3c8c1924fc482d369f8795fe2,hx0000000000000000000000000000000000000000,0x107135a4561f38000,0xc40c7c692b38423aabb890b0237b0946870fffd1531fd02a713f623acf1d19bf,1,94186632,18.95659451057514,1741054045759038,Balanced Dollar,0.3907199625,bnUSD,0,5,2025-03-04
cx88fd7df7ddff82f7cc735c871dc519838cb235bb,hx385a695da4288bf7d70df14d1201e832c2bcf2a6,cxbf469921730ed3c3c8c1924fc482d369f8795fe2,0x107135a4561f38000,0xc40c7c692b38423aabb890b0237b0946870fffd1531fd02a713f623acf1d19bf,0,94186632,18.95659451057514,1741054045759038,Balanced Dollar,0.3907199625,bnUSD,0,5,2025-03-04
cx88fd7df7ddff82f7cc735c871dc519838cb235bb,cxbf469921730ed3c3c8c1924fc482d369f8795fe2,hx385a695da4288bf7d70df14d1201e832c2bcf2a6,0x8382425a6d6821c92,0x9fa287f95a5dd26c8d665e7da654e3d32ff45cebbc2ee6d5b15622a1d3fe2a79,13,94186632,151.6193523534556,1741054045759038,Balanced Dollar,0.3911182375,bnUSD,0,4,2025-03-04
cx2609b924e33ef00b648a409245c7ea394c467824,cx66d4d90f5f113eba575bf793570135f9b10cece1,cx835b300dcfe01f0bdb794e134a0c5628384f4367,0x84523a557623716,0x9fa287f95a5dd26c8d665e7da654e3d32ff45cebbc2ee6d5b15622a1d3fe2a79,10,94186632,0.5959217187390892,1741054045759038,Staked ICX,0.3911182375,sICX,0,4,2025-03-04
cx88fd7df7ddff82f7cc735c871dc519838cb235bb,cxa0af3165c08318e988cb30993b3048335b94af6c,cx5faae53c4dbd1fbe4a2eb4aab6565030f10da5c6,0x2c51ae24593d1b,0x9fa287f95a5dd26c8d665e7da654e3d32ff45cebbc2ee6d5b15622a1d3fe2a79,6,94186632,0.012474707351256347,1741054045759038,Balanced Dollar,0.3911182375,bnUSD,0,4,2025-03-04
cx88fd7df7ddff82f7cc735c871dc519838cb235bb,cxa0af3165c08318e988cb30993b3048335b94af6c,cxbf469921730ed3c3c8c1924fc482d369f8795fe2,0x7311b0951e1dac07,0x9fa287f95a5dd26c8d665e7da654e3d32ff45cebbc2ee6d5b15622a1d3fe2a79,5,94186632,8.29160254346767,1741054045759038,Balanced Dollar,0.3911182375,bnUSD,0,4,2025-03-04
cx2609b924e33ef00b648a409245c7ea394c467824,cxbf469921730ed3c3c8c1924fc482d369f8795fe2,cxa0af3165c08318e988cb30993b3048335b94af6c,0x332bcc8f0cafb4d96,0x9fa287f95a5dd26c8d665e7da654e3d32ff45cebbc2ee6d5b15622a1d3fe2a79,4,94186632,58.996250155169825,1741054045759038,Staked ICX,0.3911182375,sICX,0,4,2025-03-04
cx2609b924e33ef00b648a409245c7ea394c467824,cx66d4d90f5f113eba575bf793570135f9b10cece1,cxbf469921730ed3c3c8c1924fc482d369f8795fe2,0x332bcc8f0cafb4d96,0x9fa287f95a5dd26c8d665e7da654e3d32ff45cebbc2ee6d5b15622a1d3fe2a79,3,94186632,58.996250155169825,1741054045759038,Staked ICX,0.3911182375,sICX,0,4,2025-03-04
cx88fd7df7ddff82f7cc735c871dc519838cb235bb,cxbf469921730ed3c3c8c1924fc482d369f8795fe2,hx0000000000000000000000000000000000000000,0x6c9edb5f2cb50f75,0x9fa287f95a5dd26c8d665e7da654e3d32ff45cebbc2ee6d5b15622a1d3fe2a79,1,94186632,7.82693440423494,1741054045759038,Balanced Dollar,0.3911182375,bnUSD,0,4,2025-03-04
cx88fd7df7ddff82f7cc735c871dc519838cb235bb,hx385a695da4288bf7d70df14d1201e832c2bcf2a6,cxbf469921730ed3c3c8c1924fc482d369f8795fe2,0x831b15070e5198000,0x9fa287f95a5dd26c8d665e7da654e3d32ff45cebbc2ee6d5b15622a1d3fe2a79,0,94186632,151.15468421422287,1741054045759038,Balanced Dollar,0.3911182375,bnUSD,0,4,2025-03-04
cx88fd7df7ddff82f7cc735c871dc519838cb235bb,cxbf469921730ed3c3c8c1924fc482d369f8795fe2,hx385a695da4288bf7d70df14d1201e832c2bcf2a6,0xa5103310397e6f9314,0xf414514a4b17ce76ffc6091ffe0be08557f92114152b9ae0c765d4b0d1bb6c14,13,94186632,3044.8800667296155,1741054045759038,Balanced Dollar,0.391004275,bnUSD,0,3,2025-03-04
cx2609b924e33ef00b648a409245c7ea394c467824,cx66d4d90f5f113eba575bf793570135f9b10cece1,cx835b300dcfe01f0bdb794e134a0c5628384f4367,0x311afa46a9c94b661,0xf414514a4b17ce76ffc6091ffe0be08557f92114152b9ae0c765d4b0d1bb6c14,10,94186632,56.61465021849828,1741054045759038,Staked ICX,0.391004275,sICX,0,3,2025-03-04
cx88fd7df7ddff82f7cc735c871dc519838cb235bb,cxa0af3165c08318e988cb30993b3048335b94af6c,cx5faae53c4dbd1fbe4a2eb4aab6565030f10da5c6,0x10728db718f21fa3,0xf414514a4b17ce76ffc6091ffe0be08557f92114152b9ae0c765d4b0d1bb6c14,6,94186632,1.1851654694889144,1741054045759038,Balanced Dollar,0.391004275,bnUSD,0,3,2025-03-04
cx88fd7df7ddff82f7cc735c871dc519838cb235bb,cxa0af3165c08318e988cb30993b3048335b94af6c,cxbf469921730ed3c3c8c1924fc482d369f8795fe2,0x2abe2ad0a64077836b,0xf414514a4b17ce76ffc6091ffe0be08557f92114152b9ae0c765d4b0d1bb6c14,5,94186632,788.466245324494,1741054045759038,Balanced Dollar,0.391004275,bnUSD,0,3,2025-03-04
cx2609b924e33ef00b648a409245c7ea394c467824,cxbf469921730ed3c3c8c1924fc482d369f8795fe2,cxa0af3165c08318e988cb30993b3048335b94af6c,0x12fd6ec953a8d8287c8,0xf414514a4b17ce76ffc6091ffe0be08557f92114152b9ae0c765d4b0d1bb6c14,4,94186632,5604.850371631329,1741054045759038,Staked ICX,0.391004275,sICX,0,3,2025-03-04
cx2609b924e33ef00b648a409245c7ea394c467824,cx66d4d90f5f113eba575bf793570135f9b10cece1,cxbf469921730ed3c3c8c1924fc482d369f8795fe2,0x12fd6ec953a8d8287c8,0xf414514a4b17ce76ffc6091ffe0be08557f92114152b9ae0c765d4b0d1bb6c14,3,94186632,5604.850371631329,1741054045759038,Staked ICX,0.391004275,sICX,0,3,2025-03-04
cx88fd7df7ddff82f7cc735c871dc519838cb235bb,cxbf469921730ed3c3c8c1924fc482d369f8795fe2,hx0000000000000000000000000000000000000000,0x284f54c9be5de7f057,0xf414514a4b17ce76ffc6091ffe0be08557f92114152b9ae0c765d4b0d1bb6c14,1,94186632,743.5861785948786,1741054045759038,Balanced Dollar,0.391004275,bnUSD,0,3,2025-03-04
cx88fd7df7ddff82f7cc735c871dc519838cb235bb,hx385a695da4288bf7d70df14d1201e832c2bcf2a6,cxbf469921730ed3c3c8c1924fc482d369f8795fe2,0xa2a15d09519be00000,0xf414514a4b17ce76ffc6091ffe0be08557f92114152b9ae0c765d4b0d1bb6c14,0,94186632,3000.0,1741054045759038,Balanced Dollar,0.391004275,bnUSD,0,3,2025-03-04
cx2609b924e33ef00b648a409245c7ea394c467824,cx66d4d90f5f113eba575bf793570135f9b10cece1,cx835b300dcfe01f0bdb794e134a0c5628384f4367,0x28d996941bbb2422b,0x810654967af43846b6663da4de56fb3d5d74345dd373bf74501b28250e20ab47,5,94186632,47.09679030924649,1741054045759038,Staked ICX,0.3000925875,sICX,0,1,2025-03-04
cx2609b924e33ef00b648a409245c7ea394c467824,cx66d4d90f5f113eba575bf793570135f9b10cece1,hx06efa9167ece33af37f7153dc53bce2775f812f2,0xfcc253b46b95ef96eb,0x810654967af43846b6663da4de56fb3d5d74345dd373bf74501b28250e20ab47,2,94186632,4662.582240615402,1741054045759038,Staked ICX,0.3000925875,sICX,0,1,2025-03-04
cx88fd7df7ddff82f7cc735c871dc519838cb235bb,hx06efa9167ece33af37f7153dc53bce2775f812f2,hx0000000000000000000000000000000000000000,0x21887b15ba81a78327,0x810654967af43846b6663da4de56fb3d5d74345dd373bf74501b28250e20ab47,0,94186632,618.5770325344921,1741054045759038,Balanced Dollar,0.3000925875,bnUSD,0,1,2025-03-04
cx2609b924e33ef00b648a409245c7ea394c467824,hx0000000000000000000000000000000000000000,hxc1718c79947e0f673296218b5b23adbd9a3b38a8,0xffd9125d4fcb57fd8e7,0x748e86a6c97c026150f87c085709da6508c6e4c6eb5afcf56af7c98026a9c22f,1,94186624,75512.98249358467,1741054029623333,Staked ICX,0.0973295625,sICX,0,1,2025-03-04
cx88fd7df7ddff82f7cc735c871dc519838cb235bb,hx0000000000000000000000000000000000000000,cx5faae53c4dbd1fbe4a2eb4aab6565030f10da5c6,0x6ff849e994638000,0x67ff36758ccdba38ff3aa97e44a64a9283cdbb8ab5bf0a2852504f94b216e3d4,3,94186621,8.06828,1741054023621818,Balanced Dollar,0.1089224,bnUSD,0,1,2025-03-04
cx88fd7df7ddff82f7cc735c871dc519838cb235bb,cx66d4d90f5f113eba575bf793570135f9b10cece1,hx4a5258776c63f7c2319e9016a421512f35992568,0xdab0f05c35d2560000,0x67ff36758ccdba38ff3aa97e44a64a9283cdbb8ab5bf0a2852504f94b216e3d4,1,94186621,4034.14,1741054023621818,Balanced Dollar,0.1089224,bnUSD,0,1,2025-03-04
cx88fd7df7ddff82f7cc735c871dc519838cb235bb,hx0000000000000000000000000000000000000000,cx66d4d90f5f113eba575bf793570135f9b10cece1,0xdab0f05c35d2560000,0x67ff36758ccdba38ff3aa97e44a64a9283cdbb8ab5bf0a2852504f94b216e3d4,0,94186621,4034.14,1741054023621818,Balanced Dollar,0.1089224,bnUSD,0,1,2025-03-04
cx88fd7df7ddff82f7cc735c871dc519838cb235bb,cxa0af3165c08318e988cb30993b3048335b94af6c,cx5faae53c4dbd1fbe4a2eb4aab6565030f10da5c6,0xd97272f718f21e4,0x8c16a955a13388776762056c6c39985fd8ce21b13812d585d75fbc3adcdde0fb,2,94186603,0.9792945286985242,1741053987608312,Balanced Dollar,0.070597175,bnUSD,0,1,2025-03-04
cx88fd7df7ddff82f7cc735c871dc519838cb235bb,cxa0af3165c08318e988cb30993b3048335b94af6c,hx06efa9167ece33af37f7153dc53bce2775f812f2,0x234ffcd53dcbb94d7d,0x8c16a955a13388776762056c6c39985fd8ce21b13812d585d75fbc3adcdde0fb,1,94186603,651.3997586643493,1741053987608312,Balanced Dollar,0.070597175,bnUSD,0,1,2025-03-04
cx2609b924e33ef00b648a409245c7ea394c467824,hx06efa9167ece33af37f7153dc53bce2775f812f2,cxa0af3165c08318e988cb30993b3048335b94af6c,0xfa99480c966d453496,0x8c16a955a13388776762056c6c39985fd8ce21b13812d585d75fbc3adcdde0fb,0,94186603,4622.731110353732,1741053987608312,Staked ICX,0.070597175,sICX,0,1,2025-03-04
cx88fd7df7ddff82f7cc735c871dc519838cb235bb,cxbf469921730ed3c3c8c1924fc482d369f8795fe2,hx385a695da4288bf7d70df14d1201e832c2bcf2a6,0xfc3971adcbcf9743b,0xb042579b92bab51bf0538fca5ffe5747d4f0cdb271b697f427a89eed9741cb5d,11,94186601,290.7949241998881,1741053983611204,Balanced Dollar,0.1701455125,bnUSD,0,4,2025-03-04
cx4297f4b63262507623b6ad575d0d8dd2db980e4e,cx66d4d90f5f113eba575bf793570135f9b10cece1,cx835b300dcfe01f0bdb794e134a0c5628384f4367,0x24260d49da96c4,0xb042579b92bab51bf0538fca5ffe5747d4f0cdb271b697f427a89eed9741cb5d,8,94186601,0.010174937677076164,1741053983611204,Injective,0.1701455125,INJ,0,4,2025-03-04
cx88fd7df7ddff82f7cc735c871dc519838cb235bb,cxa0af3165c08318e988cb30993b3048335b94af6c,cx5faae53c4dbd1fbe4a2eb4aab6565030f10da5c6,0x3ca7c73001c3fa,0xb042579b92bab51bf0538fca5ffe5747d4f0cdb271b697f427a89eed9741cb5d,5,94186601,0.01707297254839193,1741053983611204,Balanced Dollar,0.1701455125,bnUSD,0,4,2025-03-04
cx88fd7df7ddff82f7cc735c871dc519838cb235bb,cxa0af3165c08318e988cb30993b3048335b94af6c,cxbf469921730ed3c3c8c1924fc482d369f8795fe2,0x9d7e1032aefba6b4,0xb042579b92bab51bf0538fca5ffe5747d4f0cdb271b697f427a89eed9741cb5d,4,94186601,11.348525920890365,1741053983611204,Balanced Dollar,0.1701455125,bnUSD,0,4,2025-03-04
cx4297f4b63262507623b6ad575d0d8dd2db980e4e,cxbf469921730ed3c3c8c1924fc482d369f8795fe2,cxa0af3165c08318e988cb30993b3048335b94af6c,0xdfab7238f884e11,0xb042579b92bab51bf0538fca5ffe5747d4f0cdb271b697f427a89eed9741cb5d,3,94186601,1.0073188300305402,1741053983611204,Injective,0.1701455125,INJ,0,4,2025-03-04
cx4297f4b63262507623b6ad575d0d8dd2db980e4e,cx66d4d90f5f113eba575bf793570135f9b10cece1,cxbf469921730ed3c3c8c1924fc482d369f8795fe2,0xdfab7238f884e11,0xb042579b92bab51bf0538fca5ffe5747d4f0cdb271b697f427a89eed9741cb5d,2,94186601,1.0073188300305402,1741053983611204,Injective,0.1701455125,INJ,0,4,2025-03-04
cx88fd7df7ddff82f7cc735c871dc519838cb235bb,cxbf469921730ed3c3c8c1924fc482d369f8795fe2,hx0000000000000000000000000000000000000000,0x9304a49333a13279,0xb042579b92bab51bf0538fca5ffe5747d4f0cdb271b697f427a89eed9741cb5d,1,94186601,10.593773175615599,1741053983611204,Balanced Dollar,0.1701455125,bnUSD,0,4,2025-03-04
cx88fd7df7ddff82f7cc735c871dc519838cb235bb,hx385a695da4288bf7d70df14d1201e832c2bcf2a6,cxbf469921730ed3c3c8c1924fc482d369f8795fe2,0xfb91daf3d419f0000,0xb042579b92bab51bf0538fca5ffe5747d4f0cdb271b697f427a89eed9741cb5d,0,94186601,290.04017145461336,1741053983611204,Balanced Dollar,0.1701455125,bnUSD,0,4,2025-03-04
cx88fd7df7ddff82f7cc735c871dc519838cb235bb,cxbf469921730ed3c3c8c1924fc482d369f8795fe2,hx385a695da4288bf7d70df14d1201e832c2bcf2a6,0xa3d0e3103aa5e5050e,0xa4cb341ef45d284d50bff994e2bcf858dfffd4e0715e05bfa0be50a2a24e6037,13,94186601,3021.871176238337,1741053983611204,Balanced Dollar,0.3910328875,bnUSD,0,3,2025-03-04
cx2609b924e33ef00b648a409245c7ea394c467824,cx66d4d90f5f113eba575bf793570135f9b10cece1,cx835b300dcfe01f0bdb794e134a0c5628384f4367,0x1a54e819de2d27b06,0xa4cb341ef45d284d50bff994e2bcf858dfffd4e0715e05bfa0be50a2a24e6037,10,94186601,30.358344653266386,1741053983611204,Staked ICX,0.3910328875,sICX,0,3,2025-03-04
cx88fd7df7ddff82f7cc735c871dc519838cb235bb,cxa0af3165c08318e988cb30993b3048335b94af6c,cx5faae53c4dbd1fbe4a2eb4aab6565030f10da5c6,0x8d96ae0860459f0,0xa4cb341ef45d284d50bff994e2bcf858dfffd4e0715e05bfa0be50a2a24e6037,6,94186601,0.6376583348032865,1741053983611204,Balanced Dollar,0.3910328875,bnUSD,0,3,2025-03-04
cx88fd7df7ddff82f7cc735c871dc519838cb235bb,cxa0af3165c08318e988cb30993b3048335b94af6c,cxbf469921730ed3c3c8c1924fc482d369f8795fe2,0x16fcbcd62b3ca01118,0xa4cb341ef45d284d50bff994e2bcf858dfffd4e0715e05bfa0be50a2a24e6037,5,94186601,424.0400360959786,1741053983611204,Balanced Dollar,0.3910328875,bnUSD,0,3,2025-03-04
cx2609b924e33ef00b648a409245c7ea394c467824,cxbf469921730ed3c3c8c1924fc482d369f8795fe2,cxa0af3165c08318e988cb30993b3048335b94af6c,0xa2ed5c200eb7659382,0xa4cb341ef45d284d50bff994e2bcf858dfffd4e0715e05bfa0be50a2a24e6037,4,94186601,3005.4761206733724,1741053983611204,Staked ICX,0.3910328875,sICX,0,3,2025-03-04
cx2609b924e33ef00b648a409245c7ea394c467824,cx66d4d90f5f113eba575bf793570135f9b10cece1,cxbf469921730ed3c3c8c1924fc482d369f8795fe2,0xa2ed5c200eb7659382,0xa4cb341ef45d284d50bff994e2bcf858dfffd4e0715e05bfa0be50a2a24e6037,3,94186601,3005.4761206733724,1741053983611204,Staked ICX,0.3910328875,sICX,0,3,2025-03-04
cx88fd7df7ddff82f7cc735c871dc519838cb235bb,cxbf469921730ed3c3c8c1924fc482d369f8795fe2,hx0000000000000000000000000000000000000000,0x15cd36cf42329b0c0a,0xa4cb341ef45d284d50bff994e2bcf858dfffd4e0715e05bfa0be50a2a24e6037,1,94186601,402.168859857642,1741053983611204,Balanced Dollar,0.3910328875,bnUSD,0,3,2025-03-04
cx88fd7df7ddff82f7cc735c871dc519838cb235bb,hx385a695da4288bf7d70df14d1201e832c2bcf2a6,cxbf469921730ed3c3c8c1924fc482d369f8795fe2,0xa2a15d09519be00000,0xa4cb341ef45d284d50bff994e2bcf858dfffd4e0715e05bfa0be50a2a24e6037,0,94186601,3000.0,1741053983611204,Balanced Dollar,0.3910328875,bnUSD,0,3,2025-03-04
cx2609b924e33ef00b648a409245c7ea394c467824,cx66d4d90f5f113eba575bf793570135f9b10cece1,cx835b300dcfe01f0bdb794e134a0c5628384f4367,0x288035049ec6ab820,0xa4ff34bd0262d575490dccef36f441782adf80250545815d63390f6087d1ab87,5,94186601,46.69425363993668,1741053983611204,Staked ICX,0.3000507875,sICX,0,1,2025-03-04
cx2609b924e33ef00b648a409245c7ea394c467824,cx66d4d90f5f113eba575bf793570135f9b10cece1,hx06efa9167ece33af37f7153dc53bce2775f812f2,0xfa99480c966d453496,0xa4ff34bd0262d575490dccef36f441782adf80250545815d63390f6087d1ab87,2,94186601,4622.731110353732,1741053983611204,Staked ICX,0.3000507875,sICX,0,1,2025-03-04
cx88fd7df7ddff82f7cc735c871dc519838cb235bb,hx06efa9167ece33af37f7153dc53bce2775f812f2,hx0000000000000000000000000000000000000000,0x21887b15ba81a78327,0xa4ff34bd0262d575490dccef36f441782adf80250545815d63390f6087d1ab87,0,94186601,618.5770325344921,1741053983611204,Balanced Dollar,0.3000507875,bnUSD,0,1,2025-03-04
cx88fd7df7ddff82f7cc735c871dc519838cb235bb,cx21e94c08c03daee80c25d8ee3ea22a20786ec231,hxc1718c79947e0f673296218b5b23adbd9a3b38a8,0x9a7fe907fcaaa2ac65,0xaa9e0397fa4def2b926dc9b5c2a0ba5b325db2b35bc721974b55576f7b1b7725,12,94186586,2850.0154942454374,1741053953600134,Balanced Dollar,0.1419335375,bnUSD,0,1,2025-03-04
cx88fd7df7ddff82f7cc735c871dc519838cb235bb,cx203d9cd2a669be67177e997b8948ce2c35caffae,cx835b300dcfe01f0bdb794e134a0c5628384f4367,0x18ec7258bf6e9e81b,0xaa9e0397fa4def2b926dc9b5c2a0ba5b325db2b35bc721974b55576f7b1b7725,9,94186586,28.734977230533946,1741053953600134,Balanced Dollar,0.1419335375,bnUSD,0,1,2025-03-04
cx88fd7df7ddff82f7cc735c871dc519838cb235bb,cx5faae53c4dbd1fbe4a2eb4aab6565030f10da5c6,cx203d9cd2a669be67177e997b8948ce2c35caffae,0x239aec7ec854e2702,0xaa9e0397fa4def2b926dc9b5c2a0ba5b325db2b35bc721974b55576f7b1b7725,7,94186586,41.04996747219135,1741053953600134,Balanced Dollar,0.1419335375,bnUSD,0,1,2025-03-04
cx88fd7df7ddff82f7cc735c871dc519838cb235bb,cx5faae53c4dbd1fbe4a2eb4aab6565030f10da5c6,cxdc30a0d3a1f131565c071272a20bc0b06fd4c17b,0x239aec7ec854e2701,0xaa9e0397fa4def2b926dc9b5c2a0ba5b325db2b35bc721974b55576f7b1b7725,6,94186586,41.04996747219135,1741053953600134,Balanced Dollar,0.1419335375,bnUSD,0,1,2025-03-04
cx88fd7df7ddff82f7cc735c871dc519838cb235bb,cxa0af3165c08318e988cb30993b3048335b94af6c,cx5faae53c4dbd1fbe4a2eb4aab6565030f10da5c6,0x3ab65482fd474e30,0xaa9e0397fa4def2b926dc9b5c2a0ba5b325db2b35bc721974b55576f7b1b7725,5,94186586,4.23066182153295,1741053953600134,Balanced Dollar,0.1419335375,bnUSD,0,1,2025-03-04
cx88fd7df7ddff82f7cc735c871dc519838cb235bb,cxa0af3165c08318e988cb30993b3048335b94af6c,cx21e94c08c03daee80c25d8ee3ea22a20786ec231,0x9a7fe907fcaaa2ac65,0xaa9e0397fa4def2b926dc9b5c2a0ba5b325db2b35bc721974b55576f7b1b7725,4,94186586,2850.0154942454374,1741053953600134,Balanced Dollar,0.1419335375,bnUSD,0,1,2025-03-04
cx2d552c485ec8bcaa75aac02424e2aca6ffdb2f1b,cx21e94c08c03daee80c25d8ee3ea22a20786ec231,cxa0af3165c08318e988cb30993b3048335b94af6c,0x4563918244f40000,0xaa9e0397fa4def2b926dc9b5c2a0ba5b325db2b35bc721974b55576f7b1b7725,3,94186586,5.0,1741053953600134,Binance Coin,0.1419335375,BNB,0,1,2025-03-04
cx2d552c485ec8bcaa75aac02424e2aca6ffdb2f1b,hx0000000000000000000000000000000000000000,cx21e94c08c03daee80c25d8ee3ea22a20786ec231,0x4563918244f40000,0xaa9e0397fa4def2b926dc9b5c2a0ba5b325db2b35bc721974b55576f7b1b7725,1,94186586,5.0,1741053953600134,Binance Coin,0.1419335375,BNB,0,1,2025-03-04
cx2609b924e33ef00b648a409245c7ea394c467824,hx0000000000000000000000000000000000000000,cx66d4d90f5f113eba575bf793570135f9b10cece1,0x9ecabce896cdb6f619b,0x4ea92c68b893bd2b0382a37ff841dfc0c264b47134b0f300751ab4b0473295f6,2,94186543,46867.10993074858,1741053867567525,Staked ICX,0.126828025,sICX,0,1,2025-03-04
cx88fd7df7ddff82f7cc735c871dc519838cb235bb,hx0000000000000000000000000000000000000000,cx5faae53c4dbd1fbe4a2eb4aab6565030f10da5c6,0x7aed82edcf098000,0x76745a28db8d6fe9c9cd40b5f98d77908ec777d8149b89b8a2ccd2546aade570,9,94186532,8.85788,1741053845688211,Balanced Dollar,0.11979815,bnUSD,0,1,2025-03-04
cx88fd7df7ddff82f7cc735c871dc519838cb235bb,hx0000000000000000000000000000000000000000,cx66d4d90f5f113eba575bf793570135f9b10cece1,0xf017e3b8785e8e0000,0x76745a28db8d6fe9c9cd40b5f98d77908ec777d8149b89b8a2ccd2546aade570,0,94186532,4428.94,1741053845688211,Balanced Dollar,0.11979815,bnUSD,0,1,2025-03-04
cx88fd7df7ddff82f7cc735c871dc519838cb235bb,cxa0af3165c08318e988cb30993b3048335b94af6c,cx5faae53c4dbd1fbe4a2eb4aab6565030f10da5c6,0x6cfef171c1b535e,0x1080b7864c5414c193e84b1be23393fded63a83cb2aca07a13ac1a1747e68e24,2,94186519,0.4908737669415125,1741053819657344,Balanced Dollar,0.070577175,bnUSD,0,1,2025-03-04
cx88fd7df7ddff82f7cc735c871dc519838cb235bb,cxa0af3165c08318e988cb30993b3048335b94af6c,hx06efa9167ece33af37f7153dc53bce2775f812f2,0x11b198303f83da4567,0x1080b7864c5414c193e84b1be23393fded63a83cb2aca07a13ac1a1747e68e24,1,94186519,326.3916806435888,1741053819657344,Balanced Dollar,0.070577175,bnUSD,0,1,2025-03-04
cx2609b924e33ef00b648a409245c7ea394c467824,hx06efa9167ece33af37f7153dc53bce2775f812f2,cxa0af3165c08318e988cb30993b3048335b94af6c,0x7d4c6ae4203e69c62a,0x1080b7864c5414c193e84b1be23393fded63a83cb2aca07a13ac1a1747e68e24,0,94186519,2311.349473535245,1741053819657344,Staked ICX,0.070577175,sICX,0,1,2025-03-04
cx88fd7df7ddff82f7cc735c871dc519838cb235bb,cxbf469921730ed3c3c8c1924fc482d369f8795fe2,hx385a695da4288bf7d70df14d1201e832c2bcf2a6,0xa2a15d09519be00000,0x617e120844f05ac3ae2a3f39cd042f050585efb562feecc47d5d4d2d9001cf61,1,94186517,3000.0,1741053815722624,Balanced Dollar,0.0454280375,bnUSD,0,2,2025-03-04
cx88fd7df7ddff82f7cc735c871dc519838cb235bb,hx385a695da4288bf7d70df14d1201e832c2bcf2a6,cxbf469921730ed3c3c8c1924fc482d369f8795fe2,0xa2a15d09519be00000,0x617e120844f05ac3ae2a3f39cd042f050585efb562feecc47d5d4d2d9001cf61,0,94186517,3000.0,1741053815722624,Balanced Dollar,0.0454280375,bnUSD,0,2,2025-03-04
cx2609b924e33ef00b648a409245c7ea394c467824,cx66d4d90f5f113eba575bf793570135f9b10cece1,cx835b300dcfe01f0bdb794e134a0c5628384f4367,0x144011467c291e062,0x037fa52998131c467a57725df96047f3b71565a529e6785cebf6987af29093d9,5,94186517,23.346964379143888,1741053815722624,Staked ICX,0.300082025,sICX,0,1,2025-03-04
cx2609b924e33ef00b648a409245c7ea394c467824,cx66d4d90f5f113eba575bf793570135f9b10cece1,hx06efa9167ece33af37f7153dc53bce2775f812f2,0x7d4c6ae4203e69c62a,0x037fa52998131c467a57725df96047f3b71565a529e6785cebf6987af29093d9,2,94186517,2311.349473535245,1741053815722624,Staked ICX,0.300082025,sICX,0,1,2025-03-04
cx88fd7df7ddff82f7cc735c871dc519838cb235bb,hx06efa9167ece33af37f7153dc53bce2775f812f2,hx0000000000000000000000000000000000000000,0x10de4b9f1636272583,0x037fa52998131c467a57725df96047f3b71565a529e6785cebf6987af29093d9,0,94186517,311.16597659677274,1741053815722624,Balanced Dollar,0.300082025,bnUSD,0,1,2025-03-04
cx88fd7df7ddff82f7cc735c871dc519838cb235bb,cx21e94c08c03daee80c25d8ee3ea22a20786ec231,hx4dc7903504bb800a462378348a42f53742759e0b,0x44e2702184352d62,0x7eb7534f142ab15ffbe15a60ad807e861c8cc058b1699cff56eca5965859a93f,5,94186514,4.963653028570017,1741053809684365,Balanced Dollar,0.085934975,bnUSD,0,1,2025-03-04
cx88fd7df7ddff82f7cc735c871dc519838cb235bb,cxa0af3165c08318e988cb30993b3048335b94af6c,cx5faae53c4dbd1fbe4a2eb4aab6565030f10da5c6,0x1a87d7a2ad7d37,0x7eb7534f142ab15ffbe15a60ad807e861c8cc058b1699cff56eca5965859a93f,3,94186514,0.007467709611474231,1741053809684365,Balanced Dollar,0.085934975,bnUSD,0,1,2025-03-04
cx88fd7df7ddff82f7cc735c871dc519838cb235bb,cxa0af3165c08318e988cb30993b3048335b94af6c,cx21e94c08c03daee80c25d8ee3ea22a20786ec231,0x44e2702184352d62,0x7eb7534f142ab15ffbe15a60ad807e861c8cc058b1699cff56eca5965859a93f,2,94186514,4.963653028570017,1741053809684365,Balanced Dollar,0.085934975,bnUSD,0,1,2025-03-04
cx2d552c485ec8bcaa75aac02424e2aca6ffdb2f1b,cx21e94c08c03daee80c25d8ee3ea22a20786ec231,cxa0af3165c08318e988cb30993b3048335b94af6c,0x1e866b046d1bf2,0x7eb7534f142ab15ffbe15a60ad807e861c8cc058b1699cff56eca5965859a93f,1,94186514,0.008592043495201778,1741053809684365,Binance Coin,0.085934975,BNB,0,1,2025-03-04
cx2d552c485ec8bcaa75aac02424e2aca6ffdb2f1b,hx4dc7903504bb800a462378348a42f53742759e0b,cx21e94c08c03daee80c25d8ee3ea22a20786ec231,0x1e866b046d1bf2,0x7eb7534f142ab15ffbe15a60ad807e861c8cc058b1699cff56eca5965859a93f,0,94186514,0.008592043495201778,1741053809684365,Binance Coin,0.085934975,BNB,0,1,2025-03-04
cx88fd7df7ddff82f7cc735c871dc519838cb235bb,cx21e94c08c03daee80c25d8ee3ea22a20786ec231,hx4dc7903504bb800a462378348a42f53742759e0b,0x566f797c2a951cf2,0xa20103c9aa4d9950af8fe3d8a9ecad96c884c0d2a07d58350b6f7d12e6d05ba9,5,94186509,6.228330383874006,1741053799554709,Balanced Dollar,0.076430275,bnUSD,0,1,2025-03-04
cx88fd7df7ddff82f7cc735c871dc519838cb235bb,cxa0af3165c08318e988cb30993b3048335b94af6c,cx5faae53c4dbd1fbe4a2eb4aab6565030f10da5c6,0x214a15cb30cbfa,0xa20103c9aa4d9950af8fe3d8a9ecad96c884c0d2a07d58350b6f7d12e6d05ba9,3,94186509,0.009370131695193082,1741053799554709,Balanced Dollar,0.076430275,bnUSD,0,1,2025-03-04
cx88fd7df7ddff82f7cc735c871dc519838cb235bb,cxa0af3165c08318e988cb30993b3048335b94af6c,cx21e94c08c03daee80c25d8ee3ea22a20786ec231,0x566f797c2a951cf2,0xa20103c9aa4d9950af8fe3d8a9ecad96c884c0d2a07d58350b6f7d12e6d05ba9,2,94186509,6.228330383874006,1741053799554709,Balanced Dollar,0.076430275,bnUSD,0,1,2025-03-04
cx65c9e3d4fea842e00add0d32a5b4c5e4e04c7a6b,cx21e94c08c03daee80c25d8ee3ea22a20786ec231,cxa0af3165c08318e988cb30993b3048335b94af6c,0x2a65247,0xa20103c9aa4d9950af8fe3d8a9ecad96c884c0d2a07d58350b6f7d12e6d05ba9,1,94186509,0.044454471,1741053799554709,Solana,0.076430275,SOL,0,1,2025-03-04
cx65c9e3d4fea842e00add0d32a5b4c5e4e04c7a6b,hx4dc7903504bb800a462378348a42f53742759e0b,cx21e94c08c03daee80c25d8ee3ea22a20786ec231,0x2a65247,0xa20103c9aa4d9950af8fe3d8a9ecad96c884c0d2a07d58350b6f7d12e6d05ba9,0,94186509,0.044454471,1741053799554709,Solana,0.076430275,SOL,0,1,2025-03-04
cx88fd7df7ddff82f7cc735c871dc519838cb235bb,cx21e94c08c03daee80c25d8ee3ea22a20786ec231,hx4dc7903504bb800a462378348a42f53742759e0b,0x2baa365cb79b7f92,0xbf7b73feafe32b6d16d08013d66f0995d3cdc584a30e22d41262881c879cc6e3,5,94186504,3.146387061517025,1741053789692131,Balanced Dollar,0.0860207875,bnUSD,0,1,2025-03-04
cx88fd7df7ddff82f7cc735c871dc519838cb235bb,cxa0af3165c08318e988cb30993b3048335b94af6c,cx5faae53c4dbd1fbe4a2eb4aab6565030f10da5c6,0x10d146e979e124,0xbf7b73feafe32b6d16d08013d66f0995d3cdc584a30e22d41262881c879cc6e3,3,94186504,0.00473370212236522,1741053789692131,Balanced Dollar,0.0860207875,bnUSD,0,1,2025-03-04
cx88fd7df7ddff82f7cc735c871dc519838cb235bb,cxa0af3165c08318e988cb30993b3048335b94af6c,cx21e94c08c03daee80c25d8ee3ea22a20786ec231,0x2baa365cb79b7f92,0xbf7b73feafe32b6d16d08013d66f0995d3cdc584a30e22d41262881c879cc6e3,2,94186504,3.146387061517025,1741053789692131,Balanced Dollar,0.0860207875,bnUSD,0,1,2025-03-04
cx4297f4b63262507623b6ad575d0d8dd2db980e4e,cx21e94c08c03daee80c25d8ee3ea22a20786ec231,cxa0af3165c08318e988cb30993b3048335b94af6c,0x3e01fe11d18160d,0xbf7b73feafe32b6d16d08013d66f0995d3cdc584a30e22d41262881c879cc6e3,1,94186504,0.27925822861319116,1741053789692131,Injective,0.0860207875,INJ,0,1,2025-03-04
cx4297f4b63262507623b6ad575d0d8dd2db980e4e,hx4dc7903504bb800a462378348a42f53742759e0b,cx21e94c08c03daee80c25d8ee3ea22a20786ec231,0x3e01fe11d18160d,0xbf7b73feafe32b6d16d08013d66f0995d3cdc584a30e22d41262881c879cc6e3,0,94186504,0.27925822861319116,1741053789692131,Injective,0.0860207875,INJ,0,1,2025-03-04
cx88fd7df7ddff82f7cc735c871dc519838cb235bb,cx21e94c08c03daee80c25d8ee3ea22a20786ec231,hx4dc7903504bb800a462378348a42f53742759e0b,0x667038e3a3a9d3b8,0xec103c99419f67a5ded092b79a56f1463e4ab2abd8e25bb341d39771ac4803ac,5,94186498,7.3814623396147905,1741053777688214,Balanced Dollar,0.0764217125,bnUSD,0,1,2025-03-04
cx88fd7df7ddff82f7cc735c871dc519838cb235bb,cxa0af3165c08318e988cb30993b3048335b94af6c,cx5faae53c4dbd1fbe4a2eb4aab6565030f10da5c6,0x277414f3cdb3c2,0xec103c99419f67a5ded092b79a56f1463e4ab2abd8e25bb341d39771ac4803ac,3,94186498,0.011105157430227906,1741053777688214,Balanced Dollar,0.0764217125,bnUSD,0,1,2025-03-04
cx88fd7df7ddff82f7cc735c871dc519838cb235bb,cxa0af3165c08318e988cb30993b3048335b94af6c,cx21e94c08c03daee80c25d8ee3ea22a20786ec231,0x667038e3a3a9d3b8,0xec103c99419f67a5ded092b79a56f1463e4ab2abd8e25bb341d39771ac4803ac,2,94186498,7.3814623396147905,1741053777688214,Balanced Dollar,0.0764217125,bnUSD,0,1,2025-03-04
cx508002ec116fbf3ab406329c0df28e70d7e75fb3,cx21e94c08c03daee80c25d8ee3ea22a20786ec231,cxa0af3165c08318e988cb30993b3048335b94af6c,0xab20551d,0xec103c99419f67a5ded092b79a56f1463e4ab2abd8e25bb341d39771ac4803ac,1,94186498,2.871022877,1741053777688214,Sui,0.0764217125,SUI,0,1,2025-03-04
cx508002ec116fbf3ab406329c0df28e70d7e75fb3,hx4dc7903504bb800a462378348a42f53742759e0b,cx21e94c08c03daee80c25d8ee3ea22a20786ec231,0xab20551d,0xec103c99419f67a5ded092b79a56f1463e4ab2abd8e25bb341d39771ac4803ac,0,94186498,2.871022877,1741053777688214,Sui,0.0764217125,SUI,0,1,2025-03-04
cx88fd7df7ddff82f7cc735c871dc519838cb235bb,cx21e94c08c03daee80c25d8ee3ea22a20786ec231,hxc1718c79947e0f673296218b5b23adbd9a3b38a8,0x7ba529e65413d88325,0x84f26afda2ade6589143e6976752b633e0cc778360840caabf516f2232798690,7,94186487,2280.8508178053626,1741053755607232,Balanced Dollar,0.0994641625,bnUSD,0,1,2025-03-04
cx88fd7df7ddff82f7cc735c871dc519838cb235bb,cxa0af3165c08318e988cb30993b3048335b94af6c,cx5faae53c4dbd1fbe4a2eb4aab6565030f10da5c6,0x2f0c2e1614a0d3d7,0x84f26afda2ade6589143e6976752b633e0cc778360840caabf516f2232798690,5,94186487,3.3901352918733836,1741053755607232,Balanced Dollar,0.0994641625,bnUSD,0,1,2025-03-04
cx88fd7df7ddff82f7cc735c871dc519838cb235bb,cxa0af3165c08318e988cb30993b3048335b94af6c,cx21e94c08c03daee80c25d8ee3ea22a20786ec231,0x7ba529e65413d88325,0x84f26afda2ade6589143e6976752b633e0cc778360840caabf516f2232798690,4,94186487,2280.8508178053626,1741053755607232,Balanced Dollar,0.0994641625,bnUSD,0,1,2025-03-04
cx4297f4b63262507623b6ad575d0d8dd2db980e4e,cx21e94c08c03daee80c25d8ee3ea22a20786ec231,cxa0af3165c08318e988cb30993b3048335b94af6c,0xad75cff6dc3450000,0x84f26afda2ade6589143e6976752b633e0cc778360840caabf516f2232798690,3,94186487,199.986,1741053755607232,Injective,0.0994641625,INJ,0,1,2025-03-04
cx4297f4b63262507623b6ad575d0d8dd2db980e4e,hx0000000000000000000000000000000000000000,cx21e94c08c03daee80c25d8ee3ea22a20786ec231,0xad75cff6dc3450000,0x84f26afda2ade6589143e6976752b633e0cc778360840caabf516f2232798690,1,94186487,199.986,1741053755607232,Injective,0.0994641625,INJ,0,1,2025-03-04
cx2609b924e33ef00b648a409245c7ea394c467824,hx0000000000000000000000000000000000000000,cx66d4d90f5f113eba575bf793570135f9b10cece1,0x4b79a33eff7d520422c,0x776cb6e36423ef86b1b6cebfabeb51450edf82f35972c0bdb8695a83b8b149bd,2,94186431,22276.331585520795,1741053643490469,Staked ICX,0.125376025,sICX,0,1,2025-03-04
cx88fd7df7ddff82f7cc735c871dc519838cb235bb,cx21e94c08c03daee80c25d8ee3ea22a20786ec231,hxc1718c79947e0f673296218b5b23adbd9a3b38a8,0x1158005e48a88fd71a7,0xeea3be51722dcd4c3dfea0e6b9605649ef71738a9f78efc84cbb8669410255a5,7,94186360,5118.973139112939,1741053501444360,Balanced Dollar,0.0998232,bnUSD,0,1,2025-03-04
cx88fd7df7ddff82f7cc735c871dc519838cb235bb,cxa0af3165c08318e988cb30993b3048335b94af6c,cx5faae53c4dbd1fbe4a2eb4aab6565030f10da5c6,0x69e7cf2b5138a993,0xeea3be51722dcd4c3dfea0e6b9605649ef71738a9f78efc84cbb8669410255a5,5,94186360,7.6312958785558065,1741053501444360,Balanced Dollar,0.0998232,bnUSD,0,1,2025-03-04
cx88fd7df7ddff82f7cc735c871dc519838cb235bb,cxa0af3165c08318e988cb30993b3048335b94af6c,cx21e94c08c03daee80c25d8ee3ea22a20786ec231,0x1158005e48a88fd71a7,0xeea3be51722dcd4c3dfea0e6b9605649ef71738a9f78efc84cbb8669410255a5,4,94186360,5118.973139112939,1741053501444360,Balanced Dollar,0.0998232,bnUSD,0,1,2025-03-04
cx07b184a37f03c6ab681fcbd0b45aec6dc3eafbeb,cx21e94c08c03daee80c25d8ee3ea22a20786ec231,cxa0af3165c08318e988cb30993b3048335b94af6c,0xd523adefde3000,0xeea3be51722dcd4c3dfea0e6b9605649ef71738a9f78efc84cbb8669410255a5,3,94186360,0.0599934,1741053501444360,Bitcoin,0.0998232,BTC,0,1,2025-03-04
cx07b184a37f03c6ab681fcbd0b45aec6dc3eafbeb,hx0000000000000000000000000000000000000000,cx21e94c08c03daee80c25d8ee3ea22a20786ec231,0xd523adefde3000,0xeea3be51722dcd4c3dfea0e6b9605649ef71738a9f78efc84cbb8669410255a5,1,94186360,0.0599934,1741053501444360,Bitcoin,0.0998232,BTC,0,1,2025-03-04
cxce7b23917ddf57656010decd6017fe5016de681b,hx0000000000000000000000000000000000000000,cx66d4d90f5f113eba575bf793570135f9b10cece1,0x76770b42bebf0000,0x9702953dc50d6854457705b8e5c3b129a0d71b9eb2fe6ce38fd269c98af4dbe6,1,94186336,8.536304,1741053453434712,Wrapped eETH,0.0356130125,weETH,0,1,2025-03-04
cx22319ac7f412f53eabe3c9827acf5e27e9c6a95f,cx21e94c08c03daee80c25d8ee3ea22a20786ec231,hx0000000000000000000000000000000000000000,0x1e95612e,0x6982ab060c1f76774899728fc6b0cfd6ea88f5523543a2ce37e04567cf4fe875,13,94186249,513.106222,1741053279372729,USDC,0.1688521125,USDC,0,1,2025-03-04
cx22319ac7f412f53eabe3c9827acf5e27e9c6a95f,cxa09dbb60dcb62fffbd232b6eae132d730a2aafa6,cx21e94c08c03daee80c25d8ee3ea22a20786ec231,0x1e95612e,0x6982ab060c1f76774899728fc6b0cfd6ea88f5523543a2ce37e04567cf4fe875,10,94186249,513.106222,1741053279372729,USDC,0.1688521125,USDC,0,1,2025-03-04
cx88fd7df7ddff82f7cc735c871dc519838cb235bb,cxa09dbb60dcb62fffbd232b6eae132d730a2aafa6,cx5faae53c4dbd1fbe4a2eb4aab6565030f10da5c6,0x156d36d1533c7ccf,0x6982ab060c1f76774899728fc6b0cfd6ea88f5523543a2ce37e04567cf4fe875,9,94186249,1.543950519930486,1741053279372729,Balanced Dollar,0.1688521125,bnUSD,0,1,2025-03-04
cx88fd7df7ddff82f7cc735c871dc519838cb235bb,cxa09dbb60dcb62fffbd232b6eae132d730a2aafa6,hx0000000000000000000000000000000000000000,0x1bd0c77f130e30b0d1,0x6982ab060c1f76774899728fc6b0cfd6ea88f5523543a2ce37e04567cf4fe875,8,94186249,513.1062227902315,1741053279372729,Balanced Dollar,0.1688521125,bnUSD,0,1,2025-03-04
cx88fd7df7ddff82f7cc735c871dc519838cb235bb,cx21e94c08c03daee80c25d8ee3ea22a20786ec231,cxa09dbb60dcb62fffbd232b6eae132d730a2aafa6,0x1be634b5e4616d2da0,0x6982ab060c1f76774899728fc6b0cfd6ea88f5523543a2ce37e04567cf4fe875,7,94186249,514.650173310162,1741053279372729,Balanced Dollar,0.1688521125,bnUSD,0,1,2025-03-04
cx88fd7df7ddff82f7cc735c871dc519838cb235bb,cxa0af3165c08318e988cb30993b3048335b94af6c,cx5faae53c4dbd1fbe4a2eb4aab6565030f10da5c6,0xab5c400dbca304e,0x6982ab060c1f76774899728fc6b0cfd6ea88f5523543a2ce37e04567cf4fe875,5,94186249,0.7717384191304132,1741053279372729,Balanced Dollar,0.1688521125,bnUSD,0,1,2025-03-04
cx88fd7df7ddff82f7cc735c871dc519838cb235bb,cxa0af3165c08318e988cb30993b3048335b94af6c,cx21e94c08c03daee80c25d8ee3ea22a20786ec231,0x1be634b5e4616d2da0,0x6982ab060c1f76774899728fc6b0cfd6ea88f5523543a2ce37e04567cf4fe875,4,94186249,514.650173310162,1741053279372729,Balanced Dollar,0.1688521125,bnUSD,0,1,2025-03-04
cx65c9e3d4fea842e00add0d32a5b4c5e4e04c7a6b,cx21e94c08c03daee80c25d8ee3ea22a20786ec231,cxa0af3165c08318e988cb30993b3048335b94af6c,0xda3640b7,0x6982ab060c1f76774899728fc6b0cfd6ea88f5523543a2ce37e04567cf4fe875,3,94186249,3.660988599,1741053279372729,Solana,0.1688521125,SOL,0,1,2025-03-04
cx65c9e3d4fea842e00add0d32a5b4c5e4e04c7a6b,hx0000000000000000000000000000000000000000,cx21e94c08c03daee80c25d8ee3ea22a20786ec231,0xda3640b7,0x6982ab060c1f76774899728fc6b0cfd6ea88f5523543a2ce37e04567cf4fe875,1,94186249,3.660988599,1741053279372729,Solana,0.1688521125,SOL,0,1,2025-03-04
cx88fd7df7ddff82f7cc735c871dc519838cb235bb,cx21e94c08c03daee80c25d8ee3ea22a20786ec231,hxc1718c79947e0f673296218b5b23adbd9a3b38a8,0x1583460bdb9ab4a1c5d,0xbe255f759302e79d773fa5a55ff7a49a3c13fd7d6a04f6c55f1c71023002544c,7,94186210,6349.454186448963,1741053201347251,Balanced Dollar,0.0999085,bnUSD,0,1,2025-03-04
cx88fd7df7ddff82f7cc735c871dc519838cb235bb,cxa0af3165c08318e988cb30993b3048335b94af6c,cx5faae53c4dbd1fbe4a2eb4aab6565030f10da5c6,0x82b16fd6872ffbaa,0xbe255f759302e79d773fa5a55ff7a49a3c13fd7d6a04f6c55f1c71023002544c,5,94186210,9.41743126299017,1741053201347251,Balanced Dollar,0.0999085,bnUSD,0,1,2025-03-04
cx88fd7df7ddff82f7cc735c871dc519838cb235bb,cxa0af3165c08318e988cb30993b3048335b94af6c,cx21e94c08c03daee80c25d8ee3ea22a20786ec231,0x1583460bdb9ab4a1c5d,0xbe255f759302e79d773fa5a55ff7a49a3c13fd7d6a04f6c55f1c71023002544c,4,94186210,6349.454186448963,1741053201347251,Balanced Dollar,0.0999085,bnUSD,0,1,2025-03-04
cx288d13e1b63563459a2ac6179f237711f6851cb5,cx21e94c08c03daee80c25d8ee3ea22a20786ec231,cxa0af3165c08318e988cb30993b3048335b94af6c,0x29a12e8ab0152000,0xbe255f759302e79d773fa5a55ff7a49a3c13fd7d6a04f6c55f1c71023002544c,3,94186210,2.99973,1741053201347251,Ethereum,0.0999085,ETH,0,1,2025-03-04
cx288d13e1b63563459a2ac6179f237711f6851cb5,hx0000000000000000000000000000000000000000,cx21e94c08c03daee80c25d8ee3ea22a20786ec231,0x29a12e8ab0152000,0xbe255f759302e79d773fa5a55ff7a49a3c13fd7d6a04f6c55f1c71023002544c,1,94186210,2.99973,1741053201347251,Ethereum,0.0999085,ETH,0,1,2025-03-04
cx16f3cb9f09f5cdd902cf07aa752c8b3bd1bc9609,cx21e94c08c03daee80c25d8ee3ea22a20786ec231,hx0000000000000000000000000000000000000000,0x1edce9cd,0x8dff90440888dea43a20748e1d8072098984d9862cd596f17516f8b50d94021b,13,94186153,517.794253,1741053087309440,Tether USD,0.167968625,USDT,0,1,2025-03-04
cx16f3cb9f09f5cdd902cf07aa752c8b3bd1bc9609,cxa09dbb60dcb62fffbd232b6eae132d730a2aafa6,cx21e94c08c03daee80c25d8ee3ea22a20786ec231,0x1edce9cd,0x8dff90440888dea43a20748e1d8072098984d9862cd596f17516f8b50d94021b,10,94186153,517.794253,1741053087309440,Tether USD,0.167968625,USDT,0,1,2025-03-04
cx88fd7df7ddff82f7cc735c871dc519838cb235bb,cxa09dbb60dcb62fffbd232b6eae132d730a2aafa6,cx5faae53c4dbd1fbe4a2eb4aab6565030f10da5c6,0x159f548658006dc7,0x8dff90440888dea43a20748e1d8072098984d9862cd596f17516f8b50d94021b,9,94186153,1.5580569320722548,1741053087309440,Balanced Dollar,0.167968625,bnUSD,0,1,2025-03-04
cx88fd7df7ddff82f7cc735c871dc519838cb235bb,cxa09dbb60dcb62fffbd232b6eae132d730a2aafa6,hx0000000000000000000000000000000000000000,0x1c11d6ba66e88e8358,0x8dff90440888dea43a20748e1d8072098984d9862cd596f17516f8b50d94021b,8,94186153,517.7942537586794,1741053087309440,Balanced Dollar,0.167968625,bnUSD,0,1,2025-03-04
cx88fd7df7ddff82f7cc735c871dc519838cb235bb,cx21e94c08c03daee80c25d8ee3ea22a20786ec231,cxa09dbb60dcb62fffbd232b6eae132d730a2aafa6,0x1c27760eed408ef11f,0x8dff90440888dea43a20748e1d8072098984d9862cd596f17516f8b50d94021b,7,94186153,519.3523106907517,1741053087309440,Balanced Dollar,0.167968625,bnUSD,0,1,2025-03-04
cx88fd7df7ddff82f7cc735c871dc519838cb235bb,cxa0af3165c08318e988cb30993b3048335b94af6c,cx5faae53c4dbd1fbe4a2eb4aab6565030f10da5c6,0xacec3696971d7bb,0x8dff90440888dea43a20748e1d8072098984d9862cd596f17516f8b50d94021b,5,94186153,0.7787746430897253,1741053087309440,Balanced Dollar,0.167968625,bnUSD,0,1,2025-03-04
cx88fd7df7ddff82f7cc735c871dc519838cb235bb,cxa0af3165c08318e988cb30993b3048335b94af6c,cx21e94c08c03daee80c25d8ee3ea22a20786ec231,0x1c27760eed408ef11f,0x8dff90440888dea43a20748e1d8072098984d9862cd596f17516f8b50d94021b,4,94186153,519.3523106907517,1741053087309440,Balanced Dollar,0.167968625,bnUSD,0,1,2025-03-04
cx65c9e3d4fea842e00add0d32a5b4c5e4e04c7a6b,cx21e94c08c03daee80c25d8ee3ea22a20786ec231,cxa0af3165c08318e988cb30993b3048335b94af6c,0xdabfc180,0x8dff90440888dea43a20748e1d8072098984d9862cd596f17516f8b50d94021b,3,94186153,3.67,1741053087309440,Solana,0.167968625,SOL,0,1,2025-03-04
cx65c9e3d4fea842e00add0d32a5b4c5e4e04c7a6b,hx0000000000000000000000000000000000000000,cx21e94c08c03daee80c25d8ee3ea22a20786ec231,0xdabfc180,0x8dff90440888dea43a20748e1d8072098984d9862cd596f17516f8b50d94021b,1,94186153,3.67,1741053087309440,Solana,0.167968625,SOL,0,1,2025-03-04
cxf61cd5a45dc9f91c15aa65831a30a90d59a09619,cx21e94c08c03daee80c25d8ee3ea22a20786ec231,hxb571a70f7f43773734e0394dde7fd652c6680296,0x290b612dc4acbcb78,0x6492ac8aad7d3273c58bf9ef74fa93a766bd5cea5a91aea8d55b07b2e75f4c06,16,94186131,47.32103087199904,1741053043294466,Balance Token,0.414233825,BALN,0,1,2025-03-04
cx2609b924e33ef00b648a409245c7ea394c467824,cx203d9cd2a669be67177e997b8948ce2c35caffae,cx835b300dcfe01f0bdb794e134a0c5628384f4367,0x3b401726a7c56a9c,0x6492ac8aad7d3273c58bf9ef74fa93a766bd5cea5a91aea8d55b07b2e75f4c06,13,94186131,4.26943790153816,1741053043294466,Staked ICX,0.414233825,sICX,0,1,2025-03-04
cx2609b924e33ef00b648a409245c7ea394c467824,cx5faae53c4dbd1fbe4a2eb4aab6565030f10da5c6,cx203d9cd2a669be67177e997b8948ce2c35caffae,0x54a4b35bcb1a0604,0x6492ac8aad7d3273c58bf9ef74fa93a766bd5cea5a91aea8d55b07b2e75f4c06,10,94186131,6.0991970021973705,1741053043294466,Staked ICX,0.414233825,sICX,0,1,2025-03-04
cx2609b924e33ef00b648a409245c7ea394c467824,cx5faae53c4dbd1fbe4a2eb4aab6565030f10da5c6,cxdc30a0d3a1f131565c071272a20bc0b06fd4c17b,0x54a4b35bcb1a0604,0x6492ac8aad7d3273c58bf9ef74fa93a766bd5cea5a91aea8d55b07b2e75f4c06,8,94186131,6.0991970021973705,1741053043294466,Staked ICX,0.414233825,sICX,0,1,2025-03-04
cx2609b924e33ef00b648a409245c7ea394c467824,cxa0af3165c08318e988cb30993b3048335b94af6c,cx5faae53c4dbd1fbe4a2eb4aab6565030f10da5c6,0xd25ce6ef2ddc4f,0x6492ac8aad7d3273c58bf9ef74fa93a766bd5cea5a91aea8d55b07b2e75f4c06,7,94186131,0.05921189203423138,1741053043294466,Staked ICX,0.414233825,sICX,0,1,2025-03-04
cxf61cd5a45dc9f91c15aa65831a30a90d59a09619,cxa0af3165c08318e988cb30993b3048335b94af6c,cx21e94c08c03daee80c25d8ee3ea22a20786ec231,0x290b612dc4acbcb78,0x6492ac8aad7d3273c58bf9ef74fa93a766bd5cea5a91aea8d55b07b2e75f4c06,6,94186131,47.32103087199904,1741053043294466,Balance Token,0.414233825,BALN,0,1,2025-03-04
cx2609b924e33ef00b648a409245c7ea394c467824,cx21e94c08c03daee80c25d8ee3ea22a20786ec231,cxa0af3165c08318e988cb30993b3048335b94af6c,0x223d1eeb9876db990,0x6492ac8aad7d3273c58bf9ef74fa93a766bd5cea5a91aea8d55b07b2e75f4c06,5,94186131,39.47459468948758,1741053043294466,Staked ICX,0.414233825,sICX,0,1,2025-03-04
cx88fd7df7ddff82f7cc735c871dc519838cb235bb,cxa0af3165c08318e988cb30993b3048335b94af6c,cx5faae53c4dbd1fbe4a2eb4aab6565030f10da5c6,0x1de565ddc8f000,0x6492ac8aad7d3273c58bf9ef74fa93a766bd5cea5a91aea8d55b07b2e75f4c06,3,94186131,0.008415,1741053043294466,Balanced Dollar,0.414233825,bnUSD,0,1,2025-03-04
cx2609b924e33ef00b648a409245c7ea394c467824,cxa0af3165c08318e988cb30993b3048335b94af6c,cx21e94c08c03daee80c25d8ee3ea22a20786ec231,0x223d1eeb9876db990,0x6492ac8aad7d3273c58bf9ef74fa93a766bd5cea5a91aea8d55b07b2e75f4c06,2,94186131,39.47459468948758,1741053043294466,Staked ICX,0.414233825,sICX,0,1,2025-03-04
cx88fd7df7ddff82f7cc735c871dc519838cb235bb,cx21e94c08c03daee80c25d8ee3ea22a20786ec231,cxa0af3165c08318e988cb30993b3048335b94af6c,0x4ddab946e5f10000,0x6492ac8aad7d3273c58bf9ef74fa93a766bd5cea5a91aea8d55b07b2e75f4c06,1,94186131,5.61,1741053043294466,Balanced Dollar,0.414233825,bnUSD,0,1,2025-03-04
cx88fd7df7ddff82f7cc735c871dc519838cb235bb,hxb571a70f7f43773734e0394dde7fd652c6680296,cx21e94c08c03daee80c25d8ee3ea22a20786ec231,0x4ddab946e5f10000,0x6492ac8aad7d3273c58bf9ef74fa93a766bd5cea5a91aea8d55b07b2e75f4c06,0,94186131,5.61,1741053043294466,Balanced Dollar,0.414233825,bnUSD,0,1,2025-03-04
cx2609b924e33ef00b648a409245c7ea394c467824,cx203d9cd2a669be67177e997b8948ce2c35caffae,hxb571a70f7f43773734e0394dde7fd652c6680296,0x172c5d0e34d3b40a,0x6290d7c67ed7ca402a58d56d9e5fc48e9368ec2896492fa4ed5090273a862a26,21,94186116,1.669811877444826,1741053013287255,Staked ICX,0.3191862,sICX,0,5,2025-03-04
cx88fd7df7ddff82f7cc735c871dc519838cb235bb,cx203d9cd2a669be67177e997b8948ce2c35caffae,hxb571a70f7f43773734e0394dde7fd652c6680296,0x4da5afa47bd6e89c,0x6290d7c67ed7ca402a58d56d9e5fc48e9368ec2896492fa4ed5090273a862a26,18,94186116,5.595071233064888,1741053013287255,Balanced Dollar,0.3191862,bnUSD,0,5,2025-03-04
cxf61cd5a45dc9f91c15aa65831a30a90d59a09619,cx203d9cd2a669be67177e997b8948ce2c35caffae,hxb571a70f7f43773734e0394dde7fd652c6680296,0x223a5a2aef33ba,0x6290d7c67ed7ca402a58d56d9e5fc48e9368ec2896492fa4ed5090273a862a26,16,94186116,0.00963430814994937,1741053013287255,Balance Token,0.3191862,BALN,0,5,2025-03-04
cxae3034235540b924dfcc1b45836c293dcc82bfb7,cx5faae53c4dbd1fbe4a2eb4aab6565030f10da5c6,cx21e94c08c03daee80c25d8ee3ea22a20786ec231,0x1d034,0x6290d7c67ed7ca402a58d56d9e5fc48e9368ec2896492fa4ed5090273a862a26,15,94186116,0.118836,1741053013287255,ICON USD Coin,0.3191862,IUSDC,0,5,2025-03-04
cxf61cd5a45dc9f91c15aa65831a30a90d59a09619,cx203d9cd2a669be67177e997b8948ce2c35caffae,cx835b300dcfe01f0bdb794e134a0c5628384f4367,0x21b16a05eb25ad3,0x6290d7c67ed7ca402a58d56d9e5fc48e9368ec2896492fa4ed5090273a862a26,12,94186116,0.151739890486369,1741053013287255,Balance Token,0.3191862,BALN,0,5,2025-03-04
cxf61cd5a45dc9f91c15aa65831a30a90d59a09619,cx5faae53c4dbd1fbe4a2eb4aab6565030f10da5c6,cx203d9cd2a669be67177e997b8948ce2c35caffae,0x3022052d06c81c1,0x6290d7c67ed7ca402a58d56d9e5fc48e9368ec2896492fa4ed5090273a862a26,10,94186116,0.21677127212338426,1741053013287255,Balance Token,0.3191862,BALN,0,5,2025-03-04
cxf61cd5a45dc9f91c15aa65831a30a90d59a09619,cx5faae53c4dbd1fbe4a2eb4aab6565030f10da5c6,cxdc30a0d3a1f131565c071272a20bc0b06fd4c17b,0x3022052d06c81c1,0x6290d7c67ed7ca402a58d56d9e5fc48e9368ec2896492fa4ed5090273a862a26,9,94186116,0.21677127212338426,1741053013287255,Balance Token,0.3191862,BALN,0,5,2025-03-04
cxf61cd5a45dc9f91c15aa65831a30a90d59a09619,cx21e94c08c03daee80c25d8ee3ea22a20786ec231,cx5faae53c4dbd1fbe4a2eb4aab6565030f10da5c6,0x473fa43857ca82f,0x6290d7c67ed7ca402a58d56d9e5fc48e9368ec2896492fa4ed5090273a862a26,8,94186116,0.3208751663827293,1741053013287255,Balance Token,0.3191862,BALN,0,5,2025-03-04
cx88fd7df7ddff82f7cc735c871dc519838cb235bb,cxa0af3165c08318e988cb30993b3048335b94af6c,cx5faae53c4dbd1fbe4a2eb4aab6565030f10da5c6,0x342e133cf57b,0x6290d7c67ed7ca402a58d56d9e5fc48e9368ec2896492fa4ed5090273a862a26,6,94186116,5.7372495902075e-05,1741053013287255,Balanced Dollar,0.3191862,bnUSD,0,5,2025-03-04
cxf61cd5a45dc9f91c15aa65831a30a90d59a09619,cxa0af3165c08318e988cb30993b3048335b94af6c,cx21e94c08c03daee80c25d8ee3ea22a20786ec231,0x473fa43857ca82f,0x6290d7c67ed7ca402a58d56d9e5fc48e9368ec2896492fa4ed5090273a862a26,5,94186116,0.3208751663827293,1741053013287255,Balance Token,0.3191862,BALN,0,5,2025-03-04
cx88fd7df7ddff82f7cc735c871dc519838cb235bb,cx21e94c08c03daee80c25d8ee3ea22a20786ec231,cxa0af3165c08318e988cb30993b3048335b94af6c,0x87e2a76ebf469d,0x6290d7c67ed7ca402a58d56d9e5fc48e9368ec2896492fa4ed5090273a862a26,4,94186116,0.03824833060138358,1741053013287255,Balanced Dollar,0.3191862,bnUSD,0,5,2025-03-04
cxae3034235540b924dfcc1b45836c293dcc82bfb7,cx21e94c08c03daee80c25d8ee3ea22a20786ec231,cxa0af3165c08318e988cb30993b3048335b94af6c,0x1d034,0x6290d7c67ed7ca402a58d56d9e5fc48e9368ec2896492fa4ed5090273a862a26,3,94186116,0.118836,1741053013287255,ICON USD Coin,0.3191862,IUSDC,0,5,2025-03-04
cx88fd7df7ddff82f7cc735c871dc519838cb235bb,cxa0af3165c08318e988cb30993b3048335b94af6c,cx5faae53c4dbd1fbe4a2eb4aab6565030f10da5c6,0x344314b6149d,0x6290d7c67ed7ca402a58d56d9e5fc48e9368ec2896492fa4ed5090273a862a26,1,94186116,5.7462714930333e-05,1741053013287255,Balanced Dollar,0.3191862,bnUSD,0,5,2025-03-04
cx88fd7df7ddff82f7cc735c871dc519838cb235bb,cxa0af3165c08318e988cb30993b3048335b94af6c,cx21e94c08c03daee80c25d8ee3ea22a20786ec231,0x87e2a76ebf469d,0x6290d7c67ed7ca402a58d56d9e5fc48e9368ec2896492fa4ed5090273a862a26,0,94186116,0.03824833060138358,1741053013287255,Balanced Dollar,0.3191862,bnUSD,0,5,2025-03-04
cx88fd7df7ddff82f7cc735c871dc519838cb235bb,hx101704be4e8fa88c36f9ad3816edede134cceff5,hx0000000000000000000000000000000000000000,0x509d380965fdbe4dc2,0x538f6c4e26f027f32be2958ff46c50b7b974912922c2470aec618464740eea78,0,94186075,1487.068341093068,1741052931440781,Balanced Dollar,0.06068905,bnUSD,0,3,2025-03-04
cx88fd7df7ddff82f7cc735c871dc519838cb235bb,cxa0af3165c08318e988cb30993b3048335b94af6c,cx5faae53c4dbd1fbe4a2eb4aab6565030f10da5c6,0xf8652c35db90d,0x6c811c16bd58ac2479284890793c0fa71b5fe33fbc4e4a37073f4bd407f233d8,2,94186070,0.004369814673799437,1741052921303818,Balanced Dollar,0.056862925,bnUSD,0,1,2025-03-04
cx88fd7df7ddff82f7cc735c871dc519838cb235bb,cxa0af3165c08318e988cb30993b3048335b94af6c,hx06efa9167ece33af37f7153dc53bce2775f812f2,0x284ee8d5fa516f4f,0x6c811c16bd58ac2479284890793c0fa71b5fe33fbc4e4a37073f4bd407f233d8,1,94186070,2.9045148154258675,1741052921303818,Balanced Dollar,0.056862925,bnUSD,0,1,2025-03-04
cx4297f4b63262507623b6ad575d0d8dd2db980e4e,hx06efa9167ece33af37f7153dc53bce2775f812f2,cxa0af3165c08318e988cb30993b3048335b94af6c,0x37ddc3777b57145,0x6c811c16bd58ac2479284890793c0fa71b5fe33fbc4e4a37073f4bd407f233d8,0,94186070,0.25159928499230755,1741052921303818,Injective,0.056862925,INJ,0,1,2025-03-04
cx88fd7df7ddff82f7cc735c871dc519838cb235bb,cxbf469921730ed3c3c8c1924fc482d369f8795fe2,hx385a695da4288bf7d70df14d1201e832c2bcf2a6,0xfddfac9f6d4968000,0xd486ccc4ea02a601fea09f12f99bbf3146de98cc2572400cbb54cbd10793ebf6,1,94186068,292.69648019416877,1741052917258100,Balanced Dollar,0.0417461375,bnUSD,0,2,2025-03-04
cx88fd7df7ddff82f7cc735c871dc519838cb235bb,hx385a695da4288bf7d70df14d1201e832c2bcf2a6,cxbf469921730ed3c3c8c1924fc482d369f8795fe2,0xfddfac9f6d4968000,0xd486ccc4ea02a601fea09f12f99bbf3146de98cc2572400cbb54cbd10793ebf6,0,94186068,292.69648019416877,1741052917258100,Balanced Dollar,0.0417461375,bnUSD,0,2,2025-03-04
cx4297f4b63262507623b6ad575d0d8dd2db980e4e,cx66d4d90f5f113eba575bf793570135f9b10cece1,cx835b300dcfe01f0bdb794e134a0c5628384f4367,0x9076568a4bde9,0x9b3a0e0c20c362841f75b12d562a13ace508688286bd4ffd97b9819a14fa2252,3,94186068,0.002541406919114217,1741052917258100,Injective,0.09280025,INJ,0,1,2025-03-04
cx4297f4b63262507623b6ad575d0d8dd2db980e4e,cx66d4d90f5f113eba575bf793570135f9b10cece1,hx06efa9167ece33af37f7153dc53bce2775f812f2,0x37ddc3777b57145,0x9b3a0e0c20c362841f75b12d562a13ace508688286bd4ffd97b9819a14fa2252,1,94186068,0.25159928499230755,1741052917258100,Injective,0.09280025,INJ,0,1,2025-03-04
cx88fd7df7ddff82f7cc735c871dc519838cb235bb,hx06efa9167ece33af37f7153dc53bce2775f812f2,hx0000000000000000000000000000000000000000,0x24dd1ab992f6ec89,0x9b3a0e0c20c362841f75b12d562a13ace508688286bd4ffd97b9819a14fa2252,0,94186068,2.6563087395553886,1741052917258100,Balanced Dollar,0.09280025,bnUSD,0,1,2025-03-04
cx16f3cb9f09f5cdd902cf07aa752c8b3bd1bc9609,cx21e94c08c03daee80c25d8ee3ea22a20786ec231,hx0000000000000000000000000000000000000000,0x3eebca67,0x17beb81e5e6d97432ce2e12e64d3018ec661aff4ba522e4bb3a1f786274e9fde,13,94186063,1055.640167,1741052907255023,Tether USD,0.1774800375,USDT,0,1,2025-03-04
cx16f3cb9f09f5cdd902cf07aa752c8b3bd1bc9609,cxa09dbb60dcb62fffbd232b6eae132d730a2aafa6,cx21e94c08c03daee80c25d8ee3ea22a20786ec231,0x3eebca67,0x17beb81e5e6d97432ce2e12e64d3018ec661aff4ba522e4bb3a1f786274e9fde,10,94186063,1055.640167,1741052907255023,Tether USD,0.1774800375,USDT,0,1,2025-03-04
cx88fd7df7ddff82f7cc735c871dc519838cb235bb,cxa09dbb60dcb62fffbd232b6eae132d730a2aafa6,cx5faae53c4dbd1fbe4a2eb4aab6565030f10da5c6,0x2c15044fdcb63e97,0x17beb81e5e6d97432ce2e12e64d3018ec661aff4ba522e4bb3a1f786274e9fde,9,94186063,3.1764498532316114,1741052907255023,Balanced Dollar,0.1774800375,bnUSD,0,1,2025-03-04
cx88fd7df7ddff82f7cc735c871dc519838cb235bb,cxa09dbb60dcb62fffbd232b6eae132d730a2aafa6,hx0000000000000000000000000000000000000000,0x3939f343acdb409681,0x17beb81e5e6d97432ce2e12e64d3018ec661aff4ba522e4bb3a1f786274e9fde,8,94186063,1055.6401678906388,1741052907255023,Balanced Dollar,0.1774800375,bnUSD,0,1,2025-03-04
cx88fd7df7ddff82f7cc735c871dc519838cb235bb,cx21e94c08c03daee80c25d8ee3ea22a20786ec231,cxa09dbb60dcb62fffbd232b6eae132d730a2aafa6,0x39660847fcb7f6d518,0x17beb81e5e6d97432ce2e12e64d3018ec661aff4ba522e4bb3a1f786274e9fde,7,94186063,1058.8166177438704,1741052907255023,Balanced Dollar,0.1774800375,bnUSD,0,1,2025-03-04
cx88fd7df7ddff82f7cc735c871dc519838cb235bb,cxa0af3165c08318e988cb30993b3048335b94af6c,cx5faae53c4dbd1fbe4a2eb4aab6565030f10da5c6,0x15fbf09372ceed26,0x17beb81e5e6d97432ce2e12e64d3018ec661aff4ba522e4bb3a1f786274e9fde,5,94186063,1.5841242100278838,1741052907255023,Balanced Dollar,0.1774800375,bnUSD,0,1,2025-03-04
cx88fd7df7ddff82f7cc735c871dc519838cb235bb,cxa0af3165c08318e988cb30993b3048335b94af6c,cx21e94c08c03daee80c25d8ee3ea22a20786ec231,0x39660847fcb7f6d518,0x17beb81e5e6d97432ce2e12e64d3018ec661aff4ba522e4bb3a1f786274e9fde,4,94186063,1058.8166177438704,1741052907255023,Balanced Dollar,0.1774800375,bnUSD,0,1,2025-03-04
cx4297f4b63262507623b6ad575d0d8dd2db980e4e,cx21e94c08c03daee80c25d8ee3ea22a20786ec231,cxa0af3165c08318e988cb30993b3048335b94af6c,0x4f1b9404673808000,0x17beb81e5e6d97432ce2e12e64d3018ec661aff4ba522e4bb3a1f786274e9fde,3,94186063,91.205,1741052907255023,Injective,0.1774800375,INJ,0,1,2025-03-04
cx4297f4b63262507623b6ad575d0d8dd2db980e4e,hx0000000000000000000000000000000000000000,cx21e94c08c03daee80c25d8ee3ea22a20786ec231,0x4f1b9404673808000,0x17beb81e5e6d97432ce2e12e64d3018ec661aff4ba522e4bb3a1f786274e9fde,1,94186063,91.205,1741052907255023,Injective,0.1774800375,INJ,0,1,2025-03-04
cx88fd7df7ddff82f7cc735c871dc519838cb235bb,cxa0ffa71e76299fbc9005ba7000ccad86f7f22971,hxd75467e3e4ce64e3424c747dfb71503017440433,0x5efbf6a8d2d27be5b1,0x7679f11d8dba2d835e2a375a973e6dbb4359e956008c1e15d54a55ff1f19f736,8,94186053,1752.1498274999165,1741052887251294,Balanced Dollar,0.150256225,bnUSD,0,1,2025-03-04
cx0664cceb34d391ba78a897200fab94b9b49443d0,cx66d4d90f5f113eba575bf793570135f9b10cece1,cx835b300dcfe01f0bdb794e134a0c5628384f4367,0x2695e3a,0x7679f11d8dba2d835e2a375a973e6dbb4359e956008c1e15d54a55ff1f19f736,5,94186053,0.040459834,1741052887251294,Haedal Staked SUI,0.150256225,HASUI,0,1,2025-03-04
cx0664cceb34d391ba78a897200fab94b9b49443d0,cxa0ffa71e76299fbc9005ba7000ccad86f7f22971,hxd75467e3e4ce64e3424c747dfb71503017440433,0xeebf709f,0x7679f11d8dba2d835e2a375a973e6dbb4359e956008c1e15d54a55ff1f19f736,3,94186053,4.005523615,1741052887251294,Haedal Staked SUI,0.150256225,HASUI,0,1,2025-03-04
cx0664cceb34d391ba78a897200fab94b9b49443d0,cx66d4d90f5f113eba575bf793570135f9b10cece1,cxa0ffa71e76299fbc9005ba7000ccad86f7f22971,0xeebf709f,0x7679f11d8dba2d835e2a375a973e6dbb4359e956008c1e15d54a55ff1f19f736,2,94186053,4.005523615,1741052887251294,Haedal Staked SUI,0.150256225,HASUI,0,1,2025-03-04
cx88fd7df7ddff82f7cc735c871dc519838cb235bb,cxa0ffa71e76299fbc9005ba7000ccad86f7f22971,hx0000000000000000000000000000000000000000,0x8b4068c831441a4f,0x7679f11d8dba2d835e2a375a973e6dbb4359e956008c1e15d54a55ff1f19f736,1,94186053,10.03413517881076,1741052887251294,Balanced Dollar,0.150256225,bnUSD,0,1,2025-03-04
cx88fd7df7ddff82f7cc735c871dc519838cb235bb,hxd75467e3e4ce64e3424c747dfb71503017440433,cxa0ffa71e76299fbc9005ba7000ccad86f7f22971,0x5f8737119b03c00000,0x7679f11d8dba2d835e2a375a973e6dbb4359e956008c1e15d54a55ff1f19f736,0,94186053,1762.1839626787273,1741052887251294,Balanced Dollar,0.150256225,bnUSD,0,1,2025-03-04
cx88fd7df7ddff82f7cc735c871dc519838cb235bb,cx21e94c08c03daee80c25d8ee3ea22a20786ec231,hx385a695da4288bf7d70df14d1201e832c2bcf2a6,0xda8b754175446f724,0x0ef50f999d78336d86a0753fef5825e4101768f0341e986e2f624bc68e7620c4,13,94186045,251.96495113650903,1741052871299920,Balanced Dollar,0.2236538375,bnUSD,0,1,2025-03-04
cx88fd7df7ddff82f7cc735c871dc519838cb235bb,cxa0af3165c08318e988cb30993b3048335b94af6c,cx5faae53c4dbd1fbe4a2eb4aab6565030f10da5c6,0x53f3f98dcb1a96f,0x0ef50f999d78336d86a0753fef5825e4101768f0341e986e2f624bc68e7620c4,11,94186045,0.37809081949262063,1741052871299920,Balanced Dollar,0.2236538375,bnUSD,0,1,2025-03-04
cx88fd7df7ddff82f7cc735c871dc519838cb235bb,cxa0af3165c08318e988cb30993b3048335b94af6c,cx21e94c08c03daee80c25d8ee3ea22a20786ec231,0xda8b754175446f724,0x0ef50f999d78336d86a0753fef5825e4101768f0341e986e2f624bc68e7620c4,10,94186045,251.96495113650903,1741052871299920,Balanced Dollar,0.2236538375,bnUSD,0,1,2025-03-04
cxf61cd5a45dc9f91c15aa65831a30a90d59a09619,cx21e94c08c03daee80c25d8ee3ea22a20786ec231,cxa0af3165c08318e988cb30993b3048335b94af6c,0x72fa2fddf7a85df167,0x0ef50f999d78336d86a0753fef5825e4101768f0341e986e2f624bc68e7620c4,9,94186045,2120.9566962920276,1741052871299920,Balance Token,0.2236538375,BALN,0,1,2025-03-04
cx2609b924e33ef00b648a409245c7ea394c467824,cxa0af3165c08318e988cb30993b3048335b94af6c,cx5faae53c4dbd1fbe4a2eb4aab6565030f10da5c6,0x24c6c378e7f7209a,0x0ef50f999d78336d86a0753fef5825e4101768f0341e986e2f624bc68e7620c4,7,94186045,2.65002035480934,1741052871299920,Staked ICX,0.2236538375,sICX,0,1,2025-03-04
cxf61cd5a45dc9f91c15aa65831a30a90d59a09619,cxa0af3165c08318e988cb30993b3048335b94af6c,cx21e94c08c03daee80c25d8ee3ea22a20786ec231,0x72fa2fddf7a85df167,0x0ef50f999d78336d86a0753fef5825e4101768f0341e986e2f624bc68e7620c4,6,94186045,2120.9566962920276,1741052871299920,Balance Token,0.2236538375,BALN,0,1,2025-03-04
cx2609b924e33ef00b648a409245c7ea394c467824,cx21e94c08c03daee80c25d8ee3ea22a20786ec231,cxa0af3165c08318e988cb30993b3048335b94af6c,0x5fc59d0adc138f9137,0x0ef50f999d78336d86a0753fef5825e4101768f0341e986e2f624bc68e7620c4,5,94186045,1766.68023653956,1741052871299920,Staked ICX,0.2236538375,sICX,0,1,2025-03-04
cx88fd7df7ddff82f7cc735c871dc519838cb235bb,cxa0af3165c08318e988cb30993b3048335b94af6c,cx5faae53c4dbd1fbe4a2eb4aab6565030f10da5c6,0x53998c155ef4000,0x0ef50f999d78336d86a0753fef5825e4101768f0341e986e2f624bc68e7620c4,3,94186045,0.3765,1741052871299920,Balanced Dollar,0.2236538375,bnUSD,0,1,2025-03-04
cx2609b924e33ef00b648a409245c7ea394c467824,cxa0af3165c08318e988cb30993b3048335b94af6c,cx21e94c08c03daee80c25d8ee3ea22a20786ec231,0x5fc59d0adc138f9137,0x0ef50f999d78336d86a0753fef5825e4101768f0341e986e2f624bc68e7620c4,2,94186045,1766.68023653956,1741052871299920,Staked ICX,0.2236538375,sICX,0,1,2025-03-04
cx88fd7df7ddff82f7cc735c871dc519838cb235bb,cx21e94c08c03daee80c25d8ee3ea22a20786ec231,cxa0af3165c08318e988cb30993b3048335b94af6c,0xd9b5322251f0c0000,0x0ef50f999d78336d86a0753fef5825e4101768f0341e986e2f624bc68e7620c4,1,94186045,251.0,1741052871299920,Balanced Dollar,0.2236538375,bnUSD,0,1,2025-03-04
cx88fd7df7ddff82f7cc735c871dc519838cb235bb,hx385a695da4288bf7d70df14d1201e832c2bcf2a6,cx21e94c08c03daee80c25d8ee3ea22a20786ec231,0xd9b5322251f0c0000,0x0ef50f999d78336d86a0753fef5825e4101768f0341e986e2f624bc68e7620c4,0,94186045,251.0,1741052871299920,Balanced Dollar,0.2236538375,bnUSD,0,1,2025-03-04
cx88fd7df7ddff82f7cc735c871dc519838cb235bb,cx21e94c08c03daee80c25d8ee3ea22a20786ec231,hx101704be4e8fa88c36f9ad3816edede134cceff5,0xcfe1e7eb2c0477842b,0x61917ba01c845de0d787af4eef7173120f15b134cec46661af319dd6f16e18f5,8,94186044,3834.754261210317,1741052869336031,Balanced Dollar,0.1943839875,bnUSD,0,1,2025-03-04
cx88fd7df7ddff82f7cc735c871dc519838cb235bb,cxa0af3165c08318e988cb30993b3048335b94af6c,cx5faae53c4dbd1fbe4a2eb4aab6565030f10da5c6,0x4fb5dfc5f0175bb4,0x61917ba01c845de0d787af4eef7173120f15b134cec46661af319dd6f16e18f5,6,94186044,5.74374294101055,1741052869336031,Balanced Dollar,0.1943839875,bnUSD,0,1,2025-03-04
cx88fd7df7ddff82f7cc735c871dc519838cb235bb,cxa0af3165c08318e988cb30993b3048335b94af6c,cx21e94c08c03daee80c25d8ee3ea22a20786ec231,0xcfe1e7eb2c0477842b,0x61917ba01c845de0d787af4eef7173120f15b134cec46661af319dd6f16e18f5,5,94186044,3834.754261210317,1741052869336031,Balanced Dollar,0.1943839875,bnUSD,0,1,2025-03-04
cx2609b924e33ef00b648a409245c7ea394c467824,cx21e94c08c03daee80c25d8ee3ea22a20786ec231,cxa0af3165c08318e988cb30993b3048335b94af6c,0x5b9dfb091682ed36534,0x61917ba01c845de0d787af4eef7173120f15b134cec46661af319dd6f16e18f5,4,94186044,27040.5986109275,1741052869336031,Staked ICX,0.1943839875,sICX,0,1,2025-03-04
cx2609b924e33ef00b648a409245c7ea394c467824,hx0000000000000000000000000000000000000000,cx21e94c08c03daee80c25d8ee3ea22a20786ec231,0x5b9dfb091682ed36534,0x61917ba01c845de0d787af4eef7173120f15b134cec46661af319dd6f16e18f5,2,94186044,27040.5986109275,1741052869336031,Staked ICX,0.1943839875,sICX,0,1,2025-03-04
cx2609b924e33ef00b648a409245c7ea394c467824,hx0000000000000000000000000000000000000000,cx66d4d90f5f113eba575bf793570135f9b10cece1,0x88669a26f9a4445022c,0x413437f74517c9e99dc711464068f371325e5d715fa78db1e6cfa8b4cec0c218,2,94186032,40258.40733786281,1741052845351855,Staked ICX,0.1281356375,sICX,0,1,2025-03-04
cx88fd7df7ddff82f7cc735c871dc519838cb235bb,cx21e94c08c03daee80c25d8ee3ea22a20786ec231,hx7497c286aa521b09b2b54d78cde3fa4573c0e157,0x64bb26f19ec22da8,0x3779a8c840797e5ca2ba58b9a7fc6aaca4fb3d2164c124818b7c9e05ca2414f5,13,94186021,7.258438043630186,1741052823220917,Balanced Dollar,0.1920367,bnUSD,0,1,2025-03-04
cx5b5a03cb525a1845d0af3a872d525b18a810acb0,cx21e94c08c03daee80c25d8ee3ea22a20786ec231,cxa0af3165c08318e988cb30993b3048335b94af6c,0x4affde549429,0x3779a8c840797e5ca2ba58b9a7fc6aaca4fb3d2164c124818b7c9e05ca2414f5,12,94186021,8.2462807200809e-05,1741052823220917,btp-0x38.bsc-BTCB,0.1920367,BTCB,0,1,2025-03-04
cx88fd7df7ddff82f7cc735c871dc519838cb235bb,cxa0af3165c08318e988cb30993b3048335b94af6c,cx5faae53c4dbd1fbe4a2eb4aab6565030f10da5c6,0x26540d7a6a7ede,0x3779a8c840797e5ca2ba58b9a7fc6aaca4fb3d2164c124818b7c9e05ca2414f5,10,94186021,0.010788465980112606,1741052823220917,Balanced Dollar,0.1920367,bnUSD,0,1,2025-03-04
cx88fd7df7ddff82f7cc735c871dc519838cb235bb,cxa0af3165c08318e988cb30993b3048335b94af6c,cx21e94c08c03daee80c25d8ee3ea22a20786ec231,0x64bb26f19ec22da8,0x3779a8c840797e5ca2ba58b9a7fc6aaca4fb3d2164c124818b7c9e05ca2414f5,9,94186021,7.258438043630186,1741052823220917,Balanced Dollar,0.1920367,bnUSD,0,1,2025-03-04
cx5b5a03cb525a1845d0af3a872d525b18a810acb0,cxa0af3165c08318e988cb30993b3048335b94af6c,cx5faae53c4dbd1fbe4a2eb4aab6565030f10da5c6,0x1cd0a70b16,0x3779a8c840797e5ca2ba58b9a7fc6aaca4fb3d2164c124818b7c9e05ca2414f5,7,94186021,1.23759692566e-07,1741052823220917,btp-0x38.bsc-BTCB,0.1920367,BTCB,0,1,2025-03-04
cx5b5a03cb525a1845d0af3a872d525b18a810acb0,cxa0af3165c08318e988cb30993b3048335b94af6c,cx21e94c08c03daee80c25d8ee3ea22a20786ec231,0x4affde549429,0x3779a8c840797e5ca2ba58b9a7fc6aaca4fb3d2164c124818b7c9e05ca2414f5,6,94186021,8.2462807200809e-05,1741052823220917,btp-0x38.bsc-BTCB,0.1920367,BTCB,0,1,2025-03-04
cx2609b924e33ef00b648a409245c7ea394c467824,cx21e94c08c03daee80c25d8ee3ea22a20786ec231,cxa0af3165c08318e988cb30993b3048335b94af6c,0x2b2fbd8ad873a7668,0x3779a8c840797e5ca2ba58b9a7fc6aaca4fb3d2164c124818b7c9e05ca2414f5,5,94186021,49.79062834513435,1741052823220917,Staked ICX,0.1920367,sICX,0,1,2025-03-04
cx88fd7df7ddff82f7cc735c871dc519838cb235bb,cxa0af3165c08318e988cb30993b3048335b94af6c,cx5faae53c4dbd1fbe4a2eb4aab6565030f10da5c6,0x26062d31ce4792,0x3779a8c840797e5ca2ba58b9a7fc6aaca4fb3d2164c124818b7c9e05ca2414f5,3,94186021,0.010702840293902225,1741052823220917,Balanced Dollar,0.1920367,bnUSD,0,1,2025-03-04
cx2609b924e33ef00b648a409245c7ea394c467824,cxa0af3165c08318e988cb30993b3048335b94af6c,cx21e94c08c03daee80c25d8ee3ea22a20786ec231,0x2b2fbd8ad873a7668,0x3779a8c840797e5ca2ba58b9a7fc6aaca4fb3d2164c124818b7c9e05ca2414f5,2,94186021,49.79062834513435,1741052823220917,Staked ICX,0.1920367,sICX,0,1,2025-03-04
cx88fd7df7ddff82f7cc735c871dc519838cb235bb,cx21e94c08c03daee80c25d8ee3ea22a20786ec231,cxa0af3165c08318e988cb30993b3048335b94af6c,0x63056b07092fb800,0x3779a8c840797e5ca2ba58b9a7fc6aaca4fb3d2164c124818b7c9e05ca2414f5,1,94186021,7.135226862601484,1741052823220917,Balanced Dollar,0.1920367,bnUSD,0,1,2025-03-04
cx88fd7df7ddff82f7cc735c871dc519838cb235bb,hx7497c286aa521b09b2b54d78cde3fa4573c0e157,cx21e94c08c03daee80c25d8ee3ea22a20786ec231,0x63056b07092fb800,0x3779a8c840797e5ca2ba58b9a7fc6aaca4fb3d2164c124818b7c9e05ca2414f5,0,94186021,7.135226862601484,1741052823220917,Balanced Dollar,0.1920367,bnUSD,0,1,2025-03-04
cx88fd7df7ddff82f7cc735c871dc519838cb235bb,cx21e94c08c03daee80c25d8ee3ea22a20786ec231,hx7497c286aa521b09b2b54d78cde3fa4573c0e157,0xb20fb6afc13c38b1,0x5c75d4ff34b0a8b3b9749097356e0916dac56e2c0e993930ae778815d13cd243,17,94186018,12.830674729379314,1741052817222071,Balanced Dollar,0.25856755,bnUSD,0,1,2025-03-04
cxae3034235540b924dfcc1b45836c293dcc82bfb7,cx21e94c08c03daee80c25d8ee3ea22a20786ec231,cxa0af3165c08318e988cb30993b3048335b94af6c,0x25fabfa,0x5c75d4ff34b0a8b3b9749097356e0916dac56e2c0e993930ae778815d13cd243,16,94186018,39.824378,1741052817222071,ICON USD Coin,0.25856755,IUSDC,0,1,2025-03-04
cx88fd7df7ddff82f7cc735c871dc519838cb235bb,cxa0af3165c08318e988cb30993b3048335b94af6c,cx5faae53c4dbd1fbe4a2eb4aab6565030f10da5c6,0x448309055daa5f,0x5c75d4ff34b0a8b3b9749097356e0916dac56e2c0e993930ae778815d13cd243,14,94186018,0.01928437318429347,1741052817222071,Balanced Dollar,0.25856755,bnUSD,0,1,2025-03-04
cx88fd7df7ddff82f7cc735c871dc519838cb235bb,cxa0af3165c08318e988cb30993b3048335b94af6c,cx21e94c08c03daee80c25d8ee3ea22a20786ec231,0xb20fb6afc13c38b1,0x5c75d4ff34b0a8b3b9749097356e0916dac56e2c0e993930ae778815d13cd243,13,94186018,12.830674729379314,1741052817222071,Balanced Dollar,0.25856755,bnUSD,0,1,2025-03-04
cxae3034235540b924dfcc1b45836c293dcc82bfb7,cxa0af3165c08318e988cb30993b3048335b94af6c,cx5faae53c4dbd1fbe4a2eb4aab6565030f10da5c6,0xe88a,0x5c75d4ff34b0a8b3b9749097356e0916dac56e2c0e993930ae778815d13cd243,11,94186018,0.05953,1741052817222071,ICON USD Coin,0.25856755,IUSDC,0,1,2025-03-04
cxae3034235540b924dfcc1b45836c293dcc82bfb7,cxa0af3165c08318e988cb30993b3048335b94af6c,cx21e94c08c03daee80c25d8ee3ea22a20786ec231,0x25fabfa,0x5c75d4ff34b0a8b3b9749097356e0916dac56e2c0e993930ae778815d13cd243,10,94186018,39.824378,1741052817222071,ICON USD Coin,0.25856755,IUSDC,0,1,2025-03-04
cx1a29259a59f463a67bb2ef84398b30ca56b5830a,cx21e94c08c03daee80c25d8ee3ea22a20786ec231,cxa0af3165c08318e988cb30993b3048335b94af6c,0x2197cafcf7911ac4728,0x5c75d4ff34b0a8b3b9749097356e0916dac56e2c0e993930ae778815d13cd243,9,94186018,9914.886195482552,1741052817222071,Omm Token,0.25856755,OMM,0,1,2025-03-04
cx2609b924e33ef00b648a409245c7ea394c467824,cxa0af3165c08318e988cb30993b3048335b94af6c,cx5faae53c4dbd1fbe4a2eb4aab6565030f10da5c6,0x1d7b8eee2c0b23d,0x5c75d4ff34b0a8b3b9749097356e0916dac56e2c0e993930ae778815d13cd243,7,94186018,0.13277805017672556,1741052817222071,Staked ICX,0.25856755,sICX,0,1,2025-03-04
cx1a29259a59f463a67bb2ef84398b30ca56b5830a,cxa0af3165c08318e988cb30993b3048335b94af6c,cx21e94c08c03daee80c25d8ee3ea22a20786ec231,0x2197cafcf7911ac4728,0x5c75d4ff34b0a8b3b9749097356e0916dac56e2c0e993930ae778815d13cd243,6,94186018,9914.886195482552,1741052817222071,Omm Token,0.25856755,OMM,0,1,2025-03-04
cx2609b924e33ef00b648a409245c7ea394c467824,cx21e94c08c03daee80c25d8ee3ea22a20786ec231,cxa0af3165c08318e988cb30993b3048335b94af6c,0x4cc7198c3d5d0299f,0x5c75d4ff34b0a8b3b9749097356e0916dac56e2c0e993930ae778815d13cd243,5,94186018,88.51870011781705,1741052817222071,Staked ICX,0.25856755,sICX,0,1,2025-03-04
cx88fd7df7ddff82f7cc735c871dc519838cb235bb,cxa0af3165c08318e988cb30993b3048335b94af6c,cx5faae53c4dbd1fbe4a2eb4aab6565030f10da5c6,0x439933e6c40d78,0x5c75d4ff34b0a8b3b9749097356e0916dac56e2c0e993930ae778815d13cd243,3,94186018,0.01902727163360396,1741052817222071,Balanced Dollar,0.25856755,bnUSD,0,1,2025-03-04
cx2609b924e33ef00b648a409245c7ea394c467824,cxa0af3165c08318e988cb30993b3048335b94af6c,cx21e94c08c03daee80c25d8ee3ea22a20786ec231,0x4cc7198c3d5d0299f,0x5c75d4ff34b0a8b3b9749097356e0916dac56e2c0e993930ae778815d13cd243,2,94186018,88.51870011781705,1741052817222071,Staked ICX,0.25856755,sICX,0,1,2025-03-04
cx88fd7df7ddff82f7cc735c871dc519838cb235bb,cx21e94c08c03daee80c25d8ee3ea22a20786ec231,cxa0af3165c08318e988cb30993b3048335b94af6c,0xb009a1d39e8dc000,0x5c75d4ff34b0a8b3b9749097356e0916dac56e2c0e993930ae778815d13cd243,1,94186018,12.684847755735975,1741052817222071,Balanced Dollar,0.25856755,bnUSD,0,1,2025-03-04
cx88fd7df7ddff82f7cc735c871dc519838cb235bb,hx7497c286aa521b09b2b54d78cde3fa4573c0e157,cx21e94c08c03daee80c25d8ee3ea22a20786ec231,0xb009a1d39e8dc000,0x5c75d4ff34b0a8b3b9749097356e0916dac56e2c0e993930ae778815d13cd243,0,94186018,12.684847755735975,1741052817222071,Balanced Dollar,0.25856755,bnUSD,0,1,2025-03-04
cx88fd7df7ddff82f7cc735c871dc519838cb235bb,cx21e94c08c03daee80c25d8ee3ea22a20786ec231,hx7497c286aa521b09b2b54d78cde3fa4573c0e157,0xc400863d7868a4a05,0xd23de0c635414b1e018ca294352a2e4ac077590a9485ba056454e59a20da3be5,13,94186015,225.97497648008203,1741052811455225,Balanced Dollar,0.2235214875,bnUSD,0,1,2025-03-04
cx88fd7df7ddff82f7cc735c871dc519838cb235bb,cxa0af3165c08318e988cb30993b3048335b94af6c,cx5faae53c4dbd1fbe4a2eb4aab6565030f10da5c6,0x4b506d9eb659ee4,0xd23de0c635414b1e018ca294352a2e4ac077590a9485ba056454e59a20da3be5,11,94186015,0.3391848799633159,1741052811455225,Balanced Dollar,0.2235214875,bnUSD,0,1,2025-03-04
cx88fd7df7ddff82f7cc735c871dc519838cb235bb,cxa0af3165c08318e988cb30993b3048335b94af6c,cx21e94c08c03daee80c25d8ee3ea22a20786ec231,0xc400863d7868a4a05,0xd23de0c635414b1e018ca294352a2e4ac077590a9485ba056454e59a20da3be5,10,94186015,225.97497648008203,1741052811455225,Balanced Dollar,0.2235214875,bnUSD,0,1,2025-03-04
cxf61cd5a45dc9f91c15aa65831a30a90d59a09619,cx21e94c08c03daee80c25d8ee3ea22a20786ec231,cxa0af3165c08318e988cb30993b3048335b94af6c,0x669b37d3e8cdaf38d2,0xd23de0c635414b1e018ca294352a2e4ac077590a9485ba056454e59a20da3be5,9,94186015,1892.752536714809,1741052811455225,Balance Token,0.2235214875,BALN,0,1,2025-03-04
cx2609b924e33ef00b648a409245c7ea394c467824,cxa0af3165c08318e988cb30993b3048335b94af6c,cx5faae53c4dbd1fbe4a2eb4aab6565030f10da5c6,0x20bb05bc953a9936,0xd23de0c635414b1e018ca294352a2e4ac077590a9485ba056454e59a20da3be5,7,94186015,2.3584851373742226,1741052811455225,Staked ICX,0.2235214875,sICX,0,1,2025-03-04
cxf61cd5a45dc9f91c15aa65831a30a90d59a09619,cxa0af3165c08318e988cb30993b3048335b94af6c,cx21e94c08c03daee80c25d8ee3ea22a20786ec231,0x669b37d3e8cdaf38d2,0xd23de0c635414b1e018ca294352a2e4ac077590a9485ba056454e59a20da3be5,6,94186015,1892.752536714809,1741052811455225,Balance Token,0.2235214875,BALN,0,1,2025-03-04
cx2609b924e33ef00b648a409245c7ea394c467824,cx21e94c08c03daee80c25d8ee3ea22a20786ec231,cxa0af3165c08318e988cb30993b3048335b94af6c,0x553c5ef06f4899a928,0xd23de0c635414b1e018ca294352a2e4ac077590a9485ba056454e59a20da3be5,5,94186015,1572.3234249161485,1741052811455225,Staked ICX,0.2235214875,sICX,0,1,2025-03-04
cx88fd7df7ddff82f7cc735c871dc519838cb235bb,cxa0af3165c08318e988cb30993b3048335b94af6c,cx5faae53c4dbd1fbe4a2eb4aab6565030f10da5c6,0x4b0650f41df0168,0xd23de0c635414b1e018ca294352a2e4ac077590a9485ba056454e59a20da3be5,3,94186015,0.33788108825683594,1741052811455225,Balanced Dollar,0.2235214875,bnUSD,0,1,2025-03-04
cx2609b924e33ef00b648a409245c7ea394c467824,cxa0af3165c08318e988cb30993b3048335b94af6c,cx21e94c08c03daee80c25d8ee3ea22a20786ec231,0x553c5ef06f4899a928,0xd23de0c635414b1e018ca294352a2e4ac077590a9485ba056454e59a20da3be5,2,94186015,1572.3234249161485,1741052811455225,Staked ICX,0.2235214875,sICX,0,1,2025-03-04
cx88fd7df7ddff82f7cc735c871dc519838cb235bb,cx21e94c08c03daee80c25d8ee3ea22a20786ec231,cxa0af3165c08318e988cb30993b3048335b94af6c,0xc36072d10df690000,0xd23de0c635414b1e018ca294352a2e4ac077590a9485ba056454e59a20da3be5,1,94186015,225.25405883789062,1741052811455225,Balanced Dollar,0.2235214875,bnUSD,0,1,2025-03-04
cx88fd7df7ddff82f7cc735c871dc519838cb235bb,hx7497c286aa521b09b2b54d78cde3fa4573c0e157,cx21e94c08c03daee80c25d8ee3ea22a20786ec231,0xc36072d10df690000,0xd23de0c635414b1e018ca294352a2e4ac077590a9485ba056454e59a20da3be5,0,94186015,225.25405883789062,1741052811455225,Balanced Dollar,0.2235214875,bnUSD,0,1,2025-03-04
cx88fd7df7ddff82f7cc735c871dc519838cb235bb,cxa0af3165c08318e988cb30993b3048335b94af6c,cx5faae53c4dbd1fbe4a2eb4aab6565030f10da5c6,0x67a5eb77988888,0x784a6009788331e3099b37ce8a65488fe1c77779c0f513280dcb3e0976ca0ae0,2,94186014,0.029174353343580296,1741052809360720,Balanced Dollar,0.0568802875,bnUSD,0,1,2025-03-04
cx88fd7df7ddff82f7cc735c871dc519838cb235bb,cxa0af3165c08318e988cb30993b3048335b94af6c,hx06efa9167ece33af37f7153dc53bce2775f812f2,0x10d227ca6afff51d6,0x784a6009788331e3099b37ce8a65488fe1c77779c0f513280dcb3e0976ca0ae0,1,94186014,19.393200000769937,1741052809360720,Balanced Dollar,0.0568802875,bnUSD,0,1,2025-03-04
cx4297f4b63262507623b6ad575d0d8dd2db980e4e,hx06efa9167ece33af37f7153dc53bce2775f812f2,cxa0af3165c08318e988cb30993b3048335b94af6c,0x170d3bdbad35cec0,0x784a6009788331e3099b37ce8a65488fe1c77779c0f513280dcb3e0976ca0ae0,0,94186014,1.6610496522594425,1741052809360720,Injective,0.0568802875,INJ,0,1,2025-03-04
cx88fd7df7ddff82f7cc735c871dc519838cb235bb,cxbf469921730ed3c3c8c1924fc482d369f8795fe2,hx385a695da4288bf7d70df14d1201e832c2bcf2a6,0x10d1963d3ddc240000,0x509ab7c9cbf123acd38cfd820a38d3b9492c0a798e52ce1a17607fa5320b0848,1,94186012,310.250230915682,1741052805272352,Balanced Dollar,0.0417486375,bnUSD,0,4,2025-03-04
cx88fd7df7ddff82f7cc735c871dc519838cb235bb,hx385a695da4288bf7d70df14d1201e832c2bcf2a6,cxbf469921730ed3c3c8c1924fc482d369f8795fe2,0x10d1963d3ddc240000,0x509ab7c9cbf123acd38cfd820a38d3b9492c0a798e52ce1a17607fa5320b0848,0,94186012,310.250230915682,1741052805272352,Balanced Dollar,0.0417486375,bnUSD,0,4,2025-03-04
cx88fd7df7ddff82f7cc735c871dc519838cb235bb,cxbf469921730ed3c3c8c1924fc482d369f8795fe2,hx385a695da4288bf7d70df14d1201e832c2bcf2a6,0xa89416eba68187b961,0x9db915d5df9250e65d7f583a9fbec96cbb3bff83bd61357561675f9eb64db738,13,94186012,3109.7239798506757,1741052805272352,Balanced Dollar,0.391014775,bnUSD,0,3,2025-03-04
cx2609b924e33ef00b648a409245c7ea394c467824,cx66d4d90f5f113eba575bf793570135f9b10cece1,cx835b300dcfe01f0bdb794e134a0c5628384f4367,0x7acbd8c994bc93137,0x9db915d5df9250e65d7f583a9fbec96cbb3bff83bd61357561675f9eb64db738,10,94186012,141.57446805111815,1741052805272352,Staked ICX,0.391014775,sICX,0,3,2025-03-04
cx88fd7df7ddff82f7cc735c871dc519838cb235bb,cxa0af3165c08318e988cb30993b3048335b94af6c,cx5faae53c4dbd1fbe4a2eb4aab6565030f10da5c6,0x29a99e5b91d5dec4,0x9db915d5df9250e65d7f583a9fbec96cbb3bff83bd61357561675f9eb64db738,6,94186012,3.0021047427450713,1741052805272352,Balanced Dollar,0.391014775,bnUSD,0,3,2025-03-04
cx88fd7df7ddff82f7cc735c871dc519838cb235bb,cxa0af3165c08318e988cb30993b3048335b94af6c,cxbf469921730ed3c3c8c1924fc482d369f8795fe2,0x6c6c11c31f000c5646,0x9db915d5df9250e65d7f583a9fbec96cbb3bff83bd61357561675f9eb64db738,5,94186012,2000.035579729244,1741052805272352,Balanced Dollar,0.391014775,bnUSD,0,3,2025-03-04
cx2609b924e33ef00b648a409245c7ea394c467824,cxbf469921730ed3c3c8c1924fc482d369f8795fe2,cxa0af3165c08318e988cb30993b3048335b94af6c,0x2f7cd4d5f484ece087e,0x9db915d5df9250e65d7f583a9fbec96cbb3bff83bd61357561675f9eb64db738,4,94186012,14015.872337060697,1741052805272352,Staked ICX,0.391014775,sICX,0,3,2025-03-04
cx2609b924e33ef00b648a409245c7ea394c467824,cx66d4d90f5f113eba575bf793570135f9b10cece1,cxbf469921730ed3c3c8c1924fc482d369f8795fe2,0x2f7cd4d5f484ece087e,0x9db915d5df9250e65d7f583a9fbec96cbb3bff83bd61357561675f9eb64db738,3,94186012,14015.872337060697,1741052805272352,Staked ICX,0.391014775,sICX,0,3,2025-03-04
cx88fd7df7ddff82f7cc735c871dc519838cb235bb,cxbf469921730ed3c3c8c1924fc482d369f8795fe2,hx0000000000000000000000000000000000000000,0x667957e0ca1a649ce5,0x9db915d5df9250e65d7f583a9fbec96cbb3bff83bd61357561675f9eb64db738,1,94186012,1890.3115998785681,1741052805272352,Balanced Dollar,0.391014775,bnUSD,0,3,2025-03-04
cx88fd7df7ddff82f7cc735c871dc519838cb235bb,hx385a695da4288bf7d70df14d1201e832c2bcf2a6,cxbf469921730ed3c3c8c1924fc482d369f8795fe2,0xa2a15d09519be00000,0x9db915d5df9250e65d7f583a9fbec96cbb3bff83bd61357561675f9eb64db738,0,94186012,3000.0,1741052805272352,Balanced Dollar,0.391014775,bnUSD,0,3,2025-03-04
cx4297f4b63262507623b6ad575d0d8dd2db980e4e,cx66d4d90f5f113eba575bf793570135f9b10cece1,cx835b300dcfe01f0bdb794e134a0c5628384f4367,0x3b9bc1928ec407,0x1de55c64f88048f5da5ba73dfe3d9e827013d38659dbbffad3ad3eaf71e8e8c0,3,94186012,0.016778279315751942,1741052805272352,Injective,0.09281075,INJ,0,1,2025-03-04
cx4297f4b63262507623b6ad575d0d8dd2db980e4e,cx66d4d90f5f113eba575bf793570135f9b10cece1,hx06efa9167ece33af37f7153dc53bce2775f812f2,0x170d3bdbad35cec0,0x1de55c64f88048f5da5ba73dfe3d9e827013d38659dbbffad3ad3eaf71e8e8c0,1,94186012,1.6610496522594425,1741052805272352,Injective,0.09281075,INJ,0,1,2025-03-04
cx88fd7df7ddff82f7cc735c871dc519838cb235bb,hx06efa9167ece33af37f7153dc53bce2775f812f2,hx0000000000000000000000000000000000000000,0xf39b7347078ea4fe,0x1de55c64f88048f5da5ba73dfe3d9e827013d38659dbbffad3ad3eaf71e8e8c0,0,94186012,17.5537507215133,1741052805272352,Balanced Dollar,0.09281075,bnUSD,0,1,2025-03-04
cx2609b924e33ef00b648a409245c7ea394c467824,cxa0af3165c08318e988cb30993b3048335b94af6c,hx247e7c6b63c63d5b04c539373a0fbcffbdedd358,0xb2569a70f82efb6239a,0xe3d9833506d8dec9943b261a1a6eecd4db9b0febbf90ba78e3433bce7c04003b,6,94186009,52636.17391304349,1741052799212338,Staked ICX,0.0582947625,sICX,0,1,2025-03-04
cx3975b43d260fb8ec802cef6e60c2f4d07486f11d,hx247e7c6b63c63d5b04c539373a0fbcffbdedd358,hx0000000000000000000000000000000000000000,0xea6b699e7a835d3eca0,0xe3d9833506d8dec9943b261a1a6eecd4db9b0febbf90ba78e3433bce7c04003b,3,94186009,69188.4480789068,1741052799212338,Wrapped ICX,0.0582947625,wICX,0,1,2025-03-04
cx3975b43d260fb8ec802cef6e60c2f4d07486f11d,cxa0af3165c08318e988cb30993b3048335b94af6c,hx247e7c6b63c63d5b04c539373a0fbcffbdedd358,0xea6b699e7a835d3eca0,0xe3d9833506d8dec9943b261a1a6eecd4db9b0febbf90ba78e3433bce7c04003b,2,94186009,69188.4480789068,1741052799212338,Wrapped ICX,0.0582947625,wICX,0,1,2025-03-04
cx88fd7df7ddff82f7cc735c871dc519838cb235bb,hxc0a2c4b422657ff499640f07606b1516e9935b9b,hx0000000000000000000000000000000000000000,0x3635c9adc5dea00000,0x1ac08ebd5ebc76025cafc88d65d01e87eef7f8cd40e60595d4d0265d56984c71,0,94185996,1000.0,1741052773207573,Balanced Dollar,0.0616544,bnUSD,0,1,2025-03-04
cx2609b924e33ef00b648a409245c7ea394c467824,hxa05ae08318ab23825b503fee416fa56e3235cbb8,cx66d4d90f5f113eba575bf793570135f9b10cece1,0x4aa2fc816e5c5f66913,0x810e9cd48480d3f2b3abfeb539d187153f4605ba977c0beba5d18e58f07a103a,1,94185992,22028.855451100455,1741052765379472,Staked ICX,0.1182092625,sICX,0,1,2025-03-04
cx88fd7df7ddff82f7cc735c871dc519838cb235bb,cxa0ffa71e76299fbc9005ba7000ccad86f7f22971,hxd75467e3e4ce64e3424c747dfb71503017440433,0x5f8737119b03bf463e,0x83b0b4d77f38eaf57afaf5dcbefd4a1962b17067252e18326a287c60903814ef,8,94185989,1762.1839626787273,1741052759339122,Balanced Dollar,0.1546807875,bnUSD,0,1,2025-03-04
cx508002ec116fbf3ab406329c0df28e70d7e75fb3,cx66d4d90f5f113eba575bf793570135f9b10cece1,cx835b300dcfe01f0bdb794e134a0c5628384f4367,0x2ccac35,0x83b0b4d77f38eaf57afaf5dcbefd4a1962b17067252e18326a287c60903814ef,5,94185989,0.046967861,1741052759339122,Sui,0.1546807875,SUI,0,1,2025-03-04
cx508002ec116fbf3ab406329c0df28e70d7e75fb3,cxa0ffa71e76299fbc9005ba7000ccad86f7f22971,hxd75467e3e4ce64e3424c747dfb71503017440433,0x1152698a2,0x83b0b4d77f38eaf57afaf5dcbefd4a1962b17067252e18326a287c60903814ef,3,94185989,4.649818274,1741052759339122,Sui,0.1546807875,SUI,0,1,2025-03-04
cx508002ec116fbf3ab406329c0df28e70d7e75fb3,cx66d4d90f5f113eba575bf793570135f9b10cece1,cxa0ffa71e76299fbc9005ba7000ccad86f7f22971,0x1152698a2,0x83b0b4d77f38eaf57afaf5dcbefd4a1962b17067252e18326a287c60903814ef,2,94185989,4.649818274,1741052759339122,Sui,0.1546807875,SUI,0,1,2025-03-04
cx88fd7df7ddff82f7cc735c871dc519838cb235bb,cxa0ffa71e76299fbc9005ba7000ccad86f7f22971,hx0000000000000000000000000000000000000000,0x991cdcd308acb9c2,0x83b0b4d77f38eaf57afaf5dcbefd4a1962b17067252e18326a287c60903814ef,1,94185989,11.032935986092621,1741052759339122,Balanced Dollar,0.1546807875,bnUSD,0,1,2025-03-04
cx88fd7df7ddff82f7cc735c871dc519838cb235bb,hxd75467e3e4ce64e3424c747dfb71503017440433,cxa0ffa71e76299fbc9005ba7000ccad86f7f22971,0x602053ee6e0c6c0000,0x83b0b4d77f38eaf57afaf5dcbefd4a1962b17067252e18326a287c60903814ef,0,94185989,1773.2168986648198,1741052759339122,Balanced Dollar,0.1546807875,bnUSD,0,1,2025-03-04
cx88fd7df7ddff82f7cc735c871dc519838cb235bb,cxbf469921730ed3c3c8c1924fc482d369f8795fe2,hx385a695da4288bf7d70df14d1201e832c2bcf2a6,0x991cdcd308acb800,0xd6b223d1d360d43b4ac786fd797777bbed9ef4773a7ee914a0309977fb656833,1,94185980,11.03293598609262,1741052741205997,Balanced Dollar,0.0439555,bnUSD,0,2,2025-03-04
cx88fd7df7ddff82f7cc735c871dc519838cb235bb,hx385a695da4288bf7d70df14d1201e832c2bcf2a6,cxbf469921730ed3c3c8c1924fc482d369f8795fe2,0x991cdcd308acb800,0xd6b223d1d360d43b4ac786fd797777bbed9ef4773a7ee914a0309977fb656833,0,94185980,11.03293598609262,1741052741205997,Balanced Dollar,0.0439555,bnUSD,0,2,2025-03-04
cx2609b924e33ef00b648a409245c7ea394c467824,hx588591cebc39ee08511ff780074eb5fd3e12bf36,hxa05ae08318ab23825b503fee416fa56e3235cbb8,0x4aa2fd359286e70778c,0x7f30e9ce12fabaf021d9321662b51920d4a916f5e6221cb3f012ac7aef578373,0,94185953,22028.85862017926,1741052687181221,Staked ICX,0.0191622375,sICX,0,1,2025-03-04
cx88fd7df7ddff82f7cc735c871dc519838cb235bb,cxa0af3165c08318e988cb30993b3048335b94af6c,cx5faae53c4dbd1fbe4a2eb4aab6565030f10da5c6,0x9ad50482e67317,0xdd3cdcdec29dabf4d19a91c461803b1deba50dc82f3d50211606b06be2e215be,2,94185952,0.043581361766167316,1741052685183302,Balanced Dollar,0.0568815375,bnUSD,0,1,2025-03-04
cx88fd7df7ddff82f7cc735c871dc519838cb235bb,cxa0af3165c08318e988cb30993b3048335b94af6c,hx06efa9167ece33af37f7153dc53bce2775f812f2,0x1920f6e4b7e5dcca9,0xdd3cdcdec29dabf4d19a91c461803b1deba50dc82f3d50211606b06be2e215be,1,94185952,28.97149619841937,1741052685183302,Balanced Dollar,0.0568815375,bnUSD,0,1,2025-03-04
cx4297f4b63262507623b6ad575d0d8dd2db980e4e,hx06efa9167ece33af37f7153dc53bce2775f812f2,cxa0af3165c08318e988cb30993b3048335b94af6c,0x226d9bae97983aab,0xdd3cdcdec29dabf4d19a91c461803b1deba50dc82f3d50211606b06be2e215be,0,94185952,2.480810143920962,1741052685183302,Injective,0.0568815375,INJ,0,1,2025-03-04
cx88fd7df7ddff82f7cc735c871dc519838cb235bb,cxbf469921730ed3c3c8c1924fc482d369f8795fe2,hx385a695da4288bf7d70df14d1201e832c2bcf2a6,0x123f9d64c723890000,0xa8146d128401d75ffb4e3380efd4ebd64929c293f959ac2c76bf1dbb40e48223,1,94185950,336.6253241289624,1741052681354441,Balanced Dollar,0.0417486375,bnUSD,0,2,2025-03-04
cx88fd7df7ddff82f7cc735c871dc519838cb235bb,hx385a695da4288bf7d70df14d1201e832c2bcf2a6,cxbf469921730ed3c3c8c1924fc482d369f8795fe2,0x123f9d64c723890000,0xa8146d128401d75ffb4e3380efd4ebd64929c293f959ac2c76bf1dbb40e48223,0,94185950,336.6253241289624,1741052681354441,Balanced Dollar,0.0417486375,bnUSD,0,2,2025-03-04
cx4297f4b63262507623b6ad575d0d8dd2db980e4e,cx66d4d90f5f113eba575bf793570135f9b10cece1,cx835b300dcfe01f0bdb794e134a0c5628384f4367,0x5906be87fef3a9,0xd0e10d3fe913f7bdd7009ef32c58808bae1685ca0d215caa8fcbe5442df1baba,3,94185950,0.02505868832243396,1741052681354441,Injective,0.09281075,INJ,0,1,2025-03-04
cx4297f4b63262507623b6ad575d0d8dd2db980e4e,cx66d4d90f5f113eba575bf793570135f9b10cece1,hx06efa9167ece33af37f7153dc53bce2775f812f2,0x226d9bae97983aab,0xd0e10d3fe913f7bdd7009ef32c58808bae1685ca0d215caa8fcbe5442df1baba,1,94185950,2.480810143920962,1741052681354441,Injective,0.09281075,INJ,0,1,2025-03-04
cx88fd7df7ddff82f7cc735c871dc519838cb235bb,hx06efa9167ece33af37f7153dc53bce2775f812f2,hx0000000000000000000000000000000000000000,0x16e074002d63f4bfb,0xd0e10d3fe913f7bdd7009ef32c58808bae1685ca0d215caa8fcbe5442df1baba,0,94185950,26.375120123647182,1741052681354441,Balanced Dollar,0.09281075,bnUSD,0,1,2025-03-04
cxf61cd5a45dc9f91c15aa65831a30a90d59a09619,cx9345f80d6c98357ccbb70392b14162199c2c5f66,cxd82fb5d3effecd8c9071a4bba3856ad7222c4b91,0x176daca8047ed30,0x5fe84df20c970d4eb38a849232a3200e6230e24a72940d2ad56035d4ea51cf67,4,94185934,0.10551220456023173,1741052649172588,Balance Token,0.1302356125,BALN,0,1,2025-03-04
cx2609b924e33ef00b648a409245c7ea394c467824,cx9345f80d6c98357ccbb70392b14162199c2c5f66,cxd82fb5d3effecd8c9071a4bba3856ad7222c4b91,0x19c57e58b2c6a879,0x5fe84df20c970d4eb38a849232a3200e6230e24a72940d2ad56035d4ea51cf67,3,94185934,1.857029340781783,1741052649172588,Staked ICX,0.1302356125,sICX,0,1,2025-03-04
cx88fd7df7ddff82f7cc735c871dc519838cb235bb,hx0000000000000000000000000000000000000000,cx5faae53c4dbd1fbe4a2eb4aab6565030f10da5c6,0x0,0x5fe84df20c970d4eb38a849232a3200e6230e24a72940d2ad56035d4ea51cf67,2,94185934,0.0,1741052649172588,Balanced Dollar,0.1302356125,bnUSD,0,1,2025-03-04
cx88fd7df7ddff82f7cc735c871dc519838cb235bb,hx0000000000000000000000000000000000000000,cxd82fb5d3effecd8c9071a4bba3856ad7222c4b91,0x42bc29a9a303bb4,0x5fe84df20c970d4eb38a849232a3200e6230e24a72940d2ad56035d4ea51cf67,1,94185934,0.30054776941787437,1741052649172588,Balanced Dollar,0.1302356125,bnUSD,0,1,2025-03-04
cx88fd7df7ddff82f7cc735c871dc519838cb235bb,hxc1718c79947e0f673296218b5b23adbd9a3b38a8,cxd82fb5d3effecd8c9071a4bba3856ad7222c4b91,0x1d3fc5b50f41e20000,0x5fe84df20c970d4eb38a849232a3200e6230e24a72940d2ad56035d4ea51cf67,0,94185934,539.550856209513,1741052649172588,Balanced Dollar,0.1302356125,bnUSD,0,1,2025-03-04
cx88fd7df7ddff82f7cc735c871dc519838cb235bb,cxa0af3165c08318e988cb30993b3048335b94af6c,cx5faae53c4dbd1fbe4a2eb4aab6565030f10da5c6,0xb467edd576aa655,0xdcd36628ce2580ef66dffd95fbe2312b37ca6bd53fd9fa8ca88c9ddc4e28ee8b,2,94185931,0.8124762719064326,1741052643173391,Balanced Dollar,0.0705769875,bnUSD,0,1,2025-03-04
cx88fd7df7ddff82f7cc735c871dc519838cb235bb,cxa0af3165c08318e988cb30993b3048335b94af6c,hxc1718c79947e0f673296218b5b23adbd9a3b38a8,0x1d4b0f12118b6bc736,0xdcd36628ce2580ef66dffd95fbe2312b37ca6bd53fd9fa8ca88c9ddc4e28ee8b,1,94185931,540.364139681635,1741052643173391,Balanced Dollar,0.0705769875,bnUSD,0,1,2025-03-04
cx2609b924e33ef00b648a409245c7ea394c467824,hxc1718c79947e0f673296218b5b23adbd9a3b38a8,cxa0af3165c08318e988cb30993b3048335b94af6c,0xccada84aa63c400000,0xdcd36628ce2580ef66dffd95fbe2312b37ca6bd53fd9fa8ca88c9ddc4e28ee8b,0,94185931,3775.6491246792334,1741052643173391,Staked ICX,0.0705769875,sICX,0,1,2025-03-04
cx88fd7df7ddff82f7cc735c871dc519838cb235bb,cxa0af3165c08318e988cb30993b3048335b94af6c,cx5faae53c4dbd1fbe4a2eb4aab6565030f10da5c6,0x1fdfd6b8bb2a2e,0xf6acbaf7a9daa9f43b5061d48f6e10e536eb3c0ac385e2fc1d2de29b454e9c6c,2,94185919,0.008971837593299501,1741052619253952,Balanced Dollar,0.056862925,bnUSD,0,1,2025-03-04
cx88fd7df7ddff82f7cc735c871dc519838cb235bb,cxa0af3165c08318e988cb30993b3048335b94af6c,hx06efa9167ece33af37f7153dc53bce2775f812f2,0x52c27f0f3bc567a7,0xf6acbaf7a9daa9f43b5061d48f6e10e536eb3c0ac385e2fc1d2de29b454e9c6c,1,94185919,5.963468559995988,1741052619253952,Balanced Dollar,0.056862925,bnUSD,0,1,2025-03-04
cx4297f4b63262507623b6ad575d0d8dd2db980e4e,hx06efa9167ece33af37f7153dc53bce2775f812f2,cxa0af3165c08318e988cb30993b3048335b94af6c,0x715da57f9af320d,0xf6acbaf7a9daa9f43b5061d48f6e10e536eb3c0ac385e2fc1d2de29b454e9c6c,0,94185919,0.5105542041624377,1741052619253952,Injective,0.056862925,INJ,0,1,2025-03-04
cx88fd7df7ddff82f7cc735c871dc519838cb235bb,cxbf469921730ed3c3c8c1924fc482d369f8795fe2,hx385a695da4288bf7d70df14d1201e832c2bcf2a6,0x128b933964b0b60000,0x3011e5b1efa132d0be11c2dca8b3839c563b442d7ce23d08748b2870313d5618,1,94185917,342.0988388242446,1741052615309969,Balanced Dollar,0.0417486375,bnUSD,0,2,2025-03-04
cx88fd7df7ddff82f7cc735c871dc519838cb235bb,hx385a695da4288bf7d70df14d1201e832c2bcf2a6,cxbf469921730ed3c3c8c1924fc482d369f8795fe2,0x128b933964b0b60000,0x3011e5b1efa132d0be11c2dca8b3839c563b442d7ce23d08748b2870313d5618,0,94185917,342.0988388242446,1741052615309969,Balanced Dollar,0.0417486375,bnUSD,0,2,2025-03-04
cx4297f4b63262507623b6ad575d0d8dd2db980e4e,cx66d4d90f5f113eba575bf793570135f9b10cece1,cx835b300dcfe01f0bdb794e134a0c5628384f4367,0x12525dfac3b584,0xbc2ca47346a93ff59d25458fefcdababd4f903f1598d2ce44f4ad809843b69e7,3,94185917,0.005157113173357956,1741052615309969,Injective,0.09280275,INJ,0,1,2025-03-04
cx4297f4b63262507623b6ad575d0d8dd2db980e4e,cx66d4d90f5f113eba575bf793570135f9b10cece1,hx06efa9167ece33af37f7153dc53bce2775f812f2,0x715da57f9af320d,0xbc2ca47346a93ff59d25458fefcdababd4f903f1598d2ce44f4ad809843b69e7,1,94185917,0.5105542041624377,1741052615309969,Injective,0.09280275,INJ,0,1,2025-03-04
cx88fd7df7ddff82f7cc735c871dc519838cb235bb,hx06efa9167ece33af37f7153dc53bce2775f812f2,hx0000000000000000000000000000000000000000,0x4bf5d49d8d2d2361,0xbc2ca47346a93ff59d25458fefcdababd4f903f1598d2ce44f4ad809843b69e7,0,94185917,5.473514695282206,1741052615309969,Balanced Dollar,0.09280275,bnUSD,0,1,2025-03-04
cx16f3cb9f09f5cdd902cf07aa752c8b3bd1bc9609,cx21e94c08c03daee80c25d8ee3ea22a20786ec231,hx0000000000000000000000000000000000000000,0x3d8a9d51,0xfd5fd0803a232fe9353084b3e59675eb99df765811421e3760caa5cc255a3294,13,94185914,1032.494417,1741052609287745,Tether USD,0.1693933875,USDT,0,1,2025-03-04
cx16f3cb9f09f5cdd902cf07aa752c8b3bd1bc9609,cxa09dbb60dcb62fffbd232b6eae132d730a2aafa6,cx21e94c08c03daee80c25d8ee3ea22a20786ec231,0x3d8a9d51,0xfd5fd0803a232fe9353084b3e59675eb99df765811421e3760caa5cc255a3294,10,94185914,1032.494417,1741052609287745,Tether USD,0.1693933875,USDT,0,1,2025-03-04
cx88fd7df7ddff82f7cc735c871dc519838cb235bb,cxa09dbb60dcb62fffbd232b6eae132d730a2aafa6,cx5faae53c4dbd1fbe4a2eb4aab6565030f10da5c6,0x2b1d9578bae85b0d,0xfd5fd0803a232fe9353084b3e59675eb99df765811421e3760caa5cc255a3294,9,94185914,3.1068036637199143,1741052609287745,Balanced Dollar,0.1693933875,bnUSD,0,1,2025-03-04
cx88fd7df7ddff82f7cc735c871dc519838cb235bb,cxa09dbb60dcb62fffbd232b6eae132d730a2aafa6,hx0000000000000000000000000000000000000000,0x37f8bd0a654e4e33c0,0xfd5fd0803a232fe9353084b3e59675eb99df765811421e3760caa5cc255a3294,8,94185914,1032.4944175762514,1741052609287745,Balanced Dollar,0.1693933875,bnUSD,0,1,2025-03-04
cx88fd7df7ddff82f7cc735c871dc519838cb235bb,cx21e94c08c03daee80c25d8ee3ea22a20786ec231,cxa09dbb60dcb62fffbd232b6eae132d730a2aafa6,0x3823da9fde09368ecd,0xfd5fd0803a232fe9353084b3e59675eb99df765811421e3760caa5cc255a3294,7,94185914,1035.6012212399714,1741052609287745,Balanced Dollar,0.1693933875,bnUSD,0,1,2025-03-04
cx88fd7df7ddff82f7cc735c871dc519838cb235bb,cxa0af3165c08318e988cb30993b3048335b94af6c,cx5faae53c4dbd1fbe4a2eb4aab6565030f10da5c6,0x1586e80a30c814b0,0xfd5fd0803a232fe9353084b3e59675eb99df765811421e3760caa5cc255a3294,5,94185914,1.5511822521414504,1741052609287745,Balanced Dollar,0.1693933875,bnUSD,0,1,2025-03-04
cx88fd7df7ddff82f7cc735c871dc519838cb235bb,cxa0af3165c08318e988cb30993b3048335b94af6c,cx21e94c08c03daee80c25d8ee3ea22a20786ec231,0x3823da9fde09368ecd,0xfd5fd0803a232fe9353084b3e59675eb99df765811421e3760caa5cc255a3294,4,94185914,1035.6012212399714,1741052609287745,Balanced Dollar,0.1693933875,bnUSD,0,1,2025-03-04
cx508002ec116fbf3ab406329c0df28e70d7e75fb3,cx21e94c08c03daee80c25d8ee3ea22a20786ec231,cxa0af3165c08318e988cb30993b3048335b94af6c,0x5d5d766a00,0xfd5fd0803a232fe9353084b3e59675eb99df765811421e3760caa5cc255a3294,3,94185914,401.0,1741052609287745,Sui,0.1693933875,SUI,0,1,2025-03-04
cx508002ec116fbf3ab406329c0df28e70d7e75fb3,hx0000000000000000000000000000000000000000,cx21e94c08c03daee80c25d8ee3ea22a20786ec231,0x5d5d766a00,0xfd5fd0803a232fe9353084b3e59675eb99df765811421e3760caa5cc255a3294,1,94185914,401.0,1741052609287745,Sui,0.1693933875,SUI,0,1,2025-03-04
cx88fd7df7ddff82f7cc735c871dc519838cb235bb,hxc0a2c4b422657ff499640f07606b1516e9935b9b,hx0000000000000000000000000000000000000000,0x1b1ae4d6e2ef500000,0x0efbafb0214f7d69cb8d073de267e3b983547ed1e5347e7d03b16fda7ad9042a,0,94185902,500.0,1741052585144000,Balanced Dollar,0.0617110625,bnUSD,0,1,2025-03-04
cx88fd7df7ddff82f7cc735c871dc519838cb235bb,hxc0a2c4b422657ff499640f07606b1516e9935b9b,hx0000000000000000000000000000000000000000,0x1043561a8829300000,0x33e117ab5b6151b995685004f7746d2ce3e33942c15130dd89a165d0dc6d997f,0,94185889,300.0,1741052559275955,Balanced Dollar,0.061710725,bnUSD,0,2,2025-03-04
cx88fd7df7ddff82f7cc735c871dc519838cb235bb,cxa0af3165c08318e988cb30993b3048335b94af6c,cx5faae53c4dbd1fbe4a2eb4aab6565030f10da5c6,0xa5613a953f9a75,0xe326921e0d3c82cf229226641e05dd451e8ff80038a70636df144e70b6b744e8,2,94185889,0.046550275397229175,1741052559275955,Balanced Dollar,0.0568815375,bnUSD,0,1,2025-03-04
cx88fd7df7ddff82f7cc735c871dc519838cb235bb,cxa0af3165c08318e988cb30993b3048335b94af6c,hx06efa9167ece33af37f7153dc53bce2775f812f2,0x1ad7457f70813b57c,0xe326921e0d3c82cf229226641e05dd451e8ff80038a70636df144e70b6b744e8,1,94185889,30.94545565807357,1741052559275955,Balanced Dollar,0.0568815375,bnUSD,0,1,2025-03-04
cx4297f4b63262507623b6ad575d0d8dd2db980e4e,hx06efa9167ece33af37f7153dc53bce2775f812f2,cxa0af3165c08318e988cb30993b3048335b94af6c,0x24c290071e30b26d,0xe326921e0d3c82cf229226641e05dd451e8ff80038a70636df144e70b6b744e8,0,94185889,2.6488378910929518,1741052559275955,Injective,0.0568815375,INJ,0,1,2025-03-04
cx88fd7df7ddff82f7cc735c871dc519838cb235bb,cxbf469921730ed3c3c8c1924fc482d369f8795fe2,hx385a695da4288bf7d70df14d1201e832c2bcf2a6,0x141656c90c540a0000,0xbdb3c3e28fa4bbb47850d119497288f508a8bf1d69a27e43dd299b00b6c7db5d,1,94185887,370.5445764458093,1741052555187874,Balanced Dollar,0.0417486375,bnUSD,0,2,2025-03-04
cx88fd7df7ddff82f7cc735c871dc519838cb235bb,hx385a695da4288bf7d70df14d1201e832c2bcf2a6,cxbf469921730ed3c3c8c1924fc482d369f8795fe2,0x141656c90c540a0000,0xbdb3c3e28fa4bbb47850d119497288f508a8bf1d69a27e43dd299b00b6c7db5d,0,94185887,370.5445764458093,1741052555187874,Balanced Dollar,0.0417486375,bnUSD,0,2,2025-03-04
cx4297f4b63262507623b6ad575d0d8dd2db980e4e,cx66d4d90f5f113eba575bf793570135f9b10cece1,cx835b300dcfe01f0bdb794e134a0c5628384f4367,0x5f0e6255a366a6,0x3c8ceb5c7ffc0a63fc50c4c2acffae43f3f7f83d466915b7c2efc81b4f15200d,3,94185887,0.026755938293868197,1741052555187874,Injective,0.09281075,INJ,0,1,2025-03-04
cx4297f4b63262507623b6ad575d0d8dd2db980e4e,cx66d4d90f5f113eba575bf793570135f9b10cece1,hx06efa9167ece33af37f7153dc53bce2775f812f2,0x24c290071e30b26d,0x3c8ceb5c7ffc0a63fc50c4c2acffae43f3f7f83d466915b7c2efc81b4f15200d,1,94185887,2.6488378910929518,1741052555187874,Injective,0.09281075,INJ,0,1,2025-03-04
cx88fd7df7ddff82f7cc735c871dc519838cb235bb,hx06efa9167ece33af37f7153dc53bce2775f812f2,hx0000000000000000000000000000000000000000,0x18ac3961104f432f2,0x3c8ceb5c7ffc0a63fc50c4c2acffae43f3f7f83d466915b7c2efc81b4f15200d,0,94185887,28.445744671243908,1741052555187874,Balanced Dollar,0.09281075,bnUSD,0,1,2025-03-04
cxf61cd5a45dc9f91c15aa65831a30a90d59a09619,cx9345f80d6c98357ccbb70392b14162199c2c5f66,cxd82fb5d3effecd8c9071a4bba3856ad7222c4b91,0x4173686fcb8af0,0x7b473e7ecbdb9f810f60a180e4b2e0231972de6e53ff311e0a6089a738c0aaf1,4,94185871,0.018422765875596016,1741052523120674,Balance Token,0.1302212375,BALN,0,1,2025-03-04
cx2609b924e33ef00b648a409245c7ea394c467824,cx9345f80d6c98357ccbb70392b14162199c2c5f66,cxd82fb5d3effecd8c9071a4bba3856ad7222c4b91,0x47ff17d3388460d,0x7b473e7ecbdb9f810f60a180e4b2e0231972de6e53ff311e0a6089a738c0aaf1,3,94185871,0.3242432182317399,1741052523120674,Staked ICX,0.1302212375,sICX,0,1,2025-03-04
cx88fd7df7ddff82f7cc735c871dc519838cb235bb,hx0000000000000000000000000000000000000000,cx5faae53c4dbd1fbe4a2eb4aab6565030f10da5c6,0x0,0x7b473e7ecbdb9f810f60a180e4b2e0231972de6e53ff311e0a6089a738c0aaf1,2,94185871,0.0,1741052523120674,Balanced Dollar,0.1302212375,bnUSD,0,1,2025-03-04
cx88fd7df7ddff82f7cc735c871dc519838cb235bb,hx0000000000000000000000000000000000000000,cxd82fb5d3effecd8c9071a4bba3856ad7222c4b91,0xba732924f5c332,0x7b473e7ecbdb9f810f60a180e4b2e0231972de6e53ff311e0a6089a738c0aaf1,1,94185871,0.05248096621912146,1741052523120674,Balanced Dollar,0.1302212375,bnUSD,0,1,2025-03-04
cx88fd7df7ddff82f7cc735c871dc519838cb235bb,hxc1718c79947e0f673296218b5b23adbd9a3b38a8,cxd82fb5d3effecd8c9071a4bba3856ad7222c4b91,0x1d46c45c2db3550000,0x7b473e7ecbdb9f810f60a180e4b2e0231972de6e53ff311e0a6089a738c0aaf1,0,94185871,540.0548801670192,1741052523120674,Balanced Dollar,0.1302212375,bnUSD,0,1,2025-03-04
cx88fd7df7ddff82f7cc735c871dc519838cb235bb,cxa0af3165c08318e988cb30993b3048335b94af6c,cx5faae53c4dbd1fbe4a2eb4aab6565030f10da5c6,0xb4a1c21a5ac2076,0xd8efa2696f248051cb9cddd2a6c4107bc19828b9099b1ba773d57afb85432cd4,2,94185869,0.8134936135328155,1741052519225994,Balanced Dollar,0.0705809875,bnUSD,0,1,2025-03-04
cx88fd7df7ddff82f7cc735c871dc519838cb235bb,cxa0af3165c08318e988cb30993b3048335b94af6c,hxc1718c79947e0f673296218b5b23adbd9a3b38a8,0x1d5473a653f59144fd,0xd8efa2696f248051cb9cddd2a6c4107bc19828b9099b1ba773d57afb85432cd4,1,94185869,541.0409685386171,1741052519225994,Balanced Dollar,0.0705809875,bnUSD,0,1,2025-03-04
cx2609b924e33ef00b648a409245c7ea394c467824,hxc1718c79947e0f673296218b5b23adbd9a3b38a8,cxa0af3165c08318e988cb30993b3048335b94af6c,0xccada84aa63c400000,0xd8efa2696f248051cb9cddd2a6c4107bc19828b9099b1ba773d57afb85432cd4,0,94185869,3775.6491246792334,1741052519225994,Staked ICX,0.0705809875,sICX,0,1,2025-03-04
cx16f3cb9f09f5cdd902cf07aa752c8b3bd1bc9609,cx21e94c08c03daee80c25d8ee3ea22a20786ec231,hx0000000000000000000000000000000000000000,0x3dc789dc,0xa15dab795f6ce2385859a4ee60adc36ee3192ce0354ff1b913201668ad36e2c3,13,94185862,1036.487132,1741052505171324,Tether USD,0.1693973875,USDT,0,1,2025-03-04
cx16f3cb9f09f5cdd902cf07aa752c8b3bd1bc9609,cxa09dbb60dcb62fffbd232b6eae132d730a2aafa6,cx21e94c08c03daee80c25d8ee3ea22a20786ec231,0x3dc789dc,0xa15dab795f6ce2385859a4ee60adc36ee3192ce0354ff1b913201668ad36e2c3,10,94185862,1036.487132,1741052505171324,Tether USD,0.1693973875,USDT,0,1,2025-03-04
cx88fd7df7ddff82f7cc735c871dc519838cb235bb,cxa09dbb60dcb62fffbd232b6eae132d730a2aafa6,cx5faae53c4dbd1fbe4a2eb4aab6565030f10da5c6,0x2b48444fc38f436e,0xa15dab795f6ce2385859a4ee60adc36ee3192ce0354ff1b913201668ad36e2c3,9,94185862,3.1188178513281195,1741052505171324,Balanced Dollar,0.1693973875,bnUSD,0,1,2025-03-04
cx88fd7df7ddff82f7cc735c871dc519838cb235bb,cxa09dbb60dcb62fffbd232b6eae132d730a2aafa6,hx0000000000000000000000000000000000000000,0x383026038c34508949,0xa15dab795f6ce2385859a4ee60adc36ee3192ce0354ff1b913201668ad36e2c3,8,94185862,1036.4871325913784,1741052505171324,Balanced Dollar,0.1693973875,bnUSD,0,1,2025-03-04
cx88fd7df7ddff82f7cc735c871dc519838cb235bb,cx21e94c08c03daee80c25d8ee3ea22a20786ec231,cxa09dbb60dcb62fffbd232b6eae132d730a2aafa6,0x385b6e47dbf7dfccb7,0xa15dab795f6ce2385859a4ee60adc36ee3192ce0354ff1b913201668ad36e2c3,7,94185862,1039.6059504427064,1741052505171324,Balanced Dollar,0.1693973875,bnUSD,0,1,2025-03-04
cx88fd7df7ddff82f7cc735c871dc519838cb235bb,cxa0af3165c08318e988cb30993b3048335b94af6c,cx5faae53c4dbd1fbe4a2eb4aab6565030f10da5c6,0x159c3b366751e1ab,0xa15dab795f6ce2385859a4ee60adc36ee3192ce0354ff1b913201668ad36e2c3,5,94185862,1.5571846760110413,1741052505171324,Balanced Dollar,0.1693973875,bnUSD,0,1,2025-03-04
cx88fd7df7ddff82f7cc735c871dc519838cb235bb,cxa0af3165c08318e988cb30993b3048335b94af6c,cx21e94c08c03daee80c25d8ee3ea22a20786ec231,0x385b6e47dbf7dfccb7,0xa15dab795f6ce2385859a4ee60adc36ee3192ce0354ff1b913201668ad36e2c3,4,94185862,1039.6059504427064,1741052505171324,Balanced Dollar,0.1693973875,bnUSD,0,1,2025-03-04
cx508002ec116fbf3ab406329c0df28e70d7e75fb3,cx21e94c08c03daee80c25d8ee3ea22a20786ec231,cxa0af3165c08318e988cb30993b3048335b94af6c,0x5ce640d600,0xa15dab795f6ce2385859a4ee60adc36ee3192ce0354ff1b913201668ad36e2c3,3,94185862,399.0,1741052505171324,Sui,0.1693973875,SUI,0,1,2025-03-04
cx508002ec116fbf3ab406329c0df28e70d7e75fb3,hx0000000000000000000000000000000000000000,cx21e94c08c03daee80c25d8ee3ea22a20786ec231,0x5ce640d600,0xa15dab795f6ce2385859a4ee60adc36ee3192ce0354ff1b913201668ad36e2c3,1,94185862,399.0,1741052505171324,Sui,0.1693973875,SUI,0,1,2025-03-04
cxf61cd5a45dc9f91c15aa65831a30a90d59a09619,cx9345f80d6c98357ccbb70392b14162199c2c5f66,cxd82fb5d3effecd8c9071a4bba3856ad7222c4b91,0x17cce028a71b40,0xe4561e46c50685319aea84d005b4021e95970085d10ad56822a7308f3307cb8a,4,94185860,0.006699187591125824,1741052501114657,Balance Token,0.13021605,BALN,0,1,2025-03-04
cx2609b924e33ef00b648a409245c7ea394c467824,cx9345f80d6c98357ccbb70392b14162199c2c5f66,cxd82fb5d3effecd8c9071a4bba3856ad7222c4b91,0x1a2e373588ea51c,0xe4561e46c50685319aea84d005b4021e95970085d10ad56822a7308f3307cb8a,3,94185860,0.1179066248115418,1741052501114657,Staked ICX,0.13021605,sICX,0,1,2025-03-04
cx88fd7df7ddff82f7cc735c871dc519838cb235bb,hx0000000000000000000000000000000000000000,cx5faae53c4dbd1fbe4a2eb4aab6565030f10da5c6,0x0,0xe4561e46c50685319aea84d005b4021e95970085d10ad56822a7308f3307cb8a,2,94185860,0.0,1741052501114657,Balanced Dollar,0.13021605,bnUSD,0,1,2025-03-04
cx88fd7df7ddff82f7cc735c871dc519838cb235bb,hx0000000000000000000000000000000000000000,cxd82fb5d3effecd8c9071a4bba3856ad7222c4b91,0x43b8a1094c7c75,0xe4561e46c50685319aea84d005b4021e95970085d10ad56822a7308f3307cb8a,1,94185860,0.01906182522486693,1741052501114657,Balanced Dollar,0.13021605,bnUSD,0,1,2025-03-04
cx88fd7df7ddff82f7cc735c871dc519838cb235bb,hxc1718c79947e0f673296218b5b23adbd9a3b38a8,cxd82fb5d3effecd8c9071a4bba3856ad7222c4b91,0x1d54bacf21fa0a0000,0xe4561e46c50685319aea84d005b4021e95970085d10ad56822a7308f3307cb8a,0,94185860,541.060998127267,1741052501114657,Balanced Dollar,0.13021605,bnUSD,0,1,2025-03-04
cx88fd7df7ddff82f7cc735c871dc519838cb235bb,cx21e94c08c03daee80c25d8ee3ea22a20786ec231,hx7497c286aa521b09b2b54d78cde3fa4573c0e157,0x6e21c45e0711c4a00,0x4c4b207f44a334e7f698744f738c43397ca55609b161aeb05f5a0dd726254455,13,94185859,126.97343882444959,1741052499114608,Balanced Dollar,0.223515925,bnUSD,0,2,2025-03-04
cx88fd7df7ddff82f7cc735c871dc519838cb235bb,cxa0af3165c08318e988cb30993b3048335b94af6c,cx5faae53c4dbd1fbe4a2eb4aab6565030f10da5c6,0x2a5cb06e307e0d2,0x4c4b207f44a334e7f698744f738c43397ca55609b161aeb05f5a0dd726254455,11,94185859,0.19078178967230075,1741052499114608,Balanced Dollar,0.223515925,bnUSD,0,2,2025-03-04
cx88fd7df7ddff82f7cc735c871dc519838cb235bb,cxa0af3165c08318e988cb30993b3048335b94af6c,cx21e94c08c03daee80c25d8ee3ea22a20786ec231,0x6e21c45e0711c4a00,0x4c4b207f44a334e7f698744f738c43397ca55609b161aeb05f5a0dd726254455,10,94185859,126.97343882444959,1741052499114608,Balanced Dollar,0.223515925,bnUSD,0,2,2025-03-04
cxf61cd5a45dc9f91c15aa65831a30a90d59a09619,cx21e94c08c03daee80c25d8ee3ea22a20786ec231,cxa0af3165c08318e988cb30993b3048335b94af6c,0x397165dc5bab8ade8b,0x4c4b207f44a334e7f698744f738c43397ca55609b161aeb05f5a0dd726254455,9,94185859,1059.6355915866561,1741052499114608,Balance Token,0.223515925,BALN,0,2,2025-03-04
cx2609b924e33ef00b648a409245c7ea394c467824,cxa0af3165c08318e988cb30993b3048335b94af6c,cx5faae53c4dbd1fbe4a2eb4aab6565030f10da5c6,0x12498f39f7f2f94b,0x4c4b207f44a334e7f698744f738c43397ca55609b161aeb05f5a0dd726254455,7,94185859,1.3177418451183844,1741052499114608,Staked ICX,0.223515925,sICX,0,2,2025-03-04
cxf61cd5a45dc9f91c15aa65831a30a90d59a09619,cxa0af3165c08318e988cb30993b3048335b94af6c,cx21e94c08c03daee80c25d8ee3ea22a20786ec231,0x397165dc5bab8ade8b,0x4c4b207f44a334e7f698744f738c43397ca55609b161aeb05f5a0dd726254455,6,94185859,1059.6355915866561,1741052499114608,Balance Token,0.223515925,BALN,0,2,2025-03-04
cx2609b924e33ef00b648a409245c7ea394c467824,cx21e94c08c03daee80c25d8ee3ea22a20786ec231,cxa0af3165c08318e988cb30993b3048335b94af6c,0x2f9f8fa6f5b36935e2,0x4c4b207f44a334e7f698744f738c43397ca55609b161aeb05f5a0dd726254455,5,94185859,878.4945634122563,1741052499114608,Staked ICX,0.223515925,sICX,0,2,2025-03-04
cx88fd7df7ddff82f7cc735c871dc519838cb235bb,cxa0af3165c08318e988cb30993b3048335b94af6c,cx5faae53c4dbd1fbe4a2eb4aab6565030f10da5c6,0x2a338d8950d70c4,0x4c4b207f44a334e7f698744f738c43397ca55609b161aeb05f5a0dd726254455,3,94185859,0.19005811214447021,1741052499114608,Balanced Dollar,0.223515925,bnUSD,0,2,2025-03-04
cx2609b924e33ef00b648a409245c7ea394c467824,cxa0af3165c08318e988cb30993b3048335b94af6c,cx21e94c08c03daee80c25d8ee3ea22a20786ec231,0x2f9f8fa6f5b36935e2,0x4c4b207f44a334e7f698744f738c43397ca55609b161aeb05f5a0dd726254455,2,94185859,878.4945634122563,1741052499114608,Staked ICX,0.223515925,sICX,0,2,2025-03-04
cx88fd7df7ddff82f7cc735c871dc519838cb235bb,cx21e94c08c03daee80c25d8ee3ea22a20786ec231,cxa0af3165c08318e988cb30993b3048335b94af6c,0x6de6409597dab0000,0x4c4b207f44a334e7f698744f738c43397ca55609b161aeb05f5a0dd726254455,1,94185859,126.70540809631348,1741052499114608,Balanced Dollar,0.223515925,bnUSD,0,2,2025-03-04
cx88fd7df7ddff82f7cc735c871dc519838cb235bb,hx7497c286aa521b09b2b54d78cde3fa4573c0e157,cx21e94c08c03daee80c25d8ee3ea22a20786ec231,0x6de6409597dab0000,0x4c4b207f44a334e7f698744f738c43397ca55609b161aeb05f5a0dd726254455,0,94185859,126.70540809631348,1741052499114608,Balanced Dollar,0.223515925,bnUSD,0,2,2025-03-04
cx88fd7df7ddff82f7cc735c871dc519838cb235bb,cxa0af3165c08318e988cb30993b3048335b94af6c,cx5faae53c4dbd1fbe4a2eb4aab6565030f10da5c6,0xb4ce2f7bba277c7,0xd9f265e55798cf3abe34faee62a930e94a2cc2ccf6821b29b79a577c55b941f6,2,94185858,0.8142751862800035,1741052497114042,Balanced Dollar,0.0705809875,bnUSD,0,1,2025-03-04
cx88fd7df7ddff82f7cc735c871dc519838cb235bb,cxa0af3165c08318e988cb30993b3048335b94af6c,hxc1718c79947e0f673296218b5b23adbd9a3b38a8,0x1d5baaf80e4e6c4c73,0xd9f265e55798cf3abe34faee62a930e94a2cc2ccf6821b29b79a577c55b941f6,1,94185858,541.5609426813982,1741052497114042,Balanced Dollar,0.0705809875,bnUSD,0,1,2025-03-04
cx2609b924e33ef00b648a409245c7ea394c467824,hxc1718c79947e0f673296218b5b23adbd9a3b38a8,cxa0af3165c08318e988cb30993b3048335b94af6c,0xccada84aa63c400000,0xd9f265e55798cf3abe34faee62a930e94a2cc2ccf6821b29b79a577c55b941f6,0,94185858,3775.6491246792334,1741052497114042,Staked ICX,0.0705809875,sICX,0,1,2025-03-04
cxf61cd5a45dc9f91c15aa65831a30a90d59a09619,cx9345f80d6c98357ccbb70392b14162199c2c5f66,cxd82fb5d3effecd8c9071a4bba3856ad7222c4b91,0xc45a394f62a0d0,0x3a064540fcfa3007415c50a6bef3edd8ac78a6928d6566940db7ba1426776e31,4,94185856,0.055268297626788046,1741052493121762,Balance Token,0.1302277375,BALN,0,3,2025-03-04
cx2609b924e33ef00b648a409245c7ea394c467824,cx9345f80d6c98357ccbb70392b14162199c2c5f66,cxd82fb5d3effecd8c9071a4bba3856ad7222c4b91,0xd7fd4779a98d227,0x3a064540fcfa3007415c50a6bef3edd8ac78a6928d6566940db7ba1426776e31,3,94185856,0.9727296546952198,1741052493121762,Staked ICX,0.1302277375,sICX,0,3,2025-03-04
cx88fd7df7ddff82f7cc735c871dc519838cb235bb,hx0000000000000000000000000000000000000000,cx5faae53c4dbd1fbe4a2eb4aab6565030f10da5c6,0x0,0x3a064540fcfa3007415c50a6bef3edd8ac78a6928d6566940db7ba1426776e31,2,94185856,0.0,1741052493121762,Balanced Dollar,0.1302277375,bnUSD,0,3,2025-03-04
cx88fd7df7ddff82f7cc735c871dc519838cb235bb,hx0000000000000000000000000000000000000000,cxd82fb5d3effecd8c9071a4bba3856ad7222c4b91,0x22e183bd2de5fb1,0x3a064540fcfa3007415c50a6bef3edd8ac78a6928d6566940db7ba1426776e31,1,94185856,0.15708968222447198,1741052493121762,Balanced Dollar,0.1302277375,bnUSD,0,3,2025-03-04
cx88fd7df7ddff82f7cc735c871dc519838cb235bb,hxc1718c79947e0f673296218b5b23adbd9a3b38a8,cxd82fb5d3effecd8c9071a4bba3856ad7222c4b91,0x1d62ebe323fa9e0000,0x3a064540fcfa3007415c50a6bef3edd8ac78a6928d6566940db7ba1426776e31,0,94185856,542.083618716489,1741052493121762,Balanced Dollar,0.1302277375,bnUSD,0,3,2025-03-04
cx88fd7df7ddff82f7cc735c871dc519838cb235bb,cxbf469921730ed3c3c8c1924fc482d369f8795fe2,hx385a695da4288bf7d70df14d1201e832c2bcf2a6,0xa4a6dc8dfed61d2009,0xae291eb2c32bfc73cf40489332b32d041cbd792350936838f129cab549cbed05,13,94185856,3037.2896693191924,1741052493121762,Balanced Dollar,0.3913714125,bnUSD,0,1,2025-03-04
cx2609b924e33ef00b648a409245c7ea394c467824,cx66d4d90f5f113eba575bf793570135f9b10cece1,cx835b300dcfe01f0bdb794e134a0c5628384f4367,0x2c0a0ba05d514bf43,0xae291eb2c32bfc73cf40489332b32d041cbd792350936838f129cab549cbed05,10,94185856,50.77378673318748,1741052493121762,Staked ICX,0.3913714125,sICX,0,1,2025-03-04
cx88fd7df7ddff82f7cc735c871dc519838cb235bb,cxa0af3165c08318e988cb30993b3048335b94af6c,cx5faae53c4dbd1fbe4a2eb4aab6565030f10da5c6,0xf10315505c12309,0xae291eb2c32bfc73cf40489332b32d041cbd792350936838f129cab549cbed05,6,94185856,1.0854217514348141,1741052493121762,Balanced Dollar,0.3913714125,bnUSD,0,1,2025-03-04
cx88fd7df7ddff82f7cc735c871dc519838cb235bb,cxa0af3165c08318e988cb30993b3048335b94af6c,cxbf469921730ed3c3c8c1924fc482d369f8795fe2,0x2724683002732cdaff,0xae291eb2c32bfc73cf40489332b32d041cbd792350936838f129cab549cbed05,5,94185856,722.0464184446962,1741052493121762,Balanced Dollar,0.3913714125,bnUSD,0,1,2025-03-04
cx2609b924e33ef00b648a409245c7ea394c467824,cxbf469921730ed3c3c8c1924fc482d369f8795fe2,cxa0af3165c08318e988cb30993b3048335b94af6c,0x1107e27f0416705f70f,0xae291eb2c32bfc73cf40489332b32d041cbd792350936838f129cab549cbed05,4,94185856,5026.604886585561,1741052493121762,Staked ICX,0.3913714125,sICX,0,1,2025-03-04
cx2609b924e33ef00b648a409245c7ea394c467824,cx66d4d90f5f113eba575bf793570135f9b10cece1,cxbf469921730ed3c3c8c1924fc482d369f8795fe2,0x1107e27f0416705f70f,0xae291eb2c32bfc73cf40489332b32d041cbd792350936838f129cab549cbed05,3,94185856,5026.604886585561,1741052493121762,Staked ICX,0.3913714125,sICX,0,1,2025-03-04
cx88fd7df7ddff82f7cc735c871dc519838cb235bb,cxbf469921730ed3c3c8c1924fc482d369f8795fe2,hx0000000000000000000000000000000000000000,0x251ee8ab5538efbaf6,0xae291eb2c32bfc73cf40489332b32d041cbd792350936838f129cab549cbed05,1,94185856,684.7567491255039,1741052493121762,Balanced Dollar,0.3913714125,bnUSD,0,1,2025-03-04
cx88fd7df7ddff82f7cc735c871dc519838cb235bb,hx385a695da4288bf7d70df14d1201e832c2bcf2a6,cxbf469921730ed3c3c8c1924fc482d369f8795fe2,0xa2a15d09519be00000,0xae291eb2c32bfc73cf40489332b32d041cbd792350936838f129cab549cbed05,0,94185856,3000.0,1741052493121762,Balanced Dollar,0.3913714125,bnUSD,0,1,2025-03-04
cx88fd7df7ddff82f7cc735c871dc519838cb235bb,cxa0af3165c08318e988cb30993b3048335b94af6c,cx5faae53c4dbd1fbe4a2eb4aab6565030f10da5c6,0xb5559f2839e230c,0xbfbbf90bfe5b500551bb2f2a71cb4bfc4a6969869e6e36504c54b5d7185fe89b,2,94185854,0.8166578055627497,1741052489263097,Balanced Dollar,0.0705809875,bnUSD,0,1,2025-03-04
cx88fd7df7ddff82f7cc735c871dc519838cb235bb,cxa0af3165c08318e988cb30993b3048335b94af6c,hxc1718c79947e0f673296218b5b23adbd9a3b38a8,0x1d71aa837fb52ade70,0xbfbbf90bfe5b500551bb2f2a71cb4bfc4a6969869e6e36504c54b5d7185fe89b,1,94185854,543.1460815944272,1741052489263097,Balanced Dollar,0.0705809875,bnUSD,0,1,2025-03-04
cx2609b924e33ef00b648a409245c7ea394c467824,hxc1718c79947e0f673296218b5b23adbd9a3b38a8,cxa0af3165c08318e988cb30993b3048335b94af6c,0xccada84aa63c400000,0xbfbbf90bfe5b500551bb2f2a71cb4bfc4a6969869e6e36504c54b5d7185fe89b,0,94185854,3775.6491246792334,1741052489263097,Staked ICX,0.0705809875,sICX,0,1,2025-03-04
cxf61cd5a45dc9f91c15aa65831a30a90d59a09619,cx10d59e8103ab44635190bd4139dbfd682fa2d07e,hx588591cebc39ee08511ff780074eb5fd3e12bf36,0x5e18fb77c3319b2,0x6695503a6929fab95556c846044921632350406037a92341ff869ac8dc6dddb2,3,94185846,0.4237778581750481,1741052473107865,Balance Token,0.07221845,BALN,0,1,2025-03-04
cx2609b924e33ef00b648a409245c7ea394c467824,cx10d59e8103ab44635190bd4139dbfd682fa2d07e,hx588591cebc39ee08511ff780074eb5fd3e12bf36,0xf3426007c5831835,0x6695503a6929fab95556c846044921632350406037a92341ff869ac8dc6dddb2,1,94185846,17.52867828617413,1741052473107865,Staked ICX,0.07221845,sICX,0,1,2025-03-04
cx88fd7df7ddff82f7cc735c871dc519838cb235bb,cxa0af3165c08318e988cb30993b3048335b94af6c,cx5faae53c4dbd1fbe4a2eb4aab6565030f10da5c6,0xaf7b32ac34eee9,0x02f8548cb62693257c64138f3d8d77ae4ede4f6fe3988453cb1a49fde4c259af,2,94185827,0.04939357849209623,1741052435094345,Balanced Dollar,0.0568815375,bnUSD,0,1,2025-03-04
cx88fd7df7ddff82f7cc735c871dc519838cb235bb,cxa0af3165c08318e988cb30993b3048335b94af6c,hx06efa9167ece33af37f7153dc53bce2775f812f2,0x1c7b0af9fa8d45f45,0x02f8548cb62693257c64138f3d8d77ae4ede4f6fe3988453cb1a49fde4c259af,1,94185827,32.83593798342544,1741052435094345,Balanced Dollar,0.0568815375,bnUSD,0,1,2025-03-04
cx4297f4b63262507623b6ad575d0d8dd2db980e4e,hx06efa9167ece33af37f7153dc53bce2775f812f2,cxa0af3165c08318e988cb30993b3048335b94af6c,0x26fe1cd9d2af0f8f,0x02f8548cb62693257c64138f3d8d77ae4ede4f6fe3988453cb1a49fde4c259af,0,94185827,2.8097149393939373,1741052435094345,Injective,0.0568815375,INJ,0,1,2025-03-04
cx88fd7df7ddff82f7cc735c871dc519838cb235bb,cxbf469921730ed3c3c8c1924fc482d369f8795fe2,hx385a695da4288bf7d70df14d1201e832c2bcf2a6,0x15bc83e49fbba40000,0xb9cfc15ca21cde37baef372463e6f3b571910d90149a8845bbd2509ccd79dc20,1,94185825,400.96557782367915,1741052431252735,Balanced Dollar,0.0417486375,bnUSD,0,2,2025-03-04
cx88fd7df7ddff82f7cc735c871dc519838cb235bb,hx385a695da4288bf7d70df14d1201e832c2bcf2a6,cxbf469921730ed3c3c8c1924fc482d369f8795fe2,0x15bc83e49fbba40000,0xb9cfc15ca21cde37baef372463e6f3b571910d90149a8845bbd2509ccd79dc20,0,94185825,400.96557782367915,1741052431252735,Balanced Dollar,0.0417486375,bnUSD,0,2,2025-03-04
cx4297f4b63262507623b6ad575d0d8dd2db980e4e,cx66d4d90f5f113eba575bf793570135f9b10cece1,cx835b300dcfe01f0bdb794e134a0c5628384f4367,0x64d454f29ceb78,0x6281b57a801db9a3ee730c9891ec6410c2fe8b653c6c08faab5cac44380da0ec,3,94185825,0.028380958983777144,1741052431252735,Injective,0.09281075,INJ,0,1,2025-03-04
cx4297f4b63262507623b6ad575d0d8dd2db980e4e,cx66d4d90f5f113eba575bf793570135f9b10cece1,hx06efa9167ece33af37f7153dc53bce2775f812f2,0x26fe1cd9d2af0f8f,0x6281b57a801db9a3ee730c9891ec6410c2fe8b653c6c08faab5cac44380da0ec,1,94185825,2.8097149393939373,1741052431252735,Injective,0.09281075,INJ,0,1,2025-03-04
cx88fd7df7ddff82f7cc735c871dc519838cb235bb,hx06efa9167ece33af37f7153dc53bce2775f812f2,hx0000000000000000000000000000000000000000,0x1a62d447465960613,0x6281b57a801db9a3ee730c9891ec6410c2fe8b653c6c08faab5cac44380da0ec,0,94185825,30.421046324668794,1741052431252735,Balanced Dollar,0.09281075,bnUSD,0,1,2025-03-04
cxf61cd5a45dc9f91c15aa65831a30a90d59a09619,cx9345f80d6c98357ccbb70392b14162199c2c5f66,cxd82fb5d3effecd8c9071a4bba3856ad7222c4b91,0x3b803065a1c420,0x568cbaeaca0f5ebe320405afe2ad67d477821895d0025596393f468888c905b8,4,94185823,0.01674796897781456,1741052427251816,Balance Token,0.1302212375,BALN,0,1,2025-03-04
cx2609b924e33ef00b648a409245c7ea394c467824,cx9345f80d6c98357ccbb70392b14162199c2c5f66,cxd82fb5d3effecd8c9071a4bba3856ad7222c4b91,0x41738a05d649cc6,0x568cbaeaca0f5ebe320405afe2ad67d477821895d0025596393f468888c905b8,3,94185823,0.2947665620288545,1741052427251816,Staked ICX,0.1302212375,sICX,0,1,2025-03-04
cx88fd7df7ddff82f7cc735c871dc519838cb235bb,hx0000000000000000000000000000000000000000,cx5faae53c4dbd1fbe4a2eb4aab6565030f10da5c6,0x0,0x568cbaeaca0f5ebe320405afe2ad67d477821895d0025596393f468888c905b8,2,94185823,0.0,1741052427251816,Balanced Dollar,0.1302212375,bnUSD,0,1,2025-03-04
cx88fd7df7ddff82f7cc735c871dc519838cb235bb,hx0000000000000000000000000000000000000000,cxd82fb5d3effecd8c9071a4bba3856ad7222c4b91,0xaadd31add5cfd5,0x568cbaeaca0f5ebe320405afe2ad67d477821895d0025596393f468888c905b8,1,94185823,0.048093951480418264,1741052427251816,Balanced Dollar,0.1302212375,bnUSD,0,1,2025-03-04
cx88fd7df7ddff82f7cc735c871dc519838cb235bb,hxc1718c79947e0f673296218b5b23adbd9a3b38a8,cxd82fb5d3effecd8c9071a4bba3856ad7222c4b91,0x1d69f2e649ea660000,0x568cbaeaca0f5ebe320405afe2ad67d477821895d0025596393f468888c905b8,0,94185823,542.589995661063,1741052427251816,Balanced Dollar,0.1302212375,bnUSD,0,1,2025-03-04
cx2609b924e33ef00b648a409245c7ea394c467824,cxa0af3165c08318e988cb30993b3048335b94af6c,hx588591cebc39ee08511ff780074eb5fd3e12bf36,0x49d4ace9de39347baec,0x2711cc76925fb0a7fd84ff42d486a5c56317ba8e7a506e594385ba64e5efdcdf,6,94185821,21790.995170455742,1741052423085635,Staked ICX,0.0582588375,sICX,0,2,2025-03-04
cx3975b43d260fb8ec802cef6e60c2f4d07486f11d,hx588591cebc39ee08511ff780074eb5fd3e12bf36,hx0000000000000000000000000000000000000000,0x610c4a65c672e823921,0x2711cc76925fb0a7fd84ff42d486a5c56317ba8e7a506e594385ba64e5efdcdf,3,94185821,28643.516917273024,1741052423085635,Wrapped ICX,0.0582588375,wICX,0,2,2025-03-04
cx3975b43d260fb8ec802cef6e60c2f4d07486f11d,cxa0af3165c08318e988cb30993b3048335b94af6c,hx588591cebc39ee08511ff780074eb5fd3e12bf36,0x610c4a65c672e823921,0x2711cc76925fb0a7fd84ff42d486a5c56317ba8e7a506e594385ba64e5efdcdf,2,94185821,28643.516917273024,1741052423085635,Wrapped ICX,0.0582588375,wICX,0,2,2025-03-04
cx88fd7df7ddff82f7cc735c871dc519838cb235bb,cx21e94c08c03daee80c25d8ee3ea22a20786ec231,hx7497c286aa521b09b2b54d78cde3fa4573c0e157,0x52917c8533ea3eaf9,0xd7789cdff1c5bf2d194bdc3ae0e666b391eb34e9916eb674abe44546ed1ee1e3,13,94185821,95.19477590842592,1741052423085635,Balanced Dollar,0.223501875,bnUSD,0,1,2025-03-04
cx88fd7df7ddff82f7cc735c871dc519838cb235bb,cxa0af3165c08318e988cb30993b3048335b94af6c,cx5faae53c4dbd1fbe4a2eb4aab6565030f10da5c6,0x1fc531160fceef3,0xd7789cdff1c5bf2d194bdc3ae0e666b391eb34e9916eb674abe44546ed1ee1e3,11,94185821,0.14308062227575166,1741052423085635,Balanced Dollar,0.223501875,bnUSD,0,1,2025-03-04
cx88fd7df7ddff82f7cc735c871dc519838cb235bb,cxa0af3165c08318e988cb30993b3048335b94af6c,cx21e94c08c03daee80c25d8ee3ea22a20786ec231,0x52917c8533ea3eaf9,0xd7789cdff1c5bf2d194bdc3ae0e666b391eb34e9916eb674abe44546ed1ee1e3,10,94185821,95.19477590842592,1741052423085635,Balanced Dollar,0.223501875,bnUSD,0,1,2025-03-04
cxf61cd5a45dc9f91c15aa65831a30a90d59a09619,cx21e94c08c03daee80c25d8ee3ea22a20786ec231,cxa0af3165c08318e988cb30993b3048335b94af6c,0x2af79e5c4194486c8a,0xd7789cdff1c5bf2d194bdc3ae0e666b391eb34e9916eb674abe44546ed1ee1e3,9,94185821,792.60605130622,1741052423085635,Balance Token,0.223501875,BALN,0,1,2025-03-04
cx2609b924e33ef00b648a409245c7ea394c467824,cxa0af3165c08318e988cb30993b3048335b94af6c,cx5faae53c4dbd1fbe4a2eb4aab6565030f10da5c6,0xda96dac460283ab,0xd7789cdff1c5bf2d194bdc3ae0e666b391eb34e9916eb674abe44546ed1ee1e3,7,94185821,0.9844385802335365,1741052423085635,Staked ICX,0.223501875,sICX,0,1,2025-03-04
cxf61cd5a45dc9f91c15aa65831a30a90d59a09619,cxa0af3165c08318e988cb30993b3048335b94af6c,cx21e94c08c03daee80c25d8ee3ea22a20786ec231,0x2af79e5c4194486c8a,0xd7789cdff1c5bf2d194bdc3ae0e666b391eb34e9916eb674abe44546ed1ee1e3,6,94185821,792.60605130622,1741052423085635,Balance Token,0.223501875,BALN,0,1,2025-03-04
cx2609b924e33ef00b648a409245c7ea394c467824,cx21e94c08c03daee80c25d8ee3ea22a20786ec231,cxa0af3165c08318e988cb30993b3048335b94af6c,0x2393e2f0a0fbe18f8a,0xd7789cdff1c5bf2d194bdc3ae0e666b391eb34e9916eb674abe44546ed1ee1e3,5,94185821,656.2923868223576,1741052423085635,Staked ICX,0.223501875,sICX,0,1,2025-03-04
cx88fd7df7ddff82f7cc735c871dc519838cb235bb,cxa0af3165c08318e988cb30993b3048335b94af6c,cx5faae53c4dbd1fbe4a2eb4aab6565030f10da5c6,0x1fa6aa26fca1493,0xd7789cdff1c5bf2d194bdc3ae0e666b391eb34e9916eb674abe44546ed1ee1e3,3,94185821,0.14254358410835266,1741052423085635,Balanced Dollar,0.223501875,bnUSD,0,1,2025-03-04
cx2609b924e33ef00b648a409245c7ea394c467824,cxa0af3165c08318e988cb30993b3048335b94af6c,cx21e94c08c03daee80c25d8ee3ea22a20786ec231,0x2393e2f0a0fbe18f8a,0xd7789cdff1c5bf2d194bdc3ae0e666b391eb34e9916eb674abe44546ed1ee1e3,2,94185821,656.2923868223576,1741052423085635,Staked ICX,0.223501875,sICX,0,1,2025-03-04
cx88fd7df7ddff82f7cc735c871dc519838cb235bb,cx21e94c08c03daee80c25d8ee3ea22a20786ec231,cxa0af3165c08318e988cb30993b3048335b94af6c,0x526cb07031e404000,0xd7789cdff1c5bf2d194bdc3ae0e666b391eb34e9916eb674abe44546ed1ee1e3,1,94185821,95.02905607223511,1741052423085635,Balanced Dollar,0.223501875,bnUSD,0,1,2025-03-04
cx88fd7df7ddff82f7cc735c871dc519838cb235bb,hx7497c286aa521b09b2b54d78cde3fa4573c0e157,cx21e94c08c03daee80c25d8ee3ea22a20786ec231,0x526cb07031e404000,0xd7789cdff1c5bf2d194bdc3ae0e666b391eb34e9916eb674abe44546ed1ee1e3,0,94185821,95.02905607223511,1741052423085635,Balanced Dollar,0.223501875,bnUSD,0,1,2025-03-04
cx88fd7df7ddff82f7cc735c871dc519838cb235bb,cxa0af3165c08318e988cb30993b3048335b94af6c,cx5faae53c4dbd1fbe4a2eb4aab6565030f10da5c6,0xb585becba8cf1f9,0xd5640d22b4dd05a69b62f64057c62c06ce2b3a69e692c21f4990f8dacaa1d643,2,94185820,0.8175044046679537,1741052421135717,Balanced Dollar,0.0705809875,bnUSD,0,1,2025-03-04
cx88fd7df7ddff82f7cc735c871dc519838cb235bb,cxa0af3165c08318e988cb30993b3048335b94af6c,hxc1718c79947e0f673296218b5b23adbd9a3b38a8,0x1d797b8846079495e4,0xd5640d22b4dd05a69b62f64057c62c06ce2b3a69e692c21f4990f8dacaa1d643,1,94185820,543.7093182726579,1741052421135717,Balanced Dollar,0.0705809875,bnUSD,0,1,2025-03-04
cx2609b924e33ef00b648a409245c7ea394c467824,hxc1718c79947e0f673296218b5b23adbd9a3b38a8,cxa0af3165c08318e988cb30993b3048335b94af6c,0xccada84aa63c400000,0xd5640d22b4dd05a69b62f64057c62c06ce2b3a69e692c21f4990f8dacaa1d643,0,94185820,3775.6491246792334,1741052421135717,Staked ICX,0.0705809875,sICX,0,1,2025-03-04
cxf61cd5a45dc9f91c15aa65831a30a90d59a09619,cx9345f80d6c98357ccbb70392b14162199c2c5f66,cxd82fb5d3effecd8c9071a4bba3856ad7222c4b91,0x29a68847246fb0,0x0275a9a902f99dec318639e58424b49388c1ed515d751522e01e3a900a914ad1,4,94185813,0.011723578284470192,1741052407089170,Balance Token,0.1302173625,BALN,0,2,2025-03-04
cx2609b924e33ef00b648a409245c7ea394c467824,cx9345f80d6c98357ccbb70392b14162199c2c5f66,cxd82fb5d3effecd8c9071a4bba3856ad7222c4b91,0x2dd0e09daf9a0f1,0x0275a9a902f99dec318639e58424b49388c1ed515d751522e01e3a900a914ad1,3,94185813,0.20633659342019814,1741052407089170,Staked ICX,0.1302173625,sICX,0,2,2025-03-04
cx88fd7df7ddff82f7cc735c871dc519838cb235bb,hx0000000000000000000000000000000000000000,cx5faae53c4dbd1fbe4a2eb4aab6565030f10da5c6,0x0,0x0275a9a902f99dec318639e58424b49388c1ed515d751522e01e3a900a914ad1,2,94185813,0.0,1741052407089170,Balanced Dollar,0.1302173625,bnUSD,0,2,2025-03-04
cx88fd7df7ddff82f7cc735c871dc519838cb235bb,hx0000000000000000000000000000000000000000,cxd82fb5d3effecd8c9071a4bba3856ad7222c4b91,0x76c254e1e663a4,0x0275a9a902f99dec318639e58424b49388c1ed515d751522e01e3a900a914ad1,1,94185813,0.0334277170748712,1741052407089170,Balanced Dollar,0.1302173625,bnUSD,0,2,2025-03-04
cx88fd7df7ddff82f7cc735c871dc519838cb235bb,hxc1718c79947e0f673296218b5b23adbd9a3b38a8,cxd82fb5d3effecd8c9071a4bba3856ad7222c4b91,0x1d78228b86b82b0000,0x0275a9a902f99dec318639e58424b49388c1ed515d751522e01e3a900a914ad1,0,94185813,543.6122129820682,1741052407089170,Balanced Dollar,0.1302173625,bnUSD,0,2,2025-03-04
cx88fd7df7ddff82f7cc735c871dc519838cb235bb,cxa0af3165c08318e988cb30993b3048335b94af6c,cx5faae53c4dbd1fbe4a2eb4aab6565030f10da5c6,0xb5c01cc9d912e20,0x5059f747deeb1d35579ea871284f550b66294fac849946d823cfa5080a87d33d,2,94185811,0.8185312106030812,1741052403082710,Balanced Dollar,0.0705809875,bnUSD,0,2,2025-03-04
cx88fd7df7ddff82f7cc735c871dc519838cb235bb,cxa0af3165c08318e988cb30993b3048335b94af6c,hxc1718c79947e0f673296218b5b23adbd9a3b38a8,0x1d82f67cff05148fe5,0x5059f747deeb1d35579ea871284f550b66294fac849946d823cfa5080a87d33d,1,94185811,544.3924456415222,1741052403082710,Balanced Dollar,0.0705809875,bnUSD,0,2,2025-03-04
cx2609b924e33ef00b648a409245c7ea394c467824,hxc1718c79947e0f673296218b5b23adbd9a3b38a8,cxa0af3165c08318e988cb30993b3048335b94af6c,0xccada84aa63c400000,0x5059f747deeb1d35579ea871284f550b66294fac849946d823cfa5080a87d33d,0,94185811,3775.6491246792334,1741052403082710,Staked ICX,0.0705809875,sICX,0,2,2025-03-04
cxf61cd5a45dc9f91c15aa65831a30a90d59a09619,cx9345f80d6c98357ccbb70392b14162199c2c5f66,cxd82fb5d3effecd8c9071a4bba3856ad7222c4b91,0x1dc01832d0e210,0xdc90458d1ea954ff5ff2e7b5e2d16bb5e206346c839b6ca6e3008ffd031d0843,4,94185806,0.00837398448890728,1741052393075116,Balance Token,0.13021605,BALN,0,1,2025-03-04
cx2609b924e33ef00b648a409245c7ea394c467824,cx9345f80d6c98357ccbb70392b14162199c2c5f66,cxd82fb5d3effecd8c9071a4bba3856ad7222c4b91,0x20b9c502eb24e63,0xdc90458d1ea954ff5ff2e7b5e2d16bb5e206346c839b6ca6e3008ffd031d0843,3,94185806,0.14738328101442724,1741052393075116,Staked ICX,0.13021605,sICX,0,1,2025-03-04
cx88fd7df7ddff82f7cc735c871dc519838cb235bb,hx0000000000000000000000000000000000000000,cx5faae53c4dbd1fbe4a2eb4aab6565030f10da5c6,0x0,0xdc90458d1ea954ff5ff2e7b5e2d16bb5e206346c839b6ca6e3008ffd031d0843,2,94185806,0.0,1741052393075116,Balanced Dollar,0.13021605,bnUSD,0,1,2025-03-04
cx88fd7df7ddff82f7cc735c871dc519838cb235bb,hx0000000000000000000000000000000000000000,cxd82fb5d3effecd8c9071a4bba3856ad7222c4b91,0x54c6ddafbe4ae1,0xdc90458d1ea954ff5ff2e7b5e2d16bb5e206346c839b6ca6e3008ffd031d0843,1,94185806,0.023862553482250977,1741052393075116,Balanced Dollar,0.13021605,bnUSD,0,1,2025-03-04
cx88fd7df7ddff82f7cc735c871dc519838cb235bb,hxc1718c79947e0f673296218b5b23adbd9a3b38a8,cxd82fb5d3effecd8c9071a4bba3856ad7222c4b91,0x1d7f20b5bd2ce90000,0xdc90458d1ea954ff5ff2e7b5e2d16bb5e206346c839b6ca6e3008ffd031d0843,0,94185806,544.1160996037555,1741052393075116,Balanced Dollar,0.13021605,bnUSD,0,1,2025-03-04
cx88fd7df7ddff82f7cc735c871dc519838cb235bb,cxa0af3165c08318e988cb30993b3048335b94af6c,cx5faae53c4dbd1fbe4a2eb4aab6565030f10da5c6,0xb5fa96f51945ddb,0xf473219649c0bae7076b73a72265ed168c8cfc22ce3cbcdc8e981f4e3a1440f0,2,94185804,0.8195599527798615,1741052389231130,Balanced Dollar,0.0705809875,bnUSD,0,1,2025-03-04
cx88fd7df7ddff82f7cc735c871dc519838cb235bb,cxa0af3165c08318e988cb30993b3048335b94af6c,hxc1718c79947e0f673296218b5b23adbd9a3b38a8,0x1d8c7605abb241b678,0xf473219649c0bae7076b73a72265ed168c8cfc22ce3cbcdc8e981f4e3a1440f0,1,94185804,545.076861585127,1741052389231130,Balanced Dollar,0.0705809875,bnUSD,0,1,2025-03-04
cx2609b924e33ef00b648a409245c7ea394c467824,hxc1718c79947e0f673296218b5b23adbd9a3b38a8,cxa0af3165c08318e988cb30993b3048335b94af6c,0xccada84aa63c400000,0xf473219649c0bae7076b73a72265ed168c8cfc22ce3cbcdc8e981f4e3a1440f0,0,94185804,3775.6491246792334,1741052389231130,Staked ICX,0.0705809875,sICX,0,1,2025-03-04
cxf61cd5a45dc9f91c15aa65831a30a90d59a09619,cx9345f80d6c98357ccbb70392b14162199c2c5f66,cxd82fb5d3effecd8c9071a4bba3856ad7222c4b91,0xbe67014538da0,0x62ae89844bb14c2aae55c2c3bfcfcf4c322278925e04daffcb71a7f81bc7e857,4,94185801,0.003349593795562912,1741052383071109,Balance Token,0.13021605,BALN,0,1,2025-03-04
cx2609b924e33ef00b648a409245c7ea394c467824,cx9345f80d6c98357ccbb70392b14162199c2c5f66,cxd82fb5d3effecd8c9071a4bba3856ad7222c4b91,0xd171b9ac47528e,0x62ae89844bb14c2aae55c2c3bfcfcf4c322278925e04daffcb71a7f81bc7e857,3,94185801,0.0589533124057709,1741052383071109,Staked ICX,0.13021605,sICX,0,1,2025-03-04
cx88fd7df7ddff82f7cc735c871dc519838cb235bb,hx0000000000000000000000000000000000000000,cx5faae53c4dbd1fbe4a2eb4aab6565030f10da5c6,0x0,0x62ae89844bb14c2aae55c2c3bfcfcf4c322278925e04daffcb71a7f81bc7e857,2,94185801,0.0,1741052383071109,Balanced Dollar,0.13021605,bnUSD,0,1,2025-03-04
cx88fd7df7ddff82f7cc735c871dc519838cb235bb,hx0000000000000000000000000000000000000000,cxd82fb5d3effecd8c9071a4bba3856ad7222c4b91,0x21e23580c6ac8a,0x62ae89844bb14c2aae55c2c3bfcfcf4c322278925e04daffcb71a7f81bc7e857,1,94185801,0.009537393653099658,1741052383071109,Balanced Dollar,0.13021605,bnUSD,0,1,2025-03-04
cx88fd7df7ddff82f7cc735c871dc519838cb235bb,hxc1718c79947e0f673296218b5b23adbd9a3b38a8,cxd82fb5d3effecd8c9071a4bba3856ad7222c4b91,0x1d862a8d2d20660000,0x62ae89844bb14c2aae55c2c3bfcfcf4c322278925e04daffcb71a7f81bc7e857,0,94185801,544.6232729126378,1741052383071109,Balanced Dollar,0.13021605,bnUSD,0,1,2025-03-04
cx88fd7df7ddff82f7cc735c871dc519838cb235bb,cx21e94c08c03daee80c25d8ee3ea22a20786ec231,hx7497c286aa521b09b2b54d78cde3fa4573c0e157,0x6e182f9bf576ee39f,0x2d37b2ce2aa23a9074e15d5ca4ede1d34d32171cdb3ca5249f7165aed6de1afc,13,94185800,126.93028944796444,1741052381238250,Balanced Dollar,0.223515925,bnUSD,0,1,2025-03-04
cx88fd7df7ddff82f7cc735c871dc519838cb235bb,cxa0af3165c08318e988cb30993b3048335b94af6c,cx5faae53c4dbd1fbe4a2eb4aab6565030f10da5c6,0x2a590a9cf19a6bd,0x2d37b2ce2aa23a9074e15d5ca4ede1d34d32171cdb3ca5249f7165aed6de1afc,11,94185800,0.19071761823155167,1741052381238250,Balanced Dollar,0.223515925,bnUSD,0,1,2025-03-04
cx88fd7df7ddff82f7cc735c871dc519838cb235bb,cxa0af3165c08318e988cb30993b3048335b94af6c,cx21e94c08c03daee80c25d8ee3ea22a20786ec231,0x6e182f9bf576ee39f,0x2d37b2ce2aa23a9074e15d5ca4ede1d34d32171cdb3ca5249f7165aed6de1afc,10,94185800,126.93028944796444,1741052381238250,Balanced Dollar,0.223515925,bnUSD,0,1,2025-03-04
cxf61cd5a45dc9f91c15aa65831a30a90d59a09619,cx21e94c08c03daee80c25d8ee3ea22a20786ec231,cxa0af3165c08318e988cb30993b3048335b94af6c,0x3928edc1289ceb5ad9,0x2d37b2ce2aa23a9074e15d5ca4ede1d34d32171cdb3ca5249f7165aed6de1afc,9,94185800,1054.4136379126176,1741052381238250,Balance Token,0.223515925,BALN,0,1,2025-03-04
cx2609b924e33ef00b648a409245c7ea394c467824,cxa0af3165c08318e988cb30993b3048335b94af6c,cx5faae53c4dbd1fbe4a2eb4aab6565030f10da5c6,0x1226e1f4f4be705b,0x2d37b2ce2aa23a9074e15d5ca4ede1d34d32171cdb3ca5249f7165aed6de1afc,7,94185800,1.307981183992099,1741052381238250,Staked ICX,0.223515925,sICX,0,1,2025-03-04
cxf61cd5a45dc9f91c15aa65831a30a90d59a09619,cxa0af3165c08318e988cb30993b3048335b94af6c,cx21e94c08c03daee80c25d8ee3ea22a20786ec231,0x3928edc1289ceb5ad9,0x2d37b2ce2aa23a9074e15d5ca4ede1d34d32171cdb3ca5249f7165aed6de1afc,6,94185800,1054.4136379126176,1741052381238250,Balance Token,0.223515925,BALN,0,1,2025-03-04
cx2609b924e33ef00b648a409245c7ea394c467824,cx21e94c08c03daee80c25d8ee3ea22a20786ec231,cxa0af3165c08318e988cb30993b3048335b94af6c,0x2f4541c33d5a99ee8f,0x2d37b2ce2aa23a9074e15d5ca4ede1d34d32171cdb3ca5249f7165aed6de1afc,5,94185800,871.9874559947326,1741052381238250,Staked ICX,0.223515925,sICX,0,1,2025-03-04
cx88fd7df7ddff82f7cc735c871dc519838cb235bb,cxa0af3165c08318e988cb30993b3048335b94af6c,cx5faae53c4dbd1fbe4a2eb4aab6565030f10da5c6,0x2a338d8950d70c4,0x2d37b2ce2aa23a9074e15d5ca4ede1d34d32171cdb3ca5249f7165aed6de1afc,3,94185800,0.19005811214447021,1741052381238250,Balanced Dollar,0.223515925,bnUSD,0,1,2025-03-04
cx2609b924e33ef00b648a409245c7ea394c467824,cxa0af3165c08318e988cb30993b3048335b94af6c,cx21e94c08c03daee80c25d8ee3ea22a20786ec231,0x2f4541c33d5a99ee8f,0x2d37b2ce2aa23a9074e15d5ca4ede1d34d32171cdb3ca5249f7165aed6de1afc,2,94185800,871.9874559947326,1741052381238250,Staked ICX,0.223515925,sICX,0,1,2025-03-04
cx88fd7df7ddff82f7cc735c871dc519838cb235bb,cx21e94c08c03daee80c25d8ee3ea22a20786ec231,cxa0af3165c08318e988cb30993b3048335b94af6c,0x6de6409597dab0000,0x2d37b2ce2aa23a9074e15d5ca4ede1d34d32171cdb3ca5249f7165aed6de1afc,1,94185800,126.70540809631348,1741052381238250,Balanced Dollar,0.223515925,bnUSD,0,1,2025-03-04
cx88fd7df7ddff82f7cc735c871dc519838cb235bb,hx7497c286aa521b09b2b54d78cde3fa4573c0e157,cx21e94c08c03daee80c25d8ee3ea22a20786ec231,0x6de6409597dab0000,0x2d37b2ce2aa23a9074e15d5ca4ede1d34d32171cdb3ca5249f7165aed6de1afc,0,94185800,126.70540809631348,1741052381238250,Balanced Dollar,0.223515925,bnUSD,0,1,2025-03-04
cx88fd7df7ddff82f7cc735c871dc519838cb235bb,cxa0af3165c08318e988cb30993b3048335b94af6c,cx5faae53c4dbd1fbe4a2eb4aab6565030f10da5c6,0xb6279dc32122f21,0xdea81ca5d454ee5868f871c201f925576c664a795950ad3b4e63eb0c900c3efe,2,94185799,0.8203520687746702,1741052379072704,Balanced Dollar,0.0705809875,bnUSD,0,2,2025-03-04
cx88fd7df7ddff82f7cc735c871dc519838cb235bb,cxa0af3165c08318e988cb30993b3048335b94af6c,hxc1718c79947e0f673296218b5b23adbd9a3b38a8,0x1d93c6449512368685,0xdea81ca5d454ee5868f871c201f925576c664a795950ad3b4e63eb0c900c3efe,1,94185799,545.6038519135875,1741052379072704,Balanced Dollar,0.0705809875,bnUSD,0,2,2025-03-04
cx2609b924e33ef00b648a409245c7ea394c467824,hxc1718c79947e0f673296218b5b23adbd9a3b38a8,cxa0af3165c08318e988cb30993b3048335b94af6c,0xccada84aa63c400000,0xdea81ca5d454ee5868f871c201f925576c664a795950ad3b4e63eb0c900c3efe,0,94185799,3775.6491246792334,1741052379072704,Staked ICX,0.0705809875,sICX,0,2,2025-03-04
cxf61cd5a45dc9f91c15aa65831a30a90d59a09619,cx9345f80d6c98357ccbb70392b14162199c2c5f66,cxd82fb5d3effecd8c9071a4bba3856ad7222c4b91,0x17cce028a71b40,0x7f5730d9bf43f448299773a565959fe057ca01d7e03ca234a828beda15244332,4,94185799,0.006699187591125824,1741052379072704,Balance Token,0.13021605,BALN,0,1,2025-03-04
cx2609b924e33ef00b648a409245c7ea394c467824,cx9345f80d6c98357ccbb70392b14162199c2c5f66,cxd82fb5d3effecd8c9071a4bba3856ad7222c4b91,0x1a2e373588ea51c,0x7f5730d9bf43f448299773a565959fe057ca01d7e03ca234a828beda15244332,3,94185799,0.1179066248115418,1741052379072704,Staked ICX,0.13021605,sICX,0,1,2025-03-04
cx88fd7df7ddff82f7cc735c871dc519838cb235bb,hx0000000000000000000000000000000000000000,cx5faae53c4dbd1fbe4a2eb4aab6565030f10da5c6,0x0,0x7f5730d9bf43f448299773a565959fe057ca01d7e03ca234a828beda15244332,2,94185799,0.0,1741052379072704,Balanced Dollar,0.13021605,bnUSD,0,1,2025-03-04
cx88fd7df7ddff82f7cc735c871dc519838cb235bb,hx0000000000000000000000000000000000000000,cxd82fb5d3effecd8c9071a4bba3856ad7222c4b91,0x436c4b42ceab7d,0x7f5730d9bf43f448299773a565959fe057ca01d7e03ca234a828beda15244332,1,94185799,0.018977893938801532,1741052379072704,Balanced Dollar,0.13021605,bnUSD,0,1,2025-03-04
cx88fd7df7ddff82f7cc735c871dc519838cb235bb,hxc1718c79947e0f673296218b5b23adbd9a3b38a8,cxd82fb5d3effecd8c9071a4bba3856ad7222c4b91,0x1d945954055a760000,0x7f5730d9bf43f448299773a565959fe057ca01d7e03ca234a828beda15244332,0,94185799,545.6452457100868,1741052379072704,Balanced Dollar,0.13021605,bnUSD,0,1,2025-03-04
cx88fd7df7ddff82f7cc735c871dc519838cb235bb,cxa0af3165c08318e988cb30993b3048335b94af6c,cx5faae53c4dbd1fbe4a2eb4aab6565030f10da5c6,0xb66249f174be44b,0xc8bb7a45fb56e4c4ef906fd2ab515016e4ac5c7745acd63180a953feab3d5957,2,94185796,0.8213842477509439,1741052373072176,Balanced Dollar,0.0705809875,bnUSD,0,1,2025-03-04
cx88fd7df7ddff82f7cc735c871dc519838cb235bb,cxa0af3165c08318e988cb30993b3048335b94af6c,hxc1718c79947e0f673296218b5b23adbd9a3b38a8,0x1d9d4ded74bc054509,0xc8bb7a45fb56e4c4ef906fd2ab515016e4ac5c7745acd63180a953feab3d5957,1,94185796,546.2905550603649,1741052373072176,Balanced Dollar,0.0705809875,bnUSD,0,1,2025-03-04
cx2609b924e33ef00b648a409245c7ea394c467824,hxc1718c79947e0f673296218b5b23adbd9a3b38a8,cxa0af3165c08318e988cb30993b3048335b94af6c,0xccada84aa63c400000,0xc8bb7a45fb56e4c4ef906fd2ab515016e4ac5c7745acd63180a953feab3d5957,0,94185796,3775.6491246792334,1741052373072176,Staked ICX,0.0705809875,sICX,0,1,2025-03-04
cxf61cd5a45dc9f91c15aa65831a30a90d59a09619,cx9345f80d6c98357ccbb70392b14162199c2c5f66,cxd82fb5d3effecd8c9071a4bba3856ad7222c4b91,0x11d9a81e7d5470,0x150571eba728ffb4839cfdaee424a595330524c63c5d5727007d2c71d7761410,4,94185795,0.005024390693344368,1741052371116515,Balance Token,0.13021605,BALN,0,1,2025-03-04
cx2609b924e33ef00b648a409245c7ea394c467824,cx9345f80d6c98357ccbb70392b14162199c2c5f66,cxd82fb5d3effecd8c9071a4bba3856ad7222c4b91,0x13a2a96826afbd5,0x150571eba728ffb4839cfdaee424a595330524c63c5d5727007d2c71d7761410,3,94185795,0.08842996860865635,1741052371116515,Staked ICX,0.13021605,sICX,0,1,2025-03-04
cx88fd7df7ddff82f7cc735c871dc519838cb235bb,hx0000000000000000000000000000000000000000,cx5faae53c4dbd1fbe4a2eb4aab6565030f10da5c6,0x0,0x150571eba728ffb4839cfdaee424a595330524c63c5d5727007d2c71d7761410,2,94185795,0.0,1741052371116515,Balanced Dollar,0.13021605,bnUSD,0,1,2025-03-04
cx88fd7df7ddff82f7cc735c871dc519838cb235bb,hx0000000000000000000000000000000000000000,cxd82fb5d3effecd8c9071a4bba3856ad7222c4b91,0x31f41db9b67e17,0x150571eba728ffb4839cfdaee424a595330524c63c5d5727007d2c71d7761410,1,94185795,0.014060682365795864,1741052371116515,Balanced Dollar,0.13021605,bnUSD,0,1,2025-03-04
cx88fd7df7ddff82f7cc735c871dc519838cb235bb,hxc1718c79947e0f673296218b5b23adbd9a3b38a8,cxd82fb5d3effecd8c9071a4bba3856ad7222c4b91,0x1d9b578b296ec80000,0x150571eba728ffb4839cfdaee424a595330524c63c5d5727007d2c71d7761410,0,94185795,546.1491465464982,1741052371116515,Balanced Dollar,0.13021605,bnUSD,0,1,2025-03-04
cx88fd7df7ddff82f7cc735c871dc519838cb235bb,cxa0af3165c08318e988cb30993b3048335b94af6c,cx5faae53c4dbd1fbe4a2eb4aab6565030f10da5c6,0xb69d127f3cdbd91,0xa6b9d6531b45d87e11393fdaaec95f0767a26eb14658fceb74dbfc84368f5e46,2,94185793,0.8224183764961028,1741052367071220,Balanced Dollar,0.070583675,bnUSD,0,1,2025-03-04
cx88fd7df7ddff82f7cc735c871dc519838cb235bb,cxa0af3165c08318e988cb30993b3048335b94af6c,hxc1718c79947e0f673296218b5b23adbd9a3b38a8,0x1da6da3278c8d05b5e,0xa6b9d6531b45d87e11393fdaaec95f0767a26eb14658fceb74dbfc84368f5e46,1,94185793,546.9785557871426,1741052367071220,Balanced Dollar,0.070583675,bnUSD,0,1,2025-03-04
cx2609b924e33ef00b648a409245c7ea394c467824,hxc1718c79947e0f673296218b5b23adbd9a3b38a8,cxa0af3165c08318e988cb30993b3048335b94af6c,0xccada84aa63c400000,0xa6b9d6531b45d87e11393fdaaec95f0767a26eb14658fceb74dbfc84368f5e46,0,94185793,3775.6491246792334,1741052367071220,Staked ICX,0.070583675,sICX,0,1,2025-03-04
cxf61cd5a45dc9f91c15aa65831a30a90d59a09619,cx9345f80d6c98357ccbb70392b14162199c2c5f66,cxd82fb5d3effecd8c9071a4bba3856ad7222c4b91,0xa0a6e91267f7f0,0x8a6609e4f2d1eec4c9f05f9543fd4ec19c356f541491258262325ccdc0ccdd82,4,94185792,0.04521951624009931,1741052365221791,Balance Token,0.1302224875,BALN,0,1,2025-03-04
cx2609b924e33ef00b648a409245c7ea394c467824,cx9345f80d6c98357ccbb70392b14162199c2c5f66,cxd82fb5d3effecd8c9071a4bba3856ad7222c4b91,0xb0b7f4a95c2da7d,0x8a6609e4f2d1eec4c9f05f9543fd4ec19c356f541491258262325ccdc0ccdd82,3,94185792,0.795869717477907,1741052365221791,Staked ICX,0.1302224875,sICX,0,1,2025-03-04
cx88fd7df7ddff82f7cc735c871dc519838cb235bb,hx0000000000000000000000000000000000000000,cx5faae53c4dbd1fbe4a2eb4aab6565030f10da5c6,0x0,0x8a6609e4f2d1eec4c9f05f9543fd4ec19c356f541491258262325ccdc0ccdd82,2,94185792,0.0,1741052365221791,Balanced Dollar,0.1302224875,bnUSD,0,1,2025-03-04
cx88fd7df7ddff82f7cc735c871dc519838cb235bb,hx0000000000000000000000000000000000000000,cxd82fb5d3effecd8c9071a4bba3856ad7222c4b91,0x1c8599aaa8b6d1d,0x8a6609e4f2d1eec4c9f05f9543fd4ec19c356f541491258262325ccdc0ccdd82,1,94185792,0.12845111020115893,1741052365221791,Balanced Dollar,0.1302224875,bnUSD,0,1,2025-03-04
cx88fd7df7ddff82f7cc735c871dc519838cb235bb,hxc1718c79947e0f673296218b5b23adbd9a3b38a8,cxd82fb5d3effecd8c9071a4bba3856ad7222c4b91,0x1da25e37f4946f0000,0x8a6609e4f2d1eec4c9f05f9543fd4ec19c356f541491258262325ccdc0ccdd82,0,94185792,546.655428543134,1741052365221791,Balanced Dollar,0.1302224875,bnUSD,0,1,2025-03-04
cx88fd7df7ddff82f7cc735c871dc519838cb235bb,cx21e94c08c03daee80c25d8ee3ea22a20786ec231,hx7497c286aa521b09b2b54d78cde3fa4573c0e157,0x52927ee013e345830,0xbf07012a2b1bbf912a89d811dfa8f0dba7bbdbd259fb6e0068681d64e509d277,13,94185790,95.19932093730051,1741052361382139,Balanced Dollar,0.22349925,bnUSD,0,1,2025-03-04
cx88fd7df7ddff82f7cc735c871dc519838cb235bb,cxa0af3165c08318e988cb30993b3048335b94af6c,cx5faae53c4dbd1fbe4a2eb4aab6565030f10da5c6,0x1fc5991b4eaa904,0xbf07012a2b1bbf912a89d811dfa8f0dba7bbdbd259fb6e0068681d64e509d277,11,94185790,0.14308777050942081,1741052361382139,Balanced Dollar,0.22349925,bnUSD,0,1,2025-03-04
cx88fd7df7ddff82f7cc735c871dc519838cb235bb,cxa0af3165c08318e988cb30993b3048335b94af6c,cx21e94c08c03daee80c25d8ee3ea22a20786ec231,0x52927ee013e345830,0xbf07012a2b1bbf912a89d811dfa8f0dba7bbdbd259fb6e0068681d64e509d277,10,94185790,95.19932093730051,1741052361382139,Balanced Dollar,0.22349925,bnUSD,0,1,2025-03-04
cxf61cd5a45dc9f91c15aa65831a30a90d59a09619,cx21e94c08c03daee80c25d8ee3ea22a20786ec231,cxa0af3165c08318e988cb30993b3048335b94af6c,0x2ac5b7b0653624b1ff,0xbf07012a2b1bbf912a89d811dfa8f0dba7bbdbd259fb6e0068681d64e509d277,9,94185790,789.0103009907576,1741052361382139,Balance Token,0.22349925,BALN,0,1,2025-03-04
cx2609b924e33ef00b648a409245c7ea394c467824,cxa0af3165c08318e988cb30993b3048335b94af6c,cx5faae53c4dbd1fbe4a2eb4aab6565030f10da5c6,0xd90ea0bdd994f3c,0xbf07012a2b1bbf912a89d811dfa8f0dba7bbdbd259fb6e0068681d64e509d277,7,94185790,0.9775384558227495,1741052361382139,Staked ICX,0.22349925,sICX,0,1,2025-03-04
cxf61cd5a45dc9f91c15aa65831a30a90d59a09619,cxa0af3165c08318e988cb30993b3048335b94af6c,cx21e94c08c03daee80c25d8ee3ea22a20786ec231,0x2ac5b7b0653624b1ff,0xbf07012a2b1bbf912a89d811dfa8f0dba7bbdbd259fb6e0068681d64e509d277,6,94185790,789.0103009907576,1741052361382139,Balance Token,0.22349925,BALN,0,1,2025-03-04
cx2609b924e33ef00b648a409245c7ea394c467824,cx21e94c08c03daee80c25d8ee3ea22a20786ec231,cxa0af3165c08318e988cb30993b3048335b94af6c,0x23540c29911493ae8b,0xbf07012a2b1bbf912a89d811dfa8f0dba7bbdbd259fb6e0068681d64e509d277,5,94185790,651.692303881833,1741052361382139,Staked ICX,0.22349925,sICX,0,1,2025-03-04
cx88fd7df7ddff82f7cc735c871dc519838cb235bb,cxa0af3165c08318e988cb30993b3048335b94af6c,cx5faae53c4dbd1fbe4a2eb4aab6565030f10da5c6,0x1fa6aa26fca1493,0xbf07012a2b1bbf912a89d811dfa8f0dba7bbdbd259fb6e0068681d64e509d277,3,94185790,0.14254358410835266,1741052361382139,Balanced Dollar,0.22349925,bnUSD,0,1,2025-03-04
cx2609b924e33ef00b648a409245c7ea394c467824,cxa0af3165c08318e988cb30993b3048335b94af6c,cx21e94c08c03daee80c25d8ee3ea22a20786ec231,0x23540c29911493ae8b,0xbf07012a2b1bbf912a89d811dfa8f0dba7bbdbd259fb6e0068681d64e509d277,2,94185790,651.692303881833,1741052361382139,Staked ICX,0.22349925,sICX,0,1,2025-03-04
cx88fd7df7ddff82f7cc735c871dc519838cb235bb,cx21e94c08c03daee80c25d8ee3ea22a20786ec231,cxa0af3165c08318e988cb30993b3048335b94af6c,0x526cb07031e404000,0xbf07012a2b1bbf912a89d811dfa8f0dba7bbdbd259fb6e0068681d64e509d277,1,94185790,95.02905607223511,1741052361382139,Balanced Dollar,0.22349925,bnUSD,0,1,2025-03-04
cx88fd7df7ddff82f7cc735c871dc519838cb235bb,hx7497c286aa521b09b2b54d78cde3fa4573c0e157,cx21e94c08c03daee80c25d8ee3ea22a20786ec231,0x526cb07031e404000,0xbf07012a2b1bbf912a89d811dfa8f0dba7bbdbd259fb6e0068681d64e509d277,0,94185790,95.02905607223511,1741052361382139,Balanced Dollar,0.22349925,bnUSD,0,1,2025-03-04
cx88fd7df7ddff82f7cc735c871dc519838cb235bb,cxa0af3165c08318e988cb30993b3048335b94af6c,cx5faae53c4dbd1fbe4a2eb4aab6565030f10da5c6,0xb6cdc73228d6c0e,0x88e2a241f4ccffe8009b7ba57460adc07abcdca91129fa783e17100e8afc78cf,2,94185789,0.8232752189610015,1741052359200252,Balanced Dollar,0.070579675,bnUSD,0,1,2025-03-04
cx88fd7df7ddff82f7cc735c871dc519838cb235bb,cxa0af3165c08318e988cb30993b3048335b94af6c,hxc1718c79947e0f673296218b5b23adbd9a3b38a8,0x1daec36f072b020771,0x88e2a241f4ccffe8009b7ba57460adc07abcdca91129fa783e17100e8afc78cf,1,94185789,547.548609197212,1741052359200252,Balanced Dollar,0.070579675,bnUSD,0,1,2025-03-04
cx2609b924e33ef00b648a409245c7ea394c467824,hxc1718c79947e0f673296218b5b23adbd9a3b38a8,cxa0af3165c08318e988cb30993b3048335b94af6c,0xccada84aa63c400000,0x88e2a241f4ccffe8009b7ba57460adc07abcdca91129fa783e17100e8afc78cf,0,94185789,3775.6491246792334,1741052359200252,Staked ICX,0.070579675,sICX,0,1,2025-03-04
cxf61cd5a45dc9f91c15aa65831a30a90d59a09619,cx10d59e8103ab44635190bd4139dbfd682fa2d07e,hx247e7c6b63c63d5b04c539373a0fbcffbdedd358,0x21fa90513481ef66,0x7d67fa300fdfe2c31cc3aed2ba86ca2b5a18a1336dc1fa6c50ad54f92685335c,3,94185784,2.448428025876967,1741052349063052,Balance Token,0.0909071625,BALN,0,1,2025-03-04
cx2609b924e33ef00b648a409245c7ea394c467824,cx10d59e8103ab44635190bd4139dbfd682fa2d07e,hx247e7c6b63c63d5b04c539373a0fbcffbdedd358,0x580133edd896c9517,0x7d67fa300fdfe2c31cc3aed2ba86ca2b5a18a1336dc1fa6c50ad54f92685335c,1,94185784,101.46250955117432,1741052349063052,Staked ICX,0.0909071625,sICX,0,1,2025-03-04
cx88fd7df7ddff82f7cc735c871dc519838cb235bb,cxa0af3165c08318e988cb30993b3048335b94af6c,cx5faae53c4dbd1fbe4a2eb4aab6565030f10da5c6,0x6a5941d1d8f8c7,0x01f85a055c4c30f8e7d1156e8d3c106538366e83065764f4a3c248a114c204df,2,94185767,0.029934486759733446,1741052315212501,Balanced Dollar,0.056878975,bnUSD,0,1,2025-03-04
cx88fd7df7ddff82f7cc735c871dc519838cb235bb,cxa0af3165c08318e988cb30993b3048335b94af6c,hx06efa9167ece33af37f7153dc53bce2775f812f2,0x11425cf669bab4dd0,0x01f85a055c4c30f8e7d1156e8d3c106538366e83065764f4a3c248a114c204df,1,94185767,19.898538568211713,1741052315212501,Balanced Dollar,0.056878975,bnUSD,0,1,2025-03-04
cx4297f4b63262507623b6ad575d0d8dd2db980e4e,hx06efa9167ece33af37f7153dc53bce2775f812f2,cxa0af3165c08318e988cb30993b3048335b94af6c,0x179f78e0097108fe,0x01f85a055c4c30f8e7d1156e8d3c106538366e83065764f4a3c248a114c204df,0,94185767,1.7022120877957472,1741052315212501,Injective,0.056878975,INJ,0,1,2025-03-04
cx88fd7df7ddff82f7cc735c871dc519838cb235bb,cxbf469921730ed3c3c8c1924fc482d369f8795fe2,hx385a695da4288bf7d70df14d1201e832c2bcf2a6,0x16be5b6f8af4e70000,0x75d77662e980a752fa95de1395578ff44c462f152992600e93997804381f4727,1,94185765,419.5450493543021,1741052311370644,Balanced Dollar,0.0417486375,bnUSD,0,3,2025-03-04
cx88fd7df7ddff82f7cc735c871dc519838cb235bb,hx385a695da4288bf7d70df14d1201e832c2bcf2a6,cxbf469921730ed3c3c8c1924fc482d369f8795fe2,0x16be5b6f8af4e70000,0x75d77662e980a752fa95de1395578ff44c462f152992600e93997804381f4727,0,94185765,419.5450493543021,1741052311370644,Balanced Dollar,0.0417486375,bnUSD,0,3,2025-03-04
cx4297f4b63262507623b6ad575d0d8dd2db980e4e,cx66d4d90f5f113eba575bf793570135f9b10cece1,cx835b300dcfe01f0bdb794e134a0c5628384f4367,0x3d15e867879b3e,0x73ab38e0a4c90bb7b8f89765dd416673b704f69b941c991ddc0419e671a52aef,3,94185765,0.017194061492886333,1741052311370644,Injective,0.09281075,INJ,0,2,2025-03-04
cx4297f4b63262507623b6ad575d0d8dd2db980e4e,cx66d4d90f5f113eba575bf793570135f9b10cece1,hx06efa9167ece33af37f7153dc53bce2775f812f2,0x179f78e0097108fe,0x73ab38e0a4c90bb7b8f89765dd416673b704f69b941c991ddc0419e671a52aef,1,94185765,1.7022120877957472,1741052311370644,Injective,0.09281075,INJ,0,2,2025-03-04
cx88fd7df7ddff82f7cc735c871dc519838cb235bb,hx06efa9167ece33af37f7153dc53bce2775f812f2,hx0000000000000000000000000000000000000000,0x101d79ce92dac8108,0x73ab38e0a4c90bb7b8f89765dd416673b704f69b941c991ddc0419e671a52aef,0,94185765,18.579491313047864,1741052311370644,Balanced Dollar,0.09281075,bnUSD,0,2,2025-03-04
cxf61cd5a45dc9f91c15aa65831a30a90d59a09619,cx9345f80d6c98357ccbb70392b14162199c2c5f66,cxd82fb5d3effecd8c9071a4bba3856ad7222c4b91,0xdc27197809bc10,0xfb8104a7ec8be5909cbb17485ebc57d335fedbeed205d11aea4138c0d5995cd4,4,94185765,0.06196748521791387,1741052311370644,Balance Token,0.13022905,BALN,0,1,2025-03-04
cx2609b924e33ef00b648a409245c7ea394c467824,cx9345f80d6c98357ccbb70392b14162199c2c5f66,cxd82fb5d3effecd8c9071a4bba3856ad7222c4b91,0xf22b7eaf3277743,0xfb8104a7ec8be5909cbb17485ebc57d335fedbeed205d11aea4138c0d5995cd4,3,94185765,1.0906362795067615,1741052311370644,Staked ICX,0.13022905,sICX,0,1,2025-03-04
cx88fd7df7ddff82f7cc735c871dc519838cb235bb,hx0000000000000000000000000000000000000000,cx5faae53c4dbd1fbe4a2eb4aab6565030f10da5c6,0x0,0xfb8104a7ec8be5909cbb17485ebc57d335fedbeed205d11aea4138c0d5995cd4,2,94185765,0.0,1741052311370644,Balanced Dollar,0.13022905,bnUSD,0,1,2025-03-04
cx88fd7df7ddff82f7cc735c871dc519838cb235bb,hx0000000000000000000000000000000000000000,cxd82fb5d3effecd8c9071a4bba3856ad7222c4b91,0x2760fae2d2a9fb7,0xfb8104a7ec8be5909cbb17485ebc57d335fedbeed205d11aea4138c0d5995cd4,1,94185765,0.17734647608420753,1741052311370644,Balanced Dollar,0.13022905,bnUSD,0,1,2025-03-04
cx88fd7df7ddff82f7cc735c871dc519838cb235bb,hxc1718c79947e0f673296218b5b23adbd9a3b38a8,cxd82fb5d3effecd8c9071a4bba3856ad7222c4b91,0x1da95bacedc0850000,0xfb8104a7ec8be5909cbb17485ebc57d335fedbeed205d11aea4138c0d5995cd4,0,94185765,547.1591158900046,1741052311370644,Balanced Dollar,0.13022905,bnUSD,0,1,2025-03-04
cx88fd7df7ddff82f7cc735c871dc519838cb235bb,cxa0af3165c08318e988cb30993b3048335b94af6c,cx5faae53c4dbd1fbe4a2eb4aab6565030f10da5c6,0xb708c3c7396169c,0x235e122dd346f2570d3402bc8af423f96c760088cea858fc3e1e9eb580262697,2,94185762,0.8243129230739432,1741052305093469,Balanced Dollar,0.070579675,bnUSD,0,1,2025-03-04
cx88fd7df7ddff82f7cc735c871dc519838cb235bb,cxa0af3165c08318e988cb30993b3048335b94af6c,hxc1718c79947e0f673296218b5b23adbd9a3b38a8,0x1db858281e8a5ec4fd,0x235e122dd346f2570d3402bc8af423f96c760088cea858fc3e1e9eb580262697,1,94185762,548.2389893501419,1741052305093469,Balanced Dollar,0.070579675,bnUSD,0,1,2025-03-04
cx2609b924e33ef00b648a409245c7ea394c467824,hxc1718c79947e0f673296218b5b23adbd9a3b38a8,cxa0af3165c08318e988cb30993b3048335b94af6c,0xccada84aa63c400000,0x235e122dd346f2570d3402bc8af423f96c760088cea858fc3e1e9eb580262697,0,94185762,3775.6491246792334,1741052305093469,Staked ICX,0.070579675,sICX,0,1,2025-03-04
cx16f3cb9f09f5cdd902cf07aa752c8b3bd1bc9609,cx21e94c08c03daee80c25d8ee3ea22a20786ec231,hx0000000000000000000000000000000000000000,0x3cfad144,0x41805932345371bedb7fe5aed4dfbfad6c3f7816cc4092c2042dc1e1ba025a7a,13,94185751,1023.070532,1741052283045659,Tether USD,0.16797475,USDT,0,1,2025-03-04
cx16f3cb9f09f5cdd902cf07aa752c8b3bd1bc9609,cxa09dbb60dcb62fffbd232b6eae132d730a2aafa6,cx21e94c08c03daee80c25d8ee3ea22a20786ec231,0x3cfad144,0x41805932345371bedb7fe5aed4dfbfad6c3f7816cc4092c2042dc1e1ba025a7a,10,94185751,1023.070532,1741052283045659,Tether USD,0.16797475,USDT,0,1,2025-03-04
cx88fd7df7ddff82f7cc735c871dc519838cb235bb,cxa09dbb60dcb62fffbd232b6eae132d730a2aafa6,cx5faae53c4dbd1fbe4a2eb4aab6565030f10da5c6,0x2ab8d72df625c4c9,0x41805932345371bedb7fe5aed4dfbfad6c3f7816cc4092c2042dc1e1ba025a7a,9,94185751,3.0784469377109045,1741052283045659,Balanced Dollar,0.16797475,bnUSD,0,1,2025-03-04
cx88fd7df7ddff82f7cc735c871dc519838cb235bb,cxa09dbb60dcb62fffbd232b6eae132d730a2aafa6,hx0000000000000000000000000000000000000000,0x3775f4acaa8b07cc2f,0x41805932345371bedb7fe5aed4dfbfad6c3f7816cc4092c2042dc1e1ba025a7a,8,94185751,1023.0705322992573,1741052283045659,Balanced Dollar,0.16797475,bnUSD,0,1,2025-03-04
cx88fd7df7ddff82f7cc735c871dc519838cb235bb,cx21e94c08c03daee80c25d8ee3ea22a20786ec231,cxa09dbb60dcb62fffbd232b6eae132d730a2aafa6,0x37a0ad83d8812d90f8,0x41805932345371bedb7fe5aed4dfbfad6c3f7816cc4092c2042dc1e1ba025a7a,7,94185751,1026.1489792369682,1741052283045659,Balanced Dollar,0.16797475,bnUSD,0,1,2025-03-04
cx88fd7df7ddff82f7cc735c871dc519838cb235bb,cxa0af3165c08318e988cb30993b3048335b94af6c,cx5faae53c4dbd1fbe4a2eb4aab6565030f10da5c6,0x1549140730ae9a57,0x41805932345371bedb7fe5aed4dfbfad6c3f7816cc4092c2042dc1e1ba025a7a,5,94185751,1.5337791692104403,1741052283045659,Balanced Dollar,0.16797475,bnUSD,0,1,2025-03-04
cx88fd7df7ddff82f7cc735c871dc519838cb235bb,cxa0af3165c08318e988cb30993b3048335b94af6c,cx21e94c08c03daee80c25d8ee3ea22a20786ec231,0x37a0ad83d8812d90f8,0x41805932345371bedb7fe5aed4dfbfad6c3f7816cc4092c2042dc1e1ba025a7a,4,94185751,1026.1489792369682,1741052283045659,Balanced Dollar,0.16797475,bnUSD,0,1,2025-03-04
cx65c9e3d4fea842e00add0d32a5b4c5e4e04c7a6b,cx21e94c08c03daee80c25d8ee3ea22a20786ec231,cxa0af3165c08318e988cb30993b3048335b94af6c,0x1abf61b00,0x41805932345371bedb7fe5aed4dfbfad6c3f7816cc4092c2042dc1e1ba025a7a,3,94185751,7.18,1741052283045659,Solana,0.16797475,SOL,0,1,2025-03-04
cx65c9e3d4fea842e00add0d32a5b4c5e4e04c7a6b,hx0000000000000000000000000000000000000000,cx21e94c08c03daee80c25d8ee3ea22a20786ec231,0x1abf61b00,0x41805932345371bedb7fe5aed4dfbfad6c3f7816cc4092c2042dc1e1ba025a7a,1,94185751,7.18,1741052283045659,Solana,0.16797475,SOL,0,1,2025-03-04
cxf61cd5a45dc9f91c15aa65831a30a90d59a09619,cx9345f80d6c98357ccbb70392b14162199c2c5f66,cxd82fb5d3effecd8c9071a4bba3856ad7222c4b91,0x14d344239237d80,0xd8a32cade40d32cee82a0f10f5509f0f8135c613556eb74ad64a5704bd1d0ea5,4,94185728,0.09378862627576154,1741052237021232,Balance Token,0.1302343,BALN,0,1,2025-03-04
cx2609b924e33ef00b648a409245c7ea394c467824,cx9345f80d6c98357ccbb70392b14162199c2c5f66,cxd82fb5d3effecd8c9071a4bba3856ad7222c4b91,0x16e8704ed7cd0788,0xd8a32cade40d32cee82a0f10f5509f0f8135c613556eb74ad64a5704bd1d0ea5,3,94185728,1.650692747361585,1741052237021232,Staked ICX,0.1302343,sICX,0,1,2025-03-04
cx88fd7df7ddff82f7cc735c871dc519838cb235bb,hx0000000000000000000000000000000000000000,cx5faae53c4dbd1fbe4a2eb4aab6565030f10da5c6,0x0,0xd8a32cade40d32cee82a0f10f5509f0f8135c613556eb74ad64a5704bd1d0ea5,2,94185728,0.0,1741052237021232,Balanced Dollar,0.1302343,bnUSD,0,1,2025-03-04
cx88fd7df7ddff82f7cc735c871dc519838cb235bb,hx0000000000000000000000000000000000000000,cxd82fb5d3effecd8c9071a4bba3856ad7222c4b91,0x3b41004da04728d,0xd8a32cade40d32cee82a0f10f5509f0f8135c613556eb74ad64a5704bd1d0ea5,1,94185728,0.26685589094534007,1741052237021232,Balanced Dollar,0.1302343,bnUSD,0,1,2025-03-04
cx88fd7df7ddff82f7cc735c871dc519838cb235bb,hxc1718c79947e0f673296218b5b23adbd9a3b38a8,cxd82fb5d3effecd8c9071a4bba3856ad7222c4b91,0x1db78a802f6dfa0000,0xd8a32cade40d32cee82a0f10f5509f0f8135c613556eb74ad64a5704bd1d0ea5,0,94185728,548.1811023345008,1741052237021232,Balanced Dollar,0.1302343,bnUSD,0,1,2025-03-04
cx88fd7df7ddff82f7cc735c871dc519838cb235bb,cxa0af3165c08318e988cb30993b3048335b94af6c,cx5faae53c4dbd1fbe4a2eb4aab6565030f10da5c6,0xb743dcefa785fd1,0xf8b33c43dcae8961ff32c022484ea1b57f92f6724f2e892c6f94f491630caf46,2,94185726,0.8253525908903936,1741052233021676,Balanced Dollar,0.070579675,bnUSD,0,1,2025-03-04
cx88fd7df7ddff82f7cc735c871dc519838cb235bb,cxa0af3165c08318e988cb30993b3048335b94af6c,hxc1718c79947e0f673296218b5b23adbd9a3b38a8,0x1dc1f185ca26a9e3ca,0xf8b33c43dcae8961ff32c022484ea1b57f92f6724f2e892c6f94f491630caf46,1,94185726,548.9306763595629,1741052233021676,Balanced Dollar,0.070579675,bnUSD,0,1,2025-03-04
cx2609b924e33ef00b648a409245c7ea394c467824,hxc1718c79947e0f673296218b5b23adbd9a3b38a8,cxa0af3165c08318e988cb30993b3048335b94af6c,0xccada84aa63c400000,0xf8b33c43dcae8961ff32c022484ea1b57f92f6724f2e892c6f94f491630caf46,0,94185726,3775.6491246792334,1741052233021676,Staked ICX,0.070579675,sICX,0,1,2025-03-04
cx88fd7df7ddff82f7cc735c871dc519838cb235bb,cx21e94c08c03daee80c25d8ee3ea22a20786ec231,hx7497c286aa521b09b2b54d78cde3fa4573c0e157,0x2ba229e1a47cfadf,0xfc88e4b26b8cffed246b549579b655660212010b630239bd1a8eb5271ab77220,13,94185674,3.1441215389620623,1741052128994222,Balanced Dollar,0.2044929375,bnUSD,0,1,2025-03-04
cx369a5f4ce4f4648dfc96ba0c8229be0693b4eca2,cx21e94c08c03daee80c25d8ee3ea22a20786ec231,cxa0af3165c08318e988cb30993b3048335b94af6c,0x251109b0efc9184c5ff0,0xfc88e4b26b8cffed246b549579b655660212010b630239bd1a8eb5271ab77220,12,94185674,175041.85283701916,1741052128994222,Metanyx,0.2044929375,METX,0,1,2025-03-04
cx88fd7df7ddff82f7cc735c871dc519838cb235bb,cxa0af3165c08318e988cb30993b3048335b94af6c,cx5faae53c4dbd1fbe4a2eb4aab6565030f10da5c6,0x108a960017c5aa,0xfc88e4b26b8cffed246b549579b655660212010b630239bd1a8eb5271ab77220,10,94185674,0.004655976478655914,1741052128994222,Balanced Dollar,0.2044929375,bnUSD,0,1,2025-03-04
cx88fd7df7ddff82f7cc735c871dc519838cb235bb,cxa0af3165c08318e988cb30993b3048335b94af6c,cx21e94c08c03daee80c25d8ee3ea22a20786ec231,0x2ba229e1a47cfadf,0xfc88e4b26b8cffed246b549579b655660212010b630239bd1a8eb5271ab77220,9,94185674,3.1441215389620623,1741052128994222,Balanced Dollar,0.2044929375,bnUSD,0,1,2025-03-04
cx2609b924e33ef00b648a409245c7ea394c467824,cxa0af3165c08318e988cb30993b3048335b94af6c,cx5faae53c4dbd1fbe4a2eb4aab6565030f10da5c6,0x6d9b39d7817621,0xfc88e4b26b8cffed246b549579b655660212010b630239bd1a8eb5271ab77220,7,94185674,0.03085144519248848,1741052128994222,Staked ICX,0.2044929375,sICX,0,1,2025-03-04
cx369a5f4ce4f4648dfc96ba0c8229be0693b4eca2,cxa0af3165c08318e988cb30993b3048335b94af6c,cx21e94c08c03daee80c25d8ee3ea22a20786ec231,0x251109b0efc9184c5ff0,0xfc88e4b26b8cffed246b549579b655660212010b630239bd1a8eb5271ab77220,6,94185674,175041.85283701916,1741052128994222,Metanyx,0.2044929375,METX,0,1,2025-03-04
cx2609b924e33ef00b648a409245c7ea394c467824,cx21e94c08c03daee80c25d8ee3ea22a20786ec231,cxa0af3165c08318e988cb30993b3048335b94af6c,0x11d6ee6a13678f77b,0xfc88e4b26b8cffed246b549579b655660212010b630239bd1a8eb5271ab77220,5,94185674,20.567630128325654,1741052128994222,Staked ICX,0.2044929375,sICX,0,1,2025-03-04
cx88fd7df7ddff82f7cc735c871dc519838cb235bb,cxa0af3165c08318e988cb30993b3048335b94af6c,cx5faae53c4dbd1fbe4a2eb4aab6565030f10da5c6,0x100a9b11030631,0xfc88e4b26b8cffed246b549579b655660212010b630239bd1a8eb5271ab77220,3,94185674,0.004515260748990001,1741052128994222,Balanced Dollar,0.2044929375,bnUSD,0,1,2025-03-04
cx2609b924e33ef00b648a409245c7ea394c467824,cxa0af3165c08318e988cb30993b3048335b94af6c,cx21e94c08c03daee80c25d8ee3ea22a20786ec231,0x11d6ee6a13678f77b,0xfc88e4b26b8cffed246b549579b655660212010b630239bd1a8eb5271ab77220,2,94185674,20.567630128325654,1741052128994222,Staked ICX,0.2044929375,sICX,0,1,2025-03-04
cx88fd7df7ddff82f7cc735c871dc519838cb235bb,cx21e94c08c03daee80c25d8ee3ea22a20786ec231,cxa0af3165c08318e988cb30993b3048335b94af6c,0x29c64926f7e02200,0xfc88e4b26b8cffed246b549579b655660212010b630239bd1a8eb5271ab77220,1,94185674,3.0101738326600014,1741052128994222,Balanced Dollar,0.2044929375,bnUSD,0,1,2025-03-04
cx88fd7df7ddff82f7cc735c871dc519838cb235bb,hx7497c286aa521b09b2b54d78cde3fa4573c0e157,cx21e94c08c03daee80c25d8ee3ea22a20786ec231,0x29c64926f7e02200,0xfc88e4b26b8cffed246b549579b655660212010b630239bd1a8eb5271ab77220,0,94185674,3.0101738326600014,1741052128994222,Balanced Dollar,0.2044929375,bnUSD,0,1,2025-03-04
cxf61cd5a45dc9f91c15aa65831a30a90d59a09619,cx9345f80d6c98357ccbb70392b14162199c2c5f66,cxd82fb5d3effecd8c9071a4bba3856ad7222c4b91,0x710d28c119c170,0x9f3479021ff33cf2627001eebd7618c62d030ff62a17e92bd36d03dfebbb317d,4,94185672,0.03182114105784766,1741052125146552,Balance Token,0.1302212375,BALN,0,2,2025-03-04
cx2609b924e33ef00b648a409245c7ea394c467824,cx9345f80d6c98357ccbb70392b14162199c2c5f66,cxd82fb5d3effecd8c9071a4bba3856ad7222c4b91,0x7c5b863e4a59045,0x9f3479021ff33cf2627001eebd7618c62d030ff62a17e92bd36d03dfebbb317d,3,94185672,0.5600564678548235,1741052125146552,Staked ICX,0.1302212375,sICX,0,2,2025-03-04
cx88fd7df7ddff82f7cc735c871dc519838cb235bb,hx0000000000000000000000000000000000000000,cx5faae53c4dbd1fbe4a2eb4aab6565030f10da5c6,0x0,0x9f3479021ff33cf2627001eebd7618c62d030ff62a17e92bd36d03dfebbb317d,2,94185672,0.0,1741052125146552,Balanced Dollar,0.1302212375,bnUSD,0,2,2025-03-04
cx88fd7df7ddff82f7cc735c871dc519838cb235bb,hx0000000000000000000000000000000000000000,cxd82fb5d3effecd8c9071a4bba3856ad7222c4b91,0x1437a2902eac911,0x9f3479021ff33cf2627001eebd7618c62d030ff62a17e92bd36d03dfebbb317d,1,94185672,0.09105073403873103,1741052125146552,Balanced Dollar,0.1302212375,bnUSD,0,2,2025-03-04
cx88fd7df7ddff82f7cc735c871dc519838cb235bb,hxc1718c79947e0f673296218b5b23adbd9a3b38a8,cxd82fb5d3effecd8c9071a4bba3856ad7222c4b91,0x1dbe914380fad10000,0x9f3479021ff33cf2627001eebd7618c62d030ff62a17e92bd36d03dfebbb317d,0,94185672,548.6874090976493,1741052125146552,Balanced Dollar,0.1302212375,bnUSD,0,2,2025-03-04
cx88fd7df7ddff82f7cc735c871dc519838cb235bb,cxa0af3165c08318e988cb30993b3048335b94af6c,cx5faae53c4dbd1fbe4a2eb4aab6565030f10da5c6,0x98e478d1b365d4,0x44df7268dc909109f7f065f59ea1efc3905e09476b03d75d7cf4eff6c81f621a,2,94185672,0.043035404025423316,1741052125146552,Balanced Dollar,0.056880225,bnUSD,0,1,2025-03-04
cx88fd7df7ddff82f7cc735c871dc519838cb235bb,cxa0af3165c08318e988cb30993b3048335b94af6c,hx06efa9167ece33af37f7153dc53bce2775f812f2,0x18d05d273b5057468,0x44df7268dc909109f7f065f59ea1efc3905e09476b03d75d7cf4eff6c81f621a,1,94185672,28.60850360234105,1741052125146552,Balanced Dollar,0.056880225,bnUSD,0,1,2025-03-04
cx4297f4b63262507623b6ad575d0d8dd2db980e4e,hx06efa9167ece33af37f7153dc53bce2775f812f2,cxa0af3165c08318e988cb30993b3048335b94af6c,0x21f458d3458bb35c,0x44df7268dc909109f7f065f59ea1efc3905e09476b03d75d7cf4eff6c81f621a,0,94185672,2.446678161997149,1741052125146552,Injective,0.056880225,INJ,0,1,2025-03-04
cx88fd7df7ddff82f7cc735c871dc519838cb235bb,cx21e94c08c03daee80c25d8ee3ea22a20786ec231,hx7497c286aa521b09b2b54d78cde3fa4573c0e157,0x52874957585e6bde9,0xc6e88f6dd98080a75b66105d14eba41d210b6c5c6dcde5e46c97e9dfb262a111,13,94185671,95.14883955935352,1741052122996641,Balanced Dollar,0.22349925,bnUSD,0,1,2025-03-04
cx88fd7df7ddff82f7cc735c871dc519838cb235bb,cxa0af3165c08318e988cb30993b3048335b94af6c,cx5faae53c4dbd1fbe4a2eb4aab6565030f10da5c6,0x1fc14c12910ef16,0xc6e88f6dd98080a75b66105d14eba41d210b6c5c6dcde5e46c97e9dfb262a111,11,94185671,0.14301210801923253,1741052122996641,Balanced Dollar,0.22349925,bnUSD,0,1,2025-03-04
cx88fd7df7ddff82f7cc735c871dc519838cb235bb,cxa0af3165c08318e988cb30993b3048335b94af6c,cx21e94c08c03daee80c25d8ee3ea22a20786ec231,0x52874957585e6bde9,0xc6e88f6dd98080a75b66105d14eba41d210b6c5c6dcde5e46c97e9dfb262a111,10,94185671,95.14883955935352,1741052122996641,Balanced Dollar,0.22349925,bnUSD,0,1,2025-03-04
cxf61cd5a45dc9f91c15aa65831a30a90d59a09619,cx21e94c08c03daee80c25d8ee3ea22a20786ec231,cxa0af3165c08318e988cb30993b3048335b94af6c,0x2aaa6c3702e1737642,0xc6e88f6dd98080a75b66105d14eba41d210b6c5c6dcde5e46c97e9dfb262a111,9,94185671,787.0435018652456,1741052122996641,Balance Token,0.22349925,BALN,0,1,2025-03-04
cx2609b924e33ef00b648a409245c7ea394c467824,cxa0af3165c08318e988cb30993b3048335b94af6c,cx5faae53c4dbd1fbe4a2eb4aab6565030f10da5c6,0xd849542ffb75839,0xc6e88f6dd98080a75b66105d14eba41d210b6c5c6dcde5e46c97e9dfb262a111,7,94185671,0.9740675344094557,1741052122996641,Staked ICX,0.22349925,sICX,0,1,2025-03-04
cxf61cd5a45dc9f91c15aa65831a30a90d59a09619,cxa0af3165c08318e988cb30993b3048335b94af6c,cx21e94c08c03daee80c25d8ee3ea22a20786ec231,0x2aaa6c3702e1737642,0xc6e88f6dd98080a75b66105d14eba41d210b6c5c6dcde5e46c97e9dfb262a111,6,94185671,787.0435018652456,1741052122996641,Balance Token,0.22349925,BALN,0,1,2025-03-04
cx2609b924e33ef00b648a409245c7ea394c467824,cx21e94c08c03daee80c25d8ee3ea22a20786ec231,cxa0af3165c08318e988cb30993b3048335b94af6c,0x2333ef5e79ed75c09f,0xc6e88f6dd98080a75b66105d14eba41d210b6c5c6dcde5e46c97e9dfb262a111,5,94185671,649.3783562729704,1741052122996641,Staked ICX,0.22349925,sICX,0,1,2025-03-04
cx88fd7df7ddff82f7cc735c871dc519838cb235bb,cxa0af3165c08318e988cb30993b3048335b94af6c,cx5faae53c4dbd1fbe4a2eb4aab6565030f10da5c6,0x1fa6aa26fca1493,0xc6e88f6dd98080a75b66105d14eba41d210b6c5c6dcde5e46c97e9dfb262a111,3,94185671,0.14254358410835266,1741052122996641,Balanced Dollar,0.22349925,bnUSD,0,1,2025-03-04
cx2609b924e33ef00b648a409245c7ea394c467824,cxa0af3165c08318e988cb30993b3048335b94af6c,cx21e94c08c03daee80c25d8ee3ea22a20786ec231,0x2333ef5e79ed75c09f,0xc6e88f6dd98080a75b66105d14eba41d210b6c5c6dcde5e46c97e9dfb262a111,2,94185671,649.3783562729704,1741052122996641,Staked ICX,0.22349925,sICX,0,1,2025-03-04
cx88fd7df7ddff82f7cc735c871dc519838cb235bb,cx21e94c08c03daee80c25d8ee3ea22a20786ec231,cxa0af3165c08318e988cb30993b3048335b94af6c,0x526cb07031e404000,0xc6e88f6dd98080a75b66105d14eba41d210b6c5c6dcde5e46c97e9dfb262a111,1,94185671,95.02905607223511,1741052122996641,Balanced Dollar,0.22349925,bnUSD,0,1,2025-03-04
cx88fd7df7ddff82f7cc735c871dc519838cb235bb,hx7497c286aa521b09b2b54d78cde3fa4573c0e157,cx21e94c08c03daee80c25d8ee3ea22a20786ec231,0x526cb07031e404000,0xc6e88f6dd98080a75b66105d14eba41d210b6c5c6dcde5e46c97e9dfb262a111,0,94185671,95.02905607223511,1741052122996641,Balanced Dollar,0.22349925,bnUSD,0,1,2025-03-04
cx88fd7df7ddff82f7cc735c871dc519838cb235bb,cxa0af3165c08318e988cb30993b3048335b94af6c,cx5faae53c4dbd1fbe4a2eb4aab6565030f10da5c6,0xb7748b05bda0fc8,0x55f1f1dc408920990a88c9f83204080b193f936004d5f6a8f38642eab2720098,2,94185670,0.8262089789382369,1741052121025982,Balanced Dollar,0.0705984875,bnUSD,0,3,2025-03-04
cx88fd7df7ddff82f7cc735c871dc519838cb235bb,cxa0af3165c08318e988cb30993b3048335b94af6c,hxc1718c79947e0f673296218b5b23adbd9a3b38a8,0x1dc9d9b042f47497dc,0x55f1f1dc408920990a88c9f83204080b193f936004d5f6a8f38642eab2720098,1,94185670,549.5004284107623,1741052121025982,Balanced Dollar,0.0705984875,bnUSD,0,3,2025-03-04
cx2609b924e33ef00b648a409245c7ea394c467824,hxc1718c79947e0f673296218b5b23adbd9a3b38a8,cxa0af3165c08318e988cb30993b3048335b94af6c,0xccada84aa63c400000,0x55f1f1dc408920990a88c9f83204080b193f936004d5f6a8f38642eab2720098,0,94185670,3775.6491246792334,1741052121025982,Staked ICX,0.0705984875,sICX,0,3,2025-03-04
cx88fd7df7ddff82f7cc735c871dc519838cb235bb,cxbf469921730ed3c3c8c1924fc482d369f8795fe2,hx385a695da4288bf7d70df14d1201e832c2bcf2a6,0x1832b68cbb18460000,0x146016ea3013f3df3359ade5726d334a02f68d562e9ad1a15ef690480c8490d9,1,94185670,446.37612065188097,1741052121025982,Balanced Dollar,0.0417486375,bnUSD,0,2,2025-03-04
cx88fd7df7ddff82f7cc735c871dc519838cb235bb,hx385a695da4288bf7d70df14d1201e832c2bcf2a6,cxbf469921730ed3c3c8c1924fc482d369f8795fe2,0x1832b68cbb18460000,0x146016ea3013f3df3359ade5726d334a02f68d562e9ad1a15ef690480c8490d9,0,94185670,446.37612065188097,1741052121025982,Balanced Dollar,0.0417486375,bnUSD,0,2,2025-03-04
cx4297f4b63262507623b6ad575d0d8dd2db980e4e,cx66d4d90f5f113eba575bf793570135f9b10cece1,cx835b300dcfe01f0bdb794e134a0c5628384f4367,0x57cd2e17f9a74e,0xfcc40c2eef769d1c9870ea9b245ed3556cef20f3b6171a0185fdc2e9814958d9,3,94185670,0.02471392082825403,1741052121025982,Injective,0.09281075,INJ,0,1,2025-03-04
cx4297f4b63262507623b6ad575d0d8dd2db980e4e,cx66d4d90f5f113eba575bf793570135f9b10cece1,hx06efa9167ece33af37f7153dc53bce2775f812f2,0x21f458d3458bb35c,0xfcc40c2eef769d1c9870ea9b245ed3556cef20f3b6171a0185fdc2e9814958d9,1,94185670,2.446678161997149,1741052121025982,Injective,0.09281075,INJ,0,1,2025-03-04
cx88fd7df7ddff82f7cc735c871dc519838cb235bb,hx06efa9167ece33af37f7153dc53bce2775f812f2,hx0000000000000000000000000000000000000000,0x1745bd44e9b73ddad,0xfcc40c2eef769d1c9870ea9b245ed3556cef20f3b6171a0185fdc2e9814958d9,0,94185670,26.831272639070463,1741052121025982,Balanced Dollar,0.09281075,bnUSD,0,1,2025-03-04
cxf61cd5a45dc9f91c15aa65831a30a90d59a09619,cx9345f80d6c98357ccbb70392b14162199c2c5f66,cxd82fb5d3effecd8c9071a4bba3856ad7222c4b91,0x69fc56350825590,0x641c9dc466f0abfd72b653d3178ac2f35e9b3e76a7bdbec5c88b304d0ec923e9,4,94185653,0.47731711586771497,1741052086975118,Balance Token,0.130226425,BALN,0,2,2025-03-04
cx2609b924e33ef00b648a409245c7ea394c467824,cx9345f80d6c98357ccbb70392b14162199c2c5f66,cxd82fb5d3effecd8c9071a4bba3856ad7222c4b91,0x7495cdda65b3740b,0x641c9dc466f0abfd72b653d3178ac2f35e9b3e76a7bdbec5c88b304d0ec923e9,3,94185653,8.400847017822352,1741052086975118,Staked ICX,0.130226425,sICX,0,2,2025-03-04
cx88fd7df7ddff82f7cc735c871dc519838cb235bb,hx0000000000000000000000000000000000000000,cx5faae53c4dbd1fbe4a2eb4aab6565030f10da5c6,0x0,0x641c9dc466f0abfd72b653d3178ac2f35e9b3e76a7bdbec5c88b304d0ec923e9,2,94185653,0.0,1741052086975118,Balanced Dollar,0.130226425,bnUSD,0,2,2025-03-04
cx88fd7df7ddff82f7cc735c871dc519838cb235bb,hx0000000000000000000000000000000000000000,cxd82fb5d3effecd8c9071a4bba3856ad7222c4b91,0x12e01a4e6dc0a7c8,0x641c9dc466f0abfd72b653d3178ac2f35e9b3e76a7bdbec5c88b304d0ec923e9,1,94185653,1.3601160116170035,1741052086975118,Balanced Dollar,0.130226425,bnUSD,0,2,2025-03-04
cx88fd7df7ddff82f7cc735c871dc519838cb235bb,hxc1718c79947e0f673296218b5b23adbd9a3b38a8,cxd82fb5d3effecd8c9071a4bba3856ad7222c4b91,0x1dc58ea2a92da40000,0x641c9dc466f0abfd72b653d3178ac2f35e9b3e76a7bdbec5c88b304d0ec923e9,0,94185653,549.1910724572406,1741052086975118,Balanced Dollar,0.130226425,bnUSD,0,2,2025-03-04
cx88fd7df7ddff82f7cc735c871dc519838cb235bb,cx203d9cd2a669be67177e997b8948ce2c35caffae,cx835b300dcfe01f0bdb794e134a0c5628384f4367,0x5ce2035fcf93e641,0xbe393302c9ebf8e93a90774fc1be3b3fe2701d0954e5945ee635ad5d1f38508a,6,94185649,6.692915706265331,1741052078972115,Balanced Dollar,0.11270545,bnUSD,0,1,2025-03-04
cx88fd7df7ddff82f7cc735c871dc519838cb235bb,cx5faae53c4dbd1fbe4a2eb4aab6565030f10da5c6,cx203d9cd2a669be67177e997b8948ce2c35caffae,0x84b0971b288a245d,0xbe393302c9ebf8e93a90774fc1be3b3fe2701d0954e5945ee635ad5d1f38508a,4,94185649,9.561308151807616,1741052078972115,Balanced Dollar,0.11270545,bnUSD,0,1,2025-03-04
cx88fd7df7ddff82f7cc735c871dc519838cb235bb,cx5faae53c4dbd1fbe4a2eb4aab6565030f10da5c6,cxdc30a0d3a1f131565c071272a20bc0b06fd4c17b,0x84b0971b288a245c,0xbe393302c9ebf8e93a90774fc1be3b3fe2701d0954e5945ee635ad5d1f38508a,3,94185649,9.561308151807616,1741052078972115,Balanced Dollar,0.11270545,bnUSD,0,1,2025-03-04
cx88fd7df7ddff82f7cc735c871dc519838cb235bb,cxa0af3165c08318e988cb30993b3048335b94af6c,cx5faae53c4dbd1fbe4a2eb4aab6565030f10da5c6,0xb7afd8711e79868,0xbe393302c9ebf8e93a90774fc1be3b3fe2701d0954e5945ee635ad5d1f38508a,2,94185649,0.8272522381387101,1741052078972115,Balanced Dollar,0.11270545,bnUSD,0,1,2025-03-04
cx88fd7df7ddff82f7cc735c871dc519838cb235bb,cxa0af3165c08318e988cb30993b3048335b94af6c,hxc1718c79947e0f673296218b5b23adbd9a3b38a8,0x1dd37b8bb4db514a6e,0xbe393302c9ebf8e93a90774fc1be3b3fe2701d0954e5945ee635ad5d1f38508a,1,94185649,550.1945055106052,1741052078972115,Balanced Dollar,0.11270545,bnUSD,0,1,2025-03-04
cx2609b924e33ef00b648a409245c7ea394c467824,hxc1718c79947e0f673296218b5b23adbd9a3b38a8,cxa0af3165c08318e988cb30993b3048335b94af6c,0xccada84aa63c400000,0xbe393302c9ebf8e93a90774fc1be3b3fe2701d0954e5945ee635ad5d1f38508a,0,94185649,3775.6491246792334,1741052078972115,Staked ICX,0.11270545,sICX,0,1,2025-03-04
cx88fd7df7ddff82f7cc735c871dc519838cb235bb,cxd82fb5d3effecd8c9071a4bba3856ad7222c4b91,hxc0a2c4b422657ff499640f07606b1516e9935b9b,0x23592442cdca39f0000,0x300c17deb2c04b0be15edd73f123337c8bb66c361eee2bd065cbc4a050bff45e,0,94185615,10432.95,1741052011212189,Balanced Dollar,0.0206959375,bnUSD,0,1,2025-03-04
cx88fd7df7ddff82f7cc735c871dc519838cb235bb,hx310bfeb923eabdf5f5b7e70a86bf865075c5e530,hx0000000000000000000000000000000000000000,0x658ac30bc8efaffff,0x8908de54039be390b4d7cd2c483b749e50eb9ffca23b46b674d5ffe6715a3fdc,0,94185539,117.07,1741051859027082,Balanced Dollar,0.0604607,bnUSD,0,1,2025-03-04
cx88fd7df7ddff82f7cc735c871dc519838cb235bb,hxc0a2c4b422657ff499640f07606b1516e9935b9b,hx0000000000000000000000000000000000000000,0x1043561a8829300000,0xab887514071ed8f74d504f8282a4ea18c646a21fa30ee705c7a2211c47790864,0,94185515,300.0,1741051811127990,Balanced Dollar,0.061710725,bnUSD,0,1,2025-03-04
cx88fd7df7ddff82f7cc735c871dc519838cb235bb,cx21e94c08c03daee80c25d8ee3ea22a20786ec231,hx310bfeb923eabdf5f5b7e70a86bf865075c5e530,0x658c1ee798fa4fd96,0x85d4c41cb64e152e14bee2956bd0e0971e105a6076ada65ae293a071b55f37ca,7,94185505,117.07611959396853,1741051790877355,Balanced Dollar,0.09946135,bnUSD,0,1,2025-03-04
cx88fd7df7ddff82f7cc735c871dc519838cb235bb,cxa0af3165c08318e988cb30993b3048335b94af6c,cx5faae53c4dbd1fbe4a2eb4aab6565030f10da5c6,0x271662c53f02b57,0x85d4c41cb64e152e14bee2956bd0e0971e105a6076ada65ae293a071b55f37ca,5,94185505,0.17603420101700284,1741051790877355,Balanced Dollar,0.09946135,bnUSD,0,1,2025-03-04
cx88fd7df7ddff82f7cc735c871dc519838cb235bb,cxa0af3165c08318e988cb30993b3048335b94af6c,cx21e94c08c03daee80c25d8ee3ea22a20786ec231,0x658c1ee798fa4fd96,0x85d4c41cb64e152e14bee2956bd0e0971e105a6076ada65ae293a071b55f37ca,4,94185505,117.07611959396853,1741051790877355,Balanced Dollar,0.09946135,bnUSD,0,1,2025-03-04
cx4297f4b63262507623b6ad575d0d8dd2db980e4e,cx21e94c08c03daee80c25d8ee3ea22a20786ec231,cxa0af3165c08318e988cb30993b3048335b94af6c,0x8ad8e67dc1c88000,0x85d4c41cb64e152e14bee2956bd0e0971e105a6076ada65ae293a071b55f37ca,3,94185505,10.005,1741051790877355,Injective,0.09946135,INJ,0,1,2025-03-04
cx4297f4b63262507623b6ad575d0d8dd2db980e4e,hx0000000000000000000000000000000000000000,cx21e94c08c03daee80c25d8ee3ea22a20786ec231,0x8ad8e67dc1c88000,0x85d4c41cb64e152e14bee2956bd0e0971e105a6076ada65ae293a071b55f37ca,1,94185505,10.005,1741051790877355,Injective,0.09946135,INJ,0,1,2025-03-04
cx88fd7df7ddff82f7cc735c871dc519838cb235bb,hxc0a2c4b422657ff499640f07606b1516e9935b9b,hx0000000000000000000000000000000000000000,0x6c6b935b8bbd400000,0xb002d63fc2bb05812f16b13c05861fb90b3c2961ac990fd11c1032c4ff20bac7,0,94185503,2000.0,1741051786871086,Balanced Dollar,0.0616544,bnUSD,0,1,2025-03-04
cx88fd7df7ddff82f7cc735c871dc519838cb235bb,cxd82fb5d3effecd8c9071a4bba3856ad7222c4b91,hxc0a2c4b422657ff499640f07606b1516e9935b9b,0x2868dd30b9127ab4d62,0xccc4ca16a70a20a532a9fe55228fd7e9108f4dd3982a7554956793d4c30c4746,0,94185487,11926.816196313868,1741051754897080,Balanced Dollar,0.02092975,bnUSD,0,1,2025-03-04
cx16f3cb9f09f5cdd902cf07aa752c8b3bd1bc9609,cx21e94c08c03daee80c25d8ee3ea22a20786ec231,hx0000000000000000000000000000000000000000,0x3bca2aef,0xaa598628a3774b132fbad4d6b9c3e92c0e6cead843ea82f466db49e0d81816b5,13,94185451,1003.105007,1741051682835442,Tether USD,0.17748985,USDT,0,1,2025-03-04
cx16f3cb9f09f5cdd902cf07aa752c8b3bd1bc9609,cxa09dbb60dcb62fffbd232b6eae132d730a2aafa6,cx21e94c08c03daee80c25d8ee3ea22a20786ec231,0x3bca2aef,0xaa598628a3774b132fbad4d6b9c3e92c0e6cead843ea82f466db49e0d81816b5,10,94185451,1003.105007,1741051682835442,Tether USD,0.17748985,USDT,0,1,2025-03-04
cx88fd7df7ddff82f7cc735c871dc519838cb235bb,cxa09dbb60dcb62fffbd232b6eae132d730a2aafa6,cx5faae53c4dbd1fbe4a2eb4aab6565030f10da5c6,0x29e367a4d3680010,0xaa598628a3774b132fbad4d6b9c3e92c0e6cead843ea82f466db49e0d81816b5,9,94185451,3.01837013288747,1741051682835442,Balanced Dollar,0.17748985,bnUSD,0,1,2025-03-04
cx88fd7df7ddff82f7cc735c871dc519838cb235bb,cxa09dbb60dcb62fffbd232b6eae132d730a2aafa6,hx0000000000000000000000000000000000000000,0x3660e0e1a3c6ad6b5f,0xaa598628a3774b132fbad4d6b9c3e92c0e6cead843ea82f466db49e0d81816b5,8,94185451,1003.1050074962692,1741051682835442,Balanced Dollar,0.17748985,bnUSD,0,1,2025-03-04
cx88fd7df7ddff82f7cc735c871dc519838cb235bb,cx21e94c08c03daee80c25d8ee3ea22a20786ec231,cxa09dbb60dcb62fffbd232b6eae132d730a2aafa6,0x368ac449489a156b6f,0xaa598628a3774b132fbad4d6b9c3e92c0e6cead843ea82f466db49e0d81816b5,7,94185451,1006.1233776291567,1741051682835442,Balanced Dollar,0.17748985,bnUSD,0,1,2025-03-04
cx88fd7df7ddff82f7cc735c871dc519838cb235bb,cxa0af3165c08318e988cb30993b3048335b94af6c,cx5faae53c4dbd1fbe4a2eb4aab6565030f10da5c6,0x14e58add6a8f1474,0xaa598628a3774b132fbad4d6b9c3e92c0e6cead843ea82f466db49e0d81816b5,5,94185451,1.5057623340054662,1741051682835442,Balanced Dollar,0.17748985,bnUSD,0,1,2025-03-04
cx88fd7df7ddff82f7cc735c871dc519838cb235bb,cxa0af3165c08318e988cb30993b3048335b94af6c,cx21e94c08c03daee80c25d8ee3ea22a20786ec231,0x368ac449489a156b6f,0xaa598628a3774b132fbad4d6b9c3e92c0e6cead843ea82f466db49e0d81816b5,4,94185451,1006.1233776291567,1741051682835442,Balanced Dollar,0.17748985,bnUSD,0,1,2025-03-04
cx4297f4b63262507623b6ad575d0d8dd2db980e4e,cx21e94c08c03daee80c25d8ee3ea22a20786ec231,cxa0af3165c08318e988cb30993b3048335b94af6c,0x4a23433a250838000,0xaa598628a3774b132fbad4d6b9c3e92c0e6cead843ea82f466db49e0d81816b5,3,94185451,85.475,1741051682835442,Injective,0.17748985,INJ,0,1,2025-03-04
cx4297f4b63262507623b6ad575d0d8dd2db980e4e,hx0000000000000000000000000000000000000000,cx21e94c08c03daee80c25d8ee3ea22a20786ec231,0x4a23433a250838000,0xaa598628a3774b132fbad4d6b9c3e92c0e6cead843ea82f466db49e0d81816b5,1,94185451,85.475,1741051682835442,Injective,0.17748985,INJ,0,1,2025-03-04
cx88fd7df7ddff82f7cc735c871dc519838cb235bb,cxa0af3165c08318e988cb30993b3048335b94af6c,cx5faae53c4dbd1fbe4a2eb4aab6565030f10da5c6,0xbb0d9082f17cd5,0x84d100200effb99bd6dff308bb43dc4138452157d3d1afa27089028d64fa9366,2,94185393,0.052650734968208594,1741051566792576,Balanced Dollar,0.0568815375,bnUSD,0,1,2025-03-04
cx88fd7df7ddff82f7cc735c871dc519838cb235bb,cxa0af3165c08318e988cb30993b3048335b94af6c,hx06efa9167ece33af37f7153dc53bce2775f812f2,0x1e5bea4015bf2f0d8,0x84d100200effb99bd6dff308bb43dc4138452157d3d1afa27089028d64fa9366,1,94185393,35.001593679714645,1741051566792576,Balanced Dollar,0.0568815375,bnUSD,0,1,2025-03-04
cx4297f4b63262507623b6ad575d0d8dd2db980e4e,hx06efa9167ece33af37f7153dc53bce2775f812f2,cxa0af3165c08318e988cb30993b3048335b94af6c,0x290ad7c84818f124,0x84d100200effb99bd6dff308bb43dc4138452157d3d1afa27089028d64fa9366,0,94185393,2.957413360525177,1741051566792576,Injective,0.0568815375,INJ,0,1,2025-03-04
cx88fd7df7ddff82f7cc735c871dc519838cb235bb,cxbf469921730ed3c3c8c1924fc482d369f8795fe2,hx385a695da4288bf7d70df14d1201e832c2bcf2a6,0x19f7aeaa822a770000,0xc616b6f5bcec2076253066a3f2a1544cc663a3c6177e0dced69cd62c67ffce59,1,94185391,479.0159916920896,1741051562801363,Balanced Dollar,0.0417486375,bnUSD,0,2,2025-03-04
cx88fd7df7ddff82f7cc735c871dc519838cb235bb,hx385a695da4288bf7d70df14d1201e832c2bcf2a6,cxbf469921730ed3c3c8c1924fc482d369f8795fe2,0x19f7aeaa822a770000,0xc616b6f5bcec2076253066a3f2a1544cc663a3c6177e0dced69cd62c67ffce59,0,94185391,479.0159916920896,1741051562801363,Balanced Dollar,0.0417486375,bnUSD,0,2,2025-03-04
cx4297f4b63262507623b6ad575d0d8dd2db980e4e,cx66d4d90f5f113eba575bf793570135f9b10cece1,cx835b300dcfe01f0bdb794e134a0c5628384f4367,0x6a2135bd7ef581,0xa8757cd2ea32cc3d225244e67ca781b16a74f1f29918bdaee1b1739bc55c1271,3,94185391,0.029872862227527042,1741051562801363,Injective,0.09281075,INJ,0,1,2025-03-04
cx4297f4b63262507623b6ad575d0d8dd2db980e4e,cx66d4d90f5f113eba575bf793570135f9b10cece1,hx06efa9167ece33af37f7153dc53bce2775f812f2,0x290ad7c84818f124,0xa8757cd2ea32cc3d225244e67ca781b16a74f1f29918bdaee1b1739bc55c1271,1,94185391,2.957413360525177,1741051562801363,Injective,0.09281075,INJ,0,1,2025-03-04
cx88fd7df7ddff82f7cc735c871dc519838cb235bb,hx06efa9167ece33af37f7153dc53bce2775f812f2,hx0000000000000000000000000000000000000000,0x1c4f976af823e25b5,0xa8757cd2ea32cc3d225244e67ca781b16a74f1f29918bdaee1b1739bc55c1271,0,94185391,32.640250270520845,1741051562801363,Balanced Dollar,0.09281075,bnUSD,0,1,2025-03-04
cx88fd7df7ddff82f7cc735c871dc519838cb235bb,cx21e94c08c03daee80c25d8ee3ea22a20786ec231,hx7497c286aa521b09b2b54d78cde3fa4573c0e157,0xb1bbbe68e2364660,0xd94e55184b3a66d616f5867dbdda0e989ad750f0116bf0606ace70776cf5cb7a,17,94185370,12.807039323039222,1741051520801059,Balanced Dollar,0.258974575,bnUSD,0,1,2025-03-04
cxae3034235540b924dfcc1b45836c293dcc82bfb7,cx21e94c08c03daee80c25d8ee3ea22a20786ec231,cxa0af3165c08318e988cb30993b3048335b94af6c,0x25d56ad,0xd94e55184b3a66d616f5867dbdda0e989ad750f0116bf0606ace70776cf5cb7a,16,94185370,39.671469,1741051520801059,ICON USD Coin,0.258974575,IUSDC,0,1,2025-03-04
cx88fd7df7ddff82f7cc735c871dc519838cb235bb,cxa0af3165c08318e988cb30993b3048335b94af6c,cx5faae53c4dbd1fbe4a2eb4aab6565030f10da5c6,0x4462e2124250cc,0xd94e55184b3a66d616f5867dbdda0e989ad750f0116bf0606ace70776cf5cb7a,14,94185370,0.0192490215247915,1741051520801059,Balanced Dollar,0.258974575,bnUSD,0,1,2025-03-04
cx88fd7df7ddff82f7cc735c871dc519838cb235bb,cxa0af3165c08318e988cb30993b3048335b94af6c,cx21e94c08c03daee80c25d8ee3ea22a20786ec231,0xb1bbbe68e2364660,0xd94e55184b3a66d616f5867dbdda0e989ad750f0116bf0606ace70776cf5cb7a,13,94185370,12.807039323039222,1741051520801059,Balanced Dollar,0.258974575,bnUSD,0,1,2025-03-04
cxae3034235540b924dfcc1b45836c293dcc82bfb7,cxa0af3165c08318e988cb30993b3048335b94af6c,cx5faae53c4dbd1fbe4a2eb4aab6565030f10da5c6,0xe7aa,0xd94e55184b3a66d616f5867dbdda0e989ad750f0116bf0606ace70776cf5cb7a,11,94185370,0.059306,1741051520801059,ICON USD Coin,0.258974575,IUSDC,0,1,2025-03-04
cxae3034235540b924dfcc1b45836c293dcc82bfb7,cxa0af3165c08318e988cb30993b3048335b94af6c,cx21e94c08c03daee80c25d8ee3ea22a20786ec231,0x25d56ad,0xd94e55184b3a66d616f5867dbdda0e989ad750f0116bf0606ace70776cf5cb7a,10,94185370,39.671469,1741051520801059,ICON USD Coin,0.258974575,IUSDC,0,1,2025-03-04
cx1a29259a59f463a67bb2ef84398b30ca56b5830a,cx21e94c08c03daee80c25d8ee3ea22a20786ec231,cxa0af3165c08318e988cb30993b3048335b94af6c,0x2109453cca93e9fc989,0xd94e55184b3a66d616f5867dbdda0e989ad750f0116bf0606ace70776cf5cb7a,9,94185370,9750.568982286595,1741051520801059,Omm Token,0.258974575,OMM,0,1,2025-03-04
cx2609b924e33ef00b648a409245c7ea394c467824,cxa0af3165c08318e988cb30993b3048335b94af6c,cx5faae53c4dbd1fbe4a2eb4aab6565030f10da5c6,0x1ccd2f55268f966,0xd94e55184b3a66d616f5867dbdda0e989ad750f0116bf0606ace70776cf5cb7a,7,94185370,0.12971044037833354,1741051520801059,Staked ICX,0.258974575,sICX,0,1,2025-03-04
cx1a29259a59f463a67bb2ef84398b30ca56b5830a,cxa0af3165c08318e988cb30993b3048335b94af6c,cx21e94c08c03daee80c25d8ee3ea22a20786ec231,0x2109453cca93e9fc989,0xd94e55184b3a66d616f5867dbdda0e989ad750f0116bf0606ace70776cf5cb7a,6,94185370,9750.568982286595,1741051520801059,Omm Token,0.258974575,OMM,0,1,2025-03-04
cx2609b924e33ef00b648a409245c7ea394c467824,cx21e94c08c03daee80c25d8ee3ea22a20786ec231,cxa0af3165c08318e988cb30993b3048335b94af6c,0x4b01009869c097acd,0xd94e55184b3a66d616f5867dbdda0e989ad750f0116bf0606ace70776cf5cb7a,5,94185370,86.47362691888902,1741051520801059,Staked ICX,0.258974575,sICX,0,1,2025-03-04
cx88fd7df7ddff82f7cc735c871dc519838cb235bb,cxa0af3165c08318e988cb30993b3048335b94af6c,cx5faae53c4dbd1fbe4a2eb4aab6565030f10da5c6,0x439933e6c40d78,0xd94e55184b3a66d616f5867dbdda0e989ad750f0116bf0606ace70776cf5cb7a,3,94185370,0.01902727163360396,1741051520801059,Balanced Dollar,0.258974575,bnUSD,0,1,2025-03-04
cx2609b924e33ef00b648a409245c7ea394c467824,cxa0af3165c08318e988cb30993b3048335b94af6c,cx21e94c08c03daee80c25d8ee3ea22a20786ec231,0x4b01009869c097acd,0xd94e55184b3a66d616f5867dbdda0e989ad750f0116bf0606ace70776cf5cb7a,2,94185370,86.47362691888902,1741051520801059,Staked ICX,0.258974575,sICX,0,1,2025-03-04
cx88fd7df7ddff82f7cc735c871dc519838cb235bb,cx21e94c08c03daee80c25d8ee3ea22a20786ec231,cxa0af3165c08318e988cb30993b3048335b94af6c,0xb009a1d39e8dc000,0xd94e55184b3a66d616f5867dbdda0e989ad750f0116bf0606ace70776cf5cb7a,1,94185370,12.684847755735975,1741051520801059,Balanced Dollar,0.258974575,bnUSD,0,1,2025-03-04
cx88fd7df7ddff82f7cc735c871dc519838cb235bb,hx7497c286aa521b09b2b54d78cde3fa4573c0e157,cx21e94c08c03daee80c25d8ee3ea22a20786ec231,0xb009a1d39e8dc000,0xd94e55184b3a66d616f5867dbdda0e989ad750f0116bf0606ace70776cf5cb7a,0,94185370,12.684847755735975,1741051520801059,Balanced Dollar,0.258974575,bnUSD,0,1,2025-03-04
cxf61cd5a45dc9f91c15aa65831a30a90d59a09619,cx9345f80d6c98357ccbb70392b14162199c2c5f66,cxd82fb5d3effecd8c9071a4bba3856ad7222c4b91,0x358cf85b77fd50,0xebb7c33f5cdbf2be9c59b37700563ad7a3be0d3d67d42d2513a4636e3a7e30e1,4,94185368,0.015073172080033104,1741051516773997,Balance Token,0.1302212375,BALN,0,1,2025-03-04
cx2609b924e33ef00b648a409245c7ea394c467824,cx9345f80d6c98357ccbb70392b14162199c2c5f66,cxd82fb5d3effecd8c9071a4bba3856ad7222c4b91,0x3ae7fc38740f37f,0xebb7c33f5cdbf2be9c59b37700563ad7a3be0d3d67d42d2513a4636e3a7e30e1,3,94185368,0.265289905825969,1741051516773997,Staked ICX,0.1302212375,sICX,0,1,2025-03-04
cx88fd7df7ddff82f7cc735c871dc519838cb235bb,hx0000000000000000000000000000000000000000,cx5faae53c4dbd1fbe4a2eb4aab6565030f10da5c6,0x0,0xebb7c33f5cdbf2be9c59b37700563ad7a3be0d3d67d42d2513a4636e3a7e30e1,2,94185368,0.0,1741051516773997,Balanced Dollar,0.1302212375,bnUSD,0,1,2025-03-04
cx88fd7df7ddff82f7cc735c871dc519838cb235bb,hx0000000000000000000000000000000000000000,cxd82fb5d3effecd8c9071a4bba3856ad7222c4b91,0x98b860e6a25df7,0xebb7c33f5cdbf2be9c59b37700563ad7a3be0d3d67d42d2513a4636e3a7e30e1,1,94185368,0.04298692278579148,1741051516773997,Balanced Dollar,0.1302212375,bnUSD,0,1,2025-03-04
cx88fd7df7ddff82f7cc735c871dc519838cb235bb,hxc1718c79947e0f673296218b5b23adbd9a3b38a8,cxd82fb5d3effecd8c9071a4bba3856ad7222c4b91,0x1dcc95f570e4590000,0xebb7c33f5cdbf2be9c59b37700563ad7a3be0d3d67d42d2513a4636e3a7e30e1,0,94185368,549.6975369580604,1741051516773997,Balanced Dollar,0.1302212375,bnUSD,0,1,2025-03-04
cx88fd7df7ddff82f7cc735c871dc519838cb235bb,cx21e94c08c03daee80c25d8ee3ea22a20786ec231,hx7497c286aa521b09b2b54d78cde3fa4573c0e157,0x52970226b1f79d12b,0x9f571a5312397342e3b52c2366212c77aed05693ee69b101aeac519be49b80ba,13,94185367,95.21964476497932,1741051514925394,Balanced Dollar,0.223501875,bnUSD,0,1,2025-03-04
cx88fd7df7ddff82f7cc735c871dc519838cb235bb,cxa0af3165c08318e988cb30993b3048335b94af6c,cx5faae53c4dbd1fbe4a2eb4aab6565030f10da5c6,0x1fc759368488e69,0x9f571a5312397342e3b52c2366212c77aed05693ee69b101aeac519be49b80ba,11,94185367,0.14311856413924107,1741051514925394,Balanced Dollar,0.223501875,bnUSD,0,1,2025-03-04
cx88fd7df7ddff82f7cc735c871dc519838cb235bb,cxa0af3165c08318e988cb30993b3048335b94af6c,cx21e94c08c03daee80c25d8ee3ea22a20786ec231,0x52970226b1f79d12b,0x9f571a5312397342e3b52c2366212c77aed05693ee69b101aeac519be49b80ba,10,94185367,95.21964476497932,1741051514925394,Balanced Dollar,0.223501875,bnUSD,0,1,2025-03-04
cxf61cd5a45dc9f91c15aa65831a30a90d59a09619,cx21e94c08c03daee80c25d8ee3ea22a20786ec231,cxa0af3165c08318e988cb30993b3048335b94af6c,0x2a9d1b6b441e81619d,0x9f571a5312397342e3b52c2366212c77aed05693ee69b101aeac519be49b80ba,9,94185367,786.0840111244407,1741051514925394,Balance Token,0.223501875,BALN,0,1,2025-03-04
cx2609b924e33ef00b648a409245c7ea394c467824,cxa0af3165c08318e988cb30993b3048335b94af6c,cx5faae53c4dbd1fbe4a2eb4aab6565030f10da5c6,0xd7cb50ce846b5e1,0x9f571a5312397342e3b52c2366212c77aed05693ee69b101aeac519be49b80ba,7,94185367,0.9718506866463678,1741051514925394,Staked ICX,0.223501875,sICX,0,1,2025-03-04
cxf61cd5a45dc9f91c15aa65831a30a90d59a09619,cxa0af3165c08318e988cb30993b3048335b94af6c,cx21e94c08c03daee80c25d8ee3ea22a20786ec231,0x2a9d1b6b441e81619d,0x9f571a5312397342e3b52c2366212c77aed05693ee69b101aeac519be49b80ba,6,94185367,786.0840111244407,1741051514925394,Balance Token,0.223501875,BALN,0,1,2025-03-04
cx2609b924e33ef00b648a409245c7ea394c467824,cx21e94c08c03daee80c25d8ee3ea22a20786ec231,cxa0af3165c08318e988cb30993b3048335b94af6c,0x231f6cd19ce2cefc5f,0x9f571a5312397342e3b52c2366212c77aed05693ee69b101aeac519be49b80ba,5,94185367,647.9004577642452,1741051514925394,Staked ICX,0.223501875,sICX,0,1,2025-03-04
cx88fd7df7ddff82f7cc735c871dc519838cb235bb,cxa0af3165c08318e988cb30993b3048335b94af6c,cx5faae53c4dbd1fbe4a2eb4aab6565030f10da5c6,0x1fa6aa26fca1493,0x9f571a5312397342e3b52c2366212c77aed05693ee69b101aeac519be49b80ba,3,94185367,0.14254358410835266,1741051514925394,Balanced Dollar,0.223501875,bnUSD,0,1,2025-03-04
cx2609b924e33ef00b648a409245c7ea394c467824,cxa0af3165c08318e988cb30993b3048335b94af6c,cx21e94c08c03daee80c25d8ee3ea22a20786ec231,0x231f6cd19ce2cefc5f,0x9f571a5312397342e3b52c2366212c77aed05693ee69b101aeac519be49b80ba,2,94185367,647.9004577642452,1741051514925394,Staked ICX,0.223501875,sICX,0,1,2025-03-04
cx88fd7df7ddff82f7cc735c871dc519838cb235bb,cx21e94c08c03daee80c25d8ee3ea22a20786ec231,cxa0af3165c08318e988cb30993b3048335b94af6c,0x526cb07031e404000,0x9f571a5312397342e3b52c2366212c77aed05693ee69b101aeac519be49b80ba,1,94185367,95.02905607223511,1741051514925394,Balanced Dollar,0.223501875,bnUSD,0,1,2025-03-04
cx88fd7df7ddff82f7cc735c871dc519838cb235bb,hx7497c286aa521b09b2b54d78cde3fa4573c0e157,cx21e94c08c03daee80c25d8ee3ea22a20786ec231,0x526cb07031e404000,0x9f571a5312397342e3b52c2366212c77aed05693ee69b101aeac519be49b80ba,0,94185367,95.02905607223511,1741051514925394,Balanced Dollar,0.223501875,bnUSD,0,1,2025-03-04
cx88fd7df7ddff82f7cc735c871dc519838cb235bb,cxa0af3165c08318e988cb30993b3048335b94af6c,cx5faae53c4dbd1fbe4a2eb4aab6565030f10da5c6,0xb7dfad821a1a57f,0x0b0429c44298390d2b350d07fe93c201adcdb8e86f0e26bd0732c71b4afa8ced,2,94185366,0.8280937126901611,1741051512772920,Balanced Dollar,0.0705809875,bnUSD,0,1,2025-03-04
cx88fd7df7ddff82f7cc735c871dc519838cb235bb,cxa0af3165c08318e988cb30993b3048335b94af6c,hxc1718c79947e0f673296218b5b23adbd9a3b38a8,0x1ddb4076d2d7932d23,0x0b0429c44298390d2b350d07fe93c201adcdb8e86f0e26bd0732c71b4afa8ced,1,94185366,550.7543362783247,1741051512772920,Balanced Dollar,0.0705809875,bnUSD,0,1,2025-03-04
cx2609b924e33ef00b648a409245c7ea394c467824,hxc1718c79947e0f673296218b5b23adbd9a3b38a8,cxa0af3165c08318e988cb30993b3048335b94af6c,0xccada84aa63c400000,0x0b0429c44298390d2b350d07fe93c201adcdb8e86f0e26bd0732c71b4afa8ced,0,94185366,3775.6491246792334,1741051512772920,Staked ICX,0.0705809875,sICX,0,1,2025-03-04
cxf61cd5a45dc9f91c15aa65831a30a90d59a09619,cx9345f80d6c98357ccbb70392b14162199c2c5f66,cxd82fb5d3effecd8c9071a4bba3856ad7222c4b91,0x17cce028a71b40,0x113446ab182f5729e7e9efafff6ae2ca68c5955c778f4527f43058668c4003b9,4,94185359,0.006699187591125824,1741051498764329,Balance Token,0.13021605,BALN,0,1,2025-03-04
cx2609b924e33ef00b648a409245c7ea394c467824,cx9345f80d6c98357ccbb70392b14162199c2c5f66,cxd82fb5d3effecd8c9071a4bba3856ad7222c4b91,0x1a2e373588ea51c,0x113446ab182f5729e7e9efafff6ae2ca68c5955c778f4527f43058668c4003b9,3,94185359,0.1179066248115418,1741051498764329,Staked ICX,0.13021605,sICX,0,1,2025-03-04
cx88fd7df7ddff82f7cc735c871dc519838cb235bb,hx0000000000000000000000000000000000000000,cx5faae53c4dbd1fbe4a2eb4aab6565030f10da5c6,0x0,0x113446ab182f5729e7e9efafff6ae2ca68c5955c778f4527f43058668c4003b9,2,94185359,0.0,1741051498764329,Balanced Dollar,0.13021605,bnUSD,0,1,2025-03-04
cx88fd7df7ddff82f7cc735c871dc519838cb235bb,hx0000000000000000000000000000000000000000,cxd82fb5d3effecd8c9071a4bba3856ad7222c4b91,0x43ce4f9804451b,0x113446ab182f5729e7e9efafff6ae2ca68c5955c778f4527f43058668c4003b9,1,94185359,0.019085664687768858,1741051498764329,Balanced Dollar,0.13021605,bnUSD,0,1,2025-03-04
cx88fd7df7ddff82f7cc735c871dc519838cb235bb,hxc1718c79947e0f673296218b5b23adbd9a3b38a8,cxd82fb5d3effecd8c9071a4bba3856ad7222c4b91,0x1ddac453eb113d0000,0x113446ab182f5729e7e9efafff6ae2ca68c5955c778f4527f43058668c4003b9,0,94185359,550.7193950023523,1741051498764329,Balanced Dollar,0.13021605,bnUSD,0,1,2025-03-04
cx88fd7df7ddff82f7cc735c871dc519838cb235bb,cxa0af3165c08318e988cb30993b3048335b94af6c,cx5faae53c4dbd1fbe4a2eb4aab6565030f10da5c6,0xb81b2eefdcdcb65,0xc3dc55e96eb21db76120c35bab757958586c7fd85056bee6fefd426761ab4800,2,94185357,0.829140545942965,1741051494871754,Balanced Dollar,0.0705809875,bnUSD,0,1,2025-03-04
cx88fd7df7ddff82f7cc735c871dc519838cb235bb,cxa0af3165c08318e988cb30993b3048335b94af6c,hxc1718c79947e0f673296218b5b23adbd9a3b38a8,0x1de4eac58e4973f7f0,0xc3dc55e96eb21db76120c35bab757958586c7fd85056bee6fefd426761ab4800,1,94185357,551.4507919376832,1741051494871754,Balanced Dollar,0.0705809875,bnUSD,0,1,2025-03-04
cx2609b924e33ef00b648a409245c7ea394c467824,hxc1718c79947e0f673296218b5b23adbd9a3b38a8,cxa0af3165c08318e988cb30993b3048335b94af6c,0xccada84aa63c400000,0xc3dc55e96eb21db76120c35bab757958586c7fd85056bee6fefd426761ab4800,0,94185357,3775.6491246792334,1741051494871754,Staked ICX,0.0705809875,sICX,0,1,2025-03-04
cxf61cd5a45dc9f91c15aa65831a30a90d59a09619,cx9345f80d6c98357ccbb70392b14162199c2c5f66,cxd82fb5d3effecd8c9071a4bba3856ad7222c4b91,0xe337ec041b58270,0x0f06648d77069403bad122dc91fd51a615c21d3c88b2f88171ea8802a3bf491e,4,94185355,1.0233009045444696,1741051490768258,Balance Token,0.130238175,BALN,0,1,2025-03-04
cx2609b924e33ef00b648a409245c7ea394c467824,cx9345f80d6c98357ccbb70392b14162199c2c5f66,cxd82fb5d3effecd8c9071a4bba3856ad7222c4b91,0xf9f13713171d0475,0x0f06648d77069403bad122dc91fd51a615c21d3c88b2f88171ea8802a3bf491e,3,94185355,18.010236939963008,1741051490768258,Staked ICX,0.130238175,sICX,0,1,2025-03-04
cx88fd7df7ddff82f7cc735c871dc519838cb235bb,hx0000000000000000000000000000000000000000,cx5faae53c4dbd1fbe4a2eb4aab6565030f10da5c6,0x0,0x0f06648d77069403bad122dc91fd51a615c21d3c88b2f88171ea8802a3bf491e,2,94185355,0.0,1741051490768258,Balanced Dollar,0.130238175,bnUSD,0,1,2025-03-04
cx88fd7df7ddff82f7cc735c871dc519838cb235bb,hx0000000000000000000000000000000000000000,cxd82fb5d3effecd8c9071a4bba3856ad7222c4b91,0x287d2fbb2b901617,0x0f06648d77069403bad122dc91fd51a615c21d3c88b2f88171ea8802a3bf491e,1,94185355,2.9175406145422023,1741051490768258,Balanced Dollar,0.130238175,bnUSD,0,1,2025-03-04
cx88fd7df7ddff82f7cc735c871dc519838cb235bb,hxc1718c79947e0f673296218b5b23adbd9a3b38a8,cxd82fb5d3effecd8c9071a4bba3856ad7222c4b91,0x1de1c19fbe2da30000,0x0f06648d77069403bad122dc91fd51a615c21d3c88b2f88171ea8802a3bf491e,0,94185355,551.2230371057742,1741051490768258,Balanced Dollar,0.130238175,bnUSD,0,1,2025-03-04
cx88fd7df7ddff82f7cc735c871dc519838cb235bb,cxa0af3165c08318e988cb30993b3048335b94af6c,cx5faae53c4dbd1fbe4a2eb4aab6565030f10da5c6,0xb856cd46f69700c,0xc4ef2ca4f9a5e9e60c19ac970b4b3b040a860dfe4ef13f0fe7c48d631c62258e,2,94185353,0.830189365977772,1741051486759017,Balanced Dollar,0.0705809875,bnUSD,0,1,2025-03-04
cx88fd7df7ddff82f7cc735c871dc519838cb235bb,cxa0af3165c08318e988cb30993b3048335b94af6c,hxc1718c79947e0f673296218b5b23adbd9a3b38a8,0x1dee99c6d71fd86ff4,0xc4ef2ca4f9a5e9e60c19ac970b4b3b040a860dfe4ef13f0fe7c48d631c62258e,1,94185353,552.1485698172951,1741051486759017,Balanced Dollar,0.0705809875,bnUSD,0,1,2025-03-04
cx2609b924e33ef00b648a409245c7ea394c467824,hxc1718c79947e0f673296218b5b23adbd9a3b38a8,cxa0af3165c08318e988cb30993b3048335b94af6c,0xccada84aa63c400000,0xc4ef2ca4f9a5e9e60c19ac970b4b3b040a860dfe4ef13f0fe7c48d631c62258e,0,94185353,3775.6491246792334,1741051486759017,Staked ICX,0.0705809875,sICX,0,1,2025-03-04
cx88fd7df7ddff82f7cc735c871dc519838cb235bb,cxa0af3165c08318e988cb30993b3048335b94af6c,cx5faae53c4dbd1fbe4a2eb4aab6565030f10da5c6,0x4bdf77bfc2845c,0x52c744f9841c5836d8b1f92a3e3faf312b5aff7eceb18577592c8195d5edb1e4,2,94185319,0.021356328664597597,1741051418854915,Balanced Dollar,0.0568802875,bnUSD,0,1,2025-03-04
cx88fd7df7ddff82f7cc735c871dc519838cb235bb,cxa0af3165c08318e988cb30993b3048335b94af6c,hx06efa9167ece33af37f7153dc53bce2775f812f2,0xc501f1c2d70914f6,0x52c744f9841c5836d8b1f92a3e3faf312b5aff7eceb18577592c8195d5edb1e4,1,94185319,14.19589331958216,1741051418854915,Balanced Dollar,0.0568802875,bnUSD,0,1,2025-03-04
cx4297f4b63262507623b6ad575d0d8dd2db980e4e,hx06efa9167ece33af37f7153dc53bce2775f812f2,cxa0af3165c08318e988cb30993b3048335b94af6c,0x10a44159f0bae361,0x52c744f9841c5836d8b1f92a3e3faf312b5aff7eceb18577592c8195d5edb1e4,0,94185319,1.1991552553340692,1741051418854915,Injective,0.0568802875,INJ,0,1,2025-03-04
cx88fd7df7ddff82f7cc735c871dc519838cb235bb,cxbf469921730ed3c3c8c1924fc482d369f8795fe2,hx385a695da4288bf7d70df14d1201e832c2bcf2a6,0x1ab0b042985bb10000,0x5f0ed15e49c01ce57c8c7eab26b3ce0e97aafcc88b06db7b6126e670be83e493,1,94185317,492.34709528516555,1741051414884902,Balanced Dollar,0.0417486375,bnUSD,0,2,2025-03-04
cx88fd7df7ddff82f7cc735c871dc519838cb235bb,hx385a695da4288bf7d70df14d1201e832c2bcf2a6,cxbf469921730ed3c3c8c1924fc482d369f8795fe2,0x1ab0b042985bb10000,0x5f0ed15e49c01ce57c8c7eab26b3ce0e97aafcc88b06db7b6126e670be83e493,0,94185317,492.34709528516555,1741051414884902,Balanced Dollar,0.0417486375,bnUSD,0,2,2025-03-04
cx4297f4b63262507623b6ad575d0d8dd2db980e4e,cx66d4d90f5f113eba575bf793570135f9b10cece1,cx835b300dcfe01f0bdb794e134a0c5628384f4367,0x2b086aedbea7ca,0xa51605032446ddd7bc33fb017fc4a92287b22c2a3f21d2c4c2701783d508ff8a,3,94185317,0.012112679346808777,1741051414884902,Injective,0.09281075,INJ,0,1,2025-03-04
cx4297f4b63262507623b6ad575d0d8dd2db980e4e,cx66d4d90f5f113eba575bf793570135f9b10cece1,hx06efa9167ece33af37f7153dc53bce2775f812f2,0x10a44159f0bae361,0xa51605032446ddd7bc33fb017fc4a92287b22c2a3f21d2c4c2701783d508ff8a,1,94185317,1.1991552553340692,1741051414884902,Injective,0.09281075,INJ,0,1,2025-03-04
cx88fd7df7ddff82f7cc735c871dc519838cb235bb,hx06efa9167ece33af37f7153dc53bce2775f812f2,hx0000000000000000000000000000000000000000,0xb90198163139e26c,0xa51605032446ddd7bc33fb017fc4a92287b22c2a3f21d2c4c2701783d508ff8a,0,94185317,13.331103593075959,1741051414884902,Balanced Dollar,0.09281075,bnUSD,0,1,2025-03-04
cx2609b924e33ef00b648a409245c7ea394c467824,cxa0af3165c08318e988cb30993b3048335b94af6c,hx05f6cc541c3e3bf2d4e552ec7bb4dba9a0138b64,0x1,0xb4a118c9ec5de459074b2ba5e20a59761cbf3c254e9345515f39e1428703b542,3,94185186,1e-18,1741051152638459,Staked ICX,0.043749125,sICX,0,1,2025-03-04
cx2609b924e33ef00b648a409245c7ea394c467824,hx05f6cc541c3e3bf2d4e552ec7bb4dba9a0138b64,cxa0af3165c08318e988cb30993b3048335b94af6c,0x6eaad0b9d38d474c6,0x3a5f2432a465eaa3bf24991c6fddb367a0a2fb83b60b0ec5d129f58365cde48d,0,94185182,127.5906493879946,1741051144728827,Staked ICX,0.03120205,sICX,0,2,2025-03-04
cx3975b43d260fb8ec802cef6e60c2f4d07486f11d,hx05f6cc541c3e3bf2d4e552ec7bb4dba9a0138b64,cxa0af3165c08318e988cb30993b3048335b94af6c,0x9177e2f61786c8a75,0xae68774072452b4679daed77d854538778ef13d9ba07cf8aa346ee7530d558ed,1,94185182,167.71353926900255,1741051144728827,Wrapped ICX,0.0165668375,wICX,0,1,2025-03-04
cx3975b43d260fb8ec802cef6e60c2f4d07486f11d,hx0000000000000000000000000000000000000000,hx05f6cc541c3e3bf2d4e552ec7bb4dba9a0138b64,0x9177e2f61786c8a75,0xae68774072452b4679daed77d854538778ef13d9ba07cf8aa346ee7530d558ed,0,94185182,167.71353926900255,1741051144728827,Wrapped ICX,0.0165668375,wICX,0,1,2025-03-04
cx3975b43d260fb8ec802cef6e60c2f4d07486f11d,hx05f6cc541c3e3bf2d4e552ec7bb4dba9a0138b64,hx0000000000000000000000000000000000000000,0x9109bb534ae928436,0x53db67874b7a19d68074931c8159c2f576cd21a8834f9a12b2f2180cfbdb8064,6,94185173,167.21744602725474,1741051126787725,Wrapped ICX,0.09156295,wICX,0,1,2025-03-04
cx3975b43d260fb8ec802cef6e60c2f4d07486f11d,cx21e94c08c03daee80c25d8ee3ea22a20786ec231,hx05f6cc541c3e3bf2d4e552ec7bb4dba9a0138b64,0x9109bb534ae928436,0x53db67874b7a19d68074931c8159c2f576cd21a8834f9a12b2f2180cfbdb8064,5,94185173,167.21744602725474,1741051126787725,Wrapped ICX,0.09156295,wICX,0,1,2025-03-04
cx2609b924e33ef00b648a409245c7ea394c467824,cxa0af3165c08318e988cb30993b3048335b94af6c,cx5faae53c4dbd1fbe4a2eb4aab6565030f10da5c6,0x2a7f087882634e9,0x53db67874b7a19d68074931c8159c2f576cd21a8834f9a12b2f2180cfbdb8064,3,94185173,0.1913859740819919,1741051126787725,Staked ICX,0.09156295,sICX,0,1,2025-03-04
cx3975b43d260fb8ec802cef6e60c2f4d07486f11d,cxa0af3165c08318e988cb30993b3048335b94af6c,cx21e94c08c03daee80c25d8ee3ea22a20786ec231,0x9109bb534ae928436,0x53db67874b7a19d68074931c8159c2f576cd21a8834f9a12b2f2180cfbdb8064,2,94185173,167.21744602725474,1741051126787725,Wrapped ICX,0.09156295,wICX,0,1,2025-03-04
cx2609b924e33ef00b648a409245c7ea394c467824,cx21e94c08c03daee80c25d8ee3ea22a20786ec231,cxa0af3165c08318e988cb30993b3048335b94af6c,0x6eaad0b9d38d474c5,0x53db67874b7a19d68074931c8159c2f576cd21a8834f9a12b2f2180cfbdb8064,1,94185173,127.5906493879946,1741051126787725,Staked ICX,0.09156295,sICX,0,1,2025-03-04
cx2609b924e33ef00b648a409245c7ea394c467824,hx05f6cc541c3e3bf2d4e552ec7bb4dba9a0138b64,cx21e94c08c03daee80c25d8ee3ea22a20786ec231,0x6eaad0b9d38d474c5,0x53db67874b7a19d68074931c8159c2f576cd21a8834f9a12b2f2180cfbdb8064,0,94185173,127.5906493879946,1741051126787725,Staked ICX,0.09156295,sICX,0,1,2025-03-04
cx22319ac7f412f53eabe3c9827acf5e27e9c6a95f,cx21e94c08c03daee80c25d8ee3ea22a20786ec231,hx0000000000000000000000000000000000000000,0x57f02c5,0xfe996a86550eb3d4d9fd9daabc823bfaa009b1ee1e72e048e6333944fc11bd0f,11,94185164,92.209861,1741051108765231,USDC,0.164629325,USDC,0,1,2025-03-04
cx22319ac7f412f53eabe3c9827acf5e27e9c6a95f,cxa09dbb60dcb62fffbd232b6eae132d730a2aafa6,cx21e94c08c03daee80c25d8ee3ea22a20786ec231,0x57f02c5,0xfe996a86550eb3d4d9fd9daabc823bfaa009b1ee1e72e048e6333944fc11bd0f,8,94185164,92.209861,1741051108765231,USDC,0.164629325,USDC,0,1,2025-03-04
cx88fd7df7ddff82f7cc735c871dc519838cb235bb,cxa09dbb60dcb62fffbd232b6eae132d730a2aafa6,cx5faae53c4dbd1fbe4a2eb4aab6565030f10da5c6,0x3d9be3142b60b35,0xfe996a86550eb3d4d9fd9daabc823bfaa009b1ee1e72e048e6333944fc11bd0f,7,94185164,0.2774619708418978,1741051108765231,Balanced Dollar,0.164629325,bnUSD,0,1,2025-03-04
cx88fd7df7ddff82f7cc735c871dc519838cb235bb,cxa09dbb60dcb62fffbd232b6eae132d730a2aafa6,hx0000000000000000000000000000000000000000,0x4ffab3c9d9a5337bc,0xfe996a86550eb3d4d9fd9daabc823bfaa009b1ee1e72e048e6333944fc11bd0f,6,94185164,92.20986164312403,1741051108765231,Balanced Dollar,0.164629325,bnUSD,0,1,2025-03-04
cx88fd7df7ddff82f7cc735c871dc519838cb235bb,cx21e94c08c03daee80c25d8ee3ea22a20786ec231,cxa09dbb60dcb62fffbd232b6eae132d730a2aafa6,0x50384facedd0942f1,0xfe996a86550eb3d4d9fd9daabc823bfaa009b1ee1e72e048e6333944fc11bd0f,5,94185164,92.48732361396593,1741051108765231,Balanced Dollar,0.164629325,bnUSD,0,1,2025-03-04
cx88fd7df7ddff82f7cc735c871dc519838cb235bb,cxa0af3165c08318e988cb30993b3048335b94af6c,cx5faae53c4dbd1fbe4a2eb4aab6565030f10da5c6,0x1ee40a28766d535,0xfe996a86550eb3d4d9fd9daabc823bfaa009b1ee1e72e048e6333944fc11bd0f,3,94185164,0.1391197052956071,1741051108765231,Balanced Dollar,0.164629325,bnUSD,0,1,2025-03-04
cx88fd7df7ddff82f7cc735c871dc519838cb235bb,cxa0af3165c08318e988cb30993b3048335b94af6c,cx21e94c08c03daee80c25d8ee3ea22a20786ec231,0x50384facedd0942f1,0xfe996a86550eb3d4d9fd9daabc823bfaa009b1ee1e72e048e6333944fc11bd0f,2,94185164,92.48732361396593,1741051108765231,Balanced Dollar,0.164629325,bnUSD,0,1,2025-03-04
cx288d13e1b63563459a2ac6179f237711f6851cb5,cx21e94c08c03daee80c25d8ee3ea22a20786ec231,cxa0af3165c08318e988cb30993b3048335b94af6c,0x99024a5e01db20,0xfe996a86550eb3d4d9fd9daabc823bfaa009b1ee1e72e048e6333944fc11bd0f,1,94185164,0.04306818986474576,1741051108765231,Ethereum,0.164629325,ETH,0,1,2025-03-04
cx288d13e1b63563459a2ac6179f237711f6851cb5,hx751441005c9fc0ec16f3ab641d70c76850666adb,cx21e94c08c03daee80c25d8ee3ea22a20786ec231,0x99024a5e01db20,0xfe996a86550eb3d4d9fd9daabc823bfaa009b1ee1e72e048e6333944fc11bd0f,0,94185164,0.04306818986474576,1741051108765231,Ethereum,0.164629325,ETH,0,1,2025-03-04
cx88fd7df7ddff82f7cc735c871dc519838cb235bb,hx310bfeb923eabdf5f5b7e70a86bf865075c5e530,hx0000000000000000000000000000000000000000,0x555806d3d8b51fe5b,0x2bdc06cf100e4ac9b5fbeaecc620d3b1eb9a93c31f9c89125eb42ded2189b91f,0,94185163,98.39476476988844,1741051106622638,Balanced Dollar,0.0604577,bnUSD,0,1,2025-03-04
cx3975b43d260fb8ec802cef6e60c2f4d07486f11d,hx05f6cc541c3e3bf2d4e552ec7bb4dba9a0138b64,hx0000000000000000000000000000000000000000,0x66469b94e66c7b95,0xc2d3f31b5cb571bfa23fa53e2fb9ace6c63b058cb690a22d4d40308586d1998d,14,94185156,7.36974890406173,1741051092623960,Wrapped ICX,0.20536605,wICX,0,1,2025-03-04
cx3975b43d260fb8ec802cef6e60c2f4d07486f11d,cx21e94c08c03daee80c25d8ee3ea22a20786ec231,hx05f6cc541c3e3bf2d4e552ec7bb4dba9a0138b64,0x66469b94e66c7b95,0xc2d3f31b5cb571bfa23fa53e2fb9ace6c63b058cb690a22d4d40308586d1998d,13,94185156,7.36974890406173,1741051092623960,Wrapped ICX,0.20536605,wICX,0,1,2025-03-04
cx2609b924e33ef00b648a409245c7ea394c467824,cxa0af3165c08318e988cb30993b3048335b94af6c,cx5faae53c4dbd1fbe4a2eb4aab6565030f10da5c6,0x1df72eaa1db9d0,0xc2d3f31b5cb571bfa23fa53e2fb9ace6c63b058cb690a22d4d40308586d1998d,11,94185156,0.008434554119240144,1741051092623960,Staked ICX,0.20536605,sICX,0,1,2025-03-04
cx3975b43d260fb8ec802cef6e60c2f4d07486f11d,cxa0af3165c08318e988cb30993b3048335b94af6c,cx21e94c08c03daee80c25d8ee3ea22a20786ec231,0x66469b94e66c7b95,0xc2d3f31b5cb571bfa23fa53e2fb9ace6c63b058cb690a22d4d40308586d1998d,10,94185156,7.36974890406173,1741051092623960,Wrapped ICX,0.20536605,wICX,0,1,2025-03-04
cx2609b924e33ef00b648a409245c7ea394c467824,cx21e94c08c03daee80c25d8ee3ea22a20786ec231,cxa0af3165c08318e988cb30993b3048335b94af6c,0x4e090985ad6938df,0xc2d3f31b5cb571bfa23fa53e2fb9ace6c63b058cb690a22d4d40308586d1998d,9,94185156,5.6230360794934295,1741051092623960,Staked ICX,0.20536605,sICX,0,1,2025-03-04
cx88fd7df7ddff82f7cc735c871dc519838cb235bb,cxa0af3165c08318e988cb30993b3048335b94af6c,cx5faae53c4dbd1fbe4a2eb4aab6565030f10da5c6,0x4694d38af6ace,0xc2d3f31b5cb571bfa23fa53e2fb9ace6c63b058cb690a22d4d40308586d1998d,7,94185156,0.001241680291261134,1741051092623960,Balanced Dollar,0.20536605,bnUSD,0,1,2025-03-04
cx2609b924e33ef00b648a409245c7ea394c467824,cxa0af3165c08318e988cb30993b3048335b94af6c,cx21e94c08c03daee80c25d8ee3ea22a20786ec231,0x4e090985ad6938df,0xc2d3f31b5cb571bfa23fa53e2fb9ace6c63b058cb690a22d4d40308586d1998d,6,94185156,5.6230360794934295,1741051092623960,Staked ICX,0.20536605,sICX,0,1,2025-03-04
cx88fd7df7ddff82f7cc735c871dc519838cb235bb,cx21e94c08c03daee80c25d8ee3ea22a20786ec231,cxa0af3165c08318e988cb30993b3048335b94af6c,0xb7ce3c39e2623ee,0xc2d3f31b5cb571bfa23fa53e2fb9ace6c63b058cb690a22d4d40308586d1998d,5,94185156,0.8277868608407563,1741051092623960,Balanced Dollar,0.20536605,bnUSD,0,1,2025-03-04
cx88fd7df7ddff82f7cc735c871dc519838cb235bb,cxa0af3165c08318e988cb30993b3048335b94af6c,cx5faae53c4dbd1fbe4a2eb4aab6565030f10da5c6,0x46cb0a8cc6704,0xc2d3f31b5cb571bfa23fa53e2fb9ace6c63b058cb690a22d4d40308586d1998d,3,94185156,0.001245405908854532,1741051092623960,Balanced Dollar,0.20536605,bnUSD,0,1,2025-03-04
cx88fd7df7ddff82f7cc735c871dc519838cb235bb,cxa0af3165c08318e988cb30993b3048335b94af6c,cx21e94c08c03daee80c25d8ee3ea22a20786ec231,0xb7ce3c39e2623ee,0xc2d3f31b5cb571bfa23fa53e2fb9ace6c63b058cb690a22d4d40308586d1998d,2,94185156,0.8277868608407563,1741051092623960,Balanced Dollar,0.20536605,bnUSD,0,1,2025-03-04
cxf61cd5a45dc9f91c15aa65831a30a90d59a09619,cx21e94c08c03daee80c25d8ee3ea22a20786ec231,cxa0af3165c08318e988cb30993b3048335b94af6c,0x5ebe7ba638455e98,0xc2d3f31b5cb571bfa23fa53e2fb9ace6c63b058cb690a22d4d40308586d1998d,1,94185156,6.8270300389791085,1741051092623960,Balance Token,0.20536605,BALN,0,1,2025-03-04
cxf61cd5a45dc9f91c15aa65831a30a90d59a09619,hx05f6cc541c3e3bf2d4e552ec7bb4dba9a0138b64,cx21e94c08c03daee80c25d8ee3ea22a20786ec231,0x5ebe7ba638455e98,0xc2d3f31b5cb571bfa23fa53e2fb9ace6c63b058cb690a22d4d40308586d1998d,0,94185156,6.8270300389791085,1741051092623960,Balance Token,0.20536605,BALN,0,1,2025-03-04
cx3975b43d260fb8ec802cef6e60c2f4d07486f11d,hx05f6cc541c3e3bf2d4e552ec7bb4dba9a0138b64,hx0000000000000000000000000000000000000000,0x4d394145f42bfd20e,0xfdbe2a105d6b2f375e6126fe6f106c365ed5a7efdda0f1f4074fbde8b7192b06,10,94185151,89.0328093327685,1741051082612002,Wrapped ICX,0.1555181375,wICX,0,1,2025-03-04
cx3975b43d260fb8ec802cef6e60c2f4d07486f11d,cx21e94c08c03daee80c25d8ee3ea22a20786ec231,hx05f6cc541c3e3bf2d4e552ec7bb4dba9a0138b64,0x4d394145f42bfd20e,0xfdbe2a105d6b2f375e6126fe6f106c365ed5a7efdda0f1f4074fbde8b7192b06,9,94185151,89.0328093327685,1741051082612002,Wrapped ICX,0.1555181375,wICX,0,1,2025-03-04
cx2609b924e33ef00b648a409245c7ea394c467824,cxa0af3165c08318e988cb30993b3048335b94af6c,cx5faae53c4dbd1fbe4a2eb4aab6565030f10da5c6,0x16a0020e47edbca,0xfdbe2a105d6b2f375e6126fe6f106c365ed5a7efdda0f1f4074fbde8b7192b06,7,94185151,0.10189408284172999,1741051082612002,Staked ICX,0.1555181375,sICX,0,1,2025-03-04
cx3975b43d260fb8ec802cef6e60c2f4d07486f11d,cxa0af3165c08318e988cb30993b3048335b94af6c,cx21e94c08c03daee80c25d8ee3ea22a20786ec231,0x4d394145f42bfd20e,0xfdbe2a105d6b2f375e6126fe6f106c365ed5a7efdda0f1f4074fbde8b7192b06,6,94185151,89.0328093327685,1741051082612002,Wrapped ICX,0.1555181375,wICX,0,1,2025-03-04
cx2609b924e33ef00b648a409245c7ea394c467824,cx21e94c08c03daee80c25d8ee3ea22a20786ec231,cxa0af3165c08318e988cb30993b3048335b94af6c,0x3aeb5aafdb5070a97,0xfdbe2a105d6b2f375e6126fe6f106c365ed5a7efdda0f1f4074fbde8b7192b06,5,94185151,67.92938856115333,1741051082612002,Staked ICX,0.1555181375,sICX,0,1,2025-03-04
cx88fd7df7ddff82f7cc735c871dc519838cb235bb,cxa0af3165c08318e988cb30993b3048335b94af6c,cx5faae53c4dbd1fbe4a2eb4aab6565030f10da5c6,0x354a6ba7a18000,0xfdbe2a105d6b2f375e6126fe6f106c365ed5a7efdda0f1f4074fbde8b7192b06,3,94185151,0.015,1741051082612002,Balanced Dollar,0.1555181375,bnUSD,0,1,2025-03-04
cx2609b924e33ef00b648a409245c7ea394c467824,cxa0af3165c08318e988cb30993b3048335b94af6c,cx21e94c08c03daee80c25d8ee3ea22a20786ec231,0x3aeb5aafdb5070a97,0xfdbe2a105d6b2f375e6126fe6f106c365ed5a7efdda0f1f4074fbde8b7192b06,2,94185151,67.92938856115333,1741051082612002,Staked ICX,0.1555181375,sICX,0,1,2025-03-04
cx88fd7df7ddff82f7cc735c871dc519838cb235bb,cx21e94c08c03daee80c25d8ee3ea22a20786ec231,cxa0af3165c08318e988cb30993b3048335b94af6c,0x8ac7230489e80000,0xfdbe2a105d6b2f375e6126fe6f106c365ed5a7efdda0f1f4074fbde8b7192b06,1,94185151,10.0,1741051082612002,Balanced Dollar,0.1555181375,bnUSD,0,1,2025-03-04
cx88fd7df7ddff82f7cc735c871dc519838cb235bb,hx05f6cc541c3e3bf2d4e552ec7bb4dba9a0138b64,cx21e94c08c03daee80c25d8ee3ea22a20786ec231,0x8ac7230489e80000,0xfdbe2a105d6b2f375e6126fe6f106c365ed5a7efdda0f1f4074fbde8b7192b06,0,94185151,10.0,1741051082612002,Balanced Dollar,0.1555181375,bnUSD,0,1,2025-03-04
cx3975b43d260fb8ec802cef6e60c2f4d07486f11d,hx751441005c9fc0ec16f3ab641d70c76850666adb,hx0000000000000000000000000000000000000000,0x184c76f9d1fc7f31,0x67460e6f8e8d80f4e8e6562bb1f8cdcb91a92c0053fa194e7b51a79db9fd2f25,17,94185149,1.7509051704822003,1741051078629437,Wrapped ICX,0.3937667375,wICX,0,1,2025-03-04
cx3975b43d260fb8ec802cef6e60c2f4d07486f11d,cx21e94c08c03daee80c25d8ee3ea22a20786ec231,hx751441005c9fc0ec16f3ab641d70c76850666adb,0x184c76f9d1fc7f31,0x67460e6f8e8d80f4e8e6562bb1f8cdcb91a92c0053fa194e7b51a79db9fd2f25,16,94185149,1.7509051704822003,1741051078629437,Wrapped ICX,0.3937667375,wICX,0,1,2025-03-04
cx2609b924e33ef00b648a409245c7ea394c467824,cxa0af3165c08318e988cb30993b3048335b94af6c,cx5faae53c4dbd1fbe4a2eb4aab6565030f10da5c6,0x71e6f0e1b3efb,0x67460e6f8e8d80f4e8e6562bb1f8cdcb91a92c0053fa194e7b51a79db9fd2f25,14,94185149,0.002003787163844347,1741051078629437,Staked ICX,0.3937667375,sICX,0,1,2025-03-04
cx3975b43d260fb8ec802cef6e60c2f4d07486f11d,cxa0af3165c08318e988cb30993b3048335b94af6c,cx21e94c08c03daee80c25d8ee3ea22a20786ec231,0x184c76f9d1fc7f31,0x67460e6f8e8d80f4e8e6562bb1f8cdcb91a92c0053fa194e7b51a79db9fd2f25,13,94185149,1.7509051704822003,1741051078629437,Wrapped ICX,0.3937667375,wICX,0,1,2025-03-04
cx2609b924e33ef00b648a409245c7ea394c467824,cx21e94c08c03daee80c25d8ee3ea22a20786ec231,cxa0af3165c08318e988cb30993b3048335b94af6c,0x1289ebdf66f404f3,0x67460e6f8e8d80f4e8e6562bb1f8cdcb91a92c0053fa194e7b51a79db9fd2f25,12,94185149,1.3358581092295652,1741051078629437,Staked ICX,0.3937667375,sICX,0,1,2025-03-04
cx2609b924e33ef00b648a409245c7ea394c467824,cx203d9cd2a669be67177e997b8948ce2c35caffae,cx835b300dcfe01f0bdb794e134a0c5628384f4367,0x4b6a5ba74d369f6,0x67460e6f8e8d80f4e8e6562bb1f8cdcb91a92c0053fa194e7b51a79db9fd2f25,9,94185149,0.3396410421555635,1741051078629437,Staked ICX,0.3937667375,sICX,0,1,2025-03-04
cx2609b924e33ef00b648a409245c7ea394c467824,cx5faae53c4dbd1fbe4a2eb4aab6565030f10da5c6,cx203d9cd2a669be67177e997b8948ce2c35caffae,0x6bbc82ef00972ce,0x67460e6f8e8d80f4e8e6562bb1f8cdcb91a92c0053fa194e7b51a79db9fd2f25,6,94185149,0.48520148879366215,1741051078629437,Staked ICX,0.3937667375,sICX,0,1,2025-03-04
cx2609b924e33ef00b648a409245c7ea394c467824,cx5faae53c4dbd1fbe4a2eb4aab6565030f10da5c6,cxdc30a0d3a1f131565c071272a20bc0b06fd4c17b,0x6bbc82ef00972cd,0x67460e6f8e8d80f4e8e6562bb1f8cdcb91a92c0053fa194e7b51a79db9fd2f25,4,94185149,0.48520148879366215,1741051078629437,Staked ICX,0.3937667375,sICX,0,1,2025-03-04
cx2609b924e33ef00b648a409245c7ea394c467824,cxa0af3165c08318e988cb30993b3048335b94af6c,cx5faae53c4dbd1fbe4a2eb4aab6565030f10da5c6,0x7185c17cde1be,0x67460e6f8e8d80f4e8e6562bb1f8cdcb91a92c0053fa194e7b51a79db9fd2f25,3,94185149,0.001997108652401086,1741051078629437,Staked ICX,0.3937667375,sICX,0,1,2025-03-04
cx2609b924e33ef00b648a409245c7ea394c467824,cxa0af3165c08318e988cb30993b3048335b94af6c,cx21e94c08c03daee80c25d8ee3ea22a20786ec231,0x1289ebdf66f404f3,0x67460e6f8e8d80f4e8e6562bb1f8cdcb91a92c0053fa194e7b51a79db9fd2f25,2,94185149,1.3358581092295652,1741051078629437,Staked ICX,0.3937667375,sICX,0,1,2025-03-04
cx288d13e1b63563459a2ac6179f237711f6851cb5,cx21e94c08c03daee80c25d8ee3ea22a20786ec231,cxa0af3165c08318e988cb30993b3048335b94af6c,0x51dac207a000,0x67460e6f8e8d80f4e8e6562bb1f8cdcb91a92c0053fa194e7b51a79db9fd2f25,1,94185149,9e-05,1741051078629437,Ethereum,0.3937667375,ETH,0,1,2025-03-04
cx288d13e1b63563459a2ac6179f237711f6851cb5,hx751441005c9fc0ec16f3ab641d70c76850666adb,cx21e94c08c03daee80c25d8ee3ea22a20786ec231,0x51dac207a000,0x67460e6f8e8d80f4e8e6562bb1f8cdcb91a92c0053fa194e7b51a79db9fd2f25,0,94185149,9e-05,1741051078629437,Ethereum,0.3937667375,ETH,0,1,2025-03-04
cxf61cd5a45dc9f91c15aa65831a30a90d59a09619,cx10d59e8103ab44635190bd4139dbfd682fa2d07e,hx05f6cc541c3e3bf2d4e552ec7bb4dba9a0138b64,0x58c345b727b2f312,0x6a8fba2acd75283ea8629b36c5d4d4962a6948d36d2b749f095341efc44f3c46,3,94185069,6.396032548743607,1741050918679730,Balance Token,0.0723308375,BALN,0,1,2025-03-04
cx2609b924e33ef00b648a409245c7ea394c467824,cx10d59e8103ab44635190bd4139dbfd682fa2d07e,hx05f6cc541c3e3bf2d4e552ec7bb4dba9a0138b64,0xdd55a173a71a8e98a,0x6a8fba2acd75283ea8629b36c5d4d4962a6948d36d2b749f095341efc44f3c46,1,94185069,255.1812987759892,1741050918679730,Staked ICX,0.0723308375,sICX,0,1,2025-03-04
cx88fd7df7ddff82f7cc735c871dc519838cb235bb,cxa0af3165c08318e988cb30993b3048335b94af6c,cx5faae53c4dbd1fbe4a2eb4aab6565030f10da5c6,0x543e37b29956b5,0xcb867a75e7e3779e777a32e63140e250608372dbad3f35de73f234d04adb122c,2,94185018,0.023712306984212148,1741050816515194,Balanced Dollar,0.0568802875,bnUSD,0,1,2025-03-04
cx88fd7df7ddff82f7cc735c871dc519838cb235bb,cxa0af3165c08318e988cb30993b3048335b94af6c,hx06efa9167ece33af37f7153dc53bce2775f812f2,0xdabe271ea6fc018f,0xcb867a75e7e3779e777a32e63140e250608372dbad3f35de73f234d04adb122c,1,94185018,15.76207875844735,1741050816515194,Balanced Dollar,0.0568802875,bnUSD,0,1,2025-03-04
cx4297f4b63262507623b6ad575d0d8dd2db980e4e,hx06efa9167ece33af37f7153dc53bce2775f812f2,cxa0af3165c08318e988cb30993b3048335b94af6c,0x127988e183ed7d54,0xcb867a75e7e3779e777a32e63140e250608372dbad3f35de73f234d04adb122c,0,94185018,1.3312456670270907,1741050816515194,Injective,0.0568802875,INJ,0,1,2025-03-04
cx88fd7df7ddff82f7cc735c871dc519838cb235bb,cxbf469921730ed3c3c8c1924fc482d369f8795fe2,hx385a695da4288bf7d70df14d1201e832c2bcf2a6,0x1b7eaa46e429ab0000,0xd8b783570ae3485e3f43f9a91b67f86630274147e76f7918dfd876afe3ccc386,1,94185016,507.1892755307432,1741050812527748,Balanced Dollar,0.0417486375,bnUSD,0,2,2025-03-04
cx88fd7df7ddff82f7cc735c871dc519838cb235bb,hx385a695da4288bf7d70df14d1201e832c2bcf2a6,cxbf469921730ed3c3c8c1924fc482d369f8795fe2,0x1b7eaa46e429ab0000,0xd8b783570ae3485e3f43f9a91b67f86630274147e76f7918dfd876afe3ccc386,0,94185016,507.1892755307432,1741050812527748,Balanced Dollar,0.0417486375,bnUSD,0,2,2025-03-04
cx4297f4b63262507623b6ad575d0d8dd2db980e4e,cx66d4d90f5f113eba575bf793570135f9b10cece1,cx835b300dcfe01f0bdb794e134a0c5628384f4367,0x2fc5e86b5a516d,0x21e74cc1b156f46e88369106e3b9e4b2127f48d59587edbb33191cad28d32b73,3,94185016,0.013446925929566573,1741050812527748,Injective,0.09281075,INJ,0,1,2025-03-04
cx4297f4b63262507623b6ad575d0d8dd2db980e4e,cx66d4d90f5f113eba575bf793570135f9b10cece1,hx06efa9167ece33af37f7153dc53bce2775f812f2,0x127988e183ed7d54,0x21e74cc1b156f46e88369106e3b9e4b2127f48d59587edbb33191cad28d32b73,1,94185016,1.3312456670270907,1741050812527748,Injective,0.09281075,INJ,0,1,2025-03-04
cx88fd7df7ddff82f7cc735c871dc519838cb235bb,hx06efa9167ece33af37f7153dc53bce2775f812f2,hx0000000000000000000000000000000000000000,0xcdfa044bcdfa3820,0x21e74cc1b156f46e88369106e3b9e4b2127f48d59587edbb33191cad28d32b73,0,94185016,14.842180245577676,1741050812527748,Balanced Dollar,0.09281075,bnUSD,0,1,2025-03-04
cx88fd7df7ddff82f7cc735c871dc519838cb235bb,cx21e94c08c03daee80c25d8ee3ea22a20786ec231,hx310bfeb923eabdf5f5b7e70a86bf865075c5e530,0x55572252af64ff79a,0x0a174f62066cb62b0c17a3effd1daf63c5bfd0a76ab14a0bc12272e0e70df9bc,7,94184980,98.39074487556793,1741050740509302,Balanced Dollar,0.0994431875,bnUSD,0,1,2025-03-04
cx88fd7df7ddff82f7cc735c871dc519838cb235bb,cxa0af3165c08318e988cb30993b3048335b94af6c,cx5faae53c4dbd1fbe4a2eb4aab6565030f10da5c6,0x20da37ad8edb127,0x0a174f62066cb62b0c17a3effd1daf63c5bfd0a76ab14a0bc12272e0e70df9bc,5,94184980,0.14795411079388804,1741050740509302,Balanced Dollar,0.0994431875,bnUSD,0,1,2025-03-04
cx88fd7df7ddff82f7cc735c871dc519838cb235bb,cxa0af3165c08318e988cb30993b3048335b94af6c,cx21e94c08c03daee80c25d8ee3ea22a20786ec231,0x55572252af64ff79a,0x0a174f62066cb62b0c17a3effd1daf63c5bfd0a76ab14a0bc12272e0e70df9bc,4,94184980,98.39074487556793,1741050740509302,Balanced Dollar,0.0994431875,bnUSD,0,1,2025-03-04
cx4297f4b63262507623b6ad575d0d8dd2db980e4e,cx21e94c08c03daee80c25d8ee3ea22a20786ec231,cxa0af3165c08318e988cb30993b3048335b94af6c,0x7341497f8b9e8000,0x0a174f62066cb62b0c17a3effd1daf63c5bfd0a76ab14a0bc12272e0e70df9bc,3,94184980,8.305,1741050740509302,Injective,0.0994431875,INJ,0,1,2025-03-04
cx4297f4b63262507623b6ad575d0d8dd2db980e4e,hx0000000000000000000000000000000000000000,cx21e94c08c03daee80c25d8ee3ea22a20786ec231,0x7341497f8b9e8000,0x0a174f62066cb62b0c17a3effd1daf63c5bfd0a76ab14a0bc12272e0e70df9bc,1,94184980,8.305,1741050740509302,Injective,0.0994431875,INJ,0,1,2025-03-04
cx16f3cb9f09f5cdd902cf07aa752c8b3bd1bc9609,cx21e94c08c03daee80c25d8ee3ea22a20786ec231,hx0000000000000000000000000000000000000000,0x3cc2e677,0x699ac0e0303060e86a73a8d5e706899f39904150eb7cc6d8033d5352bd4fd7be,13,94184912,1019.405943,1741050604480548,Tether USD,0.1693987625,USDT,0,1,2025-03-04
cx16f3cb9f09f5cdd902cf07aa752c8b3bd1bc9609,cxa09dbb60dcb62fffbd232b6eae132d730a2aafa6,cx21e94c08c03daee80c25d8ee3ea22a20786ec231,0x3cc2e677,0x699ac0e0303060e86a73a8d5e706899f39904150eb7cc6d8033d5352bd4fd7be,10,94184912,1019.405943,1741050604480548,Tether USD,0.1693987625,USDT,0,1,2025-03-04
cx88fd7df7ddff82f7cc735c871dc519838cb235bb,cxa09dbb60dcb62fffbd232b6eae132d730a2aafa6,cx5faae53c4dbd1fbe4a2eb4aab6565030f10da5c6,0x2a91aa524ffce64c,0x699ac0e0303060e86a73a8d5e706899f39904150eb7cc6d8033d5352bd4fd7be,9,94184912,3.067420091722033,1741050604480548,Balanced Dollar,0.1693987625,bnUSD,0,1,2025-03-04
cx88fd7df7ddff82f7cc735c871dc519838cb235bb,cxa09dbb60dcb62fffbd232b6eae132d730a2aafa6,hx0000000000000000000000000000000000000000,0x37431970db2bf9a23c,0x699ac0e0303060e86a73a8d5e706899f39904150eb7cc6d8033d5352bd4fd7be,8,94184912,1019.4059438156222,1741050604480548,Balanced Dollar,0.1693987625,bnUSD,0,1,2025-03-04
cx88fd7df7ddff82f7cc735c871dc519838cb235bb,cx21e94c08c03daee80c25d8ee3ea22a20786ec231,cxa09dbb60dcb62fffbd232b6eae132d730a2aafa6,0x376dab1b2d7bf68888,0x699ac0e0303060e86a73a8d5e706899f39904150eb7cc6d8033d5352bd4fd7be,7,94184912,1022.4733639073443,1741050604480548,Balanced Dollar,0.1693987625,bnUSD,0,1,2025-03-04
cx88fd7df7ddff82f7cc735c871dc519838cb235bb,cxa0af3165c08318e988cb30993b3048335b94af6c,cx5faae53c4dbd1fbe4a2eb4aab6565030f10da5c6,0x15418fd2ea0a279f,0x699ac0e0303060e86a73a8d5e706899f39904150eb7cc6d8033d5352bd4fd7be,5,94184912,1.5316634843151176,1741050604480548,Balanced Dollar,0.1693987625,bnUSD,0,1,2025-03-04
cx88fd7df7ddff82f7cc735c871dc519838cb235bb,cxa0af3165c08318e988cb30993b3048335b94af6c,cx21e94c08c03daee80c25d8ee3ea22a20786ec231,0x376dab1b2d7bf68888,0x699ac0e0303060e86a73a8d5e706899f39904150eb7cc6d8033d5352bd4fd7be,4,94184912,1022.4733639073443,1741050604480548,Balanced Dollar,0.1693987625,bnUSD,0,1,2025-03-04
cx508002ec116fbf3ab406329c0df28e70d7e75fb3,cx21e94c08c03daee80c25d8ee3ea22a20786ec231,cxa0af3165c08318e988cb30993b3048335b94af6c,0x5a9234f200,0x699ac0e0303060e86a73a8d5e706899f39904150eb7cc6d8033d5352bd4fd7be,3,94184912,389.0,1741050604480548,Sui,0.1693987625,SUI,0,1,2025-03-04
cx508002ec116fbf3ab406329c0df28e70d7e75fb3,hx0000000000000000000000000000000000000000,cx21e94c08c03daee80c25d8ee3ea22a20786ec231,0x5a9234f200,0x699ac0e0303060e86a73a8d5e706899f39904150eb7cc6d8033d5352bd4fd7be,1,94184912,389.0,1741050604480548,Sui,0.1693987625,SUI,0,1,2025-03-04
cx88fd7df7ddff82f7cc735c871dc519838cb235bb,cxa0af3165c08318e988cb30993b3048335b94af6c,cx5faae53c4dbd1fbe4a2eb4aab6565030f10da5c6,0xbc8c40e356527e,0xf3041a3ffee637aa7e8367ec7e1f8f80b46f5298765850a262c5fb1816ea0855,2,94184869,0.05307150594148416,1741050518530641,Balanced Dollar,0.056880225,bnUSD,0,1,2025-03-04
cx88fd7df7ddff82f7cc735c871dc519838cb235bb,cxa0af3165c08318e988cb30993b3048335b94af6c,hx06efa9167ece33af37f7153dc53bce2775f812f2,0x1e9a0950e11070f5e,0xf3041a3ffee637aa7e8367ec7e1f8f80b46f5298765850a262c5fb1816ea0855,1,94184869,35.28136336846822,1741050518530641,Balanced Dollar,0.056880225,bnUSD,0,1,2025-03-04
cx4297f4b63262507623b6ad575d0d8dd2db980e4e,hx06efa9167ece33af37f7153dc53bce2775f812f2,cxa0af3165c08318e988cb30993b3048335b94af6c,0x294cc120086bdaba,0xf3041a3ffee637aa7e8367ec7e1f8f80b46f5298765850a262c5fb1816ea0855,0,94184869,2.9759657971094557,1741050518530641,Injective,0.056880225,INJ,0,1,2025-03-04
cx88fd7df7ddff82f7cc735c871dc519838cb235bb,cxbf469921730ed3c3c8c1924fc482d369f8795fe2,hx385a695da4288bf7d70df14d1201e832c2bcf2a6,0x1d4c862c05a7d90000,0x0ace771949a59645a2dd01ecaf5bf61e23f57fe755ec4da9f0d66f83450f2e66,1,94184867,540.4697213341412,1741050514560205,Balanced Dollar,0.0417486375,bnUSD,0,2,2025-03-04
cx88fd7df7ddff82f7cc735c871dc519838cb235bb,hx385a695da4288bf7d70df14d1201e832c2bcf2a6,cxbf469921730ed3c3c8c1924fc482d369f8795fe2,0x1d4c862c05a7d90000,0x0ace771949a59645a2dd01ecaf5bf61e23f57fe755ec4da9f0d66f83450f2e66,0,94184867,540.4697213341412,1741050514560205,Balanced Dollar,0.0417486375,bnUSD,0,2,2025-03-04
cx4297f4b63262507623b6ad575d0d8dd2db980e4e,cx66d4d90f5f113eba575bf793570135f9b10cece1,cx835b300dcfe01f0bdb794e134a0c5628384f4367,0x6acba5d18a23d3,0xc5ff671272e4c2206488c57cd7e8cd2e5db6e3ed5975a7ac3fd56323cc896289,3,94184867,0.030060260576863188,1741050514560205,Injective,0.09281075,INJ,0,1,2025-03-04
cx4297f4b63262507623b6ad575d0d8dd2db980e4e,cx66d4d90f5f113eba575bf793570135f9b10cece1,hx06efa9167ece33af37f7153dc53bce2775f812f2,0x294cc120086bdaba,0xc5ff671272e4c2206488c57cd7e8cd2e5db6e3ed5975a7ac3fd56323cc896289,1,94184867,2.9759657971094557,1741050514560205,Injective,0.09281075,INJ,0,1,2025-03-04
cx88fd7df7ddff82f7cc735c871dc519838cb235bb,hx06efa9167ece33af37f7153dc53bce2775f812f2,hx0000000000000000000000000000000000000000,0x1cde38d33a06da5ae,0xc5ff671272e4c2206488c57cd7e8cd2e5db6e3ed5975a7ac3fd56323cc896289,0,94184867,33.28260092407248,1741050514560205,Balanced Dollar,0.09281075,bnUSD,0,1,2025-03-04
cx2609b924e33ef00b648a409245c7ea394c467824,cx43e2eec79eb76293c298f2b17aec06097be606e0,hx0000000000000000000000000000000000000000,0xde0b6b3a7640000,0x455da4c235750f01520fa160eb5daec0d2b0ac12ca219107ba8884f51a66d1c8,1,94184817,1.0,1741050414541509,Staked ICX,0.1087148625,sICX,0,1,2025-03-04
cx2609b924e33ef00b648a409245c7ea394c467824,hxc1718c79947e0f673296218b5b23adbd9a3b38a8,cx43e2eec79eb76293c298f2b17aec06097be606e0,0xde0b6b3a7640000,0x455da4c235750f01520fa160eb5daec0d2b0ac12ca219107ba8884f51a66d1c8,0,94184817,1.0,1741050414541509,Staked ICX,0.1087148625,sICX,0,1,2025-03-04
cxf61cd5a45dc9f91c15aa65831a30a90d59a09619,cx9345f80d6c98357ccbb70392b14162199c2c5f66,cxd82fb5d3effecd8c9071a4bba3856ad7222c4b91,0x490721ccbcbe1ce0,0x316512ec306cb83288f8c3492002426431b5eab53b9944086dee168664d69f54,4,94184744,5.262211852829335,1741050268443342,Balance Token,0.1302447375,BALN,0,1,2025-03-04
cx2609b924e33ef00b648a409245c7ea394c467824,cx9345f80d6c98357ccbb70392b14162199c2c5f66,cxd82fb5d3effecd8c9071a4bba3856ad7222c4b91,0x5054ce66c39af9d6a,0x316512ec306cb83288f8c3492002426431b5eab53b9944086dee168664d69f54,3,94184744,92.61565378946608,1741050268443342,Staked ICX,0.1302447375,sICX,0,1,2025-03-04
cx88fd7df7ddff82f7cc735c871dc519838cb235bb,hx0000000000000000000000000000000000000000,cx5faae53c4dbd1fbe4a2eb4aab6565030f10da5c6,0x0,0x316512ec306cb83288f8c3492002426431b5eab53b9944086dee168664d69f54,2,94184744,0.0,1741050268443342,Balanced Dollar,0.1302447375,bnUSD,0,1,2025-03-04
cx88fd7df7ddff82f7cc735c871dc519838cb235bb,hx0000000000000000000000000000000000000000,cxd82fb5d3effecd8c9071a4bba3856ad7222c4b91,0xd0473490255476e2,0x316512ec306cb83288f8c3492002426431b5eab53b9944086dee168664d69f54,1,94184744,15.008022076941694,1741050268443342,Balanced Dollar,0.1302447375,bnUSD,0,1,2025-03-04
cx88fd7df7ddff82f7cc735c871dc519838cb235bb,hxc1718c79947e0f673296218b5b23adbd9a3b38a8,cxd82fb5d3effecd8c9071a4bba3856ad7222c4b91,0x1dec23df1384160000,0x316512ec306cb83288f8c3492002426431b5eab53b9944086dee168664d69f54,0,94184744,551.9712672296263,1741050268443342,Balanced Dollar,0.1302447375,bnUSD,0,1,2025-03-04
cx88fd7df7ddff82f7cc735c871dc519838cb235bb,cx21e94c08c03daee80c25d8ee3ea22a20786ec231,hx7497c286aa521b09b2b54d78cde3fa4573c0e157,0x528c1b6d5fa7e638c,0xab2a9bc07821eef62f80dc0a1d625147ee9e1e86623cd1bb2362e50dd7cafe5a,13,94184743,95.17054983071691,1741050266323651,Balanced Dollar,0.2235180625,bnUSD,0,1,2025-03-04
cx88fd7df7ddff82f7cc735c871dc519838cb235bb,cxa0af3165c08318e988cb30993b3048335b94af6c,cx5faae53c4dbd1fbe4a2eb4aab6565030f10da5c6,0x1fc32a7b032510c,0xab2a9bc07821eef62f80dc0a1d625147ee9e1e86623cd1bb2362e50dd7cafe5a,11,94184743,0.14304498396602805,1741050266323651,Balanced Dollar,0.2235180625,bnUSD,0,1,2025-03-04
cx88fd7df7ddff82f7cc735c871dc519838cb235bb,cxa0af3165c08318e988cb30993b3048335b94af6c,cx21e94c08c03daee80c25d8ee3ea22a20786ec231,0x528c1b6d5fa7e638c,0xab2a9bc07821eef62f80dc0a1d625147ee9e1e86623cd1bb2362e50dd7cafe5a,10,94184743,95.17054983071691,1741050266323651,Balanced Dollar,0.2235180625,bnUSD,0,1,2025-03-04
cxf61cd5a45dc9f91c15aa65831a30a90d59a09619,cx21e94c08c03daee80c25d8ee3ea22a20786ec231,cxa0af3165c08318e988cb30993b3048335b94af6c,0x2a81ecc7c969e7f870,0xab2a9bc07821eef62f80dc0a1d625147ee9e1e86623cd1bb2362e50dd7cafe5a,9,94184743,784.1253284890768,1741050266323651,Balance Token,0.2235180625,BALN,0,1,2025-03-04
cx2609b924e33ef00b648a409245c7ea394c467824,cxa0af3165c08318e988cb30993b3048335b94af6c,cx5faae53c4dbd1fbe4a2eb4aab6565030f10da5c6,0xd707801c84503dd,0xab2a9bc07821eef62f80dc0a1d625147ee9e1e86623cd1bb2362e50dd7cafe5a,7,94184743,0.9684058689349232,1741050266323651,Staked ICX,0.2235180625,sICX,0,1,2025-03-04
cxf61cd5a45dc9f91c15aa65831a30a90d59a09619,cxa0af3165c08318e988cb30993b3048335b94af6c,cx21e94c08c03daee80c25d8ee3ea22a20786ec231,0x2a81ecc7c969e7f870,0xab2a9bc07821eef62f80dc0a1d625147ee9e1e86623cd1bb2362e50dd7cafe5a,6,94184743,784.1253284890768,1741050266323651,Balance Token,0.2235180625,BALN,0,1,2025-03-04
cx2609b924e33ef00b648a409245c7ea394c467824,cx21e94c08c03daee80c25d8ee3ea22a20786ec231,cxa0af3165c08318e988cb30993b3048335b94af6c,0x22ff8dd9f9890f650a,0xab2a9bc07821eef62f80dc0a1d625147ee9e1e86623cd1bb2362e50dd7cafe5a,5,94184743,645.6039126232821,1741050266323651,Staked ICX,0.2235180625,sICX,0,1,2025-03-04
cx88fd7df7ddff82f7cc735c871dc519838cb235bb,cxa0af3165c08318e988cb30993b3048335b94af6c,cx5faae53c4dbd1fbe4a2eb4aab6565030f10da5c6,0x1fa6aa26fca1493,0xab2a9bc07821eef62f80dc0a1d625147ee9e1e86623cd1bb2362e50dd7cafe5a,3,94184743,0.14254358410835266,1741050266323651,Balanced Dollar,0.2235180625,bnUSD,0,1,2025-03-04
cx2609b924e33ef00b648a409245c7ea394c467824,cxa0af3165c08318e988cb30993b3048335b94af6c,cx21e94c08c03daee80c25d8ee3ea22a20786ec231,0x22ff8dd9f9890f650a,0xab2a9bc07821eef62f80dc0a1d625147ee9e1e86623cd1bb2362e50dd7cafe5a,2,94184743,645.6039126232821,1741050266323651,Staked ICX,0.2235180625,sICX,0,1,2025-03-04
cx88fd7df7ddff82f7cc735c871dc519838cb235bb,cx21e94c08c03daee80c25d8ee3ea22a20786ec231,cxa0af3165c08318e988cb30993b3048335b94af6c,0x526cb07031e404000,0xab2a9bc07821eef62f80dc0a1d625147ee9e1e86623cd1bb2362e50dd7cafe5a,1,94184743,95.02905607223511,1741050266323651,Balanced Dollar,0.2235180625,bnUSD,0,1,2025-03-04
cx88fd7df7ddff82f7cc735c871dc519838cb235bb,hx7497c286aa521b09b2b54d78cde3fa4573c0e157,cx21e94c08c03daee80c25d8ee3ea22a20786ec231,0x526cb07031e404000,0xab2a9bc07821eef62f80dc0a1d625147ee9e1e86623cd1bb2362e50dd7cafe5a,0,94184743,95.02905607223511,1741050266323651,Balanced Dollar,0.2235180625,bnUSD,0,1,2025-03-04
cx88fd7df7ddff82f7cc735c871dc519838cb235bb,cxa0af3165c08318e988cb30993b3048335b94af6c,cx5faae53c4dbd1fbe4a2eb4aab6565030f10da5c6,0xb88721691567fe2,0xe5cff2f3909c246d8057d79aa958a4ed652cd6051d459f2eea659d0766894262,2,94184742,0.8310395725030686,1741050264455659,Balanced Dollar,0.070579675,bnUSD,0,1,2025-03-04
cx88fd7df7ddff82f7cc735c871dc519838cb235bb,cxa0af3165c08318e988cb30993b3048335b94af6c,hxc1718c79947e0f673296218b5b23adbd9a3b38a8,0x1df67356677f65042c,0xe5cff2f3909c246d8057d79aa958a4ed652cd6051d459f2eea659d0766894262,1,94184742,552.7142108957479,1741050264455659,Balanced Dollar,0.070579675,bnUSD,0,1,2025-03-04
cx2609b924e33ef00b648a409245c7ea394c467824,hxc1718c79947e0f673296218b5b23adbd9a3b38a8,cxa0af3165c08318e988cb30993b3048335b94af6c,0xccada84aa63c400000,0xe5cff2f3909c246d8057d79aa958a4ed652cd6051d459f2eea659d0766894262,0,94184742,3775.6491246792334,1741050264455659,Staked ICX,0.070579675,sICX,0,1,2025-03-04
cx88fd7df7ddff82f7cc735c871dc519838cb235bb,cx21e94c08c03daee80c25d8ee3ea22a20786ec231,hx2debd9ec927cca1639da8d3518dd9dbf1cdfb357,0x175b9a34b48220d1c6,0x5ef8399f57349e579625433fbfb2c3314d6f0214fd70003f8906aa5f799ee786,5,94184741,430.8757598490665,1741050262324042,Balanced Dollar,0.0883524875,bnUSD,0,1,2025-03-04
cx88fd7df7ddff82f7cc735c871dc519838cb235bb,cxa0af3165c08318e988cb30993b3048335b94af6c,cx5faae53c4dbd1fbe4a2eb4aab6565030f10da5c6,0x8fd4f2301d77794,0x5ef8399f57349e579625433fbfb2c3314d6f0214fd70003f8906aa5f799ee786,3,94184741,0.6477609331845672,1741050262324042,Balanced Dollar,0.0883524875,bnUSD,0,1,2025-03-04
cx88fd7df7ddff82f7cc735c871dc519838cb235bb,cxa0af3165c08318e988cb30993b3048335b94af6c,cx21e94c08c03daee80c25d8ee3ea22a20786ec231,0x175b9a34b48220d1c6,0x5ef8399f57349e579625433fbfb2c3314d6f0214fd70003f8906aa5f799ee786,2,94184741,430.8757598490665,1741050262324042,Balanced Dollar,0.0883524875,bnUSD,0,1,2025-03-04
cx07b184a37f03c6ab681fcbd0b45aec6dc3eafbeb,cx21e94c08c03daee80c25d8ee3ea22a20786ec231,cxa0af3165c08318e988cb30993b3048335b94af6c,0x11c37937e08000,0x5ef8399f57349e579625433fbfb2c3314d6f0214fd70003f8906aa5f799ee786,1,94184741,0.005,1741050262324042,Bitcoin,0.0883524875,BTC,0,1,2025-03-04
cx07b184a37f03c6ab681fcbd0b45aec6dc3eafbeb,hx2debd9ec927cca1639da8d3518dd9dbf1cdfb357,cx21e94c08c03daee80c25d8ee3ea22a20786ec231,0x11c37937e08000,0x5ef8399f57349e579625433fbfb2c3314d6f0214fd70003f8906aa5f799ee786,0,94184741,0.005,1741050262324042,Bitcoin,0.0883524875,BTC,0,1,2025-03-04
cx88fd7df7ddff82f7cc735c871dc519838cb235bb,cx21e94c08c03daee80c25d8ee3ea22a20786ec231,hx2debd9ec927cca1639da8d3518dd9dbf1cdfb357,0x1688741ac3cb69b38f,0x22cb3e00275869162a517373fb80eac1bbf393d62713fceb6fc7c495c7a4bd64,5,94184733,415.6608829363004,1741050246323493,Balanced Dollar,0.0883132375,bnUSD,0,1,2025-03-04
cx88fd7df7ddff82f7cc735c871dc519838cb235bb,cxa0af3165c08318e988cb30993b3048335b94af6c,cx5faae53c4dbd1fbe4a2eb4aab6565030f10da5c6,0x8aa07c171c4ceb2,0x22cb3e00275869162a517373fb80eac1bbf393d62713fceb6fc7c495c7a4bd64,3,94184733,0.6243200257630409,1741050246323493,Balanced Dollar,0.0883132375,bnUSD,0,1,2025-03-04
cx88fd7df7ddff82f7cc735c871dc519838cb235bb,cxa0af3165c08318e988cb30993b3048335b94af6c,cx21e94c08c03daee80c25d8ee3ea22a20786ec231,0x1688741ac3cb69b38f,0x22cb3e00275869162a517373fb80eac1bbf393d62713fceb6fc7c495c7a4bd64,2,94184733,415.6608829363004,1741050246323493,Balanced Dollar,0.0883132375,bnUSD,0,1,2025-03-04
cx66a031cc3bd305c76371fb586e93801b948254f0,cx21e94c08c03daee80c25d8ee3ea22a20786ec231,cxa0af3165c08318e988cb30993b3048335b94af6c,0x1158e460913d00000,0x22cb3e00275869162a517373fb80eac1bbf393d62713fceb6fc7c495c7a4bd64,1,94184733,20.0,1741050246323493,Avalanche,0.0883132375,AVAX,0,1,2025-03-04
cx66a031cc3bd305c76371fb586e93801b948254f0,hx2debd9ec927cca1639da8d3518dd9dbf1cdfb357,cx21e94c08c03daee80c25d8ee3ea22a20786ec231,0x1158e460913d00000,0x22cb3e00275869162a517373fb80eac1bbf393d62713fceb6fc7c495c7a4bd64,0,94184733,20.0,1741050246323493,Avalanche,0.0883132375,AVAX,0,1,2025-03-04
cx88fd7df7ddff82f7cc735c871dc519838cb235bb,cxa0af3165c08318e988cb30993b3048335b94af6c,cx5faae53c4dbd1fbe4a2eb4aab6565030f10da5c6,0x1fe14f1db57c05,0x8c18252ff0669d507753855b822bd333cfbdaa3f549454547f009fd8dc087714,2,94184718,0.008973454195129349,1741050216310654,Balanced Dollar,0.0568616125,bnUSD,0,1,2025-03-04
cx88fd7df7ddff82f7cc735c871dc519838cb235bb,cxa0af3165c08318e988cb30993b3048335b94af6c,hx06efa9167ece33af37f7153dc53bce2775f812f2,0x52c64f184fb0c160,0x8c18252ff0669d507753855b822bd333cfbdaa3f549454547f009fd8dc087714,1,94184718,5.964541722333594,1741050216310654,Balanced Dollar,0.0568616125,bnUSD,0,1,2025-03-04
cx4297f4b63262507623b6ad575d0d8dd2db980e4e,hx06efa9167ece33af37f7153dc53bce2775f812f2,cxa0af3165c08318e988cb30993b3048335b94af6c,0x6fb020e98ebfa60,0x8c18252ff0669d507753855b822bd333cfbdaa3f549454547f009fd8dc087714,0,94184718,0.5029980451003419,1741050216310654,Injective,0.0568616125,INJ,0,1,2025-03-04
cx88fd7df7ddff82f7cc735c871dc519838cb235bb,cxbf469921730ed3c3c8c1924fc482d369f8795fe2,hx385a695da4288bf7d70df14d1201e832c2bcf2a6,0x1d9b1affcf766f0000,0xfcbc120aad4f5ffe90666dd8a2bf8065d3a20f762e52919bd11dc1d80336155f,1,94184716,546.1321048293606,1741050212312583,Balanced Dollar,0.0417486375,bnUSD,0,2,2025-03-04
cx88fd7df7ddff82f7cc735c871dc519838cb235bb,hx385a695da4288bf7d70df14d1201e832c2bcf2a6,cxbf469921730ed3c3c8c1924fc482d369f8795fe2,0x1d9b1affcf766f0000,0xfcbc120aad4f5ffe90666dd8a2bf8065d3a20f762e52919bd11dc1d80336155f,0,94184716,546.1321048293606,1741050212312583,Balanced Dollar,0.0417486375,bnUSD,0,2,2025-03-04
cx4297f4b63262507623b6ad575d0d8dd2db980e4e,cx66d4d90f5f113eba575bf793570135f9b10cece1,cx835b300dcfe01f0bdb794e134a0c5628384f4367,0x120cf337d90287,0x171e568c41e1c9d6211d742e372264087e6ff50fa00821425f8ef14d26c3d92b,3,94184716,0.005080788334346887,1741050212312583,Injective,0.09280275,INJ,0,1,2025-03-04
cx4297f4b63262507623b6ad575d0d8dd2db980e4e,cx66d4d90f5f113eba575bf793570135f9b10cece1,hx06efa9167ece33af37f7153dc53bce2775f812f2,0x6fb020e98ebfa60,0x171e568c41e1c9d6211d742e372264087e6ff50fa00821425f8ef14d26c3d92b,1,94184716,0.5029980451003419,1741050212312583,Injective,0.09280275,INJ,0,1,2025-03-04
cx88fd7df7ddff82f7cc735c871dc519838cb235bb,hx06efa9167ece33af37f7153dc53bce2775f812f2,hx0000000000000000000000000000000000000000,0x4e94d3c9ce961089,0x171e568c41e1c9d6211d742e372264087e6ff50fa00821425f8ef14d26c3d92b,0,94184716,5.662383495219385,1741050212312583,Balanced Dollar,0.09280275,bnUSD,0,1,2025-03-04
cx16f3cb9f09f5cdd902cf07aa752c8b3bd1bc9609,cx21e94c08c03daee80c25d8ee3ea22a20786ec231,hx0000000000000000000000000000000000000000,0x3c80246f,0xf90689b576ecfbcf5994958b4637cf0f2e47adb5c3ecc83c46f5ac1e6f2b595c,18,94184643,1015.030895,1741050066253182,Tether USD,0.2113342875,USDT,0,1,2025-03-04
cx16f3cb9f09f5cdd902cf07aa752c8b3bd1bc9609,cxa09dbb60dcb62fffbd232b6eae132d730a2aafa6,cx21e94c08c03daee80c25d8ee3ea22a20786ec231,0x3c80246f,0xf90689b576ecfbcf5994958b4637cf0f2e47adb5c3ecc83c46f5ac1e6f2b595c,15,94184643,1015.030895,1741050066253182,Tether USD,0.2113342875,USDT,0,1,2025-03-04
cx88fd7df7ddff82f7cc735c871dc519838cb235bb,cxa09dbb60dcb62fffbd232b6eae132d730a2aafa6,cx5faae53c4dbd1fbe4a2eb4aab6565030f10da5c6,0x2a62e526cbdc4ac8,0xf90689b576ecfbcf5994958b4637cf0f2e47adb5c3ecc83c46f5ac1e6f2b595c,14,94184643,3.0542554521023475,1741050066253182,Balanced Dollar,0.2113342875,bnUSD,0,1,2025-03-04
cx88fd7df7ddff82f7cc735c871dc519838cb235bb,cxa09dbb60dcb62fffbd232b6eae132d730a2aafa6,hx0000000000000000000000000000000000000000,0x370662255d504fbfa6,0xf90689b576ecfbcf5994958b4637cf0f2e47adb5c3ecc83c46f5ac1e6f2b595c,13,94184643,1015.0308952486802,1741050066253182,Balanced Dollar,0.2113342875,bnUSD,0,1,2025-03-04
cx88fd7df7ddff82f7cc735c871dc519838cb235bb,cx21e94c08c03daee80c25d8ee3ea22a20786ec231,cxa09dbb60dcb62fffbd232b6eae132d730a2aafa6,0x3730c50a841c2c0a6e,0xf90689b576ecfbcf5994958b4637cf0f2e47adb5c3ecc83c46f5ac1e6f2b595c,12,94184643,1018.0851507007825,1741050066253182,Balanced Dollar,0.2113342875,bnUSD,0,1,2025-03-04
cx88fd7df7ddff82f7cc735c871dc519838cb235bb,cx203d9cd2a669be67177e997b8948ce2c35caffae,cx835b300dcfe01f0bdb794e134a0c5628384f4367,0x2e07ad47cb0fad75,0xf90689b576ecfbcf5994958b4637cf0f2e47adb5c3ecc83c46f5ac1e6f2b595c,9,94184643,3.3168101744427454,1741050066253182,Balanced Dollar,0.2113342875,bnUSD,0,1,2025-03-04
cx88fd7df7ddff82f7cc735c871dc519838cb235bb,cx5faae53c4dbd1fbe4a2eb4aab6565030f10da5c6,cx203d9cd2a669be67177e997b8948ce2c35caffae,0x41c1d2f8d8f1d33a,0xf90689b576ecfbcf5994958b4637cf0f2e47adb5c3ecc83c46f5ac1e6f2b595c,7,94184643,4.738300249203922,1741050066253182,Balanced Dollar,0.2113342875,bnUSD,0,1,2025-03-04
cx88fd7df7ddff82f7cc735c871dc519838cb235bb,cx5faae53c4dbd1fbe4a2eb4aab6565030f10da5c6,cxdc30a0d3a1f131565c071272a20bc0b06fd4c17b,0x41c1d2f8d8f1d33a,0xf90689b576ecfbcf5994958b4637cf0f2e47adb5c3ecc83c46f5ac1e6f2b595c,6,94184643,4.738300249203922,1741050066253182,Balanced Dollar,0.2113342875,bnUSD,0,1,2025-03-04
cx88fd7df7ddff82f7cc735c871dc519838cb235bb,cxa0af3165c08318e988cb30993b3048335b94af6c,cx5faae53c4dbd1fbe4a2eb4aab6565030f10da5c6,0x152a68de1897d8aa,0xf90689b576ecfbcf5994958b4637cf0f2e47adb5c3ecc83c46f5ac1e6f2b595c,5,94184643,1.5251467269229673,1741050066253182,Balanced Dollar,0.2113342875,bnUSD,0,1,2025-03-04
cx88fd7df7ddff82f7cc735c871dc519838cb235bb,cxa0af3165c08318e988cb30993b3048335b94af6c,cx21e94c08c03daee80c25d8ee3ea22a20786ec231,0x3730c50a841c2c0a6e,0xf90689b576ecfbcf5994958b4637cf0f2e47adb5c3ecc83c46f5ac1e6f2b595c,4,94184643,1018.0851507007825,1741050066253182,Balanced Dollar,0.2113342875,bnUSD,0,1,2025-03-04
cx508002ec116fbf3ab406329c0df28e70d7e75fb3,cx21e94c08c03daee80c25d8ee3ea22a20786ec231,cxa0af3165c08318e988cb30993b3048335b94af6c,0x59682f0000,0xf90689b576ecfbcf5994958b4637cf0f2e47adb5c3ecc83c46f5ac1e6f2b595c,3,94184643,384.0,1741050066253182,Sui,0.2113342875,SUI,0,1,2025-03-04
cx508002ec116fbf3ab406329c0df28e70d7e75fb3,hx0000000000000000000000000000000000000000,cx21e94c08c03daee80c25d8ee3ea22a20786ec231,0x59682f0000,0xf90689b576ecfbcf5994958b4637cf0f2e47adb5c3ecc83c46f5ac1e6f2b595c,1,94184643,384.0,1741050066253182,Sui,0.2113342875,SUI,0,1,2025-03-04
cx2609b924e33ef00b648a409245c7ea394c467824,hx0000000000000000000000000000000000000000,cx66d4d90f5f113eba575bf793570135f9b10cece1,0x8fe64b69b569a9401,0x1af8167098616a3b6033c96ffeedba0769c4815fac16f37595688e5df717882b,2,94184589,165.90492975127034,1741049958320192,Staked ICX,0.1253660875,sICX,0,1,2025-03-04
cx88fd7df7ddff82f7cc735c871dc519838cb235bb,cx21e94c08c03daee80c25d8ee3ea22a20786ec231,hx2debd9ec927cca1639da8d3518dd9dbf1cdfb357,0xfe30c931014b4e419,0xd02bac907f9c2956c0aa28d8c0238eb8e630264fac178851ff91e8222b491c78,5,94184133,293.0617743492496,1741049045935577,Balanced Dollar,0.1126966,bnUSD,0,1,2025-03-04
cx88fd7df7ddff82f7cc735c871dc519838cb235bb,cxa0af3165c08318e988cb30993b3048335b94af6c,cx5faae53c4dbd1fbe4a2eb4aab6565030f10da5c6,0x61debaa4d3c88d6,0xd02bac907f9c2956c0aa28d8c0238eb8e630264fac178851ff91e8222b491c78,3,94184133,0.44076745522495714,1741049045935577,Balanced Dollar,0.1126966,bnUSD,0,1,2025-03-04
cx88fd7df7ddff82f7cc735c871dc519838cb235bb,cxa0af3165c08318e988cb30993b3048335b94af6c,cx21e94c08c03daee80c25d8ee3ea22a20786ec231,0xfe30c931014b4e419,0xd02bac907f9c2956c0aa28d8c0238eb8e630264fac178851ff91e8222b491c78,2,94184133,293.0617743492496,1741049045935577,Balanced Dollar,0.1126966,bnUSD,0,1,2025-03-04
cx2609b924e33ef00b648a409245c7ea394c467824,cx21e94c08c03daee80c25d8ee3ea22a20786ec231,cxa0af3165c08318e988cb30993b3048335b94af6c,0x6c6b935b8bbd400000,0xd02bac907f9c2956c0aa28d8c0238eb8e630264fac178851ff91e8222b491c78,1,94184133,2000.0,1741049045935577,Staked ICX,0.1126966,sICX,0,1,2025-03-04
cx2609b924e33ef00b648a409245c7ea394c467824,hx2debd9ec927cca1639da8d3518dd9dbf1cdfb357,cx21e94c08c03daee80c25d8ee3ea22a20786ec231,0x6c6b935b8bbd400000,0xd02bac907f9c2956c0aa28d8c0238eb8e630264fac178851ff91e8222b491c78,0,94184133,2000.0,1741049045935577,Staked ICX,0.1126966,sICX,0,1,2025-03-04
cx88fd7df7ddff82f7cc735c871dc519838cb235bb,cxa0af3165c08318e988cb30993b3048335b94af6c,cx5faae53c4dbd1fbe4a2eb4aab6565030f10da5c6,0xc06fa31c99eb45,0x65d20e2325ba69c260880b2da61a13a936b4457dcb0f1666ea2750814c2cd9d4,2,94184119,0.05416594187864762,1741049017990882,Balanced Dollar,0.056880225,bnUSD,0,1,2025-03-04
cx88fd7df7ddff82f7cc735c871dc519838cb235bb,cxa0af3165c08318e988cb30993b3048335b94af6c,hx06efa9167ece33af37f7153dc53bce2775f812f2,0x1f3b9e8897f8265a3,0x65d20e2325ba69c260880b2da61a13a936b4457dcb0f1666ea2750814c2cd9d4,1,94184119,36.009067972864926,1741049017990882,Balanced Dollar,0.056880225,bnUSD,0,1,2025-03-04
cx4297f4b63262507623b6ad575d0d8dd2db980e4e,hx06efa9167ece33af37f7153dc53bce2775f812f2,cxa0af3165c08318e988cb30993b3048335b94af6c,0x2a222390f181d72c,0x65d20e2325ba69c260880b2da61a13a936b4457dcb0f1666ea2750814c2cd9d4,0,94184119,3.0360282042352167,1741049017990882,Injective,0.056880225,INJ,0,1,2025-03-04
cx88fd7df7ddff82f7cc735c871dc519838cb235bb,cxbf469921730ed3c3c8c1924fc482d369f8795fe2,hx385a695da4288bf7d70df14d1201e832c2bcf2a6,0x1f75ef198884650000,0x5089620219d5fce0133cf20491b5242d0885666c5e7eb9fb2435518acc5b2567,1,94184117,580.347105380995,1741049014041771,Balanced Dollar,0.0417486375,bnUSD,0,2,2025-03-04
cx88fd7df7ddff82f7cc735c871dc519838cb235bb,hx385a695da4288bf7d70df14d1201e832c2bcf2a6,cxbf469921730ed3c3c8c1924fc482d369f8795fe2,0x1f75ef198884650000,0x5089620219d5fce0133cf20491b5242d0885666c5e7eb9fb2435518acc5b2567,0,94184117,580.347105380995,1741049014041771,Balanced Dollar,0.0417486375,bnUSD,0,2,2025-03-04
cx4297f4b63262507623b6ad575d0d8dd2db980e4e,cx66d4d90f5f113eba575bf793570135f9b10cece1,cx835b300dcfe01f0bdb794e134a0c5628384f4367,0x6cf36e11f461d9,0x82daec551b1dd6607521076a148ef06c0faa9265dbdc431b50ce5b15dc5163a9,3,94184117,0.03066695155793148,1741049014041771,Injective,0.09281075,INJ,0,1,2025-03-04
cx4297f4b63262507623b6ad575d0d8dd2db980e4e,cx66d4d90f5f113eba575bf793570135f9b10cece1,hx06efa9167ece33af37f7153dc53bce2775f812f2,0x2a222390f181d72c,0x82daec551b1dd6607521076a148ef06c0faa9265dbdc431b50ce5b15dc5163a9,1,94184117,3.0360282042352167,1741049014041771,Injective,0.09281075,INJ,0,1,2025-03-04
cx88fd7df7ddff82f7cc735c871dc519838cb235bb,hx06efa9167ece33af37f7153dc53bce2775f812f2,hx0000000000000000000000000000000000000000,0x1dad419b90df71214,0x82daec551b1dd6607521076a148ef06c0faa9265dbdc431b50ce5b15dc5163a9,0,94184117,34.21500055163444,1741049014041771,Balanced Dollar,0.09281075,bnUSD,0,1,2025-03-04
cx88fd7df7ddff82f7cc735c871dc519838cb235bb,cx21e94c08c03daee80c25d8ee3ea22a20786ec231,hx2debd9ec927cca1639da8d3518dd9dbf1cdfb357,0xfe5c742c94127d6e1,0x27ce8065755fd2c49c44a7b7c5af57953f35e40dd08f040ce48d2a114f9656e4,5,94184103,293.25843709284317,1741048985893575,Balanced Dollar,0.1126979125,bnUSD,0,1,2025-03-04
cx88fd7df7ddff82f7cc735c871dc519838cb235bb,cxa0af3165c08318e988cb30993b3048335b94af6c,cx5faae53c4dbd1fbe4a2eb4aab6565030f10da5c6,0x61ef8a1f475b2c3,0x27ce8065755fd2c49c44a7b7c5af57953f35e40dd08f040ce48d2a114f9656e4,3,94184103,0.44106318800366456,1741048985893575,Balanced Dollar,0.1126979125,bnUSD,0,1,2025-03-04
cx88fd7df7ddff82f7cc735c871dc519838cb235bb,cxa0af3165c08318e988cb30993b3048335b94af6c,cx21e94c08c03daee80c25d8ee3ea22a20786ec231,0xfe5c742c94127d6e1,0x27ce8065755fd2c49c44a7b7c5af57953f35e40dd08f040ce48d2a114f9656e4,2,94184103,293.25843709284317,1741048985893575,Balanced Dollar,0.1126979125,bnUSD,0,1,2025-03-04
cx2609b924e33ef00b648a409245c7ea394c467824,cx21e94c08c03daee80c25d8ee3ea22a20786ec231,cxa0af3165c08318e988cb30993b3048335b94af6c,0x6c6b935b8bbd400000,0x27ce8065755fd2c49c44a7b7c5af57953f35e40dd08f040ce48d2a114f9656e4,1,94184103,2000.0,1741048985893575,Staked ICX,0.1126979125,sICX,0,1,2025-03-04
cx2609b924e33ef00b648a409245c7ea394c467824,hx2debd9ec927cca1639da8d3518dd9dbf1cdfb357,cx21e94c08c03daee80c25d8ee3ea22a20786ec231,0x6c6b935b8bbd400000,0x27ce8065755fd2c49c44a7b7c5af57953f35e40dd08f040ce48d2a114f9656e4,0,94184103,2000.0,1741048985893575,Staked ICX,0.1126979125,sICX,0,1,2025-03-04
cx88fd7df7ddff82f7cc735c871dc519838cb235bb,cxa0af3165c08318e988cb30993b3048335b94af6c,hx4dc7903504bb800a462378348a42f53742759e0b,0x1229bce6f02caf1,0x3b703638128f55363c7fbff70718c827498bdefeaae9b262a91fc857f1fb4037,3,94184083,0.0817990541741125,1741048945894749,Balanced Dollar,0.0347612125,bnUSD,0,3,2025-03-04
cx66a031cc3bd305c76371fb586e93801b948254f0,hx4dc7903504bb800a462378348a42f53742759e0b,cxa0af3165c08318e988cb30993b3048335b94af6c,0x125c5fac762a8500,0x0c4eb09715e80a75fcc64e4f7db2fc41442042476f7a80767732fd6b3bb07941,0,94184083,1.323037584861595,1741048945894749,Avalanche,0.0216072,AVAX,0,2,2025-03-04
cx88fd7df7ddff82f7cc735c871dc519838cb235bb,hx4dc7903504bb800a462378348a42f53742759e0b,cxa0af3165c08318e988cb30993b3048335b94af6c,0x18084847119b67000,0xf2f9a7628d2d92a7822fc8bae0fff2464832d12299c99d3e054fe0621ca30ec7,0,94184083,27.707416428787692,1741048945894749,Balanced Dollar,0.02221895,bnUSD,0,1,2025-03-04
cx66a031cc3bd305c76371fb586e93801b948254f0,cx21e94c08c03daee80c25d8ee3ea22a20786ec231,hx4dc7903504bb800a462378348a42f53742759e0b,0x125ecd10c615fb1a,0xda2a8c44c07f90a01b08e314e5d988874dbffc41700fb799382ce6b7380374fd,12,94184081,1.3237208124200046,1741048941906967,Avalanche,0.251778975,AVAX,0,2,2025-03-04
cx88fd7df7ddff82f7cc735c871dc519838cb235bb,cxa0af3165c08318e988cb30993b3048335b94af6c,cx5faae53c4dbd1fbe4a2eb4aab6565030f10da5c6,0x93b8bf934616c5,0xda2a8c44c07f90a01b08e314e5d988874dbffc41700fb799382ce6b7380374fd,10,94184081,0.04157995452557485,1741048941906967,Balanced Dollar,0.251778975,bnUSD,0,2,2025-03-04
cx66a031cc3bd305c76371fb586e93801b948254f0,cxa0af3165c08318e988cb30993b3048335b94af6c,cx21e94c08c03daee80c25d8ee3ea22a20786ec231,0x125ecd10c615fb1a,0xda2a8c44c07f90a01b08e314e5d988874dbffc41700fb799382ce6b7380374fd,9,94184081,1.3237208124200046,1741048941906967,Avalanche,0.251778975,AVAX,0,2,2025-03-04
cx88fd7df7ddff82f7cc735c871dc519838cb235bb,cx21e94c08c03daee80c25d8ee3ea22a20786ec231,cxa0af3165c08318e988cb30993b3048335b94af6c,0x180b11d8f8685f8b3,0xda2a8c44c07f90a01b08e314e5d988874dbffc41700fb799382ce6b7380374fd,8,94184081,27.71996968371657,1741048941906967,Balanced Dollar,0.251778975,bnUSD,0,2,2025-03-04
cx88fd7df7ddff82f7cc735c871dc519838cb235bb,cxa0af3165c08318e988cb30993b3048335b94af6c,cx5faae53c4dbd1fbe4a2eb4aab6565030f10da5c6,0x9429562515c454,0xda2a8c44c07f90a01b08e314e5d988874dbffc41700fb799382ce6b7380374fd,6,94184081,0.04170374651928687,1741048941906967,Balanced Dollar,0.251778975,bnUSD,0,2,2025-03-04
cx88fd7df7ddff82f7cc735c871dc519838cb235bb,cxa0af3165c08318e988cb30993b3048335b94af6c,cx21e94c08c03daee80c25d8ee3ea22a20786ec231,0x180b11d8f8685f8b3,0xda2a8c44c07f90a01b08e314e5d988874dbffc41700fb799382ce6b7380374fd,5,94184081,27.71996968371657,1741048941906967,Balanced Dollar,0.251778975,bnUSD,0,2,2025-03-04
cx2609b924e33ef00b648a409245c7ea394c467824,cx21e94c08c03daee80c25d8ee3ea22a20786ec231,cxa0af3165c08318e988cb30993b3048335b94af6c,0xa3e9b883df0692a5f,0xda2a8c44c07f90a01b08e314e5d988874dbffc41700fb799382ce6b7380374fd,4,94184081,188.97878998844502,1741048941906967,Staked ICX,0.251778975,sICX,0,2,2025-03-04
cx2609b924e33ef00b648a409245c7ea394c467824,hx0000000000000000000000000000000000000000,cx21e94c08c03daee80c25d8ee3ea22a20786ec231,0xa3e9b883df0692a5f,0xda2a8c44c07f90a01b08e314e5d988874dbffc41700fb799382ce6b7380374fd,2,94184081,188.97878998844502,1741048941906967,Staked ICX,0.251778975,sICX,0,2,2025-03-04
cx88fd7df7ddff82f7cc735c871dc519838cb235bb,cx21e94c08c03daee80c25d8ee3ea22a20786ec231,hx4dc7903504bb800a462378348a42f53742759e0b,0x180b75c422843fb72,0x895727cdc73cfed344d536df47ae2b5c089bd44858d837a9d2db522889558965,8,94184081,27.721727470515518,1741048941906967,Balanced Dollar,0.19428235,bnUSD,0,1,2025-03-04
cx88fd7df7ddff82f7cc735c871dc519838cb235bb,cxa0af3165c08318e988cb30993b3048335b94af6c,cx5faae53c4dbd1fbe4a2eb4aab6565030f10da5c6,0x942bbddcdc8ed5,0x895727cdc73cfed344d536df47ae2b5c089bd44858d837a9d2db522889558965,6,94184081,0.041706391007432404,1741048941906967,Balanced Dollar,0.19428235,bnUSD,0,1,2025-03-04
cx88fd7df7ddff82f7cc735c871dc519838cb235bb,cxa0af3165c08318e988cb30993b3048335b94af6c,cx21e94c08c03daee80c25d8ee3ea22a20786ec231,0x180b75c422843fb72,0x895727cdc73cfed344d536df47ae2b5c089bd44858d837a9d2db522889558965,5,94184081,27.721727470515518,1741048941906967,Balanced Dollar,0.19428235,bnUSD,0,1,2025-03-04
cx2609b924e33ef00b648a409245c7ea394c467824,cx21e94c08c03daee80c25d8ee3ea22a20786ec231,cxa0af3165c08318e988cb30993b3048335b94af6c,0xa3e9b883df0692a5f,0x895727cdc73cfed344d536df47ae2b5c089bd44858d837a9d2db522889558965,4,94184081,188.97878998844502,1741048941906967,Staked ICX,0.19428235,sICX,0,1,2025-03-04
cx2609b924e33ef00b648a409245c7ea394c467824,hx0000000000000000000000000000000000000000,cx21e94c08c03daee80c25d8ee3ea22a20786ec231,0xa3e9b883df0692a5f,0x895727cdc73cfed344d536df47ae2b5c089bd44858d837a9d2db522889558965,2,94184081,188.97878998844502,1741048941906967,Staked ICX,0.19428235,sICX,0,1,2025-03-04
cx88fd7df7ddff82f7cc735c871dc519838cb235bb,cx21e94c08c03daee80c25d8ee3ea22a20786ec231,hx7497c286aa521b09b2b54d78cde3fa4573c0e157,0x64b19460e47fa1f5,0x150bdf3627225acb0fa51032073b42979990ebdc669449d1a327206606af3244,13,94184080,7.255743618541921,1741048939902286,Balanced Dollar,0.192034075,bnUSD,0,1,2025-03-04
cx5b5a03cb525a1845d0af3a872d525b18a810acb0,cx21e94c08c03daee80c25d8ee3ea22a20786ec231,cxa0af3165c08318e988cb30993b3048335b94af6c,0x492ee2e2fe44,0x150bdf3627225acb0fa51032073b42979990ebdc669449d1a327206606af3244,12,94184080,8.0465723850308e-05,1741048939902286,btp-0x38.bsc-BTCB,0.192034075,BTCB,0,1,2025-03-04
cx88fd7df7ddff82f7cc735c871dc519838cb235bb,cxa0af3165c08318e988cb30993b3048335b94af6c,cx5faae53c4dbd1fbe4a2eb4aab6565030f10da5c6,0x2651e244e368c2,0x150bdf3627225acb0fa51032073b42979990ebdc669449d1a327206606af3244,10,94184080,0.010786081375217858,1741048939902286,Balanced Dollar,0.192034075,bnUSD,0,1,2025-03-04
cx88fd7df7ddff82f7cc735c871dc519838cb235bb,cxa0af3165c08318e988cb30993b3048335b94af6c,cx21e94c08c03daee80c25d8ee3ea22a20786ec231,0x64b19460e47fa1f5,0x150bdf3627225acb0fa51032073b42979990ebdc669449d1a327206606af3244,9,94184080,7.255743618541921,1741048939902286,Balanced Dollar,0.192034075,bnUSD,0,1,2025-03-04
cx5b5a03cb525a1845d0af3a872d525b18a810acb0,cxa0af3165c08318e988cb30993b3048335b94af6c,cx5faae53c4dbd1fbe4a2eb4aab6565030f10da5c6,0x1c1e7a8a66,0x150bdf3627225acb0fa51032073b42979990ebdc669449d1a327206606af3244,7,94184080,1.2077043159e-07,1741048939902286,btp-0x38.bsc-BTCB,0.192034075,BTCB,0,1,2025-03-04
cx5b5a03cb525a1845d0af3a872d525b18a810acb0,cxa0af3165c08318e988cb30993b3048335b94af6c,cx21e94c08c03daee80c25d8ee3ea22a20786ec231,0x492ee2e2fe44,0x150bdf3627225acb0fa51032073b42979990ebdc669449d1a327206606af3244,6,94184080,8.0465723850308e-05,1741048939902286,btp-0x38.bsc-BTCB,0.192034075,BTCB,0,1,2025-03-04
cx2609b924e33ef00b648a409245c7ea394c467824,cx21e94c08c03daee80c25d8ee3ea22a20786ec231,cxa0af3165c08318e988cb30993b3048335b94af6c,0x29ef7741795278323,0x150bdf3627225acb0fa51032073b42979990ebdc669449d1a327206606af3244,5,94184080,48.34823996929472,1741048939902286,Staked ICX,0.192034075,sICX,0,1,2025-03-04
cx88fd7df7ddff82f7cc735c871dc519838cb235bb,cxa0af3165c08318e988cb30993b3048335b94af6c,cx5faae53c4dbd1fbe4a2eb4aab6565030f10da5c6,0x26062d31ce4792,0x150bdf3627225acb0fa51032073b42979990ebdc669449d1a327206606af3244,3,94184080,0.010702840293902225,1741048939902286,Balanced Dollar,0.192034075,bnUSD,0,1,2025-03-04
cx2609b924e33ef00b648a409245c7ea394c467824,cxa0af3165c08318e988cb30993b3048335b94af6c,cx21e94c08c03daee80c25d8ee3ea22a20786ec231,0x29ef7741795278323,0x150bdf3627225acb0fa51032073b42979990ebdc669449d1a327206606af3244,2,94184080,48.34823996929472,1741048939902286,Staked ICX,0.192034075,sICX,0,1,2025-03-04
cx88fd7df7ddff82f7cc735c871dc519838cb235bb,cx21e94c08c03daee80c25d8ee3ea22a20786ec231,cxa0af3165c08318e988cb30993b3048335b94af6c,0x63056b07092fb800,0x150bdf3627225acb0fa51032073b42979990ebdc669449d1a327206606af3244,1,94184080,7.135226862601484,1741048939902286,Balanced Dollar,0.192034075,bnUSD,0,1,2025-03-04
cx88fd7df7ddff82f7cc735c871dc519838cb235bb,hx7497c286aa521b09b2b54d78cde3fa4573c0e157,cx21e94c08c03daee80c25d8ee3ea22a20786ec231,0x63056b07092fb800,0x150bdf3627225acb0fa51032073b42979990ebdc669449d1a327206606af3244,0,94184080,7.135226862601484,1741048939902286,Balanced Dollar,0.192034075,bnUSD,0,1,2025-03-04
cx88fd7df7ddff82f7cc735c871dc519838cb235bb,cx21e94c08c03daee80c25d8ee3ea22a20786ec231,hx7497c286aa521b09b2b54d78cde3fa4573c0e157,0x3deac9d02950d0200,0x623cb7b04dd327c6c1b0b3d39a28043875957f50fa9b21cd81389db6693d679c,20,94184078,71.38560442795904,1741048935883840,Balanced Dollar,0.468262825,bnUSD,0,1,2025-03-04
cx88fd7df7ddff82f7cc735c871dc519838cb235bb,cxa0af3165c08318e988cb30993b3048335b94af6c,cx5faae53c4dbd1fbe4a2eb4aab6565030f10da5c6,0x17d487eebabf8a4,0x623cb7b04dd327c6c1b0b3d39a28043875957f50fa9b21cd81389db6693d679c,18,94184078,0.10732167608375517,1741048935883840,Balanced Dollar,0.468262825,bnUSD,0,1,2025-03-04
cx88fd7df7ddff82f7cc735c871dc519838cb235bb,cxa0af3165c08318e988cb30993b3048335b94af6c,cx21e94c08c03daee80c25d8ee3ea22a20786ec231,0x3deac9d02950d0200,0x623cb7b04dd327c6c1b0b3d39a28043875957f50fa9b21cd81389db6693d679c,17,94184078,71.38560442795904,1741048935883840,Balanced Dollar,0.468262825,bnUSD,0,1,2025-03-04
cxf61cd5a45dc9f91c15aa65831a30a90d59a09619,cx21e94c08c03daee80c25d8ee3ea22a20786ec231,cxa0af3165c08318e988cb30993b3048335b94af6c,0x1fd457899911caee49,0x623cb7b04dd327c6c1b0b3d39a28043875957f50fa9b21cd81389db6693d679c,16,94184078,587.1499158345322,1741048935883840,Balance Token,0.468262825,BALN,0,1,2025-03-04
cx2609b924e33ef00b648a409245c7ea394c467824,cx203d9cd2a669be67177e997b8948ce2c35caffae,cx835b300dcfe01f0bdb794e134a0c5628384f4367,0x54e28c0c3d5b2b3,0x623cb7b04dd327c6c1b0b3d39a28043875957f50fa9b21cd81389db6693d679c,13,94184078,0.38228782675746475,1741048935883840,Staked ICX,0.468262825,sICX,0,1,2025-03-04
cx2609b924e33ef00b648a409245c7ea394c467824,cx5faae53c4dbd1fbe4a2eb4aab6565030f10da5c6,cx203d9cd2a669be67177e997b8948ce2c35caffae,0x7943a37f331486e,0x623cb7b04dd327c6c1b0b3d39a28043875957f50fa9b21cd81389db6693d679c,10,94184078,0.5461254667963782,1741048935883840,Staked ICX,0.468262825,sICX,0,1,2025-03-04
cx2609b924e33ef00b648a409245c7ea394c467824,cx5faae53c4dbd1fbe4a2eb4aab6565030f10da5c6,cxdc30a0d3a1f131565c071272a20bc0b06fd4c17b,0x7943a37f331486d,0x623cb7b04dd327c6c1b0b3d39a28043875957f50fa9b21cd81389db6693d679c,8,94184078,0.5461254667963782,1741048935883840,Staked ICX,0.468262825,sICX,0,1,2025-03-04
cx2609b924e33ef00b648a409245c7ea394c467824,cxa0af3165c08318e988cb30993b3048335b94af6c,cx5faae53c4dbd1fbe4a2eb4aab6565030f10da5c6,0xa0dd5f1ebfa9d08,0x623cb7b04dd327c6c1b0b3d39a28043875957f50fa9b21cd81389db6693d679c,7,94184078,0.7244703500994225,1741048935883840,Staked ICX,0.468262825,sICX,0,1,2025-03-04
cxf61cd5a45dc9f91c15aa65831a30a90d59a09619,cxa0af3165c08318e988cb30993b3048335b94af6c,cx21e94c08c03daee80c25d8ee3ea22a20786ec231,0x1fd457899911caee49,0x623cb7b04dd327c6c1b0b3d39a28043875957f50fa9b21cd81389db6693d679c,6,94184078,587.1499158345322,1741048935883840,Balance Token,0.468262825,BALN,0,1,2025-03-04
cx2609b924e33ef00b648a409245c7ea394c467824,cx21e94c08c03daee80c25d8ee3ea22a20786ec231,cxa0af3165c08318e988cb30993b3048335b94af6c,0x1a2eb27b56874e460f,0x623cb7b04dd327c6c1b0b3d39a28043875957f50fa9b21cd81389db6693d679c,5,94184078,482.980233399615,1741048935883840,Staked ICX,0.468262825,sICX,0,1,2025-03-04
cx88fd7df7ddff82f7cc735c871dc519838cb235bb,cxa0af3165c08318e988cb30993b3048335b94af6c,cx5faae53c4dbd1fbe4a2eb4aab6565030f10da5c6,0x17bcff9d3d78f74,0x623cb7b04dd327c6c1b0b3d39a28043875957f50fa9b21cd81389db6693d679c,3,94184078,0.1069076880812645,1741048935883840,Balanced Dollar,0.468262825,bnUSD,0,1,2025-03-04
cx2609b924e33ef00b648a409245c7ea394c467824,cxa0af3165c08318e988cb30993b3048335b94af6c,cx21e94c08c03daee80c25d8ee3ea22a20786ec231,0x1a2eb27b56874e460f,0x623cb7b04dd327c6c1b0b3d39a28043875957f50fa9b21cd81389db6693d679c,2,94184078,482.980233399615,1741048935883840,Staked ICX,0.468262825,sICX,0,1,2025-03-04
cx88fd7df7ddff82f7cc735c871dc519838cb235bb,cx21e94c08c03daee80c25d8ee3ea22a20786ec231,cxa0af3165c08318e988cb30993b3048335b94af6c,0x3dd18454256b04000,0x623cb7b04dd327c6c1b0b3d39a28043875957f50fa9b21cd81389db6693d679c,1,94184078,71.27179205417633,1741048935883840,Balanced Dollar,0.468262825,bnUSD,0,1,2025-03-04
cx88fd7df7ddff82f7cc735c871dc519838cb235bb,hx7497c286aa521b09b2b54d78cde3fa4573c0e157,cx21e94c08c03daee80c25d8ee3ea22a20786ec231,0x3dd18454256b04000,0x623cb7b04dd327c6c1b0b3d39a28043875957f50fa9b21cd81389db6693d679c,0,94184078,71.27179205417633,1741048935883840,Balanced Dollar,0.468262825,bnUSD,0,1,2025-03-04
cx88fd7df7ddff82f7cc735c871dc519838cb235bb,cx21e94c08c03daee80c25d8ee3ea22a20786ec231,hx2debd9ec927cca1639da8d3518dd9dbf1cdfb357,0xfe84cb6b02b3dad27,0x3e8be62ec8eea8a607eb91f157f547f2ad039d6a08abaa0a76d0ff54fe1466ab,5,94184077,293.4401158884285,1741048933893916,Balanced Dollar,0.1127019125,bnUSD,0,1,2025-03-04
cx88fd7df7ddff82f7cc735c871dc519838cb235bb,cxa0af3165c08318e988cb30993b3048335b94af6c,cx5faae53c4dbd1fbe4a2eb4aab6565030f10da5c6,0x61ff11b67fad732,0x3e8be62ec8eea8a607eb91f157f547f2ad039d6a08abaa0a76d0ff54fe1466ab,3,94184077,0.4413363885165013,1741048933893916,Balanced Dollar,0.1127019125,bnUSD,0,1,2025-03-04
cx88fd7df7ddff82f7cc735c871dc519838cb235bb,cxa0af3165c08318e988cb30993b3048335b94af6c,cx21e94c08c03daee80c25d8ee3ea22a20786ec231,0xfe84cb6b02b3dad27,0x3e8be62ec8eea8a607eb91f157f547f2ad039d6a08abaa0a76d0ff54fe1466ab,2,94184077,293.4401158884285,1741048933893916,Balanced Dollar,0.1127019125,bnUSD,0,1,2025-03-04
cx2609b924e33ef00b648a409245c7ea394c467824,cx21e94c08c03daee80c25d8ee3ea22a20786ec231,cxa0af3165c08318e988cb30993b3048335b94af6c,0x6c6b935b8bbd400000,0x3e8be62ec8eea8a607eb91f157f547f2ad039d6a08abaa0a76d0ff54fe1466ab,1,94184077,2000.0,1741048933893916,Staked ICX,0.1127019125,sICX,0,1,2025-03-04
cx2609b924e33ef00b648a409245c7ea394c467824,hx2debd9ec927cca1639da8d3518dd9dbf1cdfb357,cx21e94c08c03daee80c25d8ee3ea22a20786ec231,0x6c6b935b8bbd400000,0x3e8be62ec8eea8a607eb91f157f547f2ad039d6a08abaa0a76d0ff54fe1466ab,0,94184077,2000.0,1741048933893916,Staked ICX,0.1127019125,sICX,0,1,2025-03-04
cx88fd7df7ddff82f7cc735c871dc519838cb235bb,cx21e94c08c03daee80c25d8ee3ea22a20786ec231,hx2debd9ec927cca1639da8d3518dd9dbf1cdfb357,0x169a8a57379a4e254f,0xcc6c8b20ef686c480a0988feded7e19f92c8f3f598329d912e3e3bddfa41316f,5,94184052,416.96417854656073,1741048883884021,Balanced Dollar,0.0883172375,bnUSD,0,1,2025-03-04
cx88fd7df7ddff82f7cc735c871dc519838cb235bb,cxa0af3165c08318e988cb30993b3048335b94af6c,cx5faae53c4dbd1fbe4a2eb4aab6565030f10da5c6,0x8b0fa86c3591340,0xcc6c8b20ef686c480a0988feded7e19f92c8f3f598329d912e3e3bddfa41316f,3,94184052,0.6262758049144553,1741048883884021,Balanced Dollar,0.0883172375,bnUSD,0,1,2025-03-04
cx88fd7df7ddff82f7cc735c871dc519838cb235bb,cxa0af3165c08318e988cb30993b3048335b94af6c,cx21e94c08c03daee80c25d8ee3ea22a20786ec231,0x169a8a57379a4e254f,0xcc6c8b20ef686c480a0988feded7e19f92c8f3f598329d912e3e3bddfa41316f,2,94184052,416.96417854656073,1741048883884021,Balanced Dollar,0.0883172375,bnUSD,0,1,2025-03-04
cx66a031cc3bd305c76371fb586e93801b948254f0,cx21e94c08c03daee80c25d8ee3ea22a20786ec231,cxa0af3165c08318e988cb30993b3048335b94af6c,0x1158e460913d00000,0xcc6c8b20ef686c480a0988feded7e19f92c8f3f598329d912e3e3bddfa41316f,1,94184052,20.0,1741048883884021,Avalanche,0.0883172375,AVAX,0,1,2025-03-04
cx66a031cc3bd305c76371fb586e93801b948254f0,hx2debd9ec927cca1639da8d3518dd9dbf1cdfb357,cx21e94c08c03daee80c25d8ee3ea22a20786ec231,0x1158e460913d00000,0xcc6c8b20ef686c480a0988feded7e19f92c8f3f598329d912e3e3bddfa41316f,0,94184052,20.0,1741048883884021,Avalanche,0.0883172375,AVAX,0,1,2025-03-04
cx4297f4b63262507623b6ad575d0d8dd2db980e4e,hx0000000000000000000000000000000000000000,hxd75467e3e4ce64e3424c747dfb71503017440433,0x56b94b47a1a54c000,0x456d8a8675971fa32f403e6ca6e7fba862facf52c1d6e4c523b64cc1f4e747f2,1,94183866,99.98573966368,1741048511744746,Injective,0.0226138125,INJ,0,1,2025-03-04
cx88fd7df7ddff82f7cc735c871dc519838cb235bb,cx21e94c08c03daee80c25d8ee3ea22a20786ec231,hx2debd9ec927cca1639da8d3518dd9dbf1cdfb357,0xfeb08c10f921e28c7,0xff3f012c98f09f371f82dcfae141070f4d6c9d53d016741cf7ef248e35136130,5,94183861,293.63715977699013,1741048501779611,Balanced Dollar,0.1127019125,bnUSD,0,1,2025-03-04
cx88fd7df7ddff82f7cc735c871dc519838cb235bb,cxa0af3165c08318e988cb30993b3048335b94af6c,cx5faae53c4dbd1fbe4a2eb4aab6565030f10da5c6,0x620fe987bcd0a40,0xff3f012c98f09f371f82dcfae141070f4d6c9d53d016741cf7ef248e35136130,3,94183861,0.44163269434782776,1741048501779611,Balanced Dollar,0.1127019125,bnUSD,0,1,2025-03-04
cx88fd7df7ddff82f7cc735c871dc519838cb235bb,cxa0af3165c08318e988cb30993b3048335b94af6c,cx21e94c08c03daee80c25d8ee3ea22a20786ec231,0xfeb08c10f921e28c7,0xff3f012c98f09f371f82dcfae141070f4d6c9d53d016741cf7ef248e35136130,2,94183861,293.63715977699013,1741048501779611,Balanced Dollar,0.1127019125,bnUSD,0,1,2025-03-04
cx2609b924e33ef00b648a409245c7ea394c467824,cx21e94c08c03daee80c25d8ee3ea22a20786ec231,cxa0af3165c08318e988cb30993b3048335b94af6c,0x6c6b935b8bbd400000,0xff3f012c98f09f371f82dcfae141070f4d6c9d53d016741cf7ef248e35136130,1,94183861,2000.0,1741048501779611,Staked ICX,0.1127019125,sICX,0,1,2025-03-04
cx2609b924e33ef00b648a409245c7ea394c467824,hx2debd9ec927cca1639da8d3518dd9dbf1cdfb357,cx21e94c08c03daee80c25d8ee3ea22a20786ec231,0x6c6b935b8bbd400000,0xff3f012c98f09f371f82dcfae141070f4d6c9d53d016741cf7ef248e35136130,0,94183861,2000.0,1741048501779611,Staked ICX,0.1127019125,sICX,0,1,2025-03-04
cx88fd7df7ddff82f7cc735c871dc519838cb235bb,cx21e94c08c03daee80c25d8ee3ea22a20786ec231,hx2debd9ec927cca1639da8d3518dd9dbf1cdfb357,0xfedc5800c451998a6,0xdfd1bcaa527dbe4daed2b7f3a761a0bfdb881a4465a2bc996e46e51823159588,5,94183857,293.8344022532315,1741048493767877,Balanced Dollar,0.1127019125,bnUSD,0,2,2025-03-04
cx88fd7df7ddff82f7cc735c871dc519838cb235bb,cxa0af3165c08318e988cb30993b3048335b94af6c,cx5faae53c4dbd1fbe4a2eb4aab6565030f10da5c6,0x6220c5b14340f85,0xdfd1bcaa527dbe4daed2b7f3a761a0bfdb881a4465a2bc996e46e51823159588,3,94183857,0.4419292987562433,1741048493767877,Balanced Dollar,0.1127019125,bnUSD,0,2,2025-03-04
cx88fd7df7ddff82f7cc735c871dc519838cb235bb,cxa0af3165c08318e988cb30993b3048335b94af6c,cx21e94c08c03daee80c25d8ee3ea22a20786ec231,0xfedc5800c451998a6,0xdfd1bcaa527dbe4daed2b7f3a761a0bfdb881a4465a2bc996e46e51823159588,2,94183857,293.8344022532315,1741048493767877,Balanced Dollar,0.1127019125,bnUSD,0,2,2025-03-04
cx2609b924e33ef00b648a409245c7ea394c467824,cx21e94c08c03daee80c25d8ee3ea22a20786ec231,cxa0af3165c08318e988cb30993b3048335b94af6c,0x6c6b935b8bbd400000,0xdfd1bcaa527dbe4daed2b7f3a761a0bfdb881a4465a2bc996e46e51823159588,1,94183857,2000.0,1741048493767877,Staked ICX,0.1127019125,sICX,0,2,2025-03-04
cx2609b924e33ef00b648a409245c7ea394c467824,hx2debd9ec927cca1639da8d3518dd9dbf1cdfb357,cx21e94c08c03daee80c25d8ee3ea22a20786ec231,0x6c6b935b8bbd400000,0xdfd1bcaa527dbe4daed2b7f3a761a0bfdb881a4465a2bc996e46e51823159588,0,94183857,2000.0,1741048493767877,Staked ICX,0.1127019125,sICX,0,2,2025-03-04
cx88fd7df7ddff82f7cc735c871dc519838cb235bb,cx21e94c08c03daee80c25d8ee3ea22a20786ec231,hx2debd9ec927cca1639da8d3518dd9dbf1cdfb357,0xff082f3e46d81c4f8,0xc664df396517bd0b99417796129f1fcf95c08102ec5c64c25aaf94878fcc6f9f,5,94183835,294.0318435841337,1741048449685174,Balanced Dollar,0.1127019125,bnUSD,0,1,2025-03-04
cx88fd7df7ddff82f7cc735c871dc519838cb235bb,cxa0af3165c08318e988cb30993b3048335b94af6c,cx5faae53c4dbd1fbe4a2eb4aab6565030f10da5c6,0x6231a63491bdaf3,0xc664df396517bd0b99417796129f1fcf95c08102ec5c64c25aaf94878fcc6f9f,3,94183835,0.44222620214308733,1741048449685174,Balanced Dollar,0.1127019125,bnUSD,0,1,2025-03-04
cx88fd7df7ddff82f7cc735c871dc519838cb235bb,cxa0af3165c08318e988cb30993b3048335b94af6c,cx21e94c08c03daee80c25d8ee3ea22a20786ec231,0xff082f3e46d81c4f8,0xc664df396517bd0b99417796129f1fcf95c08102ec5c64c25aaf94878fcc6f9f,2,94183835,294.0318435841337,1741048449685174,Balanced Dollar,0.1127019125,bnUSD,0,1,2025-03-04
cx2609b924e33ef00b648a409245c7ea394c467824,cx21e94c08c03daee80c25d8ee3ea22a20786ec231,cxa0af3165c08318e988cb30993b3048335b94af6c,0x6c6b935b8bbd400000,0xc664df396517bd0b99417796129f1fcf95c08102ec5c64c25aaf94878fcc6f9f,1,94183835,2000.0,1741048449685174,Staked ICX,0.1127019125,sICX,0,1,2025-03-04
cx2609b924e33ef00b648a409245c7ea394c467824,hx2debd9ec927cca1639da8d3518dd9dbf1cdfb357,cx21e94c08c03daee80c25d8ee3ea22a20786ec231,0x6c6b935b8bbd400000,0xc664df396517bd0b99417796129f1fcf95c08102ec5c64c25aaf94878fcc6f9f,0,94183835,2000.0,1741048449685174,Staked ICX,0.1127019125,sICX,0,1,2025-03-04
cx88fd7df7ddff82f7cc735c871dc519838cb235bb,cx21e94c08c03daee80c25d8ee3ea22a20786ec231,hx2debd9ec927cca1639da8d3518dd9dbf1cdfb357,0x16ae01c7138b7d7dfd,0x3199fbdc13cb42e2c49dc44506f722d84d5fa19c33d24092d79a99e8f1a33699,5,94183831,418.36689134594485,1741048441739224,Balanced Dollar,0.0883172375,bnUSD,0,1,2025-03-04
cx88fd7df7ddff82f7cc735c871dc519838cb235bb,cxa0af3165c08318e988cb30993b3048335b94af6c,cx5faae53c4dbd1fbe4a2eb4aab6565030f10da5c6,0x8b875171f9b1b72,0x3199fbdc13cb42e2c49dc44506f722d84d5fa19c33d24092d79a99e8f1a33699,3,94183831,0.6283808901931406,1741048441739224,Balanced Dollar,0.0883172375,bnUSD,0,1,2025-03-04
cx88fd7df7ddff82f7cc735c871dc519838cb235bb,cxa0af3165c08318e988cb30993b3048335b94af6c,cx21e94c08c03daee80c25d8ee3ea22a20786ec231,0x16ae01c7138b7d7dfd,0x3199fbdc13cb42e2c49dc44506f722d84d5fa19c33d24092d79a99e8f1a33699,2,94183831,418.36689134594485,1741048441739224,Balanced Dollar,0.0883172375,bnUSD,0,1,2025-03-04
cx66a031cc3bd305c76371fb586e93801b948254f0,cx21e94c08c03daee80c25d8ee3ea22a20786ec231,cxa0af3165c08318e988cb30993b3048335b94af6c,0x1158e460913d00000,0x3199fbdc13cb42e2c49dc44506f722d84d5fa19c33d24092d79a99e8f1a33699,1,94183831,20.0,1741048441739224,Avalanche,0.0883172375,AVAX,0,1,2025-03-04
cx66a031cc3bd305c76371fb586e93801b948254f0,hx2debd9ec927cca1639da8d3518dd9dbf1cdfb357,cx21e94c08c03daee80c25d8ee3ea22a20786ec231,0x1158e460913d00000,0x3199fbdc13cb42e2c49dc44506f722d84d5fa19c33d24092d79a99e8f1a33699,0,94183831,20.0,1741048441739224,Avalanche,0.0883172375,AVAX,0,1,2025-03-04
cx66a031cc3bd305c76371fb586e93801b948254f0,hx0000000000000000000000000000000000000000,hxd75467e3e4ce64e3424c747dfb71503017440433,0x2705626b4b3fed8c4,0x3ee0209f74672262d4481655410822606350ea99f91c13602850b16eb74eaa50,1,94183827,44.98818808521994,1741048433732014,Avalanche,0.0237590375,AVAX,0,1,2025-03-04
cx88fd7df7ddff82f7cc735c871dc519838cb235bb,cxa0af3165c08318e988cb30993b3048335b94af6c,cx5faae53c4dbd1fbe4a2eb4aab6565030f10da5c6,0xfda1c81da08114,0xa5a87b61a293ff1e906ed0de5d1edd55e896a62075cd3163ca461c6a583645a4,2,94183816,0.07139104997038517,1741048411719396,Balanced Dollar,0.0569417125,bnUSD,0,2,2025-03-04
cx88fd7df7ddff82f7cc735c871dc519838cb235bb,cxa0af3165c08318e988cb30993b3048335b94af6c,hxd75467e3e4ce64e3424c747dfb71503017440433,0x292ae7f521374c1d7,0xa5a87b61a293ff1e906ed0de5d1edd55e896a62075cd3163ca461c6a583645a4,1,94183816,47.4630135133947,1741048411719396,Balanced Dollar,0.0569417125,bnUSD,0,2,2025-03-04
cx4297f4b63262507623b6ad575d0d8dd2db980e4e,hxd75467e3e4ce64e3424c747dfb71503017440433,cxa0af3165c08318e988cb30993b3048335b94af6c,0x3782dace9d900000,0xa5a87b61a293ff1e906ed0de5d1edd55e896a62075cd3163ca461c6a583645a4,0,94183816,4.0,1741048411719396,Injective,0.0569417125,INJ,0,2,2025-03-04
cx88fd7df7ddff82f7cc735c871dc519838cb235bb,cx21e94c08c03daee80c25d8ee3ea22a20786ec231,hx2debd9ec927cca1639da8d3518dd9dbf1cdfb357,0x19a4bb06a1ce240501,0x1c6c7250b25a9f785be5f416a81101429ddf87b8b48a61af58c1cbdcca4d0ee8,5,94183790,473.03869037762183,1741048359821544,Balanced Dollar,0.0885101125,bnUSD,0,1,2025-03-04
cx88fd7df7ddff82f7cc735c871dc519838cb235bb,cxa0af3165c08318e988cb30993b3048335b94af6c,cx5faae53c4dbd1fbe4a2eb4aab6565030f10da5c6,0x9ddc66817ede2b5,0x1c6c7250b25a9f785be5f416a81101429ddf87b8b48a61af58c1cbdcca4d0ee8,3,94183790,0.7109424665747709,1741048359821544,Balanced Dollar,0.0885101125,bnUSD,0,1,2025-03-04
cx88fd7df7ddff82f7cc735c871dc519838cb235bb,cxa0af3165c08318e988cb30993b3048335b94af6c,cx21e94c08c03daee80c25d8ee3ea22a20786ec231,0x19a4bb06a1ce240501,0x1c6c7250b25a9f785be5f416a81101429ddf87b8b48a61af58c1cbdcca4d0ee8,2,94183790,473.03869037762183,1741048359821544,Balanced Dollar,0.0885101125,bnUSD,0,1,2025-03-04
cx288d13e1b63563459a2ac6179f237711f6851cb5,cx21e94c08c03daee80c25d8ee3ea22a20786ec231,cxa0af3165c08318e988cb30993b3048335b94af6c,0x30d98d59a960000,0x1c6c7250b25a9f785be5f416a81101429ddf87b8b48a61af58c1cbdcca4d0ee8,1,94183790,0.22,1741048359821544,Ethereum,0.0885101125,ETH,0,1,2025-03-04
cx288d13e1b63563459a2ac6179f237711f6851cb5,hx2debd9ec927cca1639da8d3518dd9dbf1cdfb357,cx21e94c08c03daee80c25d8ee3ea22a20786ec231,0x30d98d59a960000,0x1c6c7250b25a9f785be5f416a81101429ddf87b8b48a61af58c1cbdcca4d0ee8,0,94183790,0.22,1741048359821544,Ethereum,0.0885101125,ETH,0,1,2025-03-04
cx88fd7df7ddff82f7cc735c871dc519838cb235bb,cxa0af3165c08318e988cb30993b3048335b94af6c,cx5faae53c4dbd1fbe4a2eb4aab6565030f10da5c6,0xfdc1f38cc45d76,0x71073570ba76b7cd2f85b6c9f95f664e66701715d2287b484019dc08f18fe8f4,2,94183789,0.07142642089068889,1741048357737333,Balanced Dollar,0.0569417125,bnUSD,0,1,2025-03-04
cx88fd7df7ddff82f7cc735c871dc519838cb235bb,cxa0af3165c08318e988cb30993b3048335b94af6c,hxd75467e3e4ce64e3424c747dfb71503017440433,0x293020d60dabc9c74,0x71073570ba76b7cd2f85b6c9f95f664e66701715d2287b484019dc08f18fe8f4,1,94183789,47.48653213058574,1741048357737333,Balanced Dollar,0.0569417125,bnUSD,0,1,2025-03-04
cx4297f4b63262507623b6ad575d0d8dd2db980e4e,hxd75467e3e4ce64e3424c747dfb71503017440433,cxa0af3165c08318e988cb30993b3048335b94af6c,0x3782dace9d900000,0x71073570ba76b7cd2f85b6c9f95f664e66701715d2287b484019dc08f18fe8f4,0,94183789,4.0,1741048357737333,Injective,0.0569417125,INJ,0,1,2025-03-04
cx88fd7df7ddff82f7cc735c871dc519838cb235bb,cxa0af3165c08318e988cb30993b3048335b94af6c,cx5faae53c4dbd1fbe4a2eb4aab6565030f10da5c6,0xfde2251b831971,0xbdce6e1fc12bb4b072d3c7248b85a4f3480dd2563ee3f06e63547a697e7473ac,2,94183783,0.07146181811103985,1741048345708757,Balanced Dollar,0.056939025,bnUSD,0,1,2025-03-04
cx88fd7df7ddff82f7cc735c871dc519838cb235bb,cxa0af3165c08318e988cb30993b3048335b94af6c,hxd75467e3e4ce64e3424c747dfb71503017440433,0x29355ab57b5c045ef,0xbdce6e1fc12bb4b072d3c7248b85a4f3480dd2563ee3f06e63547a697e7473ac,1,94183783,47.510068237214696,1741048345708757,Balanced Dollar,0.056939025,bnUSD,0,1,2025-03-04
cx4297f4b63262507623b6ad575d0d8dd2db980e4e,hxd75467e3e4ce64e3424c747dfb71503017440433,cxa0af3165c08318e988cb30993b3048335b94af6c,0x3782dace9d900000,0xbdce6e1fc12bb4b072d3c7248b85a4f3480dd2563ee3f06e63547a697e7473ac,0,94183783,4.0,1741048345708757,Injective,0.056939025,INJ,0,1,2025-03-04
cx88fd7df7ddff82f7cc735c871dc519838cb235bb,cxa0af3165c08318e988cb30993b3048335b94af6c,cx5faae53c4dbd1fbe4a2eb4aab6565030f10da5c6,0xfe025ccb6ab611,0x8a50bea113c91e97fdee674dea9cf18f9dc0e305a18b6e3c6c4d3d72e5975777,2,94183772,0.07149724165752168,1741048323826977,Balanced Dollar,0.056943025,bnUSD,0,1,2025-03-04
cx88fd7df7ddff82f7cc735c871dc519838cb235bb,cxa0af3165c08318e988cb30993b3048335b94af6c,hxd75467e3e4ce64e3424c747dfb71503017440433,0x293a9593aae7fe5d1,0x8a50bea113c91e97fdee674dea9cf18f9dc0e305a18b6e3c6c4d3d72e5975777,1,94183772,47.5336218506292,1741048323826977,Balanced Dollar,0.056943025,bnUSD,0,1,2025-03-04
cx4297f4b63262507623b6ad575d0d8dd2db980e4e,hxd75467e3e4ce64e3424c747dfb71503017440433,cxa0af3165c08318e988cb30993b3048335b94af6c,0x3782dace9d900000,0x8a50bea113c91e97fdee674dea9cf18f9dc0e305a18b6e3c6c4d3d72e5975777,0,94183772,4.0,1741048323826977,Injective,0.056943025,INJ,0,1,2025-03-04
cx88fd7df7ddff82f7cc735c871dc519838cb235bb,cxa0af3165c08318e988cb30993b3048335b94af6c,cx5faae53c4dbd1fbe4a2eb4aab6565030f10da5c6,0xfe229a9e09b2bd,0xb566a613dadb7971f44b091c8711260773acae8b3349efe12ceead2c96efbbb9,2,94183766,0.0715326915562503,1741048311692488,Balanced Dollar,0.056943025,bnUSD,0,1,2025-03-04
cx88fd7df7ddff82f7cc735c871dc519838cb235bb,cxa0af3165c08318e988cb30993b3048335b94af6c,hxd75467e3e4ce64e3424c747dfb71503017440433,0x293fd170dd043f16d,0xb566a613dadb7971f44b091c8711260773acae8b3349efe12ceead2c96efbbb9,1,94183766,47.55719298819843,1741048311692488,Balanced Dollar,0.056943025,bnUSD,0,1,2025-03-04
cx4297f4b63262507623b6ad575d0d8dd2db980e4e,hxd75467e3e4ce64e3424c747dfb71503017440433,cxa0af3165c08318e988cb30993b3048335b94af6c,0x3782dace9d900000,0xb566a613dadb7971f44b091c8711260773acae8b3349efe12ceead2c96efbbb9,0,94183766,4.0,1741048311692488,Injective,0.056943025,INJ,0,1,2025-03-04
cx88fd7df7ddff82f7cc735c871dc519838cb235bb,cxa0af3165c08318e988cb30993b3048335b94af6c,cx5faae53c4dbd1fbe4a2eb4aab6565030f10da5c6,0xfe42de94ef0d64,0xf1b2cd69d734bd5178df679bd9dc82762d35b02d74dd9012b88134e00843bd7c,2,94183755,0.07156816783337405,1741048289702145,Balanced Dollar,0.056943025,bnUSD,0,1,2025-03-04
cx88fd7df7ddff82f7cc735c871dc519838cb235bb,cxa0af3165c08318e988cb30993b3048335b94af6c,hxd75467e3e4ce64e3424c747dfb71503017440433,0x29450e4d5279da8fb,0xf1b2cd69d734bd5178df679bd9dc82762d35b02d74dd9012b88134e00843bd7c,1,94183755,47.580781667313104,1741048289702145,Balanced Dollar,0.056943025,bnUSD,0,1,2025-03-04
cx4297f4b63262507623b6ad575d0d8dd2db980e4e,hxd75467e3e4ce64e3424c747dfb71503017440433,cxa0af3165c08318e988cb30993b3048335b94af6c,0x3782dace9d900000,0xf1b2cd69d734bd5178df679bd9dc82762d35b02d74dd9012b88134e00843bd7c,0,94183755,4.0,1741048289702145,Injective,0.056943025,INJ,0,1,2025-03-04
cx88fd7df7ddff82f7cc735c871dc519838cb235bb,cxa0af3165c08318e988cb30993b3048335b94af6c,cx5faae53c4dbd1fbe4a2eb4aab6565030f10da5c6,0xfe6328b1aa42b1,0xa2d8038669388e125b90f4901a71f9a79ff9ae7f119ff9b2acdeb8f64fd92845,2,94183709,0.07160367051507371,1741048197679783,Balanced Dollar,0.056943025,bnUSD,0,1,2025-03-04
cx88fd7df7ddff82f7cc735c871dc519838cb235bb,cxa0af3165c08318e988cb30993b3048335b94af6c,hxd75467e3e4ce64e3424c747dfb71503017440433,0x294a4c294c26794f5,0xa2d8038669388e125b90f4901a71f9a79ff9ae7f119ff9b2acdeb8f64fd92845,1,94183709,47.6043879053855,1741048197679783,Balanced Dollar,0.056943025,bnUSD,0,1,2025-03-04
cx4297f4b63262507623b6ad575d0d8dd2db980e4e,hxd75467e3e4ce64e3424c747dfb71503017440433,cxa0af3165c08318e988cb30993b3048335b94af6c,0x3782dace9d900000,0xa2d8038669388e125b90f4901a71f9a79ff9ae7f119ff9b2acdeb8f64fd92845,0,94183709,4.0,1741048197679783,Injective,0.056943025,INJ,0,1,2025-03-04
cx88fd7df7ddff82f7cc735c871dc519838cb235bb,cxa0af3165c08318e988cb30993b3048335b94af6c,cx5faae53c4dbd1fbe4a2eb4aab6565030f10da5c6,0xfe8378f5cb4e3c,0xfaefa352da976d0de846439a956ccab63e006d3da531c60bead4c76179c74ee5,2,94183703,0.07163919962756256,1741048185652034,Balanced Dollar,0.056943025,bnUSD,0,1,2025-03-04
cx88fd7df7ddff82f7cc735c871dc519838cb235bb,cxa0af3165c08318e988cb30993b3048335b94af6c,hxd75467e3e4ce64e3424c747dfb71503017440433,0x294f8b050afc6039e,0xfaefa352da976d0de846439a956ccab63e006d3da531c60bead4c76179c74ee5,1,94183703,47.628011719849546,1741048185652034,Balanced Dollar,0.056943025,bnUSD,0,1,2025-03-04
cx4297f4b63262507623b6ad575d0d8dd2db980e4e,hxd75467e3e4ce64e3424c747dfb71503017440433,cxa0af3165c08318e988cb30993b3048335b94af6c,0x3782dace9d900000,0xfaefa352da976d0de846439a956ccab63e006d3da531c60bead4c76179c74ee5,0,94183703,4.0,1741048185652034,Injective,0.056943025,INJ,0,1,2025-03-04
cx88fd7df7ddff82f7cc735c871dc519838cb235bb,cxa0af3165c08318e988cb30993b3048335b94af6c,cx5faae53c4dbd1fbe4a2eb4aab6565030f10da5c6,0xfea3cf62e2aab7,0x23bd20137aa5c200c2609c56cac822872f4057148b0bfcfb3d54faceaab05891,2,94183693,0.0716747551970864,1741048165630970,Balanced Dollar,0.056943025,bnUSD,0,1,2025-03-04
cx88fd7df7ddff82f7cc735c871dc519838cb235bb,cxa0af3165c08318e988cb30993b3048335b94af6c,hxd75467e3e4ce64e3424c747dfb71503017440433,0x2954cae0d002786d0,0x23bd20137aa5c200c2609c56cac822872f4057148b0bfcfb3d54faceaab05891,1,94183693,47.651653128160774,1741048165630970,Balanced Dollar,0.056943025,bnUSD,0,1,2025-03-04
cx4297f4b63262507623b6ad575d0d8dd2db980e4e,hxd75467e3e4ce64e3424c747dfb71503017440433,cxa0af3165c08318e988cb30993b3048335b94af6c,0x3782dace9d900000,0x23bd20137aa5c200c2609c56cac822872f4057148b0bfcfb3d54faceaab05891,0,94183693,4.0,1741048165630970,Injective,0.056943025,INJ,0,1,2025-03-04
cx88fd7df7ddff82f7cc735c871dc519838cb235bb,cxa0af3165c08318e988cb30993b3048335b94af6c,cx5faae53c4dbd1fbe4a2eb4aab6565030f10da5c6,0xfec42bfa815221,0xfb9882a92a5abaab8e6c0b4d6bab42693f55bae4a55b42d77d6a1529e4695278,2,94183687,0.07171033724992362,1741048153659024,Balanced Dollar,0.056943025,bnUSD,0,1,2025-03-04
cx88fd7df7ddff82f7cc735c871dc519838cb235bb,cxa0af3165c08318e988cb30993b3048335b94af6c,hxd75467e3e4ce64e3424c747dfb71503017440433,0x295a0bbcdc54571fb,0xfb9882a92a5abaab8e6c0b4d6bab42693f55bae4a55b42d77d6a1529e4695278,1,94183687,47.675312147796426,1741048153659024,Balanced Dollar,0.056943025,bnUSD,0,1,2025-03-04
cx4297f4b63262507623b6ad575d0d8dd2db980e4e,hxd75467e3e4ce64e3424c747dfb71503017440433,cxa0af3165c08318e988cb30993b3048335b94af6c,0x3782dace9d900000,0xfb9882a92a5abaab8e6c0b4d6bab42693f55bae4a55b42d77d6a1529e4695278,0,94183687,4.0,1741048153659024,Injective,0.056943025,INJ,0,1,2025-03-04
cx88fd7df7ddff82f7cc735c871dc519838cb235bb,cxa0af3165c08318e988cb30993b3048335b94af6c,cx5faae53c4dbd1fbe4a2eb4aab6565030f10da5c6,0xfee48ebe38bdf4,0xb6cd574c791ec44e2256f05dee12eaa6977833b989d4d9fa98125f70de88f7bd,2,94183680,0.07174594581238526,1741048139648406,Balanced Dollar,0.056943025,bnUSD,0,1,2025-03-04
cx88fd7df7ddff82f7cc735c871dc519838cb235bb,cxa0af3165c08318e988cb30993b3048335b94af6c,hxd75467e3e4ce64e3424c747dfb71503017440433,0x295f4d99712245858,0xb6cd574c791ec44e2256f05dee12eaa6977833b989d4d9fa98125f70de88f7bd,1,94183680,47.69898879625543,1741048139648406,Balanced Dollar,0.056943025,bnUSD,0,1,2025-03-04
cx4297f4b63262507623b6ad575d0d8dd2db980e4e,hxd75467e3e4ce64e3424c747dfb71503017440433,cxa0af3165c08318e988cb30993b3048335b94af6c,0x3782dace9d900000,0xb6cd574c791ec44e2256f05dee12eaa6977833b989d4d9fa98125f70de88f7bd,0,94183680,4.0,1741048139648406,Injective,0.056943025,INJ,0,1,2025-03-04
cx88fd7df7ddff82f7cc735c871dc519838cb235bb,cxa0af3165c08318e988cb30993b3048335b94af6c,hx4dc7903504bb800a462378348a42f53742759e0b,0x131200f4830952b,0xcdc38b2165fea332bfd7e962b1d458b120cf282be9b4f38f409f05c1d7ab7102,3,94183670,0.08588511790449183,1741048119646796,Balanced Dollar,0.0347289625,bnUSD,0,3,2025-03-04
cx65c9e3d4fea842e00add0d32a5b4c5e4e04c7a6b,hx4dc7903504bb800a462378348a42f53742759e0b,cxa0af3165c08318e988cb30993b3048335b94af6c,0xc493a34,0x1ea1703e29659b695a3c2ad3c11fb3def5402aaa89d94b5cb75d488d5d684d1d,0,94183670,0.20612562,1741048119646796,Solana,0.0215550125,SOL,0,2,2025-03-04
cx88fd7df7ddff82f7cc735c871dc519838cb235bb,hx4dc7903504bb800a462378348a42f53742759e0b,cxa0af3165c08318e988cb30993b3048335b94af6c,0x19deef7a19cbb1000,0xbd240be8c1b6d2493293d8ac7bb3467404e17232ae53c03182e2673f086d0e87,0,94183670,29.827049655612672,1741048119646796,Balanced Dollar,0.02221895,bnUSD,0,1,2025-03-04
cx65c9e3d4fea842e00add0d32a5b4c5e4e04c7a6b,cx21e94c08c03daee80c25d8ee3ea22a20786ec231,hx4dc7903504bb800a462378348a42f53742759e0b,0xc4acceb,0x7f64a968c9424c040fcf2cae1d2d62a51324da187464e85969aa8eecffc6bd10,12,94183668,0.206228715,1741048115618390,Solana,0.2415902125,SOL,0,2,2025-03-04
cx88fd7df7ddff82f7cc735c871dc519838cb235bb,cxa0af3165c08318e988cb30993b3048335b94af6c,cx5faae53c4dbd1fbe4a2eb4aab6565030f10da5c6,0x9f04e5645a8263,0x7f64a968c9424c040fcf2cae1d2d62a51324da187464e85969aa8eecffc6bd10,10,94183668,0.04475990457466941,1741048115618390,Balanced Dollar,0.2415902125,bnUSD,0,2,2025-03-04
cx65c9e3d4fea842e00add0d32a5b4c5e4e04c7a6b,cxa0af3165c08318e988cb30993b3048335b94af6c,cx21e94c08c03daee80c25d8ee3ea22a20786ec231,0xc4acceb,0x7f64a968c9424c040fcf2cae1d2d62a51324da187464e85969aa8eecffc6bd10,9,94183668,0.206228715,1741048115618390,Solana,0.2415902125,SOL,0,2,2025-03-04
cx88fd7df7ddff82f7cc735c871dc519838cb235bb,cx21e94c08c03daee80c25d8ee3ea22a20786ec231,cxa0af3165c08318e988cb30993b3048335b94af6c,0x19e1cc00aabb38ddf,0x7f64a968c9424c040fcf2cae1d2d62a51324da187464e85969aa8eecffc6bd10,8,94183668,29.839936383112942,1741048115618390,Balanced Dollar,0.2415902125,bnUSD,0,2,2025-03-04
cx88fd7df7ddff82f7cc735c871dc519838cb235bb,cxa0af3165c08318e988cb30993b3048335b94af6c,cx5faae53c4dbd1fbe4a2eb4aab6565030f10da5c6,0x9f7dff5c0c82ce,0x7f64a968c9424c040fcf2cae1d2d62a51324da187464e85969aa8eecffc6bd10,6,94183668,0.04489305701145058,1741048115618390,Balanced Dollar,0.2415902125,bnUSD,0,2,2025-03-04
cx88fd7df7ddff82f7cc735c871dc519838cb235bb,cxa0af3165c08318e988cb30993b3048335b94af6c,cx21e94c08c03daee80c25d8ee3ea22a20786ec231,0x19e1cc00aabb38ddf,0x7f64a968c9424c040fcf2cae1d2d62a51324da187464e85969aa8eecffc6bd10,5,94183668,29.839936383112942,1741048115618390,Balanced Dollar,0.2415902125,bnUSD,0,2,2025-03-04
cx2609b924e33ef00b648a409245c7ea394c467824,cx21e94c08c03daee80c25d8ee3ea22a20786ec231,cxa0af3165c08318e988cb30993b3048335b94af6c,0xaffbeccd1625d10b7,0x7f64a968c9424c040fcf2cae1d2d62a51324da187464e85969aa8eecffc6bd10,4,94183668,202.89583266201265,1741048115618390,Staked ICX,0.2415902125,sICX,0,2,2025-03-04
cx2609b924e33ef00b648a409245c7ea394c467824,hx0000000000000000000000000000000000000000,cx21e94c08c03daee80c25d8ee3ea22a20786ec231,0xaffbeccd1625d10b7,0x7f64a968c9424c040fcf2cae1d2d62a51324da187464e85969aa8eecffc6bd10,2,94183668,202.89583266201265,1741048115618390,Staked ICX,0.2415902125,sICX,0,2,2025-03-04
cx88fd7df7ddff82f7cc735c871dc519838cb235bb,cx21e94c08c03daee80c25d8ee3ea22a20786ec231,hx4dc7903504bb800a462378348a42f53742759e0b,0x19e23fa30371164ff,0x0c05c979fa0c9e201572cfb2258b405d69e81b9269737d3895e8bf0bde88c144,8,94183668,29.8419706408763,1741048115618390,Balanced Dollar,0.1942848,bnUSD,0,1,2025-03-04
cx88fd7df7ddff82f7cc735c871dc519838cb235bb,cxa0af3165c08318e988cb30993b3048335b94af6c,cx5faae53c4dbd1fbe4a2eb4aab6565030f10da5c6,0x9f80c7eacd5b94,0x0c05c979fa0c9e201572cfb2258b405d69e81b9269737d3895e8bf0bde88c144,6,94183668,0.0448961174231684,1741048115618390,Balanced Dollar,0.1942848,bnUSD,0,1,2025-03-04
cx88fd7df7ddff82f7cc735c871dc519838cb235bb,cxa0af3165c08318e988cb30993b3048335b94af6c,cx21e94c08c03daee80c25d8ee3ea22a20786ec231,0x19e23fa30371164ff,0x0c05c979fa0c9e201572cfb2258b405d69e81b9269737d3895e8bf0bde88c144,5,94183668,29.8419706408763,1741048115618390,Balanced Dollar,0.1942848,bnUSD,0,1,2025-03-04
cx2609b924e33ef00b648a409245c7ea394c467824,cx21e94c08c03daee80c25d8ee3ea22a20786ec231,cxa0af3165c08318e988cb30993b3048335b94af6c,0xaffbeccd1625d10b7,0x0c05c979fa0c9e201572cfb2258b405d69e81b9269737d3895e8bf0bde88c144,4,94183668,202.89583266201265,1741048115618390,Staked ICX,0.1942848,sICX,0,1,2025-03-04
cx2609b924e33ef00b648a409245c7ea394c467824,hx0000000000000000000000000000000000000000,cx21e94c08c03daee80c25d8ee3ea22a20786ec231,0xaffbeccd1625d10b7,0x0c05c979fa0c9e201572cfb2258b405d69e81b9269737d3895e8bf0bde88c144,2,94183668,202.89583266201265,1741048115618390,Staked ICX,0.1942848,sICX,0,1,2025-03-04
cx88fd7df7ddff82f7cc735c871dc519838cb235bb,cxa0af3165c08318e988cb30993b3048335b94af6c,cx5faae53c4dbd1fbe4a2eb4aab6565030f10da5c6,0xff04f7af9ae75b,0xe1cc6f6266b456b4bec4112faaf979ccdda4cc4cce7ddb4ff624eeb2e1edc62c,2,94183666,0.07178158091081507,1741048111630777,Balanced Dollar,0.056943025,bnUSD,0,2,2025-03-04
cx88fd7df7ddff82f7cc735c871dc519838cb235bb,cxa0af3165c08318e988cb30993b3048335b94af6c,hxd75467e3e4ce64e3424c747dfb71503017440433,0x29649076cfb148b59,0xe1cc6f6266b456b4bec4112faaf979ccdda4cc4cce7ddb4ff624eeb2e1edc62c,1,94183666,47.722683091058464,1741048111630777,Balanced Dollar,0.056943025,bnUSD,0,2,2025-03-04
cx4297f4b63262507623b6ad575d0d8dd2db980e4e,hxd75467e3e4ce64e3424c747dfb71503017440433,cxa0af3165c08318e988cb30993b3048335b94af6c,0x3782dace9d900000,0xe1cc6f6266b456b4bec4112faaf979ccdda4cc4cce7ddb4ff624eeb2e1edc62c,0,94183666,4.0,1741048111630777,Injective,0.056943025,INJ,0,2,2025-03-04
cx88fd7df7ddff82f7cc735c871dc519838cb235bb,cxa0af3165c08318e988cb30993b3048335b94af6c,cx5faae53c4dbd1fbe4a2eb4aab6565030f10da5c6,0xff2566d03a475c,0xee0221b651e505de8f58b433a67fd3dfc501c1a4b7e2d5de30d1dcfacdd86665,2,94183660,0.07181724257158947,1741048099593009,Balanced Dollar,0.056943025,bnUSD,0,1,2025-03-04
cx88fd7df7ddff82f7cc735c871dc519838cb235bb,cxa0af3165c08318e988cb30993b3048335b94af6c,hxd75467e3e4ce64e3424c747dfb71503017440433,0x2969d455395b29957,0xee0221b651e505de8f58b433a67fd3dfc501c1a4b7e2d5de30d1dcfacdd86665,1,94183660,47.74639504974798,1741048099593009,Balanced Dollar,0.056943025,bnUSD,0,1,2025-03-04
cx4297f4b63262507623b6ad575d0d8dd2db980e4e,hxd75467e3e4ce64e3424c747dfb71503017440433,cxa0af3165c08318e988cb30993b3048335b94af6c,0x3782dace9d900000,0xee0221b651e505de8f58b433a67fd3dfc501c1a4b7e2d5de30d1dcfacdd86665,0,94183660,4.0,1741048099593009,Injective,0.056943025,INJ,0,1,2025-03-04
cx88fd7df7ddff82f7cc735c871dc519838cb235bb,cxa0af3165c08318e988cb30993b3048335b94af6c,cx5faae53c4dbd1fbe4a2eb4aab6565030f10da5c6,0xff45dc21a9d70c,0x64cec7ef9600058801ac817f7328107c29464b3b586cb6aa1e87b68e561d0b46,2,94183650,0.07185293082111771,1741048079773213,Balanced Dollar,0.056943025,bnUSD,0,1,2025-03-04
cx88fd7df7ddff82f7cc735c871dc519838cb235bb,cxa0af3165c08318e988cb30993b3048335b94af6c,hxd75467e3e4ce64e3424c747dfb71503017440433,0x296f1934ef8e7cc68,0x64cec7ef9600058801ac817f7328107c29464b3b586cb6aa1e87b68e561d0b46,1,94183650,47.770124689888235,1741048079773213,Balanced Dollar,0.056943025,bnUSD,0,1,2025-03-04
cx4297f4b63262507623b6ad575d0d8dd2db980e4e,hxd75467e3e4ce64e3424c747dfb71503017440433,cxa0af3165c08318e988cb30993b3048335b94af6c,0x3782dace9d900000,0x64cec7ef9600058801ac817f7328107c29464b3b586cb6aa1e87b68e561d0b46,0,94183650,4.0,1741048079773213,Injective,0.056943025,INJ,0,1,2025-03-04
cx88fd7df7ddff82f7cc735c871dc519838cb235bb,cxa0af3165c08318e988cb30993b3048335b94af6c,cx5faae53c4dbd1fbe4a2eb4aab6565030f10da5c6,0xff6657a57d0fc3,0xe34ab5d6f1fb73164739d049dfea20655c338d19b5555867ed073c752fc4906f,2,94183644,0.07188864568584186,1741048067688206,Balanced Dollar,0.056943025,bnUSD,0,1,2025-03-04
cx88fd7df7ddff82f7cc735c871dc519838cb235bb,cxa0af3165c08318e988cb30993b3048335b94af6c,hxd75467e3e4ce64e3424c747dfb71503017440433,0x29745f1633ceaa982,0xe34ab5d6f1fb73164739d049dfea20655c338d19b5555867ed073c752fc4906f,1,94183644,47.79387202906533,1741048067688206,Balanced Dollar,0.056943025,bnUSD,0,1,2025-03-04
cx4297f4b63262507623b6ad575d0d8dd2db980e4e,hxd75467e3e4ce64e3424c747dfb71503017440433,cxa0af3165c08318e988cb30993b3048335b94af6c,0x3782dace9d900000,0xe34ab5d6f1fb73164739d049dfea20655c338d19b5555867ed073c752fc4906f,0,94183644,4.0,1741048067688206,Injective,0.056943025,INJ,0,1,2025-03-04
cx88fd7df7ddff82f7cc735c871dc519838cb235bb,cxa0af3165c08318e988cb30993b3048335b94af6c,cx5faae53c4dbd1fbe4a2eb4aab6565030f10da5c6,0xff86d95d47eb46,0x047b12291bca83fb6686be601a554e4661e876faf626e32bc455ad5af92dd347,2,94183631,0.07192438719223687,1741048041625590,Balanced Dollar,0.056943025,bnUSD,0,1,2025-03-04
cx88fd7df7ddff82f7cc735c871dc519838cb235bb,cxa0af3165c08318e988cb30993b3048335b94af6c,hxd75467e3e4ce64e3424c747dfb71503017440433,0x2979a5f947b3f6fc5,0x047b12291bca83fb6686be601a554e4661e876faf626e32bc455ad5af92dd347,1,94183631,47.81763708488722,1741048041625590,Balanced Dollar,0.056943025,bnUSD,0,1,2025-03-04
cx4297f4b63262507623b6ad575d0d8dd2db980e4e,hxd75467e3e4ce64e3424c747dfb71503017440433,cxa0af3165c08318e988cb30993b3048335b94af6c,0x3782dace9d900000,0x047b12291bca83fb6686be601a554e4661e876faf626e32bc455ad5af92dd347,0,94183631,4.0,1741048041625590,Injective,0.056943025,INJ,0,1,2025-03-04
cx88fd7df7ddff82f7cc735c871dc519838cb235bb,cxa0af3165c08318e988cb30993b3048335b94af6c,cx5faae53c4dbd1fbe4a2eb4aab6565030f10da5c6,0x1bffe6efbe13ef1,0x34dedf385b31434c8af32efdf1443ac3a9bf8943511c523e4681c19aa49d237d,2,94183627,0.12609906721536382,1741048033608562,Balanced Dollar,0.05690865,bnUSD,0,1,2025-03-04
cx88fd7df7ddff82f7cc735c871dc519838cb235bb,cxa0af3165c08318e988cb30993b3048335b94af6c,hxd75467e3e4ce64e3424c747dfb71503017440433,0x48b8ae15b28aebd66,0x34dedf385b31434c8af32efdf1443ac3a9bf8943511c523e4681c19aa49d237d,1,94183627,83.84207319453708,1741048033608562,Balanced Dollar,0.05690865,bnUSD,0,1,2025-03-04
cx66a031cc3bd305c76371fb586e93801b948254f0,hxd75467e3e4ce64e3424c747dfb71503017440433,cxa0af3165c08318e988cb30993b3048335b94af6c,0x3782dace9d900000,0x34dedf385b31434c8af32efdf1443ac3a9bf8943511c523e4681c19aa49d237d,0,94183627,4.0,1741048033608562,Avalanche,0.05690865,AVAX,0,1,2025-03-04
cx88fd7df7ddff82f7cc735c871dc519838cb235bb,cxa0af3165c08318e988cb30993b3048335b94af6c,cx5faae53c4dbd1fbe4a2eb4aab6565030f10da5c6,0x1c04ba2cdca8fa0,0x54e7af44f69af8ce28caf9e972e2fbb96d12aea2bdd91eba208aba0fce260f7c,2,94183618,0.12618395217576336,1741048015588203,Balanced Dollar,0.0569059625,bnUSD,0,1,2025-03-04
cx88fd7df7ddff82f7cc735c871dc519838cb235bb,cxa0af3165c08318e988cb30993b3048335b94af6c,hxd75467e3e4ce64e3424c747dfb71503017440433,0x48c536d2b09d75bee,0x54e7af44f69af8ce28caf9e972e2fbb96d12aea2bdd91eba208aba0fce260f7c,1,94183618,83.89852191483124,1741048015588203,Balanced Dollar,0.0569059625,bnUSD,0,1,2025-03-04
cx66a031cc3bd305c76371fb586e93801b948254f0,hxd75467e3e4ce64e3424c747dfb71503017440433,cxa0af3165c08318e988cb30993b3048335b94af6c,0x3782dace9d900000,0x54e7af44f69af8ce28caf9e972e2fbb96d12aea2bdd91eba208aba0fce260f7c,0,94183618,4.0,1741048015588203,Avalanche,0.0569059625,AVAX,0,1,2025-03-04
cx88fd7df7ddff82f7cc735c871dc519838cb235bb,cxa0af3165c08318e988cb30993b3048335b94af6c,cx5faae53c4dbd1fbe4a2eb4aab6565030f10da5c6,0xffa7614a9ee3fe,0xdd97114ba823e49bbea55adb885f489b532462928e31a564c51b8cf04bb936f8,2,94183615,0.07196015536681062,1741048009693838,Balanced Dollar,0.056943025,bnUSD,0,2,2025-03-04
cx88fd7df7ddff82f7cc735c871dc519838cb235bb,cxa0af3165c08318e988cb30993b3048335b94af6c,hxd75467e3e4ce64e3424c747dfb71503017440433,0x297eedde6ceb89807,0xdd97114ba823e49bbea55adb885f489b532462928e31a564c51b8cf04bb936f8,1,94183615,47.84141987498378,1741048009693838,Balanced Dollar,0.056943025,bnUSD,0,2,2025-03-04
cx4297f4b63262507623b6ad575d0d8dd2db980e4e,hxd75467e3e4ce64e3424c747dfb71503017440433,cxa0af3165c08318e988cb30993b3048335b94af6c,0x3782dace9d900000,0xdd97114ba823e49bbea55adb885f489b532462928e31a564c51b8cf04bb936f8,0,94183615,4.0,1741048009693838,Injective,0.056943025,INJ,0,2,2025-03-04
cx88fd7df7ddff82f7cc735c871dc519838cb235bb,cxa0af3165c08318e988cb30993b3048335b94af6c,cx5faae53c4dbd1fbe4a2eb4aab6565030f10da5c6,0x1c098ea9786f3ee,0x9fbaf960470fe7888c44f7179361fd788bb0e1e8fe04993d85be761c38519a4f,2,94183607,0.12626892289834699,1741047993615777,Balanced Dollar,0.0569099625,bnUSD,0,1,2025-03-04
cx88fd7df7ddff82f7cc735c871dc519838cb235bb,cxa0af3165c08318e988cb30993b3048335b94af6c,hxd75467e3e4ce64e3424c747dfb71503017440433,0x48d1c2cdbf902850f,0x9fbaf960470fe7888c44f7179361fd788bb0e1e8fe04993d85be761c38519a4f,1,94183607,83.95502767682109,1741047993615777,Balanced Dollar,0.0569099625,bnUSD,0,1,2025-03-04
cx66a031cc3bd305c76371fb586e93801b948254f0,hxd75467e3e4ce64e3424c747dfb71503017440433,cxa0af3165c08318e988cb30993b3048335b94af6c,0x3782dace9d900000,0x9fbaf960470fe7888c44f7179361fd788bb0e1e8fe04993d85be761c38519a4f,0,94183607,4.0,1741047993615777,Avalanche,0.0569099625,AVAX,0,1,2025-03-04
cx88fd7df7ddff82f7cc735c871dc519838cb235bb,cxa0af3165c08318e988cb30993b3048335b94af6c,cx5faae53c4dbd1fbe4a2eb4aab6565030f10da5c6,0xffc7ef6f16f528,0x319b013093a6dfcc89c46870f8a8d2877011cbb3fc25067ad7370bb47b8d560c,2,94183602,0.07199595023610397,1741047983598184,Balanced Dollar,0.056943025,bnUSD,0,1,2025-03-04
cx88fd7df7ddff82f7cc735c871dc519838cb235bb,cxa0af3165c08318e988cb30993b3048335b94af6c,hxd75467e3e4ce64e3424c747dfb71503017440433,0x298436c5e53775499,0x319b013093a6dfcc89c46870f8a8d2877011cbb3fc25067ad7370bb47b8d560c,1,94183602,47.86522041700682,1741047983598184,Balanced Dollar,0.056943025,bnUSD,0,1,2025-03-04
cx4297f4b63262507623b6ad575d0d8dd2db980e4e,hxd75467e3e4ce64e3424c747dfb71503017440433,cxa0af3165c08318e988cb30993b3048335b94af6c,0x3782dace9d900000,0x319b013093a6dfcc89c46870f8a8d2877011cbb3fc25067ad7370bb47b8d560c,0,94183602,4.0,1741047983598184,Injective,0.056943025,INJ,0,1,2025-03-04
cx88fd7df7ddff82f7cc735c871dc519838cb235bb,cxa0af3165c08318e988cb30993b3048335b94af6c,cx5faae53c4dbd1fbe4a2eb4aab6565030f10da5c6,0xffe883cc459b03,0xf81f55fb3862db16791c3bc68bcf8c3cded59844871821c8a57b814a306f3c3b,2,94183596,0.07203177182669082,1741047971581770,Balanced Dollar,0.056943025,bnUSD,0,1,2025-03-04
cx88fd7df7ddff82f7cc735c871dc519838cb235bb,cxa0af3165c08318e988cb30993b3048335b94af6c,hxd75467e3e4ce64e3424c747dfb71503017440433,0x298980aff26ec1142,0xf81f55fb3862db16791c3bc68bcf8c3cded59844871821c8a57b814a306f3c3b,1,94183596,47.88903872863011,1741047971581770,Balanced Dollar,0.056943025,bnUSD,0,1,2025-03-04
cx4297f4b63262507623b6ad575d0d8dd2db980e4e,hxd75467e3e4ce64e3424c747dfb71503017440433,cxa0af3165c08318e988cb30993b3048335b94af6c,0x3782dace9d900000,0xf81f55fb3862db16791c3bc68bcf8c3cded59844871821c8a57b814a306f3c3b,0,94183596,4.0,1741047971581770,Injective,0.056943025,INJ,0,1,2025-03-04
cx88fd7df7ddff82f7cc735c871dc519838cb235bb,cxa0af3165c08318e988cb30993b3048335b94af6c,cx5faae53c4dbd1fbe4a2eb4aab6565030f10da5c6,0x100091e63c0d306,0xc86015afc1d47be1f1bf445d952725ec9e8a4e1c9e64d5f305624d1a3fa69eb8,2,94183580,0.07206762016517812,1741047939576851,Balanced Dollar,0.056943025,bnUSD,0,1,2025-03-04
cx88fd7df7ddff82f7cc735c871dc519838cb235bb,cxa0af3165c08318e988cb30993b3048335b94af6c,hxd75467e3e4ce64e3424c747dfb71503017440433,0x298ecb9cd67d6f373,0xc86015afc1d47be1f1bf445d952725ec9e8a4e1c9e64d5f305624d1a3fa69eb8,1,94183580,47.91287482754944,1741047939576851,Balanced Dollar,0.056943025,bnUSD,0,1,2025-03-04
cx4297f4b63262507623b6ad575d0d8dd2db980e4e,hxd75467e3e4ce64e3424c747dfb71503017440433,cxa0af3165c08318e988cb30993b3048335b94af6c,0x3782dace9d900000,0xc86015afc1d47be1f1bf445d952725ec9e8a4e1c9e64d5f305624d1a3fa69eb8,0,94183580,4.0,1741047939576851,Injective,0.056943025,INJ,0,1,2025-03-04
cx88fd7df7ddff82f7cc735c871dc519838cb235bb,cxa0af3165c08318e988cb30993b3048335b94af6c,cx5faae53c4dbd1fbe4a2eb4aab6565030f10da5c6,0x10029bf371f1c0d,0x8712ff7505b20ce8ed4ef5475b8997d2e90f14a9f397bca8c2d057311f81c427,2,94183574,0.07210349527820596,1741047927590968,Balanced Dollar,0.056943025,bnUSD,0,1,2025-03-04
cx88fd7df7ddff82f7cc735c871dc519838cb235bb,cxa0af3165c08318e988cb30993b3048335b94af6c,hxd75467e3e4ce64e3424c747dfb71503017440433,0x2994178cd36485ab5,0x8712ff7505b20ce8ed4ef5475b8997d2e90f14a9f397bca8c2d057311f81c427,1,94183574,47.93672873148261,1741047927590968,Balanced Dollar,0.056943025,bnUSD,0,1,2025-03-04
cx4297f4b63262507623b6ad575d0d8dd2db980e4e,hxd75467e3e4ce64e3424c747dfb71503017440433,cxa0af3165c08318e988cb30993b3048335b94af6c,0x3782dace9d900000,0x8712ff7505b20ce8ed4ef5475b8997d2e90f14a9f397bca8c2d057311f81c427,0,94183574,4.0,1741047927590968,Injective,0.056943025,INJ,0,1,2025-03-04
cx88fd7df7ddff82f7cc735c871dc519838cb235bb,cxa0af3165c08318e988cb30993b3048335b94af6c,cx5faae53c4dbd1fbe4a2eb4aab6565030f10da5c6,0x1004a6647f7768f,0x92e70eab1d28c483ced39e334d3a1ef623d47a524d124add2076de2e8e7f6ed6,2,94183563,0.07213939719244764,1741047905541641,Balanced Dollar,0.056943025,bnUSD,0,1,2025-03-04
cx88fd7df7ddff82f7cc735c871dc519838cb235bb,cxa0af3165c08318e988cb30993b3048335b94af6c,hxd75467e3e4ce64e3424c747dfb71503017440433,0x299964802b3a16154,0x92e70eab1d28c483ced39e334d3a1ef623d47a524d124add2076de2e8e7f6ed6,1,94183563,47.96060045816951,1741047905541641,Balanced Dollar,0.056943025,bnUSD,0,1,2025-03-04
cx4297f4b63262507623b6ad575d0d8dd2db980e4e,hxd75467e3e4ce64e3424c747dfb71503017440433,cxa0af3165c08318e988cb30993b3048335b94af6c,0x3782dace9d900000,0x92e70eab1d28c483ced39e334d3a1ef623d47a524d124add2076de2e8e7f6ed6,0,94183563,4.0,1741047905541641,Injective,0.056943025,INJ,0,1,2025-03-04
cx88fd7df7ddff82f7cc735c871dc519838cb235bb,cxa0af3165c08318e988cb30993b3048335b94af6c,hx4dc7903504bb800a462378348a42f53742759e0b,0x12985d28e47f12b,0x8001de9aeab9c75b587d1b2e6aca29ab6a0b06cecc1d17091c1afe7a8651b2b1,3,94183458,0.08374520745977067,1741047695524412,Balanced Dollar,0.0347539,bnUSD,0,3,2025-03-04
cx07b184a37f03c6ab681fcbd0b45aec6dc3eafbeb,hx4dc7903504bb800a462378348a42f53742759e0b,cxa0af3165c08318e988cb30993b3048335b94af6c,0x12341c7370c1f,0x8bb14ee28612fa5f04fe2fc7b2fbced538a2dc49c3422af0f487301cb3718724,0,94183458,0.000320240398830623,1741047695524412,Bitcoin,0.0215962625,BTC,0,2,2025-03-04
cx88fd7df7ddff82f7cc735c871dc519838cb235bb,hx4dc7903504bb800a462378348a42f53742759e0b,cxa0af3165c08318e988cb30993b3048335b94af6c,0x181973d7d1fa2e000,0xdc8e9a414624d50a6fa9510300ff832ffefe4fcfcba7f9294c660f4d5051539e,0,94183458,27.784744033696537,1741047695524412,Balanced Dollar,0.02221895,bnUSD,0,1,2025-03-04
cx07b184a37f03c6ab681fcbd0b45aec6dc3eafbeb,cx21e94c08c03daee80c25d8ee3ea22a20786ec231,hx4dc7903504bb800a462378348a42f53742759e0b,0x123671213a1c3,0x8c4dbbdc45459fb67fc93887c5a09c5b38daf663f699093bab06d5c04a85bf6b,12,94183456,0.000320400568590787,1741047691515717,Bitcoin,0.2518155375,BTC,0,2,2025-03-04
cx88fd7df7ddff82f7cc735c871dc519838cb235bb,cxa0af3165c08318e988cb30993b3048335b94af6c,cx5faae53c4dbd1fbe4a2eb4aab6565030f10da5c6,0x9421ab948fb1ba,0x8c4dbbdc45459fb67fc93887c5a09c5b38daf663f699093bab06d5c04a85bf6b,10,94183456,0.041695317368746425,1741047691515717,Balanced Dollar,0.2518155375,bnUSD,0,2,2025-03-04
cx07b184a37f03c6ab681fcbd0b45aec6dc3eafbeb,cxa0af3165c08318e988cb30993b3048335b94af6c,cx21e94c08c03daee80c25d8ee3ea22a20786ec231,0x123671213a1c3,0x8c4dbbdc45459fb67fc93887c5a09c5b38daf663f699093bab06d5c04a85bf6b,9,94183456,0.000320400568590787,1741047691515717,Bitcoin,0.2518155375,BTC,0,2,2025-03-04
cx88fd7df7ddff82f7cc735c871dc519838cb235bb,cx21e94c08c03daee80c25d8ee3ea22a20786ec231,cxa0af3165c08318e988cb30993b3048335b94af6c,0x181c2597d8b897f1e,0x8c4dbbdc45459fb67fc93887c5a09c5b38daf663f699093bab06d5c04a85bf6b,8,94183456,27.79687824583095,1741047691515717,Balanced Dollar,0.2518155375,bnUSD,0,2,2025-03-04
cx88fd7df7ddff82f7cc735c871dc519838cb235bb,cxa0af3165c08318e988cb30993b3048335b94af6c,cx5faae53c4dbd1fbe4a2eb4aab6565030f10da5c6,0x949291b060043c,0x8c4dbbdc45459fb67fc93887c5a09c5b38daf663f699093bab06d5c04a85bf6b,6,94183456,0.04181945098017286,1741047691515717,Balanced Dollar,0.2518155375,bnUSD,0,2,2025-03-04
cx88fd7df7ddff82f7cc735c871dc519838cb235bb,cxa0af3165c08318e988cb30993b3048335b94af6c,cx21e94c08c03daee80c25d8ee3ea22a20786ec231,0x181c2597d8b897f1e,0x8c4dbbdc45459fb67fc93887c5a09c5b38daf663f699093bab06d5c04a85bf6b,5,94183456,27.79687824583095,1741047691515717,Balanced Dollar,0.2518155375,bnUSD,0,2,2025-03-04
cx2609b924e33ef00b648a409245c7ea394c467824,cx21e94c08c03daee80c25d8ee3ea22a20786ec231,cxa0af3165c08318e988cb30993b3048335b94af6c,0xa3e9b883df0692a5f,0x8c4dbbdc45459fb67fc93887c5a09c5b38daf663f699093bab06d5c04a85bf6b,4,94183456,188.97878998844502,1741047691515717,Staked ICX,0.2518155375,sICX,0,2,2025-03-04
cx2609b924e33ef00b648a409245c7ea394c467824,hx0000000000000000000000000000000000000000,cx21e94c08c03daee80c25d8ee3ea22a20786ec231,0xa3e9b883df0692a5f,0x8c4dbbdc45459fb67fc93887c5a09c5b38daf663f699093bab06d5c04a85bf6b,2,94183456,188.97878998844502,1741047691515717,Staked ICX,0.2518155375,sICX,0,2,2025-03-04
cx88fd7df7ddff82f7cc735c871dc519838cb235bb,cx21e94c08c03daee80c25d8ee3ea22a20786ec231,hx4dc7903504bb800a462378348a42f53742759e0b,0x181c89ed91f27d41c,0xe24576b6f4854e2c112a36b7b38752ea5cecd6991629a36ec89e4f0e9ce3d40d,8,94183456,27.798643355312183,1741047691515717,Balanced Dollar,0.1942848,bnUSD,0,1,2025-03-04
cx88fd7df7ddff82f7cc735c871dc519838cb235bb,cxa0af3165c08318e988cb30993b3048335b94af6c,cx5faae53c4dbd1fbe4a2eb4aab6565030f10da5c6,0x9494fbf8c758c1,0xe24576b6f4854e2c112a36b7b38752ea5cecd6991629a36ec89e4f0e9ce3d40d,6,94183456,0.041822106484693186,1741047691515717,Balanced Dollar,0.1942848,bnUSD,0,1,2025-03-04
cx88fd7df7ddff82f7cc735c871dc519838cb235bb,cxa0af3165c08318e988cb30993b3048335b94af6c,cx21e94c08c03daee80c25d8ee3ea22a20786ec231,0x181c89ed91f27d41c,0xe24576b6f4854e2c112a36b7b38752ea5cecd6991629a36ec89e4f0e9ce3d40d,5,94183456,27.798643355312183,1741047691515717,Balanced Dollar,0.1942848,bnUSD,0,1,2025-03-04
cx2609b924e33ef00b648a409245c7ea394c467824,cx21e94c08c03daee80c25d8ee3ea22a20786ec231,cxa0af3165c08318e988cb30993b3048335b94af6c,0xa3e9b883df0692a5f,0xe24576b6f4854e2c112a36b7b38752ea5cecd6991629a36ec89e4f0e9ce3d40d,4,94183456,188.97878998844502,1741047691515717,Staked ICX,0.1942848,sICX,0,1,2025-03-04
cx2609b924e33ef00b648a409245c7ea394c467824,hx0000000000000000000000000000000000000000,cx21e94c08c03daee80c25d8ee3ea22a20786ec231,0xa3e9b883df0692a5f,0xe24576b6f4854e2c112a36b7b38752ea5cecd6991629a36ec89e4f0e9ce3d40d,2,94183456,188.97878998844502,1741047691515717,Staked ICX,0.1942848,sICX,0,1,2025-03-04
cx66a031cc3bd305c76371fb586e93801b948254f0,cx21e94c08c03daee80c25d8ee3ea22a20786ec231,hx2debd9ec927cca1639da8d3518dd9dbf1cdfb357,0x1158da29a0f685c8d,0x8ee36465e4b18a7c0c143828cd98d7a84974d367effc99929ef47876444b418f,5,94183437,19.999820302789402,1741047653478962,Avalanche,0.0882961875,AVAX,0,1,2025-03-04
cx88fd7df7ddff82f7cc735c871dc519838cb235bb,cxa0af3165c08318e988cb30993b3048335b94af6c,cx5faae53c4dbd1fbe4a2eb4aab6565030f10da5c6,0x8c76ff3bd23fbfe,0x8ee36465e4b18a7c0c143828cd98d7a84974d367effc99929ef47876444b418f,3,94183437,0.6325973653098322,1741047653478962,Balanced Dollar,0.0882961875,bnUSD,0,1,2025-03-04
cx66a031cc3bd305c76371fb586e93801b948254f0,cxa0af3165c08318e988cb30993b3048335b94af6c,cx21e94c08c03daee80c25d8ee3ea22a20786ec231,0x1158da29a0f685c8d,0x8ee36465e4b18a7c0c143828cd98d7a84974d367effc99929ef47876444b418f,2,94183437,19.999820302789402,1741047653478962,Avalanche,0.0882961875,AVAX,0,1,2025-03-04
cx88fd7df7ddff82f7cc735c871dc519838cb235bb,cx21e94c08c03daee80c25d8ee3ea22a20786ec231,cxa0af3165c08318e988cb30993b3048335b94af6c,0x16dcb38abc8db59020,0x8ee36465e4b18a7c0c143828cd98d7a84974d367effc99929ef47876444b418f,1,94183437,421.73157687322146,1741047653478962,Balanced Dollar,0.0882961875,bnUSD,0,1,2025-03-04
cx88fd7df7ddff82f7cc735c871dc519838cb235bb,hx2debd9ec927cca1639da8d3518dd9dbf1cdfb357,cx21e94c08c03daee80c25d8ee3ea22a20786ec231,0x16dcb38abc8db59020,0x8ee36465e4b18a7c0c143828cd98d7a84974d367effc99929ef47876444b418f,0,94183437,421.73157687322146,1741047653478962,Balanced Dollar,0.0882961875,bnUSD,0,1,2025-03-04
cx88fd7df7ddff82f7cc735c871dc519838cb235bb,cxa0af3165c08318e988cb30993b3048335b94af6c,cx5faae53c4dbd1fbe4a2eb4aab6565030f10da5c6,0x1006b1397e164cb,0x7c4a36329dfd741b08cbe7dbe39e223f0712241d3931283fef83b22853db5b81,2,94183327,0.07217532593460961,1741047433402504,Balanced Dollar,0.0569618375,bnUSD,0,1,2025-03-04
cx88fd7df7ddff82f7cc735c871dc519838cb235bb,cxa0af3165c08318e988cb30993b3048335b94af6c,hxd75467e3e4ce64e3424c747dfb71503017440433,0x299eb277202945d3c,0x7c4a36329dfd741b08cbe7dbe39e223f0712241d3931283fef83b22853db5b81,1,94183327,47.98449002537211,1741047433402504,Balanced Dollar,0.0569618375,bnUSD,0,1,2025-03-04
cx4297f4b63262507623b6ad575d0d8dd2db980e4e,hxd75467e3e4ce64e3424c747dfb71503017440433,cxa0af3165c08318e988cb30993b3048335b94af6c,0x3782dace9d900000,0x7c4a36329dfd741b08cbe7dbe39e223f0712241d3931283fef83b22853db5b81,0,94183327,4.0,1741047433402504,Injective,0.0569618375,INJ,0,1,2025-03-04
cx88fd7df7ddff82f7cc735c871dc519838cb235bb,cx203d9cd2a669be67177e997b8948ce2c35caffae,cx835b300dcfe01f0bdb794e134a0c5628384f4367,0x3ca4c51b4619023a,0x207abf9f95615097455926da14bcd3ba6e8aaecc244fc563af9b20c76e037aab,6,94183321,4.369834259387057,1741047421400929,Balanced Dollar,0.0990637375,bnUSD,0,1,2025-03-04
cx88fd7df7ddff82f7cc735c871dc519838cb235bb,cx5faae53c4dbd1fbe4a2eb4aab6565030f10da5c6,cx203d9cd2a669be67177e997b8948ce2c35caffae,0x56a23e26f66cde9c,0x207abf9f95615097455926da14bcd3ba6e8aaecc244fc563af9b20c76e037aab,4,94183321,6.242620370552938,1741047421400929,Balanced Dollar,0.0990637375,bnUSD,0,1,2025-03-04
cx88fd7df7ddff82f7cc735c871dc519838cb235bb,cx5faae53c4dbd1fbe4a2eb4aab6565030f10da5c6,cxdc30a0d3a1f131565c071272a20bc0b06fd4c17b,0x56a23e26f66cde9c,0x207abf9f95615097455926da14bcd3ba6e8aaecc244fc563af9b20c76e037aab,3,94183321,6.242620370552938,1741047421400929,Balanced Dollar,0.0990637375,bnUSD,0,1,2025-03-04
cx88fd7df7ddff82f7cc735c871dc519838cb235bb,cxa0af3165c08318e988cb30993b3048335b94af6c,cx5faae53c4dbd1fbe4a2eb4aab6565030f10da5c6,0x1008bc72874eafd,0x207abf9f95615097455926da14bcd3ba6e8aaecc244fc563af9b20c76e037aab,2,94183321,0.07221128153143168,1741047421400929,Balanced Dollar,0.0990637375,bnUSD,0,1,2025-03-04
cx88fd7df7ddff82f7cc735c871dc519838cb235bb,cxa0af3165c08318e988cb30993b3048335b94af6c,hxd75467e3e4ce64e3424c747dfb71503017440433,0x29a40171f47256117,0x207abf9f95615097455926da14bcd3ba6e8aaecc244fc563af9b20c76e037aab,1,94183321,48.00839745087455,1741047421400929,Balanced Dollar,0.0990637375,bnUSD,0,1,2025-03-04
cx4297f4b63262507623b6ad575d0d8dd2db980e4e,hxd75467e3e4ce64e3424c747dfb71503017440433,cxa0af3165c08318e988cb30993b3048335b94af6c,0x3782dace9d900000,0x207abf9f95615097455926da14bcd3ba6e8aaecc244fc563af9b20c76e037aab,0,94183321,4.0,1741047421400929,Injective,0.0990637375,INJ,0,1,2025-03-04
cx88fd7df7ddff82f7cc735c871dc519838cb235bb,cxa0af3165c08318e988cb30993b3048335b94af6c,cx5faae53c4dbd1fbe4a2eb4aab6565030f10da5c6,0x100ac80fb4a8f90,0xa738690a89122d8e5e3ab1f4c3ec6f20d57dcd839ec31b43aa8736b048dbdbd9,2,94183310,0.07224726400968692,1741047399379420,Balanced Dollar,0.0569443375,bnUSD,0,1,2025-03-04
cx88fd7df7ddff82f7cc735c871dc519838cb235bb,cxa0af3165c08318e988cb30993b3048335b94af6c,hxd75467e3e4ce64e3424c747dfb71503017440433,0x29a95170ea6aabd9d,0xa738690a89122d8e5e3ab1f4c3ec6f20d57dcd839ec31b43aa8736b048dbdbd9,1,94183310,48.03232275248308,1741047399379420,Balanced Dollar,0.0569443375,bnUSD,0,1,2025-03-04
cx4297f4b63262507623b6ad575d0d8dd2db980e4e,hxd75467e3e4ce64e3424c747dfb71503017440433,cxa0af3165c08318e988cb30993b3048335b94af6c,0x3782dace9d900000,0xa738690a89122d8e5e3ab1f4c3ec6f20d57dcd839ec31b43aa8736b048dbdbd9,0,94183310,4.0,1741047399379420,Injective,0.0569443375,INJ,0,1,2025-03-04
cx4297f4b63262507623b6ad575d0d8dd2db980e4e,hx0000000000000000000000000000000000000000,hxd75467e3e4ce64e3424c747dfb71503017440433,0x56b94b4720e654000,0x2e0ea80fef0826b9869d5b4dab0df44fc4cbb1ada5fc0760dd3c0e7d42e5cb39,1,94183205,99.98573962912002,1741047189322690,Injective,0.0226138125,INJ,0,1,2025-03-04
cx88fd7df7ddff82f7cc735c871dc519838cb235bb,cxa0af3165c08318e988cb30993b3048335b94af6c,cx5faae53c4dbd1fbe4a2eb4aab6565030f10da5c6,0x100cd4111fb5b4c,0xa5192a88008e7486437648d9cc8039aad70352f5562e21232ae428297034c560,2,94183144,0.07228327339618183,1741047067285375,Balanced Dollar,0.056943025,bnUSD,0,1,2025-03-04
cx88fd7df7ddff82f7cc735c871dc519838cb235bb,cxa0af3165c08318e988cb30993b3048335b94af6c,hxd75467e3e4ce64e3424c747dfb71503017440433,0x29aea274447cd832a,0xa5192a88008e7486437648d9cc8039aad70352f5562e21232ae428297034c560,1,94183144,48.05626594802621,1741047067285375,Balanced Dollar,0.056943025,bnUSD,0,1,2025-03-04
cx4297f4b63262507623b6ad575d0d8dd2db980e4e,hxd75467e3e4ce64e3424c747dfb71503017440433,cxa0af3165c08318e988cb30993b3048335b94af6c,0x3782dace9d900000,0xa5192a88008e7486437648d9cc8039aad70352f5562e21232ae428297034c560,0,94183144,4.0,1741047067285375,Injective,0.056943025,INJ,0,1,2025-03-04
cx88fd7df7ddff82f7cc735c871dc519838cb235bb,cxa0af3165c08318e988cb30993b3048335b94af6c,cx5faae53c4dbd1fbe4a2eb4aab6565030f10da5c6,0x100ee076e20d98b,0x99c93f822829d154eb24f2dd8c77090873fa3135ed3b024e6b3ddd9627d89cfb,2,94183138,0.0723193097177563,1741047055267752,Balanced Dollar,0.056943025,bnUSD,0,1,2025-03-04
cx88fd7df7ddff82f7cc735c871dc519838cb235bb,cxa0af3165c08318e988cb30993b3048335b94af6c,hxd75467e3e4ce64e3424c747dfb71503017440433,0x29b3f47c4528a037c,0x99c93f822829d154eb24f2dd8c77090873fa3135ed3b024e6b3ddd9627d89cfb,1,94183138,48.08022705535464,1741047055267752,Balanced Dollar,0.056943025,bnUSD,0,1,2025-03-04
cx4297f4b63262507623b6ad575d0d8dd2db980e4e,hxd75467e3e4ce64e3424c747dfb71503017440433,cxa0af3165c08318e988cb30993b3048335b94af6c,0x3782dace9d900000,0x99c93f822829d154eb24f2dd8c77090873fa3135ed3b024e6b3ddd9627d89cfb,0,94183138,4.0,1741047055267752,Injective,0.056943025,INJ,0,1,2025-03-04
cx88fd7df7ddff82f7cc735c871dc519838cb235bb,cxa0af3165c08318e988cb30993b3048335b94af6c,cx5faae53c4dbd1fbe4a2eb4aab6565030f10da5c6,0x1010ed41155186d,0x1bd56ea911ed6f48acb188629fe4a5ae3780a7318139c09d5d838f705d13f135,2,94183128,0.0723553730012837,1741047035292729,Balanced Dollar,0.0569403375,bnUSD,0,1,2025-03-04
cx88fd7df7ddff82f7cc735c871dc519838cb235bb,cxa0af3165c08318e988cb30993b3048335b94af6c,hxd75467e3e4ce64e3424c747dfb71503017440433,0x29b947892f03053bd,0x1bd56ea911ed6f48acb188629fe4a5ae3780a7318139c09d5d838f705d13f135,1,94183128,48.104206092341364,1741047035292729,Balanced Dollar,0.0569403375,bnUSD,0,1,2025-03-04
cx4297f4b63262507623b6ad575d0d8dd2db980e4e,hxd75467e3e4ce64e3424c747dfb71503017440433,cxa0af3165c08318e988cb30993b3048335b94af6c,0x3782dace9d900000,0x1bd56ea911ed6f48acb188629fe4a5ae3780a7318139c09d5d838f705d13f135,0,94183128,4.0,1741047035292729,Injective,0.0569403375,INJ,0,1,2025-03-04
cx88fd7df7ddff82f7cc735c871dc519838cb235bb,cxa0af3165c08318e988cb30993b3048335b94af6c,cx5faae53c4dbd1fbe4a2eb4aab6565030f10da5c6,0x1012fa6fd32a905,0x7c49c4011644a907970a309254ab083e0b6ae90baf953830165a7f451603e933,2,94183122,0.07239146327367092,1741047023407828,Balanced Dollar,0.0569443375,bnUSD,0,1,2025-03-04
cx88fd7df7ddff82f7cc735c871dc519838cb235bb,cxa0af3165c08318e988cb30993b3048335b94af6c,hxd75467e3e4ce64e3424c747dfb71503017440433,0x29be9b9b44b64cebc,0x7c49c4011644a907970a309254ab083e0b6ae90baf953830165a7f451603e933,1,94183122,48.12820307688167,1741047023407828,Balanced Dollar,0.0569443375,bnUSD,0,1,2025-03-04
cx4297f4b63262507623b6ad575d0d8dd2db980e4e,hxd75467e3e4ce64e3424c747dfb71503017440433,cxa0af3165c08318e988cb30993b3048335b94af6c,0x3782dace9d900000,0x7c49c4011644a907970a309254ab083e0b6ae90baf953830165a7f451603e933,0,94183122,4.0,1741047023407828,Injective,0.0569443375,INJ,0,1,2025-03-04
cx88fd7df7ddff82f7cc735c871dc519838cb235bb,cxa0af3165c08318e988cb30993b3048335b94af6c,cx5faae53c4dbd1fbe4a2eb4aab6565030f10da5c6,0x101508033549f8e,0x02078897bb33e861290f57d1c1c8c978630e290b5ed9c757d767d2cd90a6cb74,2,94183115,0.07242758056185844,1741047009349681,Balanced Dollar,0.0569443375,bnUSD,0,1,2025-03-04
cx88fd7df7ddff82f7cc735c871dc519838cb235bb,cxa0af3165c08318e988cb30993b3048335b94af6c,hxd75467e3e4ce64e3424c747dfb71503017440433,0x29c3f0b2c90209764,0x02078897bb33e861290f57d1c1c8c978630e290b5ed9c757d767d2cd90a6cb74,1,94183115,48.15221802689315,1741047009349681,Balanced Dollar,0.0569443375,bnUSD,0,1,2025-03-04
cx4297f4b63262507623b6ad575d0d8dd2db980e4e,hxd75467e3e4ce64e3424c747dfb71503017440433,cxa0af3165c08318e988cb30993b3048335b94af6c,0x3782dace9d900000,0x02078897bb33e861290f57d1c1c8c978630e290b5ed9c757d767d2cd90a6cb74,0,94183115,4.0,1741047009349681,Injective,0.0569443375,INJ,0,1,2025-03-04
cx88fd7df7ddff82f7cc735c871dc519838cb235bb,cxa0af3165c08318e988cb30993b3048335b94af6c,cx5faae53c4dbd1fbe4a2eb4aab6565030f10da5c6,0x101715fb55693a0,0xfd3aebaf5c235c64713a62ed0dd57ef12bae2d4800373bb508dbb5afe357b82f,2,94183101,0.07246372489282038,1741046981207710,Balanced Dollar,0.0569443375,bnUSD,0,1,2025-03-04
cx88fd7df7ddff82f7cc735c871dc519838cb235bb,cxa0af3165c08318e988cb30993b3048335b94af6c,hxd75467e3e4ce64e3424c747dfb71503017440433,0x29c946cffebb21b6b,0xfd3aebaf5c235c64713a62ed0dd57ef12bae2d4800373bb508dbb5afe357b82f,1,94183101,48.17625096031582,1741046981207710,Balanced Dollar,0.0569443375,bnUSD,0,1,2025-03-04
cx4297f4b63262507623b6ad575d0d8dd2db980e4e,hxd75467e3e4ce64e3424c747dfb71503017440433,cxa0af3165c08318e988cb30993b3048335b94af6c,0x3782dace9d900000,0xfd3aebaf5c235c64713a62ed0dd57ef12bae2d4800373bb508dbb5afe357b82f,0,94183101,4.0,1741046981207710,Injective,0.0569443375,INJ,0,1,2025-03-04
cx88fd7df7ddff82f7cc735c871dc519838cb235bb,cxa0af3165c08318e988cb30993b3048335b94af6c,cx5faae53c4dbd1fbe4a2eb4aab6565030f10da5c6,0x101924584d4a05b,0x2fc97f07cb596f9b9214ae79a2197600d0bc954401693258c4186855d7373180,2,94183090,0.0724998962935645,1741046959329253,Balanced Dollar,0.0569443375,bnUSD,0,1,2025-03-04
cx88fd7df7ddff82f7cc735c871dc519838cb235bb,cxa0af3165c08318e988cb30993b3048335b94af6c,hxd75467e3e4ce64e3424c747dfb71503017440433,0x29ce9df328cbd9641,0x2fc97f07cb596f9b9214ae79a2197600d0bc954401693258c4186855d7373180,1,94183090,48.20030189511204,1741046959329253,Balanced Dollar,0.0569443375,bnUSD,0,1,2025-03-04
cx4297f4b63262507623b6ad575d0d8dd2db980e4e,hxd75467e3e4ce64e3424c747dfb71503017440433,cxa0af3165c08318e988cb30993b3048335b94af6c,0x3782dace9d900000,0x2fc97f07cb596f9b9214ae79a2197600d0bc954401693258c4186855d7373180,0,94183090,4.0,1741046959329253,Injective,0.0569443375,INJ,0,1,2025-03-04
cx88fd7df7ddff82f7cc735c871dc519838cb235bb,cxa0af3165c08318e988cb30993b3048335b94af6c,cx5faae53c4dbd1fbe4a2eb4aab6565030f10da5c6,0x101b331a36b64a1,0xc7b4ed5ce8ca8ac41227bfab9e96236f07409af3259fdff409f849b57fa601c2,2,94183084,0.07253609479113232,1741046947312138,Balanced Dollar,0.0569443375,bnUSD,0,1,2025-03-04
cx88fd7df7ddff82f7cc735c871dc519838cb235bb,cxa0af3165c08318e988cb30993b3048335b94af6c,hxd75467e3e4ce64e3424c747dfb71503017440433,0x29d3f61c8a33d9434,0xc7b4ed5ce8ca8ac41227bfab9e96236f07409af3259fdff409f849b57fa601c2,1,94183084,48.224370849266634,1741046947312138,Balanced Dollar,0.0569443375,bnUSD,0,1,2025-03-04
cx4297f4b63262507623b6ad575d0d8dd2db980e4e,hxd75467e3e4ce64e3424c747dfb71503017440433,cxa0af3165c08318e988cb30993b3048335b94af6c,0x3782dace9d900000,0xc7b4ed5ce8ca8ac41227bfab9e96236f07409af3259fdff409f849b57fa601c2,0,94183084,4.0,1741046947312138,Injective,0.0569443375,INJ,0,1,2025-03-04
cx88fd7df7ddff82f7cc735c871dc519838cb235bb,cxa0af3165c08318e988cb30993b3048335b94af6c,cx5faae53c4dbd1fbe4a2eb4aab6565030f10da5c6,0x101d42412b80346,0x53ca8b7a27cc37cd037d73b7bff17d6063b5db37052d0509462aa1b43e891d82,2,94183078,0.0725723204125991,1741046935262317,Balanced Dollar,0.0569443375,bnUSD,0,1,2025-03-04
cx88fd7df7ddff82f7cc735c871dc519838cb235bb,cxa0af3165c08318e988cb30993b3048335b94af6c,hxd75467e3e4ce64e3424c747dfb71503017440433,0x29d94f4c6608375d0,0x53ca8b7a27cc37cd037d73b7bff17d6063b5db37052d0509462aa1b43e891d82,1,94183078,48.2484578407869,1741046935262317,Balanced Dollar,0.0569443375,bnUSD,0,1,2025-03-04
cx4297f4b63262507623b6ad575d0d8dd2db980e4e,hxd75467e3e4ce64e3424c747dfb71503017440433,cxa0af3165c08318e988cb30993b3048335b94af6c,0x3782dace9d900000,0x53ca8b7a27cc37cd037d73b7bff17d6063b5db37052d0509462aa1b43e891d82,0,94183078,4.0,1741046935262317,Injective,0.0569443375,INJ,0,1,2025-03-04
cx88fd7df7ddff82f7cc735c871dc519838cb235bb,cxa0af3165c08318e988cb30993b3048335b94af6c,cx5faae53c4dbd1fbe4a2eb4aab6565030f10da5c6,0x101f51cd4582340,0xc03476d2a66aff499866d178a03e9279f807f282442fb374a2d00e24ab5704fb,2,94183054,0.07260857318507398,1741046887259454,Balanced Dollar,0.0569443375,bnUSD,0,1,2025-03-04
cx88fd7df7ddff82f7cc735c871dc519838cb235bb,cxa0af3165c08318e988cb30993b3048335b94af6c,hxd75467e3e4ce64e3424c747dfb71503017440433,0x29dea982ff737f37b,0xc03476d2a66aff499866d178a03e9279f807f282442fb374a2d00e24ab5704fb,1,94183054,48.272562887702605,1741046887259454,Balanced Dollar,0.0569443375,bnUSD,0,1,2025-03-04
cx4297f4b63262507623b6ad575d0d8dd2db980e4e,hxd75467e3e4ce64e3424c747dfb71503017440433,cxa0af3165c08318e988cb30993b3048335b94af6c,0x3782dace9d900000,0xc03476d2a66aff499866d178a03e9279f807f282442fb374a2d00e24ab5704fb,0,94183054,4.0,1741046887259454,Injective,0.0569443375,INJ,0,1,2025-03-04
cx88fd7df7ddff82f7cc735c871dc519838cb235bb,cxa0af3165c08318e988cb30993b3048335b94af6c,cx5faae53c4dbd1fbe4a2eb4aab6565030f10da5c6,0x102161be9e9efde,0x6fe29f4085cff959bc240c1b529f33ec7d80ec1131c999c42fdeb992af2005a3,2,94183048,0.07264485313569993,1741046875311617,Balanced Dollar,0.0569443375,bnUSD,0,1,2025-03-04
cx88fd7df7ddff82f7cc735c871dc519838cb235bb,cxa0af3165c08318e988cb30993b3048335b94af6c,hxd75467e3e4ce64e3424c747dfb71503017440433,0x29e404c099b5ba14c,0x6fe29f4085cff959bc240c1b529f33ec7d80ec1131c999c42fdeb992af2005a3,1,94183048,48.29668600806609,1741046875311617,Balanced Dollar,0.0569443375,bnUSD,0,1,2025-03-04
cx4297f4b63262507623b6ad575d0d8dd2db980e4e,hxd75467e3e4ce64e3424c747dfb71503017440433,cxa0af3165c08318e988cb30993b3048335b94af6c,0x3782dace9d900000,0x6fe29f4085cff959bc240c1b529f33ec7d80ec1131c999c42fdeb992af2005a3,0,94183048,4.0,1741046875311617,Injective,0.0569443375,INJ,0,1,2025-03-04
cx88fd7df7ddff82f7cc735c871dc519838cb235bb,cxa0af3165c08318e988cb30993b3048335b94af6c,cx5faae53c4dbd1fbe4a2eb4aab6565030f10da5c6,0x1023721550c18f6,0x335e1b1391827ae2d1015bfd5f0b31222267bbf7018151569901e1dc4efbe30b,2,94183039,0.07268116029165388,1741046857188272,Balanced Dollar,0.0569443375,bnUSD,0,1,2025-03-04
cx88fd7df7ddff82f7cc735c871dc519838cb235bb,cxa0af3165c08318e988cb30993b3048335b94af6c,hxd75467e3e4ce64e3424c747dfb71503017440433,0x29e9610578247731e,0x335e1b1391827ae2d1015bfd5f0b31222267bbf7018151569901e1dc4efbe30b,1,94183039,48.320827219952236,1741046857188272,Balanced Dollar,0.0569443375,bnUSD,0,1,2025-03-04
cx4297f4b63262507623b6ad575d0d8dd2db980e4e,hxd75467e3e4ce64e3424c747dfb71503017440433,cxa0af3165c08318e988cb30993b3048335b94af6c,0x3782dace9d900000,0x335e1b1391827ae2d1015bfd5f0b31222267bbf7018151569901e1dc4efbe30b,0,94183039,4.0,1741046857188272,Injective,0.0569443375,INJ,0,1,2025-03-04
cx88fd7df7ddff82f7cc735c871dc519838cb235bb,cxa0af3165c08318e988cb30993b3048335b94af6c,cx5faae53c4dbd1fbe4a2eb4aab6565030f10da5c6,0x102582d175dd31f,0x89885d01bfdb6b26bd58f425b342a039515b03e25479045669e803ac4cedb942,2,94183030,0.07271749468014672,1741046839192465,Balanced Dollar,0.056947025,bnUSD,0,2,2025-03-04
cx88fd7df7ddff82f7cc735c871dc519838cb235bb,cxa0af3165c08318e988cb30993b3048335b94af6c,hxd75467e3e4ce64e3424c747dfb71503017440433,0x29eebe51de2ad40d8,0x89885d01bfdb6b26bd58f425b342a039515b03e25479045669e803ac4cedb942,1,94183030,48.34498654145854,1741046839192465,Balanced Dollar,0.056947025,bnUSD,0,2,2025-03-04
cx4297f4b63262507623b6ad575d0d8dd2db980e4e,hxd75467e3e4ce64e3424c747dfb71503017440433,cxa0af3165c08318e988cb30993b3048335b94af6c,0x3782dace9d900000,0x89885d01bfdb6b26bd58f425b342a039515b03e25479045669e803ac4cedb942,0,94183030,4.0,1741046839192465,Injective,0.056947025,INJ,0,2,2025-03-04
cx288d13e1b63563459a2ac6179f237711f6851cb5,cx21e94c08c03daee80c25d8ee3ea22a20786ec231,hx2debd9ec927cca1639da8d3518dd9dbf1cdfb357,0x30d970915dd6f71,0x5392ef9eedcbd6f0ae904996cfe02c71351f34617dd74192751c1de7ae9461ad,5,94183030,0.2199980220883557,1741046839192465,Ethereum,0.0884698125,ETH,0,1,2025-03-04
cx88fd7df7ddff82f7cc735c871dc519838cb235bb,cxa0af3165c08318e988cb30993b3048335b94af6c,cx5faae53c4dbd1fbe4a2eb4aab6565030f10da5c6,0x9e803e37368bdf6,0x5392ef9eedcbd6f0ae904996cfe02c71351f34617dd74192751c1de7ae9461ad,3,94183030,0.7138248163669273,1741046839192465,Balanced Dollar,0.0884698125,bnUSD,0,1,2025-03-04
cx288d13e1b63563459a2ac6179f237711f6851cb5,cxa0af3165c08318e988cb30993b3048335b94af6c,cx21e94c08c03daee80c25d8ee3ea22a20786ec231,0x30d970915dd6f71,0x5392ef9eedcbd6f0ae904996cfe02c71351f34617dd74192751c1de7ae9461ad,2,94183030,0.2199980220883557,1741046839192465,Ethereum,0.0884698125,ETH,0,1,2025-03-04
cx88fd7df7ddff82f7cc735c871dc519838cb235bb,cx21e94c08c03daee80c25d8ee3ea22a20786ec231,cxa0af3165c08318e988cb30993b3048335b94af6c,0x19cc34cafc8b6eb0a0,0x5392ef9eedcbd6f0ae904996cfe02c71351f34617dd74192751c1de7ae9461ad,1,94183030,475.8832109112849,1741046839192465,Balanced Dollar,0.0884698125,bnUSD,0,1,2025-03-04
cx88fd7df7ddff82f7cc735c871dc519838cb235bb,hx2debd9ec927cca1639da8d3518dd9dbf1cdfb357,cx21e94c08c03daee80c25d8ee3ea22a20786ec231,0x19cc34cafc8b6eb0a0,0x5392ef9eedcbd6f0ae904996cfe02c71351f34617dd74192751c1de7ae9461ad,0,94183030,475.8832109112849,1741046839192465,Balanced Dollar,0.0884698125,bnUSD,0,1,2025-03-04
cx66a031cc3bd305c76371fb586e93801b948254f0,cx21e94c08c03daee80c25d8ee3ea22a20786ec231,hx2debd9ec927cca1639da8d3518dd9dbf1cdfb357,0x1158da299f11d92ba,0x5000e65f1581951d7da31a69eae88fd10405c3b1a4b51f7ffca2689324e42ffa,5,94183021,19.999820302281183,1741046821183374,Avalanche,0.0882975,AVAX,0,1,2025-03-04
cx88fd7df7ddff82f7cc735c871dc519838cb235bb,cxa0af3165c08318e988cb30993b3048335b94af6c,cx5faae53c4dbd1fbe4a2eb4aab6565030f10da5c6,0x8bfe21ad2883c67,0x5000e65f1581951d7da31a69eae88fd10405c3b1a4b51f7ffca2689324e42ffa,3,94183021,0.6304710776843295,1741046821183374,Balanced Dollar,0.0882975,bnUSD,0,1,2025-03-04
cx66a031cc3bd305c76371fb586e93801b948254f0,cxa0af3165c08318e988cb30993b3048335b94af6c,cx21e94c08c03daee80c25d8ee3ea22a20786ec231,0x1158da299f11d92ba,0x5000e65f1581951d7da31a69eae88fd10405c3b1a4b51f7ffca2689324e42ffa,2,94183021,19.999820302281183,1741046821183374,Avalanche,0.0882975,AVAX,0,1,2025-03-04
cx88fd7df7ddff82f7cc735c871dc519838cb235bb,cx21e94c08c03daee80c25d8ee3ea22a20786ec231,cxa0af3165c08318e988cb30993b3048335b94af6c,0x16c9077b2eed72a190,0x5000e65f1581951d7da31a69eae88fd10405c3b1a4b51f7ffca2689324e42ffa,1,94183021,420.31405178955305,1741046821183374,Balanced Dollar,0.0882975,bnUSD,0,1,2025-03-04
cx88fd7df7ddff82f7cc735c871dc519838cb235bb,hx2debd9ec927cca1639da8d3518dd9dbf1cdfb357,cx21e94c08c03daee80c25d8ee3ea22a20786ec231,0x16c9077b2eed72a190,0x5000e65f1581951d7da31a69eae88fd10405c3b1a4b51f7ffca2689324e42ffa,0,94183021,420.31405178955305,1741046821183374,Balanced Dollar,0.0882975,bnUSD,0,1,2025-03-04
cx22319ac7f412f53eabe3c9827acf5e27e9c6a95f,cx21e94c08c03daee80c25d8ee3ea22a20786ec231,hx0000000000000000000000000000000000000000,0x7b3fc9d0,0x7aa3bac66d2c147049483fc5041b89adcb551006c069d7d69637ae7fdc741b27,7,94182960,2067.778,1741046699188346,USDC,0.10449435,USDC,0,1,2025-03-04
cx22319ac7f412f53eabe3c9827acf5e27e9c6a95f,cxa09dbb60dcb62fffbd232b6eae132d730a2aafa6,cx21e94c08c03daee80c25d8ee3ea22a20786ec231,0x7b3fc9d0,0x7aa3bac66d2c147049483fc5041b89adcb551006c069d7d69637ae7fdc741b27,4,94182960,2067.778,1741046699188346,USDC,0.10449435,USDC,0,1,2025-03-04
cx88fd7df7ddff82f7cc735c871dc519838cb235bb,cxa09dbb60dcb62fffbd232b6eae132d730a2aafa6,cx5faae53c4dbd1fbe4a2eb4aab6565030f10da5c6,0x5658fc08d07b0000,0x7aa3bac66d2c147049483fc5041b89adcb551006c069d7d69637ae7fdc741b27,3,94182960,6.222,1741046699188346,Balanced Dollar,0.10449435,bnUSD,0,1,2025-03-04
cx88fd7df7ddff82f7cc735c871dc519838cb235bb,cxa09dbb60dcb62fffbd232b6eae132d730a2aafa6,hx0000000000000000000000000000000000000000,0x70182f2f714fad0000,0x7aa3bac66d2c147049483fc5041b89adcb551006c069d7d69637ae7fdc741b27,2,94182960,2067.778,1741046699188346,Balanced Dollar,0.10449435,bnUSD,0,1,2025-03-04
cx88fd7df7ddff82f7cc735c871dc519838cb235bb,cx21e94c08c03daee80c25d8ee3ea22a20786ec231,cxa09dbb60dcb62fffbd232b6eae132d730a2aafa6,0x706e882b7a20280000,0x7aa3bac66d2c147049483fc5041b89adcb551006c069d7d69637ae7fdc741b27,1,94182960,2074.0,1741046699188346,Balanced Dollar,0.10449435,bnUSD,0,1,2025-03-04
cx88fd7df7ddff82f7cc735c871dc519838cb235bb,hxd75467e3e4ce64e3424c747dfb71503017440433,cx21e94c08c03daee80c25d8ee3ea22a20786ec231,0x706e882b7a20280000,0x7aa3bac66d2c147049483fc5041b89adcb551006c069d7d69637ae7fdc741b27,0,94182960,2074.0,1741046699188346,Balanced Dollar,0.10449435,bnUSD,0,1,2025-03-04
cx88fd7df7ddff82f7cc735c871dc519838cb235bb,cx21e94c08c03daee80c25d8ee3ea22a20786ec231,hx2debd9ec927cca1639da8d3518dd9dbf1cdfb357,0xff45476e3aa3eab53,0x2675af090a51126975ab71797ae3568d0aba8b2c418385755a91e1e4d5a45ea8,5,94182929,294.3069886691273,1741046637140494,Balanced Dollar,0.1127019125,bnUSD,0,1,2025-03-04
cx88fd7df7ddff82f7cc735c871dc519838cb235bb,cxa0af3165c08318e988cb30993b3048335b94af6c,cx5faae53c4dbd1fbe4a2eb4aab6565030f10da5c6,0x62492b121433f79,0x2675af090a51126975ab71797ae3568d0aba8b2c418385755a91e1e4d5a45ea8,3,94182929,0.4426399528540732,1741046637140494,Balanced Dollar,0.1127019125,bnUSD,0,1,2025-03-04
cx88fd7df7ddff82f7cc735c871dc519838cb235bb,cxa0af3165c08318e988cb30993b3048335b94af6c,cx21e94c08c03daee80c25d8ee3ea22a20786ec231,0xff45476e3aa3eab53,0x2675af090a51126975ab71797ae3568d0aba8b2c418385755a91e1e4d5a45ea8,2,94182929,294.3069886691273,1741046637140494,Balanced Dollar,0.1127019125,bnUSD,0,1,2025-03-04
cx2609b924e33ef00b648a409245c7ea394c467824,cx21e94c08c03daee80c25d8ee3ea22a20786ec231,cxa0af3165c08318e988cb30993b3048335b94af6c,0x6c6b935b8bbd400000,0x2675af090a51126975ab71797ae3568d0aba8b2c418385755a91e1e4d5a45ea8,1,94182929,2000.0,1741046637140494,Staked ICX,0.1127019125,sICX,0,1,2025-03-04
cx2609b924e33ef00b648a409245c7ea394c467824,hx2debd9ec927cca1639da8d3518dd9dbf1cdfb357,cx21e94c08c03daee80c25d8ee3ea22a20786ec231,0x6c6b935b8bbd400000,0x2675af090a51126975ab71797ae3568d0aba8b2c418385755a91e1e4d5a45ea8,0,94182929,2000.0,1741046637140494,Staked ICX,0.1127019125,sICX,0,1,2025-03-04
cx88fd7df7ddff82f7cc735c871dc519838cb235bb,cx21e94c08c03daee80c25d8ee3ea22a20786ec231,hx2debd9ec927cca1639da8d3518dd9dbf1cdfb357,0x16a6267c4e85014165,0xd6432f6cbe3a35cbdd9e1f501e1e30765f0292e181b1f0ce2e76f588857ee88d,5,94182919,417.8007629577019,1741046617149644,Balanced Dollar,0.0883172375,bnUSD,0,1,2025-03-04
cx88fd7df7ddff82f7cc735c871dc519838cb235bb,cxa0af3165c08318e988cb30993b3048335b94af6c,cx5faae53c4dbd1fbe4a2eb4aab6565030f10da5c6,0x8b5706098ad45f2,0xd6432f6cbe3a35cbdd9e1f501e1e30765f0292e181b1f0ce2e76f588857ee88d,3,94182919,0.627531283268716,1741046617149644,Balanced Dollar,0.0883172375,bnUSD,0,1,2025-03-04
cx88fd7df7ddff82f7cc735c871dc519838cb235bb,cxa0af3165c08318e988cb30993b3048335b94af6c,cx21e94c08c03daee80c25d8ee3ea22a20786ec231,0x16a6267c4e85014165,0xd6432f6cbe3a35cbdd9e1f501e1e30765f0292e181b1f0ce2e76f588857ee88d,2,94182919,417.8007629577019,1741046617149644,Balanced Dollar,0.0883172375,bnUSD,0,1,2025-03-04
cx66a031cc3bd305c76371fb586e93801b948254f0,cx21e94c08c03daee80c25d8ee3ea22a20786ec231,cxa0af3165c08318e988cb30993b3048335b94af6c,0x1158e460913d00000,0xd6432f6cbe3a35cbdd9e1f501e1e30765f0292e181b1f0ce2e76f588857ee88d,1,94182919,20.0,1741046617149644,Avalanche,0.0883172375,AVAX,0,1,2025-03-04
cx66a031cc3bd305c76371fb586e93801b948254f0,hx2debd9ec927cca1639da8d3518dd9dbf1cdfb357,cx21e94c08c03daee80c25d8ee3ea22a20786ec231,0x1158e460913d00000,0xd6432f6cbe3a35cbdd9e1f501e1e30765f0292e181b1f0ce2e76f588857ee88d,0,94182919,20.0,1741046617149644,Avalanche,0.0883172375,AVAX,0,1,2025-03-04
cx88fd7df7ddff82f7cc735c871dc519838cb235bb,cx21e94c08c03daee80c25d8ee3ea22a20786ec231,hx2debd9ec927cca1639da8d3518dd9dbf1cdfb357,0x19a4b5bb6dfdef7140,0x192b228e31a926e63d83f10f3b0600376e105f238db1b196f23d035f0a246b6a,5,94182871,473.03720031682974,1741046519815162,Balanced Dollar,0.0885101125,bnUSD,0,1,2025-03-04
cx88fd7df7ddff82f7cc735c871dc519838cb235bb,cxa0af3165c08318e988cb30993b3048335b94af6c,cx5faae53c4dbd1fbe4a2eb4aab6565030f10da5c6,0x9ddc45eadc1dbe7,0x192b228e31a926e63d83f10f3b0600376e105f238db1b196f23d035f0a246b6a,3,94182871,0.7109402271155394,1741046519815162,Balanced Dollar,0.0885101125,bnUSD,0,1,2025-03-04
cx88fd7df7ddff82f7cc735c871dc519838cb235bb,cxa0af3165c08318e988cb30993b3048335b94af6c,cx21e94c08c03daee80c25d8ee3ea22a20786ec231,0x19a4b5bb6dfdef7140,0x192b228e31a926e63d83f10f3b0600376e105f238db1b196f23d035f0a246b6a,2,94182871,473.03720031682974,1741046519815162,Balanced Dollar,0.0885101125,bnUSD,0,1,2025-03-04
cx288d13e1b63563459a2ac6179f237711f6851cb5,cx21e94c08c03daee80c25d8ee3ea22a20786ec231,cxa0af3165c08318e988cb30993b3048335b94af6c,0x30d98d59a960000,0x192b228e31a926e63d83f10f3b0600376e105f238db1b196f23d035f0a246b6a,1,94182871,0.22,1741046519815162,Ethereum,0.0885101125,ETH,0,1,2025-03-04
cx288d13e1b63563459a2ac6179f237711f6851cb5,hx2debd9ec927cca1639da8d3518dd9dbf1cdfb357,cx21e94c08c03daee80c25d8ee3ea22a20786ec231,0x30d98d59a960000,0x192b228e31a926e63d83f10f3b0600376e105f238db1b196f23d035f0a246b6a,0,94182871,0.22,1741046519815162,Ethereum,0.0885101125,ETH,0,1,2025-03-04
cx88fd7df7ddff82f7cc735c871dc519838cb235bb,cxa0af3165c08318e988cb30993b3048335b94af6c,hx4dc7903504bb800a462378348a42f53742759e0b,0x1288904f12a3a37,0x0a64ec57e9b87ba07c7b2a939799c541c94787c0f8fb6de678972f9cdb28821d,3,94182869,0.08346724742530515,1741046516028485,Balanced Dollar,0.0347563375,bnUSD,0,3,2025-03-04
cx288d13e1b63563459a2ac6179f237711f6851cb5,hx4dc7903504bb800a462378348a42f53742759e0b,cxa0af3165c08318e988cb30993b3048335b94af6c,0x2d9f37566dc52c,0x23743184b1760afa4b26a538870b9fa55a3459ddf2e5967e06a650c4c3272deb,0,94182869,0.01284143397403166,1741046516028485,Ethereum,0.0216352,ETH,0,2,2025-03-04
cx88fd7df7ddff82f7cc735c871dc519838cb235bb,hx4dc7903504bb800a462378348a42f53742759e0b,cxa0af3165c08318e988cb30993b3048335b94af6c,0x181e628ff085b9000,0x0a6a9bba2cde39f1ae44be47dfb28a04433a4185952ef554ead71d4fd39c2ad0,0,94182869,27.806958025067697,1741046516028485,Balanced Dollar,0.02221895,bnUSD,0,1,2025-03-04
cx288d13e1b63563459a2ac6179f237711f6851cb5,cx21e94c08c03daee80c25d8ee3ea22a20786ec231,hx4dc7903504bb800a462378348a42f53742759e0b,0x2da50ebd698b0f,0x89c74aa42d9e5b255c179071dfc0433c5dc9edd4efa1e134ea53f87a48c08a49,12,94182867,0.012847856677915407,1741046512010694,Ethereum,0.2519663875,ETH,0,2,2025-03-04
cx88fd7df7ddff82f7cc735c871dc519838cb235bb,cxa0af3165c08318e988cb30993b3048335b94af6c,cx5faae53c4dbd1fbe4a2eb4aab6565030f10da5c6,0x943ffcde5c1ea5,0x89c74aa42d9e5b255c179071dfc0433c5dc9edd4efa1e134ea53f87a48c08a49,10,94182867,0.04172865184806468,1741046512010694,Balanced Dollar,0.2519663875,bnUSD,0,2,2025-03-04
cx288d13e1b63563459a2ac6179f237711f6851cb5,cxa0af3165c08318e988cb30993b3048335b94af6c,cx21e94c08c03daee80c25d8ee3ea22a20786ec231,0x2da50ebd698b0f,0x89c74aa42d9e5b255c179071dfc0433c5dc9edd4efa1e134ea53f87a48c08a49,9,94182867,0.012847856677915407,1741046512010694,Ethereum,0.2519663875,ETH,0,2,2025-03-04
cx88fd7df7ddff82f7cc735c871dc519838cb235bb,cx21e94c08c03daee80c25d8ee3ea22a20786ec231,cxa0af3165c08318e988cb30993b3048335b94af6c,0x182114d2dba8fcdb8,0x89c74aa42d9e5b255c179071dfc0433c5dc9edd4efa1e134ea53f87a48c08a49,8,94182867,27.819101232043117,1741046512010694,Balanced Dollar,0.2519663875,bnUSD,0,2,2025-03-04
cx88fd7df7ddff82f7cc735c871dc519838cb235bb,cxa0af3165c08318e988cb30993b3048335b94af6c,cx5faae53c4dbd1fbe4a2eb4aab6565030f10da5c6,0x94b0f9f5c2b5f5,0x89c74aa42d9e5b255c179071dfc0433c5dc9edd4efa1e134ea53f87a48c08a49,6,94182867,0.04185288416970085,1741046512010694,Balanced Dollar,0.2519663875,bnUSD,0,2,2025-03-04
cx88fd7df7ddff82f7cc735c871dc519838cb235bb,cxa0af3165c08318e988cb30993b3048335b94af6c,cx21e94c08c03daee80c25d8ee3ea22a20786ec231,0x182114d2dba8fcdb8,0x89c74aa42d9e5b255c179071dfc0433c5dc9edd4efa1e134ea53f87a48c08a49,5,94182867,27.819101232043117,1741046512010694,Balanced Dollar,0.2519663875,bnUSD,0,2,2025-03-04
cx2609b924e33ef00b648a409245c7ea394c467824,cx21e94c08c03daee80c25d8ee3ea22a20786ec231,cxa0af3165c08318e988cb30993b3048335b94af6c,0xa3e9b883df0692a5f,0x89c74aa42d9e5b255c179071dfc0433c5dc9edd4efa1e134ea53f87a48c08a49,4,94182867,188.97878998844502,1741046512010694,Staked ICX,0.2519663875,sICX,0,2,2025-03-04
cx2609b924e33ef00b648a409245c7ea394c467824,hx0000000000000000000000000000000000000000,cx21e94c08c03daee80c25d8ee3ea22a20786ec231,0xa3e9b883df0692a5f,0x89c74aa42d9e5b255c179071dfc0433c5dc9edd4efa1e134ea53f87a48c08a49,2,94182867,188.97878998844502,1741046512010694,Staked ICX,0.2519663875,sICX,0,2,2025-03-04
cx88fd7df7ddff82f7cc735c871dc519838cb235bb,cx21e94c08c03daee80c25d8ee3ea22a20786ec231,hx4dc7903504bb800a462378348a42f53742759e0b,0x182179476610a93ac,0x61ed785dd23d97a4b475235d9d58436b6428f4bb8e8c480d2c838f804f951407,8,94182867,27.820868459259664,1741046512010694,Balanced Dollar,0.1942848,bnUSD,0,1,2025-03-04
cx88fd7df7ddff82f7cc735c871dc519838cb235bb,cxa0af3165c08318e988cb30993b3048335b94af6c,cx5faae53c4dbd1fbe4a2eb4aab6565030f10da5c6,0x94b364fc0fea56,0x61ed785dd23d97a4b475235d9d58436b6428f4bb8e8c480d2c838f804f951407,6,94182867,0.041855542860180055,1741046512010694,Balanced Dollar,0.1942848,bnUSD,0,1,2025-03-04
cx88fd7df7ddff82f7cc735c871dc519838cb235bb,cxa0af3165c08318e988cb30993b3048335b94af6c,cx21e94c08c03daee80c25d8ee3ea22a20786ec231,0x182179476610a93ac,0x61ed785dd23d97a4b475235d9d58436b6428f4bb8e8c480d2c838f804f951407,5,94182867,27.820868459259664,1741046512010694,Balanced Dollar,0.1942848,bnUSD,0,1,2025-03-04
cx2609b924e33ef00b648a409245c7ea394c467824,cx21e94c08c03daee80c25d8ee3ea22a20786ec231,cxa0af3165c08318e988cb30993b3048335b94af6c,0xa3e9b883df0692a5f,0x61ed785dd23d97a4b475235d9d58436b6428f4bb8e8c480d2c838f804f951407,4,94182867,188.97878998844502,1741046512010694,Staked ICX,0.1942848,sICX,0,1,2025-03-04
cx2609b924e33ef00b648a409245c7ea394c467824,hx0000000000000000000000000000000000000000,cx21e94c08c03daee80c25d8ee3ea22a20786ec231,0xa3e9b883df0692a5f,0x61ed785dd23d97a4b475235d9d58436b6428f4bb8e8c480d2c838f804f951407,2,94182867,188.97878998844502,1741046512010694,Staked ICX,0.1942848,sICX,0,1,2025-03-04
cx88fd7df7ddff82f7cc735c871dc519838cb235bb,cx21e94c08c03daee80c25d8ee3ea22a20786ec231,hx2debd9ec927cca1639da8d3518dd9dbf1cdfb357,0xff79891ea5fabe7fe,0xca2178fe994abed2059a6227d667da2be660817621d6043466cde8d4ae8a2004,5,94182851,294.542331465285,1741046479788238,Balanced Dollar,0.1127019125,bnUSD,0,1,2025-03-04
cx88fd7df7ddff82f7cc735c871dc519838cb235bb,cxa0af3165c08318e988cb30993b3048335b94af6c,cx5faae53c4dbd1fbe4a2eb4aab6565030f10da5c6,0x625d48f5f3e4a16,0xca2178fe994abed2059a6227d667da2be660817621d6043466cde8d4ae8a2004,3,94182851,0.44299385060919144,1741046479788238,Balanced Dollar,0.1127019125,bnUSD,0,1,2025-03-04
cx88fd7df7ddff82f7cc735c871dc519838cb235bb,cxa0af3165c08318e988cb30993b3048335b94af6c,cx21e94c08c03daee80c25d8ee3ea22a20786ec231,0xff79891ea5fabe7fe,0xca2178fe994abed2059a6227d667da2be660817621d6043466cde8d4ae8a2004,2,94182851,294.542331465285,1741046479788238,Balanced Dollar,0.1127019125,bnUSD,0,1,2025-03-04
cx2609b924e33ef00b648a409245c7ea394c467824,cx21e94c08c03daee80c25d8ee3ea22a20786ec231,cxa0af3165c08318e988cb30993b3048335b94af6c,0x6c6b935b8bbd400000,0xca2178fe994abed2059a6227d667da2be660817621d6043466cde8d4ae8a2004,1,94182851,2000.0,1741046479788238,Staked ICX,0.1127019125,sICX,0,1,2025-03-04
cx2609b924e33ef00b648a409245c7ea394c467824,hx2debd9ec927cca1639da8d3518dd9dbf1cdfb357,cx21e94c08c03daee80c25d8ee3ea22a20786ec231,0x6c6b935b8bbd400000,0xca2178fe994abed2059a6227d667da2be660817621d6043466cde8d4ae8a2004,0,94182851,2000.0,1741046479788238,Staked ICX,0.1127019125,sICX,0,1,2025-03-04
cx88fd7df7ddff82f7cc735c871dc519838cb235bb,cx21e94c08c03daee80c25d8ee3ea22a20786ec231,hx2debd9ec927cca1639da8d3518dd9dbf1cdfb357,0x16b9acf83f08e04630,0x4605caa8bbe34ea342a00b6d51c58de4337fa71ec27c709d759415d86cfc747c,5,94182823,419.20771116423657,1741046424044483,Balanced Dollar,0.0883172375,bnUSD,0,1,2025-03-04
cx88fd7df7ddff82f7cc735c871dc519838cb235bb,cxa0af3165c08318e988cb30993b3048335b94af6c,cx5faae53c4dbd1fbe4a2eb4aab6565030f10da5c6,0x8bcf0b79e569ad9,0x4605caa8bbe34ea342a00b6d51c58de4337fa71ec27c709d759415d86cfc747c,3,94182823,0.6296427193511841,1741046424044483,Balanced Dollar,0.0883172375,bnUSD,0,1,2025-03-04
cx88fd7df7ddff82f7cc735c871dc519838cb235bb,cxa0af3165c08318e988cb30993b3048335b94af6c,cx21e94c08c03daee80c25d8ee3ea22a20786ec231,0x16b9acf83f08e04630,0x4605caa8bbe34ea342a00b6d51c58de4337fa71ec27c709d759415d86cfc747c,2,94182823,419.20771116423657,1741046424044483,Balanced Dollar,0.0883172375,bnUSD,0,1,2025-03-04
cx66a031cc3bd305c76371fb586e93801b948254f0,cx21e94c08c03daee80c25d8ee3ea22a20786ec231,cxa0af3165c08318e988cb30993b3048335b94af6c,0x1158e460913d00000,0x4605caa8bbe34ea342a00b6d51c58de4337fa71ec27c709d759415d86cfc747c,1,94182823,20.0,1741046424044483,Avalanche,0.0883172375,AVAX,0,1,2025-03-04
cx66a031cc3bd305c76371fb586e93801b948254f0,hx2debd9ec927cca1639da8d3518dd9dbf1cdfb357,cx21e94c08c03daee80c25d8ee3ea22a20786ec231,0x1158e460913d00000,0x4605caa8bbe34ea342a00b6d51c58de4337fa71ec27c709d759415d86cfc747c,0,94182823,20.0,1741046424044483,Avalanche,0.0883172375,AVAX,0,1,2025-03-04
cx88fd7df7ddff82f7cc735c871dc519838cb235bb,cx21e94c08c03daee80c25d8ee3ea22a20786ec231,hx2debd9ec927cca1639da8d3518dd9dbf1cdfb357,0x16cd4cc05fca3b58b4,0x9bb6888034e709f45d24d321441c719ac99dff6393fc36cf240c158affbd01d3,5,94182710,420.6217800152627,1741046197677677,Balanced Dollar,0.0883172375,bnUSD,0,1,2025-03-03
cx88fd7df7ddff82f7cc735c871dc519838cb235bb,cxa0af3165c08318e988cb30993b3048335b94af6c,cx5faae53c4dbd1fbe4a2eb4aab6565030f10da5c6,0x8c47ac496f640cb,0x9bb6888034e709f45d24d321441c719ac99dff6393fc36cf240c158affbd01d3,3,94182710,0.6317648325036116,1741046197677677,Balanced Dollar,0.0883172375,bnUSD,0,1,2025-03-03
